13042509.19
13042509.19X
    0   100  1012.0    20.5    52 -9999.0 -9999.00   218     3.5
   10   175  1003.2    19.6    52 -9999.0 -9999.00   242     3.6
   20   236   996.1    18.0    54 -9999.0 -9999.00   234     5.1
   30   296   989.2    17.4    57 -9999.0 -9999.00   227     5.6
   40   352   982.7    16.9    59 -9999.0 -9999.00   223     5.6
   50   412   975.8    16.3    60 -9999.0 -9999.00   222     5.6
   60   474   968.7    15.7    62 -9999.0 -9999.00   222     5.7
   70   525   962.9    15.2    63 -9999.0 -9999.00   222     6.1
   80   585   956.1    14.5    65 -9999.0 -9999.00   223     6.8
   90   642   949.7    14.0    68 -9999.0 -9999.00   228     7.4
  100   705   942.6    13.7    67 -9999.0 -9999.00   234     7.3
  110   766   935.8    13.1    70 -9999.0 -9999.00   240     6.8
  120   837   927.9    12.9    62 -9999.0 -9999.00   242     6.2
  130   904   920.5    12.3    63 -9999.0 -9999.00   241     5.9
  140   977   912.6    11.9    58 -9999.0 -9999.00   236     6.1
  150  1040   905.7    11.7    60 -9999.0 -9999.00   224     6.0
  160  1102   899.0    11.6    64 -9999.0 -9999.00   209     5.6
  170  1169   891.8    11.4    61 -9999.0 -9999.00   197     5.1
  180  1239   884.4    10.9    73 -9999.0 -9999.00   191     5.0
  190  1306   877.3    10.6    75 -9999.0 -9999.00   189     5.1
  200  1370   870.6    10.0    75 -9999.0 -9999.00   187     5.3
  210  1437   863.6     9.6    72 -9999.0 -9999.00   188     5.6
  220  1498   857.3     9.1    74 -9999.0 -9999.00   191     5.9
  230  1564   850.5     8.8    76 -9999.0 -9999.00   195     5.7
  240  1629   843.8     8.4    77 -9999.0 -9999.00   201     5.3
  250  1695   837.1     7.9    79 -9999.0 -9999.00   204     4.9
  260  1765   830.1     7.4    81 -9999.0 -9999.00   206     4.5
  270  1831   823.5     6.9    83 -9999.0 -9999.00   208     4.3
  280  1897   816.8     6.4    82 -9999.0 -9999.00   212     4.5
  290  1966   810.0     5.8    83 -9999.0 -9999.00   213     5.0
  300  2034   803.3     5.4    88 -9999.0 -9999.00   211     5.5
  310  2095   797.3     5.1    88 -9999.0 -9999.00   205     5.5
  320  2157   791.3     4.8    83 -9999.0 -9999.00   198     5.3
  330  2221   785.2     4.4    82 -9999.0 -9999.00   201     5.1
  340  2287   778.8     3.9    78 -9999.0 -9999.00   213     5.2
  350  2361   771.8     3.3    81 -9999.0 -9999.00   223     5.7
  360  2419   766.2     2.9    84 -9999.0 -9999.00   225     6.1
  370  2492   759.4     2.2    86 -9999.0 -9999.00   222     6.3
  380  2562   752.8     1.7    88 -9999.0 -9999.00   216     6.4
  390  2629   746.6     1.3    86 -9999.0 -9999.00   207     6.8
  400  2696   740.4     0.9    88 -9999.0 -9999.00   200     7.2
  410  2760   734.5     0.7    85 -9999.0 -9999.00   197     7.1
  420  2827   728.4     0.3    79 -9999.0 -9999.00   200     6.5
  430  2893   722.4    -0.3    69 -9999.0 -9999.00   205     6.2
  440  2963   716.1    -0.8    70 -9999.0 -9999.00   208     6.4
  450  3030   710.1    -1.4    72 -9999.0 -9999.00   209     6.8
  460  3103   703.7    -1.9    73 -9999.0 -9999.00   207     7.1
  470  3172   697.5    -2.6    75 -9999.0 -9999.00   203     7.3
  480  3243   691.3    -3.0    76 -9999.0 -9999.00   202     7.2
  490  3308   685.7    -3.8    79 -9999.0 -9999.00   203     7.0
  500  3375   679.9    -4.3    81 -9999.0 -9999.00   201     7.0
  510  3441   674.2    -4.6    83 -9999.0 -9999.00   198     6.8
  520  3512   668.1    -4.8    83 -9999.0 -9999.00   201     6.1
  530  3586   661.9    -3.8    61 -9999.0 -9999.00   216     5.3
  540  3653   656.3    -3.0    49 -9999.0 -9999.00   232     5.8
  550  3717   651.1    -3.0    52 -9999.0 -9999.00   235     7.1
  560  3786   645.4    -3.4    58 -9999.0 -9999.00   234     8.2
  570  3856   639.7    -3.8    35 -9999.0 -9999.00   236     9.0
  580  3933   633.5    -4.3    28 -9999.0 -9999.00   236     9.8
  590  4008   627.5    -4.6    26 -9999.0 -9999.00   234    10.5
  600  4077   622.0    -5.3    26 -9999.0 -9999.00   232    10.8
  610  4149   616.3    -5.8    32 -9999.0 -9999.00   231    10.8
  620  4234   609.6    -6.3    37 -9999.0 -9999.00   233    10.9
  630  4299   604.6    -6.8    40 -9999.0 -9999.00   233    11.2
  640  4371   599.0    -7.3    48 -9999.0 -9999.00   233    11.5
  650  4444   593.4    -7.5    46 -9999.0 -9999.00   232    11.5
  660  4512   588.3    -8.0    57 -9999.0 -9999.00   233    11.1
  670  4583   583.0    -8.6    63 -9999.0 -9999.00   233    10.7
  680  4658   577.3    -9.1    66 -9999.0 -9999.00   233    10.4
  690  4725   572.4    -9.3    64 -9999.0 -9999.00   236    10.5
  700  4790   567.5    -9.8    56 -9999.0 -9999.00   242    11.0
  710  4868   561.8    -9.6    12 -9999.0 -9999.00   247    11.2
  720  4944   556.3    -9.9     6 -9999.0 -9999.00   253    11.7
  730  5018   551.0   -10.3     4 -9999.0 -9999.00   257    12.9
  740  5080   546.6   -10.6     3 -9999.0 -9999.00   256    13.7
  750  5156   541.2   -11.3     4 -9999.0 -9999.00   254    13.8
  760  5231   535.9   -11.8     8 -9999.0 -9999.00   251    13.9
  770  5307   530.6   -12.4    15 -9999.0 -9999.00   249    14.0
  780  5376   525.9   -13.1    24 -9999.0 -9999.00   249    14.1
  790  5442   521.3   -13.8    29 -9999.0 -9999.00   252    14.5
  800  5510   516.6   -14.4    34 -9999.0 -9999.00   258    15.0
  810  5585   511.5   -15.0    38 -9999.0 -9999.00   264    15.9
  820  5644   507.6   -15.3    34 -9999.0 -9999.00   264    17.2
  830  5712   503.0   -15.8    33 -9999.0 -9999.00   260    17.7
  840  5781   498.4   -16.0    36 -9999.0 -9999.00   256    17.3
  850  5851   493.8   -16.8    42 -9999.0 -9999.00   255    16.4
  860  5916   489.5   -17.2    58 -9999.0 -9999.00   255    15.5
  870  5984   485.1   -17.7    63 -9999.0 -9999.00   255    15.0
  880  6044   481.2   -18.3    61 -9999.0 -9999.00   255    15.2
  890  6105   477.3   -18.8    62 -9999.0 -9999.00   254    15.4
  900  6165   473.5   -19.4    64 -9999.0 -9999.00   253    15.6
  910  6223   469.8   -19.7    67 -9999.0 -9999.00   254    16.0
  920  6288   465.7   -20.4    73 -9999.0 -9999.00   256    16.6
  930  6363   461.0   -21.1    78 -9999.0 -9999.00   257    16.9
  940  6426   457.0   -21.7    82 -9999.0 -9999.00   257    16.8
  950  6488   453.3   -22.2    79 -9999.0 -9999.00   257    16.3
  960  6561   448.7   -22.6    48 -9999.0 -9999.00   258    15.9
  970  6628   444.7   -22.9    40 -9999.0 -9999.00   258    15.7
  980  6698   440.5   -23.3    40 -9999.0 -9999.00   258    15.6
  990  6754   437.1   -23.8    35 -9999.0 -9999.00   258    15.9
 1000  6832   432.4   -24.4    43 -9999.0 -9999.00   260    16.3
 1010  6892   428.9   -24.8    50 -9999.0 -9999.00   262    16.3
 1020  6952   425.3   -25.0    46 -9999.0 -9999.00   259    16.1
 1030  7014   421.7   -25.5    44 -9999.0 -9999.00   256    16.1
 1040  7087   417.5   -25.9    41 -9999.0 -9999.00   253    16.4
 1050  7160   413.3   -26.3    60 -9999.0 -9999.00   253    16.4
 1060  7225   409.6   -26.8    65 -9999.0 -9999.00   254    16.3
 1070  7293   405.7   -27.2    65 -9999.0 -9999.00   255    16.9
 1080  7356   402.2   -27.8    73 -9999.0 -9999.00   254    17.6
 1090  7427   398.3   -28.1    71 -9999.0 -9999.00   253    17.6
 1100  7499   394.3   -28.9    64 -9999.0 -9999.00   254    17.4
 1110  7575   390.1   -29.3    61 -9999.0 -9999.00   256    17.9
 1120  7644   386.3   -29.9    55 -9999.0 -9999.00   257    18.2
 1130  7709   382.8   -30.1    49 -9999.0 -9999.00   255    17.9
 1140  7779   379.1   -30.2    36 -9999.0 -9999.00   251    17.4
 1150  7840   375.8   -30.0    17 -9999.0 -9999.00   246    17.3
 1160  7909   372.2   -30.5    12 -9999.0 -9999.00   245    18.0
 1170  7963   369.4   -30.7    13 -9999.0 -9999.00   245    19.0
 1180  8015   366.7   -30.7    12 -9999.0 -9999.00   246    19.1
 1190  8084   363.1   -31.1    12 -9999.0 -9999.00   247    18.5
 1200  8142   360.2   -31.3    12 -9999.0 -9999.00   248    18.4
 1210  8201   357.2   -31.7    13 -9999.0 -9999.00   247    18.8
 1220  8271   353.6   -32.4    14 -9999.0 -9999.00   245    18.9
 1230  8342   350.1   -32.9    15 -9999.0 -9999.00   243    18.8
 1240  8413   346.6   -33.8    16 -9999.0 -9999.00   240    18.9
 1250  8472   343.7   -34.2    18 -9999.0 -9999.00   240    19.0
 1260  8543   340.2   -34.7    19 -9999.0 -9999.00   241    18.6
 1270  8610   337.0   -35.3    19 -9999.0 -9999.00   240    17.9
 1280  8684   333.4   -36.1    20 -9999.0 -9999.00   239    18.2
 1290  8749   330.3   -36.6    21 -9999.0 -9999.00   239    18.4
 1300  8820   326.9   -37.3    21 -9999.0 -9999.00   243    17.6
 1310  8874   324.3   -37.8    22 -9999.0 -9999.00   248    16.6
 1320  8925   322.0   -38.2    22 -9999.0 -9999.00   251    16.2
 1330  8981   319.3   -38.6    21 -9999.0 -9999.00   251    16.0
 1340  9066   315.4   -39.4    20 -9999.0 -9999.00   252    16.7
 1350  9122   312.8   -39.9    20 -9999.0 -9999.00   252    18.4
 1360  9184   310.0   -40.3    19 -9999.0 -9999.00   250    19.5
 1370  9233   307.8   -40.7    19 -9999.0 -9999.00   248    19.1
 1380  9290   305.2   -41.1    17 -9999.0 -9999.00   248    18.7
 1390  9353   302.4   -41.3    17 -9999.0 -9999.00   246    19.5
 1400  9420   299.4   -42.0    17 -9999.0 -9999.00   245    20.0
 1410  9480   296.8   -42.5    18 -9999.0 -9999.00   245    19.4
 1420  9552   293.6   -43.2    20 -9999.0 -9999.00   248    18.1
 1430  9612   291.0   -43.7    21 -9999.0 -9999.00   252    17.3
 1440  9681   288.0   -44.4    22 -9999.0 -9999.00   254    18.3
 1450  9743   285.4   -44.9    22 -9999.0 -9999.00   254    20.8
 1460  9807   282.6   -45.4    22 -9999.0 -9999.00   252    22.4
 1470  9886   279.3   -45.8    22 -9999.0 -9999.00   249    21.7
 1480  9945   276.8   -46.4    23 -9999.0 -9999.00   247    20.3
 1490 10017   273.8   -47.2    24 -9999.0 -9999.00   246    20.2
 1500 10081   271.2   -47.7    25 -9999.0 -9999.00   247    21.3
 1510 10156   268.1   -48.1    26 -9999.0 -9999.00   252    22.2
 1520 10213   265.8   -48.6    26 -9999.0 -9999.00   255    22.9
 1530 10300   262.3   -49.2    26 -9999.0 -9999.00   255    23.2
 1540 10351   260.3   -49.3    25 -9999.0 -9999.00   255    23.2
 1550 10431   257.1   -50.1    23 -9999.0 -9999.00   257    23.0
 1560 10506   254.2   -50.6    23 -9999.0 -9999.00   257    22.2
 1570 10565   251.9   -51.0    24 -9999.0 -9999.00   256    21.6
 1580 10621   249.7   -51.2    24 -9999.0 -9999.00   258    22.1
 1590 10677   247.6   -51.7    24 -9999.0 -9999.00   262    22.8
 1600 10742   245.1   -52.1    23 -9999.0 -9999.00   264    22.8
 1610 10813   242.4   -52.6    23 -9999.0 -9999.00   262    23.1
 1620 10874   240.2   -53.0    23 -9999.0 -9999.00   261    23.8
 1630 10923   238.3   -53.2    23 -9999.0 -9999.00   259    23.7
 1640 10987   236.0   -53.7    23 -9999.0 -9999.00   257    23.7
 1650 11040   234.0   -54.0    23 -9999.0 -9999.00   259    24.9
 1660 11108   231.5   -54.6    24 -9999.0 -9999.00   261    26.8
 1670 11172   229.2   -55.2    27 -9999.0 -9999.00   261    27.8
 1680 11225   227.3   -55.7    29 -9999.0 -9999.00   261    27.6
 1690 11284   225.2   -56.2    30 -9999.0 -9999.00   262    26.6
 1700 11348   223.0   -56.7    31 -9999.0 -9999.00   263    25.4
 1710 11411   220.8   -57.2    32 -9999.0 -9999.00   262    24.8
 1720 11463   218.9   -57.3    32 -9999.0 -9999.00   258    25.0
 1730 11527   216.7   -57.8    33 -9999.0 -9999.00   256    25.2
 1740 11584   214.8   -58.1    34 -9999.0 -9999.00   258    25.0
 1750 11637   213.0   -58.2    33 -9999.0 -9999.00   260    25.6
 1760 11714   210.4   -58.7    32 -9999.0 -9999.00   262    26.9
 1770 11773   208.4   -58.9    31 -9999.0 -9999.00   263    28.0
 1780 11836   206.3   -59.2    29 -9999.0 -9999.00   262    28.0
 1790 11890   204.6   -58.9    27 -9999.0 -9999.00   262    26.7
 1800 11957   202.4   -59.0    26 -9999.0 -9999.00   264    25.5
 1810 12008   200.8   -59.4    25 -9999.0 -9999.00   268    25.6
 1820 12060   199.1   -59.8    24 -9999.0 -9999.00   270    26.5
 1830 12108   197.6   -60.0    25 -9999.0 -9999.00   271    26.9
 1840 12162   195.9   -59.7    25 -9999.0 -9999.00   270    26.5
 1850 12212   194.3   -59.2    24 -9999.0 -9999.00   268    26.0
 1860 12260   192.8   -58.6    22 -9999.0 -9999.00   267    25.8
 1870 12304   191.5   -58.1    19 -9999.0 -9999.00   267    25.8
 1880 12353   190.0   -57.6    17 -9999.0 -9999.00   268    25.3
 1890 12402   188.5   -57.2    14 -9999.0 -9999.00   268    24.6
 1900 12460   186.8   -57.2    12 -9999.0 -9999.00   269    24.4
 1910 12512   185.3   -56.7    10 -9999.0 -9999.00   268    24.4
 1920 12564   183.8   -55.8     8 -9999.0 -9999.00   267    24.3
 1930 12611   182.4   -55.6     7 -9999.0 -9999.00   266    24.2
 1940 12656   181.1   -55.1     6 -9999.0 -9999.00   267    24.3
 1950 12700   179.9   -54.9     5 -9999.0 -9999.00   267    24.6
 1960 12750   178.5   -54.9     5 -9999.0 -9999.00   267    25.0
 1970 12796   177.2   -55.3     4 -9999.0 -9999.00   267    25.1
 1980 12839   176.0   -55.0     4 -9999.0 -9999.00   268    24.5
 1990 12887   174.7   -55.3     4 -9999.0 -9999.00   268    23.5
 2000 12941   173.2   -55.4     3 -9999.0 -9999.00   266    23.0
 2010 13001   171.6   -55.6     3 -9999.0 -9999.00   263    22.8
 2020 13054   170.2   -55.4     3 -9999.0 -9999.00   262    22.5
 2030 13102   168.9   -55.8     3 -9999.0 -9999.00   262    22.0
 2040 13166   167.2   -56.2     3 -9999.0 -9999.00   259    21.9
 2050 13231   165.5   -56.6     3 -9999.0 -9999.00   256    22.5
 2060 13279   164.2   -56.6     3 -9999.0 -9999.00   256    23.3
 2070 13334   162.8   -56.7     3 -9999.0 -9999.00   259    24.0
 2080 13382   161.6   -56.5     3 -9999.0 -9999.00   262    24.4
 2090 13433   160.3   -56.9     3 -9999.0 -9999.00   263    24.4
 2100 13478   159.2   -56.7     3 -9999.0 -9999.00   266    24.4
 2110 13526   158.0   -56.9     3 -9999.0 -9999.00   269    24.5
 2120 13576   156.7   -56.8     3 -9999.0 -9999.00   272    24.3
 2130 13629   155.4   -57.1     3 -9999.0 -9999.00   275    23.7
 2140 13681   154.1   -57.4     3 -9999.0 -9999.00   278    22.9
 2150 13732   152.9   -57.2     2 -9999.0 -9999.00   280    21.8
 2160 13783   151.7   -57.2     2 -9999.0 -9999.00   281    20.3
 2170 13842   150.3   -57.1     2 -9999.0 -9999.00   281    17.9
 2180 13904   148.8   -57.1     2 -9999.0 -9999.00   277    14.8
 2190 13970   147.2   -56.8     2 -9999.0 -9999.00   269    12.0
 2200 14025   146.0   -57.0     2 -9999.0 -9999.00   260    10.8
 2210 14091   144.5   -56.9     2 -9999.0 -9999.00   255    11.8
 2220 14171   142.6   -57.0     2 -9999.0 -9999.00   251    13.6
 2230 14219   141.6   -57.3     2 -9999.0 -9999.00   247    14.2
 2240 14273   140.4   -57.8     2 -9999.0 -9999.00   243    14.2
 2250 14324   139.2   -58.0     2 -9999.0 -9999.00   239    15.3
 2260 14383   137.9   -58.4     2 -9999.0 -9999.00   238    17.0
 2270 14436   136.8   -58.7     2 -9999.0 -9999.00   240    18.2
 2280 14485   135.7   -59.0     2 -9999.0 -9999.00   244    18.9
 2290 14535   134.6   -58.9     2 -9999.0 -9999.00   248    19.3
 2300 14581   133.6   -59.0     2 -9999.0 -9999.00   250    19.4
 2310 14628   132.6   -58.9     2 -9999.0 -9999.00   251    18.9
 2320 14679   131.6   -58.4     2 -9999.0 -9999.00   252    18.4
 2330 14729   130.5   -58.7     2 -9999.0 -9999.00   253    18.3
 2340 14785   129.4   -59.2     2 -9999.0 -9999.00   253    18.6
 2350 14839   128.3   -59.7     2 -9999.0 -9999.00   253    19.0
 2360 14888   127.3   -59.6     2 -9999.0 -9999.00   254    19.2
 2370 14935   126.3   -59.8     2 -9999.0 -9999.00   255    19.1
 2380 14984   125.3   -59.5     2 -9999.0 -9999.00   257    18.3
 2390 15034   124.3   -60.2     2 -9999.0 -9999.00   258    16.9
 2400 15086   123.3   -60.1     2 -9999.0 -9999.00   259    15.6
 2410 15138   122.3   -60.2     2 -9999.0 -9999.00   260    14.9
 2420 15189   121.3   -60.4     2 -9999.0 -9999.00   262    14.6
 2430 15243   120.2   -60.6     2 -9999.0 -9999.00   264    14.3
 2440 15291   119.3   -60.5     2 -9999.0 -9999.00   266    14.0
 2450 15336   118.4   -59.9     2 -9999.0 -9999.00   266    13.5
 2460 15384   117.5   -59.7     2 -9999.0 -9999.00   264    13.1
 2470 15438   116.5   -59.4     2 -9999.0 -9999.00   263    13.1
 2480 15485   115.7   -58.5     2 -9999.0 -9999.00   263    13.2
 2490 15538   114.7   -58.0     2 -9999.0 -9999.00   267    12.8
 2500 15586   113.8   -58.4     2 -9999.0 -9999.00   270    12.0
 2510 15638   112.9   -58.4     2 -9999.0 -9999.00   272    10.6
 2520 15692   111.9   -58.7     2 -9999.0 -9999.00   272     8.8
 2530 15747   110.9   -58.5     2 -9999.0 -9999.00   275     7.0
 2540 15795   110.1   -58.8     2 -9999.0 -9999.00   277     5.7
 2550 15848   109.2   -58.8     2 -9999.0 -9999.00   267     4.8
 2560 15895   108.3   -58.0     2 -9999.0 -9999.00   245     4.9
 2570 15951   107.4   -58.3     2 -9999.0 -9999.00   226     6.2
 2580 16000   106.5   -58.2     2 -9999.0 -9999.00   216     7.7
 2590 16055   105.6   -58.5     2 -9999.0 -9999.00   209     8.9
 2600 16108   104.7   -58.3     2 -9999.0 -9999.00   204    10.2
 2610 16158   103.9   -58.8     2 -9999.0 -9999.00   202    11.7
 2620 16207   103.1   -58.6     2 -9999.0 -9999.00   202    13.2
 2630 16261   102.2   -59.1     2 -9999.0 -9999.00   204    14.8
 2640 16310   101.4   -59.3     2 -9999.0 -9999.00   208    16.2
 2650 16362   100.6   -59.1     2 -9999.0 -9999.00   212    17.3
 2660 16416    99.7   -59.0     2 -9999.0 -9999.00   218    18.0
 2670 16468    98.9   -59.1     2 -9999.0 -9999.00   224    18.5
 2680 16522    98.0   -59.2     2 -9999.0 -9999.00   229    19.3
 2690 16571    97.3   -59.5     2 -9999.0 -9999.00   234    19.9
 2700 16624    96.5   -59.4     2 -9999.0 -9999.00   237    20.0
 2710 16679    95.6   -60.0     2 -9999.0 -9999.00   241    19.7
 2720 16729    94.8   -60.0     2 -9999.0 -9999.00   245    19.3
 2730 16777    94.1   -59.9     2 -9999.0 -9999.00   249    18.9
 2740 16829    93.3   -60.3     2 -9999.0 -9999.00   252    18.3
 2750 16875    92.6   -60.5     2 -9999.0 -9999.00   254    17.8
 2760 16926    91.9   -60.1     2 -9999.0 -9999.00   255    17.0
 2770 16976    91.2   -60.4     2 -9999.0 -9999.00   257    16.0
 2780 17028    90.4   -60.4     2 -9999.0 -9999.00   258    14.8
 2790 17078    89.7   -60.4     2 -9999.0 -9999.00   260    13.4
 2800 17133    88.9   -59.8     2 -9999.0 -9999.00   261    12.0
 2810 17186    88.1   -60.2     2 -9999.0 -9999.00   265    10.8
 2820 17232    87.5   -60.4     2 -9999.0 -9999.00   270    10.1
 2830 17282    86.8   -59.9     2 -9999.0 -9999.00   272     9.5
 2840 17332    86.1   -58.8     1 -9999.0 -9999.00   269     8.7
 2850 17381    85.4   -58.0     1 -9999.0 -9999.00   267     8.2
 2860 17434    84.7   -57.8     2 -9999.0 -9999.00   271     7.8
 2870 17480    84.1   -57.6     2 -9999.0 -9999.00   278     7.7
 2880 17531    83.4   -57.8     2 -9999.0 -9999.00   282     7.4
 2890 17578    82.8   -57.7     2 -9999.0 -9999.00   281     6.8
 2900 17629    82.1   -57.9     2 -9999.0 -9999.00   280     6.2
 2910 17681    81.5   -58.5     2 -9999.0 -9999.00   276     5.8
 2920 17733    80.8   -58.1     2 -9999.0 -9999.00   270     5.7
 2930 17778    80.2   -58.2     2 -9999.0 -9999.00   266     5.7
 2940 17830    79.5   -58.0     2 -9999.0 -9999.00   264     5.6
 2950 17881    78.9   -58.0     2 -9999.0 -9999.00   258     5.7
 2960 17932    78.3   -57.9     2 -9999.0 -9999.00   249     5.9
 2970 17983    77.6   -58.6     2 -9999.0 -9999.00   242     6.3
 2980 18035    77.0   -58.9     2 -9999.0 -9999.00   237     6.6
 2990 18084    76.4   -58.8     2 -9999.0 -9999.00   233     7.0
 3000 18140    75.7   -59.4     2 -9999.0 -9999.00   229     8.0
 3010 18193    75.1   -59.2     2 -9999.0 -9999.00   227     9.4
 3020 18250    74.4   -59.8     2 -9999.0 -9999.00   227    10.2
 3030 18304    73.8   -59.8     2 -9999.0 -9999.00   230    10.2
 3040 18360    73.1   -59.9     2 -9999.0 -9999.00   237     9.7
 3050 18407    72.5   -60.0     2 -9999.0 -9999.00   247     9.4
 3060 18463    71.9   -59.7     2 -9999.0 -9999.00   258     8.9
 3070 18520    71.3   -59.7     2 -9999.0 -9999.00   271     8.4
 3080 18581    70.6   -59.4     2 -9999.0 -9999.00   281     7.8
 3090 18634    70.0   -59.3     2 -9999.0 -9999.00   290     7.1
 3100 18689    69.3   -59.7     2 -9999.0 -9999.00   298     6.4
 3110 18744    68.7   -59.8     2 -9999.0 -9999.00   307     6.0
 3120 18795    68.2   -59.3     2 -9999.0 -9999.00   316     5.6
 3130 18846    67.6   -59.0     2 -9999.0 -9999.00   324     5.4
 3140 18902    67.0   -59.2     2 -9999.0 -9999.00   331     5.5
 3150 18955    66.5   -59.4     2 -9999.0 -9999.00   339     5.7
 3160 19007    65.9   -59.8     2 -9999.0 -9999.00   347     6.0
 3170 19058    65.4   -60.2     2 -9999.0 -9999.00   356     6.2
 3180 19109    64.8   -60.2     2 -9999.0 -9999.00     7     5.8
 3190 19162    64.3   -59.7     2 -9999.0 -9999.00    24     5.0
 3200 19218    63.7   -59.7     2 -9999.0 -9999.00    49     4.4
 3210 19271    63.2   -59.8     2 -9999.0 -9999.00    73     4.4
 3220 19325    62.6   -60.3     2 -9999.0 -9999.00    92     4.7
 3230 19378    62.1   -60.7     2 -9999.0 -9999.00   108     5.1
 3240 19424    61.6   -60.1     2 -9999.0 -9999.00   121     6.2
 3250 19480    61.1   -60.2     2 -9999.0 -9999.00   131     7.7
 3260 19527    60.6   -59.9     2 -9999.0 -9999.00   138     9.0
 3270 19575    60.2   -60.1     2 -9999.0 -9999.00   143     9.8
 3280 19623    59.7   -59.9     2 -9999.0 -9999.00   146    10.1
 3290 19675    59.2   -59.8     2 -9999.0 -9999.00   150     9.6
 3300 19723    58.8   -59.7     2 -9999.0 -9999.00   157     9.1
 3310 19771    58.3   -60.0     2 -9999.0 -9999.00   165     8.7
 3320 19822    57.8   -59.7     2 -9999.0 -9999.00   172     7.8
 3330 19873    57.4   -59.4     2 -9999.0 -9999.00   179     6.1
 3340 19923    56.9   -59.0     2 -9999.0 -9999.00   186     4.5
 3350 19974    56.5   -58.6     2 -9999.0 -9999.00   193     3.8
 3360 20024    56.0   -58.8     2 -9999.0 -9999.00   196     3.7
 3370 20073    55.6   -59.1     2 -9999.0 -9999.00   199     3.3
 3380 20124    55.1   -58.7     2 -9999.0 -9999.00   203     2.7
 3390 20172    54.7   -58.2     1 -9999.0 -9999.00   206     2.1
 3400 20227    54.2   -58.2     1 -9999.0 -9999.00   213     1.4
 3410 20277    53.8   -57.0     1 -9999.0 -9999.00   255     0.8
 3420 20328    53.4   -56.4     1 -9999.0 -9999.00   320     0.9
 3430 20386    52.9   -56.3     1 -9999.0 -9999.00     7     1.3
 3440 20441    52.4   -56.8     1 -9999.0 -9999.00    39     1.9
 3450 20491    52.0   -57.1     1 -9999.0 -9999.00    55     2.7
 3460 20549    51.5   -57.4     1 -9999.0 -9999.00    61     3.6
 3470 20598    51.1   -57.2     1 -9999.0 -9999.00    59     4.2
 3480 20650    50.7   -57.4     1 -9999.0 -9999.00    52     5.0
 3490 20706    50.3   -57.5     1 -9999.0 -9999.00    51     5.9
 3500 20755    49.9   -57.2     1 -9999.0 -9999.00    56     6.3
 3510 20808    49.5   -57.7     1 -9999.0 -9999.00    65     6.1
 3520 20864    49.0   -57.8     1 -9999.0 -9999.00    78     5.4
 3530 20914    48.6   -58.1     1 -9999.0 -9999.00    93     5.1
 3540 20966    48.2   -57.9     1 -9999.0 -9999.00   104     5.1
 3550 21019    47.8   -57.6     1 -9999.0 -9999.00   112     5.1
 3560 21073    47.4   -57.1     1 -9999.0 -9999.00   124     5.0
 3570 21121    47.1   -57.1     1 -9999.0 -9999.00   135     4.9
 3580 21171    46.7   -56.9     1 -9999.0 -9999.00   136     4.5
 3590 21221    46.3   -56.6     1 -9999.0 -9999.00   116     3.8
 3600 21276    45.9   -56.1     1 -9999.0 -9999.00    82     4.0
 3610 21334    45.5   -56.2     1 -9999.0 -9999.00    63     5.2
 3620 21378    45.2   -55.8     1 -9999.0 -9999.00    61     6.2
 3630 21429    44.8   -55.8     1 -9999.0 -9999.00    65     6.8
 3640 21484    44.5   -55.9     1 -9999.0 -9999.00    70     6.9
 3650 21530    44.1   -55.9     1 -9999.0 -9999.00    74     7.0
 3660 21590    43.7   -55.5     1 -9999.0 -9999.00    76     7.6
 3670 21637    43.4   -56.1     1 -9999.0 -9999.00    76     8.7
 3680 21691    43.0   -56.3     1 -9999.0 -9999.00    76     9.9
 3690 21747    42.7   -56.9     1 -9999.0 -9999.00    77    10.9
 3700 21794    42.3   -56.2     1 -9999.0 -9999.00    80    11.3
 3710 21847    42.0   -55.8     1 -9999.0 -9999.00    84    11.0
 3720 21906    41.6   -56.7     1 -9999.0 -9999.00    87    10.5
 3730 21964    41.2   -56.8     1 -9999.0 -9999.00    88     9.8
 3740 22017    40.9   -57.3     1 -9999.0 -9999.00    88     8.7
 3750 22075    40.5   -57.4     1 -9999.0 -9999.00    85     7.5
 3760 22134    40.1   -58.1     1 -9999.0 -9999.00    76     7.0
 3770 22191    39.8   -58.0     1 -9999.0 -9999.00    65     7.0
 3780 22247    39.4   -58.3     1 -9999.0 -9999.00    55     7.3
 3790 22307    39.0   -58.2     1 -9999.0 -9999.00    50     7.5
 3800 22360    38.7   -58.0     1 -9999.0 -9999.00    51     7.5
 3810 22423    38.3   -57.7     1 -9999.0 -9999.00    57     7.7
 3820 22484    38.0   -58.1     1 -9999.0 -9999.00    65     8.4
 3830 22537    37.6   -58.3     1 -9999.0 -9999.00    74     9.4
 3840 22598    37.3   -59.1     1 -9999.0 -9999.00    82    10.6
 3850 22653    36.9   -59.1     1 -9999.0 -9999.00    89    11.8
 3860 22709    36.6   -59.2     1 -9999.0 -9999.00    92    12.2
 3870 22760    36.3   -59.1     1 -9999.0 -9999.00    92    11.5
 3880 22818    36.0   -59.2     1 -9999.0 -9999.00    87    10.5
 3890 22877    35.6   -59.7     1 -9999.0 -9999.00    82    10.1
 3900 22932    35.3   -59.6     1 -9999.0 -9999.00    78    10.4
 3910 22983    35.0   -59.4     1 -9999.0 -9999.00    78    10.9
 3920 23032    34.8   -59.7     1 -9999.0 -9999.00    81    11.1
 3930 23084    34.5   -59.1     1 -9999.0 -9999.00    84    10.9
 3940 23134    34.2   -59.0     1 -9999.0 -9999.00    84    10.4
 3950 23187    33.9   -59.0     1 -9999.0 -9999.00    80     9.6
 3960 23236    33.7   -59.1     1 -9999.0 -9999.00    71     8.4
 3970 23289    33.4   -58.2     1 -9999.0 -9999.00    63     7.1
 3980 23342    33.1   -58.9     1 -9999.0 -9999.00    61     6.0
 3990 23391    32.8   -58.4     1 -9999.0 -9999.00    61     5.6
 4000 23447    32.5   -58.5     1 -9999.0 -9999.00    60     5.9
 4010 23499    32.3   -58.8     1 -9999.0 -9999.00    63     6.6
 4020 23555    32.0   -58.9     1 -9999.0 -9999.00    71     7.1
 4030 23612    31.7   -58.4     1 -9999.0 -9999.00    77     7.3
 4040 23662    31.4   -57.5     1 -9999.0 -9999.00    76     6.9
 4050 23719    31.2   -57.9     1 -9999.0 -9999.00    76     6.3
 4060 23774    30.9   -58.1     1 -9999.0 -9999.00    83     5.6
 4070 23826    30.6   -58.3     1 -9999.0 -9999.00    93     4.9
 4080 23886    30.3   -58.4     1 -9999.0 -9999.00    91     4.1
 4090 23938    30.1   -57.8     1 -9999.0 -9999.00    74     4.0
 4100 23994    29.8   -57.2     1 -9999.0 -9999.00    61     4.9
 4110 24047    29.6   -57.7     1 -9999.0 -9999.00    56     6.0
 4120 24109    29.3   -58.5     1 -9999.0 -9999.00    53     7.0
 4130 24169    29.0   -58.4     1 -9999.0 -9999.00    49     8.3
 4140 24233    28.7   -59.1     1 -9999.0 -9999.00    46     9.8
 4150 24291    28.5   -58.9     1 -9999.0 -9999.00    46    11.0
 4160 24345    28.2   -58.9     1 -9999.0 -9999.00    48    10.9
 4170 24404    28.0   -58.6     1 -9999.0 -9999.00    52    10.0
 4180 24461    27.7   -58.8     1 -9999.0 -9999.00    54     9.0
 4190 24521    27.4   -59.1     1 -9999.0 -9999.00    54     8.1
 4200 24578    27.2   -58.8     1 -9999.0 -9999.00    52     7.2
 4210 24632    27.0   -59.1     1 -9999.0 -9999.00    48     6.0
 4220 24692    26.7   -59.2     1 -9999.0 -9999.00    41     4.8
 4230 24749    26.5   -58.8     1 -9999.0 -9999.00    32     4.5
 4240 24804    26.2   -58.7     1 -9999.0 -9999.00    28     5.1
 4250 24853    26.0   -58.4     1 -9999.0 -9999.00    27     5.9
 4260 24903    25.8   -58.8     1 -9999.0 -9999.00    26     6.6
 4270 24967    25.5   -58.9     1 -9999.0 -9999.00    29     7.4
 4280 25017    25.3   -58.9     1 -9999.0 -9999.00    36     8.3
 4290 25081    25.1   -59.1     1 -9999.0 -9999.00    44     9.2
 4300 25128    24.9   -58.9     1 -9999.0 -9999.00    53     9.7
 4310 25183    24.7   -59.1     1 -9999.0 -9999.00    61     9.7
 4320 25251    24.4   -58.9     1 -9999.0 -9999.00    67     9.5
 4330 25301    24.2   -58.7     1 -9999.0 -9999.00    70     9.0
 4340 25355    24.0   -59.0     1 -9999.0 -9999.00    70     8.2
 4350 25423    23.8   -58.5     1 -9999.0 -9999.00    69     7.1
 4360 25464    23.6   -58.6     1 -9999.0 -9999.00    68     5.9
 4370 25519    23.4   -58.2     1 -9999.0 -9999.00    70     5.4
 4380 25573    23.2   -57.4     1 -9999.0 -9999.00    68     5.9
 4390 25637    23.0   -57.1     1 -9999.0 -9999.00    61     6.9
 4400 25692    22.8   -57.3     1 -9999.0 -9999.00    55     7.8
 4410 25733    22.6   -57.0     1 -9999.0 -9999.00    51     8.4
 4420 25798    22.4   -57.5     1 -9999.0 -9999.00    46     8.7
 4430 25854    22.2   -57.8     1 -9999.0 -9999.00    44     8.6
 4440 25913    22.0   -57.7     1 -9999.0 -9999.00    43     8.5
 4450 25970    21.8   -57.9     1 -9999.0 -9999.00    40     8.8
 4460 26022    21.6   -57.3     1 -9999.0 -9999.00    36     9.5
 4470 26088    21.4   -56.5     1 -9999.0 -9999.00    35    10.2
 4480 26150    21.2   -57.1     1 -9999.0 -9999.00    37    10.5
 4490 26208    21.0   -56.3     1 -9999.0 -9999.00    42    10.2
 4500 26268    20.8   -56.8     1 -9999.0 -9999.00    52     9.5
 4510 26337    20.6   -56.9     1 -9999.0 -9999.00    67     9.3
 4520 26400    20.4   -56.8     1 -9999.0 -9999.00    78     9.5
 4530 26470    20.1   -57.6     1 -9999.0 -9999.00    81     9.3
 4540 26530    19.9   -57.2     1 -9999.0 -9999.00    76     9.0
 4550 26590    19.7   -57.7     1 -9999.0 -9999.00    66     9.0
 4560 26650    19.6   -57.8     1 -9999.0 -9999.00    56     9.2
 4570 26705    19.4   -57.4     1 -9999.0 -9999.00    47     9.3
 4580 26767    19.2   -56.5     1 -9999.0 -9999.00    42     9.3
 4590 26822    19.0   -55.7     1 -9999.0 -9999.00    39     9.5
 4600 26888    18.8   -56.2     1 -9999.0 -9999.00    39    10.1
 4610 26939    18.7   -56.1     1 -9999.0 -9999.00    40    11.0
 4620 26985    18.6   -55.8     1 -9999.0 -9999.00    41    12.0
 4630 27050    18.4   -55.7     1 -9999.0 -9999.00    43    12.7
 4640 27100    18.2   -55.2     1 -9999.0 -9999.00    45    12.6
 4650 27160    18.1   -55.1     1 -9999.0 -9999.00    46    12.0
 4660 27208    17.9   -55.2     1 -9999.0 -9999.00    45    11.0
 4670 27268    17.7   -55.0     1 -9999.0 -9999.00    45     9.6
 4680 27330    17.6   -54.8     1 -9999.0 -9999.00    48     8.5
 4690 27389    17.4   -55.0     1 -9999.0 -9999.00    55     8.4
 4700 27448    17.3   -55.5     1 -9999.0 -9999.00    59     9.0
 4710 27501    17.1   -55.6     1 -9999.0 -9999.00    59     9.2
 4720 27565    16.9   -54.6     1 -9999.0 -9999.00    57     8.7
 4730 27620    16.8   -54.9     1 -9999.0 -9999.00    56     8.2
 4740 27686    16.6   -54.5     1 -9999.0 -9999.00    59     8.1
 4750 27746    16.5   -54.5     1 -9999.0 -9999.00    63     8.2
 4760 27807    16.3   -55.2     1 -9999.0 -9999.00    69     8.5
 4770 27869    16.2   -55.6     1 -9999.0 -9999.00    75     9.0
 4780 27931    16.0   -55.6     1 -9999.0 -9999.00    78     9.4
 4790 27994    15.8   -56.4     2 -9999.0 -9999.00    80     9.2
 4800 28050    15.7   -55.2     1 -9999.0 -9999.00    81     7.8
 4810 28113    15.5   -55.5     1 -9999.0 -9999.00    76     5.3
 4820 28170    15.4   -55.1     1 -9999.0 -9999.00    49     3.2
 4830 28232    15.3   -55.3     1 -9999.0 -9999.00     6     2.9
 4840 28280    15.1   -54.9     1 -9999.0 -9999.00   345     3.8
 4850 28345    15.0   -54.7     1 -9999.0 -9999.00   352     4.5
 4860 28400    14.9   -53.8     1 -9999.0 -9999.00    16     4.8
 4870 28453    14.7   -53.7     1 -9999.0 -9999.00    39     5.0
 4880 28508    14.6   -52.0     1 -9999.0 -9999.00    50     4.7
 4890 28562    14.5   -51.8     1 -9999.0 -9999.00    53     3.9
 4900 28619    14.4   -50.7     1 -9999.0 -9999.00    43     3.0
 4910 28685    14.2   -50.0     1 -9999.0 -9999.00    18     3.0
 4920 28730    14.1   -50.0     1 -9999.0 -9999.00     8     3.4
 4930 28796    14.0   -49.0     1 -9999.0 -9999.00    15     2.8
 4940 28851    13.9   -49.0     1 -9999.0 -9999.00    56     1.3
 4950 28913    13.7   -47.9     1 -9999.0 -9999.00   128     1.6
 4960 28954    13.7   -48.8     1 -9999.0 -9999.00   159     2.3
 4970 29016    13.5   -49.2     1 -9999.0 -9999.00   183     3.3
 4980 29086    13.4   -50.4     1 -9999.0 -9999.00   198     4.3
 4990 29142    13.3   -50.2     1 -9999.0 -9999.00   206     4.6
 5000 29214    13.1   -50.6     1 -9999.0 -9999.00   213     4.1
 5010 29263    13.0   -51.0     1 -9999.0 -9999.00   212     3.1
 5020 29321    12.9   -50.8     1 -9999.0 -9999.00   195     2.6
 5030 29389    12.8   -51.7     1 -9999.0 -9999.00   178     3.0
 5040 29442    12.7   -52.2     1 -9999.0 -9999.00   171     3.5
 5050 29510    12.5   -52.7     2 -9999.0 -9999.00   166     3.8
 5060 29577    12.4   -52.5     1 -9999.0 -9999.00   164     3.9
 5070 29644    12.3   -52.8     1 -9999.0 -9999.00   165     3.8
 5080 29694    12.2   -52.7     1 -9999.0 -9999.00   164     3.7
 5090 29766    12.0   -52.1     1 -9999.0 -9999.00   155     3.5
 5100 29823    11.9   -52.2     1 -9999.0 -9999.00   137     3.1
 5110 29900    11.8   -52.2     1 -9999.0 -9999.00   111     2.8
 5120 29951    11.7   -51.7     1 -9999.0 -9999.00    79     2.7
 5130 30028    11.6   -53.0     2 -9999.0 -9999.00    53     3.2
 5140 30080    11.5   -52.4     1 -9999.0 -9999.00    46     3.3
 5150 30143    11.4   -52.2     1 -9999.0 -9999.00    49     2.5
 5160 30199    11.3   -52.1     1 -9999.0 -9999.00    33     1.1
 5170 30267    11.1   -52.9     1 -9999.0 -9999.00   313     1.6
 5180 30324    11.1   -52.5     1 -9999.0 -9999.00   309     3.7
 5190 30391    10.9   -52.6     1 -9999.0 -9999.00   309     5.3
 5200 30461    10.8   -51.7     1 -9999.0 -9999.00   307     5.7
 5210 30509    10.7   -50.7     1 -9999.0 -9999.00   310     5.6
 5220 30564    10.6   -50.0     1 -9999.0 -9999.00   317     6.2
 5230 30631    10.5   -49.3     1 -9999.0 -9999.00   321     6.7
 5240 30446    10.8   -51.4     1 -9999.0 -9999.00 -9999 -9999.0
 5250 29713    12.1   -45.6     1 -9999.0 -9999.00   340     3.9
 5260 28701    14.1   -40.6     1 -9999.0 -9999.00    19     3.5
 5270 27714    16.3   -41.4     1 -9999.0 -9999.00    39     5.1
 5280 26731    18.8   -42.2     1 -9999.0 -9999.00    49     6.4
 5290 25751    21.8   -43.0     1 -9999.0 -9999.00    66     6.6
 5300 24774    25.2   -43.8     1 -9999.0 -9999.00    80     6.9
 5310 23801    29.1   -44.6     1 -9999.0 -9999.00    85     7.2
 5320 22831    33.7   -45.4     1 -9999.0 -9999.00    63     6.4
 5330 21864    38.9   -46.2     1 -9999.0 -9999.00 -9999 -9999.0
 5340 20901    45.0   -47.0     1 -9999.0 -9999.00 -9999 -9999.0
 5350 19941    52.0   -47.8     1 -9999.0 -9999.00   318     6.0
 5360 18985    60.2   -48.6     1 -9999.0 -9999.00   276     6.9
 5370 18032    69.6   -49.4     1 -9999.0 -9999.00   252     9.5
 5380 17082    80.5   -50.2     2 -9999.0 -9999.00   242    11.5
 5390 16136    93.0   -51.0     2 -9999.0 -9999.00   240    13.1
 5400 15193   107.6   -51.7     2 -9999.0 -9999.00 -9999 -9999.0
 5410 14253   124.4   -52.5     2 -9999.0 -9999.00 -9999 -9999.0
 5420 13317   143.9   -53.3     2 -9999.0 -9999.00   256    18.3
 5430 12384   166.4   -54.1     2 -9999.0 -9999.00   259    20.8
 5440 11715   184.7   -55.7     2 -9999.0 -9999.00   262    23.6
 5450 11195   200.4   -58.1     5 -9999.0 -9999.00   264    26.3
 5460 10768   214.5   -57.1     9 -9999.0 -9999.00   265    28.6
 5470 10384   227.8   -54.9    16 -9999.0 -9999.00   266    29.9
 5480 10007   241.6   -52.0    21 -9999.0 -9999.00 -9999 -9999.0
 5490  9640   255.6   -49.5    24 -9999.0 -9999.00 -9999 -9999.0
 5500  9282   269.9   -46.8    25 -9999.0 -9999.00 -9999 -9999.0
 5510  8930   284.5   -44.2    24 -9999.0 -9999.00 -9999 -9999.0
 5520  8586   299.4   -41.6    23 -9999.0 -9999.00 -9999 -9999.0
 5530  8249   314.6   -39.2    23 -9999.0 -9999.00 -9999 -9999.0
 5540  7919   330.0   -36.2    25 -9999.0 -9999.00 -9999 -9999.0
 5550  7596   345.7   -33.2    19 -9999.0 -9999.00 -9999 -9999.0
 5560  7277   361.7   -31.4    13 -9999.0 -9999.00 -9999 -9999.0
 5570  6965   377.9   -30.9    47 -9999.0 -9999.00 -9999 -9999.0
 5580  6660   394.5   -28.4    56 -9999.0 -9999.00 -9999 -9999.0
 5590  6356   411.5   -26.8    54 -9999.0 -9999.00 -9999 -9999.0
 5600  6061   428.6   -24.8    52 -9999.0 -9999.00 -9999 -9999.0
 5610  5768   446.2   -22.9    91 -9999.0 -9999.00 -9999 -9999.0
 5620  5480   464.0   -20.2    78 -9999.0 -9999.00 -9999 -9999.0
 5630  5196   482.1   -18.0    48 -9999.0 -9999.00 -9999 -9999.0
 5640  4917   500.3   -16.0    19 -9999.0 -9999.00 -9999 -9999.0
 5650  4642   518.8   -13.8    31 -9999.0 -9999.00 -9999 -9999.0
 5660  4372   537.5   -11.1    12 -9999.0 -9999.00 -9999 -9999.0
 5670  4108 -9999.0 -9999.0 -9999 -9999.0 -9999.00 -9999 -9999.0
 5680  3844 -9999.0 -9999.0 -9999 -9999.0 -9999.00 -9999 -9999.0
 5690  3579 -9999.0 -9999.0 -9999 -9999.0 -9999.00 -9999 -9999.0
 5700  3321   615.5    -5.3    18 -9999.0 -9999.00 -9999 -9999.0
 5710  3074 -9999.0 -9999.0 -9999 -9999.0 -9999.00 -9999 -9999.0
 5720  2825 -9999.0 -9999.0 -9999 -9999.0 -9999.00 -9999 -9999.0
 5730  2576 -9999.0 -9999.0 -9999 -9999.0 -9999.00 -9999 -9999.0
 5740  2332 -9999.0 -9999.0 -9999 -9999.0 -9999.00 -9999 -9999.0
 5750  2090   719.2    -0.3    72 -9999.0 -9999.00 -9999 -9999.0
 5760  1849   741.1     1.5    84 -9999.0 -9999.00 -9999 -9999.0
 5770  1611   763.2     2.8    86 -9999.0 -9999.00 -9999 -9999.0
 5780  1376   785.6     4.3    76 -9999.0 -9999.00 -9999 -9999.0
 5790  1145   808.2     6.0    69 -9999.0 -9999.00 -9999 -9999.0
 5800   915   831.1     7.5    68 -9999.0 -9999.00 -9999 -9999.0
 5810   687   854.4     8.5    77 -9999.0 -9999.00 -9999 -9999.0
 5820   466   877.5     9.6    89 -9999.0 -9999.00 -9999 -9999.0
