7801	1000	25	17	2	14.500000	11.750000	1.848645	5.014066
7802	1000	28	22	5	14.500000	12.500000	1.852674	4.931868
7804	1000	7	18	2	14.500000	11.750000	1.848645	5.010843
7805	1000	27	22	5	14.500000	12.000000	1.853480	4.988279
7806	1000	21	23	2	14.500000	11.750000	1.847839	5.010843
7807	1000	20	26	2	14.500000	12.000000	1.849451	4.985055
7808	1000	24	22	4	14.500000	12.250000	1.851868	4.931868
7809	1000	24	32	3	14.500000	12.000000	1.851868	4.983444
7810	1000	20	24	3	14.500000	11.750000	1.847839	5.010843
7811	1000	27	23	3	14.500000	11.750000	1.848645	5.010843
7812	1000	27	31	6	14.500000	11.750000	1.846227	5.009231
7813	1000	26	26	4	14.500000	11.750000	1.847839	5.010843
7814	1000	30	31	4	14.500000	11.750000	1.847839	5.010843
7815	1000	22	18	6	14.500000	12.250000	1.852674	4.935091
7816	1000	17	31	5	14.500000	12.500000	1.853480	4.933480
7817	1000	23	22	3	14.500000	11.750000	1.847033	5.009231
7818	1000	20	20	5	14.500000	12.500000	1.852674	4.930256
7819	1000	30	26	5	14.500000	11.750000	1.847033	5.009231
7820	1000	29	14	3	14.500000	12.250000	1.840586	4.922198
7822	1000	29	24	3	14.500000	11.750000	1.847033	5.010843
7823	1000	27	21	7	14.500000	12.250000	1.842198	4.904469
7824	1000	23	22	6	14.500000	11.750000	1.847839	5.012455
7825	1000	15	18	2	14.500000	11.750000	1.838169	5.001173
7826	1000	28	32	8	14.500000	12.000000	1.849451	4.988279
7827	1000	21	22	4	14.500000	11.500000	1.837363	5.001173
7828	1000	22	22	6	14.500000	11.750000	1.848645	5.012455
7829	1000	30	33	8	14.500000	12.250000	1.840586	4.901246
7830	1000	20	24	3	14.500000	11.750000	1.847033	5.009231
7831	1000	19	18	3	14.500000	12.250000	1.852674	4.936703
7832	1000	21	32	4	14.500000	12.250000	1.839780	4.918974
7833	1000	23	19	4	14.500000	12.500000	1.854286	4.933480
7834	1000	30	23	8	14.500000	12.250000	1.836557	4.902857
7835	1000	19	21	2	14.500000	12.250000	1.852674	4.933480
7836	1000	26	23	5	14.500000	12.250000	1.839780	4.918974
7837	1000	19	22	5	14.500000	12.500000	1.853480	4.931868
7838	1000	26	19	3	14.500000	12.250000	1.839780	4.918974
7840	1000	20	23	3	14.500000	11.500000	1.838974	5.014066
7841	1000	23	25	6	14.500000	12.000000	1.851868	4.978609
7842	1000	24	22	4	14.500000	12.250000	1.841392	4.902857
7843	1000	19	27	1	14.500000	11.750000	1.847839	5.010843
7844	1000	24	27	6	14.500000	12.250000	1.840586	4.901246
7845	1000	18	29	3	14.500000	11.750000	1.847839	5.010843
7846	1000	21	26	7	14.500000	11.500000	1.835751	4.997949
7847	1000	25	24	6	14.500000	11.750000	1.851062	5.009231
7848	1000	23	34	6	14.500000	12.250000	1.839780	4.899634
7849	1000	27	24	5	14.500000	12.250000	1.842198	4.912528
7850	1000	24	22	4	14.500000	11.750000	1.846227	5.007619
7851	1000	23	27	5	14.500000	11.500000	1.835751	4.997949
7852	1000	20	28	1	14.500000	12.500000	1.852674	4.930256
7853	1000	17	26	3	14.500000	11.500000	1.835751	5.001173
7854	1000	33	24	9	14.500000	11.750000	1.847839	5.009231
7855	1000	25	26	6	14.500000	12.250000	1.836557	4.902857
7856	1000	22	24	9	14.500000	11.750000	1.848645	5.010843
7858	1000	22	25	2	14.500000	12.250000	1.840586	4.918974
7859	1000	27	29	5	14.500000	11.750000	1.850256	5.010843
7860	1000	21	23	4	14.500000	12.500000	1.852674	4.931868
7861	1000	34	27	4	14.500000	11.500000	1.834139	4.991502
7862	1000	22	18	4	14.500000	11.750000	1.847839	5.010843
7863	1000	24	26	4	14.500000	12.250000	1.841392	4.922198
7864	1000	25	29	4	14.500000	11.750000	1.847839	5.007619
7865	1000	26	23	4	14.500000	12.250000	1.836557	4.904469
7866	1000	21	18	2	14.500000	11.750000	1.848645	5.014066
7867	1000	24	22	4	14.500000	11.500000	1.837363	5.001173
7868	1000	26	15	1	14.500000	11.500000	1.837363	5.017290
7869	1000	20	28	3	14.500000	12.500000	1.853480	4.931868
7870	1000	25	19	3	14.500000	12.250000	1.834945	4.915751
7871	1000	21	20	4	14.500000	11.750000	1.848645	5.010843
7872	1000	29	29	7	14.500000	12.250000	1.840586	4.902857
7873	1000	24	24	1	14.500000	11.750000	1.847033	5.007619
7874	1000	20	18	3	14.500000	12.250000	1.836557	4.901246
7876	1000	19	14	4	14.500000	11.750000	1.847839	5.010843
7877	1000	25	28	3	14.500000	12.250000	1.834945	4.915751
7878	1000	22	23	5	14.500000	12.250000	1.843810	4.912528
7879	1000	27	23	7	14.500000	11.750000	1.847033	5.007619
7880	1000	25	27	6	14.500000	12.250000	1.834945	4.915751
7881	1000	18	19	3	14.500000	11.750000	1.847033	5.009231
7882	1000	31	22	5	14.500000	11.500000	1.835751	4.997949
7883	1000	21	23	3	14.500000	12.500000	1.853480	4.930256
7884	1000	26	18	2	14.500000	12.250000	1.840586	4.917363
7885	1000	22	23	4	14.500000	12.500000	1.851868	4.930256
7886	1000	19	18	4	14.500000	11.500000	1.837363	5.001173
7887	1000	19	27	4	14.500000	12.000000	1.853480	4.978609
7888	1000	28	20	4	14.500000	11.750000	1.847839	5.010843
7889	1000	30	24	5	14.500000	12.250000	1.834945	4.912528
7890	1000	16	19	4	14.500000	12.500000	1.852674	4.927033
7891	1000	33	28	7	14.500000	11.500000	1.837363	5.001173
7892	1000	23	25	3	14.500000	12.500000	1.853480	4.930256
7894	1000	21	19	4	14.500000	12.000000	1.834945	4.917363
7895	1000	29	21	3	14.500000	12.500000	1.853480	4.935091
7896	1000	19	12	3	14.500000	12.500000	1.841392	4.899634
7897	1000	27	24	2	14.500000	12.000000	1.851868	4.980220
7898	1000	20	24	4	14.500000	11.750000	1.847839	5.009231
7899	1000	29	25	7	14.500000	12.250000	1.841392	4.902857
7900	1000	17	30	1	14.500000	11.750000	1.847839	5.009231
7901	1000	24	23	5	14.500000	12.250000	1.840586	4.899634
7902	1000	17	28	3	14.500000	12.500000	1.853480	4.930256
7903	1000	25	26	4	14.500000	12.500000	1.841392	4.899634
7904	1000	23	25	4	14.500000	12.500000	1.852674	4.928645
7905	1000	18	17	2	14.500000	12.250000	1.836557	4.899634
7906	1000	24	26	6	14.500000	11.750000	1.840586	5.007619
7907	1000	27	26	5	14.500000	12.500000	1.853480	4.931868
7908	1000	20	13	4	14.500000	11.500000	1.835751	4.994726
7909	1000	16	27	2	14.500000	12.500000	1.853480	4.928645
7910	1000	23	20	2	14.500000	12.250000	1.841392	4.923810
7912	1000	17	28	7	14.500000	12.500000	1.851868	4.930256
7913	1000	32	23	4	14.500000	12.250000	1.838974	4.912528
7914	1000	22	33	5	14.500000	12.500000	1.853480	4.928645
7915	1000	28	18	3	14.500000	12.250000	1.840586	4.899634
7916	1000	24	18	6	14.500000	11.750000	1.847033	5.004396
7917	1000	23	29	5	14.500000	12.500000	1.853480	4.928645
7918	1000	28	28	8	14.500000	12.500000	1.841392	4.899634
7919	1000	15	19	3	14.500000	11.750000	1.847839	5.007619
7920	1000	31	30	7	14.500000	12.500000	1.841392	4.899634
7921	1000	25	20	3	14.500000	11.750000	1.847839	5.007619
7922	1000	20	23	2	14.500000	12.250000	1.839780	4.912528
7923	1000	18	20	5	14.500000	12.500000	1.852674	4.928645
7924	1000	25	25	9	14.500000	12.250000	1.841392	4.918974
7925	1000	21	27	5	14.500000	11.750000	1.844615	5.007619
7926	1000	27	25	5	14.500000	12.000000	1.849451	4.986667
7927	1000	24	24	4	14.500000	12.500000	1.841392	4.899634
7928	1000	24	23	6	14.500000	12.500000	1.853480	4.928645
7930	1000	22	16	6	14.500000	11.500000	1.835751	4.997949
7931	1000	22	33	5	14.500000	11.750000	1.848645	5.010843
7932	1000	21	28	8	14.500000	12.250000	1.842198	4.917363
7933	1000	24	16	4	14.500000	12.500000	1.854286	4.928645
7934	1000	27	18	4	14.500000	12.500000	1.843004	4.901246
7935	1000	17	18	3	14.500000	11.750000	1.844615	5.007619
7936	1000	27	20	0	14.500000	12.500000	1.854286	4.930256
7937	1000	26	22	4	14.500000	12.250000	1.841392	4.917363
7938	1000	23	27	6	14.500000	12.500000	1.851868	4.923810
7939	1000	18	29	4	14.500000	12.250000	1.836557	4.896410
7940	1000	21	17	5	14.500000	11.750000	1.848645	5.010843
7941	1000	17	29	1	14.500000	12.250000	1.836557	4.899634
7942	1000	24	24	5	14.500000	12.500000	1.853480	4.928645
7943	1000	26	21	4	14.500000	12.250000	1.841392	4.915751
7944	1000	17	20	4	14.500000	12.500000	1.853480	4.928645
7945	1000	28	28	11	14.500000	12.500000	1.853480	4.925421
7946	1000	31	28	6	14.500000	11.750000	1.848645	5.004396
7948	1000	17	15	2	14.500000	12.500000	1.853480	4.928645
7949	1000	25	21	2	14.500000	12.500000	1.849451	4.902857
7950	1000	22	29	4	14.500000	11.750000	1.847033	5.007619
7951	1000	25	24	1	14.500000	12.000000	1.853480	4.983444
7952	1000	28	23	4	14.500000	12.500000	1.854286	4.928645
7953	1000	27	23	5	14.500000	11.750000	1.850256	5.006008
7954	1000	18	24	6	14.500000	12.500000	1.848645	4.909304
7955	1000	16	19	5	14.500000	12.500000	1.853480	4.925421
7956	1000	27	24	1	14.500000	12.500000	1.840586	4.896410
7957	1000	26	22	4	14.500000	11.750000	1.848645	5.006008
7958	1000	16	21	1	14.500000	11.750000	1.838169	4.997949
7959	1000	20	26	7	14.500000	11.750000	1.848645	5.007619
7960	1000	23	19	2	14.500000	12.250000	1.836557	4.894799
7961	1000	25	23	2	14.500000	12.500000	1.855092	4.928645
7962	1000	29	23	4	14.500000	12.250000	1.838974	4.907692
7963	1000	17	27	3	14.500000	11.750000	1.848645	5.014066
7964	1000	26	26	9	14.500000	12.500000	1.854286	4.927033
7966	1000	29	27	5	14.500000	12.250000	1.842198	4.915751
7967	1000	16	26	5	14.500000	12.500000	1.852674	4.923810
7968	1000	27	30	6	14.500000	12.250000	1.841392	4.917363
7969	1000	21	20	2	14.500000	12.500000	1.853480	4.925421
7970	1000	17	26	6	14.500000	12.250000	1.836557	4.899634
7971	1000	23	20	5	14.500000	12.000000	1.849451	4.981832
7972	1000	19	27	8	14.500000	11.750000	1.838169	4.996337
7973	1000	21	23	5	14.500000	11.750000	1.847033	5.002784
7974	1000	17	29	3	14.500000	12.500000	1.855092	4.930256
7975	1000	13	17	3	14.500000	12.250000	1.836557	4.893187
7976	1000	19	19	2	14.500000	12.500000	1.854286	4.927033
7977	1000	23	23	7	14.500000	11.750000	1.838169	4.994726
7978	1000	21	15	4	14.500000	12.750000	1.855898	4.902857
7979	1000	20	14	1	14.500000	11.750000	1.838169	4.994726
7980	1000	19	22	3	14.500000	12.000000	1.849451	4.980220
7981	1000	27	16	4	14.500000	11.750000	1.835751	4.991502
7982	1000	27	22	4	14.500000	12.500000	1.850256	4.909304
7984	1000	26	18	6	14.500000	11.750000	1.848645	5.006008
7985	1000	26	26	5	14.500000	11.750000	1.837363	4.991502
7986	1000	14	22	2	14.500000	11.750000	1.848645	5.004396
7987	1000	24	28	5	14.500000	12.250000	1.842198	4.918974
7988	1000	24	19	4	14.500000	11.750000	1.847839	5.004396
7989	1000	24	26	6	14.500000	12.250000	1.841392	4.914139
7990	1000	19	22	3	14.500000	12.000000	1.849451	4.980220
7991	1000	19	18	2	14.500000	11.750000	1.838169	4.991502
7992	1000	19	29	4	14.500000	12.500000	1.854286	4.925421
7993	1000	19	23	5	14.500000	12.500000	1.853480	4.927033
7994	1000	19	18	2	14.500000	12.000000	1.849451	4.978609
7995	1000	21	26	6	14.500000	12.500000	1.855092	4.925421
7996	1000	26	22	6	14.500000	11.750000	1.848645	5.004396
7997	1000	22	22	5	14.500000	12.500000	1.854286	4.922198
7998	1000	25	25	6	14.500000	12.000000	1.855092	4.981832
7999	1000	18	23	8	14.500000	12.000000	1.849451	4.978609
8000	1000	21	20	4	14.500000	12.500000	1.853480	4.922198
8002	1000	30	21	3	14.500000	12.000000	1.849451	4.978609
8003	1000	23	33	6	14.500000	12.500000	1.852674	4.923810
8004	1000	30	25	7	14.500000	11.750000	1.848645	5.004396
8005	1000	17	24	3	14.500000	12.500000	1.855092	4.925421
8006	1000	30	24	5	14.500000	12.000000	1.849451	4.978609
8007	1000	19	27	7	14.500000	12.000000	1.849451	4.978609
8008	1000	15	15	2	14.500000	12.500000	1.855092	4.928645
8009	1000	20	19	3	14.500000	12.500000	1.854286	4.925421
8010	1000	23	27	5	14.500000	12.750000	1.855898	4.904469
8011	1000	21	24	3	14.500000	11.750000	1.845421	5.001173
8012	1000	32	22	5	14.500000	11.750000	1.850256	5.007619
8013	1000	26	22	9	14.500000	11.750000	1.838974	4.994726
8014	1000	26	28	8	14.500000	12.750000	1.855898	4.899634
8015	1000	19	15	3	14.500000	12.500000	1.843810	4.896410
8016	1000	20	26	4	14.500000	12.500000	1.851062	4.904469
8017	1000	20	20	3	14.500000	11.750000	1.838169	4.991502
8018	1000	26	23	4	14.500000	12.750000	1.855898	4.901246
8020	1000	28	24	5	14.500000	12.250000	1.844615	4.915751
8021	1000	29	34	7	14.500000	12.500000	1.853480	4.925421
8022	1000	20	20	2	14.500000	11.750000	1.850256	5.004396
8023	1000	24	22	3	14.500000	11.750000	1.839780	5.001173
8024	1000	13	20	2	14.500000	12.750000	1.855898	4.902857
8025	1000	25	26	6	14.500000	11.750000	1.838974	4.997949
8026	1000	19	22	3	14.500000	12.750000	1.855898	4.899634
8027	1000	30	28	7	14.500000	11.750000	1.840586	4.997949
8028	1000	23	22	8	14.500000	12.500000	1.856703	4.927033
8029	1000	27	20	5	14.500000	11.750000	1.838974	4.994726
8030	1000	24	31	7	14.500000	11.750000	1.850256	5.006008
8031	1000	26	30	9	14.500000	12.500000	1.852674	4.922198
8032	1000	22	23	1	14.500000	12.500000	1.856703	4.927033
8033	1000	21	22	4	14.500000	12.500000	1.851062	4.902857
8034	1000	18	13	4	14.500000	11.750000	1.850256	5.004396
8035	1000	25	20	3	14.500000	12.750000	1.855898	4.899634
8036	1000	24	24	7	14.500000	11.750000	1.850256	5.007619
8038	1000	27	25	5	14.500000	12.500000	1.851062	4.901246
8039	1000	17	22	2	14.500000	11.750000	1.850256	5.004396
8040	1000	28	22	6	14.500000	12.500000	1.855092	4.925421
8041	1000	23	26	6	14.500000	12.500000	1.856703	4.925421
8042	1000	23	16	3	14.500000	12.500000	1.845421	4.899634
8043	1000	19	19	2	14.500000	12.500000	1.856703	4.925421
8044	1000	16	22	7	14.500000	11.750000	1.838974	4.991502
8045	1000	22	24	6	14.500000	12.750000	1.855898	4.899634
8046	1000	27	24	1	14.500000	11.750000	1.840586	4.994726
8047	1000	21	29	5	14.500000	11.750000	1.850256	5.001173
8048	1000	21	24	3	14.500000	11.750000	1.840586	4.994726
8049	1000	28	31	7	14.500000	12.500000	1.855092	4.925421
8050	1000	24	25	4	14.500000	11.750000	1.852674	5.009231
8051	1000	19	15	4	14.500000	11.750000	1.838974	4.991502
8052	1000	18	23	3	14.500000	12.500000	1.857509	4.927033
8053	1000	27	26	7	14.500000	11.750000	1.840586	4.991502
8054	1000	18	18	3	14.500000	12.500000	1.857509	4.931868
8056	1000	16	23	0	14.500000	11.750000	1.841392	4.996337
8057	1000	26	17	3	14.500000	12.000000	1.852674	5.004396
8058	1000	25	28	3	14.500000	11.750000	1.840586	4.994726
8059	1000	21	21	5	14.500000	12.500000	1.857509	4.925421
8060	1000	22	17	4	14.500000	12.750000	1.855898	4.898022
8061	1000	23	24	6	14.500000	12.500000	1.856703	4.922198
8062	1000	23	20	3	14.500000	12.000000	1.859121	5.006008
8063	1000	21	27	6	14.500000	12.500000	1.856703	4.925421
8064	1000	32	26	3	14.500000	12.000000	1.851868	5.004396
8065	1000	20	26	3	14.500000	12.000000	1.851868	5.004396
8066	1000	26	26	7	14.500000	12.500000	1.851062	4.899634
8067	1000	27	23	5	14.500000	12.500000	1.858315	4.930256
8068	1000	25	22	5	14.500000	12.500000	1.857509	4.923810
8069	1000	28	28	8	14.500000	12.750000	1.855898	4.902857
8070	1000	19	24	2	14.500000	12.250000	1.845421	4.914139
8071	1000	16	20	4	14.500000	12.000000	1.852674	5.007619
8072	1000	17	16	4	14.500000	11.750000	1.839780	4.991502
8074	1000	22	24	6	14.500000	12.000000	1.852674	5.004396
8075	1000	23	21	6	14.500000	11.750000	1.840586	4.991502
8076	1000	27	16	2	14.500000	12.000000	1.851868	5.001173
8077	1000	18	19	5	14.500000	11.750000	1.840586	4.997949
8078	1000	31	29	6	14.500000	12.000000	1.853480	5.002784
8079	1000	22	24	4	14.500000	12.000000	1.851868	5.004396
8080	1000	13	29	4	14.500000	12.250000	1.845421	4.914139
8081	1000	28	27	4	14.500000	12.000000	1.852674	5.004396
8082	1000	25	20	10	14.500000	12.250000	1.846227	4.915751
8083	1000	19	23	5	14.500000	12.500000	1.858315	4.923810
8084	1000	19	21	3	14.500000	12.750000	1.855898	4.902857
8085	1000	34	29	8	14.500000	12.000000	1.853480	5.007619
8086	1000	24	32	7	14.500000	12.250000	1.857509	4.976997
8087	1000	21	21	3	14.500000	12.000000	1.851868	5.001173
8088	1000	20	16	2	14.500000	12.000000	1.859121	5.004396
8089	1000	29	32	3	14.500000	12.500000	1.857509	4.922198
8090	1000	23	25	4	14.500000	12.000000	1.852674	5.001173
8092	1000	21	16	2	14.500000	12.000000	1.852674	5.002784
8093	1000	21	15	3	14.500000	12.250000	1.859121	4.978609
8094	1000	23	26	4	14.500000	12.750000	1.859927	4.925421
8095	1000	23	24	5	14.500000	12.000000	1.853480	5.001173
8096	1000	23	17	3	14.500000	12.000000	1.853480	5.006008
8097	1000	28	19	3	14.500000	12.000000	1.853480	5.004396
8098	1000	15	25	1	14.500000	12.500000	1.858315	4.923810
8099	1000	21	17	2	14.500000	12.000000	1.855092	5.006008
8100	1000	15	17	2	14.500000	12.750000	1.859927	4.925421
8101	1000	29	28	5	14.500000	12.000000	1.854286	5.004396
8102	1000	26	27	5	14.500000	12.000000	1.854286	5.004396
8103	1000	24	19	5	14.500000	12.000000	1.853480	5.004396
8104	1000	19	20	4	14.500000	12.500000	1.858315	4.925421
8105	1000	15	21	5	14.500000	12.000000	1.859121	5.004396
8106	1000	31	25	4	14.500000	12.000000	1.851868	4.997949
8107	1000	25	24	4	14.500000	12.000000	1.859121	5.004396
8108	1000	19	18	7	14.500000	12.500000	1.858315	4.922198
8110	1000	22	23	4	14.500000	12.000000	1.853480	5.001173
8111	1000	16	20	1	14.500000	12.500000	1.858315	4.922198
8112	1000	20	17	3	14.500000	12.750000	1.859927	4.923810
8113	1000	23	16	7	14.500000	12.500000	1.859927	4.928645
8114	1000	17	28	8	14.500000	12.750000	1.859927	4.923810
8115	1000	27	19	7	14.500000	12.500000	1.858315	4.923810
8116	1000	23	21	4	14.500000	12.000000	1.859121	5.002784
8117	1000	21	19	6	14.500000	12.750000	1.860733	4.923810
8118	1000	27	17	1	14.500000	12.250000	1.855898	4.978609
8119	1000	18	19	2	14.500000	12.750000	1.860733	4.925421
8120	1000	29	18	5	14.500000	12.000000	1.855092	5.001173
8121	1000	24	20	6	14.500000	12.750000	1.860733	4.925421
8122	1000	17	21	3	14.500000	12.250000	1.855898	4.978609
8123	1000	34	25	5	14.500000	12.000000	1.855092	5.001173
8124	1000	19	21	2	14.500000	12.750000	1.861539	4.925421
8125	1000	27	24	6	14.500000	12.000000	1.855092	5.001173
8126	1000	18	24	4	14.500000	12.000000	1.855092	5.002784
8128	1000	17	21	3	14.500000	12.750000	1.861539	4.927033
8129	1000	25	23	3	14.500000	12.000000	1.855092	5.001173
8130	1000	25	25	5	14.500000	12.000000	1.856703	5.006008
8131	1000	17	24	6	14.500000	12.000000	1.855092	5.001173
8132	1000	22	24	2	14.500000	12.000000	1.855092	5.001173
8133	1000	18	23	2	14.500000	12.750000	1.860733	4.922198
8134	1000	20	28	4	14.500000	12.750000	1.860733	4.923810
8135	1000	28	31	8	14.500000	12.000000	1.855092	5.001173
8136	1000	18	29	3	14.500000	12.000000	1.856703	5.004396
8137	1000	15	24	1	14.500000	12.250000	1.855898	4.978609
8138	1000	21	23	2	14.500000	12.750000	1.860733	4.922198
8139	1000	20	17	4	14.500000	12.000000	1.856703	5.004396
8140	1000	23	15	2	14.500000	12.750000	1.861539	4.925421
8141	1000	24	28	4	14.500000	12.000000	1.856703	5.004396
8142	1000	17	19	4	14.500000	12.750000	1.861539	4.927033
8143	1000	12	24	1	14.500000	12.250000	1.855898	4.975385
8144	1000	24	21	2	14.500000	12.250000	1.855898	4.975385
8146	1000	21	23	3	14.500000	12.750000	1.859121	4.902857
8147	1000	24	29	7	14.500000	12.750000	1.861539	4.920586
8148	1000	20	33	5	14.500000	12.750000	1.862344	4.902857
8149	1000	15	27	5	14.500000	12.250000	1.860733	4.973773
8150	1000	20	20	4	14.500000	12.750000	1.861539	4.922198
8151	1000	19	22	4	14.500000	12.750000	1.861539	4.925421
8152	1000	24	20	3	14.500000	12.750000	1.862344	4.899634
8153	1000	20	28	3	14.500000	13.000000	1.862344	4.896410
8154	1000	27	20	5	14.500000	12.250000	1.855898	4.973773
8155	1000	27	21	7	14.500000	12.750000	1.863150	4.925421
8156	1000	18	20	3	14.500000	12.750000	1.863150	4.925421
8157	1000	23	19	2	14.500000	12.000000	1.856703	5.001173
8158	1000	29	21	4	14.500000	12.000000	1.858315	5.006008
8159	1000	19	20	5	14.500000	12.000000	1.857509	5.002784
8160	1000	16	21	1	14.500000	12.750000	1.861539	4.920586
8161	1000	19	18	4	14.500000	12.750000	1.862344	4.899634
8162	1000	25	21	8	14.500000	12.000000	1.856703	5.001173
8164	1000	28	22	4	14.500000	12.000000	1.856703	5.001173
8165	1000	12	21	2	14.500000	12.750000	1.863150	4.925421
8166	1000	22	25	3	14.500000	12.000000	1.857509	4.999561
8167	1000	28	22	5	14.500000	12.000000	1.858315	5.004396
8168	1000	13	26	5	14.500000	12.000000	1.856703	5.001173
8169	1000	26	16	3	14.500000	12.750000	1.863956	4.928645
8170	1000	24	15	1	14.500000	12.750000	1.863150	4.922198
8171	1000	18	21	4	14.500000	12.750000	1.863956	4.925421
8172	1000	20	26	5	14.500000	12.750000	1.859121	4.902857
8173	1000	23	23	1	14.500000	13.000000	1.862344	4.896410
8174	1000	17	23	1	14.500000	12.750000	1.859121	4.901246
8175	1000	18	15	4	14.500000	12.000000	1.857509	5.002784
8176	1000	31	20	4	14.500000	12.750000	1.863956	4.922198
8177	1000	23	23	3	14.500000	12.750000	1.863150	4.922198
8178	1000	14	23	2	14.500000	12.750000	1.863150	4.923810
8179	1000	18	24	2	14.500000	13.000000	1.862344	4.896410
8180	1000	26	29	1	14.500000	12.750000	1.859121	4.902857
8182	1000	24	16	2	14.500000	12.750000	1.866374	4.925421
8183	1000	24	12	3	14.500000	12.000000	1.858315	5.001173
8184	1000	28	14	5	14.500000	12.750000	1.864762	4.925421
8185	1000	24	18	4	14.500000	12.750000	1.859121	4.899634
8186	1000	19	28	2	15.000000	12.000000	1.860733	5.004396
8187	1000	31	26	6	14.500000	12.750000	1.865568	4.925421
8188	1000	16	22	2	15.000000	12.000000	1.859927	5.004396
8189	1000	22	23	8	14.500000	12.750000	1.863956	4.925421
8190	1000	20	24	4	15.000000	12.750000	1.865568	4.923810
8191	1000	13	16	0	14.500000	12.750000	1.864762	4.922198
8192	1000	19	28	3	15.000000	12.000000	1.859927	5.001173
8193	1000	21	21	8	14.500000	12.750000	1.863956	4.925421
8194	1000	34	27	6	15.000000	12.750000	1.859121	4.893187
8195	1000	17	17	1	15.000000	12.000000	1.861539	5.009231
8196	1000	23	24	3	15.000000	12.000000	1.859927	5.001173
8197	1000	18	27	5	14.500000	12.000000	1.860733	4.997949
8198	1000	17	20	2	15.000000	12.750000	1.864762	4.923810
8200	1000	22	26	4	14.500000	12.000000	1.860733	5.004396
8201	1000	22	24	5	15.000000	12.750000	1.864762	4.920586
8202	1000	15	21	2	15.000000	12.750000	1.865568	4.922198
8203	1000	21	24	4	15.000000	12.000000	1.860733	5.001173
8204	1000	14	25	6	15.000000	12.000000	1.859927	5.001173
8205	1000	23	26	2	15.000000	12.750000	1.865568	4.920586
8206	1000	18	17	2	15.000000	12.000000	1.859927	4.997949
8207	1000	28	25	7	15.000000	12.000000	1.859927	5.001173
8208	1000	24	21	4	15.000000	12.750000	1.866374	4.923810
8209	1000	24	20	3	15.000000	12.000000	1.861539	5.001173
8210	1000	21	21	5	15.000000	12.750000	1.866374	4.923810
8211	1000	20	21	6	15.000000	12.250000	1.867180	5.004396
8212	1000	13	22	2	15.000000	12.750000	1.866374	4.925421
8213	1000	20	22	2	15.000000	12.000000	1.860733	5.001173
8214	1000	26	23	6	15.000000	12.000000	1.860733	5.001173
8215	1000	24	29	4	15.000000	12.000000	1.860733	5.001173
8216	1000	24	23	5	15.000000	12.750000	1.866374	4.920586
8218	1000	15	29	3	15.000000	12.000000	1.861539	5.002784
8219	1000	16	22	5	15.000000	12.000000	1.861539	5.001173
8220	1000	29	24	6	15.000000	12.000000	1.861539	4.999561
8221	1000	25	29	7	15.000000	12.000000	1.861539	5.001173
8222	1000	11	27	2	15.000000	12.250000	1.862344	4.978609
8223	1000	25	22	4	15.000000	12.250000	1.862344	4.978609
8224	1000	14	14	1	15.000000	12.000000	1.863956	5.004396
8225	1000	25	21	6	15.000000	12.750000	1.865568	4.917363
8226	1000	22	19	4	15.000000	12.250000	1.867180	5.001173
8227	1000	20	14	4	15.000000	12.750000	1.866374	4.922198
8228	1000	12	26	2	15.000000	12.250000	1.862344	4.973773
8229	1000	18	9	0	15.000000	12.750000	1.866374	4.922198
8230	1000	15	29	3	15.000000	12.750000	1.869597	4.925421
8231	1000	24	25	4	15.000000	12.250000	1.863956	5.002784
8232	1000	23	23	3	15.000000	12.000000	1.861539	5.001173
8233	1000	23	18	2	15.000000	12.750000	1.867985	4.922198
8234	1000	13	22	2	15.000000	12.250000	1.862344	4.973773
8236	1000	22	29	5	15.000000	12.750000	1.867985	4.922198
8237	1000	20	26	2	15.000000	12.750000	1.867985	4.922198
8238	1000	20	22	4	15.000000	13.000000	1.868791	4.898022
8239	1000	18	23	1	15.000000	12.250000	1.862344	4.973773
8240	1000	19	19	1	15.000000	12.250000	1.863956	5.002784
8241	1000	14	16	1	15.000000	13.000000	1.868791	4.896410
8242	1000	18	23	4	15.000000	12.250000	1.863150	5.001173
8243	1000	28	24	6	15.000000	12.750000	1.869597	4.922198
8244	1000	22	26	7	15.000000	12.750000	1.870403	4.925421
8245	1000	12	20	2	15.000000	12.750000	1.870403	4.925421
8246	1000	18	24	1	15.000000	12.750000	1.870403	4.925421
8247	1000	16	26	2	15.000000	12.250000	1.864762	5.002784
8248	1000	14	19	5	15.000000	12.250000	1.863150	5.001173
8249	1000	13	26	3	15.000000	12.250000	1.867180	4.997949
8250	1000	21	20	3	15.000000	12.250000	1.864762	5.002784
8251	1000	21	18	2	15.000000	12.250000	1.863956	4.997949
8252	1000	29	29	10	15.000000	12.750000	1.871209	4.925421
8254	1000	25	22	8	15.000000	12.750000	1.869597	4.925421
8255	1000	18	20	4	15.000000	12.250000	1.864762	5.002784
8256	1000	29	16	4	15.000000	12.250000	1.864762	5.004396
8257	1000	17	19	4	15.000000	12.250000	1.864762	5.001173
8258	1000	16	19	4	15.000000	12.250000	1.864762	5.002784
8259	1000	18	16	3	15.000000	12.750000	1.869597	4.922198
8260	1000	17	24	3	15.000000	12.250000	1.866374	5.004396
8261	1000	11	27	4	15.000000	12.250000	1.864762	4.999561
8262	1000	24	14	4	15.000000	12.250000	1.865568	5.001173
8263	1000	23	18	1	15.000000	12.250000	1.864762	5.001173
8264	1000	19	24	1	15.000000	12.250000	1.864762	5.001173
8265	1000	22	23	3	15.000000	12.250000	1.865568	5.001173
8266	1000	28	23	4	15.000000	12.750000	1.869597	4.920586
8267	1000	17	23	1	15.000000	13.000000	1.867180	4.902857
8268	1000	17	24	2	15.000000	12.250000	1.865568	5.001173
8269	1000	26	21	5	15.000000	12.250000	1.864762	4.997949
8270	1000	20	16	5	15.000000	12.750000	1.870403	4.923810
8272	1000	16	23	6	15.000000	12.750000	1.872015	4.925421
8273	1000	21	15	1	15.000000	13.000000	1.871209	4.918974
8274	1000	14	19	1	15.000000	12.250000	1.867985	5.007619
8275	1000	26	26	5	15.000000	12.750000	1.872015	4.927033
8276	1000	14	22	3	15.000000	12.500000	1.868791	4.978609
8277	1000	29	21	6	15.000000	12.250000	1.866374	4.999561
8278	1000	23	25	4	15.000000	12.250000	1.867985	5.004396
8279	1000	24	27	6	15.000000	12.250000	1.867985	5.004396
8280	1000	17	20	5	15.000000	13.000000	1.870403	4.917363
8281	1000	22	21	3	15.000000	12.750000	1.872015	4.925421
8282	1000	25	20	3	15.000000	13.000000	1.872821	4.922198
8283	1000	20	28	5	15.000000	13.000000	1.873626	4.923810
8284	1000	16	32	7	15.000000	12.250000	1.867985	5.002784
8285	1000	24	24	7	15.000000	13.000000	1.872821	4.927033
8286	1000	24	26	6	15.000000	13.000000	1.873626	4.922198
8287	1000	23	24	3	15.000000	13.000000	1.867180	4.896410
8288	1000	26	22	7	15.000000	13.000000	1.873626	4.923810
8290	1000	22	19	5	15.000000	13.000000	1.867180	4.891575
8291	1000	31	20	5	15.000000	13.000000	1.874432	4.922198
8292	1000	25	14	3	15.000000	13.000000	1.872015	4.918974
8293	1000	26	19	3	15.000000	13.000000	1.874432	4.925421
8294	1000	27	27	5	15.000000	13.000000	1.872821	4.922198
8295	1000	19	27	7	15.000000	13.000000	1.873626	4.922198
8296	1000	23	25	3	15.000000	13.000000	1.873626	4.922198
8297	1000	16	24	2	15.000000	12.250000	1.867985	4.997949
8298	1000	19	21	4	15.000000	12.250000	1.867985	4.999561
8299	1000	20	20	3	15.000000	12.250000	1.869597	5.004396
8300	1000	31	27	8	15.000000	13.000000	1.874432	4.923810
8301	1000	29	21	4	15.000000	12.250000	1.869597	5.002784
8302	1000	27	28	5	15.000000	12.500000	1.875238	4.975385
8303	1000	26	21	6	15.000000	12.250000	1.869597	5.001173
8304	1000	25	24	5	15.000000	12.250000	1.869597	5.001173
8305	1000	26	22	3	15.000000	13.000000	1.867180	4.894799
8306	1000	17	18	4	15.000000	13.000000	1.874432	4.918974
8308	1000	22	25	5	15.000000	12.250000	1.870403	5.004396
8309	1000	20	21	4	15.000000	12.250000	1.869597	5.001173
8310	1000	21	20	4	15.000000	12.500000	1.868791	4.973773
8311	1000	21	21	4	15.000000	12.250000	1.871209	5.002784
8312	1000	27	23	1	15.000000	12.500000	1.868791	4.972162
8313	1000	17	17	1	15.000000	12.250000	1.871209	5.002784
8314	1000	24	21	4	15.000000	13.000000	1.874432	4.920586
8315	1000	24	24	2	15.000000	12.500000	1.875238	4.973773
8316	1000	25	17	3	15.000000	12.250000	1.870403	5.001173
8317	1000	25	24	6	15.000000	13.000000	1.876044	4.922198
8318	1000	15	17	4	15.000000	12.500000	1.868791	4.968938
8319	1000	18	18	1	15.000000	12.250000	1.871209	5.001173
8320	1000	25	27	8	15.000000	12.250000	1.871209	5.004396
8321	1000	22	12	1	15.000000	13.000000	1.877656	4.922198
8322	1000	23	18	4	15.000000	13.000000	1.876044	4.920586
8323	1000	25	23	6	15.000000	12.250000	1.872015	5.001173
8324	1000	18	24	4	15.000000	13.000000	1.876044	4.922198
8326	1000	17	14	3	15.000000	13.000000	1.876850	4.920586
8327	1000	21	22	1	15.000000	12.250000	1.872015	5.001173
8328	1000	18	14	0	15.000000	12.250000	1.870403	4.997949
8329	1000	15	24	5	15.000000	12.250000	1.872015	5.001173
8330	1000	23	19	2	15.000000	13.000000	1.876850	4.925421
8331	1000	11	17	2	15.000000	12.250000	1.872015	5.001173
8332	1000	27	20	6	15.000000	13.000000	1.877656	4.925421
8333	1000	21	14	2	15.000000	13.000000	1.873626	4.910916
8334	1000	19	20	6	15.000000	12.250000	1.872015	4.999561
8335	1000	20	26	3	15.000000	13.000000	1.876850	4.918974
8336	1000	23	18	1	15.000000	12.250000	1.873626	5.001173
8337	1000	23	24	1	15.000000	13.000000	1.876850	4.918974
8338	1000	23	23	4	15.000000	13.000000	1.878462	4.920586
8339	1000	11	22	1	15.000000	13.000000	1.878462	4.923810
8340	1000	22	15	1	15.000000	13.000000	1.878462	4.920586
8341	1000	12	15	1	15.000000	12.250000	1.872015	4.997949
8342	1000	19	19	4	15.000000	12.750000	1.875238	4.970550
8344	1000	19	16	1	15.000000	12.750000	1.859121	4.904469
8345	1000	20	24	5	15.000000	13.000000	1.876850	4.914139
8346	1000	14	19	3	15.000000	13.000000	1.864762	4.886740
8347	1000	17	17	4	15.000000	12.250000	1.869597	4.988279
8348	1000	14	14	5	15.000000	13.000000	1.864762	4.902857
8349	1000	21	16	4	15.000000	12.250000	1.872821	4.997949
8350	1000	22	23	4	15.000000	13.000000	1.863956	4.896410
8351	1000	13	21	2	15.000000	13.000000	1.876850	4.912528
8352	1000	21	27	5	15.000000	12.750000	1.864762	4.906081
8353	1000	22	25	5	15.000000	13.000000	1.867985	4.898022
8354	1000	17	17	1	15.000000	13.000000	1.879267	4.918974
8355	1000	23	17	7	15.000000	12.250000	1.863956	4.988279
8356	1000	21	28	2	15.000000	13.000000	1.879267	4.922198
8357	1000	19	14	1	15.000000	13.000000	1.862344	4.886740
8358	1000	11	15	1	15.000000	13.000000	1.880073	4.920586
8359	1000	21	23	6	15.000000	12.250000	1.866374	4.994726
8360	1000	27	28	7	15.000000	13.000000	1.880073	4.918974
8362	1000	23	20	2	15.000000	13.000000	1.867985	4.909304
8363	1000	15	13	1	15.000000	12.500000	1.876044	5.001173
8364	1000	19	24	3	15.000000	12.500000	1.876850	5.001173
8365	1000	17	16	2	15.000000	12.250000	1.863956	4.985055
8366	1000	21	16	2	15.000000	12.500000	1.883297	5.001173
8367	1000	21	23	4	15.000000	13.000000	1.868791	4.902857
8368	1000	22	20	4	15.000000	12.500000	1.876850	4.999561
8369	1000	14	26	2	15.000000	13.000000	1.868791	4.907692
8370	1000	28	15	5	15.000000	12.500000	1.883297	5.001173
8371	1000	16	17	1	15.000000	13.000000	1.869597	4.906081
8372	1000	25	24	7	15.000000	13.000000	1.871209	4.901246
8373	1000	25	15	4	15.000000	12.500000	1.883297	5.001173
8374	1000	21	14	5	15.000000	12.250000	1.867985	4.994726
8375	1000	24	20	5	15.000000	13.250000	1.884103	4.923810
8376	1000	20	28	7	15.000000	13.000000	1.872015	4.914139
8377	1000	18	20	2	15.000000	12.500000	1.876044	4.994726
8378	1000	22	13	1	15.000000	13.000000	1.872821	4.912528
8380	1000	20	25	4	15.000000	12.500000	1.879267	5.004396
8381	1000	16	12	1	15.000000	12.250000	1.867985	4.994726
8382	1000	15	28	3	15.000000	13.000000	1.872015	4.898022
8383	1000	25	23	5	15.000000	12.500000	1.880073	4.999561
8384	1000	21	14	2	15.000000	13.000000	1.867180	4.907692
8385	1000	18	22	4	15.000000	12.500000	1.878462	4.997949
8386	1000	16	19	5	15.000000	12.250000	1.867985	4.991502
8387	1000	26	16	3	15.000000	12.500000	1.880073	5.002784
8388	1000	27	18	3	15.000000	12.250000	1.870403	4.994726
8389	1000	21	17	2	15.000000	12.500000	1.879267	4.997949
8390	1000	15	17	3	15.000000	13.000000	1.873626	4.910916
8391	1000	20	35	5	15.000000	12.500000	1.880073	5.001173
8392	1000	15	26	5	15.000000	12.500000	1.879267	5.001173
8393	1000	21	14	3	15.000000	13.000000	1.873626	4.910916
8394	1000	19	25	3	15.000000	13.250000	1.884909	4.922198
8395	1000	25	24	4	15.000000	13.000000	1.874432	4.912528
8396	1000	20	21	1	15.000000	13.250000	1.886520	4.922198
8398	1000	15	20	2	15.000000	13.000000	1.873626	4.907692
8399	1000	21	25	3	15.000000	13.250000	1.886520	4.922198
8400	1000	18	19	4	15.000000	13.000000	1.868791	4.891575
