8401	1000	21	22	4	15.000000	12.750000	1.880879	4.983444
8402	1000	15	18	4	15.000000	13.250000	1.886520	4.920586
8403	1000	28	24	2	15.000000	13.250000	1.885714	4.918974
8404	1000	21	17	4	15.000000	12.750000	1.881685	4.972162
8405	1000	21	24	5	15.000000	13.500000	1.888132	4.899634
8406	1000	23	19	3	15.000000	13.250000	1.885714	4.917363
8407	1000	13	27	5	15.000000	13.250000	1.888132	4.901246
8408	1000	25	25	4	15.000000	13.250000	1.887326	4.918974
8409	1000	16	23	5	15.000000	12.500000	1.882491	5.001173
8410	1000	18	18	6	15.000000	13.250000	1.886520	4.922198
8411	1000	12	15	2	15.000000	12.500000	1.882491	4.996337
8413	1000	23	21	4	15.000000	13.500000	1.888132	4.899634
8414	1000	25	16	4	15.000000	12.750000	1.886520	4.975385
8415	1000	16	20	1	15.000000	13.500000	1.888132	4.899634
8416	1000	27	21	4	15.000000	13.250000	1.888132	4.904469
8417	1000	24	21	4	15.000000	13.250000	1.889744	4.925421
8418	1000	19	21	3	15.000000	12.500000	1.884103	4.997949
8419	1000	24	21	4	15.000000	12.500000	1.884103	4.999561
8420	1000	22	32	3	15.000000	12.250000	1.874432	5.004396
8421	1000	23	18	5	15.000000	13.250000	1.889744	4.923810
8422	1000	23	23	3	15.000000	12.500000	1.872015	4.985055
8423	1000	23	20	7	15.000000	12.500000	1.884103	5.001173
8424	1000	21	25	3	15.000000	13.250000	1.877656	4.896410
8425	1000	18	22	4	15.000000	13.250000	1.889744	4.925421
8426	1000	19	22	8	15.000000	13.000000	1.878462	4.912528
8427	1000	12	21	3	15.500000	13.250000	1.890550	4.922198
8428	1000	23	18	2	15.000000	13.250000	1.876850	4.889964
8429	1000	18	16	3	15.000000	13.250000	1.889744	4.923810
8431	1000	27	18	4	15.000000	12.500000	1.884909	5.001173
8432	1000	24	33	6	15.000000	13.250000	1.878462	4.896410
8433	1000	21	21	2	15.000000	13.250000	1.889744	4.923810
8434	1000	16	21	0	15.000000	13.250000	1.878462	4.893187
8435	1000	18	28	5	15.000000	12.750000	1.885714	5.001173
8436	1000	18	15	3	15.500000	12.500000	1.873626	4.988279
8437	1000	26	21	4	15.000000	12.750000	1.886520	5.002784
8438	1000	20	17	4	15.000000	13.250000	1.876850	4.888352
8439	1000	22	14	4	15.500000	13.250000	1.879267	4.901246
8440	1000	27	29	6	15.500000	12.750000	1.887326	5.004396
8441	1000	16	18	1	15.500000	12.500000	1.875238	4.988279
8442	1000	19	28	2	15.500000	13.250000	1.890550	4.922198
8443	1000	25	26	7	15.500000	13.000000	1.880073	4.915751
8444	1000	26	26	8	15.500000	12.750000	1.887326	5.004396
8445	1000	27	18	0	15.500000	13.250000	1.880073	4.896410
8446	1000	24	29	5	15.500000	13.250000	1.890550	4.923810
8447	1000	9	18	2	15.500000	12.500000	1.875238	4.985055
8449	1000	22	21	5	15.500000	12.500000	1.879267	5.010843
8450	1000	25	33	8	15.500000	13.250000	1.892161	4.922198
8451	1000	25	23	3	15.500000	13.250000	1.880879	4.910916
8452	1000	10	19	1	15.500000	13.250000	1.892967	4.922198
8453	1000	24	18	5	15.500000	13.250000	1.880073	4.891575
8454	1000	23	29	4	15.500000	12.750000	1.888132	4.975385
8455	1000	21	21	5	15.500000	12.500000	1.876850	4.991502
8456	1000	29	19	5	15.500000	12.750000	1.888132	4.975385
8457	1000	15	20	4	15.500000	12.500000	1.877656	4.991502
8458	1000	22	24	9	15.500000	13.250000	1.895385	4.925421
8459	1000	23	24	1	15.500000	12.750000	1.887326	5.001173
8460	1000	22	16	6	15.500000	13.250000	1.881685	4.907692
8461	1000	21	18	3	15.500000	13.250000	1.895385	4.925421
8462	1000	24	19	3	15.500000	12.500000	1.876044	4.988279
8463	1000	19	25	1	15.500000	13.500000	1.894579	4.901246
8464	1000	21	17	6	15.500000	13.250000	1.882491	4.910916
8465	1000	23	17	4	15.500000	13.500000	1.894579	4.899634
8467	1000	27	25	5	15.500000	13.250000	1.881685	4.904469
8468	1000	21	26	5	15.500000	13.500000	1.891355	4.896410
8469	1000	20	28	7	15.500000	13.250000	1.892967	4.918974
8470	1000	35	27	4	15.500000	13.250000	1.882491	4.891575
8471	1000	33	17	3	15.500000	13.250000	1.893773	4.918974
8472	1000	26	22	2	15.500000	12.500000	1.876850	4.985055
8473	1000	28	29	5	15.500000	13.500000	1.894579	4.896410
8474	1000	26	26	7	15.500000	12.500000	1.879267	4.991502
8475	1000	20	23	1	15.500000	13.250000	1.893773	4.918974
8476	1000	28	27	8	15.500000	13.250000	1.868791	4.867399
8477	1000	29	27	7	15.500000	13.250000	1.884909	4.904469
8478	1000	26	22	4	15.500000	12.750000	1.892161	5.002784
8479	1000	27	22	5	15.500000	12.500000	1.877656	4.988279
8480	1000	21	20	5	15.500000	13.250000	1.896191	4.925421
8481	1000	21	21	3	15.500000	12.750000	1.883297	4.988279
8482	1000	30	25	5	15.500000	12.750000	1.890550	5.001173
8483	1000	17	20	4	15.500000	12.500000	1.879267	4.991502
8485	1000	33	29	6	15.500000	13.500000	1.891355	4.899634
8486	1000	23	22	4	15.500000	12.500000	1.880073	4.994726
8487	1000	27	24	4	15.500000	13.000000	1.896996	4.975385
8488	1000	25	25	6	15.500000	13.500000	1.896191	4.922198
8489	1000	25	24	4	15.500000	12.500000	1.876850	4.981832
8490	1000	31	20	6	15.500000	12.750000	1.888938	4.996337
8491	1000	30	17	3	15.500000	12.500000	1.878462	4.985055
8492	1000	32	28	6	15.500000	13.500000	1.896996	4.923810
8493	1000	20	26	4	15.500000	12.500000	1.880879	4.988279
8494	1000	28	34	10	15.500000	12.750000	1.892967	5.004396
8495	1000	23	27	7	15.500000	12.750000	1.892967	5.001173
8496	1000	25	27	7	15.500000	13.500000	1.888132	4.899634
8497	1000	17	18	3	15.500000	12.750000	1.892161	5.002784
8498	1000	25	23	7	15.500000	13.250000	1.881685	4.893187
8499	1000	25	20	5	15.500000	13.500000	1.897802	4.920586
8500	1000	24	17	4	15.500000	12.500000	1.880879	4.991502
8501	1000	19	29	7	15.500000	13.500000	1.897802	4.920586
8503	1000	28	35	6	15.500000	13.250000	1.885714	4.912528
8504	1000	32	31	12	15.500000	12.750000	1.892161	5.001173
8505	1000	27	19	6	15.500000	13.500000	1.897802	4.918974
8506	1000	21	31	6	15.500000	12.750000	1.890550	5.004396
8507	1000	29	24	6	15.500000	13.500000	1.892967	4.901246
8508	1000	25	31	6	15.500000	13.250000	1.886520	4.912528
8509	1000	18	31	7	15.500000	13.000000	1.894579	4.978609
8510	1000	26	22	3	15.500000	13.500000	1.885714	4.891575
8511	1000	22	16	4	15.500000	12.750000	1.893773	5.001173
8512	1000	22	21	4	15.500000	13.250000	1.887326	4.912528
8513	1000	24	18	2	15.500000	13.500000	1.897802	4.922198
8514	1000	17	26	3	15.500000	13.250000	1.888132	4.909304
8515	1000	27	26	9	15.500000	12.750000	1.893773	5.001173
8516	1000	26	21	3	15.500000	13.000000	1.899414	5.002784
8517	1000	35	28	10	15.500000	12.500000	1.882491	4.994726
8518	1000	17	18	7	15.500000	12.750000	1.895385	5.001173
8519	1000	11	25	1	15.500000	13.000000	1.899414	4.973773
8521	1000	31	22	2	15.500000	12.750000	1.896191	5.004396
8522	1000	25	25	5	15.500000	12.750000	1.892161	4.991502
8523	1000	22	23	5	15.500000	13.500000	1.901026	4.902857
8524	1000	26	24	0	15.500000	13.000000	1.899414	4.975385
8525	1000	30	23	6	15.500000	12.750000	1.892967	5.004396
8526	1000	26	20	7	15.500000	13.500000	1.900220	4.918974
8527	1000	34	27	3	15.500000	12.750000	1.884909	4.994726
8528	1000	20	21	4	15.500000	13.500000	1.900220	4.922198
8529	1000	26	26	6	15.500000	13.250000	1.888938	4.909304
8530	1000	29	26	8	15.500000	12.750000	1.895385	5.002784
8531	1000	22	26	4	15.500000	12.750000	1.884103	4.988279
8532	1000	25	24	6	15.500000	13.750000	1.901026	4.899634
8533	1000	21	23	4	15.500000	13.500000	1.889744	4.894799
8534	1000	25	28	3	15.500000	12.750000	1.895385	5.001173
8535	1000	33	33	5	15.500000	12.750000	1.896191	5.001173
8536	1000	20	21	1	15.500000	13.250000	1.889744	4.912528
8537	1000	28	30	7	15.500000	13.500000	1.901832	4.923810
8539	1000	33	24	10	15.500000	13.250000	1.889744	4.915751
8540	1000	27	26	4	15.500000	12.750000	1.896996	5.004396
8541	1000	32	32	10	15.500000	13.000000	1.901832	4.976997
8542	1000	26	32	7	15.500000	12.750000	1.897802	5.004396
8543	1000	37	27	7	15.500000	13.500000	1.902637	4.922198
8544	1000	30	34	7	15.500000	13.000000	1.899414	4.997949
8545	1000	29	28	10	15.500000	13.500000	1.901832	4.922198
8546	1000	31	26	11	15.500000	13.000000	1.897802	4.999561
8547	1000	18	19	2	15.500000	13.500000	1.901832	4.923810
8548	1000	21	25	8	15.500000	13.500000	1.903443	4.925421
8549	1000	21	31	5	15.500000	12.750000	1.897802	5.004396
8550	1000	29	35	9	15.500000	12.750000	1.896996	5.002784
8551	1000	27	29	7	15.500000	12.750000	1.896996	5.001173
8552	1000	28	40	6	15.500000	12.750000	1.896191	5.001173
8553	1000	28	22	5	15.500000	13.750000	1.901026	4.898022
8554	1000	24	22	4	15.500000	12.750000	1.898608	5.004396
8555	1000	23	37	5	15.500000	12.750000	1.886520	4.988279
8557	1000	21	28	5	15.500000	12.750000	1.896191	4.997949
8558	1000	25	28	9	15.500000	12.750000	1.885714	4.991502
8559	1000	33	24	8	15.500000	13.500000	1.902637	4.922198
8560	1000	29	31	5	15.500000	13.500000	1.892161	4.894799
8561	1000	25	23	4	15.500000	13.500000	1.899414	4.899634
8562	1000	30	24	6	15.500000	13.500000	1.892161	4.893187
8563	1000	25	30	7	15.500000	12.750000	1.897802	5.001173
8564	1000	29	21	1	15.500000	13.500000	1.904249	4.922198
8565	1000	15	19	1	15.500000	13.000000	1.897802	4.999561
8566	1000	26	27	8	15.500000	13.500000	1.905055	4.925421
8567	1000	22	40	5	15.500000	13.500000	1.899414	4.899634
8568	1000	33	30	9	15.500000	13.500000	1.905055	4.922198
8569	1000	22	20	5	15.500000	13.500000	1.903443	4.923810
8570	1000	33	25	3	15.500000	13.000000	1.900220	5.004396
8571	1000	28	24	6	15.500000	13.500000	1.903443	4.920586
8572	1000	26	24	5	15.500000	13.500000	1.903443	4.923810
8573	1000	21	24	6	15.500000	13.500000	1.899414	4.901246
8575	1000	31	32	7	15.500000	13.000000	1.898608	5.001173
8576	1000	24	28	4	15.500000	13.000000	1.898608	5.001173
8577	1000	34	35	7	15.500000	13.000000	1.901026	4.980220
8578	1000	33	32	13	15.500000	13.500000	1.905055	4.922198
8579	1000	20	34	2	15.500000	13.500000	1.903443	4.923810
8580	1000	28	30	4	15.500000	13.500000	1.899414	4.898022
8581	1000	30	24	6	15.500000	13.500000	1.901832	4.918974
8582	1000	19	29	4	15.500000	13.500000	1.899414	4.899634
8583	1000	27	33	10	15.500000	13.500000	1.905055	4.923810
8584	1000	29	26	5	15.500000	13.250000	1.902637	4.972162
8585	1000	22	34	7	15.500000	13.500000	1.905055	4.923810
8586	1000	25	18	4	15.500000	13.250000	1.904249	4.978609
8587	1000	21	28	4	15.500000	13.250000	1.906667	4.975385
8588	1000	22	19	4	15.500000	13.250000	1.904249	4.975385
8589	1000	32	29	8	15.500000	13.000000	1.901026	4.976997
8590	1000	24	20	1	15.500000	13.250000	1.905861	4.976997
8591	1000	29	26	7	15.500000	13.000000	1.900220	5.001173
8593	1000	33	28	4	15.500000	13.000000	1.901026	4.976997
8594	1000	24	30	6	15.500000	12.750000	1.888938	4.985055
8595	1000	30	32	11	15.500000	13.000000	1.902637	5.006008
8596	1000	23	27	7	15.500000	13.750000	1.899414	4.896410
8597	1000	26	23	4	15.500000	13.000000	1.900220	5.001173
8598	1000	34	33	4	15.500000	13.250000	1.903443	4.972162
8599	1000	32	27	9	15.500000	13.000000	1.902637	5.004396
8600	1000	22	34	6	15.500000	13.250000	1.905861	4.976997
8601	1000	18	31	2	15.500000	13.500000	1.905861	4.922198
8602	1000	32	17	7	15.500000	13.500000	1.905861	4.920586
8603	1000	24	26	5	15.500000	13.500000	1.906667	4.925421
8604	1000	29	27	9	15.500000	13.500000	1.906667	4.922198
8605	1000	31	30	8	15.500000	13.000000	1.900220	4.997949
8606	1000	22	16	4	15.500000	13.500000	1.905055	4.918974
8607	1000	27	24	6	15.500000	13.000000	1.901026	4.975385
8608	1000	32	30	10	15.500000	13.000000	1.901026	4.975385
8609	1000	20	22	2	15.500000	13.000000	1.901832	5.002784
8611	1000	26	29	4	15.500000	13.000000	1.901026	4.975385
8612	1000	25	34	9	15.500000	13.250000	1.907473	4.978609
8613	1000	24	27	3	15.500000	13.500000	1.893773	4.907692
8614	1000	28	21	2	15.500000	13.000000	1.901832	5.001173
8615	1000	28	32	7	15.500000	13.500000	1.895385	4.912528
8616	1000	17	21	2	15.500000	13.000000	1.901026	4.975385
8617	1000	30	17	5	15.500000	13.500000	1.895385	4.912528
8618	1000	26	28	1	15.500000	13.250000	1.907473	4.975385
8619	1000	35	30	4	15.500000	12.750000	1.889744	4.991502
8620	1000	28	40	7	15.500000	13.500000	1.905861	4.922198
8621	1000	24	35	6	15.500000	13.500000	1.906667	4.922198
8622	1000	19	26	4	15.500000	12.750000	1.889744	4.991502
8623	1000	29	28	7	15.500000	13.250000	1.907473	4.978609
8624	1000	26	27	9	15.500000	13.500000	1.894579	4.904469
8625	1000	25	32	8	15.500000	13.500000	1.908278	4.925421
8626	1000	23	17	3	15.500000	12.750000	1.889744	4.991502
8627	1000	26	29	5	15.500000	13.250000	1.907473	4.978609
8629	1000	34	25	9	15.500000	13.500000	1.894579	4.902857
8630	1000	38	31	9	15.500000	13.500000	1.905861	4.922198
8631	1000	23	24	2	15.500000	13.000000	1.901832	5.002784
8632	1000	23	31	7	15.500000	13.000000	1.900220	5.001173
8633	1000	35	21	4	15.500000	13.250000	1.907473	4.976997
8634	1000	38	35	10	15.500000	13.500000	1.906667	4.925421
8635	1000	26	26	6	15.500000	13.000000	1.902637	5.002784
8636	1000	25	26	4	15.500000	13.000000	1.901832	5.001173
8637	1000	28	39	11	15.500000	13.000000	1.901832	5.001173
8638	1000	26	24	5	15.500000	13.250000	1.907473	4.978609
8639	1000	25	31	3	15.500000	13.000000	1.901832	5.001173
8640	1000	21	27	5	15.500000	13.500000	1.906667	4.923810
8641	1000	18	34	4	15.500000	13.000000	1.901026	4.975385
8642	1000	18	23	3	15.500000	13.500000	1.905055	4.920586
8643	1000	38	31	10	15.500000	13.500000	1.906667	4.922198
8644	1000	24	28	4	15.500000	13.000000	1.901832	5.002784
8645	1000	31	26	3	15.500000	13.500000	1.905861	4.920586
8647	1000	21	32	9	15.500000	13.500000	1.906667	4.922198
8648	1000	28	39	7	15.500000	13.500000	1.905055	4.923810
8649	1000	33	25	6	15.500000	13.000000	1.901832	5.004396
8650	1000	31	30	6	15.500000	13.500000	1.906667	4.923810
8651	1000	27	31	7	15.500000	13.500000	1.905861	4.922198
8652	1000	37	34	6	15.500000	13.000000	1.901026	4.973773
8653	1000	27	24	3	15.500000	13.000000	1.901832	5.004396
8654	1000	26	31	4	15.500000	13.000000	1.902637	5.007619
8655	1000	28	24	5	15.500000	13.000000	1.901026	4.975385
8656	1000	25	27	8	15.500000	13.500000	1.905055	4.920586
8657	1000	22	29	5	15.500000	13.000000	1.901026	4.975385
8658	1000	28	24	9	15.500000	13.000000	1.901026	4.975385
8659	1000	34	35	10	15.500000	13.500000	1.905055	4.920586
8660	1000	25	23	7	15.500000	13.250000	1.907473	4.978609
8661	1000	27	33	7	15.500000	13.500000	1.905055	4.923810
8662	1000	31	34	6	15.500000	13.000000	1.901026	4.973773
8663	1000	29	30	4	15.500000	13.000000	1.900220	4.999561
8665	1000	20	38	6	15.500000	13.500000	1.905055	4.922198
8666	1000	26	28	3	15.500000	13.500000	1.905861	4.922198
8667	1000	31	31	7	15.500000	13.500000	1.906667	4.923810
8668	1000	29	29	4	15.500000	13.000000	1.900220	5.001173
8669	1000	35	30	9	15.500000	13.500000	1.905861	4.927033
8670	1000	30	33	10	15.500000	13.500000	1.905861	4.925421
8671	1000	27	33	5	15.500000	13.500000	1.904249	4.918974
8672	1000	22	32	6	15.500000	13.000000	1.900220	5.001173
8673	1000	20	34	5	15.500000	13.500000	1.899414	4.899634
8674	1000	29	31	6	15.500000	13.250000	1.907473	4.981832
8675	1000	28	34	6	15.500000	13.500000	1.906667	4.925421
8676	1000	36	28	6	15.500000	13.500000	1.905861	4.928645
8677	1000	26	34	5	15.500000	13.000000	1.901026	4.975385
8678	1000	27	28	6	15.500000	13.000000	1.901026	4.976997
8679	1000	25	27	4	15.500000	13.500000	1.905055	4.920586
8680	1000	26	29	5	15.500000	13.000000	1.901026	4.978609
8681	1000	33	31	9	15.500000	13.500000	1.901832	4.912528
8683	1000	29	34	7	15.500000	13.500000	1.904249	4.917363
8684	1000	38	33	8	15.500000	13.000000	1.901026	4.978609
8685	1000	30	31	5	15.500000	13.500000	1.905861	4.923810
8686	1000	39	26	6	15.500000	13.000000	1.898608	4.997949
8687	1000	37	31	10	15.500000	13.500000	1.899414	4.899634
8688	1000	35	25	7	15.500000	13.500000	1.899414	4.898022
8689	1000	31	24	5	15.500000	13.500000	1.905055	4.922198
8690	1000	33	28	6	15.500000	13.500000	1.903443	4.923810
8691	1000	23	36	7	15.500000	13.000000	1.901026	4.978609
8692	1000	35	38	8	15.500000	13.500000	1.904249	4.920586
8693	1000	28	27	6	15.500000	13.000000	1.897802	4.996337
8694	1000	35	29	8	15.500000	13.000000	1.900220	5.002784
8695	1000	20	21	3	15.500000	13.500000	1.905861	4.925421
8696	1000	32	33	10	15.500000	13.500000	1.904249	4.922198
8697	1000	29	29	8	15.500000	13.500000	1.904249	4.923810
8698	1000	34	36	7	15.500000	13.500000	1.899414	4.899634
8699	1000	36	42	9	15.500000	13.000000	1.897802	4.999561
8701	1000	33	24	4	15.500000	13.500000	1.905055	4.922198
8702	1000	34	30	6	15.500000	13.000000	1.901026	4.975385
8703	1000	28	33	7	15.500000	13.000000	1.897802	4.997949
8704	1000	26	34	8	15.500000	13.000000	1.900220	5.002784
8705	1000	21	32	5	15.500000	13.500000	1.902637	4.922198
8706	1000	30	28	3	15.500000	13.500000	1.903443	4.922198
8707	1000	29	27	4	15.500000	13.500000	1.905055	4.925421
8708	1000	28	19	5	15.500000	13.000000	1.898608	4.999561
8709	1000	36	28	11	15.500000	13.500000	1.899414	4.899634
8710	1000	34	35	10	15.500000	13.500000	1.906667	4.927033
8711	1000	34	26	6	15.500000	13.500000	1.905861	4.927033
8712	1000	30	29	7	15.500000	13.500000	1.904249	4.925421
8713	1000	26	41	4	15.500000	13.500000	1.904249	4.925421
8714	1000	32	25	7	15.500000	13.500000	1.904249	4.922198
8715	1000	35	29	7	15.500000	13.000000	1.898608	5.002784
8716	1000	37	36	8	15.500000	13.000000	1.898608	5.002784
8717	1000	27	32	8	15.500000	13.500000	1.903443	4.920586
8719	1000	28	27	5	15.500000	13.000000	1.898608	5.002784
8720	1000	30	24	5	15.500000	12.750000	1.896191	4.997949
8721	1000	39	37	11	15.500000	13.500000	1.902637	4.920586
8722	1000	37	29	4	15.500000	13.000000	1.898608	5.001173
8723	1000	34	42	7	15.500000	13.500000	1.901832	4.918974
8724	1000	27	22	7	15.500000	13.500000	1.904249	4.925421
8725	1000	27	21	1	15.500000	12.750000	1.897802	5.001173
8726	1000	30	29	5	15.500000	12.750000	1.897802	5.001173
8727	1000	37	34	5	15.500000	13.500000	1.901832	4.925421
8728	1000	28	30	10	15.500000	13.500000	1.902637	4.923810
8729	1000	30	24	4	15.500000	13.500000	1.899414	4.898022
8730	1000	21	24	6	15.500000	13.000000	1.897802	4.999561
8731	1000	32	32	5	15.500000	13.500000	1.903443	4.923810
8732	1000	42	36	10	15.500000	13.500000	1.901832	4.925421
8733	1000	32	35	8	15.500000	12.750000	1.897802	5.001173
8734	1000	25	26	9	15.500000	13.500000	1.903443	4.923810
8735	1000	31	29	7	15.500000	13.500000	1.902637	4.922198
8737	1000	45	37	13	15.500000	13.500000	1.902637	4.922198
8738	1000	43	32	6	15.500000	13.000000	1.899414	4.994726
8739	1000	30	31	8	15.500000	13.500000	1.901832	4.920586
8740	1000	27	26	6	15.500000	13.500000	1.901832	4.922198
8741	1000	30	32	7	15.500000	13.500000	1.902637	4.927033
8742	1000	30	27	7	15.500000	12.750000	1.898608	5.004396
8743	1000	21	31	7	15.500000	12.750000	1.887326	5.004396
8744	1000	24	30	8	15.500000	13.500000	1.902637	4.922198
8745	1000	25	20	6	15.500000	12.750000	1.886520	4.991502
8746	1000	29	29	4	15.500000	13.500000	1.902637	4.925421
8747	1000	26	29	8	15.500000	13.250000	1.889744	4.909304
8748	1000	37	38	15	15.500000	13.500000	1.901832	4.922198
8749	1000	35	34	12	15.500000	12.750000	1.895385	4.997949
8750	1000	30	23	6	15.500000	12.750000	1.896996	5.002784
8751	1000	25	23	5	15.500000	13.500000	1.901832	4.927033
8752	1000	33	26	7	15.500000	13.500000	1.889744	4.901246
8753	1000	30	33	8	15.500000	12.750000	1.896996	5.002784
8755	1000	29	27	7	15.500000	12.750000	1.884909	4.988279
8756	1000	28	27	4	15.500000	13.500000	1.903443	4.927033
8757	1000	32	31	7	15.500000	13.250000	1.883297	4.904469
8758	1000	33	37	9	15.500000	12.750000	1.897802	5.002784
8759	1000	27	26	7	15.500000	12.750000	1.885714	4.991502
8760	1000	37	38	10	15.500000	12.750000	1.896191	5.001173
8761	1000	30	32	6	15.500000	12.750000	1.895385	5.001173
8762	1000	29	30	8	15.500000	13.000000	1.898608	5.001173
8763	1000	28	19	7	15.500000	12.750000	1.896191	5.004396
8764	1000	32	26	7	15.500000	13.250000	1.883297	4.907692
8765	1000	23	21	6	15.500000	13.000000	1.894579	4.973773
8766	1000	24	33	7	15.500000	13.250000	1.883297	4.906081
8767	1000	28	29	2	15.500000	13.750000	1.901026	4.899634
8768	1000	32	29	6	15.500000	13.250000	1.883297	4.909304
8769	1000	32	31	4	15.500000	12.750000	1.896191	5.004396
8770	1000	43	36	16	15.500000	12.750000	1.884909	4.994726
8771	1000	35	35	10	15.500000	13.000000	1.900220	4.973773
8773	1000	30	26	6	15.500000	12.750000	1.895385	5.001173
8774	1000	34	35	9	15.500000	12.750000	1.896191	4.999561
8775	1000	35	33	7	15.500000	12.750000	1.895385	5.004396
8776	1000	28	25	4	15.500000	13.000000	1.899414	4.981832
8777	1000	37	37	10	15.500000	12.750000	1.893773	4.997949
8778	1000	29	32	9	15.500000	13.000000	1.899414	5.001173
8779	1000	32	38	9	15.500000	12.750000	1.895385	5.002784
8780	1000	34	33	7	15.500000	13.500000	1.900220	4.922198
8781	1000	29	21	5	15.500000	12.750000	1.892161	5.004396
8782	1000	22	28	6	15.500000	12.750000	1.895385	5.001173
8783	1000	37	42	12	15.500000	12.500000	1.882491	4.994726
8784	1000	32	34	3	15.500000	13.000000	1.894579	4.978609
8785	1000	22	24	4	15.500000	13.000000	1.897802	4.973773
8786	1000	34	32	7	15.500000	12.750000	1.892967	5.001173
8787	1000	36	28	6	15.500000	12.750000	1.896191	5.001173
8788	1000	28	30	6	15.500000	13.000000	1.899414	5.004396
8789	1000	32	34	2	15.500000	13.000000	1.894579	4.973773
8791	1000	32	25	4	15.500000	12.750000	1.899414	5.007619
8792	1000	35	25	5	15.500000	13.500000	1.897802	4.920586
8793	1000	26	23	7	15.500000	12.750000	1.882491	4.991502
8794	1000	27	33	7	15.500000	12.750000	1.892967	5.001173
8795	1000	32	29	11	15.500000	13.500000	1.887326	4.896410
8796	1000	23	26	4	15.500000	13.500000	1.891355	4.896410
8797	1000	30	35	6	15.500000	13.000000	1.896191	4.972162
8798	1000	33	42	11	15.500000	13.500000	1.896996	4.923810
8799	1000	20	27	6	15.500000	12.750000	1.892161	5.001173
8800	1000	36	28	2	15.500000	13.500000	1.893773	4.904469
8801	1000	25	33	9	15.500000	13.500000	1.897802	4.922198
8802	1000	29	25	7	15.500000	13.250000	1.881685	4.893187
8803	1000	35	38	9	15.500000	12.750000	1.893773	5.004396
8804	1000	35	30	3	15.500000	13.250000	1.885714	4.914139
8805	1000	30	28	5	15.500000	12.750000	1.893773	5.007619
8806	1000	41	24	9	15.500000	13.250000	1.884103	4.914139
8807	1000	31	26	7	15.500000	13.500000	1.897802	4.925421
8809	1000	29	32	9	15.500000	12.500000	1.880073	4.988279
8810	1000	37	31	6	15.500000	13.250000	1.891355	4.922198
8811	1000	29	35	8	15.500000	12.750000	1.892161	5.001173
8812	1000	30	32	10	15.500000	12.500000	1.879267	4.991502
8813	1000	28	34	7	15.500000	13.500000	1.896996	4.922198
8814	1000	28	30	9	15.500000	13.000000	1.896191	4.973773
8815	1000	35	28	9	15.500000	12.750000	1.893773	5.006008
8816	1000	23	23	3	15.500000	13.500000	1.891355	4.896410
8817	1000	33	27	9	15.500000	12.750000	1.892161	5.004396
8818	1000	32	28	4	15.500000	13.000000	1.896191	4.980220
8819	1000	29	24	9	15.500000	12.750000	1.889744	5.001173
8820	1000	24	22	6	15.500000	13.250000	1.895385	4.922198
8821	1000	24	30	4	15.500000	12.750000	1.889744	5.001173
8822	1000	32	32	5	15.500000	12.750000	1.890550	5.004396
8823	1000	23	29	5	15.500000	12.750000	1.888938	5.001173
8824	1000	25	29	4	15.500000	13.250000	1.895385	4.922198
8825	1000	26	23	3	15.500000	12.750000	1.890550	5.001173
8827	1000	33	25	7	15.500000	13.250000	1.895385	4.923810
8828	1000	33	30	12	15.500000	12.750000	1.888938	5.001173
8829	1000	20	30	5	15.500000	13.250000	1.893773	4.925421
8830	1000	31	31	6	15.500000	13.250000	1.895385	4.922198
8831	1000	30	29	7	15.500000	13.250000	1.882491	4.914139
8832	1000	36	31	7	15.500000	13.250000	1.893773	4.918974
8833	1000	34	33	12	15.500000	12.500000	1.878462	4.994726
8834	1000	23	23	3	15.500000	13.500000	1.894579	4.893187
8835	1000	29	31	7	15.500000	12.750000	1.890550	5.002784
8836	1000	30	25	6	15.500000	13.250000	1.893773	4.922198
8837	1000	26	27	5	15.500000	13.000000	1.892967	4.976997
8838	1000	24	35	12	15.500000	12.750000	1.887326	5.001173
8839	1000	35	39	13	15.500000	12.750000	1.888938	5.002784
8840	1000	39	35	11	15.500000	13.250000	1.892161	4.920586
8841	1000	22	31	4	15.500000	12.750000	1.887326	4.997949
8842	1000	20	30	2	15.500000	13.250000	1.885714	4.896410
8843	1000	28	42	9	15.500000	13.250000	1.895385	4.925421
8845	1000	29	28	2	15.500000	13.250000	1.893773	4.925421
8846	1000	37	30	10	15.500000	13.250000	1.893773	4.928645
8847	1000	38	23	8	15.500000	13.250000	1.892161	4.922198
8848	1000	32	28	5	15.500000	12.750000	1.887326	5.001173
8849	1000	30	19	4	15.500000	12.750000	1.886520	5.001173
8850	1000	34	28	8	15.500000	12.750000	1.891355	5.001173
8851	1000	25	37	5	15.500000	12.750000	1.886520	5.001173
8852	1000	34	38	13	15.500000	12.750000	1.891355	4.999561
8853	1000	25	22	6	15.500000	13.250000	1.892161	4.922198
8854	1000	33	32	8	15.500000	12.750000	1.885714	4.999561
8855	1000	29	24	6	15.500000	13.250000	1.888938	4.918974
8856	1000	26	29	5	15.500000	12.750000	1.887326	5.002784
8857	1000	29	32	7	15.500000	12.750000	1.885714	5.001173
8858	1000	29	38	7	15.000000	13.250000	1.892161	4.927033
8859	1000	32	26	4	15.500000	12.500000	1.884103	4.997949
8860	1000	29	31	5	15.000000	12.750000	1.884909	4.997949
8861	1000	28	35	12	15.000000	12.500000	1.884909	5.001173
8863	1000	28	26	9	15.000000	13.250000	1.890550	4.922198
8864	1000	27	33	10	15.000000	13.250000	1.890550	4.922198
8865	1000	33	28	8	15.000000	13.250000	1.889744	4.918974
8866	1000	29	42	10	15.000000	13.250000	1.890550	4.922198
8867	1000	32	31	8	15.000000	12.500000	1.885714	5.004396
8868	1000	32	23	7	15.000000	12.750000	1.884909	4.997949
8869	1000	26	35	10	15.000000	12.500000	1.884103	5.001173
8870	1000	33	28	7	15.500000	12.500000	1.884909	5.002784
8871	1000	28	26	9	15.000000	13.250000	1.888938	4.920586
8872	1000	33	39	10	15.000000	13.250000	1.888938	4.923810
8873	1000	30	33	9	15.000000	13.250000	1.889744	4.923810
8874	1000	19	27	3	15.000000	13.250000	1.883297	4.896410
8875	1000	37	37	13	15.000000	13.250000	1.889744	4.925421
8876	1000	40	31	12	15.000000	12.500000	1.884103	5.002784
8877	1000	28	39	6	15.000000	13.250000	1.888938	4.928645
8878	1000	23	36	8	15.000000	13.500000	1.888132	4.898022
8879	1000	32	37	8	15.000000	13.250000	1.888938	4.920586
8881	1000	41	30	10	15.000000	12.500000	1.884103	5.002784
8882	1000	27	32	8	15.000000	12.750000	1.881685	4.973773
8883	1000	37	39	11	15.000000	13.500000	1.888132	4.899634
8884	1000	20	31	5	15.000000	13.250000	1.888938	4.922198
8885	1000	33	16	6	15.000000	13.250000	1.886520	4.918974
8886	1000	31	46	11	15.000000	12.500000	1.882491	5.001173
8887	1000	18	25	3	15.000000	13.500000	1.888132	4.899634
8888	1000	34	33	11	15.000000	12.750000	1.881685	4.975385
8889	1000	30	25	6	15.000000	12.500000	1.882491	5.001173
8890	1000	29	25	4	15.000000	12.500000	1.880879	4.999561
8891	1000	28	27	8	15.000000	12.500000	1.880879	5.001173
8892	1000	25	31	5	15.000000	12.500000	1.880879	5.001173
8893	1000	30	35	10	15.000000	13.250000	1.887326	4.925421
8894	1000	33	31	5	15.000000	13.250000	1.884103	4.917363
8895	1000	30	34	10	15.000000	13.250000	1.884909	4.917363
8896	1000	29	37	6	15.000000	13.250000	1.884909	4.923810
8897	1000	30	36	9	15.000000	12.750000	1.881685	4.975385
8899	1000	33	37	11	15.000000	13.250000	1.884909	4.920586
8900	1000	25	25	6	15.000000	13.250000	1.886520	4.922198
8901	1000	29	27	6	15.000000	12.500000	1.879267	4.997949
8902	1000	25	28	9	15.000000	12.500000	1.880073	5.001173
8903	1000	28	26	6	15.000000	13.250000	1.884103	4.922198
8904	1000	31	19	7	15.000000	13.250000	1.884909	4.923810
8905	1000	26	29	5	15.000000	13.250000	1.882491	4.915751
8906	1000	29	37	10	15.000000	13.250000	1.885714	4.925421
8907	1000	26	21	1	15.000000	12.500000	1.867985	4.975385
8908	1000	23	17	2	15.000000	12.500000	1.883297	5.001173
8909	1000	35	26	7	15.000000	12.250000	1.870403	5.001173
8910	1000	28	34	5	15.000000	12.500000	1.878462	5.001173
8911	1000	32	26	8	15.000000	12.500000	1.866374	4.972162
8912	1000	23	37	9	15.000000	13.000000	1.882491	4.923810
8913	1000	39	34	10	15.000000	12.250000	1.867985	4.997949
8914	1000	35	25	6	15.000000	13.250000	1.884103	4.923810
8916	1000	33	34	4	15.000000	12.500000	1.878462	5.001173
8917	1000	29	30	7	15.000000	13.000000	1.882491	4.922198
8918	1000	29	26	8	15.000000	12.500000	1.876850	5.001173
8919	1000	24	25	7	15.000000	12.500000	1.876850	5.001173
8920	1000	33	27	6	15.000000	12.500000	1.876850	4.999561
8921	1000	33	34	11	15.000000	12.500000	1.876044	5.001173
8922	1000	31	36	7	15.000000	13.000000	1.880879	4.920586
8923	1000	16	35	6	15.000000	12.500000	1.876850	4.999561
8924	1000	22	30	7	15.000000	12.500000	1.874432	4.997949
8925	1000	21	24	0	15.000000	12.500000	1.876044	5.001173
8926	1000	30	24	4	15.000000	12.500000	1.874432	4.997949
8927	1000	40	32	11	15.000000	13.000000	1.880879	4.925421
8928	1000	33	31	5	15.000000	12.500000	1.875238	4.972162
8929	1000	27	16	3	15.000000	12.500000	1.876850	5.004396
8930	1000	33	29	10	15.000000	12.250000	1.874432	5.001173
8931	1000	23	26	2	15.000000	13.000000	1.880073	4.922198
8932	1000	35	20	6	15.000000	12.750000	1.865568	4.907692
8934	1000	34	27	8	15.000000	13.000000	1.879267	4.923810
8935	1000	28	25	5	15.000000	12.750000	1.865568	4.907692
8936	1000	27	31	8	15.000000	13.000000	1.879267	4.922198
8937	1000	22	30	4	15.000000	12.250000	1.863150	4.991502
8938	1000	31	31	7	15.000000	12.250000	1.874432	5.001173
8939	1000	27	37	7	15.000000	12.750000	1.866374	4.909304
8940	1000	36	28	6	15.000000	13.000000	1.878462	4.922198
8941	1000	30	26	4	15.000000	12.250000	1.867180	4.991502
8942	1000	29	26	5	15.000000	13.000000	1.865568	4.899634
8943	1000	29	31	8	15.000000	13.000000	1.878462	4.922198
8944	1000	33	31	9	15.000000	12.250000	1.860733	4.988279
8945	1000	21	31	5	15.000000	13.000000	1.877656	4.922198
8946	1000	29	26	5	15.000000	12.250000	1.859927	4.985055
8947	1000	29	27	8	15.000000	12.250000	1.872821	5.001173
8948	1000	23	18	4	15.000000	12.750000	1.864762	4.909304
8949	1000	27	29	7	15.000000	12.250000	1.872015	5.001173
8950	1000	31	26	8	15.000000	13.000000	1.863956	4.889964
8952	1000	28	28	10	15.000000	13.000000	1.876044	4.917363
8953	1000	30	31	4	15.000000	12.250000	1.872015	4.999561
8954	1000	31	31	5	15.000000	12.250000	1.875238	5.001173
8955	1000	19	26	4	15.000000	13.000000	1.874432	4.915751
8956	1000	29	22	7	15.000000	12.250000	1.871209	4.997949
8957	1000	31	23	4	15.000000	12.250000	1.869597	5.001173
8958	1000	26	28	8	15.000000	12.250000	1.871209	5.001173
8959	1000	28	35	6	15.000000	12.250000	1.866374	4.991502
8960	1000	31	36	12	15.000000	12.500000	1.873626	4.972162
8961	1000	21	34	5	15.000000	12.500000	1.874432	4.970550
8962	1000	23	26	6	15.000000	12.500000	1.868791	4.972162
8963	1000	27	25	5	15.000000	12.000000	1.858315	4.988279
8964	1000	29	21	7	15.000000	13.000000	1.874432	4.920586
8965	1000	35	26	6	15.000000	12.750000	1.859927	4.907692
8966	1000	32	31	6	15.000000	13.000000	1.872015	4.922198
8967	1000	20	27	9	15.000000	13.000000	1.860733	4.889964
8968	1000	22	24	2	15.000000	13.000000	1.872821	4.922198
8970	1000	26	20	2	15.000000	12.000000	1.857509	4.988279
8971	1000	36	29	10	15.000000	12.750000	1.852674	4.881905
8972	1000	27	32	9	15.000000	13.000000	1.867180	4.896410
8973	1000	27	28	3	15.000000	12.250000	1.865568	4.994726
8974	1000	34	23	5	15.000000	12.250000	1.865568	4.996337
8975	1000	33	36	11	15.000000	12.250000	1.867985	4.997949
8976	1000	18	25	4	15.000000	13.000000	1.867180	4.899634
8977	1000	34	41	10	15.000000	13.000000	1.871209	4.922198
8978	1000	33	35	9	15.000000	12.250000	1.866374	4.997949
8979	1000	31	31	5	15.000000	12.500000	1.859927	4.949597
8980	1000	35	25	4	15.000000	12.750000	1.870403	4.922198
8981	1000	37	28	13	15.000000	12.250000	1.856703	4.973773
8982	1000	20	38	7	15.000000	12.500000	1.871209	4.975385
8983	1000	27	25	5	15.000000	12.250000	1.863150	4.996337
8984	1000	28	33	8	15.000000	12.500000	1.867985	4.972162
8985	1000	26	24	8	15.000000	12.250000	1.864762	4.997949
8986	1000	29	29	9	15.000000	13.000000	1.868791	4.902857
8988	1000	27	29	5	15.000000	12.250000	1.863150	4.996337
8989	1000	37	42	14	15.000000	13.000000	1.868791	4.904469
8990	1000	23	28	7	15.000000	13.000000	1.865568	4.904469
8991	1000	20	28	8	15.000000	12.250000	1.863956	5.001173
8992	1000	26	24	2	15.000000	12.750000	1.856703	4.909304
8993	1000	25	24	5	15.000000	12.750000	1.869597	4.922198
8994	1000	29	22	6	15.000000	12.750000	1.855898	4.896410
8995	1000	19	26	2	15.000000	12.250000	1.863150	5.001173
8996	1000	29	30	11	15.000000	12.750000	1.855092	4.909304
8997	1000	29	15	3	15.000000	12.250000	1.867180	4.997949
8998	1000	27	29	5	15.000000	12.500000	1.866374	4.972162
8999	1000	32	29	4	15.000000	12.750000	1.863150	4.901246
9000	1000	24	31	4	15.000000	12.250000	1.862344	4.975385
