quad V2.5
time	int	cnt1	cnt2	cnt3	cnt4	1&2	1&3	1&4	2&3	2&4	3&4	1&2&3	1&2&4	1&3&4	2&3&4	1&2&3&4	digTemp	temp	adct	adcr	adcp	pressure
1413032122	1000	36	37	29	31	8	10	11	6	10	4	0	1	2	0	0	2.50	0.25	1.271649	4.848059	0.779887	7.868518
1413032123	1000	34	30	27	31	6	9	7	5	10	4	1	1	0	0	0	2.50	0.25	1.272454	4.852894	0.784165	7.961739
1413032124	1000	30	30	29	30	5	7	11	9	10	3	0	2	0	1	0	2.50	0.25	1.271649	4.851282	0.781313	7.892694
1413032125	1000	35	22	26	31	3	10	6	4	11	6	0	0	0	3	0	2.50	0.25	1.270037	4.841612	0.779887	7.896209
1413032126	1000	28	24	35	18	4	11	2	5	4	4	0	0	1	0	0	2.50	0.25	1.270037	4.844835	0.775610	7.768223
1413032127	1000	43	30	29	36	5	11	14	5	7	3	0	0	1	0	0	2.50	0.25	1.270037	4.844835	0.779887	7.882355
1413032128	1000	26	27	32	25	4	9	7	10	5	4	0	0	1	1	0	2.50	0.25	1.270037	4.848059	0.778462	7.830500
1413032129	1000	25	26	27	31	4	6	10	7	5	6	1	1	2	1	1	2.50	0.25	1.269231	4.844835	0.778462	7.844311
1413032130	1000	35	23	25	22	7	9	7	6	6	7	1	1	2	2	0	2.50	0.25	1.270037	4.848059	0.777036	7.792481
1413032131	1000	29	26	32	30	5	5	5	9	11	3	0	1	0	0	0	2.50	0.25	1.269231	4.844835	0.778462	7.844311
1413032132	1000	31	36	25	27	7	5	7	8	6	4	1	0	0	0	0	2.50	0.25	1.270037	4.848059	0.778462	7.830500
1413032133	1000	41	35	37	43	7	10	13	14	8	10	2	0	0	3	0	2.50	0.25	1.268425	4.843224	0.778462	7.851223
1413032134	1000	30	29	25	31	4	6	6	9	11	2	0	0	0	1	0	2.50	0.25	1.270037	4.846447	0.775610	7.761340
1413032135	1000	32	32	27	31	8	6	11	7	9	4	1	1	1	0	0	2.50	0.25	1.267619	4.843224	0.774184	7.737054
1413032136	1000	38	37	29	30	5	8	16	13	5	3	2	0	2	0	0	2.50	0.25	1.266813	4.843224	0.775610	7.775110
1413032137	1000	28	30	27	42	6	3	14	12	9	6	1	1	1	1	0	2.50	0.25	1.266007	4.841612	0.775610	7.782001
1413032138	1000	30	26	32	32	6	11	6	7	9	5	2	2	0	0	0	2.50	0.25	1.266813	4.843224	0.774184	7.737054
1413032139	1000	31	28	24	34	1	6	9	4	13	4	0	0	1	1	0	2.00	0.25	1.266813	4.841612	0.822660	9.038283
1413032140	1000	30	30	31	33	5	10	6	7	8	9	1	0	0	2	0	2.00	0.25	1.266813	4.844835	0.771333	7.654092
1413032141	1000	28	27	21	31	4	6	4	1	7	6	0	0	0	0	0	2.00	0.25	1.266813	4.844835	0.774184	7.730179
1413032142	1000	25	33	38	23	4	10	7	13	8	1	1	1	0	0	0	2.00	0.25	1.266007	4.843224	0.774184	7.737054
1413032143	1000	26	40	23	30	10	6	4	6	11	7	1	1	0	2	0	2.00	0.00	1.265202	4.844835	0.775610	7.768223
1413032144	1000	27	27	28	24	7	7	5	7	7	4	3	1	1	1	1	2.00	0.00	1.266813	4.849670	0.769907	7.595566
1413032145	1000	31	33	36	25	4	17	6	9	7	1	2	0	0	0	0	2.00	0.25	1.265202	4.841612	0.772759	7.705864
1413032146	1000	36	23	34	39	4	8	16	8	9	5	2	0	0	0	0	2.00	0.25	1.266007	4.844835	0.772759	7.692136
1413032147	1000	39	31	38	26	9	14	9	8	9	2	1	2	0	1	0	2.00	0.25	1.266007	4.844835	0.772759	7.692136
1413032148	1000	33	29	31	22	7	8	7	11	7	4	1	2	1	1	1	2.00	0.00	1.264396	4.843224	0.772759	7.698997
1413032149	1000	27	28	31	25	5	8	6	5	9	4	0	1	1	1	0	2.00	0.00	1.265202	4.848059	0.771333	7.640408
1413032150	1000	26	26	24	28	4	6	9	7	5	5	0	1	1	1	0	2.00	0.00	1.264396	4.841612	0.772759	7.705864
1413032151	1000	36	35	33	23	10	9	6	8	10	4	1	1	0	0	0	2.00	0.00	1.263590	4.844835	0.772759	7.692136
1413032152	1000	25	22	36	31	2	8	8	13	6	6	2	1	2	1	1	2.00	0.00	1.262784	4.841612	0.765630	7.515516
1413032153	1000	21	28	39	31	2	8	6	5	9	11	0	0	2	1	0	2.00	0.00	1.264396	4.844835	0.769907	7.616049
1413032154	1000	38	20	28	32	2	13	13	2	7	5	0	1	1	0	0	2.00	0.00	1.262784	4.840000	0.769907	7.636572
1413032155	1000	38	34	34	30	8	12	11	8	8	3	1	2	1	0	0	2.00	0.00	1.261978	4.841612	0.771333	7.667794
1413032156	1000	27	38	27	34	7	6	11	11	10	5	2	1	0	0	0	2.00	0.00	1.261978	4.841612	0.764204	7.477448
1413032157	1000	31	33	22	25	9	7	7	8	8	3	1	3	1	1	1	2.00	0.00	1.261978	4.841612	0.768481	7.591657
1413032158	1000	37	30	36	25	7	14	7	10	7	4	3	0	0	0	0	2.00	0.00	1.262784	4.843224	0.769907	7.622885
1413032159	1000	30	32	27	25	2	8	10	8	8	3	0	0	2	0	0	2.00	0.00	1.261978	4.841612	0.768481	7.591657
1413032160	1000	20	27	25	34	2	8	6	5	7	8	0	1	1	1	0	2.00	0.00	1.261172	4.836777	0.765630	7.535952
1413032161	1000	28	22	29	23	5	12	6	6	6	6	2	1	0	1	0	2.00	0.00	1.260366	4.840000	0.761353	7.408080
1413032162	1000	29	25	36	39	2	10	13	6	4	7	0	0	3	0	0	2.00	0.00	1.261172	4.841612	0.768481	7.591657
1413032163	1000	26	29	35	37	3	13	7	8	7	10	2	0	1	0	0	2.00	0.00	1.261172	4.841612	0.767056	7.553586
1413032164	1000	36	46	36	39	8	12	9	17	17	9	1	1	2	5	0	2.00	0.00	1.260366	4.838388	0.767056	7.567230
1413032165	1000	30	22	31	27	4	11	3	5	5	4	0	0	0	0	0	2.00	0.00	1.260366	4.844835	0.767056	7.539959
1413032166	1000	22	30	30	30	4	10	4	7	9	4	2	0	0	1	0	2.00	0.00	1.259561	4.838388	0.768481	7.605328
1413032167	1000	36	24	37	32	3	13	8	8	8	6	1	0	1	1	0	2.00	0.00	1.260366	4.838388	0.768481	7.605328
1413032168	1000	27	35	32	37	5	11	5	8	10	8	1	1	0	2	0	2.00	0.00	1.259561	4.840000	0.764204	7.484242
1413032169	1000	35	31	31	26	8	11	7	7	9	8	0	1	1	2	0	2.00	0.00	1.259561	4.840000	0.764204	7.484242
1413032170	1000	25	22	27	21	3	9	5	4	2	6	0	0	0	0	0	2.00	0.00	1.258755	4.836777	0.781313	7.955132
1413032171	1000	25	27	25	20	6	11	6	6	5	3	2	0	2	0	0	2.00	0.00	1.258755	4.841612	0.765630	7.515516
1413032172	1000	33	29	27	33	6	4	10	3	11	4	0	2	0	0	0	2.00	0.00	1.257143	4.831942	0.765630	7.556430
1413032173	1000	32	35	35	31	5	9	7	9	10	7	2	0	1	0	0	2.00	0.00	1.258755	4.841612	0.764204	7.477448
1413032174	1000	39	43	43	42	12	11	18	14	11	8	2	3	3	2	0	2.00	0.00	1.257949	4.840000	0.764204	7.484242
1413032175	1000	21	23	31	32	3	9	8	8	5	7	1	0	1	0	0	2.00	0.00	1.258755	4.841612	0.764204	7.477448
1413032176	1000	33	38	32	36	6	10	8	9	13	6	0	2	1	1	0	2.00	0.00	1.257143	4.838388	0.765630	7.529136
1413032177	1000	27	26	37	24	3	9	6	3	7	2	0	0	0	0	0	2.00	0.00	1.257143	4.840000	0.761353	7.408080
1413032178	1000	17	32	35	29	0	7	3	13	8	4	0	0	0	2	0	2.00	0.00	1.257949	4.840000	0.754224	7.217670
1413032179	1000	38	41	41	44	4	13	10	10	13	10	1	0	1	0	0	2.00	0.00	1.255531	4.835165	0.762778	7.466535
1413032180	1000	29	38	33	33	11	8	6	12	7	6	3	1	0	2	0	2.00	0.00	1.257143	4.838388	0.762778	7.452948
1413032181	1000	23	31	26	30	3	6	7	7	9	3	0	1	1	0	0	2.00	0.00	1.255531	4.836777	0.762778	7.459739
1413032182	1000	33	29	27	26	7	10	6	3	10	5	0	1	0	0	0	2.00	0.00	1.254725	4.835165	0.762778	7.466535
1413032183	1000	23	34	33	32	9	4	8	9	13	8	1	1	0	2	0	2.00	0.00	1.255531	4.838388	0.762778	7.452948
1413032184	1000	28	28	28	31	6	8	9	5	8	5	1	0	1	0	0	2.00	0.00	1.255531	4.838388	0.761353	7.414853
1413032185	1000	34	26	25	35	10	5	11	6	5	6	2	0	2	0	0	2.00	0.00	1.254725	4.836777	0.761353	7.421632
1413032186	1000	37	28	31	32	6	11	10	7	11	5	1	3	1	0	0	2.00	0.00	1.254725	4.836777	0.788442	8.145669
1413032187	1000	31	32	28	31	6	9	6	8	7	5	0	0	0	0	0	2.00	0.00	1.253919	4.835165	0.759927	7.390295
1413032188	1000	20	26	22	24	4	3	6	7	10	4	0	1	0	1	0	2.00	0.00	1.253114	4.835165	0.759927	7.390295
1413032189	1000	39	34	27	34	10	7	11	7	7	4	1	1	0	0	0	2.00	0.00	1.253114	4.830330	0.755650	7.296158
1413032190	1000	29	25	30	29	6	5	9	4	10	4	0	0	1	1	0	2.00	0.00	1.253919	4.836777	0.759927	7.383524
1413032191	1000	40	38	27	29	13	10	12	8	8	3	3	2	1	0	1	2.00	0.00	1.253919	4.836777	0.755650	7.269203
1413032192	1000	18	23	26	25	6	6	4	5	6	5	2	2	1	1	1	2.00	0.00	1.253114	4.835165	0.759927	7.390295
1413032193	1000	25	29	28	25	3	4	8	9	5	4	1	0	0	1	0	2.00	0.00	1.252308	4.835165	0.759927	7.390295
1413032194	1000	23	31	34	33	4	7	4	8	10	9	1	0	1	0	0	2.00	0.00	1.253114	4.838388	0.758501	7.338663
1413032195	1000	34	36	29	42	4	11	7	5	20	5	0	0	1	1	0	2.00	0.00	1.252308	4.836777	0.757075	7.307310
1413032196	1000	30	30	29	26	6	5	7	11	5	6	2	0	0	1	0	2.00	0.00	1.252308	4.836777	0.757075	7.307310
1413032197	1000	33	32	31	33	3	8	13	15	9	2	0	2	0	1	0	2.00	-0.25	1.249084	4.827106	0.755650	7.309664
1413032198	1000	30	30	32	31	7	11	7	8	8	7	0	0	1	1	0	2.00	0.00	1.250696	4.827106	0.755650	7.309664
1413032199	1000	28	25	33	30	2	9	5	6	8	7	1	0	0	1	0	2.00	-0.25	1.251502	4.836777	0.757075	7.307310
1413032200	1000	32	31	38	38	7	9	10	9	9	5	1	2	1	2	1	2.00	-0.25	1.250696	4.831942	0.755650	7.289413
1413032201	1000	29	31	36	36	4	11	7	13	6	5	1	0	0	0	0	2.00	-0.25	1.250696	4.838388	0.749947	7.110097
1413032202	1000	25	20	25	30	8	4	8	5	6	5	2	2	1	1	1	2.00	-0.25	1.249890	4.830330	0.758501	7.372475
1413032203	1000	21	37	33	19	7	8	3	12	7	3	2	1	2	1	1	2.00	-0.25	1.249890	4.835165	0.757075	7.314055
1413032204	1000	21	27	34	25	2	6	7	11	7	7	0	0	1	1	0	2.00	-0.25	1.250696	4.835165	0.754224	7.237815
1413032205	1000	34	24	36	28	5	9	11	8	6	6	2	1	0	0	0	2.00	-0.25	1.249890	4.836777	0.752798	7.192990
1413032206	1000	37	35	28	26	9	14	7	12	6	4	2	1	1	2	1	2.00	-0.25	1.249084	4.835165	0.752798	7.199697
1413032207	1000	35	35	36	25	6	9	9	9	9	6	0	3	2	1	0	2.00	-0.25	1.247473	4.828718	0.752798	7.226569
1413032208	1000	34	39	33	31	8	10	11	9	12	5	1	4	3	1	1	2.00	-0.25	1.247473	4.831942	0.752798	7.213122
1413032209	1000	36	30	38	31	6	7	12	9	5	5	1	0	0	0	0	2.00	-0.25	1.247473	4.831942	0.752798	7.213122
1413032210	1000	46	44	41	41	7	12	14	7	14	3	0	0	1	0	0	2.00	-0.25	1.247473	4.831942	0.752798	7.213122
1413032211	1000	27	33	29	32	4	6	10	8	11	1	1	0	1	0	0	2.00	-0.25	1.247473	4.833553	0.754224	7.244539
1413032212	1000	37	36	25	32	8	12	8	7	11	2	1	0	1	0	0	2.00	-0.25	1.247473	4.830330	0.747095	7.067210
1413032213	1000	27	23	27	35	3	5	9	4	9	8	0	0	2	1	0	2.00	-0.25	1.245861	4.828718	0.747095	7.073885
1413032214	1000	25	31	35	31	3	5	12	11	7	10	0	2	1	2	0	2.00	-0.25	1.247473	4.831942	0.749947	7.136832
1413032215	1000	23	34	36	25	6	6	5	9	8	6	1	2	1	1	0	2.00	-0.25	1.246667	4.831942	0.751372	7.174976
1413032216	1000	31	27	28	28	4	14	8	7	8	5	1	1	1	2	1	2.00	-0.25	1.245055	4.830330	0.751372	7.181684
1413032217	1000	38	30	41	39	9	10	13	7	12	11	1	4	2	1	1	2.00	-0.25	1.245861	4.825495	0.678659	5.253822
1413032218	1000	33	26	30	29	5	9	7	8	7	2	1	0	1	0	0	2.00	-0.25	1.244249	4.827106	0.744244	7.004195
1413032219	1000	25	38	34	28	3	8	6	9	12	2	0	1	0	0	0	2.00	-0.25	1.245055	4.825495	0.748521	7.125442
1413032220	1000	29	26	38	29	3	12	5	6	4	9	0	0	1	0	0	2.00	-0.25	1.245861	4.828718	0.749947	7.150226
1413032221	1000	28	31	26	24	6	8	7	10	5	4	2	0	1	0	0	2.00	-0.25	1.245055	4.830330	0.751372	7.181684
1413032222	1000	30	24	27	32	2	11	10	7	10	4	1	0	1	1	0	2.00	-0.25	1.245055	4.831942	0.742818	6.946105
1413032223	1000	36	33	30	30	6	8	13	9	10	3	0	2	0	1	0	2.00	-0.25	1.244249	4.828718	0.747095	7.073885
1413032224	1000	44	39	31	38	7	13	10	9	13	3	0	3	0	2	0	2.00	-0.25	1.243443	4.830330	0.747095	7.067210
1413032225	1000	31	32	35	21	8	15	5	12	9	4	4	1	1	1	1	2.00	-0.25	1.243443	4.825495	0.747095	7.087246
1413032226	1000	27	28	23	32	4	6	5	8	6	3	0	0	1	0	0	2.00	-0.25	1.243443	4.828718	0.747095	7.073885
1413032227	1000	27	36	27	27	6	9	5	10	9	3	3	0	1	0	0	2.00	-0.25	1.243443	4.831942	0.742818	6.946105
1413032228	1000	30	29	30	34	9	8	11	6	6	9	3	2	0	1	0	2.00	-0.25	1.242638	4.825495	0.747095	7.087246
1413032229	1000	30	33	37	35	5	9	12	14	5	7	2	2	3	0	1	2.00	-0.25	1.241832	4.827106	0.747095	7.080563
1413032230	1000	37	24	32	30	6	8	13	9	5	3	1	2	0	0	0	2.00	-0.25	1.242638	4.830330	0.748521	7.105370
1413032231	1000	34	28	30	37	5	11	8	7	8	5	2	0	1	0	0	2.00	-0.25	1.242638	4.830330	0.747095	7.067210
1413032232	1000	22	26	26	26	6	9	4	5	7	5	1	1	1	0	0	2.00	-0.25	1.241832	4.828718	0.735689	6.768517
1413032233	1000	38	26	23	33	8	11	8	4	6	4	0	1	1	0	0	1.50	-0.25	1.240220	4.825495	0.745669	7.049050
1413032234	1000	25	27	28	28	2	8	6	7	9	8	1	0	2	2	0	2.00	-0.25	1.241026	4.820660	0.745669	7.069086
1413032235	1000	32	25	26	37	5	10	7	9	11	4	2	1	1	1	0	1.50	-0.25	1.241026	4.830330	0.744244	6.990894
1413032236	1000	28	38	28	29	5	5	9	10	9	2	1	1	1	0	0	1.50	-0.50	1.240220	4.828718	0.745669	7.035714
1413032237	1000	20	23	26	28	3	6	4	7	5	5	0	0	0	2	0	1.50	-0.50	1.239414	4.825495	0.735689	6.781675
1413032238	1000	36	32	21	34	11	7	12	5	10	3	1	2	1	0	0	1.50	-0.50	1.237802	4.820660	0.744244	7.030850
1413032239	1000	31	29	28	33	4	11	7	4	10	6	0	1	1	1	0	1.50	-0.50	1.239414	4.828718	0.742818	6.959373
1413032240	1000	34	29	35	37	4	10	10	10	9	6	2	0	0	0	0	1.50	-0.50	1.239414	4.827106	0.738541	6.851462
1413032241	1000	38	18	27	30	5	9	8	6	3	4	2	0	0	0	0	1.50	-0.50	1.238608	4.825495	0.745669	7.049050
1413032242	1000	33	36	26	30	6	10	8	7	12	3	1	1	1	1	0	1.50	-0.50	1.237802	4.823883	0.742818	6.979305
1413032243	1000	35	35	36	27	8	9	7	11	6	3	1	0	0	1	0	1.50	-0.50	1.238608	4.827106	0.742818	6.966012
1413032244	1000	35	35	28	26	8	11	9	5	8	5	0	1	0	1	0	1.50	-0.50	1.237802	4.825495	0.739966	6.896265
1413032245	1000	28	33	19	31	6	2	7	10	5	2	1	0	1	0	0	1.50	-0.50	1.237802	4.823883	0.741392	6.941097
1413032246	1000	39	34	45	28	7	17	5	13	7	1	0	1	0	0	0	1.50	-0.50	1.237802	4.825495	0.742818	6.972657
1413032247	1000	31	26	32	39	7	10	8	7	8	6	2	0	1	2	0	1.50	-0.50	1.237802	4.825495	0.744244	7.010853
1413032248	1000	30	31	36	28	6	10	4	6	12	3	0	1	0	1	0	1.50	-0.50	1.236996	4.822271	0.754224	7.291734
1413032249	1000	28	27	28	33	0	11	8	6	7	6	0	0	1	0	0	1.50	-0.50	1.235385	4.820660	0.739966	6.916148
1413032250	1000	25	25	26	31	1	7	6	8	5	4	0	0	1	0	0	1.50	-0.50	1.236191	4.823883	0.741392	6.941097
1413032251	1000	35	37	21	31	9	7	6	9	6	3	2	0	1	0	0	1.50	-0.50	1.236191	4.825495	0.741392	6.934461
1413032252	1000	37	31	42	28	5	14	6	8	6	5	0	0	1	0	0	1.50	-0.50	1.236996	4.825495	0.739966	6.896265
1413032253	1000	38	22	26	26	7	10	6	4	5	5	0	0	1	0	0	1.50	-0.50	1.236191	4.822271	0.738541	6.871294
1413032254	1000	35	33	34	30	7	9	11	12	8	2	1	1	0	1	0	1.50	-0.50	1.235385	4.822271	0.732838	6.718406
1413032255	1000	27	31	32	39	3	5	6	10	9	6	0	1	0	0	0	1.50	-0.50	1.235385	4.825495	0.741392	6.934461
1413032256	1000	23	19	28	25	3	3	10	8	2	4	1	0	0	0	0	1.50	-0.50	1.235385	4.823883	0.739966	6.902888
1413032257	1000	33	19	35	20	4	18	4	5	4	3	2	0	0	0	0	1.50	-0.50	1.233773	4.820660	0.739966	6.916148
1413032258	1000	34	32	25	37	3	6	14	10	10	0	0	3	0	0	0	1.50	-0.50	1.235385	4.827106	0.748521	7.118746
1413032259	1000	32	25	37	30	6	12	5	4	8	7	0	1	2	0	0	1.50	-0.50	1.232161	4.819048	0.737115	6.846290
1413032260	1000	37	37	28	28	10	7	9	16	7	3	2	2	1	0	0	1.50	-0.50	1.234579	4.820660	0.739966	6.916148
1413032261	1000	34	25	35	42	5	11	11	9	7	12	2	1	2	2	1	1.50	-0.50	1.234579	4.823883	0.737115	6.826470
1413032262	1000	33	32	28	18	6	9	5	6	6	3	1	1	2	0	0	1.50	-0.50	1.234579	4.827106	0.737115	6.813278
1413032263	1000	35	31	35	28	5	11	9	7	5	4	1	0	0	0	0	1.50	-0.50	1.232967	4.822271	0.735689	6.794850
1413032264	1000	29	29	24	20	7	7	5	9	8	3	0	1	0	0	0	1.50	-0.50	1.232161	4.820660	0.737115	6.839679
1413032265	1000	27	27	24	36	5	9	5	5	9	8	1	2	1	0	1	1.50	-0.50	1.232161	4.815825	0.737115	6.859525
1413032266	1000	35	27	35	29	4	13	10	8	7	6	0	2	2	0	0	1.50	-0.50	1.232967	4.823883	0.737115	6.826470
1413032267	1000	25	29	26	26	6	7	9	9	7	6	0	1	2	0	0	1.50	-0.50	1.231355	4.820660	0.735689	6.801443
1413032268	1000	23	26	31	32	6	9	5	10	7	4	2	2	1	0	1	1.50	-0.50	1.231355	4.820660	0.729986	6.648506
1413032269	1000	39	26	39	29	8	10	11	10	2	8	1	0	2	1	0	1.50	-0.50	1.231355	4.820660	0.734263	6.763208
1413032270	1000	39	32	26	33	9	8	13	6	8	2	1	1	0	0	0	1.50	-0.50	1.231355	4.815825	0.734263	6.782979
1413032271	1000	40	24	23	26	7	8	13	6	8	2	2	2	0	0	0	1.50	-0.50	1.230549	4.819048	0.729986	6.655053
1413032272	1000	25	32	33	26	5	9	4	8	5	5	1	0	1	0	0	1.50	-0.50	1.230549	4.819048	0.735689	6.808042
1413032273	1000	23	31	39	26	5	10	4	11	5	7	2	0	1	0	0	1.50	-0.50	1.230549	4.819048	0.732838	6.731548
1413032274	1000	24	32	24	25	5	7	4	10	6	3	1	0	0	0	0	1.50	-0.50	1.229744	4.820660	0.734263	6.763208
1413032275	1000	27	28	26	31	7	3	7	8	5	4	1	1	0	1	0	1.50	-0.50	1.228938	4.817436	0.734263	6.776384
1413032276	1000	31	32	39	23	1	9	7	14	7	5	1	0	1	1	0	1.50	-0.50	1.230549	4.822271	0.735689	6.794850
1413032277	1000	29	35	32	29	6	10	8	13	9	5	1	1	0	2	0	1.50	-0.50	1.228938	4.817436	0.732838	6.738124
1413032278	1000	34	31	39	35	6	12	8	5	9	10	0	1	3	0	0	1.50	-0.50	1.229744	4.819048	0.732838	6.731548
1413032279	1000	35	38	40	30	6	10	8	10	5	8	1	0	1	1	0	1.50	-0.50	1.228938	4.817436	0.729986	6.661604
1413032280	1000	32	34	29	36	8	8	9	8	9	10	0	2	2	0	0	1.50	-0.75	1.228938	4.820660	0.731412	6.686741
1413032281	1000	25	32	28	32	3	4	8	11	7	3	0	0	1	0	0	1.50	-0.75	1.228132	4.820660	0.732838	6.724975
1413032282	1000	39	25	37	35	5	10	10	9	7	9	2	2	2	2	1	1.50	-0.75	1.226520	4.817436	0.731412	6.699865
1413032283	1000	26	24	26	31	1	6	8	4	10	5	0	0	1	1	0	1.50	-0.75	1.227326	4.819048	0.732838	6.731548
1413032284	1000	35	36	40	33	6	8	9	12	7	4	1	1	1	1	0	1.50	-0.75	1.226520	4.812601	0.759927	7.485557
1413032285	1000	32	30	43	20	6	12	11	10	3	6	2	2	2	1	1	1.50	-0.75	1.225714	4.815825	0.731412	6.706433
1413032286	1000	29	23	27	23	6	5	11	8	4	7	0	2	1	0	0	1.50	-0.75	1.226520	4.820660	0.732838	6.724975
1413032287	1000	35	30	33	26	6	9	7	8	6	6	0	0	1	1	0	1.50	-0.75	1.228132	4.817436	0.732838	6.738124
1413032288	1000	33	33	33	34	4	8	7	9	9	3	1	0	0	0	0	1.50	-0.75	1.226520	4.819048	0.731412	6.693300
1413032289	1000	42	37	33	33	13	8	9	7	11	5	1	1	0	1	0	1.50	-0.75	1.226520	4.823883	0.732838	6.711842
1413032290	1000	33	32	28	25	7	9	8	9	6	3	0	0	0	0	0	1.50	-0.75	1.225714	4.815825	0.729986	6.668161
1413032291	1000	31	30	30	24	7	11	5	9	9	2	1	1	0	1	0	1.50	-0.75	1.226520	4.819048	0.729986	6.655053
1413032292	1000	31	30	26	29	3	10	8	7	12	4	1	0	0	2	0	1.50	-0.75	1.226520	4.819048	0.729986	6.655053
1413032293	1000	32	37	36	36	7	11	9	10	12	8	3	2	2	2	1	1.50	-0.75	1.224103	4.815825	0.729986	6.668161
1413032294	1000	39	26	26	31	5	9	13	6	6	4	0	0	0	1	0	1.50	-0.75	1.225714	4.817436	0.725709	6.546822
1413032295	1000	33	38	34	33	10	8	10	7	8	7	1	1	2	0	0	1.50	-0.75	1.223297	4.812601	0.729986	6.681287
1413032296	1000	32	32	25	28	4	6	13	8	6	3	0	0	2	0	0	1.50	-0.75	1.223297	4.810989	0.727135	6.611232
1413032297	1000	23	20	29	25	3	5	4	5	5	5	0	0	0	1	0	1.50	-0.75	1.224103	4.819048	0.727135	6.578556
1413032298	1000	22	32	28	36	4	6	6	5	8	6	0	0	0	0	0	1.50	-0.75	1.224103	4.817436	0.727135	6.585083
1413032299	1000	29	33	23	40	4	8	9	5	11	5	0	1	2	1	0	1.50	-0.75	1.224103	4.817436	0.749947	7.197246
1413032300	1000	33	23	29	34	3	5	12	4	6	6	0	0	1	0	0	1.50	-0.75	1.222491	4.815825	0.729986	6.668161
1413032301	1000	22	27	36	30	5	5	5	9	7	6	0	0	0	0	0	1.50	-0.75	1.224103	4.822271	0.727135	6.565517
1413032302	1000	24	30	22	26	10	4	5	5	7	3	2	1	0	0	0	1.50	-0.75	1.224103	4.820660	0.720006	6.380861
1413032303	1000	25	25	33	37	2	9	11	7	12	8	1	1	2	2	1	1.50	-0.75	1.221685	4.812601	0.728560	6.642986
1413032304	1000	19	29	34	32	6	4	7	11	9	9	1	0	1	2	0	1.50	-0.75	1.222491	4.815825	0.727135	6.591612
1413032305	1000	38	44	37	31	6	7	7	15	12	7	0	1	0	1	0	1.50	-0.75	1.222491	4.815825	0.724283	6.515068
1413032306	1000	29	33	37	46	4	7	10	10	9	9	0	1	0	2	0	1.50	-0.75	1.221685	4.812601	0.727135	6.604688
1413032307	1000	29	33	27	42	5	7	8	5	12	7	1	0	0	1	0	1.50	-0.75	1.221685	4.817436	0.724283	6.508563
1413032308	1000	32	28	21	31	5	7	11	6	4	5	0	1	2	0	0	1.50	-0.75	1.219267	4.814213	0.724283	6.521575
1413032309	1000	31	29	28	30	4	9	7	8	4	4	1	0	1	0	0	1.50	-0.75	1.220879	4.809377	0.725709	6.579456
1413032310	1000	24	25	23	26	4	9	4	7	7	6	3	0	1	0	0	1.50	-0.75	1.220073	4.814213	0.752798	7.287294
1413032311	1000	29	24	22	28	1	6	6	4	8	5	1	0	1	0	0	1.50	-0.75	1.220879	4.812601	0.720006	6.413195
1413032312	1000	43	29	31	27	6	11	5	6	7	9	0	1	1	1	0	1.50	-0.75	1.219267	4.810989	0.724283	6.534609
1413032313	1000	27	32	32	33	4	6	5	9	12	7	0	1	0	2	0	1.50	-1.00	1.217656	4.812601	0.722857	6.489794
1413032314	1000	27	27	32	29	3	6	8	11	10	5	0	1	2	2	0	1.50	-0.75	1.220073	4.814213	0.724283	6.521575
1413032315	1000	37	26	33	22	4	10	6	6	3	8	0	0	2	0	0	1.50	-0.75	1.220879	4.814213	0.718580	6.368433
1413032316	1000	31	36	31	32	7	10	10	12	11	3	1	2	2	0	0	1.50	-0.75	1.218462	4.810989	0.720006	6.419674
1413032317	1000	29	25	27	25	4	5	4	7	7	1	0	1	0	0	0	1.50	-0.75	1.219267	4.812601	0.724283	6.528091
1413032318	1000	26	24	30	24	3	7	4	3	6	5	0	0	0	0	0	1.50	-0.75	1.219267	4.810989	0.721432	6.457987
1413032319	1000	24	31	21	28	6	6	8	8	8	3	0	1	0	1	0	1.50	-0.75	1.219267	4.814213	0.722857	6.483290
1413032320	1000	25	31	33	32	6	10	6	8	9	4	2	0	0	1	0	1.50	-0.75	1.218462	4.810989	0.744244	7.070969
1413032321	1000	32	36	32	36	6	7	11	8	16	8	0	2	2	3	0	1.50	-1.00	1.216850	4.809377	0.715729	6.311185
1413032322	1000	32	32	32	34	3	9	12	8	12	6	0	0	1	2	0	1.50	-0.75	1.217656	4.809377	0.721432	6.464483
1413032323	1000	30	33	25	28	8	6	6	3	11	5	0	0	0	1	0	1.50	-0.75	1.217656	4.809377	0.721432	6.464483
1413032324	1000	29	29	29	32	4	9	10	5	7	8	0	0	4	0	0	1.50	-1.00	1.217656	4.812601	0.721432	6.451494
1413032325	1000	36	34	37	37	8	12	6	9	13	8	1	2	0	2	0	1.50	-1.00	1.216850	4.812601	0.717154	6.336598
1413032326	1000	29	30	22	31	4	8	4	6	11	4	2	1	0	0	0	1.50	-1.00	1.215238	4.804542	0.721432	6.483999
1413032327	1000	31	36	22	33	8	7	9	2	11	4	0	2	1	1	0	1.50	-0.75	1.217656	4.806154	0.722857	6.515840
1413032328	1000	32	34	23	18	5	5	3	7	8	1	0	0	0	0	0	1.50	-1.00	1.216850	4.814213	0.717154	6.330147
1413032329	1000	24	31	22	31	2	5	8	6	10	1	1	0	0	0	0	1.50	-1.00	1.216850	4.812601	0.718580	6.374897
1413032330	1000	26	31	35	31	3	7	8	11	6	5	0	0	1	0	0	1.50	-1.00	1.215238	4.810989	0.714303	6.266429
1413032331	1000	25	27	33	31	1	11	7	6	6	7	0	0	0	0	0	1.50	-1.00	1.215238	4.807765	0.720006	6.432645
1413032332	1000	26	33	29	28	7	11	6	9	7	6	2	2	2	1	1	1.50	-1.00	1.214432	4.806154	0.720006	6.439138
1413032333	1000	33	37	25	32	11	9	6	12	12	5	3	2	0	1	0	1.50	-1.00	1.216044	4.812601	0.717154	6.336598
1413032334	1000	27	46	38	37	6	6	11	11	14	7	1	0	1	2	0	1.50	-1.00	1.215238	4.812601	0.717154	6.336598
1413032335	1000	29	34	36	34	7	3	9	14	9	8	0	1	0	1	0	1.00	-1.00	1.215238	4.812601	0.715729	6.298301
1413032336	1000	31	30	25	29	8	7	6	7	8	3	2	0	1	0	0	1.50	-1.00	1.212821	4.804542	0.718580	6.407273
1413032337	1000	33	25	21	33	5	8	10	5	7	3	1	3	0	0	0	1.00	-1.00	1.214432	4.809377	0.717154	6.349510
1413032338	1000	30	27	27	25	3	4	11	7	9	3	0	1	0	1	0	1.50	-1.00	1.213626	4.809377	0.717154	6.349510
1413032339	1000	37	24	30	26	7	9	9	5	6	2	1	1	1	0	0	1.00	-1.00	1.212015	4.806154	0.717154	6.362439
1413032340	1000	28	36	33	26	11	8	4	7	11	2	0	2	0	1	0	1.00	-1.00	1.213626	4.810989	0.717154	6.343052
1413032341	1000	29	31	40	37	6	12	6	10	12	7	1	0	0	2	0	1.00	-1.00	1.212821	4.807765	0.714303	6.279299
1413032342	1000	27	24	28	28	1	11	7	6	5	1	0	0	0	0	0	1.00	-1.00	1.212015	4.806154	0.714303	6.285739
1413032343	1000	32	35	39	41	3	12	9	8	14	7	2	1	1	1	0	1.00	-1.00	1.212821	4.807765	0.715729	6.317635
1413032344	1000	38	32	33	35	7	11	15	8	10	3	2	1	1	0	0	1.00	-1.00	1.212821	4.810989	0.717154	6.343052
1413032345	1000	38	30	31	34	6	10	11	4	8	5	0	1	0	1	0	1.00	-1.00	1.212015	4.807765	0.715729	6.317635
1413032346	1000	29	29	31	29	3	13	9	6	5	3	0	0	0	0	0	1.00	-1.00	1.211209	4.804542	0.712877	6.253821
1413032347	1000	26	28	31	36	3	11	6	6	7	9	0	0	2	1	0	1.00	-1.00	1.211209	4.804542	0.715729	6.330548
1413032348	1000	35	26	40	20	5	13	7	9	4	4	1	1	2	0	0	1.00	-1.00	1.210403	4.802930	0.714303	6.298635
1413032349	1000	35	36	31	34	9	9	15	9	13	2	1	2	1	0	0	1.00	-1.00	1.211209	4.807765	0.715729	6.317635
1413032350	1000	32	33	34	38	7	11	13	7	11	4	0	3	0	0	0	1.00	-1.00	1.212015	4.809377	0.714303	6.272861
1413032351	1000	28	30	30	29	6	8	8	9	7	7	1	1	1	2	1	1.00	-1.00	1.212015	4.810989	0.711451	6.189806
1413032352	1000	28	35	29	44	3	7	4	6	11	7	0	0	0	1	0	1.00	-1.00	1.210403	4.802930	0.715729	6.337010
1413032353	1000	36	24	33	31	3	10	10	7	4	6	0	1	1	0	0	1.00	-1.00	1.209597	4.806154	0.714303	6.285739
1413032354	1000	32	29	35	18	6	8	6	11	2	4	1	0	0	0	0	1.00	-1.00	1.210403	4.806154	0.714303	6.285739
1413032355	1000	22	31	34	28	1	11	4	10	8	6	0	0	0	1	0	1.00	-1.00	1.209597	4.804542	0.712877	6.253821
1413032356	1000	40	31	31	34	6	5	9	3	9	8	0	1	1	0	0	1.00	-1.00	1.210403	4.809377	0.708600	6.119565
1413032357	1000	31	25	38	39	5	13	11	10	5	9	4	1	1	1	0	1.00	-1.00	1.209597	4.802930	0.711451	6.221882
1413032358	1000	41	30	24	27	10	8	11	7	10	2	3	3	0	0	0	1.00	-1.00	1.208791	4.802930	0.710025	6.183506
1413032359	1000	34	25	26	31	2	9	12	5	10	4	2	0	2	1	0	1.00	-1.00	1.210403	4.814213	0.711451	6.177004
1413032360	1000	18	31	25	28	4	2	5	5	10	5	0	1	0	0	0	1.00	-1.00	1.209597	4.806154	0.712877	6.247389
1413032361	1000	27	28	8	36	4	1	11	0	10	4	0	1	0	0	0	1.00	-1.00	1.207985	4.804542	0.708600	6.138732
1413032362	1000	34	33	43	32	4	13	5	11	10	9	0	0	1	2	0	1.00	-1.00	1.207180	4.804542	0.712877	6.253821
1413032363	1000	24	20	33	40	3	3	10	9	7	8	0	0	0	3	0	1.00	-1.00	1.207985	4.804542	0.711451	6.215457
1413032364	1000	22	20	18	24	2	3	7	6	5	2	0	0	0	0	0	1.00	-1.00	1.207985	4.804542	0.710025	6.177095
1413032365	1000	25	27	26	26	7	8	7	11	5	4	1	0	0	0	0	1.00	-1.00	1.207985	4.806154	0.711451	6.209039
1413032366	1000	32	32	41	30	5	12	4	12	7	3	0	0	1	0	0	1.00	-1.00	1.207985	4.806154	0.704322	6.017287
1413032367	1000	23	32	29	24	3	6	3	9	7	3	2	0	0	1	0	1.00	-1.00	1.205568	4.798095	0.711451	6.241180
1413032368	1000	29	32	34	26	5	5	8	7	7	5	0	2	0	0	0	1.00	-1.00	1.207180	4.806154	0.710025	6.170689
1413032369	1000	20	21	24	23	2	4	9	5	5	2	0	0	0	0	0	1.00	-1.00	1.207985	4.807765	0.705748	6.049275
1413032370	1000	31	40	37	27	7	11	7	9	4	5	0	1	1	0	0	1.00	-1.00	1.207180	4.806154	0.711451	6.209039
1413032371	1000	29	28	28	32	7	8	9	10	9	4	2	3	0	0	0	1.00	-1.00	1.207985	4.809377	0.705748	6.042917
1413032372	1000	27	33	33	29	5	7	2	6	11	5	0	0	0	0	0	1.00	-1.25	1.204762	4.798095	0.708600	6.164350
1413032373	1000	27	30	27	31	6	6	9	5	8	5	2	1	1	0	0	1.00	-1.25	1.206374	4.804542	0.708600	6.138732
1413032374	1000	42	32	34	36	8	11	14	10	7	6	2	2	4	0	0	1.00	-1.25	1.206374	4.806154	0.708600	6.132339
1413032375	1000	27	33	31	28	6	8	6	7	9	5	0	1	0	0	0	1.00	-1.25	1.204762	4.802930	0.708600	6.145131
1413032376	1000	34	36	25	32	9	5	8	5	13	3	0	1	0	1	0	1.00	-1.25	1.205568	4.806154	0.708600	6.132339
1413032377	1000	34	41	41	35	5	12	6	13	15	10	0	1	1	2	0	1.00	-1.00	1.205568	4.796484	0.757075	7.477295
1413032378	1000	38	32	35	35	8	11	14	11	10	3	1	3	1	1	0	1.00	-1.25	1.204762	4.799707	0.704322	6.042733
1413032379	1000	36	31	44	41	6	10	13	12	8	9	1	1	0	1	0	1.00	-1.25	1.203956	4.801319	0.710025	6.189921
1413032381	1000	31	23	36	26	6	14	7	5	2	9	1	0	3	1	0	1.00	-1.25	1.205568	4.802930	0.707174	6.106755
1413032382	1000	22	45	33	38	7	5	7	11	13	7	0	1	1	0	0	1.00	-1.25	1.203956	4.802930	0.707174	6.106755
1413032383	1000	26	25	31	31	4	8	7	9	8	2	3	0	0	0	0	1.00	-1.25	1.204762	4.802930	0.702897	5.991626
1413032384	1000	31	25	28	21	3	10	4	5	5	3	1	0	0	0	0	1.00	-1.25	1.203150	4.799707	0.707174	6.119538
1413032385	1000	43	35	36	30	12	12	9	6	7	3	1	1	0	0	0	1.00	-1.25	1.203956	4.799707	0.707174	6.119538
1413032386	1000	27	42	24	27	7	4	8	12	7	4	1	0	0	1	0	1.00	-1.25	1.202344	4.801319	0.704322	6.036366
1413032387	1000	30	36	29	33	7	4	8	7	8	2	0	1	0	0	0	1.00	-1.25	1.200733	4.793260	0.705748	6.106704
1413032388	1000	29	26	27	34	4	9	11	3	9	6	1	1	1	0	0	1.00	-1.25	1.203150	4.801319	0.698619	5.882812
1413032389	1000	25	32	42	30	4	5	10	9	5	3	0	1	0	0	0	1.00	-1.25	1.200733	4.796484	0.704322	6.055483
1413032390	1000	31	28	29	41	3	11	8	10	11	6	1	2	2	2	1	1.00	-1.25	1.202344	4.799707	0.704322	6.042733
1413032391	1000	38	36	32	22	7	11	8	10	6	4	2	0	1	2	0	1.00	-1.25	1.202344	4.801319	0.704322	6.036366
1413032392	1000	33	31	34	45	8	7	10	7	11	9	3	2	1	1	1	1.00	-1.25	1.200733	4.798095	0.704322	6.049106
1413032393	1000	22	33	27	33	6	7	6	7	10	4	0	2	0	0	0	1.00	-1.25	1.201538	4.799707	0.728560	6.695560
1413032394	1000	20	32	26	30	1	5	8	9	6	4	0	0	1	0	0	1.00	-1.25	1.199927	4.796484	0.704322	6.055483
1413032395	1000	32	33	28	27	9	11	8	10	5	6	3	0	3	1	0	1.00	-1.25	1.200733	4.796484	0.704322	6.055483
1413032396	1000	31	34	35	32	6	11	7	9	11	2	1	1	0	0	0	1.00	-1.25	1.201538	4.801319	0.701471	5.959589
1413032397	1000	30	36	33	28	9	13	7	8	9	7	3	1	3	1	1	1.00	-1.25	1.201538	4.801319	0.704322	6.036366
1413032398	1000	18	25	29	29	2	6	2	4	8	2	0	0	0	0	0	1.00	-1.25	1.199927	4.799707	0.701471	5.965931
1413032399	1000	37	31	37	31	6	13	6	4	13	6	0	3	2	1	0	1.00	-1.25	1.199121	4.796484	0.704322	6.055483
1413032400	1000	29	41	39	27	8	10	7	11	5	5	1	1	0	0	0	1.00	-1.25	1.199927	4.801319	0.701471	5.959589
1413032401	1000	20	23	24	24	3	5	4	6	7	5	0	2	0	0	0	1.00	-1.25	1.199927	4.801319	0.701471	5.959589
1413032402	1000	34	31	22	38	5	6	9	7	10	7	0	0	1	2	0	1.00	-1.25	1.199121	4.798095	0.701471	5.972278
1413032403	1000	32	26	29	33	4	7	9	7	7	5	0	1	0	0	0	1.00	-1.25	1.199121	4.798095	0.700045	5.933863
1413032404	1000	40	29	23	40	4	9	12	5	5	4	0	1	0	0	0	1.00	-1.25	1.198315	4.794872	0.701471	5.984984
1413032405	1000	36	38	37	32	7	11	9	12	11	8	2	0	2	3	0	1.00	-1.25	1.199121	4.801319	0.701471	5.959589
1413032406	1000	28	26	31	34	9	8	7	8	7	9	2	0	1	1	0	1.00	-1.25	1.198315	4.796484	0.701471	5.978629
1413032407	1000	30	33	28	37	5	7	9	5	9	5	1	1	0	0	0	1.00	-1.25	1.198315	4.799707	0.700045	5.927530
1413032408	1000	34	32	25	36	7	7	11	5	12	7	0	2	1	1	0	1.00	-1.25	1.198315	4.801319	0.702897	5.997977
1413032409	1000	22	33	36	27	3	8	3	12	8	5	1	0	0	0	0	1.00	-1.25	1.198315	4.796484	0.697194	5.863347
1413032410	1000	30	39	33	33	8	7	7	8	12	8	3	2	2	3	1	1.00	-1.25	1.197509	4.793260	0.702897	6.029796
1413032411	1000	31	37	38	34	5	9	11	10	12	7	1	3	1	1	1	1.00	-1.25	1.197509	4.796484	0.698619	5.901774
1413032412	1000	34	26	28	20	2	6	6	8	4	3	0	0	0	1	0	1.00	-1.25	1.196703	4.796484	0.698619	5.901774
1413032413	1000	27	36	32	35	4	8	7	13	11	1	1	0	0	0	0	1.00	-1.25	1.197509	4.798095	0.698619	5.895450
1413032414	1000	27	23	38	36	4	7	11	5	7	5	0	2	1	0	0	1.00	-1.25	1.195897	4.790037	0.752798	7.389322
1413032415	1000	29	27	27	18	3	10	6	8	4	1	1	0	0	0	0	1.00	-1.25	1.196703	4.796484	0.698619	5.901774
1413032416	1000	31	31	33	22	8	10	7	5	6	2	0	2	1	0	0	1.00	-1.25	1.195897	4.793260	0.698619	5.914437
1413032417	1000	34	23	27	30	4	8	11	7	7	4	1	0	1	2	0	1.00	-1.25	1.195897	4.796484	0.697194	5.863347
1413032418	1000	29	34	34	34	4	6	8	11	9	9	1	1	2	0	0	1.00	-1.25	1.195897	4.794872	0.698619	5.908103
1413032419	1000	38	29	25	33	8	11	11	6	10	2	0	1	0	2	0	1.00	-1.25	1.195897	4.794872	0.697194	5.869664
1413032420	1000	23	31	34	34	6	10	5	8	12	9	1	1	1	1	0	1.00	-1.25	1.195092	4.793260	0.691491	5.722171
1413032421	1000	25	32	34	26	5	7	6	14	5	3	0	0	2	0	0	1.00	-1.25	1.194286	4.793260	0.695768	5.837529
1413032422	1000	35	34	24	29	5	12	6	6	8	3	1	0	1	0	0	1.00	-1.25	1.195092	4.794872	0.695768	5.831223
1413032423	1000	24	25	24	22	5	4	4	9	5	2	1	1	1	1	1	1.00	-1.25	1.194286	4.791648	0.697194	5.882308
1413032424	1000	28	30	31	31	5	8	8	7	6	4	1	1	0	0	0	1.00	-1.25	1.195092	4.796484	0.691491	5.709639
1413032425	1000	23	34	24	36	6	5	3	4	14	4	0	0	0	0	0	1.00	-1.25	1.194286	4.793260	0.695768	5.837529
1413032426	1000	40	30	32	37	6	14	9	6	9	3	0	0	0	0	0	1.00	-1.25	1.194286	4.794872	0.697194	5.869664
1413032427	1000	32	32	27	21	7	5	9	13	4	3	0	1	0	1	0	1.00	-1.25	1.195092	4.796484	0.695768	5.824918
1413032428	1000	32	29	36	31	6	8	6	7	7	6	0	1	1	0	0	1.00	-1.25	1.193480	4.793260	0.695768	5.837529
1413032429	1000	37	25	36	34	6	12	10	5	7	5	1	2	0	0	0	1.00	-1.25	1.193480	4.790037	0.694342	5.811679
1413032430	1000	21	23	24	26	4	5	6	7	2	3	2	0	0	0	0	1.00	-1.25	1.192674	4.790037	0.695768	5.850158
1413032431	1000	21	21	22	26	4	5	7	5	5	2	1	1	1	0	0	1.00	-1.25	1.192674	4.790037	0.695768	5.850158
1413032432	1000	29	36	22	31	3	8	8	8	14	8	2	1	2	3	1	1.00	-1.25	1.193480	4.793260	0.695768	5.837529
1413032433	1000	35	34	30	23	10	7	9	9	7	5	2	2	1	1	1	1.00	-1.25	1.191868	4.788425	0.694342	5.817986
1413032434	1000	33	31	27	39	5	8	10	6	13	9	1	1	1	2	0	1.00	-1.25	1.194286	4.798095	0.691491	5.703377
1413032435	1000	28	18	24	28	2	7	8	2	4	8	0	0	1	0	0	1.00	-1.25	1.192674	4.793260	0.694342	5.799078
1413032436	1000	38	28	31	32	4	12	12	8	6	7	1	0	2	1	0	1.00	-1.25	1.193480	4.796484	0.694342	5.786491
1413032437	1000	27	22	16	31	4	5	10	3	5	1	1	1	0	0	0	1.00	-1.25	1.191868	4.790037	0.692916	5.773201
1413032438	1000	28	29	44	27	4	12	7	13	5	5	2	0	0	1	0	1.00	-1.25	1.190256	4.783590	0.692916	5.798404
1413032439	1000	44	30	30	32	8	13	11	3	10	2	1	1	0	0	0	1.00	-1.50	1.191062	4.790037	0.692916	5.773201
1413032440	1000	29	35	32	23	8	7	5	13	7	3	0	1	0	1	0	1.00	-1.50	1.191062	4.788425	0.704322	6.087430
1413032441	1000	33	31	26	29	3	9	7	7	9	3	0	0	0	0	0	1.00	-1.50	1.190256	4.786813	0.692916	5.785793
1413032442	1000	39	27	31	35	5	14	8	5	10	7	1	1	2	0	0	1.00	-1.50	1.191868	4.791648	0.691491	5.728445
1413032443	1000	25	29	27	31	6	4	6	8	7	7	1	1	1	2	1	1.00	-1.50	1.191062	4.788425	0.691491	5.741003
1413032444	1000	28	32	26	22	6	8	6	8	4	3	1	0	0	0	0	1.00	-1.50	1.190256	4.790037	0.691491	5.734721
1413032445	1000	34	29	32	34	3	12	12	6	9	5	0	0	3	0	0	1.00	-1.50	1.190256	4.788425	0.690065	5.702511
1413032446	1000	29	27	32	33	3	10	12	12	7	2	1	0	0	0	0	1.00	-1.50	1.189451	4.788425	0.690065	5.702511
1413032447	1000	32	23	28	27	2	5	11	8	4	3	0	0	1	0	0	1.00	-1.50	1.191062	4.791648	0.691491	5.728445
1413032448	1000	28	32	27	26	8	10	9	7	7	4	1	2	3	1	1	1.00	-1.50	1.191868	4.796484	0.691491	5.709639
1413032449	1000	37	29	49	24	4	17	4	10	10	9	0	0	2	3	0	1.00	-1.50	1.189451	4.790037	0.690065	5.696243
1413032450	1000	25	29	24	24	6	7	5	6	8	3	0	1	0	1	0	1.00	-1.50	1.190256	4.791648	0.694342	5.805376
1413032451	1000	37	33	24	36	8	10	11	6	11	6	0	2	3	1	0	1.00	-1.50	1.187839	4.786813	0.691491	5.747289
1413032452	1000	31	29	19	17	7	9	3	6	8	0	1	1	0	0	0	1.00	-1.50	1.190256	4.790037	0.691491	5.734721
1413032453	1000	25	22	30	32	4	5	10	10	3	3	1	0	0	0	0	1.00	-1.50	1.189451	4.788425	0.687213	5.625527
1413032454	1000	29	26	26	24	4	6	8	4	7	3	0	1	1	0	0	1.00	-1.50	1.189451	4.793260	0.688639	5.645264
1413032455	1000	27	25	27	30	4	9	6	5	10	5	0	1	1	1	0	1.00	-1.50	1.187033	4.790037	0.695768	5.850158
1413032456	1000	37	33	22	33	4	4	11	7	7	7	0	0	2	0	0	1.00	-1.50	1.187839	4.788425	0.690065	5.702511
1413032457	1000	25	24	32	28	8	7	9	8	4	5	2	2	4	0	1	1.00	-1.50	1.187839	4.790037	0.688639	5.657762
1413032458	1000	30	37	31	25	4	6	6	15	10	2	1	0	0	0	0	0.50	-1.50	1.187839	4.788425	0.688639	5.664018
1413032459	1000	28	25	28	29	4	9	8	8	7	5	0	0	1	1	0	1.00	-1.50	1.188645	4.790037	0.688639	5.657762
1413032460	1000	24	35	32	37	7	2	9	10	10	5	0	2	0	1	0	1.00	-1.50	1.187033	4.786813	0.684362	5.554763
1413032461	1000	33	21	24	39	4	8	11	5	7	2	1	2	0	0	0	1.00	-1.50	1.187839	4.790037	0.688639	5.657762
1413032462	1000	33	35	22	37	6	4	8	5	11	3	0	0	1	0	0	1.00	-1.50	1.186227	4.786813	0.685788	5.593269
1413032463	1000	32	33	28	24	4	9	7	11	7	1	1	1	1	0	0	0.50	-1.50	1.187033	4.790037	0.684362	5.542326
1413032464	1000	24	34	27	23	6	4	6	8	6	1	1	1	0	0	0	0.50	-1.50	1.186227	4.788425	0.684362	5.548543
1413032465	1000	35	30	33	35	11	10	8	5	9	10	2	3	1	2	1	0.50	-1.50	1.187033	4.790037	0.680085	5.426888
1413032466	1000	29	42	31	29	10	7	2	11	9	6	1	1	1	1	1	0.50	-1.50	1.186227	4.785202	0.685788	5.599507
1413032467	1000	32	31	31	34	6	12	11	13	12	5	3	1	1	1	0	0.50	-1.50	1.185421	4.788425	0.685788	5.587035
1413032468	1000	35	34	33	24	8	10	10	11	3	4	2	2	2	1	1	0.50	-1.50	1.186227	4.788425	0.681510	5.471560
1413032469	1000	31	30	27	27	1	4	8	9	12	6	0	1	0	3	0	0.50	-1.50	1.184615	4.783590	0.685788	5.605749
1413032470	1000	34	29	35	35	6	10	5	8	7	8	0	0	0	0	0	0.50	-1.50	1.186227	4.788425	0.684362	5.548543
1413032471	1000	35	25	31	33	4	10	12	8	9	5	2	1	0	1	0	0.50	-1.50	1.184615	4.783590	0.685788	5.605749
1413032472	1000	25	40	30	30	5	7	3	6	15	6	0	0	0	0	0	0.50	-1.50	1.184615	4.785202	0.685788	5.599507
1413032473	1000	34	31	35	47	4	10	11	5	12	12	1	1	1	0	0	0.50	-1.50	1.185421	4.786813	0.684362	5.554763
1413032474	1000	39	46	39	25	5	11	8	12	8	3	1	0	0	1	0	0.50	-1.50	1.183810	4.786813	0.684362	5.554763
1413032475	1000	33	27	34	31	7	12	8	9	9	7	0	2	2	2	0	0.50	-1.50	1.184615	4.786813	0.682936	5.516259
1413032476	1000	26	31	26	37	5	9	8	7	10	5	1	0	0	2	0	0.50	-1.50	1.183810	4.783590	0.681510	5.490158
1413032477	1000	29	28	35	33	8	7	8	7	8	5	1	1	2	1	0	0.50	-1.50	1.184615	4.786813	0.684362	5.554763
1413032478	1000	41	29	29	35	8	7	12	4	5	4	1	0	0	0	0	0.50	-1.50	1.183810	4.783590	0.682936	5.528688
1413032479	1000	39	30	26	34	6	8	13	8	6	6	1	0	1	1	0	0.50	-1.50	1.185421	4.783590	0.682936	5.528688
1413032480	1000	28	27	34	26	4	7	9	7	8	7	0	1	4	0	0	0.50	-1.50	1.184615	4.788425	0.684362	5.548543
1413032481	1000	27	38	38	32	5	11	6	9	11	5	2	1	1	0	0	0.50	-1.50	1.183004	4.783590	0.598817	3.255363
1413032482	1000	32	29	29	23	6	4	7	8	4	5	0	1	0	0	0	0.50	-1.50	1.183004	4.780366	0.678659	5.425461
1413032483	1000	28	33	29	31	8	8	6	5	8	9	2	1	3	1	1	0.50	-1.50	1.183004	4.785202	0.682936	5.522471
1413032484	1000	25	27	23	20	5	4	7	4	4	4	0	1	0	0	0	0.50	-1.50	1.183004	4.781978	0.681510	5.496365
1413032485	1000	31	34	35	33	6	12	6	6	12	8	0	1	0	1	0	0.50	-1.50	1.182198	4.785202	0.684362	5.560989
1413032486	1000	37	22	33	29	5	11	11	4	6	5	0	1	1	0	0	0.50	-1.50	1.182198	4.785202	0.678659	5.406917
1413032487	1000	34	32	36	36	6	15	7	12	8	6	2	0	1	1	0	0.50	-1.50	1.180586	4.778755	0.680085	5.470221
1413032488	1000	31	36	30	32	9	8	10	10	7	7	3	1	4	1	1	0.50	-1.50	1.181392	4.780366	0.680085	5.464017
1413032489	1000	30	40	35	38	4	5	10	14	9	2	0	0	0	0	0	0.50	-1.50	1.182198	4.785202	0.681510	5.483953
1413032490	1000	32	28	31	30	10	10	10	5	10	5	0	2	2	0	0	0.50	-1.50	1.180586	4.780366	0.681510	5.502576
1413032491	1000	31	21	26	24	5	10	6	3	5	2	0	1	0	0	0	0.50	-1.50	1.181392	4.783590	0.725709	6.684614
1413032492	1000	28	30	30	26	8	7	7	10	6	4	2	1	1	0	0	0.50	-1.50	1.180586	4.780366	0.680085	5.464017
1413032493	1000	34	35	30	35	4	8	11	13	4	4	1	0	2	1	0	0.50	-1.50	1.182198	4.781978	0.681510	5.496365
1413032494	1000	30	30	32	37	2	5	8	6	11	7	0	0	1	0	0	0.50	-1.75	1.180586	4.783590	0.680085	5.451625
1413032495	1000	33	37	33	17	6	14	2	11	4	2	1	0	0	1	0	0.50	-1.50	1.181392	4.785202	0.681510	5.483953
1413032496	1000	26	43	28	41	5	6	8	9	10	5	1	0	0	0	0	0.50	-1.75	1.179780	4.781978	0.674382	5.303645
1413032497	1000	33	34	34	31	6	11	6	5	10	9	0	0	2	1	0	0.50	-1.75	1.179780	4.783590	0.681510	5.490158
1413032498	1000	33	39	35	28	8	14	7	15	8	7	2	1	2	1	1	0.50	-1.75	1.179780	4.783590	0.678659	5.413094
1413032499	1000	20	25	29	32	2	6	7	7	8	6	1	0	2	2	0	0.50	-1.75	1.179780	4.783590	0.675807	5.336033
1413032500	1000	24	31	28	29	4	5	8	10	5	9	0	0	1	2	0	0.50	-1.75	1.179780	4.781978	0.678659	5.419277
1413032501	1000	44	26	33	38	4	12	12	10	6	2	0	1	0	1	0	0.50	-1.75	1.178974	4.780366	0.672956	5.271235
1413032502	1000	28	27	26	27	6	7	9	4	6	4	0	0	1	0	0	0.50	-1.75	1.178169	4.778755	0.678659	5.431652
1413032503	1000	22	21	33	32	3	7	5	7	6	7	0	1	1	1	0	0.50	-1.75	1.179780	4.783590	0.678659	5.413094
1413032504	1000	19	30	28	30	2	4	6	8	11	4	0	1	0	1	0	0.50	-1.75	1.179780	4.786813	0.677233	5.362239
1413032505	1000	25	33	26	29	6	6	6	11	5	4	2	0	0	0	0	0.50	-1.75	1.177363	4.778755	0.677233	5.393083
1413032506	1000	25	23	27	22	4	10	6	6	5	5	0	0	2	0	0	0.50	-1.75	1.178169	4.781978	0.677233	5.380732
1413032507	1000	30	27	33	41	4	8	9	5	11	8	0	1	0	2	0	0.50	-1.75	1.178974	4.781978	0.670104	5.188013
1413032508	1000	27	25	28	42	3	4	12	8	5	6	0	0	1	0	0	0.50	-1.75	1.178169	4.781978	0.674382	5.303645
1413032509	1000	23	23	27	34	3	4	4	4	11	7	0	1	0	0	0	0.50	-1.75	1.177363	4.781978	0.675807	5.342188
1413032510	1000	36	43	29	33	9	9	14	9	7	5	2	2	3	0	1	0.50	-1.75	1.176557	4.778755	0.677233	5.393083
1413032511	1000	29	31	27	32	6	7	10	4	9	6	1	2	0	0	0	0.50	-1.75	1.176557	4.775531	0.675807	5.366853
1413032512	1000	31	27	36	29	7	9	8	9	6	5	2	1	0	1	0	0.50	-1.75	1.178169	4.778755	0.670104	5.200233
1413032513	1000	33	40	35	26	8	10	5	11	5	6	1	0	0	0	0	0.50	-1.75	1.177363	4.780366	0.678659	5.425461
1413032514	1000	22	30	28	30	4	5	3	7	10	4	1	0	0	0	0	0.50	-1.75	1.177363	4.780366	0.677233	5.386904
1413032515	1000	31	39	32	30	6	8	9	9	8	4	0	1	0	1	0	0.50	-1.75	1.177363	4.778755	0.675807	5.354512
1413032516	1000	43	27	32	36	6	15	13	5	11	5	1	3	2	1	1	0.50	-1.75	1.176557	4.780366	0.675807	5.348348
1413032517	1000	41	28	28	26	3	7	10	6	6	3	0	1	0	0	0	0.50	-1.75	1.177363	4.786813	0.672956	5.246723
1413032518	1000	20	24	25	37	2	6	10	8	7	7	1	1	1	1	0	0.50	-1.75	1.175751	4.777143	0.674382	5.322098
1413032519	1000	25	40	20	30	6	4	8	9	9	1	1	0	0	1	0	0.50	-1.75	1.174945	4.775531	0.675807	5.366853
1413032520	1000	17	26	16	21	3	3	5	7	6	0	1	0	0	0	0	0.50	-1.75	1.176557	4.781978	0.674382	5.303645
1413032521	1000	23	30	31	30	2	5	4	11	10	6	0	0	1	1	0	0.50	-1.75	1.176557	4.783590	0.672956	5.258970
1413032522	1000	29	34	28	40	7	7	10	5	14	5	0	1	1	0	0	0.50	-1.75	1.176557	4.785202	0.694342	5.830614
1413032523	1000	19	26	30	27	3	6	4	7	8	5	0	2	0	0	0	0.50	-1.75	1.174945	4.777143	0.672956	5.283514
1413032524	1000	32	32	36	22	3	9	8	10	5	6	1	1	0	2	0	0.50	-1.75	1.175751	4.777143	0.672956	5.283514
1413032525	1000	29	20	24	26	5	8	4	3	7	0	0	1	0	0	0	0.50	-1.75	1.175751	4.780366	0.674382	5.309791
1413032526	1000	33	28	34	35	6	11	7	12	6	4	3	1	1	1	0	0.50	-1.75	1.175751	4.780366	0.672956	5.271235
1413032527	1000	39	35	34	30	6	9	9	10	8	4	0	2	1	1	0	0.50	-1.75	1.174945	4.780366	0.672956	5.271235
1413032528	1000	32	33	38	39	5	12	5	11	8	6	1	1	0	0	0	0.50	-1.75	1.174945	4.780366	0.672956	5.271235
1413032529	1000	36	29	34	26	7	10	9	8	7	4	2	0	1	1	0	0.50	-1.75	1.174139	4.775531	0.674382	5.328257
1413032530	1000	24	30	25	28	4	7	9	6	9	2	2	1	0	1	0	0.50	-1.75	1.173333	4.777143	0.670104	5.206348
1413032531	1000	33	28	34	19	3	9	7	10	6	4	0	0	0	1	0	0.50	-1.75	1.173333	4.775531	0.670104	5.212468
1413032532	1000	24	33	32	29	5	6	5	14	11	4	2	0	0	1	0	0.50	-1.75	1.172528	4.773920	0.671530	5.257201
1413032533	1000	30	23	25	27	4	14	9	7	7	1	2	0	1	0	0	0.50	-1.75	1.173333	4.777143	0.670104	5.206348
1413032534	1000	24	18	25	27	3	7	8	5	3	3	2	0	0	0	0	0.50	-1.75	1.172528	4.773920	0.670104	5.218592
1413032535	1000	31	36	30	31	9	6	9	7	10	5	2	3	0	0	0	0.50	-1.75	1.173333	4.778755	0.670104	5.200233
1413032536	1000	26	32	31	27	1	8	8	13	8	5	1	0	2	1	0	0.50	-1.75	1.171722	4.777143	0.668679	5.167766
1413032537	1000	28	42	31	34	5	8	8	9	11	4	1	0	1	1	0	0.50	-1.75	1.171722	4.770696	0.668679	5.192220
1413032538	1000	34	39	38	37	4	9	10	12	10	7	1	0	1	1	0	0.50	-1.75	1.170916	4.772308	0.668679	5.186100
1413032539	1000	27	29	26	24	6	6	5	7	5	3	0	1	0	0	0	0.50	-1.75	1.171722	4.773920	0.671530	5.257201
1413032540	1000	33	37	38	34	6	10	7	12	11	9	0	0	1	2	0	0.50	-1.75	1.172528	4.777143	0.671530	5.244931
1413032541	1000	25	28	28	25	6	4	5	7	2	5	2	0	0	0	0	0.50	-1.75	1.171722	4.775531	0.670104	5.212468
1413032542	1000	30	36	35	36	6	6	8	11	12	10	1	2	2	1	1	0.50	-1.75	1.172528	4.777143	0.671530	5.244931
1413032543	1000	28	30	22	39	6	3	10	5	10	5	0	1	0	1	0	0.50	-1.75	1.173333	4.777143	0.661550	4.974850
1413032544	1000	32	25	32	28	4	9	5	7	7	4	1	0	0	0	0	0.50	-1.75	1.170916	4.773920	0.670104	5.218592
1413032545	1000	35	30	26	32	6	10	11	5	8	2	1	2	1	1	1	0.50	-1.75	1.171722	4.777143	0.671530	5.244931
1413032546	1000	27	23	23	28	2	6	5	3	8	4	0	0	1	0	0	0.50	-1.75	1.171722	4.777143	0.668679	5.167766
1413032547	1000	26	22	30	25	3	9	8	4	5	8	0	1	2	0	0	0.50	-1.75	1.170916	4.773920	0.667253	5.141376
1413032548	1000	28	32	27	29	5	6	10	10	9	6	0	1	1	4	0	0.50	-1.75	1.171722	4.775531	0.665827	5.096681
1413032549	1000	42	17	34	23	8	16	11	7	4	8	2	3	4	1	2	0.50	-1.75	1.169304	4.770696	0.667253	5.153584
1413032550	1000	31	37	37	32	4	8	8	15	6	8	0	0	0	0	0	0.50	-1.75	1.170110	4.773920	0.668679	5.179985
1413032551	1000	25	23	26	30	1	2	9	8	9	3	0	0	0	0	0	0.50	-1.75	1.169304	4.767473	0.665827	5.127149
1413032552	1000	31	35	34	32	6	8	5	8	10	8	0	0	1	2	0	0.50	-1.75	1.170110	4.775531	0.668679	5.173873
1413032553	1000	32	40	33	38	7	9	8	13	15	5	1	2	1	1	0	0.50	-1.75	1.169304	4.772308	0.664401	5.070231
1413032554	1000	25	30	29	29	5	5	7	9	7	7	1	1	0	2	0	0.50	-1.75	1.169304	4.773920	0.667253	5.141376
1413032555	1000	29	32	30	31	8	8	7	7	11	5	0	1	0	1	0	0.50	-2.00	1.168498	4.773920	0.667253	5.141376
1413032556	1000	23	32	33	30	4	7	10	13	10	4	1	1	1	1	0	0.50	-1.75	1.170110	4.775531	0.668679	5.173873
1413032557	1000	35	27	31	28	10	11	7	7	7	7	3	0	0	2	0	0.50	-1.75	1.169304	4.772308	0.665827	5.108856
1413032558	1000	31	34	28	36	6	8	10	8	7	6	1	1	1	0	0	0.50	-1.75	1.168498	4.770696	0.665827	5.114949
1413032559	1000	39	37	26	35	6	7	10	9	8	4	1	0	0	0	0	0.50	-2.00	1.168498	4.773920	0.667253	5.141376
1413032560	1000	36	40	38	30	8	9	5	13	8	7	2	1	0	0	0	0.50	-2.00	1.168498	4.775531	0.665827	5.096681
1413032561	1000	27	28	36	29	3	10	3	10	6	7	0	0	1	0	0	0.50	-2.00	1.168498	4.772308	0.662976	5.031610
1413032562	1000	33	28	39	16	7	16	4	8	5	3	2	1	1	0	0	0.50	-2.00	1.168498	4.773920	0.665827	5.102767
1413032563	1000	30	26	33	29	5	10	8	4	6	6	2	0	0	0	0	0.50	-2.00	1.169304	4.775531	0.665827	5.096681
1413032564	1000	34	25	33	20	3	7	8	8	4	5	0	0	1	1	0	0.50	-2.00	1.166886	4.770696	0.665827	5.114949
1413032565	1000	28	30	33	27	5	12	6	7	10	5	1	0	0	1	0	0.50	-2.00	1.166886	4.769084	0.662976	5.043749
1413032566	1000	25	20	35	28	2	9	8	6	4	11	0	0	1	1	0	0.50	-2.00	1.167692	4.773920	0.662976	5.025548
1413032567	1000	35	35	36	34	10	13	8	14	10	4	4	3	1	1	0	0.50	-2.00	1.167692	4.772308	0.665827	5.108856
1413032568	1000	26	27	25	34	1	7	10	8	10	2	0	1	1	0	0	0.50	-2.00	1.166886	4.769084	0.665827	5.121047
1413032569	1000	28	24	29	23	3	4	5	7	5	3	0	1	0	0	0	0.50	-2.00	1.166886	4.770696	0.662976	5.037677
1413032570	1000	31	34	33	32	4	9	9	13	7	6	0	0	2	0	0	0.50	-2.00	1.166081	4.769084	0.658698	4.927805
1413032571	1000	30	35	31	26	6	8	6	13	6	5	1	0	1	1	0	0.50	-2.00	1.167692	4.772308	0.664401	5.070231
1413032572	1000	26	19	28	39	4	6	13	7	6	5	2	2	0	1	0	0.50	-2.00	1.166886	4.769084	0.661550	5.005100
1413032573	1000	23	26	35	36	0	8	8	5	8	7	0	0	1	0	0	0.50	-2.00	1.166081	4.769084	0.664401	5.082397
1413032574	1000	26	25	27	25	4	9	3	6	7	3	0	0	0	0	0	0.50	-2.00	1.168498	4.772308	0.571727	2.559802
1413032575	1000	28	24	23	27	4	7	9	5	6	7	0	0	1	0	0	0.50	-2.00	1.165275	4.765861	0.661550	5.017230
1413032576	1000	36	29	30	39	6	10	14	9	4	7	0	1	3	0	0	0.50	-2.00	1.166081	4.770696	0.664401	5.076313
1413032577	1000	31	41	33	39	5	13	9	12	14	7	2	1	2	1	0	0.50	-2.00	1.165275	4.770696	0.662976	5.037677
1413032578	1000	37	26	33	23	3	10	5	6	8	2	1	1	1	0	0	0.50	-2.00	1.166081	4.772308	0.662976	5.031610
1413032579	1000	25	32	32	18	4	9	2	13	8	3	1	0	1	1	0	0.50	-2.00	1.166886	4.770696	0.635886	4.303611
1413032580	1000	32	23	35	30	2	8	8	6	8	5	0	0	0	1	0	0.50	-2.00	1.164469	4.765861	0.658698	4.939883
1413032581	1000	25	25	25	21	2	10	4	3	7	4	0	0	0	1	0	0.50	-2.00	1.165275	4.769084	0.661550	5.005100
1413032582	1000	36	33	33	28	4	7	8	7	8	4	1	0	0	0	0	0.50	-2.00	1.165275	4.765861	0.660124	4.978556
1413032583	1000	23	21	25	19	2	7	9	6	3	5	1	0	1	0	0	0.50	-2.00	1.165275	4.769084	0.661550	5.005100
1413032584	1000	30	39	35	31	9	11	9	7	10	5	1	3	2	0	1	0.50	-2.00	1.164469	4.769084	0.655847	4.850508
1413032585	1000	34	30	30	27	5	11	13	7	7	7	2	1	5	1	1	0.50	-2.00	1.164469	4.767473	0.660124	4.972503
1413032586	1000	30	33	36	34	8	13	5	9	12	5	3	1	1	1	1	0.50	-2.00	1.164469	4.769084	0.660124	4.966453
1413032587	1000	26	31	23	27	7	4	9	5	9	6	1	2	2	1	1	0.50	-2.00	1.163663	4.767473	0.660124	4.972503
1413032588	1000	28	22	34	28	7	9	6	8	4	11	1	1	2	3	1	0.50	-2.00	1.163663	4.765861	0.660124	4.978556
1413032589	1000	26	28	33	21	6	8	8	9	2	2	1	0	1	0	0	0.50	-2.00	1.164469	4.770696	0.657273	4.883136
1413032590	1000	28	28	25	28	6	4	11	4	6	2	0	1	1	0	0	0.50	-2.00	1.162857	4.762638	0.658698	4.951975
1413032591	1000	26	34	21	29	3	5	9	7	8	2	0	0	2	0	0	0.50	-2.00	1.162857	4.769084	0.661550	5.005100
1413032592	1000	29	37	24	34	9	7	9	7	15	5	3	2	2	1	1	0.50	-2.00	1.164469	4.772308	0.658698	4.915744
1413032593	1000	30	23	25	24	6	6	12	8	4	4	0	2	1	0	0	0.50	-2.00	1.162857	4.765861	0.657273	4.901207
1413032594	1000	42	30	35	32	5	9	11	11	6	6	0	1	1	2	0	0.50	-2.00	1.162857	4.769084	0.654421	4.811861
1413032595	1000	24	19	23	29	2	3	8	7	5	3	0	0	0	1	0	0.50	-2.00	1.162857	4.767473	0.658698	4.933841
1413032596	1000	37	21	38	30	5	14	10	9	5	6	3	0	2	1	0	0.50	-2.00	1.162051	4.764249	0.658698	4.945927
1413032597	1000	30	32	32	31	6	7	7	10	9	9	0	0	1	2	0	0.50	-2.00	1.162051	4.762638	0.658698	4.951975
1413032598	1000	33	36	30	37	2	8	10	10	11	7	1	0	1	1	0	0.50	-2.00	1.162857	4.767473	0.658698	4.933841
1413032599	1000	27	29	29	24	4	7	4	6	5	3	0	1	0	0	0	0.50	-2.00	1.162857	4.769084	0.660124	4.966453
1413032600	1000	27	26	27	33	3	7	6	4	7	8	0	0	2	1	0	0.50	-2.00	1.162051	4.764249	0.568876	2.508623
1413032601	1000	29	22	22	23	8	4	4	6	6	4	1	1	0	0	0	0.50	-2.00	1.161245	4.765861	0.655847	4.862532
1413032602	1000	30	30	29	18	7	6	5	14	4	3	3	0	0	0	0	0.50	-2.00	1.162051	4.769084	0.658698	4.927805
1413032603	1000	26	45	33	35	3	9	8	12	7	4	1	1	1	0	0	0.50	-2.00	1.162051	4.764249	0.658698	4.945927
1413032604	1000	31	38	38	23	7	8	6	14	7	5	1	0	2	1	0	0.50	-2.00	1.161245	4.765861	0.655847	4.862532
1413032605	1000	35	30	25	26	10	7	8	6	8	3	1	2	1	0	0	0.50	-2.00	1.162051	4.764249	0.648718	4.675115
1413032606	1000	38	38	31	28	6	14	10	9	5	3	0	1	0	0	0	0.50	-2.00	1.160440	4.764249	0.652995	4.791176
1413032607	1000	23	22	28	20	3	4	7	8	6	4	0	1	0	1	0	0.50	-2.00	1.161245	4.765861	0.658698	4.939883
1413032608	1000	28	33	34	23	7	9	5	9	8	3	2	0	1	0	0	0.50	-2.00	1.160440	4.767473	0.657273	4.895178
1413032609	1000	39	26	35	31	6	13	12	5	7	9	0	1	3	1	0	0.50	-2.00	1.161245	4.767473	0.655847	4.856519
1413032610	1000	23	29	28	24	3	5	5	7	8	2	0	0	0	0	0	0.00	-2.00	1.162051	4.765861	0.644441	4.553139
1413032611	1000	26	40	32	25	6	8	4	11	9	4	1	0	1	1	0	0.50	-2.00	1.159634	4.762638	0.655847	4.874573
1413032612	1000	36	33	31	30	9	11	7	9	8	5	2	0	1	1	0	0.50	-2.00	1.158828	4.761026	0.654421	4.841886
1413032613	1000	32	26	33	32	4	13	10	8	6	11	1	1	3	1	0	0.50	-2.00	1.161245	4.769084	0.655847	4.850508
1413032614	1000	32	32	38	32	6	15	4	10	9	10	3	1	2	2	1	0.50	-2.00	1.160440	4.767473	0.655847	4.856519
1413032615	1000	26	30	25	31	8	4	8	7	7	1	1	2	0	1	0	0.00	-2.00	1.160440	4.767473	0.645867	4.585890
1413032616	1000	25	26	24	33	3	7	7	6	16	6	0	1	1	2	0	0.00	-2.00	1.158828	4.759414	0.654421	4.847904
1413032617	1000	28	34	20	34	7	3	9	9	9	7	0	0	1	1	0	0.00	-2.00	1.159634	4.761026	0.655847	4.880600
1413032618	1000	33	25	29	30	4	9	5	6	7	6	1	0	0	0	0	0.00	-2.00	1.159634	4.764249	0.655847	4.868552
1413032619	1000	28	28	24	22	10	10	7	5	3	5	2	1	2	0	0	0.00	-2.00	1.158828	4.764249	0.655847	4.868552
1413032620	1000	45	24	36	33	8	11	9	7	4	5	0	1	1	0	0	0.00	-2.00	1.158828	4.765861	0.652995	4.785184
1413032621	1000	23	34	30	20	7	4	4	9	6	4	0	1	0	0	0	0.00	-2.00	1.159634	4.765861	0.652995	4.785184
1413032622	1000	33	41	45	30	4	14	11	15	7	5	0	2	1	2	0	0.00	-2.00	1.158828	4.765861	0.652995	4.785184
1413032624	1000	36	32	38	37	2	12	7	9	7	6	0	0	0	0	0	0.00	-2.00	1.158022	4.762638	0.654421	4.835873
1413032625	1000	32	35	31	38	5	10	10	6	11	7	0	1	2	1	0	0.00	-2.00	1.158022	4.762638	0.652995	4.797173
1413032626	1000	19	27	32	34	3	7	8	10	7	9	2	1	1	2	1	0.00	-2.00	1.158828	4.765861	0.657273	4.901207
1413032627	1000	21	21	22	27	2	4	5	7	7	7	2	0	0	1	0	0.00	-2.25	1.155604	4.756191	0.652995	4.821198
1413032628	1000	30	30	27	36	2	8	12	6	7	4	0	0	1	1	0	0.00	-2.25	1.157216	4.762638	0.652995	4.797173
1413032629	1000	38	32	38	32	5	12	11	13	7	7	1	0	3	1	0	0.00	-2.25	1.157216	4.762638	0.652995	4.797173
1413032630	1000	35	28	26	30	6	12	8	6	9	6	1	2	2	2	1	0.00	-2.00	1.158022	4.764249	0.652995	4.791176
1413032631	1000	26	26	33	30	2	10	12	10	6	5	1	0	2	0	0	0.00	-2.00	1.158022	4.765861	0.651570	4.746511
1413032632	1000	25	33	23	25	7	4	5	8	8	2	0	0	0	0	0	0.00	-2.00	1.156410	4.757802	0.691491	5.861159
1413032633	1000	27	27	31	31	1	7	11	10	6	5	0	1	2	0	0	0.00	-2.25	1.157216	4.762638	0.652995	4.797173
1413032634	1000	26	26	28	37	4	7	8	6	6	6	1	0	0	1	0	0.00	-2.25	1.157216	4.764249	0.652995	4.791176
1413032635	1000	29	27	34	29	2	9	3	6	8	6	0	0	0	0	0	0.00	-2.25	1.156410	4.764249	0.654421	4.829864
1413032636	1000	21	32	38	32	2	8	7	12	8	7	0	0	1	1	0	0.00	-2.25	1.157216	4.765861	0.652995	4.785184
1413032637	1000	26	38	25	30	3	7	5	10	13	3	1	0	0	0	0	0.00	-2.00	1.158828	4.764249	0.664401	5.100674
1413032638	1000	28	29	37	33	7	10	9	8	7	10	1	3	1	0	0	0.00	-2.25	1.156410	4.759414	0.643015	4.538092
1413032639	1000	21	39	27	17	6	5	5	11	5	3	2	2	1	1	1	0.00	-2.25	1.157216	4.762638	0.651570	4.758473
1413032640	1000	44	32	23	38	6	10	13	4	13	3	0	1	1	1	0	0.00	-2.25	1.156410	4.762638	0.650144	4.719773
1413032641	1000	23	23	25	22	4	7	4	4	5	3	0	0	1	1	0	0.00	-2.25	1.155604	4.761026	0.650144	4.725746
1413032642	1000	25	31	37	21	3	9	6	13	5	5	1	0	2	1	0	0.00	-2.25	1.156410	4.764249	0.647292	4.636427
1413032643	1000	28	30	25	28	3	8	3	2	9	5	0	0	0	0	0	0.00	-2.25	1.154799	4.756191	0.650144	4.743694
1413032644	1000	20	32	27	27	6	7	3	6	8	3	1	0	0	0	0	0.00	-2.25	1.156410	4.764249	0.651570	4.752490
1413032645	1000	39	35	37	35	9	11	11	8	6	4	1	2	0	0	0	0.00	-2.25	1.155604	4.762638	0.651570	4.758473
1413032646	1000	40	27	31	35	6	8	11	9	9	7	0	0	0	2	0	0.00	-2.25	1.156410	4.764249	0.651570	4.752490
1413032647	1000	36	34	40	34	3	11	12	12	8	6	0	1	0	2	0	0.00	-2.25	1.156410	4.764249	0.650144	4.713803
1413032648	1000	33	20	34	39	0	11	7	4	9	10	0	0	1	1	0	0.00	-2.25	1.153993	4.759414	0.651570	4.770452
1413032649	1000	26	41	27	34	6	4	7	8	15	3	0	2	0	0	0	0.00	-2.25	1.153993	4.761026	0.647292	4.648319
1413032650	1000	42	36	29	36	11	9	9	6	11	4	0	2	1	0	0	0.00	-2.25	1.154799	4.759414	0.647292	4.654270
1413032651	1000	28	35	34	32	6	8	8	9	11	3	1	0	0	0	0	0.00	-2.25	1.154799	4.761026	0.648718	4.687032
1413032652	1000	28	29	41	29	2	13	5	10	7	8	1	1	1	2	1	0.00	-2.25	1.154799	4.759414	0.644441	4.576818
1413032653	1000	31	31	31	29	6	12	5	10	6	5	3	0	1	0	0	0.00	-2.25	1.153993	4.761026	0.647292	4.648319
1413032654	1000	30	24	31	34	6	7	11	6	10	9	0	2	1	2	0	0.00	-2.25	1.153993	4.761026	0.648718	4.687032
1413032655	1000	28	25	26	36	4	4	13	9	8	8	1	1	0	2	0	0.00	-2.25	1.153993	4.759414	0.648718	4.692997
1413032656	1000	23	36	23	19	11	7	2	11	4	4	2	1	0	1	0	0.00	-2.25	1.153993	4.759414	0.645867	4.615544
1413032657	1000	32	33	26	33	7	7	6	7	10	7	0	0	0	2	0	0.00	-2.25	1.153993	4.761026	0.645867	4.609606
1413032658	1000	18	28	26	27	3	4	3	8	8	5	1	1	1	1	1	0.00	-2.25	1.153187	4.757802	0.647292	4.660226
1413032659	1000	30	34	34	27	6	11	6	12	7	3	2	1	0	0	0	0.00	-2.25	1.153993	4.759414	0.647292	4.654270
1413032660	1000	31	30	24	41	8	8	9	7	11	8	1	1	3	1	0	0.00	-2.25	1.154799	4.765861	0.647292	4.630488
1413032661	1000	25	22	26	24	4	9	5	8	8	2	2	0	1	0	0	0.00	-2.25	1.153993	4.761026	0.645867	4.609606
1413032662	1000	30	44	46	39	7	7	9	17	13	8	0	2	0	3	0	0.00	-2.25	1.153187	4.759414	0.644441	4.576818
1413032663	1000	29	34	35	39	4	9	9	9	12	6	2	1	0	0	0	0.00	-2.25	1.153187	4.759414	0.644441	4.576818
1413032664	1000	29	31	28	36	6	8	9	7	11	7	1	2	1	2	1	0.00	-2.25	1.149963	4.751356	0.640164	4.490129
1413032665	1000	42	22	39	32	4	17	9	6	8	4	0	0	1	0	0	0.00	-2.25	1.153187	4.757802	0.645867	4.621487
1413032666	1000	37	26	25	25	4	9	9	5	5	2	0	0	0	0	0	0.00	-2.25	1.152381	4.756191	0.645867	4.627434
1413032667	1000	35	36	41	35	5	11	9	14	10	6	2	1	0	1	0	0.00	-2.25	1.152381	4.759414	0.644441	4.576818
1413032668	1000	28	28	39	28	3	9	7	10	6	6	1	0	1	0	0	0.00	-2.25	1.152381	4.754579	0.664401	5.137341
1413032669	1000	30	26	29	27	7	10	5	9	7	4	1	0	0	1	0	0.00	-2.25	1.150769	4.752967	0.645867	4.639340
1413032670	1000	29	29	30	27	5	6	7	6	8	5	0	0	1	0	0	0.00	-2.25	1.153993	4.761026	0.647292	4.648319
1413032671	1000	33	30	36	24	10	12	10	10	3	5	2	0	1	0	0	0.00	-2.25	1.153993	4.757802	0.645867	4.621487
1413032672	1000	27	22	33	35	3	11	6	2	8	11	0	1	2	0	0	0.00	-2.25	1.152381	4.756191	0.644441	4.588681
1413032673	1000	24	23	31	26	7	7	8	6	3	6	0	0	1	1	0	0.00	-2.25	1.152381	4.759414	0.694342	5.932250
1413032674	1000	21	33	33	33	3	12	4	8	11	8	1	1	1	3	1	0.00	-2.25	1.149963	4.752967	0.644441	4.600560
1413032675	1000	30	31	28	30	6	7	7	7	9	2	0	2	0	0	0	0.00	-2.25	1.151575	4.754579	0.643015	4.555853
1413032676	1000	38	32	35	30	8	15	7	10	8	2	2	0	0	0	0	0.00	-2.25	1.150769	4.756191	0.645867	4.627434
1413032677	1000	34	31	35	30	5	10	11	10	8	4	0	1	2	0	0	0.00	-2.25	1.150769	4.757802	0.644441	4.582748
1413032678	1000	26	29	25	26	3	10	5	6	9	3	1	0	2	1	0	0.00	-2.25	1.151575	4.756191	0.645867	4.627434
1413032679	1000	24	24	26	21	2	7	4	3	6	3	0	0	0	0	0	0.00	-2.25	1.149963	4.752967	0.643015	4.561781
1413032680	1000	40	32	43	30	2	15	7	7	10	6	0	0	1	1	0	0.00	-2.25	1.149963	4.752967	0.641589	4.523000
1413032681	1000	37	30	26	27	2	10	3	6	11	2	0	0	0	1	0	0.00	-2.25	1.150769	4.756191	0.643015	4.549929
1413032682	1000	34	25	21	28	5	8	10	7	9	1	2	2	1	1	1	0.00	-2.25	1.151575	4.761026	0.644441	4.570892
1413032683	1000	29	33	34	35	7	7	9	9	7	8	1	0	0	2	0	0.00	-2.25	1.149963	4.754579	0.635886	4.362022
1413032684	1000	26	34	36	31	2	6	5	9	12	6	0	1	0	0	0	0.00	-2.25	1.149158	4.752967	0.643015	4.561781
1413032685	1000	30	32	29	21	6	12	9	5	8	5	2	1	2	0	0	0.00	-2.25	1.148352	4.751356	0.641589	4.528919
1413032686	1000	25	23	29	26	3	13	3	5	11	9	1	0	1	3	0	0.00	-2.25	1.150769	4.759414	0.643015	4.538092
1413032687	1000	30	30	22	32	5	4	13	5	11	3	0	2	0	0	0	0.00	-2.25	1.150769	4.757802	0.643015	4.544008
1413032688	1000	31	30	39	38	5	13	10	10	12	9	0	3	2	1	0	0.00	-2.25	1.149963	4.754579	0.638738	4.439553
1413032689	1000	30	31	29	40	2	8	15	8	13	3	0	0	0	1	0	0.00	-2.25	1.148352	4.751356	0.643015	4.567715
1413032690	1000	25	25	29	28	2	4	10	6	6	4	0	0	0	1	0	0.00	-2.25	1.149158	4.754579	0.640164	4.478319
1413032691	1000	23	29	32	32	5	10	6	13	11	7	4	1	1	3	1	0.00	-2.25	1.148352	4.751356	0.640164	4.490129
1413032692	1000	26	20	31	29	7	7	11	5	4	3	2	1	1	0	0	0.00	-2.25	1.149158	4.756191	0.641589	4.511174
1413032693	1000	21	25	32	27	1	6	7	5	6	8	0	0	0	2	0	0.00	-2.25	1.149963	4.757802	0.635886	4.350308
1413032694	1000	32	40	32	33	11	5	8	13	12	9	2	3	0	3	0	0.00	-2.25	1.149158	4.756191	0.641589	4.511174
1413032695	1000	35	40	33	35	6	9	8	12	10	4	1	0	1	1	0	0.00	-2.25	1.147546	4.751356	0.640164	4.490129
1413032696	1000	27	21	22	26	4	7	10	4	6	5	1	1	3	0	1	0.00	-2.25	1.148352	4.754579	0.635886	4.362022
1413032697	1000	30	24	36	37	4	6	12	10	4	9	1	1	0	0	0	0.00	-2.25	1.148352	4.754579	0.640164	4.478319
1413032698	1000	35	35	33	31	7	10	7	11	8	9	2	2	1	2	0	0.00	-2.25	1.148352	4.756191	0.641589	4.511174
1413032699	1000	29	26	24	26	9	9	11	3	5	4	1	2	4	1	1	0.00	-2.25	1.147546	4.752967	0.640164	4.484221
1413032700	1000	35	27	28	27	4	11	9	6	5	4	1	0	1	1	0	0.00	-2.25	1.147546	4.752967	0.640164	4.484221
1413032701	1000	29	28	30	27	7	9	5	5	8	8	0	1	1	1	0	0.00	-2.25	1.147546	4.752967	0.638738	4.445443
1413032702	1000	33	30	20	38	6	9	10	4	15	7	2	0	3	0	0	0.00	-2.25	1.148352	4.752967	0.640164	4.484221
1413032703	1000	25	32	26	29	5	4	7	9	7	1	1	1	0	0	0	0.00	-2.25	1.148352	4.756191	0.635886	4.356163
1413032704	1000	26	26	34	31	3	8	8	9	6	8	0	0	1	1	0	0.00	-2.25	1.147546	4.751356	5.838462	145.926926
1413032705	1000	24	30	31	34	3	4	6	11	6	9	0	1	0	1	0	0.00	-2.25	1.146740	4.749743	0.637312	4.418429
1413032706	1000	25	30	31	30	5	9	5	11	8	5	1	1	1	1	0	0.00	-2.25	1.146740	4.749743	0.638738	4.457235
1413032707	1000	33	37	41	35	9	11	7	13	11	8	2	1	1	3	0	0.00	-2.25	1.147546	4.754579	0.637312	4.400788
1413032708	1000	29	29	29	26	7	3	9	6	4	4	1	0	0	1	0	0.00	-2.25	1.146740	4.751356	0.637312	4.412544
1413032709	1000	24	28	38	33	3	4	6	12	6	4	0	0	0	1	0	0.00	-2.25	1.145934	4.749743	0.635886	4.379624
1413032710	1000	35	25	32	27	4	15	13	11	6	5	0	1	2	2	0	0.00	-2.25	1.146740	4.754579	0.635886	4.362022
1413032711	1000	31	38	43	30	4	9	5	12	9	9	1	1	1	1	1	0.00	-2.25	1.146740	4.751356	0.638738	4.451336
1413032712	1000	33	35	28	31	6	7	8	9	10	3	2	0	0	1	0	0.00	-2.25	1.146740	4.749743	0.637312	4.418429
1413032713	1000	28	28	26	30	4	4	7	9	8	3	1	0	0	0	0	0.00	-2.25	1.146740	4.751356	0.637312	4.412544
1413032714	1000	25	39	29	38	5	8	4	6	17	5	1	0	1	1	0	0.00	-2.25	1.146740	4.752967	5.792839	144.632141
1413032715	1000	31	33	33	26	6	8	7	9	6	3	0	0	0	0	0	0.00	-2.25	1.145128	4.748132	0.634461	4.346681
1413032716	1000	40	29	39	33	7	6	10	9	8	8	0	1	2	0	0	0.00	-2.25	1.147546	4.754579	0.635886	4.362022
1413032717	1000	29	34	26	26	8	7	8	11	8	7	2	0	1	2	0	0.00	-2.50	1.146740	4.757802	0.635886	4.350308
1413032718	1000	26	29	28	25	4	8	7	9	6	2	0	0	0	0	0	0.00	-2.50	1.145128	4.749743	0.634461	4.340820
1413032719	1000	22	31	33	22	2	9	4	9	10	2	1	0	0	0	0	0.00	-2.50	1.145128	4.749743	0.631609	4.263207
1413032720	1000	30	27	30	25	4	7	7	10	7	3	0	2	1	1	0	0.00	-2.50	1.144322	4.746520	0.635886	4.391378
1413032721	1000	25	25	21	27	5	6	7	6	5	2	0	0	1	0	0	0.00	-2.50	1.145128	4.754579	0.635886	4.362022
1413032722	1000	27	36	28	33	6	7	10	10	8	4	1	0	0	0	0	0.00	-2.25	1.145934	4.752967	0.633035	4.290326
