quad V2.5
time	int	cnt1	cnt2	cnt3	cnt4	1&2	1&3	1&4	2&3	2&4	3&4	1&2&3	1&2&4	1&3&4	2&3&4	1&2&3&4	digTemp	temp	adct	adcr	adcp	pressure
1413033324	1000	23	28	29	26	3	6	7	7	8	4	0	0	1	0	0	-0.00	-3.00	1.110476	4.699780	0.550341	2.210536
1413033325	1000	30	20	29	28	5	6	10	6	5	5	1	1	2	0	0	-0.00	-3.00	1.112088	4.696557	0.548915	2.181681
1413033326	1000	20	45	27	31	8	3	4	13	15	5	0	2	0	1	0	-0.00	-3.00	1.110476	4.698169	0.548915	2.176498
1413033327	1000	32	27	30	29	7	5	11	9	6	6	1	1	0	0	0	-0.00	-3.00	1.110476	4.699780	0.548915	2.171318
1413033328	1000	28	29	34	35	4	9	9	9	7	8	2	1	1	1	0	-0.00	-3.00	1.109670	4.696557	0.546064	2.103190
1413033329	1000	24	23	28	25	1	4	2	6	8	5	0	0	0	1	0	-0.00	-3.00	1.110476	4.698169	0.548915	2.176498
1413033330	1000	26	21	32	29	2	6	11	6	6	6	0	2	0	0	0	-0.00	-3.00	1.111282	4.699780	0.546064	2.092881
1413033331	1000	39	25	23	31	5	11	10	4	8	7	3	0	1	0	0	-0.00	-3.00	1.109670	4.694945	0.547490	2.147610
1413033332	1000	25	30	34	30	6	3	9	10	7	5	0	2	0	0	0	-0.00	-3.00	1.110476	4.696557	0.548915	2.181681
1413033333	1000	16	23	21	19	1	4	7	6	5	5	0	0	1	2	0	-0.00	-3.00	1.111282	4.699780	0.547490	2.132101
1413033334	1000	36	35	27	31	5	4	11	7	9	6	0	0	1	1	0	-0.00	-3.00	1.110476	4.698169	0.547490	2.137266
1413033335	1000	24	36	27	23	1	5	4	12	9	3	0	0	0	0	0	-0.00	-3.00	1.111282	4.701392	0.547490	2.126938
1413033336	1000	32	32	32	23	2	9	6	8	9	4	0	1	1	0	0	-0.00	-3.00	1.110476	4.694945	0.547490	2.147610
1413033337	1000	28	33	25	27	4	8	7	6	11	3	0	0	0	0	0	-0.00	-3.00	1.110476	4.696557	0.544638	2.063946
1413033338	1000	27	24	25	38	4	8	10	7	9	7	1	1	1	2	0	-0.00	-3.00	1.110476	4.698169	0.548915	2.176498
1413033339	1000	28	27	30	23	5	8	9	6	5	4	1	0	1	0	0	-0.00	-3.00	1.111282	4.698169	0.550341	2.215728
1413033340	1000	24	34	26	32	4	1	9	7	6	7	0	1	0	0	0	-0.00	-3.00	1.110476	4.694945	0.548915	2.186868
1413033341	1000	32	35	23	24	6	4	12	10	4	3	0	1	0	0	0	-0.00	-3.00	1.109670	4.690110	0.547490	2.163151
1413033342	1000	21	41	32	33	2	4	7	13	17	5	0	0	1	2	0	-0.00	-3.00	1.110476	4.696557	0.546064	2.103190
1413033343	1000	26	35	30	22	5	8	5	13	8	4	2	1	1	1	1	-0.00	-3.00	1.110476	4.693334	0.546064	2.113513
1413033345	1000	29	22	21	28	6	8	12	5	7	6	2	1	2	1	0	-0.00	-3.00	1.110476	4.696557	0.546064	2.103190
1413033346	1000	28	33	25	35	5	7	13	7	6	4	2	0	0	0	0	-0.00	-3.00	1.110476	4.693334	0.547490	2.152787
1413033347	1000	21	38	23	35	3	3	10	9	15	7	0	0	0	2	0	-0.00	-3.00	1.111282	4.698169	0.567450	2.686506
1413033348	1000	30	20	22	20	3	6	6	4	4	5	1	0	0	0	0	-0.00	-3.00	1.111282	4.698169	0.546064	2.098033
1413033349	1000	33	27	28	30	7	8	8	7	4	6	1	0	1	0	0	-0.00	-3.00	1.109670	4.688498	0.544638	2.089713
1413033350	1000	24	31	30	24	7	6	6	7	9	5	0	3	0	0	0	-0.00	-3.00	1.111282	4.696557	0.546064	2.103190
1413033351	1000	26	31	33	24	4	5	5	10	10	7	1	1	0	1	0	-0.00	-3.00	1.111282	4.694945	0.541786	1.990573
1413033352	1000	22	29	26	29	2	8	7	7	8	3	0	0	1	0	0	-0.00	-3.00	1.110476	4.696557	0.544638	2.063946
1413033353	1000	29	28	27	22	6	7	7	11	5	5	3	2	1	1	1	-0.00	-3.00	1.111282	4.694945	0.547490	2.147610
1413033354	1000	31	34	29	35	7	8	10	10	9	5	3	2	1	2	1	-0.00	-3.00	1.111282	4.698169	0.546064	2.098033
1413033355	1000	27	29	30	26	3	11	7	8	9	4	0	1	1	1	0	-0.00	-3.00	1.111282	4.693334	0.546064	2.113513
1413033356	1000	29	24	28	34	6	8	8	5	7	9	2	0	1	0	0	-0.00	-3.00	1.111282	4.694945	0.546064	2.108349
1413033357	1000	32	18	25	30	5	10	10	5	7	5	1	0	1	2	0	-0.00	-3.00	1.111282	4.694945	0.543212	2.029830
1413033358	1000	25	30	33	32	4	11	5	10	14	9	1	1	1	2	0	-0.00	-3.00	1.110476	4.693334	0.547490	2.152787
1413033359	1000	23	35	29	31	3	9	3	8	13	8	2	0	0	2	0	-0.00	-3.00	1.111282	4.691722	0.546064	2.118681
1413033360	1000	38	31	36	32	8	6	14	8	4	10	0	0	1	1	0	-0.00	-3.00	1.111282	4.691722	0.544638	2.079395
1413033361	1000	37	33	25	23	6	5	8	10	6	5	0	0	0	2	0	-0.00	-3.00	1.112088	4.696557	0.546064	2.103190
1413033362	1000	27	19	18	17	5	3	3	2	3	5	0	1	0	0	0	-0.00	-3.00	1.110476	4.691722	0.544638	2.079395
1413033363	1000	18	21	23	19	3	7	6	4	7	2	0	0	0	1	0	-0.00	-3.00	1.111282	4.694945	0.546064	2.108349
1413033364	1000	24	28	25	28	2	5	9	8	6	5	1	0	0	0	0	-0.00	-3.00	1.112088	4.694945	0.546064	2.108349
1413033365	1000	25	26	28	35	4	7	7	9	9	6	1	1	0	0	0	-0.00	-3.00	1.112088	4.696557	0.544638	2.063946
1413033366	1000	21	16	23	17	1	6	4	6	4	5	0	0	0	1	0	-0.00	-3.00	1.112088	4.698169	0.546064	2.098033
1413033367	1000	32	26	34	28	3	11	5	10	7	10	1	0	1	3	0	-0.00	-3.00	1.112088	4.696557	0.541786	1.985453
1413033368	1000	26	34	35	30	2	13	2	8	14	4	0	0	2	0	0	-0.00	-3.00	1.111282	4.691722	0.546064	2.118681
1413033369	1000	31	26	32	25	7	10	6	7	6	5	2	1	2	0	0	-0.00	-3.00	1.112088	4.694945	0.544638	2.069091
1413033370	1000	22	29	27	25	5	6	8	10	6	4	0	2	1	0	0	-0.00	-3.00	1.112088	4.698169	0.543212	2.019568
1413033371	1000	31	33	26	34	6	7	13	9	11	8	0	3	2	2	0	-0.00	-3.00	1.112894	4.698169	0.541786	1.980338
1413033372	1000	32	29	26	29	6	12	7	6	6	6	2	1	1	0	0	-0.00	-3.00	1.112088	4.693334	0.538935	1.917154
1413033373	1000	27	25	23	24	7	7	6	4	6	4	0	1	1	0	0	-0.00	-3.00	1.111282	4.691722	0.543212	2.040108
1413033374	1000	41	35	31	35	6	9	12	6	12	5	0	1	1	0	0	-0.00	-3.00	1.112088	4.694945	0.543212	2.029830
1413033375	1000	25	25	29	25	4	9	8	6	10	5	0	1	0	1	0	-0.00	-3.00	1.112088	4.696557	0.541786	1.985453
1413033376	1000	28	20	26	24	2	9	6	10	4	3	0	0	0	1	0	-0.00	-3.00	1.112088	4.694945	0.544638	2.069091
1413033377	1000	25	31	24	26	3	7	8	9	10	4	0	1	1	1	0	-0.00	-3.00	1.111282	4.691722	0.538935	1.922253
1413033378	1000	21	23	20	12	3	8	2	2	3	5	0	0	0	1	0	-0.00	-3.00	1.111282	4.691722	0.543212	2.040108
1413033379	1000	20	27	31	33	3	5	3	10	8	8	2	1	1	3	1	-0.00	-3.00	1.112894	4.696557	0.544638	2.063946
1413033380	1000	16	27	18	24	2	3	4	5	11	4	0	1	0	1	0	-0.00	-3.00	1.113700	4.698169	0.544638	2.058803
1413033381	1000	29	27	26	24	5	13	7	6	4	3	1	0	0	1	0	-0.00	-3.00	1.112088	4.694945	0.541786	1.990573
1413033382	1000	21	24	19	22	1	5	5	6	7	2	0	0	0	0	0	-0.00	-3.00	1.112894	4.694945	0.543212	2.029830
1413033383	1000	31	28	32	24	7	12	8	6	6	6	2	0	2	0	0	-0.00	-3.00	1.112088	4.691722	0.547490	2.157966
1413033384	1000	38	23	31	29	6	14	15	9	6	3	3	1	1	1	1	-0.00	-3.00	1.112088	4.693334	0.546064	2.113513
1413033385	1000	27	30	33	31	4	6	11	14	7	4	0	0	1	1	0	-0.00	-3.00	1.112894	4.694945	0.544638	2.069091
1413033386	1000	24	29	36	25	4	11	6	9	10	4	1	1	1	0	0	-0.00	-2.75	1.112894	4.693334	0.543212	2.034967
1413033387	1000	28	27	25	26	3	9	10	9	5	1	0	0	0	0	0	-0.00	-2.75	1.113700	4.694945	0.544638	2.069091
1413033388	1000	33	22	30	28	6	5	10	9	5	6	0	1	0	1	0	-0.00	-2.75	1.112894	4.691722	0.467647	-0.042016
1413033389	1000	25	20	28	18	6	3	6	6	2	3	0	1	0	0	0	-0.00	-2.75	1.113700	4.694945	0.541786	1.990573
1413033390	1000	29	32	39	28	4	11	11	12	8	4	3	1	2	0	0	-0.00	-3.00	1.112088	4.690110	0.543212	2.045251
1413033391	1000	30	38	31	26	5	5	9	10	5	7	0	0	3	0	0	-0.00	-2.75	1.112894	4.693334	0.543212	2.034967
1413033392	1000	22	23	31	21	3	8	6	10	6	3	1	0	1	0	0	-0.00	-3.00	1.112088	4.690110	0.543212	2.045251
1413033393	1000	32	18	31	25	7	10	7	4	2	5	0	0	2	0	0	-0.00	-2.75	1.112894	4.693334	0.538935	1.917154
1413033394	1000	23	25	29	24	1	9	4	8	5	4	0	0	1	0	0	-0.00	-3.00	1.112088	4.690110	0.541786	2.005953
1413033395	1000	24	19	22	25	2	6	5	5	7	3	1	0	0	1	0	-0.00	-2.75	1.113700	4.693334	0.541786	1.995695
1413033396	1000	27	35	30	36	7	8	10	10	11	8	4	0	1	2	0	-0.00	-2.75	1.113700	4.694945	0.540361	1.951315
1413033397	1000	20	23	21	20	3	5	7	6	1	2	0	0	0	0	0	-0.00	-2.75	1.114506	4.694945	0.538935	1.912057
1413033398	1000	32	32	20	30	7	7	11	2	8	4	0	1	2	0	0	-0.00	-2.75	1.113700	4.691722	0.540361	1.961537
1413033399	1000	29	33	32	31	5	11	5	8	10	4	0	1	0	0	0	-0.00	-2.75	1.113700	4.693334	0.541786	1.995695
1413033400	1000	28	24	29	28	5	6	9	9	5	5	1	1	1	1	1	-0.00	-2.75	1.113700	4.693334	0.540361	1.956424
1413033401	1000	25	32	27	18	3	6	9	10	4	3	0	1	1	0	0	-0.00	-2.75	1.114506	4.693334	0.541786	1.995695
1413033402	1000	30	22	26	30	0	10	7	9	5	5	0	0	1	1	0	-0.00	-2.75	1.114506	4.694945	0.540361	1.951315
1413033403	1000	23	21	25	31	2	6	10	6	6	4	0	1	0	1	0	-0.00	-2.75	1.113700	4.690110	0.558896	2.477541
1413033404	1000	28	37	36	31	9	8	7	15	7	8	1	1	1	3	0	-0.00	-2.75	1.113700	4.693334	0.540361	1.956424
1413033405	1000	20	25	23	29	2	4	10	6	8	6	0	1	2	1	0	-0.00	-2.75	1.113700	4.693334	0.540361	1.956424
1413033406	1000	21	22	20	25	1	5	5	2	9	5	0	0	1	0	0	-0.00	-2.75	1.113700	4.691722	0.543212	2.040108
1413033407	1000	24	32	24	30	1	7	8	4	9	8	0	1	1	0	0	-0.00	-2.75	1.112894	4.688498	0.540361	1.971774
1413033408	1000	33	29	28	30	10	8	14	8	7	8	2	3	2	1	1	-0.00	-2.75	1.113700	4.694945	0.537509	1.872799
1413033409	1000	34	24	29	24	2	9	9	7	4	3	0	0	0	0	0	-0.00	-2.75	1.113700	4.690110	0.540361	1.966653
1413033410	1000	33	27	34	34	4	10	6	11	7	11	1	0	1	1	0	-0.00	-2.75	1.113700	4.690110	0.540361	1.966653
1413033411	1000	30	30	31	25	7	10	7	9	5	4	0	0	0	0	0	-0.00	-2.75	1.114506	4.693334	0.540361	1.956424
1413033412	1000	22	22	23	26	2	6	10	5	5	5	1	0	2	0	0	-0.00	-2.75	1.114506	4.691722	0.541786	2.000823
1413033413	1000	36	22	24	29	6	8	8	1	7	7	0	1	1	1	0	0.00	-2.75	1.114506	4.691722	0.536083	1.843680
1413033414	1000	31	38	36	38	10	7	11	11	11	8	0	2	2	0	0	-0.00	-2.75	1.113700	4.688498	0.540361	1.971774
1413033415	1000	25	19	27	26	4	5	8	6	5	5	1	1	0	0	0	-0.00	-2.75	1.114506	4.694945	0.541786	1.990573
1413033416	1000	29	32	30	19	5	7	5	12	6	2	1	0	0	0	0	-0.00	-2.75	1.116117	4.698169	0.540361	1.941107
1413033417	1000	28	20	34	30	2	11	10	5	6	7	0	2	2	0	0	-0.00	-2.75	1.116117	4.696557	0.541786	1.985453
1413033418	1000	20	29	34	18	2	7	7	13	3	0	1	0	0	0	0	0.00	-2.75	1.115311	4.694945	0.567450	2.697226
1413033419	1000	26	28	21	25	6	5	7	7	4	1	1	0	0	0	0	0.00	-2.75	1.114506	4.690110	0.540361	1.966653
1413033420	1000	25	37	35	25	7	8	8	12	7	5	1	1	2	0	0	-0.00	-2.75	1.116117	4.694945	0.541786	1.990573
1413033421	1000	26	19	19	19	4	8	6	4	3	3	1	0	0	0	0	-0.00	-2.75	1.114506	4.690110	0.534658	1.809459
1413033422	1000	20	24	28	32	2	7	6	6	8	7	0	1	1	0	0	-0.00	-2.75	1.114506	4.690110	0.541786	2.005953
1413033423	1000	26	28	26	19	6	6	7	9	6	2	1	0	0	1	0	0.00	-2.75	1.115311	4.691722	0.536083	1.843680
1413033424	1000	30	30	27	27	5	9	5	8	7	4	0	0	2	0	0	0.00	-2.75	1.114506	4.688498	0.541786	2.011086
1413033425	1000	33	26	26	22	3	8	9	9	3	5	1	0	1	1	0	0.00	-2.75	1.116117	4.693334	0.540361	1.956424
1413033426	1000	28	30	25	22	5	6	11	10	9	4	1	5	1	3	1	0.00	-2.75	1.115311	4.690110	0.540361	1.966653
1413033427	1000	23	19	15	20	4	5	8	3	3	3	0	1	1	0	0	0.00	-2.75	1.116117	4.693334	0.540361	1.956424
1413033428	1000	22	22	26	20	1	7	4	5	7	5	0	0	0	1	0	-0.00	-2.75	1.116117	4.693334	0.540361	1.956424
1413033429	1000	29	22	32	33	3	6	12	6	7	6	0	2	0	1	0	0.00	-2.75	1.118535	4.694945	0.536083	1.833540
1413033430	1000	37	30	26	37	6	8	9	7	5	6	0	1	1	0	0	0.00	-2.75	1.116117	4.691722	0.533232	1.765111
1413033431	1000	20	17	24	19	1	7	5	6	3	7	0	0	2	1	0	0.00	-2.75	1.116117	4.691722	0.538935	1.922253
1413033432	1000	27	26	42	25	5	11	7	12	3	7	2	0	3	0	0	0.00	-2.75	1.116117	4.690110	0.538935	1.927356
1413033433	1000	29	24	22	33	2	7	11	7	7	5	1	0	1	1	0	0.00	-2.75	1.116923	4.694945	0.537509	1.872799
1413033434	1000	27	31	32	28	8	6	8	8	8	5	1	0	1	0	0	0.00	-2.75	1.117729	4.699780	0.537509	1.857572
1413033435	1000	29	26	13	23	7	2	9	4	4	1	0	0	0	0	0	0.00	-2.75	1.115311	4.690110	0.538935	1.927356
1413033436	1000	19	18	31	20	0	8	5	9	2	6	0	0	2	0	0	0.00	-2.75	1.117729	4.693334	0.538935	1.917154
1413033437	1000	24	27	32	25	4	6	5	11	8	4	0	0	0	1	0	0.00	-2.75	1.116923	4.696557	0.538935	1.906964
1413033438	1000	31	30	36	29	4	10	9	13	3	4	0	1	1	0	0	0.00	-2.75	1.116923	4.691722	0.537509	1.882967
1413033439	1000	27	28	28	27	6	8	9	7	9	9	2	2	2	1	0	0.00	-2.75	1.116923	4.694945	0.457667	-0.325673
1413033440	1000	33	22	30	29	5	9	11	5	3	5	1	0	2	0	0	0.00	-2.75	1.116117	4.688498	0.538935	1.932461
1413033441	1000	33	24	31	30	9	7	6	7	5	9	1	2	0	2	0	0.00	-2.75	1.116923	4.690110	0.537509	1.888056
1413033442	1000	34	24	25	28	2	9	11	4	7	7	1	1	3	0	1	0.00	-2.75	1.116923	4.693334	0.540361	1.956424
1413033443	1000	24	22	22	33	2	5	8	6	7	4	0	0	0	0	0	0.00	-2.75	1.117729	4.694945	0.538935	1.912057
1413033444	1000	26	30	21	26	3	6	10	9	9	2	1	1	1	1	1	0.00	-2.75	1.116923	4.690110	0.538935	1.927356
1413033445	1000	29	32	37	26	7	11	4	9	10	8	1	1	1	1	0	0.00	-2.75	1.116923	4.690110	0.538935	1.927356
1413033446	1000	30	18	24	34	4	6	12	4	7	7	0	0	1	1	0	0.00	-2.75	1.116923	4.693334	0.538935	1.917154
1413033447	1000	28	25	26	22	5	7	8	12	5	4	1	1	2	1	1	0.00	-2.75	1.117729	4.694945	0.540361	1.951315
1413033448	1000	30	27	27	26	5	9	8	8	7	5	2	1	1	1	0	0.00	-2.75	1.117729	4.693334	0.537509	1.877882
1413033449	1000	22	25	22	21	2	8	4	5	7	5	0	1	0	0	0	0.00	-2.75	1.117729	4.691722	0.533232	1.765111
1413033450	1000	26	24	24	37	5	4	5	6	8	7	0	0	0	1	0	0.00	-2.75	1.116923	4.690110	0.537509	1.888056
1413033451	1000	34	34	36	34	6	13	10	10	9	8	1	0	2	2	0	0.00	-2.75	1.117729	4.691722	0.538935	1.922253
1413033452	1000	34	19	23	33	5	7	15	4	5	7	0	2	1	2	0	0.00	-2.75	1.117729	4.691722	0.537509	1.882967
1413033453	1000	29	23	19	30	0	4	11	1	10	3	0	0	0	0	0	0.00	-2.75	1.118535	4.691722	0.537509	1.882967
1413033454	1000	31	25	22	31	5	5	11	7	8	5	1	1	0	2	0	0.00	-2.75	1.117729	4.691722	0.537509	1.882967
1413033455	1000	31	24	23	28	1	10	8	7	9	4	0	1	2	0	0	0.00	-2.75	1.119341	4.693334	0.534658	1.799337
1413033456	1000	28	12	19	20	5	9	6	2	2	3	0	0	1	0	0	0.00	-2.75	1.118535	4.691722	0.530380	1.686540
1413033457	1000	23	26	28	23	5	7	4	8	6	4	1	0	0	1	0	0.00	-2.75	1.117729	4.688498	0.537509	1.893149
1413033458	1000	23	20	18	24	3	6	8	3	7	4	0	2	2	0	0	0.00	-2.75	1.119341	4.690110	0.536083	1.848757
1413033459	1000	24	24	20	20	3	3	5	4	7	4	0	0	0	1	0	0.00	-2.75	1.118535	4.691722	0.537509	1.882967
1413033460	1000	34	39	25	31	6	4	10	10	9	5	1	1	0	1	0	0.00	-2.75	1.120147	4.693334	0.530380	1.681522
1413033461	1000	32	18	18	36	2	7	11	2	7	6	0	1	0	1	0	0.00	-2.75	1.118535	4.694945	0.534658	1.794281
1413033462	1000	29	28	24	27	8	11	7	5	6	3	1	2	1	0	0	0.00	-2.75	1.120147	4.693334	0.536083	1.838609
1413033463	1000	26	27	30	31	5	4	8	10	6	10	1	1	3	1	1	0.00	-2.75	1.119341	4.691722	0.536083	1.843680
1413033464	1000	28	17	25	10	4	8	2	4	1	4	1	1	0	0	0	0.00	-2.75	1.119341	4.693334	0.537509	1.877882
1413033465	1000	25	19	31	22	3	12	3	8	3	7	2	0	0	1	0	0.00	-2.75	1.119341	4.693334	0.536083	1.838609
1413033466	1000	23	17	27	21	4	8	8	6	3	6	0	0	2	0	0	0.00	-2.75	1.117729	4.688498	0.537509	1.893149
1413033467	1000	23	29	21	25	4	5	7	7	10	5	0	2	0	0	0	0.00	-2.75	1.119341	4.690110	0.537509	1.888056
1413033468	1000	30	31	28	27	8	7	8	9	8	7	0	1	2	2	0	0.00	-2.75	1.120147	4.696557	0.536083	1.828474
1413033469	1000	34	21	27	25	5	6	7	5	5	4	0	2	0	0	0	0.00	-2.75	1.120147	4.693334	0.537509	1.877882
1413033470	1000	22	29	31	29	4	9	3	5	12	8	0	0	1	1	0	0.00	-2.75	1.120147	4.694945	0.531806	1.715765
1413033471	1000	32	23	28	39	4	6	14	7	10	13	0	1	4	3	0	0.00	-2.75	1.120147	4.691722	0.537509	1.882967
1413033472	1000	23	27	28	27	5	8	9	9	7	5	0	1	1	1	0	0.00	-2.75	1.120147	4.696557	0.534658	1.789229
1413033473	1000	24	23	29	24	5	9	3	8	8	5	2	2	1	2	1	0.00	-2.75	1.119341	4.688498	0.536083	1.853836
1413033474	1000	38	21	32	32	5	9	13	6	5	8	1	1	1	0	0	0.00	-2.75	1.120147	4.690110	0.536083	1.848757
1413033475	1000	31	25	33	26	6	12	12	7	6	7	1	1	5	1	1	0.00	-2.75	1.120147	4.691722	0.533232	1.765111
1413033476	1000	16	30	27	24	5	4	2	9	10	5	0	0	1	2	0	0.00	-2.75	1.119341	4.686887	0.536083	1.858919
1413033477	1000	31	21	27	21	6	9	9	6	6	4	0	1	1	1	0	0.00	-2.75	1.120952	4.694945	0.533232	1.755023
1413033478	1000	23	16	20	28	3	8	9	3	4	7	1	1	2	1	1	0.00	-2.75	1.121758	4.696557	0.531806	1.710739
1413033479	1000	24	31	40	21	4	11	5	13	6	7	1	1	1	1	0	0.00	-2.75	1.120952	4.693334	0.534658	1.799337
1413033480	1000	32	29	31	25	4	14	5	4	10	5	0	2	0	1	0	0.00	-2.75	1.121758	4.694945	0.533232	1.755023
1413033481	1000	27	23	28	33	9	6	8	9	5	10	2	0	2	2	0	0.00	-2.75	1.118535	4.685275	0.533232	1.785327
1413033482	1000	23	24	26	36	3	5	9	8	6	5	0	0	1	0	0	0.00	-2.75	1.120147	4.691722	0.527529	1.607969
1413033483	1000	24	23	29	18	1	10	5	6	5	5	0	0	2	1	0	0.00	-2.75	1.121758	4.694945	0.534658	1.794281
1413033484	1000	34	33	27	24	7	12	9	4	8	3	0	2	1	0	0	0.00	-2.75	1.120952	4.690110	0.531806	1.730862
1413033485	1000	28	18	25	23	3	9	4	4	8	4	0	1	1	0	0	0.00	-2.75	1.121758	4.694945	0.533232	1.755023
1413033486	1000	29	31	20	35	5	7	12	5	12	4	0	0	2	0	0	0.00	-2.75	1.121758	4.693334	0.581708	3.095311
1413033487	1000	20	23	29	32	3	6	7	5	10	6	0	1	0	0	0	0.00	-2.75	1.120147	4.685275	0.534658	1.824666
1413033488	1000	32	20	31	24	8	12	7	5	5	4	2	2	0	0	0	0.00	-2.75	1.120147	4.690110	0.533232	1.770159
1413033489	1000	22	26	22	15	5	7	7	1	4	3	0	0	2	0	0	0.00	-2.75	1.121758	4.693334	0.531806	1.720794
1413033490	1000	23	27	23	17	5	3	4	3	4	3	0	0	0	0	0	0.00	-2.75	1.121758	4.691722	0.534658	1.804396
1413033491	1000	30	25	23	25	5	10	9	6	8	3	1	2	1	0	0	0.00	-2.75	1.121758	4.691722	0.531806	1.725825
1413033492	1000	18	28	25	24	4	4	5	6	9	7	0	1	0	1	0	0.00	-2.50	1.121758	4.690110	0.534658	1.809459
1413033493	1000	21	29	21	26	2	4	3	6	9	3	0	0	0	0	0	0.00	-2.75	1.121758	4.694945	0.534658	1.794281
1413033494	1000	20	21	21	19	1	8	4	6	8	3	0	0	1	0	0	0.00	-2.75	1.120952	4.688498	0.534658	1.814524
1413033495	1000	27	31	26	20	5	8	7	11	8	2	0	2	0	1	0	0.00	-2.50	1.121758	4.690110	0.533232	1.770159
1413033496	1000	36	30	28	30	7	11	11	8	9	5	1	2	1	1	0	0.00	-2.50	1.122564	4.691722	0.533232	1.765111
1413033497	1000	27	26	24	32	2	11	8	6	9	4	1	0	1	0	0	0.00	-2.50	1.121758	4.688498	0.534658	1.814524
1413033498	1000	26	27	24	25	6	8	5	7	4	6	2	0	1	0	0	0.00	-2.50	1.123370	4.686887	0.536083	1.858919
1413033499	1000	23	20	28	21	1	12	2	5	9	2	1	0	1	0	0	0.00	-2.50	1.121758	4.690110	0.531806	1.730862
1413033500	1000	21	23	19	16	4	4	3	6	4	3	0	1	0	1	0	0.00	-2.50	1.122564	4.691722	0.534658	1.804396
1413033501	1000	25	29	20	31	6	6	10	7	10	3	0	2	1	0	0	0.00	-2.50	1.123370	4.694945	0.530380	1.676507
1413033502	1000	26	33	20	28	7	6	7	6	13	2	0	4	0	0	0	0.00	-2.50	1.123370	4.693334	0.534658	1.799337
1413033503	1000	18	34	21	34	7	3	5	6	13	4	0	1	1	0	0	0.00	-2.50	1.123370	4.690110	0.536083	1.848757
1413033504	1000	27	35	28	32	8	5	10	14	9	6	2	0	0	2	0	0.00	-2.50	1.122564	4.691722	0.530380	1.686540
1413033505	1000	29	23	30	25	5	11	6	6	8	6	2	0	1	1	0	0.00	-2.50	1.123370	4.691722	0.531806	1.725825
1413033506	1000	31	26	29	31	5	7	7	10	7	7	1	1	0	3	0	0.00	-2.50	1.123370	4.693334	0.524677	1.524434
1413033507	1000	31	28	30	28	6	12	9	8	9	6	3	2	0	2	0	0.00	-2.50	1.124176	4.693334	0.533232	1.760065
1413033508	1000	23	22	18	25	7	5	5	4	7	2	0	1	0	0	0	0.00	-2.50	1.123370	4.691722	0.531806	1.725825
1413033509	1000	26	22	25	31	6	4	7	4	5	8	0	1	0	0	0	0.00	-2.50	1.123370	4.693334	0.531806	1.720794
1413033510	1000	30	26	22	13	7	5	4	7	4	1	1	1	0	0	0	0.00	-2.50	1.123370	4.688498	0.531806	1.735899
1413033511	1000	19	21	18	27	5	5	4	3	4	4	1	0	0	0	0	0.00	-2.50	1.124176	4.691722	0.531806	1.725825
1413033512	1000	32	27	27	26	6	8	7	10	8	7	2	1	1	1	0	0.00	-2.50	1.124982	4.694945	0.530380	1.676507
1413033513	1000	29	31	24	18	9	6	3	10	8	3	1	0	0	2	0	0.00	-2.50	1.123370	4.690110	0.530380	1.691562
1413033514	1000	26	37	22	26	2	5	7	8	8	3	0	0	0	0	0	0.00	-2.50	1.124176	4.691722	0.531806	1.725825
1413033515	1000	32	31	25	36	9	5	12	5	11	9	1	2	1	1	0	0.00	-2.50	1.125788	4.691722	0.531806	1.725825
1413033516	1000	36	34	21	24	11	6	9	7	6	2	2	1	1	0	0	0.00	-2.50	1.124176	4.691722	0.533232	1.765111
1413033517	1000	25	37	21	28	5	5	5	6	14	3	0	0	1	1	0	0.00	-2.50	1.125788	4.691722	0.523252	1.490114
1413033518	1000	22	25	20	22	3	5	3	4	9	4	0	0	0	1	0	0.00	-2.50	1.124176	4.688498	0.533232	1.775213
1413033519	1000	28	23	24	26	2	5	10	6	5	2	0	0	0	1	0	0.00	-2.50	1.125788	4.691722	0.533232	1.765111
1413033520	1000	28	32	37	19	10	9	4	14	4	6	2	1	0	1	0	0.00	-2.50	1.124176	4.685275	0.530380	1.706650
1413033521	1000	19	24	18	26	1	2	6	8	8	4	0	0	0	1	0	0.00	-2.50	1.124982	4.693334	0.528955	1.642250
1413033522	1000	27	26	27	28	3	10	7	5	8	6	0	0	2	1	0	0.00	-2.50	1.124982	4.693334	0.551767	2.270602
1413033523	1000	33	23	27	30	5	9	4	6	8	4	0	0	0	2	0	0.00	-2.50	1.124982	4.688498	0.530380	1.696588
1413033524	1000	25	22	30	20	4	6	6	7	7	3	1	0	0	0	0	0.00	-2.50	1.125788	4.690110	0.531806	1.730862
1413033525	1000	19	20	20	11	5	4	2	6	1	2	1	0	0	0	0	0.00	-2.50	1.125788	4.691722	0.531806	1.725825
1413033526	1000	22	31	19	32	7	7	6	6	9	5	1	1	1	0	0	0.00	-2.50	1.125788	4.691722	0.530380	1.686540
1413033527	1000	30	22	33	26	4	9	7	8	8	7	0	1	0	0	0	0.00	-2.50	1.125788	4.694945	0.530380	1.676507
1413033528	1000	17	25	26	26	2	6	6	8	7	4	1	0	1	0	0	0.00	-2.50	1.125788	4.690110	0.530380	1.691562
1413033529	1000	28	23	22	27	3	8	8	6	9	2	0	0	0	2	0	0.00	-2.50	1.126593	4.691722	0.531806	1.725825
1413033530	1000	28	32	31	29	6	6	8	5	8	4	0	0	0	0	0	0.00	-2.50	1.124176	4.686887	0.531806	1.740942
1413033531	1000	26	28	26	31	1	7	7	11	6	4	0	0	0	1	0	0.00	-2.50	1.125788	4.691722	0.528955	1.647256
1413033532	1000	18	24	21	23	5	4	8	5	3	4	0	1	0	0	0	0.00	-2.50	1.127399	4.694945	0.526103	1.558731
1413033533	1000	21	29	19	28	7	3	6	5	6	7	0	0	0	0	0	0.00	-2.50	1.124982	4.688498	0.528955	1.657276
1413033534	1000	25	24	27	13	5	6	3	6	1	4	0	0	0	0	0	0.00	-2.50	1.126593	4.691722	0.530380	1.686540
1413033535	1000	27	22	29	21	4	9	8	6	5	4	1	0	1	0	0	0.00	-2.50	1.125788	4.688498	0.530380	1.696588
1413033536	1000	29	24	31	26	5	9	7	8	5	8	1	1	1	0	0	0.00	-2.50	1.128205	4.693334	0.530380	1.681522
1413033537	1000	26	27	24	26	6	6	6	9	10	4	2	0	0	1	0	0.00	-2.50	1.128205	4.696557	0.530380	1.671496
1413033538	1000	36	25	28	25	6	10	10	6	4	7	0	2	1	0	0	0.00	-2.50	1.126593	4.690110	0.526103	1.573665
1413033539	1000	29	29	22	25	6	7	8	7	12	0	1	1	0	0	0	0.00	-2.50	1.127399	4.691722	0.527529	1.607969
1413033540	1000	24	31	23	25	5	5	6	7	9	2	0	0	0	0	0	0.00	-2.50	1.125788	4.686887	0.528955	1.662291
1413033541	1000	20	12	26	30	0	7	10	2	6	9	0	0	3	0	0	0.00	-2.50	1.127399	4.686887	0.526103	1.583638
1413033542	1000	20	24	23	23	2	4	4	9	4	4	0	0	0	1	0	0.00	-2.50	1.128205	4.691722	0.530380	1.686540
1413033543	1000	28	29	23	27	6	11	10	4	8	6	1	2	3	0	0	0.00	-2.50	1.127399	4.688498	0.528955	1.657276
1413033544	1000	14	26	21	23	3	0	3	6	7	6	0	1	0	0	0	0.00	-2.50	1.128205	4.691722	0.530380	1.686540
1413033545	1000	27	24	26	26	5	6	8	8	8	4	1	1	0	1	0	0.00	-2.50	1.129011	4.694945	0.527529	1.597989
1413033546	1000	23	32	23	27	5	7	8	6	11	2	0	2	0	0	0	0.00	-2.50	1.128205	4.686887	0.528955	1.662291
1413033547	1000	28	29	28	21	8	8	5	7	4	5	1	0	1	2	0	0.00	-2.50	1.128205	4.690110	0.528955	1.652264
1413033548	1000	27	29	31	33	9	5	10	9	5	5	0	2	0	0	0	0.00	-2.50	1.129011	4.694945	0.590262	3.325361
1413033549	1000	24	22	26	25	6	6	8	5	4	3	0	0	0	0	0	0.00	-2.50	1.129011	4.693334	0.530380	1.681522
1413033550	1000	23	30	31	29	4	10	5	10	9	6	2	0	1	1	0	0.00	-2.50	1.128205	4.686887	0.527529	1.622965
1413033551	1000	28	22	29	23	3	12	6	7	10	4	1	1	1	1	0	0.00	-2.50	1.129011	4.693334	0.526103	1.563705
1413033552	1000	19	31	19	18	6	7	2	9	9	5	3	0	1	2	0	0.00	-2.50	1.128205	4.691722	0.530380	1.686540
1413033553	1000	19	21	18	35	2	1	8	4	6	5	0	1	0	0	0	0.00	-2.50	1.128205	4.691722	0.520400	1.411541
1413033554	1000	34	21	31	20	1	9	6	5	6	3	0	0	1	0	0	0.00	-2.50	1.128205	4.686887	0.528955	1.662291
1413033555	1000	36	26	40	28	5	14	8	10	4	9	0	0	2	0	0	0.00	-2.50	1.128205	4.694945	0.528955	1.637248
1413033556	1000	19	19	20	23	2	4	8	3	5	5	0	0	1	0	0	0.00	-2.50	1.129817	4.696557	0.526103	1.553759
1413033557	1000	25	28	27	16	8	6	4	9	7	2	0	1	0	1	0	0.00	-2.50	1.129011	4.691722	0.530380	1.686540
1413033558	1000	29	23	25	27	3	7	6	4	9	4	0	0	0	0	0	0.00	-2.50	1.129011	4.691722	0.528955	1.647256
1413033559	1000	35	35	25	30	5	7	11	9	10	4	1	0	0	1	0	0.00	-2.50	1.128205	4.686887	0.530380	1.701616
1413033560	1000	26	15	20	21	2	7	6	3	4	7	0	0	2	1	0	0.00	-2.50	1.128205	4.690110	0.530380	1.691562
1413033561	1000	27	23	31	25	6	7	7	6	6	3	1	2	1	0	0	0.00	-2.50	1.129817	4.693334	0.530380	1.681522
1413033562	1000	25	22	23	28	2	9	8	3	6	6	0	0	0	0	0	0.00	-2.50	1.129817	4.690110	0.524677	1.534366
1413033563	1000	35	24	33	25	3	11	11	10	3	6	1	0	1	0	0	0.00	-2.50	1.130623	4.696557	0.527529	1.593005
1413033564	1000	24	18	22	20	6	6	8	3	2	2	0	0	0	1	0	0.00	-2.50	1.131429	4.694945	0.518974	1.362437
1413033565	1000	22	23	16	23	2	2	7	5	5	2	0	0	0	0	0	0.00	-2.50	1.129011	4.686887	0.527529	1.622965
1413033566	1000	24	18	23	27	0	4	11	5	6	6	0	0	0	0	0	0.00	-2.50	1.131429	4.690110	0.527529	1.612963
1413033567	1000	30	38	25	23	7	11	7	8	8	5	3	2	2	1	1	0.00	-2.50	1.132234	4.691722	0.527529	1.607969
1413033568	1000	23	22	30	26	2	6	4	6	5	10	1	0	1	0	0	0.00	-2.50	1.129817	4.690110	0.527529	1.612963
1413033569	1000	39	31	36	27	6	13	9	7	8	4	1	2	1	1	0	0.00	-2.50	1.131429	4.691722	0.523252	1.490114
1413033570	1000	32	33	29	20	6	12	7	6	7	4	0	1	1	1	0	0.00	-2.50	1.129817	4.690110	0.527529	1.612963
1413033571	1000	34	24	24	35	4	9	14	4	7	9	0	0	5	0	0	0.00	-2.50	1.131429	4.686887	0.523252	1.504987
1413033572	1000	24	30	35	31	3	9	8	11	12	9	1	0	2	3	0	0.00	-2.50	1.133040	4.694945	0.527529	1.597989
1413033573	1000	28	29	27	33	4	8	9	7	12	3	1	1	2	1	1	0.00	-2.50	1.130623	4.691722	0.527529	1.607969
1413033574	1000	22	20	25	25	0	7	6	5	6	3	0	0	1	0	0	0.00	-2.50	1.132234	4.698169	0.541786	1.980338
1413033575	1000	23	25	24	26	2	7	6	5	8	4	0	1	0	0	0	0.00	-2.50	1.130623	4.688498	0.526103	1.578651
1413033576	1000	20	34	27	29	5	5	8	14	7	2	1	1	0	0	0	0.00	-2.50	1.130623	4.686887	0.527529	1.622965
1413033577	1000	30	26	24	28	3	8	7	5	9	5	0	2	0	0	0	0.00	-2.50	1.131429	4.690110	0.527529	1.612963
1413033578	1000	31	27	22	30	5	9	9	7	9	5	1	1	1	2	1	0.00	-2.50	1.131429	4.691722	0.527529	1.607969
1413033579	1000	24	16	15	21	2	3	6	3	1	4	0	0	0	0	0	0.00	-2.50	1.133040	4.696557	0.524677	1.514515
1413033580	1000	23	27	31	26	5	7	8	11	3	9	0	1	1	2	0	0.00	-2.50	1.131429	4.688498	0.527529	1.617963
1413033581	1000	22	22	20	20	4	4	6	7	2	2	0	1	1	0	0	0.00	-2.50	1.131429	4.693334	0.527529	1.602977
1413033582	1000	29	25	21	25	4	7	9	5	6	4	0	0	0	1	0	0.00	-2.50	1.133040	4.694945	0.524677	1.519473
1413033583	1000	24	17	28	27	0	8	8	4	8	6	0	0	1	0	0	0.00	-2.50	1.132234	4.691722	0.527529	1.607969
1413033584	1000	22	25	26	32	5	5	10	8	8	5	1	2	1	1	0	0.00	-2.50	1.133846	4.694945	0.527529	1.597989
1413033585	1000	27	21	18	19	1	4	7	5	3	3	0	0	0	1	0	0.00	-2.50	1.131429	4.686887	0.524677	1.544312
1413033586	1000	26	29	18	27	5	3	9	8	7	2	0	0	0	0	0	0.00	-2.50	1.133040	4.694945	0.524677	1.519473
1413033587	1000	26	33	28	29	4	6	8	14	8	4	0	1	1	2	0	0.50	-2.50	1.133040	4.690110	0.523252	1.495068
1413033588	1000	25	24	20	24	1	8	4	4	10	1	0	0	0	0	0	0.00	-2.50	1.133040	4.691722	0.528955	1.647256
1413033589	1000	24	26	24	25	7	6	3	6	6	7	1	0	0	0	0	0.50	-2.50	1.133040	4.693334	0.524677	1.524434
1413033590	1000	25	23	22	34	2	6	8	4	10	5	0	0	0	0	0	0.00	-2.50	1.133040	4.691722	0.524677	1.529399
1413033591	1000	24	18	20	29	4	3	8	6	5	7	0	1	0	0	0	0.50	-2.50	1.133040	4.691722	0.523252	1.490114
1413033592	1000	25	26	27	18	3	9	5	7	6	4	1	0	0	0	0	0.00	-2.50	1.133040	4.691722	0.524677	1.529399
1413033593	1000	25	21	25	19	3	10	5	5	5	4	0	0	1	0	0	0.00	-2.25	1.133846	4.690110	0.524677	1.534366
1413033594	1000	25	22	22	28	3	7	6	5	4	4	0	0	0	0	0	0.50	-2.25	1.134652	4.694945	0.524677	1.519473
1413033595	1000	25	30	32	26	4	8	8	12	7	6	0	1	1	0	0	0.50	-2.25	1.133846	4.690110	0.598817	3.577909
1413033596	1000	26	30	31	25	4	10	6	11	10	6	1	1	2	1	0	0.50	-2.50	1.132234	4.686887	0.518974	1.387008
1413033597	1000	22	24	23	17	2	3	1	6	4	5	0	1	0	0	0	0.50	-2.25	1.133846	4.691722	0.524677	1.529399
1413033598	1000	26	31	18	22	8	3	5	4	7	6	1	1	1	1	1	0.50	-2.50	1.133846	4.693334	0.526103	1.563705
1413033599	1000	26	28	25	18	5	6	5	9	2	1	0	0	1	0	0	0.50	-2.25	1.134652	4.691722	0.523252	1.490114
1413033600	1000	25	24	23	19	6	7	6	7	2	4	0	0	2	0	0	0.50	-2.25	1.135458	4.693334	0.541786	1.995695
1413033601	1000	19	18	25	22	1	4	5	10	4	5	0	0	0	1	0	0.50	-2.25	1.133846	4.688498	0.517549	1.342774
1413033602	1000	30	28	35	22	6	12	7	9	7	4	1	2	1	1	0	0.50	-2.25	1.134652	4.690110	0.524677	1.534366
1413033604	1000	24	25	22	24	4	4	6	5	8	4	0	1	0	1	0	0.50	-2.25	1.134652	4.691722	0.524677	1.529399
1413033605	1000	28	30	32	23	7	8	6	14	7	4	3	1	0	1	0	0.50	-2.25	1.135458	4.691722	0.524677	1.529399
1413033606	1000	24	20	24	24	0	5	11	12	3	2	0	0	0	0	0	0.50	-2.25	1.135458	4.693334	0.524677	1.524434
1413033607	1000	22	22	15	22	4	3	5	3	7	5	0	0	1	0	0	0.50	-2.25	1.133846	4.686887	0.524677	1.544312
1413033608	1000	32	24	21	26	7	4	7	6	5	4	0	1	1	1	0	0.50	-2.25	1.135458	4.691722	0.524677	1.529399
1413033609	1000	12	28	24	22	4	1	4	11	4	4	0	0	1	2	0	0.50	-2.25	1.135458	4.691722	0.523252	1.490114
1413033610	1000	22	23	22	23	3	4	9	4	6	3	0	1	1	1	0	0.50	-2.25	1.135458	4.691722	0.524677	1.529399
1413033611	1000	19	25	25	25	3	3	7	5	8	4	1	1	0	0	0	0.50	-2.25	1.136264	4.693334	0.521826	1.445890
1413033612	1000	26	28	26	18	5	8	8	10	7	2	2	1	2	2	1	0.50	-2.25	1.135458	4.690110	0.524677	1.534366
1413033613	1000	24	30	26	27	2	5	8	11	10	0	0	1	0	0	0	0.50	-2.25	1.135458	4.690110	0.524677	1.534366
1413033614	1000	29	24	29	25	6	11	6	6	4	4	0	1	0	0	0	0.50	-2.25	1.136264	4.691722	0.523252	1.490114
1413033615	1000	28	23	16	14	6	5	4	8	5	2	1	1	1	1	1	0.50	-2.25	1.137070	4.694945	0.521826	1.440957
1413033616	1000	19	27	29	24	1	5	3	13	7	4	1	0	0	0	0	0.50	-2.25	1.137070	4.693334	0.523252	1.485162
1413033617	1000	30	24	26	24	4	6	11	8	7	5	1	1	1	0	0	0.50	-2.25	1.136264	4.690110	0.524677	1.534366
1413033618	1000	26	24	32	22	2	8	9	8	6	5	1	0	2	0	0	0.50	-2.25	1.136264	4.690110	0.524677	1.534366
1413033619	1000	23	20	19	18	2	4	5	4	1	5	0	0	1	0	0	0.50	-2.25	1.137070	4.691722	0.521826	1.450828
1413033620	1000	30	28	25	24	7	7	9	8	5	5	2	1	1	1	1	0.50	-2.25	1.137875	4.688498	0.523252	1.500026
1413033621	1000	36	20	24	19	4	10	6	6	5	4	0	0	2	0	0	0.50	-2.25	1.136264	4.686887	0.521826	1.465661
1413033622	1000	25	25	21	24	1	9	6	8	8	2	1	0	0	0	0	0.50	-2.25	1.137875	4.691722	0.514697	1.254400
1413033623	1000	27	22	32	28	3	6	8	11	3	8	0	1	1	0	0	0.50	-2.25	1.135458	4.685275	0.518974	1.391932
1413033624	1000	24	26	24	18	5	7	6	8	5	0	1	2	0	0	0	0.50	-2.25	1.137875	4.690110	0.521826	1.455770
1413033625	1000	16	25	24	22	4	3	3	8	8	3	0	0	0	1	0	0.50	-2.25	1.137875	4.690110	0.523252	1.495068
1413033626	1000	28	31	31	30	8	6	8	8	7	7	1	1	1	2	1	0.50	-2.25	1.137070	4.690110	0.524677	1.534366
1413033627	1000	25	28	18	23	2	4	7	4	8	1	0	1	0	0	0	0.50	-2.25	1.138681	4.693334	0.543212	2.034967
1413033628	1000	25	19	34	29	2	6	7	7	6	11	0	0	0	1	0	0.50	-2.25	1.137070	4.685275	0.518974	1.391932
1413033629	1000	25	28	30	24	3	6	8	12	4	5	2	0	1	0	0	0.50	-2.25	1.137875	4.688498	0.521826	1.460714
1413033630	1000	26	25	31	29	6	12	10	11	1	5	4	0	1	0	0	0.50	-2.25	1.140293	4.694945	0.523252	1.480215
1413033631	1000	33	20	23	20	5	9	13	6	3	5	0	1	2	0	0	0.50	-2.25	1.138681	4.693334	0.521826	1.445890
1413033632	1000	35	32	26	32	7	7	13	10	11	3	1	2	1	1	0	0.50	-2.25	1.138681	4.693334	0.517549	1.328074
1413033633	1000	25	29	23	19	5	8	5	5	3	4	1	1	1	1	1	0.50	-2.25	1.137875	4.688498	0.520400	1.421399
1413033634	1000	24	22	25	23	4	8	9	6	3	6	1	1	2	0	0	0.50	-2.25	1.138681	4.688498	0.521826	1.460714
1413033635	1000	25	22	24	17	3	6	4	5	3	2	0	0	0	0	0	0.50	-2.25	1.138681	4.690110	0.524677	1.534366
1413033636	1000	20	29	23	28	6	5	6	5	9	6	0	2	0	1	0	0.50	-2.25	1.140293	4.694945	0.523252	1.480215
1413033637	1000	26	22	24	27	3	4	9	9	7	3	0	0	0	1	0	0.50	-2.25	1.141099	4.696557	0.520400	1.396779
1413033638	1000	24	35	28	27	4	8	8	12	10	7	1	1	1	4	1	0.50	-2.25	1.137875	4.682051	0.521826	1.480526
1413033639	1000	21	27	20	23	9	5	7	6	9	4	2	2	0	0	0	0.50	-2.25	1.140293	4.694945	0.523252	1.480215
1413033640	1000	16	20	18	16	2	7	5	4	6	2	1	1	1	0	0	0.50	-2.25	1.141099	4.696557	0.520400	1.396779
1413033641	1000	30	34	27	32	4	5	11	11	6	9	0	0	1	3	0	0.50	-2.25	1.140293	4.693334	0.521826	1.445890
1413033642	1000	36	26	29	33	7	6	14	10	6	6	0	2	0	0	0	0.50	-2.25	1.140293	4.691722	0.518974	1.372255
1413033643	1000	32	21	26	24	5	11	7	5	7	1	2	0	0	0	0	0.50	-2.25	1.139487	4.686887	0.524677	1.544312
1413033644	1000	19	21	21	19	6	4	3	3	3	6	0	1	0	0	0	0.50	-2.25	1.141099	4.694945	0.524677	1.519473
1413033645	1000	29	19	21	28	3	10	8	0	5	4	0	0	1	0	0	0.50	-2.25	1.141099	4.691722	0.523252	1.490114
1413033646	1000	28	22	18	22	5	10	9	6	4	1	1	1	1	0	0	0.50	-2.25	1.141099	4.691722	0.523252	1.490114
1413033647	1000	28	20	28	27	5	7	5	7	4	8	0	0	0	0	0	0.50	-2.25	1.141099	4.691722	0.523252	1.490114
1413033648	1000	22	21	22	23	3	6	4	5	4	5	0	0	0	1	0	0.50	-2.00	1.143517	4.693334	0.520400	1.406617
1413033649	1000	30	22	29	24	4	7	9	8	7	7	2	2	2	3	2	0.50	-2.25	1.141099	4.691722	0.517549	1.332971
1413033650	1000	25	25	22	27	1	7	7	6	10	3	0	0	1	0	0	0.50	-2.25	1.141099	4.690110	0.520400	1.416468
1413033651	1000	24	23	22	26	4	7	6	2	6	7	0	1	0	0	0	0.50	-2.25	1.141099	4.691722	0.521826	1.450828
1413033652	1000	28	33	29	22	9	4	6	6	7	6	0	1	0	1	0	0.50	-2.25	1.141905	4.691722	0.520400	1.411541
1413033653	1000	34	33	29	24	5	10	7	5	11	5	0	1	1	0	0	0.50	-2.00	1.143517	4.690110	0.536083	1.848757
1413033654	1000	19	26	24	20	5	5	5	8	5	3	0	0	0	0	0	0.50	-2.25	1.141099	4.690110	0.514697	1.259273
1413033655	1000	20	30	37	24	2	8	4	13	8	4	1	0	0	1	0	0.50	-2.25	1.141905	4.690110	0.520400	1.416468
1413033656	1000	18	27	19	18	5	4	3	10	8	3	1	0	1	1	0	0.50	-2.00	1.141905	4.685275	0.520400	1.431272
1413033657	1000	22	23	28	30	3	5	9	9	2	8	1	0	0	0	0	0.50	-2.25	1.141905	4.690110	0.520400	1.416468
1413033658	1000	24	21	19	22	5	7	7	9	11	2	2	2	0	2	0	0.50	-2.25	1.142711	4.690110	0.513271	1.219975
1413033659	1000	26	27	26	28	7	8	9	10	7	7	2	1	0	1	0	0.50	-2.25	1.140293	4.682051	0.521826	1.480526
1413033660	1000	27	14	17	23	5	2	11	3	4	2	0	2	0	0	0	0.50	-2.00	1.143517	4.693334	0.521826	1.445890
1413033661	1000	28	22	33	19	7	10	7	9	4	2	2	1	0	0	0	0.50	-2.00	1.144322	4.694945	0.521826	1.440957
1413033662	1000	20	24	18	25	4	5	7	7	8	6	1	0	0	2	0	0.50	-2.00	1.144322	4.696557	0.520400	1.396779
1413033663	1000	20	26	16	19	4	4	5	10	10	3	1	2	1	3	1	0.50	-2.00	1.144322	4.694945	0.517549	1.323179
1413033664	1000	20	25	25	20	6	5	4	8	7	7	2	1	1	2	1	0.50	-2.00	1.142711	4.688498	0.518974	1.382088
1413033665	1000	17	35	30	19	4	4	4	10	4	5	0	1	1	0	0	0.50	-2.00	1.143517	4.686887	0.518974	1.387008
1413033666	1000	29	22	19	16	2	5	2	8	3	3	0	0	0	1	0	0.50	-2.00	1.145934	4.698169	0.521826	1.431099
1413033667	1000	27	25	36	24	6	9	8	12	2	5	0	1	0	0	0	0.50	-2.00	1.145128	4.693334	0.521826	1.445890
1413033668	1000	24	24	27	21	6	7	6	4	4	9	0	1	2	0	0	0.50	-2.00	1.143517	4.690110	0.518974	1.377170
1413033669	1000	18	29	22	17	2	5	3	11	6	3	0	0	0	1	0	0.50	-2.00	1.143517	4.688498	0.520400	1.421399
1413033670	1000	29	28	29	23	9	9	6	5	5	4	0	0	0	0	0	0.50	-2.00	1.145128	4.694945	0.520400	1.401696
1413033671	1000	30	21	31	31	4	8	10	10	4	9	1	1	1	1	0	0.50	-2.00	1.145128	4.693334	0.520400	1.406617
1413033672	1000	28	25	28	31	3	7	11	10	9	8	2	1	1	2	1	0.50	-2.00	1.144322	4.693334	0.521826	1.445890
1413033673	1000	33	29	24	27	8	8	10	5	9	2	1	0	1	0	0	0.50	-2.00	1.145128	4.691722	0.520400	1.411541
1413033674	1000	26	21	28	26	3	9	7	5	3	11	0	0	1	1	0	0.50	-2.00	1.145128	4.690110	0.517549	1.337871
1413033675	1000	20	15	26	30	2	5	6	7	6	11	0	0	1	4	0	0.50	-2.00	1.145128	4.690110	0.520400	1.416468
1413033676	1000	30	29	26	28	3	6	4	6	11	6	0	0	0	2	0	0.50	-2.00	1.145934	4.691722	0.520400	1.411541
1413033677	1000	26	33	36	27	3	7	7	13	7	4	1	0	0	0	0	0.50	-2.00	1.145934	4.690110	0.520400	1.416468
1413033678	1000	27	33	16	26	6	6	9	7	8	1	0	1	1	0	0	0.50	-2.00	1.146740	4.693334	0.520400	1.406617
1413033679	1000	24	23	23	29	4	7	9	8	8	6	0	2	1	1	0	0.50	-2.00	1.146740	4.691722	0.517549	1.332971
1413033680	1000	19	19	17	21	1	4	5	5	5	5	0	0	1	1	0	0.50	-2.00	1.145128	4.688498	0.518974	1.382088
1413033681	1000	18	24	27	27	2	7	4	7	8	4	0	0	0	0	0	0.50	-2.00	1.146740	4.694945	0.521826	1.440957
1413033682	1000	22	29	32	29	4	5	9	11	10	13	0	0	3	3	0	0.50	-2.00	1.147546	4.690110	0.521826	1.455770
1413033683	1000	20	28	20	22	4	4	6	11	5	1	1	1	0	0	0	0.50	-2.00	1.146740	4.691722	0.518974	1.372255
1413033684	1000	32	26	19	22	5	9	12	5	8	5	1	2	2	3	1	0.50	-2.00	1.146740	4.686887	0.513271	1.229706
1413033685	1000	15	25	19	19	3	2	3	11	5	4	1	0	0	2	0	0.50	-2.00	1.147546	4.694945	0.514697	1.244664
1413033686	1000	18	26	29	19	5	6	5	8	4	6	0	2	1	0	0	0.50	-2.00	1.147546	4.693334	0.518974	1.367346
1413033687	1000	15	21	20	19	4	3	5	4	5	8	0	0	1	1	0	0.50	-2.00	1.147546	4.691722	0.518974	1.372255
1413033688	1000	32	19	22	19	5	8	10	3	6	2	1	2	0	0	0	0.50	-2.00	1.147546	4.691722	0.517549	1.332971
1413033689	1000	25	25	27	24	5	6	6	9	6	4	2	0	0	1	0	0.50	-2.00	1.148352	4.693334	0.520400	1.406617
1413033690	1000	24	24	24	22	1	7	4	7	9	7	0	0	2	2	0	0.50	-2.00	1.146740	4.691722	0.516123	1.293686
1413033691	1000	32	19	20	29	7	8	10	4	5	4	1	0	1	1	0	0.50	-2.00	1.149158	4.696557	0.518974	1.357533
1413033692	1000	29	28	22	24	3	10	6	5	8	4	1	0	1	0	0	0.50	-2.00	1.149963	4.696557	0.518974	1.357533
1413033693	1000	29	31	34	31	7	9	9	9	9	5	2	2	1	1	0	0.50	-2.00	1.147546	4.686887	0.516123	1.308357
1413033694	1000	15	19	16	21	2	2	5	5	8	4	0	2	0	1	0	0.50	-2.00	1.148352	4.691722	0.517549	1.332971
1413033695	1000	13	20	20	22	3	5	2	4	8	4	1	1	1	1	1	0.50	-2.00	1.149963	4.694945	0.518974	1.362437
1413033696	1000	24	18	26	23	3	6	8	6	6	7	1	1	2	2	1	0.50	-2.00	1.149158	4.698169	0.516123	1.274171
1413033697	1000	12	12	17	9	1	5	1	5	4	2	0	0	1	0	0	0.50	-2.00	1.149963	4.696557	0.514697	1.239800
1413033698	1000	18	17	19	15	3	7	4	7	5	4	1	0	1	1	0	0.50	-2.00	1.149963	4.691722	0.518974	1.372255
1413033699	1000	20	17	21	19	2	5	7	5	4	5	0	0	1	0	0	0.50	-2.00	1.149963	4.696557	0.517549	1.318289
1413033700	1000	20	17	19	18	2	4	6	3	6	4	0	0	1	1	0	0.50	-2.00	1.149158	4.691722	0.518974	1.372255
1413033701	1000	25	23	28	14	4	8	7	8	2	1	1	0	1	0	0	0.50	-2.00	1.149963	4.693334	0.513271	1.210259
1413033702	1000	19	22	27	24	2	7	3	7	9	6	2	0	1	1	0	0.50	-2.00	1.150769	4.694945	0.518974	1.362437
1413033703	1000	29	27	29	28	4	9	10	7	6	7	0	0	0	2	0	0.50	-2.00	1.151575	4.693334	0.518974	1.367346
1413033704	1000	17	18	21	18	2	5	2	5	4	2	0	0	0	0	0	0.50	-2.00	1.149963	4.693334	0.518974	1.367346
1413033705	1000	21	26	29	21	1	8	4	8	8	7	0	0	1	0	0	0.50	-2.00	1.150769	4.686887	0.511846	1.190379
1413033706	1000	22	25	27	15	4	11	7	9	2	4	2	0	1	0	0	0.50	-2.00	1.149963	4.690110	0.511846	1.180676
1413033707	1000	27	27	25	23	5	9	4	8	7	2	0	1	0	0	0	0.50	-2.00	1.150769	4.691722	0.517549	1.332971
1413033708	1000	25	25	15	24	4	3	11	4	7	2	1	2	1	1	1	0.50	-2.00	1.151575	4.691722	0.516123	1.293686
1413033709	1000	20	25	19	23	2	3	7	4	3	7	0	0	1	0	0	0.50	-2.00	1.152381	4.694945	0.518974	1.362437
1413033710	1000	21	21	18	19	4	5	4	7	5	4	2	0	1	0	0	1.00	-2.00	1.151575	4.688498	0.598817	3.583584
1413033711	1000	19	19	20	16	1	8	5	10	6	2	0	1	1	1	0	0.50	-2.00	1.151575	4.690110	0.517549	1.337871
1413033712	1000	16	21	19	20	3	4	3	7	4	2	0	0	0	0	0	0.50	-1.75	1.152381	4.690110	0.517549	1.337871
1413033713	1000	21	16	19	18	2	5	5	4	3	3	1	0	0	0	0	0.50	-2.00	1.152381	4.694945	0.518974	1.362437
1413033714	1000	24	24	19	16	3	6	3	5	5	2	1	0	0	0	0	0.50	-2.00	1.152381	4.693334	0.518974	1.367346
1413033715	1000	21	25	28	24	1	11	4	8	7	3	0	0	0	0	0	0.50	-2.00	1.152381	4.691722	0.560321	2.511535
1413033716	1000	27	21	24	20	0	7	4	6	7	3	0	0	0	0	0	1.00	-1.75	1.152381	4.690110	0.516123	1.298573
1413033717	1000	26	22	35	13	4	11	3	11	2	3	2	0	1	0	0	1.00	-2.00	1.153993	4.699780	0.514697	1.230083
1413033718	1000	22	24	26	20	2	6	5	6	5	3	0	0	0	0	0	0.50	-2.00	1.153993	4.699780	0.516123	1.269301
1413033719	1000	28	30	28	28	2	11	3	8	6	5	0	0	0	1	0	0.50	-1.75	1.154799	4.698169	0.516123	1.274171
1413033720	1000	26	27	35	24	4	13	7	11	12	5	3	3	3	3	2	1.00	-1.75	1.153187	4.693334	0.564599	2.624048
1413033721	1000	18	19	17	18	4	2	5	7	4	4	0	0	0	2	0	1.00	-1.75	1.153993	4.694945	0.516123	1.283921
1413033722	1000	14	16	23	17	4	4	3	7	4	4	2	1	0	0	0	1.00	-1.75	1.152381	4.690110	0.516123	1.298573
1413033723	1000	18	23	17	17	3	3	2	4	3	2	0	0	0	0	0	1.00	-1.75	1.154799	4.694945	0.514697	1.244664
1413033724	1000	34	34	33	29	5	11	9	9	11	2	1	1	1	0	0	1.00	-1.75	1.153993	4.690110	0.513271	1.219975
1413033725	1000	22	21	24	33	1	8	7	4	7	5	0	0	1	0	0	1.00	-1.75	1.154799	4.696557	0.516123	1.279044
1413033726	1000	25	28	27	21	2	5	8	6	9	2	0	1	0	1	0	1.00	-1.75	1.153187	4.691722	0.516123	1.293686
1413033727	1000	29	23	23	32	2	5	10	6	9	2	0	1	0	0	0	1.00	-1.75	1.153993	4.691722	0.513271	1.215115
1413033728	1000	29	20	23	21	2	8	9	4	6	6	0	1	2	1	0	1.00	-1.75	1.154799	4.693334	0.517549	1.328074
1413033729	1000	28	21	26	24	5	6	8	5	5	5	0	0	1	1	0	1.00	-1.75	1.156410	4.696557	0.516123	1.279044
1413033730	1000	22	27	26	25	6	8	2	6	9	6	1	1	0	0	0	1.00	-1.75	1.154799	4.691722	0.516123	1.293686
1413033731	1000	31	13	16	26	4	5	13	2	4	2	0	0	1	0	0	1.00	-1.75	1.156410	4.694945	0.513271	1.205406
1413033732	1000	16	26	20	20	4	4	4	5	8	2	1	0	0	0	0	1.00	-1.75	1.155604	4.693334	0.516123	1.288802
1413033733	1000	16	29	28	27	3	7	5	8	7	7	1	1	2	1	1	1.00	-1.75	1.156410	4.694945	0.517549	1.323179
1413033734	1000	31	17	20	20	4	5	7	4	2	5	0	1	0	0	0	1.00	-1.75	1.158022	4.694945	0.517549	1.323179
1413033735	1000	20	18	20	21	0	5	3	3	4	4	0	0	0	0	0	1.00	-1.75	1.156410	4.694945	0.517549	1.323179
1413033736	1000	22	11	25	16	1	7	4	3	2	3	1	0	0	0	0	1.00	-1.75	1.155604	4.686887	0.513271	1.229706
1413033737	1000	21	18	18	18	3	7	7	4	5	2	1	1	1	0	0	1.00	-1.75	1.155604	4.691722	0.514697	1.254400
1413033738	1000	22	18	25	30	3	5	7	9	4	8	0	0	1	2	0	1.00	-1.75	1.156410	4.693334	0.516123	1.288802
1413033739	1000	26	18	23	31	5	4	14	3	7	7	0	4	1	1	0	1.00	-1.75	1.157216	4.696557	0.514697	1.239800
1413033740	1000	22	25	29	26	5	9	6	10	3	10	2	1	1	0	0	1.00	-1.75	1.158022	4.698169	0.517549	1.313403
1413033741	1000	22	32	18	21	4	5	5	5	10	2	1	1	0	0	0	1.00	-1.75	1.158022	4.696557	0.513271	1.200556
1413033742	1000	36	24	28	27	9	8	9	6	7	4	2	0	0	0	0	1.00	-1.75	1.158022	4.696557	0.516123	1.279044
1413033743	1000	18	19	23	19	3	7	6	4	5	7	0	2	1	1	0	1.00	-1.75	1.157216	4.693334	0.516123	1.288802
1413033744	1000	19	22	27	22	6	4	5	11	4	5	2	1	1	2	1	1.00	-1.75	1.158022	4.694945	0.516123	1.283921
1413033745	1000	23	23	22	17	6	9	7	4	6	2	2	0	1	0	0	1.00	-1.75	1.158828	4.696557	0.516123	1.279044
1413033746	1000	27	21	25	28	8	7	9	6	5	7	2	2	1	0	0	1.00	-1.75	1.158022	4.694945	0.528955	1.637248
1413033747	1000	23	25	27	18	3	6	6	12	5	2	1	0	0	2	0	1.00	-1.75	1.158828	4.696557	0.517549	1.318289
1413033748	1000	24	24	19	33	3	7	6	3	9	0	1	0	1	0	0	1.00	-1.75	1.158828	4.694945	0.517549	1.323179
1413033749	1000	32	30	19	19	6	5	10	8	4	2	0	1	1	1	0	1.00	-1.75	1.160440	4.699780	0.516123	1.269301
1413033750	1000	33	20	26	25	6	8	9	5	3	9	2	0	2	0	0	1.00	-1.75	1.159634	4.694945	0.516123	1.283921
1413033751	1000	33	17	24	18	6	11	8	4	4	6	0	1	2	1	0	1.00	-1.75	1.158828	4.694945	0.516123	1.283921
1413033752	1000	17	20	15	22	1	4	6	0	8	4	0	0	0	0	0	1.00	-1.75	1.158828	4.690110	0.540361	1.966653
1413033753	1000	24	23	18	28	5	2	9	4	7	4	0	1	0	0	0	1.00	-1.75	1.158828	4.691722	0.511846	1.175829
1413033754	1000	26	34	39	36	3	7	8	10	15	9	0	2	1	2	0	1.00	-1.75	1.159634	4.694945	0.514697	1.244664
1413033755	1000	17	22	19	38	3	4	8	2	9	7	0	0	2	1	0	1.00	-1.75	1.160440	4.694945	0.511846	1.166147
1413033756	1000	26	22	26	25	5	8	7	6	6	4	0	1	0	0	0	1.00	-1.75	1.161245	4.698169	0.514697	1.234939
1413033757	1000	21	33	17	22	7	7	6	6	10	2	1	2	1	0	0	1.00	-1.75	1.159634	4.693334	0.510420	1.131714
1413033758	1000	20	21	24	23	3	4	5	6	3	5	0	0	1	0	0	1.00	-1.75	1.158828	4.688498	0.507568	1.067589
1413033759	1000	25	29	24	22	3	6	7	8	9	4	1	1	1	2	0	1.00	-1.75	1.160440	4.694945	0.514697	1.244664
1413033760	1000	20	19	13	25	3	1	8	2	10	3	0	1	0	0	0	1.00	-1.50	1.163663	4.698169	0.513271	1.195709
1413033761	1000	26	27	26	24	0	8	7	9	7	6	0	0	2	1	0	1.00	-1.75	1.161245	4.696557	0.513271	1.200556
1413033762	1000	19	29	27	23	1	8	7	9	5	3	0	1	1	1	0	1.00	-1.75	1.162051	4.693334	0.520400	1.406617
1413033763	1000	18	20	18	22	1	4	4	5	7	2	0	1	0	0	0	1.00	-1.75	1.161245	4.693334	0.511846	1.170986
1413033764	1000	24	37	29	24	7	7	5	9	6	3	0	0	0	0	0	1.00	-1.50	1.162857	4.690110	0.514697	1.259273
1413033765	1000	26	30	23	28	4	7	9	7	7	4	1	0	1	0	0	1.00	-1.75	1.162051	4.694945	0.513271	1.205406
1413033766	1000	28	18	20	25	5	5	6	5	7	6	2	0	0	0	0	1.00	-1.50	1.162857	4.696557	0.514697	1.239800
1413033767	1000	22	24	13	19	5	4	5	3	6	1	0	0	0	0	0	1.00	-1.50	1.162051	4.690110	0.510420	1.141377
1413033768	1000	19	20	25	18	1	8	5	6	5	2	0	0	0	0	0	1.00	-1.50	1.162857	4.693334	0.513271	1.210259
1413033769	1000	17	20	18	16	3	5	4	6	4	1	0	0	0	0	0	1.00	-1.75	1.162051	4.693334	0.513271	1.210259
1413033770	1000	27	20	24	20	6	6	6	6	3	4	0	0	0	1	0	1.00	-1.50	1.163663	4.696557	0.513271	1.200556
1413033771	1000	27	25	26	32	4	5	7	5	8	8	0	0	1	1	0	1.00	-1.50	1.163663	4.696557	0.514697	1.239800
1413033772	1000	26	19	25	20	5	7	5	7	8	5	1	2	0	1	0	1.00	-1.50	1.162857	4.691722	0.511846	1.175829
1413033773	1000	28	27	18	25	6	4	9	6	8	5	0	2	1	0	0	1.00	-1.50	1.163663	4.693334	0.514697	1.249531
1413033774	1000	16	21	18	12	2	6	4	6	6	2	1	0	1	1	0	1.00	-1.50	1.163663	4.694945	0.513271	1.205406
1413033775	1000	21	24	25	24	2	7	7	5	6	3	0	0	1	0	0	1.00	-1.50	1.164469	4.696557	0.514697	1.239800
1413033776	1000	24	35	27	30	6	8	9	10	6	10	0	2	2	0	0	1.00	-1.50	1.163663	4.698169	0.513271	1.195709
1413033777	1000	26	28	30	29	4	8	9	5	7	6	1	1	2	0	0	1.00	-1.50	1.164469	4.693334	0.514697	1.249531
1413033778	1000	30	13	19	22	4	6	10	4	6	2	0	2	1	1	0	1.00	-1.50	1.165275	4.694945	0.397785	-1.974526
1413033779	1000	19	21	18	21	3	3	5	3	6	8	0	0	2	0	0	1.00	-1.50	1.164469	4.694945	0.514697	1.244664
1413033780	1000	12	23	18	10	2	5	1	11	4	1	2	0	0	1	0	1.00	-1.50	1.165275	4.694945	0.514697	1.244664
1413033781	1000	16	12	20	15	1	5	2	1	2	4	0	0	0	0	0	1.00	-1.50	1.163663	4.691722	0.514697	1.254400
1413033782	1000	20	18	24	17	3	6	3	8	3	4	1	0	0	1	0	1.00	-1.50	1.166081	4.696557	0.513271	1.200556
1413033783	1000	19	16	19	19	3	7	3	1	6	3	0	0	0	0	0	1.00	-1.50	1.164469	4.685275	0.416320	-1.440506
1413033784	1000	23	11	14	18	3	5	8	3	3	1	0	2	0	0	0	1.00	-1.50	1.165275	4.691722	0.506143	1.018689
1413033785	1000	22	29	24	25	2	7	5	7	7	6	0	0	0	1	0	1.00	-1.50	1.166081	4.694945	0.511846	1.166147
1413033786	1000	11	12	18	14	2	3	3	6	3	3	1	0	0	0	0	1.00	-1.50	1.166081	4.691722	0.511846	1.175829
1413033787	1000	19	19	22	21	1	4	6	7	6	5	1	0	0	0	0	1.00	-1.50	1.166081	4.693334	0.511846	1.170986
1413033788	1000	10	12	12	7	2	3	0	4	2	2	0	0	0	0	0	1.00	-1.50	1.166886	4.693334	0.508994	1.092442
1413033789	1000	17	18	13	10	2	2	3	2	1	3	0	0	0	0	0	1.00	-1.50	1.167692	4.698169	0.513271	1.195709
1413033790	1000	20	13	14	14	4	9	6	2	2	2	0	1	1	0	0	1.00	-1.50	1.168498	4.696557	0.513271	1.200556
1413033791	1000	20	26	24	19	7	7	10	10	6	4	3	4	2	2	2	1.00	-1.50	1.167692	4.694945	0.511846	1.166147
1413033792	1000	11	19	18	17	2	2	3	5	7	4	0	0	0	0	0	1.00	-1.50	1.167692	4.694945	0.511846	1.166147
1413033793	1000	19	19	22	12	3	9	4	3	2	4	1	0	1	0	0	1.00	-1.50	1.169304	4.698169	0.510420	1.117245
1413033794	1000	16	20	13	15	5	2	4	7	6	1	1	1	1	0	0	1.00	-1.50	1.166081	4.686887	0.511846	1.190379
1413033795	1000	14	18	20	12	4	7	2	6	4	2	2	0	0	0	0	1.00	-1.50	1.167692	4.696557	0.510420	1.122065
1413033796	1000	20	7	10	12	2	2	6	1	2	3	0	1	0	0	0	1.00	-1.50	1.168498	4.693334	0.511846	1.170986
1413033797	1000	23	11	13	7	3	6	3	2	0	3	0	0	1	0	0	1.00	-1.50	1.167692	4.693334	0.511846	1.170986
1413033798	1000	18	16	23	13	3	3	2	3	4	2	0	0	0	0	0	1.00	-1.50	1.168498	4.693334	0.506143	1.013899
1413033799	1000	22	13	18	21	4	1	8	1	6	5	0	2	0	0	0	1.00	-1.50	1.169304	4.694945	0.511846	1.166147
1413033800	1000	15	23	15	7	1	4	4	5	2	0	0	0	0	0	0	1.00	-1.50	1.169304	4.694945	0.511846	1.166147
1413033801	1000	14	10	9	12	4	1	6	0	3	1	0	1	0	0	0	1.00	-1.50	1.170110	4.694945	0.511846	1.166147
1413033802	1000	18	21	15	12	2	2	5	7	4	2	0	1	0	0	0	1.00	-1.50	1.170916	4.698169	0.513271	1.195709
1413033803	1000	24	27	32	17	7	7	5	10	1	5	1	0	1	0	0	1.00	-1.50	1.170916	4.698169	0.510420	1.117245
1413033804	1000	27	18	18	17	4	7	8	5	3	2	0	0	0	1	0	1.00	-1.50	1.170110	4.691722	0.504717	0.979402
1413033805	1000	14	22	15	18	3	3	6	6	4	2	0	2	0	0	0	1.00	-1.50	1.167692	4.685275	0.510420	1.155895
1413033806	1000	18	16	9	13	3	3	6	2	3	1	1	0	0	0	0	1.00	-1.50	1.170110	4.691722	0.508994	1.097258
1413033807	1000	25	28	18	18	5	2	3	9	1	4	0	0	0	0	0	1.00	-1.25	1.173333	4.696557	0.511846	1.161309
1413033808	1000	22	21	21	17	3	2	5	8	4	4	0	1	0	1	0	1.00	-1.50	1.170110	4.690110	0.511846	1.180676
1413033809	1000	11	12	16	12	1	1	5	5	2	3	0	1	0	0	0	1.00	-1.50	1.168498	4.683663	0.508994	1.121392
1413033810	1000	16	13	23	12	2	6	2	2	2	3	0	0	0	0	0	1.50	-1.50	1.170916	4.693334	0.507568	1.053171
1413033811	1000	14	18	20	15	0	3	4	7	2	3	0	0	0	0	0	1.00	-1.50	1.170110	4.694945	0.513271	1.205406
1413033812	1000	10	21	17	21	5	2	2	6	4	4	2	0	0	0	0	1.00	-1.25	1.172528	4.698169	0.511846	1.156476
1413033813	1000	20	25	26	13	2	9	2	9	5	2	2	0	0	0	0	1.00	-1.50	1.166886	4.673993	0.508994	1.150458
1413033814	1000	16	19	18	21	4	3	4	4	7	5	1	1	1	0	0	1.50	-1.25	1.172528	4.694945	5.744363	145.244537
1413033815	1000	19	16	15	9	1	4	4	6	2	2	0	0	1	0	0	1.50	-1.25	1.173333	4.698169	0.511846	1.156476
1413033816	1000	22	28	24	30	5	5	5	4	10	4	0	2	0	0	0	1.50	-1.25	1.174945	4.699780	0.511846	1.151646
1413033817	1000	18	19	20	9	3	8	3	6	5	0	0	2	0	0	0	1.50	-1.25	1.174139	4.699780	0.510420	1.112429
1413033818	1000	23	18	22	20	4	6	4	6	4	6	0	1	0	1	0	1.50	-1.25	1.172528	4.690110	0.510420	1.141377
1413033819	1000	14	13	11	4	3	1	2	2	1	1	0	0	0	0	0	1.50	-1.25	1.173333	4.694945	0.506143	1.009114
1413033820	1000	24	26	22	22	3	6	6	5	9	4	0	0	0	1	0	1.50	-1.25	1.173333	4.693334	0.511846	1.170986
1413033821	1000	18	18	19	25	1	8	7	3	6	4	0	1	1	0	0	1.50	-1.25	1.174945	4.698169	0.511846	1.156476
1413033822	1000	15	20	18	20	2	3	5	7	3	2	0	1	1	0	0	1.50	-1.25	1.175751	4.701392	0.513271	1.186025
1413033823	1000	18	11	18	16	2	5	6	3	5	4	0	0	1	1	0	1.50	-1.25	1.173333	4.694945	0.510420	1.126887
1413033824	1000	18	16	17	10	2	4	2	8	1	1	1	0	0	0	0	1.50	-1.25	1.175751	4.696557	0.510420	1.122065
1413033825	1000	14	19	20	17	1	4	6	8	5	5	1	1	1	2	1	1.50	-1.25	1.174945	4.694945	0.504717	0.969854
1413033826	1000	13	16	13	14	1	2	6	4	7	3	0	1	0	1	0	1.50	-1.25	1.174945	4.693334	0.508994	1.092442
1413033827	1000	25	21	27	9	5	8	1	2	4	2	0	0	0	0	0	1.50	-1.25	1.174139	4.690110	0.508994	1.102079
1413033828	1000	19	20	18	13	4	2	1	4	4	7	0	0	1	0	0	1.50	-1.25	1.176557	4.694945	0.508994	1.087629
1413033829	1000	15	13	13	12	1	2	4	5	3	1	1	0	0	0	0	1.50	-1.25	1.175751	4.696557	0.508994	1.082820
1413033830	1000	9	13	16	9	1	3	2	5	3	1	0	1	0	0	0	1.50	-1.25	1.177363	4.696557	0.511846	1.161309
1413033831	1000	8	10	10	15	1	0	3	3	2	1	0	0	0	0	0	1.50	-1.25	1.175751	4.691722	0.504717	0.979402
1413033832	1000	30	35	27	16	7	12	5	8	4	2	2	1	2	0	1	1.50	-1.25	1.174945	4.686887	0.507568	1.072402
1413033833	1000	24	22	22	16	5	9	4	4	5	3	0	1	0	0	0	1.50	-1.25	1.177363	4.694945	0.510420	1.126887
1413033834	1000	21	22	18	16	5	6	4	5	6	1	1	0	0	0	0	1.50	-1.25	1.177363	4.698169	0.510420	1.117245
1413033835	1000	22	15	18	20	1	7	9	2	5	3	0	0	1	0	0	1.50	-1.25	1.178169	4.698169	0.574579	2.882662
1413033836	1000	12	12	8	6	3	2	0	2	2	2	1	0	0	0	0	1.50	-1.25	1.176557	4.693334	0.510420	1.131714
1413033837	1000	17	25	22	13	3	3	3	8	1	1	1	0	0	0	0	1.50	-1.25	1.178169	4.693334	0.508994	1.092442
1413033838	1000	8	17	22	16	1	0	2	6	5	0	0	1	0	0	0	1.50	-1.25	1.175751	4.685275	0.508994	1.116557
1413033839	1000	15	15	15	13	3	1	3	3	3	3	0	1	0	0	0	1.50	-1.25	1.177363	4.693334	0.510420	1.131714
1413033840	1000	24	25	18	8	5	4	0	4	4	2	0	0	0	0	0	1.50	-1.25	1.178169	4.696557	0.507568	1.043576
1413033841	1000	24	20	24	18	3	7	4	4	5	4	0	0	0	1	0	1.50	-1.25	1.177363	4.691722	0.508994	1.097258
1413033842	1000	22	23	26	13	6	5	4	11	2	6	0	0	0	1	0	1.50	-1.25	1.180586	4.704616	0.510420	1.097999
1413033843	1000	26	26	19	18	2	7	4	4	10	1	0	1	0	0	0	1.50	-1.25	1.178169	4.693334	0.510420	1.131714
1413033844	1000	21	14	15	6	5	5	1	3	0	1	1	0	0	0	0	1.50	-1.25	1.179780	4.696557	0.508994	1.082820
1413033845	1000	13	17	20	11	1	8	1	5	5	2	0	0	0	0	0	1.50	-1.25	1.180586	4.698169	0.510420	1.117245
1413033846	1000	23	17	23	22	2	8	7	6	4	4	0	0	0	1	0	1.50	-1.25	1.178169	4.686887	0.506143	1.033076
1413033847	1000	19	17	18	13	5	5	3	3	6	1	1	1	0	0	0	1.50	-1.25	1.178169	4.690110	0.504717	0.984182
1413033848	1000	19	19	18	16	1	3	5	4	4	2	0	0	0	0	0	1.50	-1.25	1.179780	4.694945	0.510420	1.126887
1413033849	1000	13	13	22	12	1	4	3	4	0	3	1	0	1	0	0	1.50	-1.25	1.181392	4.696557	0.508994	1.082820
1413033850	1000	28	29	22	21	3	7	4	8	11	3	0	1	1	0	0	1.50	-1.25	1.181392	4.698169	0.508994	1.078015
1413033851	1000	18	24	24	22	4	4	3	5	8	5	0	1	0	1	0	1.50	-1.25	1.182198	4.698169	0.508994	1.078015
1413033852	1000	21	22	18	21	1	6	6	4	6	3	0	0	0	1	0	1.50	-1.25	1.182198	4.698169	0.510420	1.117245
1413033853	1000	25	21	24	21	3	9	5	5	6	4	0	1	0	0	0	1.50	-1.25	1.180586	4.696557	0.508994	1.082820
1413033854	1000	22	17	23	11	3	6	3	6	5	0	1	1	0	0	0	1.50	-1.25	1.183004	4.698169	0.510420	1.117245
1413033855	1000	28	22	22	29	5	10	5	4	9	5	1	1	0	1	0	1.50	-1.25	1.183004	4.701392	0.508994	1.068411
1413033856	1000	28	24	33	23	6	10	3	4	9	5	1	1	0	0	0	1.50	-1.25	1.183810	4.701392	0.508994	1.068411
1413033857	1000	19	26	21	21	4	5	5	5	5	4	0	0	1	1	0	1.50	-1.25	1.183004	4.696557	0.510420	1.122065
1413033858	1000	13	20	23	23	3	4	6	7	4	7	0	0	1	0	0	1.50	-1.25	1.183810	4.699780	0.507568	1.033993
1413033859	1000	24	21	23	17	5	0	6	8	2	3	0	1	0	0	0	1.50	-1.25	1.184615	4.701392	0.511846	1.146820
1413033860	1000	19	26	22	28	2	5	7	10	7	4	1	1	0	0	0	1.50	-1.25	1.183810	4.699780	0.507568	1.033993
1413033861	1000	23	19	11	24	2	2	6	4	3	3	0	0	1	0	0	1.50	-1.00	1.184615	4.699780	5.838462	147.670197
1413033862	1000	26	21	20	23	3	3	12	5	2	3	0	0	1	0	0	1.50	-1.25	1.183810	4.698169	0.506143	0.999551
1413033863	1000	27	15	19	22	4	4	6	4	1	4	0	0	0	0	0	1.50	-1.00	1.185421	4.698169	0.508994	1.078015
1413033864	1000	31	22	32	33	5	11	10	3	11	5	1	1	1	0	0	1.50	-1.00	1.186227	4.704616	0.508994	1.058822
1413033865	1000	21	30	26	27	1	7	11	9	10	3	0	0	1	0	0	1.50	-1.00	1.186227	4.701392	0.508994	1.068411
1413033866	1000	17	26	14	17	3	3	1	6	7	3	0	0	0	0	0	1.50	-1.00	1.186227	4.701392	0.504717	0.950797
1413033867	1000	16	20	25	18	3	4	5	7	6	5	0	2	0	0	0	1.50	-1.00	1.185421	4.698169	0.508994	1.078015
1413033868	1000	21	23	17	29	4	6	8	5	8	6	0	2	1	1	0	1.50	-1.00	1.186227	4.704616	0.507568	1.019644
1413033869	1000	21	20	21	18	5	4	6	8	2	3	0	0	0	1	0	1.50	-1.00	1.185421	4.696557	0.508994	1.082820
1413033871	1000	18	24	23	14	3	3	7	10	1	5	1	0	1	0	0	1.50	-1.00	1.187839	4.703004	0.508994	1.063615
1413033872	1000	24	17	36	16	2	7	4	9	4	4	0	0	0	1	0	1.50	-1.00	1.187839	4.704616	0.507568	1.019644
1413033873	1000	34	29	25	21	3	7	10	9	5	2	1	0	1	0	0	1.50	-1.00	1.186227	4.691722	0.507568	1.057974
1413033874	1000	24	24	32	25	2	7	8	10	5	6	0	0	1	0	0	1.50	-1.00	1.187033	4.698169	0.508994	1.078015
1413033875	1000	25	25	24	29	6	8	10	6	10	7	3	2	2	4	2	1.50	-1.00	1.187033	4.698169	0.507568	1.038783
1413033876	1000	23	19	31	14	2	11	2	7	3	2	1	0	0	0	0	1.50	-1.00	1.187033	4.698169	0.508994	1.078015
1413033877	1000	25	17	21	24	2	6	5	3	5	3	0	0	0	1	0	1.50	-1.00	1.187839	4.696557	0.508994	1.082820
1413033878	1000	24	24	28	23	6	9	6	11	5	3	3	0	0	1	0	1.50	-1.00	1.188645	4.696557	0.507568	1.043576
1413033879	1000	20	18	23	13	2	3	4	8	3	1	1	0	0	1	0	1.50	-1.00	1.188645	4.698169	0.501865	0.881857
1413033880	1000	20	22	25	34	4	1	5	4	9	5	0	0	0	0	0	1.50	-1.00	1.188645	4.696557	0.508994	1.082820
1413033881	1000	24	26	24	30	6	7	8	6	7	5	1	1	0	0	0	1.50	-1.00	1.188645	4.693334	0.508994	1.092442
1413033882	1000	16	18	22	19	3	6	2	7	6	5	2	0	0	2	0	1.50	-1.00	1.189451	4.699780	0.507568	1.033993
1413033883	1000	13	21	25	18	2	5	4	11	4	2	1	0	0	0	0	1.50	-1.00	1.191062	4.706227	0.504717	0.936539
1413033884	1000	8	17	13	14	2	2	1	5	5	3	1	0	0	0	0	1.50	-1.00	1.189451	4.699780	0.508994	1.073211
1413033885	1000	23	19	15	20	2	3	6	5	7	2	0	1	1	0	0	1.50	-1.00	1.190256	4.694945	0.507568	1.048372
1413033886	1000	18	14	20	13	1	9	2	6	4	3	0	0	1	1	0	1.50	-1.00	1.189451	4.694945	0.504717	0.969854
1413033887	1000	19	25	17	17	2	4	1	5	6	2	1	0	0	1	0	1.50	-1.00	1.190256	4.698169	0.507568	1.038783
1413033888	1000	22	16	29	13	2	8	4	7	0	2	0	0	1	0	0	1.50	-1.00	1.191868	4.703004	0.506143	0.985233
1413033889	1000	25	29	18	20	4	4	6	7	4	2	0	1	0	0	0	1.50	-1.00	1.191062	4.698169	0.508994	1.078015
1413033890	1000	18	23	15	17	2	5	2	3	4	3	0	0	1	0	0	1.50	-1.00	1.191868	4.698169	0.508994	1.078015
1413033891	1000	28	31	25	21	4	7	4	7	4	3	0	0	0	0	0	1.50	-1.00	1.191868	4.701392	0.510420	1.107616
1413033892	1000	22	23	16	15	3	5	3	4	5	1	0	0	0	0	0	1.50	-1.00	1.193480	4.706227	0.508994	1.054032
1413033893	1000	19	24	28	24	3	4	6	4	8	7	0	1	0	0	0	2.00	-1.00	1.194286	4.706227	0.507568	1.014868
1413033894	1000	33	22	25	27	7	8	8	6	9	8	2	2	1	3	1	1.50	-1.00	1.191868	4.698169	0.507568	1.038783
1413033895	1000	17	24	21	23	2	7	2	9	7	3	0	1	0	1	0	2.00	-1.00	1.193480	4.703004	0.508994	1.063615
1413033896	1000	21	21	25	21	3	7	4	4	5	5	1	0	1	0	0	2.00	-1.00	1.192674	4.699780	0.507568	1.033993
1413033897	1000	26	20	17	18	5	4	7	3	6	2	0	1	0	0	0	2.00	-1.00	1.191868	4.694945	0.507568	1.048372
1413033898	1000	17	23	13	14	2	2	2	4	6	3	0	0	0	0	0	2.00	-1.00	1.191062	4.691722	0.504717	0.979402
1413033899	1000	22	18	21	20	2	7	4	3	8	5	1	0	1	1	0	2.00	-0.75	1.195092	4.701392	0.504717	0.950797
1413033900	1000	21	25	20	18	7	6	3	5	6	2	1	1	0	0	0	2.00	-0.75	1.194286	4.699780	0.507568	1.033993
1413033901	1000	18	17	19	18	3	3	4	5	4	1	1	0	0	0	0	2.00	-0.75	1.194286	4.698169	0.506143	0.999551
1413033902	1000	23	16	25	20	3	8	8	2	3	5	1	0	2	0	0	2.00	-0.75	1.194286	4.699780	0.507568	1.033993
1413033903	1000	16	21	16	18	5	4	4	2	5	4	1	1	0	0	0	2.00	-0.75	1.195897	4.703004	0.508994	1.063615
1413033904	1000	22	28	20	25	3	6	7	7	7	4	1	0	1	0	0	2.00	-0.75	1.195897	4.703004	0.504717	0.946042
1413033905	1000	14	19	15	10	1	4	2	5	3	0	1	0	0	0	0	2.00	-0.75	1.195897	4.701392	0.504717	0.950797
1413033906	1000	27	23	24	11	4	6	4	8	2	2	0	0	0	0	0	2.00	-0.75	1.195092	4.699780	0.504717	0.955556
1413033907	1000	19	25	22	25	2	7	6	5	5	6	1	1	2	2	1	2.00	-0.75	1.197509	4.706227	0.507568	1.014868
1413033908	1000	35	29	31	22	6	6	3	9	7	5	1	0	0	0	0	2.00	-0.75	1.196703	4.704616	0.506143	0.980466
1413033909	1000	33	19	28	22	6	13	8	7	3	6	2	1	2	1	1	2.00	-0.75	1.196703	4.703004	0.563173	2.552881
1413033910	1000	20	13	20	19	1	6	5	1	2	6	0	0	0	0	0	2.00	-0.75	1.195897	4.699780	0.506143	0.994775
1413033911	1000	14	18	19	23	2	6	3	3	8	5	1	0	1	0	0	2.00	-0.75	1.198315	4.703004	0.506143	0.985233
1413033912	1000	21	19	18	22	3	6	7	4	6	1	1	0	0	0	0	2.00	-0.75	1.197509	4.704616	0.506143	0.980466
1413033913	1000	24	26	25	14	4	7	4	6	3	2	0	0	1	0	0	2.00	-0.75	1.197509	4.698169	0.506143	0.999551
1413033914	1000	18	17	20	23	3	4	5	3	5	6	1	0	0	1	0	2.00	-0.75	1.198315	4.703004	0.531806	1.690673
1413033915	1000	17	18	21	24	1	5	3	6	6	7	0	0	0	1	0	2.00	-0.75	1.196703	4.696557	0.506143	1.004330
1413033916	1000	20	18	23	24	2	8	6	3	4	6	0	1	1	1	0	2.00	-0.75	1.199121	4.706227	0.504717	0.936539
1413033917	1000	21	13	23	12	0	7	5	5	3	4	0	0	1	1	0	2.00	-0.75	1.198315	4.698169	0.503291	0.921088
1413033918	1000	16	18	22	21	3	5	5	7	7	6	0	1	1	1	0	2.00	-0.75	1.199927	4.704616	0.507568	1.019644
1413033919	1000	20	18	18	15	3	4	6	6	3	1	0	0	0	0	0	2.00	-0.75	1.197509	4.693334	0.501865	0.896084
1413033920	1000	22	21	23	15	3	5	6	8	5	4	1	2	2	1	1	2.00	-0.75	1.199927	4.701392	0.504717	0.950797
1413033921	1000	25	18	16	18	5	5	7	5	3	3	0	1	0	0	0	2.00	-0.75	1.200733	4.706227	0.507568	1.014868
1413033922	1000	21	24	24	25	5	5	9	10	8	2	1	2	0	0	0	2.00	-0.75	1.200733	4.701392	0.506143	0.990003
1413033923	1000	27	19	29	18	4	8	9	6	0	1	0	0	1	0	0	2.00	-0.75	1.199927	4.703004	0.504717	0.946042
1413033924	1000	26	30	31	18	5	9	7	11	3	4	2	1	2	2	1	2.00	-0.75	1.201538	4.706227	0.506143	0.975704
