quad V2.5
time	int	cnt1	cnt2	cnt3	cnt4	1&2	1&3	1&4	2&3	2&4	3&4	1&2&3	1&2&4	1&3&4	2&3&4	1&2&3&4	digTemp	temp	adct	adcr	adcp	pressure
1413034526	1000	19	15	12	15	7	8	7	5	8	6	4	4	5	4	4	7.00	4.25	1.432821	4.783590	0.490459	0.327012
1413034527	1000	14	11	14	18	5	6	9	5	6	7	4	5	5	4	4	7.00	4.25	1.433627	4.781978	0.489034	0.292936
1413034528	1000	9	7	13	5	5	7	4	6	4	5	5	4	4	4	4	7.00	4.25	1.433627	4.783590	0.490459	0.327012
1413034529	1000	11	13	8	10	4	4	4	6	6	4	4	4	4	4	4	7.00	4.25	1.432821	4.778755	0.490459	0.340423
1413034530	1000	8	13	17	8	4	5	4	9	4	5	4	4	4	4	4	7.00	4.50	1.434432	4.780366	0.490459	0.335949
1413034531	1000	15	9	13	4	4	5	3	5	3	3	3	3	3	3	3	7.00	4.50	1.436850	4.788425	0.490459	0.313628
1413034532	1000	17	10	11	11	5	6	7	5	6	6	4	4	5	4	4	7.00	4.50	1.439268	4.793260	0.493311	0.377178
1413034533	1000	8	9	10	4	2	5	2	5	2	2	2	2	2	2	2	7.00	4.50	1.436044	4.783590	0.490459	0.327012
1413034534	1000	12	10	12	6	5	6	5	7	5	4	4	4	4	4	4	7.00	4.50	1.438462	4.788425	0.493311	0.390613
1413034535	1000	14	17	15	11	7	4	4	5	5	4	3	3	3	3	3	7.00	4.50	1.436850	4.780366	0.491885	0.374507
1413034536	1000	4	4	3	2	3	2	2	3	2	2	2	2	2	2	2	7.00	4.50	1.438462	4.788425	0.491885	0.352121
1413034537	1000	11	9	11	6	4	4	4	5	3	3	3	3	3	3	3	7.00	4.50	1.438462	4.783590	0.489034	0.288480
1413034538	1000	4	4	7	5	0	2	0	2	1	0	0	0	0	0	0	7.00	4.50	1.440879	4.790037	0.490459	0.309173
1413034539	1000	6	5	4	4	3	3	2	3	2	2	3	2	2	2	2	7.00	4.50	1.440073	4.790037	0.490459	0.309173
1413034540	1000	10	9	11	11	5	5	7	7	5	6	5	5	5	5	5	7.00	4.50	1.439268	4.786813	0.490459	0.318086
1413034541	1000	11	14	12	11	5	5	4	8	7	6	4	4	4	6	4	7.00	4.50	1.440879	4.783590	0.491885	0.365544
1413034542	1000	16	11	11	10	6	5	4	5	5	5	4	4	4	4	4	7.00	4.50	1.441685	4.788425	0.491885	0.352121
1413034543	1000	8	6	5	6	2	3	4	3	3	2	2	2	2	2	2	7.00	4.50	1.441685	4.788425	0.490459	0.313628
1413034544	1000	13	8	15	16	3	7	5	3	4	5	2	2	3	2	2	7.00	4.50	1.442491	4.790037	0.491885	0.347652
1413034545	1000	12	14	12	11	1	6	3	4	1	2	1	1	1	1	1	7.00	4.50	1.443297	4.786813	0.491885	0.356592
1413034546	1000	10	11	9	8	7	7	6	6	8	6	6	6	6	6	6	7.00	4.50	1.443297	4.788425	0.486182	0.198152
1413034547	1000	12	11	10	8	6	6	7	8	5	5	5	5	5	5	5	7.00	4.50	1.444908	4.790037	0.491885	0.347652
1413034548	1000	11	9	13	7	6	7	6	6	6	7	6	6	6	6	6	7.00	4.50	1.444908	4.788425	0.490459	0.313628
1413034549	1000	11	13	10	10	5	5	3	6	5	5	3	3	3	4	3	7.00	4.50	1.443297	4.783590	0.490459	0.327012
1413034550	1000	7	12	12	8	6	7	6	9	6	6	6	6	6	5	6	7.00	4.50	1.444103	4.785202	0.491885	0.361066
1413034551	1000	8	9	9	8	5	6	5	6	6	6	5	5	5	5	5	7.00	4.50	1.444103	4.783590	0.490459	0.327012
1413034552	1000	8	12	10	6	3	3	1	4	2	1	2	1	1	1	1	7.00	4.50	1.447326	4.794872	0.490459	0.295825
1413034553	1000	17	16	8	9	7	6	6	4	5	4	4	4	4	4	4	7.00	4.50	1.447326	4.790037	0.491885	0.347652
1413034554	1000	10	9	6	7	5	6	5	5	5	5	5	5	5	5	5	7.00	4.75	1.448938	4.793260	0.483331	0.108006
1413034555	1000	13	9	8	12	1	4	3	3	3	1	1	1	1	1	1	7.00	4.50	1.445714	4.783590	0.490459	0.327012
1413034556	1000	17	13	19	10	4	5	6	5	2	4	2	2	3	2	2	7.00	4.75	1.450550	4.798095	0.491885	0.325356
1413034557	1000	15	12	9	12	4	4	6	3	3	2	2	2	2	2	2	7.50	4.75	1.447326	4.786813	0.491885	0.356592
1413034558	1000	9	8	9	9	2	4	3	4	2	2	1	1	1	1	1	7.00	4.75	1.449744	4.793260	0.489034	0.261818
1413034559	1000	15	17	13	9	9	7	7	8	5	6	6	5	5	5	5	7.50	4.75	1.448132	4.788425	0.454816	-0.648673
1413034560	1000	11	11	11	6	5	8	6	7	5	6	5	5	6	5	5	7.50	4.75	1.450550	4.791648	0.490459	0.304720
1413034561	1000	11	11	9	9	7	7	8	7	6	7	6	6	6	6	6	7.50	4.75	1.450550	4.783590	0.489034	0.288480
1413034562	1000	10	3	6	7	0	2	1	0	1	0	0	0	0	0	0	7.50	4.75	1.451355	4.791648	0.491885	0.343188
1413034563	1000	13	8	9	10	0	2	3	3	1	2	0	0	0	0	0	7.50	4.75	1.453773	4.798095	0.493311	0.363770
1413034564	1000	10	5	14	12	0	4	2	1	1	2	0	0	0	0	0	7.50	4.75	1.452161	4.793260	0.491885	0.338725
1413034565	1000	9	11	9	10	0	1	4	3	1	2	0	0	0	1	0	7.50	4.75	1.452161	4.788425	0.486182	0.198152
1413034566	1000	13	14	10	5	3	1	1	4	1	3	1	1	1	1	1	7.50	4.75	1.448132	4.778755	0.490459	0.340423
1413034567	1000	15	13	7	5	3	3	2	4	1	1	1	1	1	1	1	7.50	4.75	1.449744	4.780366	0.489034	0.297392
1413034568	1000	9	15	15	5	2	3	2	4	2	1	1	1	1	1	1	7.50	4.75	1.456191	4.796484	0.490459	0.291381
1413034569	1000	16	1	5	6	0	1	3	0	0	1	0	0	0	0	0	7.50	4.75	1.454579	4.793260	0.486182	0.184913
1413034570	1000	23	10	12	1	6	8	1	2	1	1	2	1	1	1	1	7.50	4.75	1.453773	4.788425	0.567450	2.392197
1413034571	1000	13	13	11	8	6	8	7	6	5	6	5	5	6	5	5	7.50	4.75	1.454579	4.790037	0.490459	0.309173
1413034572	1000	21	17	12	3	2	5	1	4	2	1	1	1	1	1	1	7.50	4.75	1.452967	4.783590	0.490459	0.327012
1413034573	1000	11	8	8	7	4	5	5	5	3	3	3	3	3	3	3	7.50	4.75	1.456191	4.791648	0.490459	0.304720
1413034574	1000	8	12	11	6	5	4	4	9	4	4	4	4	4	4	4	7.50	4.75	1.457802	4.794872	0.489034	0.257384
1413034575	1000	8	8	11	9	3	2	4	6	2	4	2	2	2	2	2	7.50	5.00	1.456191	4.785202	0.490459	0.322548
1413034576	1000	11	10	12	7	5	7	6	7	5	6	5	5	5	5	5	7.50	4.75	1.456191	4.788425	0.486182	0.198152
1413034577	1000	11	8	9	7	7	7	7	6	6	6	6	6	6	6	6	7.50	5.00	1.458608	4.791648	0.490459	0.304720
1413034578	1000	14	14	10	9	7	6	7	9	6	6	6	6	6	6	6	7.50	5.00	1.459414	4.794872	0.490459	0.295825
1413034579	1000	6	6	9	7	3	4	4	4	3	3	3	3	3	3	3	7.50	5.00	1.458608	4.793260	0.490459	0.300271
1413034580	1000	11	7	4	9	3	2	3	2	3	1	1	2	1	1	1	7.50	5.00	1.459414	4.796484	0.489034	0.252953
1413034581	1000	6	5	7	5	2	4	2	3	2	2	2	2	2	2	2	7.50	4.75	1.441685	4.738461	0.501865	0.764430
1413034582	1000	14	13	5	1	5	2	1	4	1	1	2	1	1	1	1	7.50	5.00	1.453773	4.773920	0.489034	0.315252
1413034583	1000	16	13	8	1	2	4	1	2	1	1	1	1	1	1	1	7.50	4.75	1.425568	4.683663	0.477628	0.255626
1413034584	1000	10	5	5	7	3	4	5	3	4	4	3	3	4	3	3	7.50	5.00	1.457802	4.783590	0.490459	0.327012
1413034585	1000	12	11	11	9	3	2	3	5	3	1	2	1	1	1	1	7.50	5.00	1.456996	4.777143	0.484756	0.190568
1413034586	1000	2	4	3	4	2	2	1	3	2	2	2	1	1	2	1	7.50	4.75	1.429597	4.685275	0.476202	0.211749
1413034587	1000	7	6	5	4	2	2	1	3	2	1	2	1	1	1	1	7.50	5.00	1.460220	4.781978	0.489034	0.292936
1413034588	1000	6	5	7	6	0	3	0	1	1	0	0	0	0	0	0	7.50	5.00	1.462637	4.791648	0.489034	0.266255
1413034589	1000	6	8	4	6	0	0	2	3	0	0	0	0	0	0	0	7.50	5.00	1.448132	4.748132	0.480479	0.154265
1413034590	1000	5	5	5	4	2	3	1	2	2	0	1	1	0	0	0	7.50	4.75	1.426374	4.675604	0.473350	0.160086
1413034591	1000	2	5	1	2	1	1	0	0	1	0	0	0	0	0	0	7.50	4.75	1.427985	4.678828	0.477628	0.269249
1413034592	1000	5	2	6	0	0	1	0	1	0	0	0	0	0	0	0	7.50	5.00	1.461026	4.778755	0.513271	0.957541
1413034593	1000	7	7	11	8	0	1	2	5	1	3	0	0	0	1	0	7.50	5.00	1.426374	4.670769	0.476202	0.252556
1413034594	1000	1	5	5	4	0	0	0	4	1	0	0	0	0	0	0	7.50	5.00	1.462637	4.781978	0.487608	0.254391
1413034596	1000	5	4	3	0	1	2	0	2	0	0	1	0	0	0	0	7.50	5.00	1.461832	4.778755	0.487608	0.263283
1413034597	1000	9	1	4	2	1	1	1	0	0	0	0	0	0	0	0	7.50	5.00	1.427985	4.672381	0.479053	0.326906
1413034598	1000	4	7	7	2	0	0	0	3	0	0	0	0	0	0	0	7.50	5.00	1.463443	4.785202	0.487608	0.245512
1413034599	1000	6	13	9	12	0	2	2	6	3	1	0	0	0	0	0	7.50	5.00	1.461026	4.775531	0.487608	0.272188
1413034600	1000	4	6	5	4	0	1	0	2	0	1	0	0	0	0	0	7.50	5.00	1.463443	4.778755	0.487608	0.263283
1413034601	1000	11	15	11	15	1	4	2	4	3	3	0	0	1	1	0	7.50	5.00	1.466667	4.788425	0.487608	0.236644
1413034602	1000	7	8	6	8	1	1	1	3	2	1	0	0	0	0	0	7.50	5.00	1.465055	4.781978	0.489034	0.292936
1413034603	1000	2	4	3	4	1	0	0	1	0	1	0	0	0	0	0	7.50	5.00	1.464249	4.773920	0.489034	0.315252
1413034604	1000	4	8	2	3	3	2	0	1	1	0	1	0	0	0	0	7.50	5.00	1.430403	4.672381	0.479053	0.326906
1413034605	1000	1	1	1	0	0	1	0	0	0	0	0	0	0	0	0	7.50	5.00	1.428791	4.664322	0.476202	0.270773
1413034606	1000	3	2	0	1	1	0	1	0	1	0	0	1	0	0	0	7.50	5.00	1.430403	4.667546	0.474776	0.222170
1413034607	1000	3	4	3	5	1	0	1	1	1	1	0	0	0	0	0	7.50	5.00	1.431209	4.667546	0.479053	0.340635
1413034608	1000	3	5	2	3	2	2	2	2	2	2	2	2	2	2	2	7.50	5.25	1.466667	4.778755	0.489034	0.301852
1413034609	1000	5	2	2	2	1	2	0	0	0	0	0	0	0	0	0	7.50	5.00	1.433627	4.672381	0.476202	0.248010
1413034610	1000	9	3	6	2	1	4	1	1	0	0	0	0	0	0	0	7.50	5.00	1.431209	4.664322	0.479053	0.349805
1413034611	1000	1	2	1	1	0	0	0	0	0	0	0	0	0	0	0	8.00	5.00	1.431209	4.662711	0.476202	0.275336
1413034612	1000	0	0	1	0	0	0	0	0	0	0	0	0	0	0	0	8.00	5.00	1.431209	4.661099	0.471925	0.161271
1413034613	1000	0	0	0	0	0	0	0	0	0	0	0	0	0	0	0	8.00	5.00	1.432015	4.657876	0.479053	0.368183
1413034614	1000	0	0	0	0	0	0	0	0	0	0	0	0	0	0	0	8.00	5.00	1.432015	4.657876	0.473350	0.209900
1413034615	1000	0	0	0	0	0	0	0	0	0	0	0	0	0	0	0	8.00	5.00	1.431209	4.653040	0.372122	-2.588899
1413034616	1000	6	4	6	1	1	4	1	2	1	1	1	1	1	1	1	8.00	5.00	1.432015	4.657876	0.474776	0.249471
1413034617	1000	4	6	5	3	2	2	3	4	2	2	2	2	2	2	2	8.00	5.00	1.432821	4.659487	0.473350	0.205355
1413034618	1000	1	0	0	0	0	0	0	0	0	0	0	0	0	0	0	8.00	5.00	1.432821	4.656264	0.474776	0.254032
1413034619	1000	2	0	2	3	0	0	1	0	0	0	0	0	0	0	0	8.00	5.00	1.434432	4.659487	0.469073	0.086683
1413034620	1000	0	0	0	0	0	0	0	0	0	0	0	0	0	0	0	8.00	5.25	1.434432	4.657876	0.476202	0.289041
1413034621	1000	2	1	1	2	1	1	1	1	1	1	1	1	1	1	1	8.00	5.00	1.434432	4.659487	0.476202	0.284469
1413034622	1000	3	3	3	3	1	2	1	1	2	1	1	1	1	1	1	8.00	5.25	1.435238	4.657876	0.477628	0.328612
1413034623	1000	3	2	1	1	2	1	1	1	1	1	1	1	1	1	1	8.00	5.25	1.436044	4.661099	0.479053	0.358987
1413034624	1000	1	2	1	1	1	1	1	1	1	1	1	1	1	1	1	8.00	5.25	1.435238	4.656264	0.476202	0.293615
1413034625	1000	1	1	1	1	1	1	1	1	1	1	1	1	1	1	1	8.00	5.25	1.438462	4.656264	0.479053	0.372784
1413034626	1000	2	2	3	2	2	1	1	1	1	1	1	1	1	1	1	8.00	5.25	1.440073	4.661099	0.469073	0.082183
1413034627	1000	1	1	1	1	1	1	1	1	1	1	1	1	1	1	1	8.00	5.25	1.436044	4.654652	0.474776	0.258595
1413034628	1000	11	11	7	4	5	3	2	4	1	2	2	2	2	1	2	8.00	5.25	1.470696	4.761026	0.486182	0.273689
1413034629	1000	24	16	16	0	2	2	0	5	0	0	0	0	0	0	0	8.00	5.25	1.473920	4.765861	0.490459	0.376318
1413034630	1000	21	16	25	0	2	10	0	9	0	0	2	0	0	0	0	8.00	5.25	1.475531	4.769084	0.489034	0.328678
1413034631	1000	7	11	10	6	5	5	4	6	4	5	5	4	4	4	4	8.00	5.25	1.473920	4.770696	0.491885	0.401470
1413034632	1000	12	23	14	3	5	4	1	7	2	2	1	1	1	2	1	8.00	5.25	1.476337	4.772308	0.491885	0.396969
1413034633	1000	19	13	14	3	5	5	3	5	3	3	3	3	3	3	3	8.00	5.50	1.477143	4.772308	0.491885	0.396969
1413034634	1000	15	16	21	2	1	6	1	5	1	1	1	1	1	1	1	8.00	5.50	1.480366	4.781978	0.487608	0.254391
1413034635	1000	17	16	15	4	4	8	4	4	3	3	3	3	3	3	3	8.00	5.50	1.478755	4.773920	0.491885	0.392470
1413034636	1000	15	17	16	2	4	3	2	6	2	2	2	2	2	2	2	8.00	5.50	1.481172	4.778755	0.491885	0.378993
1413034637	1000	10	6	6	5	5	6	5	4	4	5	4	4	5	4	4	8.00	5.50	1.482784	4.780366	0.422023	-1.514781
1413034638	1000	23	24	21	7	5	7	6	10	3	3	3	3	3	3	3	8.00	5.50	1.482784	4.780366	0.491885	0.374507
1413034639	1000	21	22	21	12	7	4	6	10	5	4	3	3	3	3	3	8.00	5.50	1.484396	4.786813	0.491885	0.356592
1413034640	1000	16	12	11	4	5	5	3	5	4	3	3	3	3	3	3	8.00	5.50	1.486813	4.790037	0.494737	0.424610
1413034641	1000	13	18	11	4	1	2	2	6	3	1	1	1	1	1	1	8.00	5.50	1.482784	4.777143	0.493311	0.422065
1413034642	1000	27	18	9	1	6	5	1	3	1	1	2	1	1	1	1	8.00	5.50	1.487619	4.788425	0.487608	0.236644
1413034643	1000	15	10	13	4	2	3	3	5	2	3	2	2	2	2	2	8.00	5.50	1.485202	4.781978	0.494737	0.447111
1413034644	1000	18	13	3	0	2	0	0	0	0	0	0	0	0	0	0	8.00	5.50	1.485202	4.780366	0.494737	0.451620
1413034645	1000	23	21	2	0	4	1	0	1	0	0	1	0	0	0	0	8.00	5.50	1.485202	4.778755	0.493311	0.417564
1413034646	1000	15	11	13	8	6	6	6	6	5	6	5	5	5	5	5	8.00	5.50	1.490037	4.791648	0.497588	0.497050
1413034647	1000	12	14	13	10	6	4	4	5	6	3	3	3	3	3	3	8.00	5.50	1.492454	4.798095	0.494737	0.402185
1413034648	1000	17	11	15	14	5	5	8	5	4	6	3	2	3	3	2	8.00	5.50	1.492454	4.798095	0.496162	0.440598
1413034649	1000	18	18	10	3	3	2	1	5	2	1	1	1	1	1	1	8.00	5.50	1.487619	4.781978	0.497588	0.524198
1413034650	1000	19	17	15	0	0	5	0	4	0	0	0	0	0	0	0	8.00	5.50	1.487619	4.778755	0.494737	0.456133
1413034651	1000	17	21	21	7	4	4	1	7	3	5	1	1	1	2	1	8.00	5.75	1.495678	4.801319	0.497588	0.470012
1413034652	1000	12	19	20	10	4	6	2	4	5	3	1	1	1	1	1	8.50	5.75	1.496484	4.801319	0.497588	0.470012
1413034653	1000	17	16	19	15	3	7	6	9	7	6	3	3	4	3	3	8.50	5.75	1.494066	4.791648	0.518974	1.074042
1413034654	1000	17	15	21	13	2	2	7	9	2	4	1	0	1	0	0	8.00	5.75	1.497290	4.802930	0.500440	0.542269
1413034655	1000	17	23	23	15	4	6	3	8	6	6	1	1	2	2	1	8.50	5.75	1.495678	4.798095	0.499014	0.517427
1413034656	1000	21	24	14	17	6	4	4	6	6	0	2	0	0	0	0	8.50	5.75	1.498901	4.802930	0.500440	0.542269
1413034657	1000	21	21	14	20	5	6	5	6	8	5	2	2	2	2	1	8.50	5.75	1.498095	4.799707	0.500440	0.551315
1413034658	1000	22	26	21	20	1	5	5	9	5	2	0	0	0	1	0	8.50	5.75	1.500513	4.802930	0.406340	-1.990532
1413034659	1000	25	21	23	27	6	7	10	8	7	4	1	0	1	1	0	8.50	5.75	1.498901	4.799707	0.500440	0.551315
1413034660	1000	16	17	17	12	2	6	6	6	2	2	1	0	1	1	0	8.50	5.75	1.501319	4.806154	0.501865	0.571584
1413034661	1000	20	24	25	21	3	7	7	10	5	5	0	1	2	0	0	8.50	5.75	1.502125	4.806154	0.500440	0.533235
1413034662	1000	17	18	15	11	6	7	8	8	5	4	4	3	4	3	3	8.50	5.75	1.502125	4.804542	0.500440	0.537751
1413034663	1000	25	13	15	19	7	7	7	4	2	4	2	2	3	1	2	8.50	5.75	1.502931	4.806154	0.497588	0.456533
1413034664	1000	16	18	17	17	5	6	6	3	4	4	1	2	2	1	1	8.50	5.75	1.502931	4.802930	0.499014	0.503891
1413034665	1000	31	17	28	31	2	8	12	5	6	12	0	0	3	1	0	8.50	5.75	1.504542	4.809377	0.500440	0.524212
1413034666	1000	21	20	21	16	3	5	4	8	1	4	0	0	1	0	0	8.50	5.75	1.506154	4.810989	0.500440	0.519706
1413034667	1000	20	22	20	27	1	2	6	7	4	4	0	0	0	0	0	8.50	5.75	1.505348	4.810989	0.501865	0.558017
1413034668	1000	15	22	30	19	2	7	6	10	6	6	1	1	2	2	1	8.50	5.75	1.504542	4.809377	0.500440	0.524212
1413034669	1000	23	18	24	20	4	8	6	5	9	7	1	3	1	2	1	8.50	5.75	1.506154	4.807765	0.503291	0.605395
1413034670	1000	16	14	13	11	3	6	3	7	5	1	2	1	1	2	1	8.50	5.75	1.507766	4.809377	0.503291	0.600860
1413034671	1000	21	19	19	28	1	4	10	7	5	5	0	0	0	0	0	8.50	5.75	1.506960	4.807765	0.497588	0.452047
1413034672	1000	20	15	20	19	1	5	6	6	5	5	1	0	0	0	0	8.50	5.75	1.508572	4.810989	0.503291	0.596329
1413034673	1000	17	25	24	18	4	6	6	12	3	1	2	1	0	0	0	8.50	6.00	1.509377	4.807765	0.503291	0.605395
1413034674	1000	22	16	23	23	6	7	10	7	7	4	2	4	2	1	2	8.50	6.00	1.510183	4.807765	0.503291	0.605395
1413034675	1000	20	31	30	28	3	6	6	12	6	6	1	0	0	1	0	8.50	6.00	1.510183	4.810989	0.507568	0.711264
1413034676	1000	19	23	25	18	7	9	5	14	4	8	4	2	2	3	2	8.50	6.00	1.509377	4.807765	0.503291	0.605395
1413034677	1000	31	23	27	19	5	7	5	13	5	6	2	1	2	1	1	8.50	6.00	1.512601	4.817436	0.506143	0.654750
1413034678	1000	23	22	26	13	8	11	6	11	6	6	5	4	5	5	4	8.50	6.00	1.511795	4.812601	0.506143	0.668397
1413034679	1000	25	22	23	32	5	6	13	7	4	10	2	3	3	2	2	8.50	6.00	1.513407	4.814213	0.508994	0.740415
1413034680	1000	20	21	22	24	2	7	5	7	7	6	0	1	1	2	0	8.50	6.00	1.510989	4.807765	0.504717	0.643733
1413034681	1000	20	26	20	22	3	4	5	9	8	3	1	0	0	0	0	8.50	6.00	1.512601	4.812601	0.506143	0.668397
1413034682	1000	24	29	34	15	2	11	3	12	2	4	1	0	0	0	0	8.50	6.00	1.514213	4.815825	0.504717	0.621022
1413034683	1000	36	23	23	23	9	14	9	7	2	2	4	1	1	1	1	8.50	6.00	1.513407	4.810989	0.503291	0.596329
1413034684	1000	27	14	19	19	4	9	9	4	3	6	2	2	3	1	1	8.50	6.00	1.515018	4.812601	0.504717	0.630097
1413034685	1000	26	21	17	32	5	4	10	2	7	4	1	1	1	1	1	8.50	6.00	1.515824	4.814213	0.507568	0.702130
1413034686	1000	23	16	18	33	3	4	11	2	5	6	1	0	0	0	0	8.50	6.00	1.516630	4.815825	0.510420	0.774114
1413034687	1000	24	33	28	27	8	3	8	9	11	5	1	2	0	1	0	8.50	6.00	1.517436	4.817436	0.508994	0.731270
1413034688	1000	18	25	16	15	6	5	4	7	4	2	2	1	1	1	1	8.50	6.00	1.518242	4.815825	0.506143	0.659295
1413034689	1000	17	10	8	5	4	5	3	2	1	0	1	0	0	0	0	8.50	6.00	1.516630	4.807765	0.504717	0.643733
1413034690	1000	14	18	21	0	3	2	0	9	0	0	0	0	0	0	0	8.50	6.00	1.515018	4.807765	0.507568	0.720407
1413034691	1000	14	19	15	1	2	5	1	6	0	0	1	0	0	0	0	8.50	6.00	1.515018	4.806154	0.506143	0.686634
1413034692	1000	19	21	20	20	3	5	5	4	3	3	0	1	0	0	0	8.50	6.00	1.519854	4.817436	0.506143	0.654750
1413034693	1000	21	15	19	27	1	7	9	5	4	4	1	0	1	0	0	8.50	6.00	1.519854	4.817436	0.510420	0.769529
1413034694	1000	22	19	22	22	2	4	7	6	7	3	0	1	1	0	0	8.50	6.25	1.520659	4.810989	0.510420	0.787885
1413034695	1000	24	26	17	26	8	2	10	6	7	2	0	1	0	0	0	8.50	6.00	1.522271	4.817436	0.521826	1.075613
1413034696	1000	20	27	26	19	4	8	5	6	9	3	0	1	0	1	0	8.50	6.00	1.520659	4.814213	0.511846	0.816986
1413034697	1000	22	21	21	13	4	5	6	7	1	3	1	1	1	1	1	8.50	6.00	1.520659	4.814213	0.510420	0.778700
1413034698	1000	18	15	18	14	0	5	4	4	2	2	0	0	0	1	0	8.50	6.00	1.522271	4.817436	0.511846	0.807790
1413034699	1000	22	23	18	19	5	2	7	6	6	2	2	2	0	0	0	8.50	6.25	1.523077	4.819048	0.511846	0.803196
1413034700	1000	18	20	14	17	3	3	6	3	5	4	0	1	2	1	0	8.50	6.25	1.521465	4.807765	0.511846	0.835419
1413034701	1000	26	21	21	21	3	8	6	5	5	4	0	1	0	0	0	9.00	6.25	1.522271	4.815825	0.510420	0.774114
1413034702	1000	19	26	22	20	3	5	6	10	7	5	1	1	0	3	0	9.00	6.25	1.524689	4.819048	0.513271	0.841444
1413034703	1000	23	23	25	13	5	5	5	7	4	2	0	1	1	0	0	9.00	6.25	1.525495	4.820660	0.513271	0.836841
1413034704	1000	26	18	24	26	2	11	8	2	8	2	0	1	1	0	0	9.00	6.25	1.526300	4.820660	0.510420	0.760371
1413034705	1000	23	17	20	26	1	6	9	4	4	4	1	0	1	0	0	9.00	6.25	1.525495	4.817436	0.510420	0.769529
1413034706	1000	23	18	24	5	3	6	2	9	0	1	1	0	0	0	0	9.00	6.25	1.522271	4.806154	0.513271	0.878384
1413034707	1000	19	30	22	12	5	2	4	8	3	2	0	1	0	0	0	9.00	6.25	1.526300	4.819048	0.513271	0.841444
1413034708	1000	15	21	21	19	1	2	6	7	2	7	0	0	1	1	0	9.00	6.25	1.528718	4.823883	0.513271	0.827644
1413034709	1000	34	30	20	10	9	6	7	7	2	1	1	1	1	0	0	9.00	6.25	1.527106	4.817436	0.514697	0.884311
1413034710	1000	24	26	19	19	3	7	7	9	5	1	2	0	1	0	0	9.00	6.25	1.528718	4.819048	0.511846	0.803196
1413034711	1000	28	24	22	24	6	9	6	6	4	6	2	1	1	0	0	9.00	6.25	1.527106	4.817436	0.513271	0.846051
1413034712	1000	20	28	21	26	4	6	4	8	7	3	1	0	0	0	0	9.00	6.25	1.529524	4.823883	0.516123	0.904061
1413034713	1000	22	17	20	15	3	2	2	2	1	5	0	1	1	0	0	9.00	6.25	1.530330	4.820660	0.510420	0.760371
1413034714	1000	31	20	24	14	1	11	6	5	4	4	0	0	1	1	0	9.00	6.25	1.530330	4.822271	0.514697	0.870462
1413034715	1000	20	18	21	18	5	2	5	5	4	3	0	0	1	0	0	9.00	6.25	1.528718	4.817436	0.516123	0.922571
1413034716	1000	23	16	16	11	4	6	3	4	2	0	1	0	0	0	0	9.00	6.25	1.530330	4.819048	0.510420	0.764949
1413034717	1000	21	24	19	17	4	7	4	7	6	1	1	0	0	0	0	9.00	6.25	1.531942	4.823883	0.516123	0.904061
1413034718	1000	17	25	23	20	1	6	3	9	4	4	1	0	0	1	0	9.00	6.25	1.531942	4.823883	0.518974	0.980479
1413034719	1000	20	20	18	20	4	6	5	3	5	4	0	0	0	0	0	9.00	6.25	1.533553	4.825495	0.518974	0.975832
1413034720	1000	21	24	22	17	4	8	2	8	7	4	2	0	0	1	0	9.00	6.25	1.534359	4.825495	0.517549	0.937636
1413034721	1000	19	22	22	20	3	6	5	8	3	5	0	0	0	1	0	9.00	6.25	1.533553	4.823883	0.508994	0.713016
1413034722	1000	17	17	17	15	3	3	5	5	0	2	0	0	0	0	0	9.00	6.25	1.534359	4.823883	0.518974	0.980479
1413034723	1000	19	25	24	8	4	3	4	9	3	3	0	1	0	1	0	9.00	6.25	1.534359	4.822271	0.518974	0.985127
1413034724	1000	17	26	23	12	6	3	2	8	2	3	1	0	0	2	0	9.00	6.25	1.535971	4.827106	0.518974	0.971191
1413034725	1000	13	13	17	16	3	2	3	3	2	2	0	0	0	0	0	9.00	6.25	1.535971	4.825495	0.513271	0.823048
1413034726	1000	28	25	25	14	6	6	3	13	3	4	2	1	1	0	0	9.00	6.25	1.535971	4.825495	0.510420	0.746655
1413034727	1000	27	16	18	12	4	9	3	3	2	1	1	0	0	0	0	9.00	6.50	1.535971	4.822271	0.521826	1.061573
1413034728	1000	17	24	29	18	1	6	2	10	4	3	0	0	0	0	0	9.00	6.50	1.535165	4.819048	0.520400	1.032680
1413034729	1000	30	25	21	15	4	5	6	8	4	0	0	2	0	0	0	9.00	6.50	1.535971	4.820660	0.520400	1.028012
1413034730	1000	28	25	27	16	3	4	6	8	5	3	0	2	0	0	0	9.00	6.50	1.536777	4.822271	0.520400	1.023349
1413034731	1000	23	28	27	30	4	3	10	11	4	5	0	0	0	1	0	9.00	6.50	1.538388	4.820660	0.520400	1.028012
1413034732	1000	17	22	25	9	2	4	5	10	1	2	0	0	1	0	0	9.00	6.50	1.537583	4.822271	0.520400	1.023349
1413034733	1000	20	15	20	12	3	1	4	4	2	2	0	0	1	0	0	9.00	6.50	1.539194	4.827106	0.520400	1.009374
1413034734	1000	33	32	23	30	4	6	14	10	9	3	2	2	1	2	1	9.00	6.50	1.540000	4.828718	0.513271	0.813870
1413034735	1000	24	25	25	18	3	3	7	7	6	2	0	1	0	1	0	9.00	6.50	1.542418	4.831942	0.521826	1.033576
1413034736	1000	17	13	12	24	2	1	4	4	4	3	0	0	0	0	0	9.00	6.50	1.540806	4.827106	0.521826	1.047559
1413034737	1000	22	21	27	21	2	5	2	8	2	2	0	0	0	0	0	9.00	6.50	1.540806	4.823883	0.520400	1.018687
1413034738	1000	22	20	24	17	4	8	4	5	4	5	1	1	1	1	1	9.00	6.50	1.540806	4.823883	0.523252	1.095107
1413034739	1000	16	18	21	18	3	7	3	6	4	4	2	0	3	0	0	9.00	6.50	1.542418	4.830330	0.523252	1.076392
1413034740	1000	20	21	23	14	6	6	4	8	4	4	0	0	0	1	0	9.00	6.50	1.542418	4.827106	0.521826	1.047559
1413034741	1000	18	31	27	25	7	4	7	11	8	3	2	2	0	0	0	9.00	6.50	1.543224	4.828718	0.520400	1.004722
1413034742	1000	21	19	17	15	3	6	4	5	1	1	0	1	0	0	0	9.00	6.50	1.543224	4.828718	0.520400	1.004722
1413034743	1000	22	17	20	9	4	6	2	7	2	0	1	0	0	0	0	9.00	6.50	1.542418	4.823883	0.523252	1.095107
1413034744	1000	22	25	27	14	4	5	2	11	4	2	0	0	0	0	0	9.00	6.50	1.544029	4.830330	0.521826	1.038234
1413034745	1000	21	26	21	24	3	3	6	11	7	2	0	0	0	0	0	9.00	6.50	1.543224	4.823883	0.526103	1.171525
1413034746	1000	37	25	24	29	2	8	9	5	8	3	0	0	0	1	0	9.00	6.50	1.546447	4.833553	0.527529	1.181450
1413034747	1000	32	30	31	41	3	7	7	6	12	10	0	0	1	1	0	9.00	6.50	1.546447	4.831942	0.521826	1.033576
1413034748	1000	19	19	24	14	1	7	3	8	4	4	0	0	1	1	0	9.00	6.50	1.544029	4.825495	0.524677	1.128619
1413034749	1000	26	19	25	25	3	6	9	5	2	10	0	0	3	1	0	9.00	6.50	1.546447	4.830330	0.526103	1.152707
1413034750	1000	24	27	29	9	4	5	4	11	2	0	1	1	0	0	0	9.00	6.50	1.547253	4.828718	0.527529	1.195577
1413034751	1000	21	28	24	12	3	5	4	7	4	0	1	1	0	0	0	9.00	6.50	1.547253	4.831942	0.526103	1.148011
1413034752	1000	22	27	20	15	8	4	4	10	4	2	0	1	0	0	0	9.00	6.50	1.548059	4.828718	0.524677	1.119236
1413034753	1000	25	22	22	21	3	6	7	8	6	3	0	0	0	2	0	9.00	6.50	1.547253	4.830330	0.527529	1.190866
1413034754	1000	21	19	19	17	4	5	5	9	2	4	1	0	1	1	0	9.00	6.50	1.546447	4.827106	0.527529	1.200293
1413034755	1000	23	26	17	20	4	3	10	5	6	0	0	1	0	0	0	9.00	6.50	1.548865	4.831942	0.527529	1.186156
1413034756	1000	19	29	27	19	4	4	7	10	5	3	1	2	1	1	1	9.00	6.50	1.549670	4.833553	0.527529	1.181450
1413034757	1000	21	32	28	10	5	7	4	7	3	2	1	0	1	0	0	9.00	6.50	1.547253	4.827106	0.527529	1.200293
1413034758	1000	14	18	20	6	3	3	1	5	0	2	0	0	0	0	0	9.00	6.50	1.548059	4.830330	0.547490	1.725081
1413034759	1000	31	39	31	20	7	11	5	10	10	2	3	1	0	0	0	9.00	6.50	1.549670	4.831942	0.528955	1.224303
1413034760	1000	15	20	23	11	4	5	2	7	5	0	2	0	0	0	0	9.00	6.75	1.548865	4.825495	0.527529	1.205011
1413034761	1000	29	31	24	20	4	5	5	10	8	1	1	1	0	0	0	9.00	6.75	1.551282	4.831942	0.530380	1.262448
1413034762	1000	19	24	24	25	4	2	6	8	8	3	1	0	0	1	0	9.00	6.75	1.551282	4.833553	0.530380	1.257715
1413034763	1000	18	21	21	24	3	2	3	7	3	4	0	0	0	0	0	9.00	6.75	1.549670	4.827106	0.530380	1.276661
1413034764	1000	26	18	23	19	5	9	7	1	2	3	0	0	1	0	0	9.50	6.75	1.548865	4.823883	0.530380	1.286153
1413034765	1000	18	25	23	13	3	4	1	8	6	3	0	0	0	1	0	9.50	6.75	1.552894	4.835165	0.531806	1.291108
1413034766	1000	21	24	24	21	4	5	8	6	6	1	1	0	0	0	0	9.50	6.75	1.554506	4.840000	0.533232	1.314984
1413034767	1000	30	28	26	27	5	5	12	11	6	5	0	1	1	1	0	9.50	6.75	1.553700	4.835165	0.531806	1.291108
1413034768	1000	19	23	20	3	3	4	0	6	0	0	0	0	0	0	0	9.50	6.75	1.553700	4.831942	0.530380	1.262448
1413034769	1000	17	35	23	1	3	6	0	8	0	0	0	0	0	0	0	9.50	6.75	1.550476	4.823883	0.533232	1.362570
1413034770	1000	14	15	23	4	1	3	0	5	0	0	0	0	0	0	0	9.50	6.75	1.552088	4.827106	0.534658	1.391211
1413034771	1000	23	23	25	15	4	8	6	7	4	4	1	1	1	1	0	9.50	6.75	1.555311	4.836777	0.533232	1.324475
1413034772	1000	21	19	24	29	3	6	5	6	4	6	1	0	1	1	0	9.50	6.75	1.555311	4.835165	0.533232	1.329227
1413034773	1000	14	13	20	6	2	5	2	5	2	2	1	0	0	0	0	9.50	6.75	1.553700	4.828718	0.531806	1.310091
1413034774	1000	25	24	28	5	1	7	2	8	0	1	0	0	0	0	0	9.50	6.75	1.553700	4.825495	0.530380	1.281405
1413034775	1000	31	33	29	5	7	8	2	11	3	0	2	0	0	0	0	9.50	6.75	1.553700	4.827106	0.533232	1.353027
1413034776	1000	23	25	31	11	4	8	4	7	4	3	1	2	1	1	1	9.50	6.75	1.556117	4.835165	0.534658	1.367346
1413034777	1000	26	22	19	15	5	3	5	5	6	2	1	1	0	0	0	9.50	6.75	1.555311	4.830330	0.537509	1.457973
1413034778	1000	24	25	30	6	4	9	0	6	0	1	1	0	0	0	0	9.50	6.75	1.554506	4.828718	0.533232	1.348261
1413034779	1000	26	22	25	6	4	8	1	3	2	1	0	1	0	0	0	9.50	6.75	1.556923	4.831942	0.531806	1.300592
1413034780	1000	26	40	29	30	8	8	6	15	11	4	2	1	1	0	0	9.50	6.75	1.556923	4.831942	0.536083	1.415027
1413034781	1000	22	20	16	8	2	3	3	9	1	1	1	0	1	0	0	9.50	6.75	1.555311	4.827106	0.534658	1.391211
1413034782	1000	18	19	21	0	3	5	0	4	0	0	0	0	0	0	0	9.50	6.75	1.556117	4.828718	0.537509	1.462773
1413034783	1000	20	23	17	27	1	0	7	3	11	3	0	0	0	0	0	9.50	6.75	1.559341	4.838388	0.533232	1.319729
1413034784	1000	25	17	23	19	7	6	6	5	2	5	1	0	0	1	0	9.50	6.75	1.559341	4.840000	0.533232	1.314984
1413034785	1000	20	17	16	27	1	2	8	5	6	5	0	0	0	2	0	9.50	6.75	1.559341	4.835165	0.537509	1.443586
1413034786	1000	30	29	27	0	5	8	0	11	0	0	2	0	0	0	0	9.50	6.75	1.557729	4.835165	0.538935	1.481707
1413034787	1000	32	18	24	3	1	9	0	3	0	0	1	0	0	0	0	9.50	6.75	1.557729	4.830330	0.537509	1.457973
1413034788	1000	19	16	18	17	1	5	7	6	3	4	1	0	1	1	0	9.50	6.75	1.560147	4.840000	0.538935	1.467312
1413034789	1000	14	20	14	16	4	4	6	4	3	3	1	1	1	0	0	9.50	6.75	1.559341	4.830330	0.538935	1.496130
1413034790	1000	29	22	25	2	3	7	1	4	1	0	0	0	0	0	0	9.50	6.75	1.558535	4.828718	0.541786	1.577286
1413034791	1000	23	25	27	2	3	7	0	9	0	0	0	0	0	0	0	9.50	6.75	1.558535	4.830330	0.540361	1.534287
1413034792	1000	28	20	24	7	3	6	2	5	1	1	0	0	0	0	0	9.50	6.75	1.560952	4.838388	0.541786	1.548294
1413034793	1000	27	33	19	4	6	5	1	6	0	0	1	0	0	0	0	9.50	6.75	1.560147	4.831942	0.540361	1.529464
1413034794	1000	21	21	23	5	0	4	0	8	1	1	0	0	0	0	0	9.50	6.75	1.559341	4.831942	0.538935	1.491319
1413034795	1000	27	27	20	23	8	4	9	7	5	6	1	1	2	0	0	9.50	6.75	1.562564	4.841612	0.537509	1.424451
1413034796	1000	15	23	19	22	5	4	4	8	4	5	2	0	0	0	0	9.50	6.75	1.560952	4.835165	0.540361	1.519826
1413034797	1000	24	17	25	26	2	6	9	7	7	4	1	1	0	1	0	9.50	7.00	1.561758	4.835165	0.540361	1.519826
1413034798	1000	29	26	25	3	7	9	0	4	0	0	1	0	0	0	0	9.50	7.00	1.564982	4.844835	0.541786	1.529032
1413034799	1000	18	28	26	17	4	4	2	11	5	2	1	0	0	0	0	9.50	7.00	1.564176	4.843224	0.543212	1.571899
1413034800	1000	27	24	27	10	3	8	4	8	2	3	1	1	0	0	0	9.50	7.00	1.560952	4.831942	0.541786	1.567609
1413034801	1000	26	24	20	8	3	5	3	2	2	0	0	0	0	0	0	9.50	7.00	1.561758	4.831942	0.541786	1.567609
1413034802	1000	22	24	22	9	3	7	4	8	3	1	2	0	0	1	0	9.50	7.00	1.562564	4.835165	0.541786	1.557946
1413034803	1000	25	25	29	17	5	7	6	7	5	5	0	1	0	2	0	9.50	7.00	1.564982	4.840000	0.543212	1.581556
1413034804	1000	22	25	24	28	4	5	12	7	10	7	0	2	1	3	0	9.50	7.00	1.564176	4.836777	0.543212	1.591226
1413034805	1000	23	33	21	17	5	5	8	12	3	1	2	0	0	0	0	9.50	7.00	1.564982	4.838388	0.543212	1.586389
1413034806	1000	18	27	22	29	4	6	3	6	11	2	1	0	0	1	0	9.50	7.00	1.564982	4.838388	0.546064	1.662580
1413034807	1000	32	35	20	17	9	5	4	8	7	3	0	0	0	1	0	9.50	7.00	1.565788	4.840000	0.546064	1.657721
1413034808	1000	24	28	26	15	6	7	2	6	2	4	1	0	0	0	0	9.50	7.00	1.564982	4.835165	0.541786	1.557946
1413034809	1000	27	33	21	11	10	5	4	8	4	0	0	2	0	0	0	9.50	7.00	1.568205	4.844835	0.546064	1.643166
1413034810	1000	33	24	29	23	3	9	8	7	3	6	1	0	1	0	0	9.50	7.00	1.566594	4.838388	0.546064	1.662580
1413034811	1000	31	28	26	7	7	6	1	11	2	0	1	1	0	0	0	9.50	7.00	1.567399	4.838388	0.543212	1.586389
1413034812	1000	29	25	16	10	4	6	1	4	4	0	1	0	0	0	0	9.50	7.00	1.565788	4.836777	0.546064	1.667443
1413034813	1000	26	22	21	6	4	4	3	3	1	1	0	1	0	0	0	9.50	7.00	1.564982	4.831942	0.547490	1.720193
1413034814	1000	30	26	26	4	10	6	0	5	0	0	1	0	0	0	0	9.50	7.00	1.566594	4.836777	0.548915	1.743657
1413034815	1000	23	20	15	21	1	5	5	2	4	2	0	0	0	0	0	9.50	7.00	1.569011	4.844835	0.547490	1.681211
1413034816	1000	24	13	17	17	2	8	8	1	6	4	0	1	1	0	0	9.50	7.00	1.570623	4.846447	0.544638	1.600289
1413034817	1000	19	28	21	21	3	5	3	3	4	2	0	0	0	0	0	9.50	7.00	1.569011	4.841612	0.548915	1.729006
1413034818	1000	34	25	31	32	3	8	15	9	8	4	0	1	0	0	0	9.50	7.00	1.568205	4.841612	0.551767	1.805144
1413034819	1000	18	29	22	19	5	4	6	11	4	5	2	0	0	0	0	9.50	7.00	1.569817	4.844835	0.551767	1.795341
1413034820	1000	26	26	21	20	9	4	2	6	7	3	1	0	0	1	0	9.50	7.00	1.571429	4.848059	0.547490	1.671497
1413034821	1000	23	30	27	27	4	6	7	9	8	7	1	0	1	3	0	9.50	7.00	1.570623	4.844835	0.547490	1.681211
1413034822	1000	26	17	37	25	2	10	6	7	4	7	1	0	1	1	0	9.50	7.00	1.570623	4.844835	0.553193	1.833384
1413034823	1000	27	29	31	26	3	9	5	6	6	3	0	0	0	1	0	9.50	7.00	1.571429	4.846447	0.551767	1.790445
1413034824	1000	29	22	33	22	4	6	11	7	4	7	0	2	1	1	0	9.50	7.00	1.573040	4.851282	0.550341	1.737783
1413034825	1000	32	24	26	21	5	8	9	3	4	5	0	1	1	1	0	9.50	7.00	1.572235	4.848059	0.551767	1.785552
1413034826	1000	26	20	11	21	9	4	9	1	7	1	1	3	0	0	0	9.50	7.00	1.573040	4.849670	0.553193	1.818668
1413034827	1000	33	27	35	36	6	14	11	10	10	9	2	2	2	1	0	9.50	7.00	1.571429	4.844835	0.553193	1.833384
1413034828	1000	25	29	23	28	6	6	10	6	7	3	1	1	0	0	0	9.50	7.00	1.573040	4.848059	0.553193	1.823571
1413034829	1000	20	31	27	24	3	4	5	11	7	4	0	1	0	0	0	9.50	7.00	1.573846	4.851282	0.553193	1.813769
1413034830	1000	13	22	26	21	4	4	5	7	2	6	1	0	0	0	0	9.50	7.00	1.573040	4.846447	0.553193	1.828476
1413034831	1000	20	15	17	30	2	3	6	5	7	5	1	2	1	1	1	9.50	7.00	1.573040	4.846447	0.553193	1.828476
1413034832	1000	31	12	23	21	1	8	8	1	3	6	0	0	1	0	0	9.50	7.00	1.575458	4.851282	0.594539	2.915574
1413034833	1000	28	22	28	22	1	5	9	11	5	5	1	0	0	2	0	9.50	7.00	1.574652	4.849670	0.556044	1.894680
1413034834	1000	25	29	23	28	4	7	8	6	9	4	0	3	1	0	0	9.50	7.00	1.571429	4.840000	0.553193	1.848131
1413034835	1000	25	19	26	14	1	11	0	5	5	3	0	0	0	1	0	9.50	7.00	1.572235	4.843224	0.554618	1.876353
1413034836	1000	22	18	22	9	4	6	3	6	1	1	1	0	0	0	0	9.50	7.00	1.574652	4.848059	0.556044	1.899608
1413034837	1000	26	29	26	8	7	6	2	9	2	0	0	1	0	0	0	9.50	7.00	1.572235	4.841612	0.578856	2.528459
1413034838	1000	33	29	16	2	6	7	0	4	0	0	0	0	0	0	0	9.50	7.00	1.567399	4.823883	0.553193	1.897498
1413034839	1000	28	28	19	9	6	3	1	4	4	1	0	0	0	0	0	9.50	7.00	1.575458	4.851282	0.558896	1.965743
1413034840	1000	29	21	31	26	3	6	8	6	5	5	0	0	0	0	0	9.50	7.00	1.575458	4.849670	0.558896	1.970691
1413034841	1000	24	28	30	21	7	12	8	10	6	6	2	1	4	0	0	9.50	7.00	1.575458	4.848059	0.557470	1.937627
1413034842	1000	29	33	22	27	7	7	9	6	8	5	3	1	1	0	0	9.50	7.00	1.572235	4.841612	0.553193	1.843212
1413034843	1000	24	16	26	23	3	7	10	4	3	3	0	0	0	1	0	9.50	7.00	1.574652	4.844835	0.558896	1.985560
1413034844	1000	29	28	28	32	7	11	10	7	10	6	3	3	3	1	1	9.50	7.00	1.574652	4.843224	0.560321	2.028579
1413034845	1000	22	20	20	23	5	5	6	5	7	4	1	1	0	0	0	9.50	7.00	1.577070	4.852894	0.560321	1.998776
1413034846	1000	17	23	35	20	1	8	3	8	7	6	0	1	0	1	0	9.50	7.00	1.577070	4.852894	0.561747	2.036756
1413034847	1000	33	32	18	25	11	4	5	5	8	5	1	0	0	0	0	9.50	7.25	1.578681	4.851282	0.561747	2.041728
1413034848	1000	28	26	26	29	5	5	10	6	9	7	0	2	3	1	0	9.50	7.00	1.577070	4.849670	0.561747	2.046702
1413034849	1000	26	29	29	32	4	9	6	10	8	11	0	0	1	4	0	9.50	7.00	1.577876	4.852894	0.561747	2.036756
1413034850	1000	27	18	22	21	4	10	10	4	5	2	1	1	0	0	0	9.50	7.25	1.577876	4.849670	0.564599	2.122715
1413034851	1000	27	29	25	39	3	7	10	6	11	8	0	1	0	1	0	9.50	7.25	1.578681	4.854506	0.563173	2.069757
1413034852	1000	20	28	30	21	3	5	5	9	8	3	0	1	0	2	0	9.50	7.25	1.579487	4.849670	0.561747	2.046702
1413034853	1000	29	31	22	23	7	8	8	9	8	1	3	2	1	0	0	9.50	7.25	1.578681	4.852894	1.047929	14.988161
1413034854	1000	33	22	29	24	3	12	11	8	3	6	1	0	3	0	0	9.50	7.25	1.578681	4.851282	0.563173	2.079722
1413034855	1000	22	37	26	31	6	6	7	12	9	2	3	2	0	0	0	9.50	7.25	1.578681	4.851282	0.561747	2.041728
1413034856	1000	28	15	25	20	4	7	9	3	3	4	0	0	1	0	0	9.50	7.25	1.580293	4.856117	0.563173	2.064780
1413034857	1000	29	33	29	28	7	6	9	12	8	6	0	1	2	1	0	9.50	7.25	1.578681	4.849670	0.564599	2.122715
1413034858	1000	28	18	26	33	1	4	10	7	6	7	0	0	0	1	0	9.50	7.25	1.578681	4.854506	0.564599	2.107725
1413034859	1000	34	24	25	26	6	10	9	7	4	2	2	0	1	0	0	9.50	7.25	1.579487	4.851282	0.566024	2.155709
1413034860	1000	18	19	17	25	1	4	5	6	6	2	0	1	0	0	0	9.50	7.25	1.579487	4.851282	0.564599	2.117716
1413034862	1000	34	24	35	29	3	9	6	7	2	5	0	0	1	0	0	9.50	7.25	1.581099	4.856117	0.566024	2.140691
1413034863	1000	23	32	23	31	3	4	8	9	7	3	0	1	0	0	0	9.50	7.25	1.581099	4.854506	0.568876	2.221629
1413034864	1000	20	39	26	34	3	5	6	8	15	3	0	0	0	0	0	9.50	7.25	1.580293	4.851282	0.487608	0.066077
1413034865	1000	32	27	22	29	6	7	7	4	10	1	1	1	0	0	0	9.50	7.25	1.580293	4.852894	0.568876	2.226659
1413034866	1000	28	24	21	26	5	9	7	3	4	2	1	1	0	0	0	9.50	7.25	1.581905	4.857729	0.567450	2.173633
1413034867	1000	31	42	33	26	5	7	7	13	8	5	0	0	0	2	0	9.50	7.25	1.581099	4.854506	0.567450	2.183661
1413034868	1000	32	27	20	25	3	2	12	7	4	4	0	0	0	0	0	9.50	7.25	1.581099	4.852894	0.568876	2.226659
1413034869	1000	24	28	23	22	4	2	9	7	3	5	0	0	1	0	0	9.50	7.25	1.581099	4.852894	0.570302	2.264641
1413034870	1000	26	23	19	39	7	5	10	5	9	4	2	1	0	0	0	9.50	7.25	1.581099	4.851282	0.570302	2.269688
1413034871	1000	31	38	29	36	2	9	7	8	11	9	0	0	2	0	0	9.50	7.25	1.582711	4.856117	0.570302	2.254556
1413034872	1000	10	25	24	25	1	2	4	6	4	5	1	0	0	1	0	9.50	7.25	1.581905	4.856117	0.567450	2.178645
1413034873	1000	26	24	28	19	3	8	4	7	4	5	0	0	1	0	0	9.50	7.25	1.582711	4.857729	0.570302	2.249518
1413034874	1000	26	31	28	28	5	8	8	9	9	4	1	3	0	0	0	9.50	7.25	1.584322	4.857729	0.573153	2.325404
1413034875	1000	20	24	27	22	4	6	5	8	5	5	1	1	1	1	0	9.50	7.25	1.584322	4.854506	0.568876	2.221629
1413034876	1000	23	24	27	30	6	5	7	7	6	8	1	0	0	0	0	9.50	7.25	1.581905	4.854506	0.573153	2.335532
1413034877	1000	26	31	19	24	6	5	7	9	3	1	2	0	0	0	0	9.50	7.25	1.581905	4.854506	0.573153	2.335532
1413034878	1000	26	28	23	23	5	6	5	6	4	7	0	0	2	0	0	9.50	7.25	1.582711	4.854506	0.573153	2.335532
1413034879	1000	18	24	32	35	2	3	9	6	11	11	0	0	1	1	0	9.50	7.25	1.582711	4.860952	0.573153	2.315290
1413034880	1000	30	36	30	22	6	7	7	8	7	5	0	0	2	1	0	9.50	7.25	1.583517	4.856117	0.570302	2.254556
1413034881	1000	38	26	24	26	2	8	8	5	5	4	0	0	0	1	0	9.50	7.25	1.582711	4.854506	0.573153	2.335532
1413034882	1000	32	25	35	19	7	9	8	9	4	7	0	0	1	1	0	9.50	7.25	1.582711	4.854506	0.576005	2.411468
1413034883	1000	17	28	25	20	1	3	3	8	7	6	0	0	1	1	0	9.50	7.25	1.584322	4.859341	0.576005	2.396205
1413034884	1000	34	27	27	26	7	10	8	5	5	6	1	1	3	0	0	9.50	7.25	1.583517	4.857729	0.573153	2.325404
1413034885	1000	34	16	21	26	4	6	8	4	6	4	0	0	1	0	0	9.50	7.25	1.584322	4.857729	0.573153	2.325404
1413034886	1000	37	28	24	23	9	9	4	8	9	2	1	1	0	0	0	9.50	7.25	1.577070	4.836777	0.574579	2.429585
1413034887	1000	24	19	28	19	3	10	4	5	8	3	1	0	1	0	0	9.50	7.25	1.584322	4.857729	0.577430	2.439233
1413034888	1000	33	22	37	24	7	16	7	8	5	5	1	1	2	2	0	9.50	7.25	1.585128	4.859341	0.577430	2.434136
1413034889	1000	21	26	26	31	1	7	6	6	10	6	1	0	1	1	0	9.50	7.25	1.585128	4.857729	0.577430	2.439233
1413034890	1000	38	42	25	31	9	7	12	12	14	5	1	2	1	2	1	9.50	7.25	1.584322	4.857729	0.576005	2.401289
1413034891	1000	30	26	28	16	3	10	7	4	3	2	0	0	0	0	0	9.50	7.25	1.581905	4.851282	0.577430	2.459654
1413034892	1000	22	17	27	4	1	10	0	5	1	1	0	0	0	0	0	9.50	7.25	1.581099	4.848059	0.577430	2.469885
1413034893	1000	27	21	26	13	3	8	7	5	2	2	0	0	2	0	0	9.50	7.25	1.583517	4.854506	0.576005	2.411468
1413034894	1000	27	20	28	11	5	10	3	8	3	5	3	1	1	2	1	9.50	7.25	1.584322	4.856117	0.577430	2.444332
1413034895	1000	30	27	27	19	3	12	2	4	2	4	1	0	1	0	0	9.50	7.25	1.583517	4.851282	0.578856	2.497649
1413034896	1000	26	33	32	4	5	9	2	10	1	1	0	0	1	0	0	9.50	7.25	1.583517	4.852894	0.576005	2.416563
1413034897	1000	16	26	17	15	6	1	4	6	4	2	0	0	0	0	0	9.50	7.25	1.582711	4.849670	0.580282	2.540781
1413034898	1000	29	22	29	19	5	11	3	7	6	4	2	0	1	1	0	9.50	7.25	1.586740	4.862564	0.578856	2.461861
1413034899	1000	37	31	30	29	5	12	8	7	8	3	0	1	1	0	0	9.50	7.25	1.585934	4.856117	0.580282	2.520245
1413034900	1000	30	35	30	32	4	7	9	11	5	9	0	1	0	1	0	9.50	7.25	1.585934	4.862564	0.581708	2.537670
1413034901	1000	31	31	32	33	4	9	12	10	5	6	0	1	3	0	0	9.50	7.25	1.586740	4.860952	0.524677	1.026087
1413034902	1000	27	28	32	32	5	11	7	5	9	8	0	0	2	0	0	9.50	7.25	1.585934	4.857729	0.583133	2.591006
1413034903	1000	21	22	30	31	2	1	10	7	5	5	0	0	1	0	0	10.00	7.25	1.585934	4.859341	0.584559	2.623788
1413034904	1000	30	33	29	37	2	10	11	11	9	4	1	0	1	1	0	9.50	7.25	1.587546	4.860952	0.584559	2.618631
1413034905	1000	23	20	31	29	2	8	9	6	7	5	0	1	1	1	0	9.50	7.25	1.587546	4.862564	0.583133	2.575575
1413034906	1000	36	25	19	27	6	5	9	5	4	3	0	1	1	0	0	9.50	7.25	1.586740	4.859341	0.580282	2.509998
1413034907	1000	25	24	33	31	1	9	8	6	12	4	0	1	0	1	0	9.50	7.25	1.586740	4.859341	0.584559	2.623788
1413034908	1000	32	28	28	28	2	6	7	10	5	4	0	1	0	1	0	9.50	7.25	1.586740	4.862564	0.585985	2.651384
1413034909	1000	26	23	23	19	5	9	3	7	3	2	1	0	0	0	0	9.50	7.25	1.588352	4.864176	0.585985	2.646221
1413034910	1000	22	23	24	18	6	4	8	5	4	4	1	1	0	0	0	9.50	7.25	1.585934	4.857729	0.584559	2.628947
1413034911	1000	34	20	32	7	2	10	2	7	1	0	0	0	0	0	0	9.50	7.25	1.584322	4.852894	0.585985	2.682428
1413034912	1000	15	28	17	10	3	5	2	5	3	0	1	0	1	0	0	9.50	7.25	1.577876	4.831942	0.585985	2.750116
1413034913	1000	36	29	31	5	4	10	1	6	2	1	0	0	0	0	0	9.50	7.25	1.585128	4.854506	0.587411	2.715215
1413034914	1000	19	34	22	5	3	2	2	11	1	1	0	0	0	0	0	9.50	7.25	1.585934	4.854506	0.584559	2.639277
1413034915	1000	26	34	24	17	6	3	3	8	1	2	0	0	0	0	0	9.50	7.25	1.587546	4.860952	0.588836	2.732386
1413034916	1000	29	26	30	15	7	11	2	6	2	4	2	0	0	0	0	9.50	7.25	1.587546	4.856117	0.587411	2.710023
1413034917	1000	26	35	25	8	7	6	3	6	4	2	1	0	2	0	0	10.00	7.25	1.586740	4.852894	0.590262	2.796370
1413034918	1000	20	19	23	9	2	3	2	1	2	1	0	0	1	0	0	10.00	7.25	1.585934	4.856117	0.587411	2.710023
1413034919	1000	22	27	27	10	3	10	3	8	5	0	1	1	0	0	0	10.00	7.25	1.586740	4.857729	0.590262	2.780719
1413034920	1000	25	21	24	12	2	6	6	3	5	0	0	1	0	0	0	9.50	7.25	1.588352	4.862564	0.591688	2.803005
1413034921	1000	33	26	27	19	7	10	5	9	4	3	4	1	0	1	0	10.00	7.25	1.586740	4.859341	0.590262	2.775510
1413034922	1000	25	21	30	13	5	6	3	6	2	3	0	0	0	0	0	9.50	7.25	1.587546	4.862564	0.590262	2.765100
1413034923	1000	25	24	25	16	2	3	3	12	2	3	0	0	0	1	0	9.50	7.25	1.586740	4.856117	0.590262	2.785932
1413034924	1000	24	30	27	15	4	4	4	9	4	2	0	0	0	0	0	9.50	7.25	1.585934	4.854506	0.591688	2.829118
1413034925	1000	28	21	22	14	3	8	7	5	3	1	0	1	0	0	0	10.00	7.25	1.586740	4.854506	0.591688	2.829118
1413034926	1000	24	17	25	18	2	5	5	3	2	6	0	1	0	0	0	10.00	7.25	1.586740	4.857729	0.593114	2.856605
1413034927	1000	24	26	24	19	3	6	6	5	6	3	1	1	0	0	0	10.00	7.25	1.588352	4.860952	0.595965	2.921974
1413034928	1000	34	26	20	16	5	5	6	3	4	2	0	1	0	0	0	10.00	7.25	1.587546	4.860952	0.593114	2.846138
1413034929	1000	22	22	33	22	3	7	6	6	3	10	1	0	1	0	0	9.50	7.25	1.588352	4.860952	0.593114	2.846138
1413034930	1000	25	31	20	24	7	6	6	6	6	3	2	1	0	1	0	10.00	7.25	1.589963	4.867399	0.594539	2.863113
1413034931	1000	25	31	32	36	4	7	10	11	10	9	1	1	2	2	1	10.00	7.25	1.589158	4.862564	0.594539	2.878816
1413034932	1000	37	28	22	28	6	4	11	5	7	5	0	1	0	1	0	9.50	7.25	1.589158	4.864176	0.594539	2.873579
1413034933	1000	31	30	34	29	5	9	8	10	12	5	1	0	0	2	0	10.00	7.25	1.587546	4.857729	0.594539	2.894549
1413034934	1000	20	28	30	21	6	5	3	8	8	1	2	1	0	0	0	10.00	7.25	1.588352	4.862564	0.594539	2.878816
1413034935	1000	22	20	38	29	3	5	6	8	2	9	1	0	0	1	0	10.00	7.25	1.588352	4.862564	0.595965	2.916720
1413034936	1000	41	33	38	37	8	11	13	6	8	8	1	1	2	2	0	10.00	7.25	1.590769	4.869011	0.597391	2.933597
1413034937	1000	30	31	22	28	5	3	8	10	8	3	0	1	0	0	0	10.00	7.25	1.590769	4.862564	0.597391	2.954625
1413034938	1000	21	31	28	24	4	6	6	9	3	4	2	0	0	0	0	9.50	7.25	1.589158	4.862564	0.597391	2.954625
1413034939	1000	20	25	21	27	1	3	5	5	7	5	0	0	0	0	0	10.00	7.25	1.588352	4.862564	0.598817	2.992530
1413034940	1000	31	31	24	30	6	10	8	3	10	7	0	1	2	1	0	9.50	7.25	1.590769	4.867399	0.597391	2.938849
1413034941	1000	23	33	31	34	5	8	7	11	13	7	1	2	1	3	1	10.00	7.25	1.589158	4.862564	0.598817	2.992530
1413034942	1000	32	34	35	15	2	10	5	13	4	3	1	0	0	1	0	10.00	7.25	1.589963	4.860952	0.600242	3.035727
1413034943	1000	27	29	29	23	4	7	6	11	10	1	1	1	0	1	0	10.00	7.25	1.589963	4.864176	0.598817	2.987255
1413034944	1000	20	33	29	22	6	3	4	8	7	5	0	0	0	0	0	9.50	7.25	1.586740	4.854506	0.600242	3.056926
1413034945	1000	35	31	28	32	8	10	8	7	8	3	1	2	1	0	0	10.00	7.25	1.589158	4.860952	0.598817	2.997808
1413034946	1000	35	29	27	26	12	5	5	6	5	6	1	0	0	1	0	9.50	7.25	1.590769	4.864176	0.601668	3.063039
1413034947	1000	30	28	28	21	5	9	4	10	7	6	1	0	1	2	0	10.00	7.25	1.590769	4.865788	0.603094	3.095626
1413034948	1000	36	33	23	30	7	6	12	7	7	1	0	1	0	0	0	10.00	7.25	1.590769	4.872234	0.598817	2.960933
1413034949	1000	30	27	30	28	0	10	5	6	11	2	0	0	0	0	0	9.50	7.25	1.590769	4.867399	0.603094	3.090320
1413034950	1000	24	37	29	27	4	6	9	11	8	5	1	0	1	0	0	9.50	7.25	1.590769	4.865788	0.603094	3.095626
1413034951	1000	25	42	26	37	6	7	9	10	11	3	0	1	1	0	0	10.00	7.25	1.591575	4.867399	0.603094	3.090320
1413034952	1000	31	26	20	29	7	8	12	10	8	4	3	2	3	1	1	9.50	7.25	1.591575	4.869011	0.604520	3.122872
1413034953	1000	30	22	37	26	4	9	7	7	5	5	1	1	0	0	0	9.50	7.25	1.589158	4.862564	0.601668	3.068339
1413034954	1000	30	26	28	21	4	6	5	6	6	4	0	0	1	0	0	9.50	7.25	1.591575	4.867399	0.605945	3.166054
1413034955	1000	33	30	33	29	4	9	6	11	6	3	1	0	0	1	0	9.50	7.25	1.588352	4.860952	0.604520	3.149481
1413034956	1000	21	36	33	41	3	4	7	8	12	7	0	0	0	1	0	9.50	7.25	1.592381	4.870623	0.607371	3.193245
1413034957	1000	39	25	44	32	3	15	6	8	9	9	1	0	1	2	0	10.00	7.25	1.590769	4.867399	0.603094	3.090320
1413034958	1000	28	23	33	33	5	11	10	4	10	7	0	1	2	0	0	9.50	7.25	1.590769	4.865788	0.605945	3.171384
1413034959	1000	28	24	31	29	5	9	6	7	4	7	1	0	0	1	0	10.00	7.25	1.590769	4.865788	0.607371	3.209265
1413034960	1000	31	32	28	29	6	7	8	8	5	7	0	2	0	0	0	9.50	7.25	1.591575	4.869011	0.608797	3.236435
1413034961	1000	28	27	18	37	3	5	10	5	12	2	0	1	0	2	0	9.50	7.25	1.592381	4.869011	0.607371	3.198582
1413034962	1000	23	37	22	19	5	5	4	7	8	2	0	0	0	1	0	9.50	7.25	1.587546	4.856117	0.610223	3.317311
1413034963	1000	21	27	28	14	4	4	3	10	1	4	0	1	1	0	0	9.50	7.25	1.592381	4.867399	0.611648	3.317525
1413034964	1000	32	32	32	17	5	10	5	8	4	2	1	0	0	0	0	9.50	7.25	1.589963	4.865788	0.610223	3.285025
1413034965	1000	34	20	23	14	3	5	7	4	3	0	0	0	0	0	0	10.00	7.25	1.590769	4.865788	0.611648	3.322905
1413034966	1000	38	20	37	21	4	18	3	7	5	3	2	0	0	0	0	9.50	7.25	1.591575	4.869011	0.610223	3.274292
1413034967	1000	30	28	19	24	4	8	7	4	5	2	0	0	1	0	0	9.50	7.25	1.590769	4.869011	0.613074	3.350002
1413034968	1000	37	32	24	23	8	9	11	8	4	4	2	0	2	0	0	9.50	7.25	1.589963	4.867399	0.613074	3.355391
1413034969	1000	23	34	32	32	8	6	7	4	11	7	0	2	0	1	0	9.50	7.25	1.591575	4.870623	0.682936	5.198893
1413034970	1000	22	20	23	25	3	7	5	6	7	6	0	1	1	1	0	9.50	7.25	1.590769	4.865788	0.614500	3.398665
1413034971	1000	23	30	27	28	3	5	6	9	4	5	0	0	1	0	0	10.00	7.25	1.589963	4.865788	0.615926	3.436545
1413034972	1000	29	15	23	25	1	10	5	2	5	2	0	0	1	0	0	9.50	7.25	1.593187	4.875458	0.617351	3.441891
1413034973	1000	30	33	41	31	5	12	8	10	8	7	2	2	2	2	1	9.50	7.25	1.591575	4.869011	0.615926	3.425711
1413034974	1000	32	31	24	34	9	7	10	6	13	6	2	3	1	0	0	9.50	7.25	1.591575	4.870623	0.644441	4.177148
1413034975	1000	38	29	32	20	9	8	10	9	5	4	1	2	1	0	0	9.50	7.25	1.587546	4.857729	0.615926	3.463691
1413034976	1000	24	25	18	9	7	4	4	3	2	1	1	1	0	0	0	9.50	7.25	1.591575	4.872234	0.618777	3.490552
1413034977	1000	23	42	35	34	3	8	7	10	11	6	0	1	1	1	0	9.50	7.25	1.592381	4.870623	0.617351	3.458142
1413034978	1000	33	30	29	23	6	8	9	7	8	5	0	2	0	1	0	9.50	7.25	1.587546	4.857729	0.617351	3.501633
1413034979	1000	26	27	31	16	5	8	2	5	3	3	0	0	0	0	0	9.50	7.25	1.592381	4.869011	0.600242	3.009306
1413034980	1000	30	26	32	22	5	7	6	9	6	5	0	1	1	1	0	9.50	7.25	1.589963	4.867399	0.618777	3.506862
1413034981	1000	28	31	28	20	7	7	6	7	5	5	2	0	2	0	0	9.50	7.25	1.592381	4.872234	0.620203	3.528382
1413034982	1000	35	30	29	34	6	11	9	4	13	5	0	1	1	0	0	9.50	7.25	1.591575	4.870623	0.618777	3.495985
1413034983	1000	32	23	27	18	4	7	7	4	4	2	1	1	1	0	0	9.50	7.25	1.589963	4.867399	0.620203	3.544728
1413034984	1000	33	32	30	26	9	8	9	9	7	4	1	2	1	1	0	9.50	7.25	1.589158	4.870623	0.618777	3.495985
1413034985	1000	33	33	33	26	3	9	10	10	4	5	1	0	0	1	0	9.50	7.25	1.589963	4.865788	0.621629	3.588065
1413034986	1000	28	41	33	27	8	3	4	8	4	4	0	0	0	0	0	9.50	7.25	1.591575	4.870623	0.624480	3.647352
1413034987	1000	33	32	34	23	6	6	7	13	8	1	1	1	0	0	0	9.50	7.25	1.591575	4.872234	0.617351	3.452722
1413034988	1000	30	33	20	27	5	6	3	5	6	5	1	0	0	0	0	9.50	7.25	1.591575	4.870623	0.623055	3.609511
1413034989	1000	24	30	24	17	6	5	7	10	6	3	1	2	0	1	0	9.50	7.25	1.592381	4.867399	0.623055	3.620463
1413034990	1000	35	31	36	43	6	11	11	7	9	8	1	1	2	0	0	9.50	7.25	1.592381	4.869011	0.695768	5.545586
1413034991	1000	27	19	25	27	2	4	10	5	5	3	0	0	0	0	0	9.50	7.25	1.590769	4.869011	0.623055	3.614985
1413034992	1000	32	25	24	33	6	7	12	7	8	3	0	2	1	0	0	9.50	7.25	1.590769	4.870623	0.625906	3.685195
1413034993	1000	25	32	30	35	4	4	10	9	9	7	0	1	1	1	0	9.50	7.25	1.591575	4.870623	0.625906	3.685195
1413034994	1000	40	36	41	39	8	15	16	13	9	10	4	1	2	2	1	9.50	7.25	1.592381	4.873846	0.624480	3.636391
1413034995	1000	25	34	36	33	3	5	8	11	10	7	1	1	1	2	1	9.50	7.25	1.591575	4.873846	0.701471	5.678530
1413034996	1000	30	32	24	24	6	7	7	6	7	4	1	2	0	0	0	9.50	7.25	1.590769	4.870623	0.628758	3.760880
1413034997	1000	22	24	24	23	2	7	8	5	3	5	0	0	1	0	0	9.50	7.25	1.589963	4.869011	0.628758	3.766405
1413034998	1000	26	29	31	19	5	6	7	10	5	2	1	0	1	1	0	9.50	7.25	1.590769	4.870623	0.627332	3.723039
1413034999	1000	35	30	35	23	4	12	10	5	4	6	0	0	1	0	0	9.50	7.25	1.589158	4.869011	0.624480	3.652840
1413035000	1000	38	31	26	23	8	9	9	5	7	1	1	2	0	0	0	9.50	7.25	1.588352	4.867399	0.647292	4.264210
1413035001	1000	30	29	24	23	3	6	6	7	7	4	2	0	2	0	0	9.50	7.25	1.591575	4.872234	0.627332	3.717531
1413035002	1000	25	31	39	40	5	7	11	10	7	5	0	1	0	0	0	9.50	7.25	1.591575	4.873846	0.628758	3.749843
1413035003	1000	31	26	37	29	5	8	9	9	4	8	2	1	1	0	0	9.50	7.25	1.589963	4.870623	0.630183	3.798723
1413035004	1000	39	33	32	26	9	10	11	11	7	6	1	2	2	1	0	9.50	7.25	1.592381	4.875458	0.630183	3.782135
1413035005	1000	34	33	34	25	6	11	13	13	2	3	4	1	1	1	1	9.50	7.25	1.592381	4.875458	0.634461	3.895550
1413035006	1000	35	43	35	30	7	11	8	11	6	7	0	0	1	1	0	9.50	7.25	1.590769	4.870623	0.628758	3.760880
1413035007	1000	27	42	32	32	6	5	6	11	15	5	2	2	0	1	0	9.50	7.25	1.592381	4.875458	0.630183	3.782135
1413035008	1000	37	24	20	28	5	5	12	6	9	5	0	2	0	2	0	9.50	7.25	1.591575	4.873846	0.631609	3.825478
1413035009	1000	36	32	39	27	4	11	6	8	7	6	0	0	1	1	0	9.50	7.25	1.592381	4.875458	0.633035	3.857744
1413035010	1000	31	30	33	29	4	9	8	6	6	3	1	0	0	0	0	9.50	7.25	1.593187	4.875458	0.633035	3.857744
1413035011	1000	38	28	24	35	7	10	11	4	9	3	1	1	0	0	0	9.50	7.25	1.589963	4.870623	0.633035	3.874408
1413035012	1000	27	32	21	28	5	8	6	4	9	7	0	0	3	0	0	9.50	7.25	1.590769	4.873846	0.634461	3.901114
1413035013	1000	36	22	25	29	7	10	12	5	3	6	1	1	0	0	0	9.50	7.25	1.591575	4.875458	0.630183	3.782135
1413035014	1000	29	32	34	30	5	6	10	6	7	5	0	1	1	0	0	9.50	7.25	1.591575	4.875458	0.635886	3.933355
1413035015	1000	27	30	35	26	3	9	8	11	9	3	1	1	0	1	0	9.50	7.25	1.592381	4.873846	0.635886	3.938930
1413035016	1000	30	32	32	23	3	10	5	11	6	6	0	0	0	1	0	9.50	7.25	1.592381	4.872234	0.637312	3.982340
1413035017	1000	40	33	33	36	3	14	14	9	8	5	1	2	1	0	0	9.50	7.25	1.589158	4.869011	0.635886	3.955679
1413035018	1000	32	26	29	26	5	8	9	9	6	5	1	1	0	1	0	9.50	7.25	1.590769	4.873846	0.637312	3.976747
1413035019	1000	37	40	33	29	7	11	9	8	8	4	1	0	2	0	0	9.50	7.25	1.591575	4.875458	0.637312	3.971159
1413035020	1000	30	24	29	32	5	9	11	6	6	4	1	2	3	2	1	9.50	7.25	1.591575	4.877069	0.641589	4.078951
1413035021	1000	35	26	21	29	4	6	9	6	8	4	0	1	1	0	0	9.50	7.25	1.589963	4.872234	0.638738	4.020169
1413035022	1000	27	25	34	29	2	6	7	8	7	4	1	0	1	1	0	9.50	7.25	1.590769	4.870623	0.638738	4.025777
1413035023	1000	30	30	34	22	5	7	3	12	9	7	0	0	0	2	0	9.50	7.25	1.590769	4.875458	0.640164	4.046768
1413035024	1000	27	29	36	29	4	7	10	12	8	11	1	1	3	3	1	9.50	7.25	1.589963	4.872234	0.638738	4.020169
1413035025	1000	25	29	23	25	4	5	6	9	6	3	2	0	1	0	0	9.50	7.25	1.592381	4.878681	0.643015	4.111115
1413035026	1000	31	21	37	25	4	13	4	6	7	7	0	0	0	2	0	9.50	7.25	1.589963	4.873846	0.640164	4.052381
1413035027	1000	28	28	22	23	6	7	7	5	10	2	0	2	1	1	0	9.50	7.25	1.590769	4.875458	0.643015	4.122381
1413035028	1000	31	32	24	29	9	8	9	5	9	7	0	2	1	1	0	9.50	7.25	1.589158	4.869011	0.643015	4.144956
1413035029	1000	27	33	37	27	4	12	6	14	8	6	2	1	2	1	1	9.50	7.25	1.590769	4.878681	0.643015	4.111115
1413035030	1000	30	24	27	29	2	8	5	7	10	4	0	0	0	0	0	9.50	7.25	1.590769	4.877069	0.643015	4.116746
1413035031	1000	32	25	26	25	5	10	7	7	5	3	0	1	1	0	0	9.50	7.25	1.589158	4.875458	0.643015	4.122381
1413035032	1000	28	36	26	28	9	3	8	13	5	4	1	1	0	1	0	9.50	7.25	1.589158	4.872234	0.645867	4.209320
1413035033	1000	33	29	29	30	5	7	12	8	6	1	0	1	0	0	0	9.50	7.25	1.591575	4.878681	0.644441	4.148895
1413035034	1000	34	29	37	29	6	7	10	10	5	6	2	1	0	0	0	9.50	7.25	1.590769	4.877069	0.644441	4.154539
1413035035	1000	32	28	33	35	7	7	8	5	8	8	0	0	1	0	0	9.50	7.25	1.590769	4.878681	0.647292	4.224453
1413035036	1000	19	26	24	26	2	6	4	8	7	5	0	0	0	1	0	9.50	7.25	1.589963	4.875458	0.647292	4.235794
1413035037	1000	35	48	35	35	10	7	8	10	10	10	1	1	0	0	0	9.50	7.25	1.589158	4.873846	0.698619	5.602895
1413035038	1000	20	30	22	19	5	2	5	11	4	2	1	0	0	0	0	9.50	7.25	1.589158	4.875458	0.647292	4.235794
1413035039	1000	28	27	30	26	5	7	5	7	8	4	1	1	0	1	0	9.50	7.25	1.590769	4.880293	0.648718	4.256554
1413035040	1000	26	33	30	18	6	5	6	9	7	4	0	2	1	1	0	9.50	7.25	1.589158	4.877069	0.647292	4.230122
1413035041	1000	27	41	26	34	9	7	7	6	12	7	3	0	0	1	0	9.50	7.25	1.590769	4.877069	0.648718	4.267914
1413035042	1000	27	37	27	22	8	9	7	10	10	4	1	2	0	1	0	9.50	7.25	1.589963	4.875458	0.645867	4.197989
1413035043	1000	23	26	31	25	3	10	6	8	7	6	0	2	1	0	0	9.50	7.25	1.587546	4.872234	0.648718	4.284978
1413035044	1000	29	27	33	23	6	5	10	3	5	3	0	1	1	0	0	9.50	7.25	1.589963	4.881905	0.648718	4.250882
1413035045	1000	26	35	27	27	4	10	5	11	12	6	3	0	1	1	0	9.50	7.25	1.589158	4.877069	0.650144	4.305707
1413035046	1000	28	36	28	33	6	9	12	9	9	5	3	2	2	2	2	9.50	7.25	1.589158	4.877069	0.651570	4.343500
1413035047	1000	37	28	28	30	4	7	11	9	6	6	2	2	0	0	0	9.50	7.25	1.589158	4.881905	0.637312	3.948841
1413035048	1000	35	27	31	21	11	10	7	7	2	3	2	0	0	0	0	9.50	7.25	1.589158	4.877069	0.652995	4.381292
1413035049	1000	31	34	22	41	7	1	12	8	11	10	0	1	0	3	0	9.50	7.25	1.589963	4.880293	0.654421	4.407625
1413035050	1000	34	39	37	28	6	10	9	10	5	5	0	1	0	1	0	9.50	7.25	1.588352	4.877069	0.654421	4.419084
1413035051	1000	23	20	22	23	2	7	6	6	7	4	1	0	0	1	0	9.50	7.25	1.588352	4.877069	0.645867	4.192329
1413035052	1000	25	22	24	27	4	7	4	4	6	5	0	0	1	0	0	9.50	7.25	1.588352	4.877069	0.648718	4.267914
1413035053	1000	34	30	30	25	4	13	8	6	7	7	1	0	3	0	0	9.50	7.25	1.586740	4.873846	0.654421	4.430556
1413035054	1000	31	23	32	32	2	10	8	4	3	6	0	0	0	0	0	9.50	7.25	1.587546	4.875458	0.655847	4.462623
1413035055	1000	24	31	35	27	4	9	4	14	8	4	1	0	0	1	0	9.50	7.25	1.589158	4.878681	0.657273	4.488913
1413035056	1000	25	29	30	30	2	5	5	6	8	5	0	0	0	0	0	9.50	7.25	1.589158	4.881905	0.654421	4.401901
1413035057	1000	22	24	30	27	2	5	7	6	3	9	0	0	1	1	0	9.50	7.25	1.587546	4.878681	0.655847	4.451133
1413035058	1000	39	32	29	32	5	8	13	8	6	6	0	0	1	1	0	9.50	7.25	1.587546	4.877069	0.660124	4.570253
1413035059	1000	34	22	23	24	3	2	9	7	5	4	0	1	0	2	0	9.50	7.25	1.589158	4.880293	0.658698	4.520927
1413035060	1000	23	27	25	28	6	8	7	3	8	3	0	3	0	0	0	9.50	7.25	1.586740	4.875458	0.658698	4.538234
1413035061	1000	35	37	33	35	11	10	14	14	11	7	3	2	2	1	0	9.50	7.25	1.589963	4.885128	0.660124	4.541387
1413035062	1000	30	36	31	25	8	6	10	10	7	3	1	2	0	0	0	9.50	7.25	1.588352	4.878681	0.658698	4.526694
1413035063	1000	35	32	34	25	5	11	9	8	6	2	0	0	1	0	0	9.50	7.25	1.588352	4.877069	0.661550	4.608045
1413035064	1000	34	28	23	33	6	4	14	5	6	2	0	1	0	0	0	9.50	7.25	1.586740	4.878681	0.661550	4.602252
1413035065	1000	21	33	22	29	5	5	5	6	11	6	1	2	0	0	0	9.50	7.25	1.588352	4.881905	0.661550	4.590675
1413035066	1000	31	25	32	33	2	5	7	6	7	8	0	0	0	2	0	9.50	7.25	1.587546	4.880293	0.660124	4.558695
1413035067	1000	34	37	32	39	5	12	11	8	13	4	0	2	0	1	0	9.50	7.25	1.588352	4.881905	0.662976	4.628431
1413035068	1000	24	34	33	26	8	7	6	9	9	3	2	0	0	1	0	9.50	7.25	1.587546	4.877069	0.664401	4.683630
1413035069	1000	32	28	30	24	3	6	6	6	8	2	0	1	0	0	0	9.50	7.25	1.586740	4.878681	0.662976	4.640032
1413035070	1000	39	32	41	35	6	15	12	6	7	6	0	1	2	0	0	9.50	7.25	1.586740	4.881905	0.655847	4.439656
1413035071	1000	31	36	32	37	6	12	9	9	13	6	0	0	2	2	0	9.50	7.25	1.588352	4.881905	0.665827	4.703943
1413035072	1000	29	20	30	30	4	7	5	5	6	7	0	0	0	1	0	9.50	7.25	1.588352	4.883517	0.665827	4.698123
1413035073	1000	32	27	34	29	4	9	12	9	4	5	1	0	1	0	0	9.50	7.25	1.587546	4.883517	0.661550	4.584895
1413035074	1000	25	35	28	26	5	10	6	12	6	4	2	0	1	2	0	9.50	7.25	1.585934	4.875458	0.667253	4.765064
1413035075	1000	28	35	26	24	6	5	4	5	7	2	0	1	0	0	0	9.50	7.25	1.586740	4.878681	0.668679	4.791153
1413035076	1000	35	34	33	45	5	10	11	5	10	4	0	0	0	0	0	9.50	7.25	1.586740	4.880293	0.668679	4.785300
1413035077	1000	32	24	31	27	3	11	8	6	6	4	0	0	0	1	0	9.50	7.25	1.587546	4.883517	0.667253	4.735867
1413035078	1000	26	36	26	25	6	9	6	8	8	2	1	1	1	0	0	9.50	7.25	1.587546	4.883517	0.668679	4.773608
1413035079	1000	36	32	32	32	7	9	7	6	11	5	0	2	1	1	0	9.50	7.25	1.586740	4.881905	0.668679	4.779452
1413035080	1000	28	29	32	36	5	8	7	9	9	6	2	1	0	1	0	9.50	7.25	1.586740	4.881905	0.671530	4.854962
1413035081	1000	30	35	39	32	7	9	7	13	5	8	1	0	2	2	0	9.50	7.25	1.586740	4.881905	0.671530	4.854962
1413035082	1000	31	32	31	32	8	9	9	11	9	9	0	2	2	2	0	9.50	7.00	1.586740	4.883517	0.667253	4.735867
1413035083	1000	27	28	39	35	2	11	8	7	8	8	0	0	1	1	0	9.50	7.00	1.585934	4.881905	0.668679	4.779452
1413035084	1000	28	26	27	40	4	6	11	6	9	6	1	0	0	1	0	9.50	7.00	1.585934	4.880293	0.674382	4.936370
1413035085	1000	29	25	23	26	5	3	13	10	5	2	0	3	0	0	0	9.50	7.00	1.584322	4.877069	0.674382	4.948178
1413035086	1000	31	22	24	19	4	10	4	11	4	0	1	0	0	0	0	9.50	7.00	1.585934	4.883517	0.672956	4.886835
1413035087	1000	30	30	28	31	8	8	11	8	9	8	1	4	2	2	1	9.50	7.00	1.584322	4.878681	0.672956	4.904491
1413035088	1000	36	25	36	35	3	9	16	7	3	7	1	0	2	0	0	9.50	7.00	1.585934	4.886740	0.675807	4.950519
1413035089	1000	28	33	28	39	5	6	12	7	10	7	1	1	1	0	0	9.50	7.00	1.584322	4.875458	0.670104	4.840673
1413035090	1000	33	36	37	24	7	9	7	14	10	3	1	0	0	1	0	9.50	7.00	1.584322	4.877069	0.677233	5.023763
1413035091	1000	25	33	24	26	10	3	5	6	8	3	1	1	0	0	0	9.50	7.00	1.585128	4.883517	0.674382	4.924578
1413035092	1000	26	37	31	33	9	6	8	8	6	6	0	0	1	0	0	9.50	7.00	1.585128	4.881905	0.678659	5.043737
1413035093	1000	27	30	32	31	4	9	8	8	6	6	1	0	1	0	0	9.50	7.00	1.583517	4.875458	0.677233	5.029697
1413035094	1000	30	19	25	24	3	4	7	7	5	2	0	1	0	0	0	9.50	7.00	1.584322	4.880293	0.674382	4.936370
1413035095	1000	25	33	24	30	4	5	11	7	9	4	0	1	1	0	0	9.50	7.00	1.581905	4.875458	0.681510	5.143113
1413035096	1000	21	20	26	18	4	2	7	4	3	2	0	0	0	0	0	9.50	7.00	1.583517	4.880293	0.678659	5.049672
1413035097	1000	25	24	26	30	1	8	6	7	10	7	0	0	2	1	0	9.50	7.00	1.584322	4.881905	0.680085	5.081491
1413035098	1000	28	25	26	33	5	8	9	5	9	8	1	1	3	1	1	9.50	7.00	1.585128	4.886740	0.677233	4.988237
1413035099	1000	23	24	30	25	4	4	7	7	7	3	1	0	0	0	0	9.50	7.00	1.583517	4.881905	0.677233	5.005981
1413035100	1000	26	23	23	33	5	6	5	5	7	5	0	0	1	1	0	9.50	7.00	1.581905	4.877069	0.682936	5.174932
1413035101	1000	34	37	20	22	7	4	10	9	7	1	0	1	0	0	0	9.50	7.00	1.582711	4.881905	0.682936	5.157001
1413035102	1000	37	29	28	26	3	13	9	9	8	2	1	0	1	1	0	9.50	7.00	1.583517	4.881905	0.682936	5.157001
1413035103	1000	36	34	33	23	6	13	5	7	5	3	1	0	1	0	0	9.50	7.00	1.583517	4.881905	0.682936	5.157001
1413035104	1000	32	26	23	27	1	3	9	9	6	3	0	0	0	0	0	9.50	7.00	1.584322	4.883517	0.682936	5.151032
1413035105	1000	25	39	33	28	5	9	5	10	12	6	1	0	2	0	0	9.50	7.00	1.581905	4.881905	0.685788	5.232512
1413035106	1000	33	32	29	30	8	13	7	5	11	3	2	1	1	0	0	9.50	7.00	1.582711	4.885128	0.685788	5.220528
1413035107	1000	25	33	23	29	7	6	4	10	10	4	2	1	0	1	0	9.50	7.00	1.581905	4.881905	0.684362	5.194756
1413035108	1000	29	33	22	28	6	7	9	2	8	3	1	2	1	1	1	9.50	7.00	1.580293	4.877069	0.684362	5.212724
1413035109	1000	30	42	32	30	4	12	6	4	11	6	0	0	2	1	0	9.50	7.00	1.583517	4.883517	0.688639	5.302002
1413035110	1000	27	36	26	39	6	5	5	6	15	5	1	1	1	2	1	9.50	7.00	1.582711	4.883517	0.681510	5.113291
1413035111	1000	35	20	23	22	4	10	6	3	6	4	0	0	1	0	0	9.50	7.00	1.581905	4.881905	0.688639	5.308021
1413035112	1000	24	25	32	28	2	5	7	6	11	4	0	1	0	0	0	9.50	7.00	1.581099	4.883517	0.688639	5.302002
1413035114	1000	30	34	39	31	5	6	7	16	8	7	1	2	0	2	0	9.50	7.00	1.581905	4.883517	0.691491	5.377487
1413035115	1000	24	21	30	25	3	9	4	4	7	5	0	0	0	0	0	9.50	7.00	1.582711	4.888352	0.690065	5.321676
1413035116	1000	36	28	34	32	4	9	11	7	6	6	1	1	0	1	0	9.50	7.00	1.582711	4.888352	0.690065	5.321676
1413035117	1000	26	23	28	19	5	9	4	6	3	5	2	0	2	0	0	9.50	7.00	1.580293	4.881905	0.690065	5.345776
1413035118	1000	25	29	27	30	3	9	7	6	9	4	1	2	2	1	1	9.50	7.00	1.580293	4.881905	0.692916	5.421285
1413035119	1000	25	38	24	37	3	8	12	7	13	3	0	1	1	0	0	9.50	7.00	1.581099	4.886740	0.692916	5.403131
1413035120	1000	24	27	31	23	3	7	5	10	7	5	1	1	1	2	1	9.50	7.00	1.580293	4.883517	0.691491	5.377487
1413035121	1000	31	31	31	26	7	13	8	8	8	4	3	1	1	1	0	9.50	7.00	1.579487	4.883517	0.692916	5.415230
1413035122	1000	25	26	29	29	3	5	9	5	4	4	0	1	0	0	0	9.50	7.00	1.581099	4.886740	0.694342	5.440847
1413035123	1000	31	30	36	33	6	11	8	8	11	6	2	0	1	1	0	9.50	7.00	1.579487	4.881905	0.695768	5.496795
1413035124	1000	33	30	32	31	4	8	9	7	9	6	0	0	2	0	0	9.50	7.00	1.581099	4.888352	0.695768	5.472497
1413035125	1000	24	31	32	28	3	6	7	9	8	7	0	0	0	1	0	9.50	7.00	1.580293	4.886740	0.697194	5.516284
1413035126	1000	26	28	34	27	1	8	9	12	8	4	1	0	1	0	0	9.50	7.00	1.581099	4.883517	0.692916	5.415230
