quad V2.5
time	int	cnt1	cnt2	cnt3	cnt4	1&2	1&3	1&4	2&3	2&4	3&4	1&2&3	1&2&4	1&3&4	2&3&4	1&2&3&4	digTemp	temp	adct	adcr	adcp	pressure
1413035728	1000	24	20	17	23	1	9	4	3	7	4	1	0	2	0	0	4.50	2.50	1.364322	4.851282	1.193356	18.872751
1413035729	1000	21	20	21	18	6	6	2	4	4	4	0	0	1	0	0	4.50	2.25	1.364322	4.854506	1.193356	18.851639
1413035730	1000	17	20	14	21	2	5	6	2	8	1	0	1	1	0	0	4.50	2.50	1.364322	4.851282	1.196208	18.948740
1413035731	1000	17	22	20	11	4	7	4	4	6	0	0	2	0	0	0	4.50	2.25	1.362711	4.851282	1.194782	18.910746
1413035732	1000	13	19	19	27	3	5	6	3	9	7	0	1	3	0	0	4.50	2.25	1.364322	4.856117	1.193356	18.841091
1413035733	1000	18	23	17	20	4	6	5	5	9	5	0	1	1	2	0	4.50	2.25	1.363517	4.856117	1.199059	18.992910
1413035734	1000	10	17	15	17	1	2	3	6	4	4	0	1	0	1	0	4.50	2.25	1.362711	4.854506	1.200485	19.041477
1413035735	1000	21	14	16	22	1	5	5	2	9	1	0	0	1	1	0	4.50	2.25	1.360293	4.846447	1.199059	19.056604
1413035736	1000	12	18	19	18	3	4	2	6	7	3	1	0	1	0	0	4.50	2.25	1.360293	4.852894	1.201911	19.090073
1413035737	1000	21	24	20	20	6	8	2	4	7	2	0	1	0	0	0	4.50	2.25	1.361099	4.854506	1.203336	19.117413
1413035738	1000	13	18	16	19	2	5	4	3	9	2	0	1	1	1	0	4.50	2.25	1.361099	4.856117	1.200485	19.030865
1413035739	1000	21	19	21	26	5	6	8	4	7	1	0	1	0	0	0	4.50	2.25	1.360293	4.851282	1.204762	19.176701
1413035740	1000	20	12	18	17	2	7	4	2	4	1	1	0	0	0	0	4.50	2.25	1.358681	4.849670	1.209039	19.301388
1413035741	1000	11	17	13	18	3	3	2	1	6	3	0	1	0	0	0	4.50	2.25	1.358681	4.851282	1.204762	19.176701
1413035742	1000	18	17	17	15	3	7	7	1	4	1	0	2	1	0	0	4.50	2.25	1.358681	4.849670	1.207614	19.263382
1413035743	1000	25	24	25	20	4	10	1	5	10	5	0	0	0	2	0	4.50	2.25	1.358681	4.854506	1.207614	19.231321
1413035744	1000	24	21	29	24	7	15	7	9	6	3	5	2	0	0	0	4.50	2.25	1.358681	4.854506	1.210465	19.307257
1413035745	1000	14	14	23	18	1	6	4	3	5	3	0	0	1	0	0	4.50	2.25	1.358681	4.852894	1.260367	20.647284
1413035746	1000	20	22	12	14	9	4	5	4	4	3	1	1	1	0	0	4.50	2.25	1.357070	4.851282	1.213317	19.404659
1413035747	1000	13	21	14	17	4	5	6	4	9	2	1	1	1	0	0	4.50	2.25	1.356264	4.848059	1.211891	19.388140
1413035748	1000	28	15	19	22	3	9	6	0	7	2	0	0	0	0	0	4.50	2.25	1.356264	4.849670	1.214742	19.453411
1413035749	1000	10	7	13	8	2	1	3	3	0	0	1	0	0	0	0	4.50	2.25	1.355458	4.849670	1.214742	19.453411
1413035750	1000	16	21	10	10	4	2	2	5	4	1	0	0	0	1	0	4.50	2.25	1.355458	4.852894	1.211891	19.355942
1413035751	1000	15	14	20	16	4	4	5	4	5	2	1	1	1	1	1	4.00	2.25	1.354652	4.848059	1.217594	19.540211
1413035752	1000	20	23	22	19	4	9	4	3	6	4	0	1	1	0	0	4.00	2.00	1.353846	4.852894	1.220446	19.583828
1413035753	1000	18	15	19	17	2	7	3	4	5	2	0	1	1	0	0	4.00	2.00	1.353846	4.851282	1.220446	19.594627
1413035754	1000	22	17	24	16	5	9	4	5	3	2	1	1	0	0	0	4.00	2.00	1.352235	4.849670	1.219020	19.567427
1413035755	1000	19	16	12	21	3	2	5	2	3	6	1	0	1	0	0	4.00	2.00	1.350623	4.849670	1.220446	19.605436
1413035756	1000	22	21	18	24	6	2	12	6	9	1	0	4	1	1	0	4.00	2.00	1.351429	4.846447	1.221871	19.665104
1413035757	1000	20	13	17	20	1	2	5	3	6	3	0	0	0	2	0	4.00	2.00	1.351429	4.849670	1.224723	19.719452
1413035758	1000	26	26	22	17	6	10	4	5	8	2	1	2	2	1	1	4.00	2.00	1.349817	4.849670	1.224723	19.719452
1413035759	1000	18	13	14	16	1	7	4	1	4	2	0	1	0	0	0	4.00	2.00	1.350623	4.849670	1.227574	19.795462
1413035760	1000	17	14	18	23	1	5	6	3	5	2	0	0	0	0	0	4.00	2.00	1.350623	4.852894	1.220446	19.583828
1413035761	1000	22	17	18	23	5	5	11	3	4	3	0	1	2	0	0	4.00	2.00	1.348205	4.846447	1.227574	19.817228
1413035762	1000	12	15	19	16	1	5	5	7	1	1	1	0	0	0	0	4.00	2.00	1.348205	4.848059	1.227574	19.806343
1413035763	1000	13	18	10	15	2	1	5	5	3	0	0	0	0	0	0	4.00	2.00	1.348205	4.849670	1.231851	19.909481
1413035764	1000	17	17	16	15	2	7	2	2	9	1	0	0	0	0	0	4.00	2.00	1.348205	4.849670	1.230426	19.871475
1413035765	1000	19	31	23	26	4	9	4	7	12	2	2	1	1	0	0	4.00	2.00	1.348205	4.851282	1.233277	19.936565
1413035766	1000	18	17	26	25	3	8	4	2	5	7	0	0	3	0	0	4.00	2.00	1.346593	4.846447	1.226148	19.779198
1413035767	1000	13	17	16	16	3	3	2	5	3	1	0	0	0	0	0	4.00	2.00	1.345788	4.849670	1.237555	20.061504
1413035768	1000	21	19	17	13	5	6	5	2	4	1	0	1	0	0	0	4.00	2.00	1.344176	4.846447	1.234703	20.007381
1413035769	1000	23	21	20	14	6	10	3	7	6	3	3	2	1	1	1	4.00	2.00	1.344176	4.849670	1.237555	20.061504
1413035770	1000	15	15	18	18	1	6	2	4	8	3	0	0	0	0	0	4.00	2.00	1.343370	4.843224	1.236129	20.067360
1413035771	1000	16	22	21	19	2	8	2	3	10	2	1	1	0	0	0	4.00	2.00	1.343370	4.844835	1.226148	19.790077
1413035772	1000	17	13	18	15	1	8	1	2	5	3	0	0	0	0	0	4.00	2.00	1.342564	4.848059	1.240406	20.148508
1413035773	1000	18	19	18	21	2	6	6	2	8	3	0	0	1	1	0	4.00	2.00	1.342564	4.848059	1.236129	20.034454
1413035774	1000	25	18	33	11	4	13	2	6	4	1	3	0	0	0	0	4.00	1.75	1.340953	4.844835	1.240406	20.170515
1413035775	1000	15	19	17	22	4	4	7	3	6	2	1	1	1	0	0	4.00	2.00	1.341758	4.848059	1.238980	20.110489
1413035776	1000	19	17	16	16	3	5	6	2	7	1	1	0	0	0	0	4.00	1.75	1.339341	4.844835	1.305991	21.920530
1413035777	1000	20	17	21	12	2	9	3	3	4	4	0	0	2	0	0	4.00	1.75	1.338535	4.841612	1.246109	20.344828
1413035778	1000	14	21	11	16	4	5	2	3	5	2	0	0	1	0	0	4.00	1.75	1.338535	4.843224	1.243258	20.257643
1413035779	1000	14	17	22	18	4	9	1	6	6	1	2	0	0	0	0	4.00	1.75	1.339341	4.846447	1.250386	20.425726
1413035780	1000	21	25	16	11	9	6	4	5	4	2	2	1	1	0	0	4.00	1.75	1.338535	4.846447	1.248960	20.387695
1413035781	1000	24	25	24	26	6	6	5	9	6	2	0	1	0	0	0	4.00	1.75	1.339341	4.849670	1.251812	20.441563
1413035782	1000	10	7	17	13	1	6	0	3	1	2	1	0	0	0	0	4.00	1.75	1.336117	4.841612	1.251812	20.497103
1413035783	1000	25	20	16	16	6	8	4	3	8	2	0	1	1	0	0	4.00	1.75	1.335311	4.841612	1.253238	20.535175
1413035784	1000	17	21	20	22	6	5	5	4	7	7	1	2	2	2	1	4.00	1.75	1.335311	4.844835	1.254664	20.550953
1413035785	1000	19	22	15	12	5	8	3	3	5	2	0	1	0	0	0	4.00	1.75	1.336117	4.846447	1.257515	20.615881
1413035786	1000	9	16	19	20	0	4	1	4	5	6	0	0	0	0	0	4.00	1.75	1.335311	4.843224	1.254664	20.562094
1413035787	1000	14	19	13	24	2	4	1	3	13	2	1	0	0	0	0	4.00	1.75	1.335311	4.841612	1.254664	20.573242
1413035788	1000	14	20	11	21	4	2	2	2	11	2	0	0	0	0	0	4.00	1.75	1.333700	4.841612	1.257515	20.649382
1413035789	1000	19	20	27	21	1	10	3	4	9	4	0	0	1	1	0	3.50	1.75	1.332894	4.843224	1.260367	20.714321
1413035790	1000	22	28	18	23	10	6	4	3	9	2	1	1	0	0	0	3.50	1.75	1.332894	4.844835	1.258941	20.665083
1413035791	1000	11	18	14	17	3	4	3	3	6	0	0	0	0	0	0	3.50	1.75	1.333700	4.846447	1.263218	20.768005
1413035792	1000	13	14	15	17	2	5	1	4	6	3	1	0	0	1	0	4.00	1.75	1.331282	4.841612	1.257515	20.649382
1413035793	1000	16	12	20	18	0	9	1	2	6	2	0	0	0	0	0	3.50	1.75	1.331282	4.840000	1.263218	20.812889
1413035794	1000	9	18	16	15	1	2	0	3	6	5	0	0	0	0	0	3.50	1.75	1.331282	4.843224	1.264644	20.828487
1413035795	1000	20	18	21	12	4	9	4	5	4	3	2	0	0	1	0	3.50	1.75	1.332088	4.843224	1.267495	20.904600
1413035796	1000	14	20	21	15	5	6	3	6	5	5	1	1	0	0	0	3.50	1.50	1.330476	4.844835	1.266070	20.855303
1413035797	1000	21	23	19	17	6	7	5	6	7	2	0	0	0	2	0	3.50	1.50	1.330476	4.844835	1.283179	21.311827
1413035798	1000	20	17	23	17	2	11	3	7	5	3	1	0	0	1	0	3.50	1.50	1.328865	4.838388	1.270347	21.014599
1413035799	1000	18	13	11	16	3	7	2	0	4	1	0	0	0	0	0	3.50	1.50	1.329670	4.843224	1.271773	21.018772
1413035800	1000	23	17	18	23	3	6	10	5	8	2	1	1	1	1	0	3.50	1.50	1.329670	4.841612	1.271773	21.030071
1413035801	1000	15	20	17	20	4	5	3	1	8	4	0	1	1	0	0	3.50	1.50	1.327253	4.840000	1.264644	20.850969
1413035802	1000	19	16	21	21	2	4	3	3	7	4	0	0	0	0	0	3.50	1.50	1.328059	4.844835	1.267495	20.893347
1413035803	1000	11	19	15	24	3	2	5	4	11	2	1	2	1	2	1	3.50	1.50	1.326447	4.838388	1.274624	21.128883
1413035804	1000	14	17	22	16	6	3	3	6	3	2	1	0	0	1	0	3.50	1.50	1.325641	4.840000	1.274624	21.117540
1413035805	1000	21	18	17	15	4	4	5	5	3	3	0	0	1	0	0	3.50	1.50	1.326447	4.843224	1.277476	21.170996
1413035806	1000	18	17	18	16	0	6	7	2	4	4	0	0	1	0	0	3.50	1.50	1.324835	4.838388	1.274624	21.128883
1413035807	1000	21	19	17	20	3	8	5	2	10	1	0	2	0	0	0	3.50	1.50	1.324835	4.838388	1.278901	21.243166
1413035808	1000	12	16	7	18	4	2	7	1	10	3	1	3	1	1	1	3.50	1.50	1.323224	4.836777	1.280327	21.292658
1413035809	1000	17	12	17	23	3	5	1	0	6	6	0	0	0	0	0	3.50	1.50	1.324029	4.841612	1.281753	21.296555
1413035810	1000	17	16	17	19	3	7	2	3	5	3	0	0	0	0	0	3.50	1.50	1.324029	4.838388	1.274624	21.128883
1413035811	1000	20	19	18	14	5	4	0	2	7	3	0	0	0	0	0	3.50	1.50	1.323224	4.840000	1.284604	21.384119
1413035812	1000	12	10	19	11	3	6	1	4	3	3	1	1	0	0	0	3.50	1.50	1.323224	4.840000	1.286030	21.422199
1413035813	1000	13	11	17	9	1	6	1	4	2	3	0	0	1	0	0	3.50	1.50	1.321612	4.836777	1.291733	21.597521
1413035814	1000	22	18	15	16	1	6	6	1	6	1	0	0	0	0	0	3.50	1.50	1.320806	4.835165	1.286030	21.456551
1413035815	1000	17	17	18	16	5	5	3	7	6	3	1	2	0	2	0	3.50	1.50	1.320000	4.836777	1.290307	21.559412
1413035816	1000	9	14	9	14	0	2	3	2	5	0	0	0	0	0	0	3.50	1.50	1.321612	4.843224	1.290307	21.513506
1413035817	1000	10	15	17	11	0	4	2	4	6	2	0	0	0	1	0	3.50	1.50	1.319194	4.840000	1.291733	21.574528
1413035818	1000	12	20	21	22	1	2	1	5	8	9	0	0	0	3	0	3.50	1.50	1.320000	4.835165	1.348763	23.133827
1413035819	1000	16	12	18	12	3	5	5	4	2	4	1	1	1	0	0	3.50	1.50	1.318388	4.838388	1.294585	21.662207
1413035820	1000	16	23	11	14	7	0	3	4	1	0	0	0	0	0	0	3.50	1.25	1.318388	4.841612	1.293159	21.601109
1413035821	1000	12	14	12	15	1	2	3	3	2	3	0	0	0	0	0	3.50	1.25	1.316777	4.838388	1.296010	21.700302
1413035822	1000	16	20	24	17	2	7	3	4	6	5	1	1	1	2	1	3.50	1.25	1.316777	4.840000	1.298862	21.764933
1413035823	1000	14	16	10	10	2	6	1	2	7	0	0	0	0	0	0	3.50	1.25	1.315971	4.840000	1.227574	19.860846
1413035824	1000	11	15	15	9	1	5	2	3	2	1	0	0	0	0	0	3.50	1.25	1.314359	4.835165	1.300288	21.837749
1413035825	1000	12	20	18	11	4	7	1	7	5	1	3	1	0	0	0	3.50	1.25	1.315165	4.836777	1.300288	21.826164
1413035826	1000	16	17	21	19	3	8	2	3	9	4	1	1	0	0	0	3.50	1.25	1.314359	4.835165	1.301713	21.875868
1413035827	1000	21	19	17	18	4	7	4	2	8	2	0	1	1	0	0	3.50	1.25	1.314359	4.838388	1.303139	21.890776
1413035828	1000	18	16	24	18	3	9	4	4	5	3	1	0	2	0	0	3.50	1.25	1.313553	4.836777	1.303139	21.902376
1413035829	1000	24	16	17	25	6	7	6	4	5	1	0	2	0	0	0	3.50	1.25	1.311942	4.833553	1.304565	21.963737
1413035830	1000	25	23	16	14	10	7	2	3	4	1	1	1	0	0	0	3.50	1.25	1.311942	4.835165	1.308842	22.066465
1413035831	1000	19	18	15	18	8	2	5	4	3	1	1	1	0	0	0	3.50	1.25	1.312747	4.840000	1.304565	21.917263
1413035832	1000	14	17	11	16	4	5	3	2	6	2	1	1	0	1	0	3.50	1.25	1.311136	4.838388	1.310268	22.081249
1413035833	1000	17	18	9	13	4	4	1	2	5	1	0	0	0	0	0	3.50	1.25	1.310330	4.831942	1.308842	22.089811
1413035834	1000	22	12	13	17	2	4	5	2	7	1	0	2	0	0	0	3.50	1.25	1.309524	4.831942	1.304565	21.975376
1413035835	1000	9	18	13	14	1	2	2	3	6	3	0	1	0	0	0	3.50	1.25	1.309524	4.835165	1.311694	22.142708
1413035836	1000	24	20	23	16	3	8	6	7	7	2	0	2	0	0	0	3.50	1.25	1.309524	4.836777	1.313119	22.169128
1413035838	1000	17	13	8	13	4	1	5	1	0	0	0	0	0	0	0	3.50	1.25	1.307912	4.835165	1.314545	22.218945
1413035839	1000	10	18	13	10	2	3	0	5	4	1	0	0	0	1	0	3.50	1.25	1.308718	4.838388	1.315971	22.233625
1413035840	1000	10	11	9	12	2	1	3	2	2	3	0	0	0	1	0	3.00	1.25	1.307106	4.828718	1.310268	22.151360
1413035841	1000	16	12	14	20	2	2	2	2	8	5	0	0	0	1	0	3.00	1.00	1.305495	4.828718	1.317397	22.342215
1413035842	1000	13	13	16	19	2	5	1	2	7	1	0	0	0	0	0	3.00	1.00	1.307106	4.836777	1.318823	22.321558
1413035843	1000	17	15	14	14	4	5	2	2	6	2	0	0	0	0	0	3.00	1.00	1.306301	4.833553	1.320248	22.383194
1413035844	1000	10	10	13	7	4	3	0	1	2	2	0	0	0	0	0	3.00	1.00	1.305495	4.833553	1.318823	22.345064
1413035845	1000	16	19	22	26	6	5	4	4	9	10	0	1	2	2	0	3.00	1.00	1.304689	4.833553	1.315971	22.268799
1413035846	1000	13	17	15	21	1	5	2	1	8	3	0	0	0	0	0	3.00	1.00	1.303883	4.831942	1.324525	22.509411
1413035847	1000	10	12	12	16	1	4	2	0	6	1	0	0	1	0	0	3.00	1.00	1.303883	4.833553	1.325951	22.535727
1413035848	1000	17	12	14	17	2	8	2	0	2	1	0	0	1	0	0	3.00	1.00	1.302271	4.831942	1.325951	22.547556
1413035849	1000	13	15	17	13	3	2	2	2	6	1	0	1	0	0	0	3.00	1.00	1.304689	4.836777	1.325951	22.512093
1413035850	1000	11	18	9	17	1	2	5	4	7	1	0	1	1	0	0	3.00	1.00	1.302271	4.831942	1.357318	23.386755
1413035851	1000	20	10	17	18	2	3	6	2	5	2	0	0	0	1	0	3.00	1.00	1.301465	4.828718	1.328803	22.647579
1413035852	1000	17	8	17	24	4	5	5	1	4	4	2	1	1	1	1	3.00	1.00	1.301465	4.831942	1.331654	22.700138
1413035853	1000	13	19	11	17	1	5	2	2	6	1	0	0	0	0	0	3.00	1.00	1.301465	4.833553	1.333080	22.726393
1413035854	1000	19	21	15	20	5	7	2	3	8	2	2	0	0	0	0	3.00	1.00	1.301465	4.835165	1.334506	22.752628
1413035855	1000	16	17	15	16	2	3	6	3	5	4	0	0	1	0	0	3.00	1.00	1.300659	4.831942	1.334506	22.776430
1413035856	1000	17	15	12	16	2	3	3	3	3	5	0	0	1	0	0	3.00	1.00	1.299048	4.831942	1.337357	22.852720
1413035857	1000	12	7	12	13	1	5	2	0	5	3	0	0	1	0	0	3.00	1.00	1.298242	4.830330	1.335932	22.826502
1413035858	1000	12	10	14	14	2	5	2	0	5	1	0	0	0	0	0	3.00	1.00	1.297436	4.831942	1.335932	22.814575
1413035859	1000	13	15	19	13	1	6	1	5	5	2	0	0	0	0	0	3.00	1.00	1.298242	4.833553	1.337357	22.840788
1413035860	1000	13	17	18	16	4	3	2	6	6	4	0	1	0	1	0	3.00	1.00	1.296630	4.825495	1.340209	22.976913
1413035861	1000	14	16	14	13	3	4	3	5	3	2	1	1	1	1	1	3.00	1.00	1.297436	4.825495	1.334506	22.824129
1413035862	1000	18	19	16	18	4	6	6	6	8	3	0	3	1	1	0	3.00	1.00	1.295824	4.828718	1.341635	22.991116
1413035863	1000	15	15	12	13	4	6	3	3	7	2	2	1	1	1	0	3.00	1.00	1.295824	4.830330	1.344486	23.055447
1413035864	1000	22	28	13	14	6	6	1	3	9	1	1	0	0	0	0	3.00	1.00	1.295824	4.831942	1.344486	23.043446
1413035865	1000	20	11	14	14	6	9	6	4	0	2	2	0	2	0	0	3.00	1.00	1.295824	4.835165	1.350189	23.171944
1413035866	1000	17	11	13	15	1	5	4	4	5	2	1	0	0	1	0	3.00	0.75	1.292601	4.827106	1.338783	22.926744
1413035867	1000	12	18	15	19	2	3	1	3	9	3	0	0	1	1	0	3.00	0.75	1.292601	4.827106	1.348763	23.194029
1413035868	1000	19	15	15	9	3	6	3	6	1	0	0	0	0	0	0	3.00	0.75	1.291795	4.830330	1.348763	23.169922
1413035869	1000	13	11	13	11	1	2	2	3	3	2	0	0	0	0	0	3.00	0.75	1.291795	4.830330	1.351615	23.246241
1413035870	1000	19	7	18	11	3	7	4	1	0	5	0	0	2	0	0	3.00	0.75	1.291795	4.830330	1.351615	23.246241
1413035871	1000	17	15	14	20	0	8	4	1	8	1	0	0	1	0	0	3.00	0.75	1.290183	4.827106	1.347338	23.155846
1413035872	1000	17	17	14	17	2	5	3	2	7	7	0	0	2	0	0	3.00	0.75	1.290183	4.828718	1.354466	23.334654
1413035873	1000	18	13	13	16	5	4	6	1	5	1	0	2	0	0	0	3.00	0.75	1.289377	4.828718	1.355892	23.372826
1413035874	1000	8	13	9	8	1	3	0	5	4	1	1	0	0	1	0	3.00	0.75	1.290989	4.833553	1.357318	23.374645
1413035875	1000	12	18	13	14	2	2	3	4	4	2	1	0	0	0	0	3.00	0.75	1.289377	4.831942	1.358744	23.424900
1413035876	1000	14	11	10	7	1	4	2	2	3	0	0	0	0	0	0	3.00	0.75	1.287766	4.827106	1.357318	23.423128
1413035877	1000	15	21	18	18	5	5	2	3	7	2	0	1	0	1	0	3.00	0.75	1.286960	4.822271	1.360169	23.536018
1413035878	1000	18	12	16	14	4	5	4	2	6	1	0	0	0	1	0	3.00	0.75	1.286960	4.825495	1.360169	23.511660
1413035879	1000	14	16	12	16	3	5	4	1	7	0	1	0	0	0	0	3.00	0.75	1.286960	4.828718	1.357318	23.410995
1413035880	1000	12	14	14	14	2	4	4	3	5	4	1	1	1	1	1	3.00	0.75	1.286154	4.825495	1.364447	23.626253
1413035881	1000	22	21	23	13	7	10	5	5	5	3	1	1	1	0	0	3.00	0.75	1.283736	4.822271	1.361595	23.574242
1413035882	1000	13	17	19	14	5	5	2	4	6	6	2	0	1	1	0	3.00	0.75	1.286154	4.827106	1.358744	23.461313
1413035883	1000	11	15	19	17	4	4	2	2	6	1	1	0	0	0	0	3.00	0.75	1.283736	4.823883	1.367298	23.714884
1413035884	1000	22	9	17	13	0	8	2	2	3	0	0	0	0	0	0	2.50	0.75	1.284542	4.827106	1.370150	23.766779
1413035885	1000	12	15	11	10	5	2	1	2	5	5	1	1	0	1	0	2.50	0.75	1.284542	4.827106	1.371575	23.804964
1413035886	1000	15	9	15	12	2	3	3	1	3	1	0	1	0	0	0	2.50	0.75	1.284542	4.828718	1.370150	23.754534
1413035887	1000	10	16	14	15	2	1	3	4	4	1	0	0	0	0	0	2.50	0.75	1.283736	4.822271	1.360169	23.536018
1413035888	1000	12	5	18	11	0	7	1	3	2	0	0	0	0	0	0	2.50	0.50	1.282125	4.823883	1.374427	23.905928
1413035889	1000	23	16	17	13	7	6	4	2	2	0	0	0	0	0	0	2.50	0.50	1.281319	4.823883	1.375853	23.944134
1413035890	1000	10	8	7	12	2	2	1	1	2	0	0	0	0	0	0	2.50	0.50	1.282125	4.825495	1.377278	23.970015
1413035891	1000	7	12	10	15	2	1	2	2	6	2	0	1	0	0	0	2.50	0.50	1.281319	4.825495	1.377278	23.970015
1413035892	1000	12	15	13	11	0	7	1	2	7	0	0	0	0	0	0	2.50	0.50	1.282125	4.825495	1.370150	23.779037
1413035893	1000	13	13	20	14	1	5	2	5	5	4	0	0	0	1	0	2.50	0.50	1.278901	4.819048	1.378704	24.057627
1413035894	1000	12	14	8	13	1	2	3	1	6	3	0	0	0	0	0	2.50	0.50	1.279707	4.823883	1.380130	24.058764
1413035895	1000	13	10	13	14	1	3	3	3	2	1	0	0	0	0	0	2.50	0.50	1.278901	4.825495	1.382981	24.122803
1413035896	1000	11	8	12	11	0	3	3	3	1	3	0	0	0	0	0	2.50	0.50	1.277290	4.820660	1.382981	24.159964
1413035897	1000	13	10	11	14	1	4	0	2	6	1	0	0	0	1	0	2.50	0.50	1.278095	4.822271	1.382981	24.147570
1413035898	1000	17	14	14	11	5	4	4	1	3	3	0	1	1	0	0	2.50	0.50	1.276484	4.820660	1.384407	24.198198
1413035899	1000	14	15	16	8	1	5	1	2	3	2	0	0	0	0	0	2.50	0.50	1.277290	4.825495	1.388684	24.275585
1413035900	1000	12	15	18	14	2	5	0	2	9	3	0	0	0	1	0	2.50	0.50	1.276484	4.823883	1.385833	24.211599
1413035901	1000	19	15	20	12	2	6	0	3	4	2	0	0	0	0	0	2.50	0.50	1.276484	4.825495	1.388684	24.275585
1413035902	1000	14	14	17	18	3	6	4	2	4	2	0	0	0	0	0	2.50	0.50	1.275678	4.825495	1.391536	24.351978
1413035903	1000	9	15	11	10	3	3	1	5	5	0	1	0	0	0	0	2.50	0.50	1.274066	4.822271	1.384407	24.185789
1413035904	1000	11	11	8	12	2	2	2	3	2	1	0	0	0	1	0	2.50	0.50	1.274066	4.823883	1.392962	24.402643
1413035905	1000	15	13	16	10	3	5	1	1	4	3	0	0	0	0	0	2.50	0.50	1.273260	4.822271	1.392962	24.415119
1413035906	1000	19	11	14	13	2	5	3	4	5	2	1	0	0	1	0	2.50	0.50	1.273260	4.825495	1.394387	24.428373
1413035907	1000	12	17	11	10	1	6	1	1	3	1	0	0	0	0	0	2.50	0.50	1.272454	4.822271	1.394387	24.453344
1413035908	1000	7	9	10	11	1	1	1	1	3	1	0	0	0	0	0	2.50	0.50	1.271649	4.822271	1.394387	24.453344
1413035909	1000	16	6	15	13	3	6	5	1	3	1	1	0	1	0	0	2.50	0.25	1.270037	4.820660	1.397239	24.542309
1413035910	1000	12	11	17	6	3	7	3	3	1	1	1	0	1	0	0	2.50	0.50	1.270037	4.819048	1.398665	24.593088
1413035911	1000	19	9	17	13	2	7	2	2	3	5	0	0	0	0	0	2.50	0.25	1.270843	4.825495	1.401516	24.619354
1413035912	1000	19	15	23	16	4	5	4	4	5	3	1	1	0	0	0	2.50	0.25	1.269231	4.819048	1.395813	24.516594
1413035913	1000	14	14	17	13	2	7	2	1	6	2	0	1	0	0	0	2.50	0.25	1.269231	4.819048	1.395813	24.516594
1413035914	1000	14	18	18	10	2	8	0	5	4	2	1	0	0	0	0	2.50	0.25	1.267619	4.817436	1.402942	24.720423
1413035915	1000	9	9	6	12	2	2	4	1	3	1	0	1	0	0	0	2.50	0.25	1.269231	4.823883	1.405793	24.746525
1413035916	1000	17	20	20	14	3	6	3	6	5	1	0	0	0	0	0	2.50	0.25	1.266813	4.819048	1.405793	24.784325
1413035917	1000	19	12	17	12	1	9	3	2	6	2	0	0	1	0	0	2.50	0.25	1.266813	4.820660	1.407219	24.809950
1413035918	1000	20	9	20	22	2	5	8	3	4	4	0	1	0	1	0	2.50	0.25	1.266007	4.814213	1.405793	24.822199
1413035919	1000	9	15	15	21	1	7	0	0	9	2	0	0	0	0	0	2.50	0.25	1.266007	4.817436	1.408645	24.873463
1413035920	1000	13	17	18	14	5	6	3	3	8	3	2	2	1	1	0	2.50	0.25	1.265202	4.820660	1.411497	24.924660
1413035921	1000	13	12	20	10	0	10	2	4	5	2	0	0	0	1	0	2.50	0.25	1.263590	4.810989	1.411497	25.000748
1413035922	1000	11	18	13	21	3	2	4	3	8	3	0	0	0	0	0	2.50	0.25	1.264396	4.817436	1.412922	24.988245
1413035923	1000	18	24	15	14	4	5	2	6	10	1	0	1	0	0	0	2.50	0.25	1.264396	4.814213	1.415774	25.090204
1413035924	1000	11	15	9	11	4	3	1	2	4	2	0	1	0	0	0	2.50	0.25	1.265202	4.817436	1.408645	24.873463
1413035925	1000	10	18	9	13	1	1	1	3	8	0	0	0	0	0	0	2.00	0.25	1.263590	4.817436	1.417199	25.103027
1413035926	1000	10	7	18	12	0	6	1	1	3	5	0	0	0	0	0	2.00	0.25	1.261978	4.815825	1.415774	25.077482
1413035927	1000	13	18	18	12	2	8	4	4	5	4	2	1	1	2	1	2.00	0.25	1.261978	4.817436	1.420051	25.179544
1413035928	1000	11	22	14	15	2	5	1	4	7	4	0	0	1	1	0	2.00	0.25	1.261172	4.819048	1.420051	25.166800
1413035929	1000	7	13	19	15	0	5	1	3	7	4	0	0	1	0	0	2.00	0.25	1.261172	4.815825	1.422902	25.268845
1413035930	1000	11	15	17	13	2	4	1	3	4	2	0	0	0	0	0	2.00	0.00	1.258755	4.814213	1.424328	25.319918
1413035931	1000	10	12	14	14	0	3	1	0	5	5	0	0	0	0	0	2.00	0.00	1.259561	4.817436	1.424328	25.294325
1413035932	1000	18	15	13	15	3	5	3	3	6	1	2	0	1	0	0	2.00	0.00	1.258755	4.814213	1.422902	25.281633
1413035933	1000	13	8	18	13	1	3	3	2	3	4	0	0	0	0	0	2.00	0.00	1.259561	4.819048	1.430031	25.434534
1413035934	1000	13	10	16	11	2	8	1	1	1	2	1	0	0	0	0	2.00	0.00	1.256337	4.814213	1.425754	25.358204
1413035935	1000	16	16	12	13	0	7	0	1	9	0	0	0	0	0	0	2.00	0.00	1.257143	4.812601	1.428606	25.447628
1413035936	1000	15	11	15	10	0	8	3	5	4	2	0	0	1	0	0	2.00	0.00	1.257143	4.817436	1.430031	25.447369
1413035937	1000	20	17	16	15	2	9	2	1	9	0	0	0	0	0	0	2.00	0.00	1.257143	4.817436	1.431457	25.485628
1413035938	1000	14	14	13	10	1	5	1	2	4	2	0	0	0	0	0	2.00	0.00	1.256337	4.815825	1.431457	25.498484
1413035939	1000	13	19	14	13	3	4	0	1	6	2	0	0	0	0	0	2.00	0.00	1.254725	4.812601	1.432883	25.562521
1413035940	1000	17	13	13	17	2	7	4	0	6	2	0	1	0	0	0	2.00	0.00	1.254725	4.814213	1.435734	25.626205
1413035941	1000	15	18	12	16	4	7	5	3	8	1	1	2	0	0	0	2.00	0.00	1.254725	4.814213	1.437160	25.664490
1413035942	1000	18	21	16	10	4	7	1	3	5	1	1	0	0	1	0	2.00	0.00	1.253919	4.814213	1.438586	25.702776
1413035943	1000	12	14	11	14	3	5	3	2	8	3	0	1	1	1	0	2.00	0.00	1.252308	4.810989	1.437160	25.690353
1413035944	1000	13	15	13	10	3	6	0	4	6	1	1	0	0	0	0	2.00	0.00	1.253919	4.820660	1.440012	25.689348
1413035945	1000	7	10	12	12	0	1	0	1	5	0	0	0	0	0	0	2.00	0.00	1.252308	4.810989	1.437160	25.690353
1413035946	1000	9	13	14	15	3	5	3	2	5	6	1	1	2	0	0	2.00	0.00	1.251502	4.812601	1.442863	25.830614
1413035947	1000	16	12	9	12	5	2	2	0	3	1	0	0	0	0	0	2.00	0.00	1.250696	4.812601	1.442863	25.830614
1413035948	1000	12	15	15	23	3	5	4	1	8	3	0	1	0	0	0	2.00	0.00	1.249890	4.814213	1.447140	25.932491
1413035949	1000	11	11	15	13	1	2	3	2	2	5	0	0	1	0	0	2.00	0.00	1.249084	4.810989	1.445715	25.920221
1413035950	1000	9	12	15	13	3	2	2	5	3	3	0	2	0	0	0	2.00	0.00	1.249084	4.815825	1.440012	25.728119
1413035951	1000	6	17	16	13	2	2	2	6	5	1	1	0	0	0	0	2.00	0.00	1.247473	4.814213	1.449992	26.009064
1413035952	1000	9	15	11	8	3	4	1	2	2	1	0	0	0	0	0	2.00	0.00	1.247473	4.810989	1.448566	25.996841
1413035953	1000	14	15	18	13	1	7	3	6	6	4	1	1	2	3	1	2.00	0.00	1.246667	4.810989	1.449992	26.035154
1413035954	1000	12	7	14	13	1	4	4	3	2	2	0	0	0	1	0	2.00	-0.25	1.245861	4.810989	1.448566	25.996841
1413035955	1000	11	14	11	9	2	3	2	4	2	0	0	0	0	0	0	2.00	-0.25	1.245861	4.809377	1.444289	25.894915
1413035956	1000	8	11	13	15	2	3	2	1	8	1	0	1	0	0	0	2.00	-0.25	1.244249	4.809377	1.454269	26.163185
1413035957	1000	15	13	14	17	2	6	2	3	6	3	0	0	0	1	0	2.00	-0.25	1.243443	4.807765	1.452843	26.137951
1413035958	1000	15	17	16	20	2	6	3	2	9	1	0	0	0	1	0	2.00	-0.25	1.244249	4.810989	1.455695	26.188400
1413035959	1000	15	16	12	15	5	7	3	1	5	2	1	1	2	1	1	2.00	-0.25	1.244249	4.810989	1.455695	26.188400
1413035960	1000	12	15	10	6	3	3	0	4	2	2	0	0	0	1	0	2.00	-0.25	1.244249	4.806154	1.457121	26.266102
1413035961	1000	14	7	14	9	1	5	2	2	2	1	0	0	0	0	0	2.00	-0.25	1.241026	4.806154	1.459972	26.342806
1413035962	1000	16	9	13	9	3	6	1	1	5	1	0	1	0	0	0	2.00	-0.25	1.241026	4.810989	1.459972	26.303337
1413035963	1000	7	3	6	5	1	2	1	0	2	0	0	0	0	0	0	1.50	-0.25	1.241026	4.812601	1.462824	26.366796
1413035964	1000	5	10	13	10	1	1	1	4	4	4	1	0	0	1	0	1.50	-0.25	1.240220	4.807765	1.462824	26.406313
1413035965	1000	7	10	9	11	1	3	1	2	4	2	0	0	0	0	0	1.50	-0.25	1.241026	4.809377	1.465675	26.469782
1413035966	1000	13	12	15	7	1	7	0	1	3	0	0	0	0	0	0	1.50	-0.25	1.239414	4.806154	1.455695	26.227751
1413035967	1000	10	6	11	10	2	4	2	1	2	2	1	0	1	0	0	1.50	-0.25	1.236996	4.807765	1.467101	26.521326
1413035968	1000	14	12	15	14	2	6	1	1	5	2	0	1	0	0	0	1.50	-0.25	1.237802	4.806154	1.465675	26.496206
1413035969	1000	13	11	14	9	1	6	2	0	1	1	0	0	0	0	0	1.50	-0.25	1.238608	4.807765	1.468527	26.559662
1413035970	1000	13	13	4	14	3	1	3	1	8	1	0	1	0	0	0	1.50	-0.25	1.237802	4.809377	1.467101	26.508106
1413035971	1000	10	6	7	11	1	2	4	1	3	2	0	1	0	0	0	1.50	-0.50	1.236191	4.810989	1.462824	26.379961
1413035972	1000	14	13	7	15	3	3	2	1	7	2	0	1	0	0	0	1.50	-0.25	1.235385	4.804542	1.472804	26.701242
1413035973	1000	8	6	14	16	1	4	2	3	1	2	1	0	0	0	0	1.50	-0.50	1.235385	4.806154	1.472804	26.687954
1413035974	1000	16	15	11	10	4	4	4	3	1	0	1	0	0	0	0	1.50	-0.50	1.235385	4.807765	1.475655	26.751348
1413035975	1000	7	18	8	15	2	1	2	3	7	0	0	0	0	0	0	1.50	-0.50	1.233773	4.809377	1.475655	26.738052
1413035976	1000	10	11	14	9	1	2	1	1	5	2	0	0	0	1	0	1.50	-0.50	1.232967	4.809377	1.478507	26.814699
1413035977	1000	11	7	13	8	2	4	3	1	2	0	1	1	0	0	0	1.50	-0.50	1.232967	4.802930	1.475655	26.791294
1413035978	1000	12	19	12	15	1	4	2	3	6	2	0	0	0	0	0	1.50	-0.50	1.230549	4.801319	1.479933	26.919794
1413035979	1000	12	10	10	14	2	4	3	2	3	2	1	0	0	0	0	1.50	-0.50	1.229744	4.801319	1.479933	26.919794
1413035980	1000	10	11	11	9	2	1	2	3	2	2	0	0	0	1	0	1.50	-0.50	1.231355	4.807765	1.482784	26.943033
1413035981	1000	11	11	4	12	0	0	0	1	4	3	0	0	0	1	0	1.50	-0.50	1.231355	4.806154	1.482784	26.956404
1413035982	1000	7	11	19	16	1	3	0	4	7	5	0	0	0	2	0	1.50	-0.50	1.230549	4.806154	1.475655	26.764654
1413035983	1000	8	13	7	10	1	1	1	2	5	0	0	0	0	0	0	1.50	-0.50	1.229744	4.804542	1.484210	27.008144
1413035984	1000	13	14	11	8	6	3	2	1	2	1	0	1	0	0	0	1.50	-0.50	1.228938	4.802930	1.484210	27.021545
1413035985	1000	7	10	6	14	2	2	3	0	7	1	0	1	0	0	0	1.50	-0.50	1.227326	4.802930	1.485636	27.059921
1413035986	1000	11	16	15	17	2	4	4	3	6	2	0	1	1	0	0	1.50	-0.50	1.228132	4.802930	1.488487	27.136675
1413035987	1000	9	14	9	8	3	5	0	1	2	3	0	0	0	0	0	1.50	-0.50	1.226520	4.798095	1.479933	26.946562
1413035988	1000	9	7	16	5	1	5	2	5	1	1	1	0	1	0	0	1.50	-0.50	1.226520	4.802930	1.492764	27.251802
1413035989	1000	13	13	14	5	4	7	1	3	2	2	0	0	1	1	0	1.50	-0.50	1.224908	4.799707	1.487061	27.125177
1413035990	1000	12	17	10	16	4	4	2	2	6	2	0	0	0	0	0	1.50	-0.75	1.224908	4.802930	1.494190	27.290176
1413035991	1000	19	12	17	7	1	9	0	1	1	0	0	0	0	0	0	1.50	-0.50	1.226520	4.807765	1.494190	27.249733
1413035992	1000	21	9	13	12	3	5	2	1	4	2	0	0	1	0	0	1.50	-0.75	1.223297	4.804542	1.548369	28.734476
1413035993	1000	10	8	11	13	1	3	1	0	3	4	0	0	0	0	0	1.50	-0.75	1.221685	4.799707	1.494190	27.317188
1413035994	1000	8	16	14	21	1	3	4	5	6	3	1	0	0	1	0	1.50	-0.75	1.222491	4.801319	1.495616	27.342066
1413035995	1000	9	12	8	11	2	4	0	0	6	1	0	0	0	0	0	1.50	-0.75	1.223297	4.801319	1.497042	27.380453
1413035996	1000	9	11	16	11	1	5	1	3	2	3	0	1	0	0	0	1.50	-0.75	1.223297	4.804542	1.502745	27.506863
1413035997	1000	17	23	17	16	1	9	2	3	10	2	0	0	0	0	0	1.50	-0.75	1.222491	4.802930	1.492764	27.251802
1413035998	1000	15	11	15	16	1	7	3	2	5	4	1	0	0	0	0	1.50	-0.75	1.221685	4.801319	1.504170	27.572397
1413035999	1000	11	9	14	7	3	4	0	2	4	0	2	0	0	0	0	1.50	-0.75	1.221685	4.801319	1.502745	27.534008
1413036000	1000	11	12	12	12	5	4	4	1	2	1	1	1	1	0	0	1.50	-0.75	1.220073	4.799707	1.505596	27.624399
1413036001	1000	12	13	9	8	3	5	0	1	2	1	0	0	0	1	0	1.50	-0.75	1.220073	4.801319	1.505596	27.610788
1413036002	1000	9	8	7	11	0	1	1	1	4	1	0	0	0	0	0	1.50	-0.75	1.220073	4.804542	1.505596	27.583588
1413036003	1000	9	11	6	9	2	2	3	1	1	1	0	0	1	0	0	1.50	-0.75	1.218462	4.796484	1.507022	27.690081
1413036004	1000	10	17	8	7	2	2	1	3	3	1	0	0	0	0	0	1.50	-0.75	1.219267	4.801319	1.509874	27.725952
1413036005	1000	9	11	7	10	3	2	2	2	2	2	0	0	0	0	0	1.50	-0.75	1.218462	4.799707	1.512725	27.816408
1413036006	1000	7	13	10	9	1	3	1	2	5	1	0	0	0	0	0	1.50	-0.75	1.217656	4.798095	1.511299	27.791679
1413036007	1000	7	12	6	9	5	1	1	2	3	1	1	0	0	0	0	1.50	-0.75	1.218462	4.799707	1.515576	27.893209
1413036008	1000	14	16	7	11	4	4	2	1	6	2	1	1	0	0	0	1.50	-0.75	1.216850	4.798095	1.514151	27.868505
1413036009	1000	10	10	12	11	3	5	0	2	3	2	1	0	0	0	0	1.50	-0.75	1.217656	4.802930	1.515576	27.865812
1413036010	1000	9	10	8	10	0	2	2	0	6	0	0	0	0	0	0	1.50	-0.75	1.216850	4.801319	1.518428	27.956284
1413036011	1000	12	13	11	17	1	5	6	4	5	3	1	1	2	2	1	1.50	-0.75	1.214432	4.794872	1.518428	28.011251
1413036012	1000	11	9	8	7	3	2	0	1	2	0	0	0	0	0	0	1.00	-0.75	1.215238	4.798095	1.518428	27.983747
1413036013	1000	10	11	10	9	2	3	2	1	4	1	0	1	0	0	0	1.00	-0.75	1.214432	4.793260	1.562626	29.217066
1413036014	1000	10	14	7	12	4	1	0	4	7	4	1	0	0	2	0	1.00	-1.00	1.213626	4.796484	1.519854	28.035923
1413036015	1000	12	7	9	11	1	2	3	1	2	1	0	0	1	0	0	1.00	-1.00	1.212015	4.794872	1.522705	28.126574
1413036016	1000	16	11	14	13	3	2	4	2	3	4	0	0	0	0	0	1.00	-1.00	1.211209	4.796484	1.522705	28.112782
1413036017	1000	12	13	9	16	2	4	4	1	6	2	0	2	1	0	0	1.00	-1.00	1.212015	4.799707	1.524131	28.123617
1413036018	1000	13	7	10	9	3	4	2	0	2	2	0	0	0	0	0	1.00	-1.00	1.211209	4.796484	1.518428	27.997496
1413036019	1000	14	13	12	9	6	5	3	3	4	2	1	1	1	1	1	1.00	-1.00	1.210403	4.793260	1.526983	28.255739
1413036020	1000	10	9	9	15	0	4	2	1	6	1	0	0	0	0	0	1.00	-1.00	1.209597	4.794872	1.526983	28.241894
1413036021	1000	8	15	11	16	1	1	2	2	6	3	0	1	0	0	0	1.00	-1.00	1.210403	4.798095	1.531260	28.329477
1413036022	1000	9	16	13	15	1	5	2	3	3	4	1	0	1	1	0	1.00	-1.00	1.208791	4.796484	1.525557	28.189632
1413036023	1000	11	16	7	8	5	2	1	2	4	0	1	0	0	0	0	1.00	-1.00	1.208791	4.794872	1.524131	28.165014
1413036024	1000	13	10	9	7	1	2	1	2	4	0	0	0	0	0	0	1.00	-1.00	1.207985	4.794872	1.534111	28.434093
1413036025	1000	11	13	11	9	2	3	2	3	3	1	0	0	0	0	0	1.00	-1.00	1.206374	4.793260	1.532686	28.409550
1413036026	1000	6	11	15	13	3	3	1	3	8	5	1	1	0	1	0	1.00	-1.00	1.207180	4.794872	1.536963	28.510979
1413036027	1000	8	10	11	13	1	3	2	3	4	0	0	0	0	0	0	1.00	-1.00	1.206374	4.796484	1.535537	28.458624
1413036028	1000	9	9	9	8	3	2	1	2	1	1	0	0	0	0	0	1.00	-1.00	1.204762	4.794872	1.536963	28.510979
1413036029	1000	14	11	15	8	1	8	0	2	7	2	0	0	0	1	0	1.00	-1.00	1.203956	4.791648	1.541240	28.654253
1413036030	1000	12	14	8	10	5	3	1	3	5	1	2	0	0	0	0	1.00	-1.00	1.204762	4.794872	1.541240	28.626297
1413036031	1000	11	11	11	13	2	3	2	3	4	1	0	1	0	0	0	1.00	-1.25	1.203150	4.791648	1.538389	28.577322
1413036032	1000	7	14	10	9	3	2	1	3	5	1	1	0	0	1	0	1.00	-1.25	1.202344	4.793260	1.541240	28.640272
1413036033	1000	5	9	4	12	1	0	3	1	4	0	0	0	0	0	0	1.00	-1.25	1.201538	4.788425	1.544092	28.759230
1413036034	1000	14	8	12	8	3	2	1	1	3	2	1	0	0	0	0	1.00	-1.25	1.200733	4.788425	1.536963	28.566769
1413036035	1000	8	4	9	8	1	4	1	0	2	0	0	0	0	0	0	1.00	-1.25	1.199927	4.791648	1.545517	28.769650
1413036036	1000	8	10	10	14	0	2	2	2	7	0	0	0	0	0	0	1.00	-1.25	1.199927	4.793260	1.546943	28.794083
1413036037	1000	7	15	10	15	1	1	4	4	6	0	0	0	0	0	0	1.00	-1.25	1.200733	4.794872	1.545517	28.741617
1413036038	1000	13	12	11	13	1	6	2	1	6	0	0	0	0	0	0	1.00	-1.25	1.198315	4.790037	1.546943	28.822159
1413036039	1000	17	12	10	14	2	3	5	0	5	0	0	0	0	0	0	1.00	-1.25	1.199121	4.791648	1.538389	28.577322
1413036040	1000	10	12	8	11	3	5	4	2	3	2	1	1	1	0	0	1.00	-1.25	1.198315	4.788425	1.549795	28.913195
1413036041	1000	17	13	12	14	3	5	2	1	5	4	0	0	0	0	0	1.00	-1.25	1.199121	4.791648	1.552646	28.961979
1413036042	1000	11	11	14	6	5	2	2	1	3	1	0	1	0	0	0	1.00	-1.25	1.198315	4.790037	1.554072	29.014555
1413036043	1000	8	8	12	8	1	3	3	3	2	0	1	0	0	0	0	1.00	-1.25	1.197509	4.790037	1.555498	29.053036
1413036044	1000	14	10	14	12	2	5	4	4	2	2	1	0	1	0	0	1.00	-1.25	1.196703	4.786813	1.549795	28.927282
1413036045	1000	8	9	7	12	3	2	3	2	3	3	2	1	1	1	1	1.00	-1.25	1.195897	4.791648	1.558349	29.115845
1413036046	1000	9	6	7	10	1	2	2	2	2	4	0	0	0	1	0	1.00	-1.25	1.195092	4.788425	1.559775	29.182638
1413036047	1000	6	13	9	9	3	2	1	4	5	1	1	1	0	0	0	1.00	-1.25	1.194286	4.788425	1.558349	29.144148
1413036048	1000	11	11	7	11	2	2	4	1	2	0	0	0	0	0	0	1.00	-1.25	1.194286	4.791648	1.564052	29.269711
1413036049	1000	7	17	9	14	2	2	1	3	8	4	0	1	0	1	0	1.00	-1.25	1.193480	4.786813	1.562626	29.273829
1413036050	1000	7	8	5	13	1	0	1	3	3	0	0	0	0	0	0	0.50	-1.25	1.191062	4.785202	1.562626	29.288040
1413036051	1000	11	14	11	15	0	2	4	3	6	1	0	0	0	0	0	1.00	-1.50	1.191062	4.788425	1.566904	29.375099
1413036052	1000	13	9	17	7	0	7	1	1	3	1	0	0	0	0	0	0.50	-1.50	1.191062	4.790037	1.559775	29.168470
1413036053	1000	10	11	9	12	2	4	4	2	3	3	1	0	2	0	0	0.50	-1.50	1.191062	4.788425	1.571181	29.490576
1413036054	1000	6	16	10	6	5	1	1	3	3	1	1	1	0	0	0	0.50	-1.50	1.190256	4.788425	1.568329	29.413589
1413036055	1000	7	11	10	10	2	2	1	1	4	2	0	0	1	0	0	0.50	-1.50	1.189451	4.790037	1.564052	29.283907
1413036056	1000	6	8	7	15	0	1	3	3	3	1	0	0	0	1	0	0.50	-1.50	1.188645	4.783590	1.571181	29.533449
1413036057	1000	7	8	17	7	1	3	1	1	0	5	0	0	0	0	0	0.50	-1.50	1.189451	4.790037	1.574032	29.553263
1413036058	1000	7	7	8	8	0	1	2	1	3	1	0	0	0	0	0	0.50	-1.50	1.188645	4.785202	1.571181	29.519148
1413036059	1000	10	8	8	6	0	3	0	1	2	2	0	0	0	0	0	0.50	-1.50	1.187839	4.786813	1.574032	29.581867
1413036060	1000	11	10	12	13	0	4	3	3	5	0	0	0	0	1	0	0.50	-1.50	1.188645	4.786813	1.569755	29.466354
1413036061	1000	8	11	5	18	1	2	1	0	7	0	0	0	0	0	0	0.50	-1.50	1.187033	4.785202	1.578310	29.711739
1413036062	1000	6	9	7	6	2	1	1	4	1	0	1	0	0	0	0	0.50	-1.50	1.186227	4.786813	1.579735	29.735888
1413036063	1000	9	8	12	8	1	3	1	2	4	3	0	0	1	1	0	0.50	-1.50	1.186227	4.785202	1.579735	29.750257
1413036064	1000	8	5	11	8	0	4	0	1	2	3	0	0	0	0	0	0.50	-1.50	1.185421	4.785202	1.582587	29.827290
1413036065	1000	6	8	12	12	1	3	2	3	2	2	1	0	0	0	0	0.50	-1.50	1.186227	4.785202	1.581161	29.788773
1413036066	1000	11	11	9	7	2	3	1	2	4	1	0	0	0	1	0	0.50	-1.50	1.183810	4.781978	1.582587	29.856112
1413036067	1000	7	8	10	9	1	1	1	2	3	2	0	0	0	0	0	0.50	-1.50	1.183004	4.785202	1.584013	29.865808
1413036068	1000	10	11	10	8	2	5	0	2	3	2	0	0	0	1	0	0.50	-1.50	1.184615	4.786813	1.581161	29.774391
1413036069	1000	7	7	9	10	1	2	2	0	2	0	0	0	0	0	0	0.50	-1.50	1.183004	4.785202	1.588290	29.981365
1413036070	1000	6	10	14	8	1	2	1	2	4	0	0	0	0	0	0	0.50	-1.50	1.183004	4.778755	1.588290	30.039255
1413036071	1000	15	10	11	9	2	2	2	4	3	0	1	0	0	0	0	0.50	-1.50	1.182198	4.778755	1.582587	29.884970
1413036072	1000	12	10	14	14	0	6	2	2	3	2	0	0	0	0	0	0.50	-1.50	1.180586	4.780366	1.591141	30.101883
1413036073	1000	13	12	8	11	4	2	3	2	4	0	0	1	0	0	0	0.50	-1.50	1.181392	4.785202	1.592567	30.096920
1413036074	1000	6	5	9	11	0	3	0	2	3	1	0	0	0	0	0	0.50	-1.75	1.180586	4.783590	1.595419	30.188477
1413036075	1000	9	14	14	12	1	3	1	2	6	3	0	0	1	0	0	0.50	-1.75	1.178169	4.780366	1.593993	30.178995
1413036076	1000	7	13	7	6	3	1	0	0	3	2	0	0	0	0	0	0.50	-1.75	1.177363	4.780366	1.585438	29.947655
1413036077	1000	9	6	9	12	2	5	2	1	1	2	1	0	1	0	0	0.50	-1.75	1.176557	4.775531	1.595419	30.261234
1413036078	1000	11	14	11	9	3	3	2	3	5	1	0	1	0	1	0	0.50	-1.75	1.177363	4.783590	1.596844	30.227007
1413036079	1000	8	16	11	6	2	3	0	5	4	0	0	0	0	0	0	0.50	-1.75	1.177363	4.780366	1.599696	30.333221
1413036080	1000	8	9	6	9	1	4	1	0	8	0	0	1	0	0	0	0.50	-1.75	1.177363	4.780366	1.602548	30.410336
1413036081	1000	4	11	5	13	2	0	2	2	6	0	0	1	0	0	0	0.50	-1.75	1.177363	4.781978	1.598270	30.280098
1413036082	1000	17	6	9	14	2	3	4	0	3	0	0	0	0	0	0	0.50	-1.75	1.175751	4.777143	1.599696	30.362410
1413036083	1000	3	5	7	7	1	1	1	1	1	0	0	0	0	0	0	0.50	-1.75	1.176557	4.781978	1.603973	30.434271
1413036085	1000	15	9	14	13	4	4	1	0	3	2	0	0	0	0	0	0.50	-1.75	1.175751	4.780366	1.606825	30.526003
1413036086	1000	10	10	3	14	4	1	2	0	5	0	0	1	0	0	0	0.50	-1.75	1.175751	4.778755	1.603973	30.463522
1413036087	1000	14	9	13	10	3	4	1	2	4	1	1	0	0	0	0	0.50	-1.75	1.174139	4.780366	1.608250	30.564562
1413036088	1000	9	8	8	9	1	6	1	1	2	0	0	0	0	0	0	0.50	-1.75	1.174945	4.778755	1.606825	30.540659
1413036089	1000	6	10	10	9	2	1	2	2	2	1	1	0	0	0	0	0.50	-1.75	1.175751	4.783590	1.609676	30.573784
1413036090	1000	8	7	10	5	1	4	3	2	2	0	0	1	0	0	0	0.50	-1.75	1.173333	4.777143	1.611102	30.671072
1413036091	1000	7	10	13	18	2	2	3	3	6	5	0	1	1	1	0	0.50	-1.75	1.173333	4.775531	1.611102	30.685787
1413036092	1000	6	8	11	4	2	2	0	2	1	2	0	0	0	0	0	0.50	-1.75	1.172528	4.778755	1.613953	30.733509
1413036093	1000	9	11	10	12	2	2	1	3	6	3	1	1	1	1	1	0.50	-1.75	1.172528	4.777143	1.638191	31.404152
1413036094	1000	8	11	8	10	3	4	1	1	5	2	1	1	0	0	0	0.50	-1.75	1.170916	4.775531	1.615379	30.801573
1413036095	1000	9	12	2	4	3	1	0	0	2	0	0	0	0	0	0	0.50	-1.75	1.170916	4.775531	1.615379	30.801573
1413036096	1000	13	7	11	13	3	3	4	2	2	1	0	1	1	0	0	0.50	-1.75	1.171722	4.778755	1.618231	30.849220
1413036097	1000	4	5	4	9	0	2	1	0	3	0	0	0	0	0	0	0.50	-2.00	1.169304	4.775531	1.619657	30.917366
1413036098	1000	8	10	11	6	4	2	1	4	1	0	0	0	0	0	0	0.50	-2.00	1.167692	4.777143	1.690944	32.831718
1413036099	1000	11	6	7	7	2	3	2	1	3	2	1	1	1	1	1	0.00	-2.00	1.166886	4.772308	1.621082	30.985603
1413036100	1000	9	8	9	8	1	2	0	2	1	2	0	0	0	0	0	0.00	-2.00	1.167692	4.777143	1.623934	31.018320
1413036101	1000	11	7	9	11	1	3	4	3	2	2	0	1	0	0	0	0.00	-2.00	1.166886	4.773920	1.625360	31.086603
1413036102	1000	7	10	9	5	0	2	1	2	3	1	0	0	0	1	0	0.00	-2.00	1.166886	4.777143	1.626785	31.095486
1413036103	1000	15	13	15	7	4	6	1	4	2	1	0	0	0	0	0	0.00	-2.00	1.166081	4.767473	1.625360	31.146120
1413036104	1000	6	9	4	8	2	1	0	0	2	0	0	0	0	0	0	0.00	-2.00	1.165275	4.769084	1.625360	31.131227
1413036105	1000	10	9	13	6	2	3	2	4	2	1	0	0	0	1	0	0.00	-2.00	1.165275	4.772308	1.629637	31.217331
1413036106	1000	12	10	15	7	3	7	1	3	3	1	0	0	1	0	0	0.00	-2.00	1.166081	4.772308	1.631063	31.255955
1413036107	1000	10	14	9	17	1	3	0	0	9	3	0	0	0	0	0	0.00	-2.00	1.165275	4.772308	1.629637	31.217331
1413036108	1000	6	7	8	10	1	2	0	0	2	1	0	0	0	0	0	0.00	-2.00	1.165275	4.775531	1.633914	31.303328
1413036109	1000	9	10	12	9	1	3	2	3	5	0	0	1	0	0	0	0.00	-2.00	1.164469	4.777143	1.629637	31.172651
1413036110	1000	10	8	4	6	5	3	0	2	1	0	1	0	0	0	0	0.00	-2.00	1.162857	4.775531	1.636766	31.380518
1413036111	1000	11	8	6	7	2	5	0	0	3	0	0	0	0	0	0	0.00	-2.00	1.162051	4.772308	1.638191	31.449068
1413036112	1000	9	12	10	8	6	4	2	3	3	0	2	1	0	0	0	0.00	-2.00	1.162051	4.775531	1.638191	31.419113
1413036113	1000	14	11	16	10	5	5	0	2	5	2	1	0	0	0	0	0.00	-2.00	1.161245	4.773920	1.638191	31.434086
1413036114	1000	3	9	6	9	0	1	0	2	3	1	0	0	0	0	0	0.00	-2.00	1.161245	4.773920	1.632488	31.279650
1413036115	1000	14	8	10	11	3	5	3	2	3	2	1	1	0	0	0	0.00	-2.00	1.160440	4.769084	1.639617	31.517710
1413036116	1000	6	9	6	8	0	1	0	2	6	1	0	0	0	1	0	0.00	-2.00	1.159634	4.770696	1.642469	31.579964
1413036117	1000	13	11	10	9	4	6	0	0	4	1	0	0	0	0	0	0.00	-2.25	1.159634	4.775531	1.648172	31.689285
1413036118	1000	11	13	10	14	3	5	4	2	5	1	0	1	1	0	0	0.00	-2.25	1.158828	4.770696	1.646746	31.695868
1413036119	1000	10	13	12	13	1	3	3	5	5	3	0	0	1	1	0	0.00	-2.00	1.159634	4.770696	1.646746	31.695868
1413036120	1000	5	8	9	10	0	2	1	1	6	1	0	0	0	0	0	0.00	-2.25	1.157216	4.767473	1.648172	31.764700
1413036121	1000	12	8	9	7	0	5	1	0	2	1	0	0	0	0	0	0.00	-2.25	1.158828	4.773920	1.649597	31.742954
1413036122	1000	6	9	5	8	2	3	1	0	2	1	0	0	0	0	0	0.00	-2.25	1.158022	4.770696	1.649597	31.773138
1413036123	1000	13	11	8	10	3	5	1	2	6	0	0	1	0	0	0	0.00	-2.25	1.158022	4.770696	1.651023	31.811771
1413036124	1000	13	9	9	7	2	4	2	2	2	1	0	1	0	0	0	0.00	-2.25	1.157216	4.767473	1.651023	31.842022
1413036125	1000	11	9	9	2	3	4	0	2	0	0	0	0	0	0	0	0.00	-2.25	1.154799	4.764249	1.652449	31.910999
1413036126	1000	9	5	13	9	1	3	1	1	3	1	0	1	0	0	0	0.00	-2.25	1.156410	4.770696	1.656726	31.966312
1413036127	1000	7	12	11	9	3	2	1	5	3	1	1	0	0	0	0	0.00	-2.25	1.154799	4.765861	1.655300	31.973185
1413036128	1000	9	14	12	10	0	1	0	1	7	1	0	0	0	0	0	0.00	-2.25	1.154799	4.767473	1.656726	31.996666
1413036129	1000	10	13	9	14	3	2	6	4	4	1	1	1	1	0	0	0.00	-2.25	1.154799	4.770696	1.659578	32.043583
1413036130	1000	11	6	9	8	1	2	2	1	3	0	0	0	0	0	0	0.00	-2.25	1.152381	4.765861	1.646746	31.741140
1413036131	1000	6	4	8	6	0	3	2	1	0	1	0	0	1	0	0	0.00	-2.25	1.151575	4.764249	1.659578	32.104435
1413036132	1000	8	16	13	7	0	4	2	3	5	1	0	0	0	1	0	0.00	-2.25	1.152381	4.769084	1.662429	32.136074
1413036133	1000	9	5	3	5	3	2	3	0	2	0	0	1	0	0	0	0.00	-2.25	1.150769	4.764249	1.665281	32.259186
1413036134	1000	9	10	6	12	0	1	2	1	5	1	0	0	0	1	0	0.00	-2.25	1.151575	4.764249	1.656726	32.027061
1413036135	1000	5	6	4	8	1	2	1	0	3	1	0	0	0	0	0	0.00	-2.25	1.150769	4.764249	1.653875	31.949686
1413036136	1000	12	15	10	11	3	4	2	3	4	0	0	0	0	0	0	0.00	-2.25	1.150769	4.765861	1.666706	32.282581
1413036137	1000	10	7	6	7	0	2	1	1	4	2	0	0	0	0	0	0.00	-2.25	1.149963	4.762638	1.668132	32.351879
1413036138	1000	6	10	10	9	1	2	0	2	3	0	0	0	0	0	0	0.00	-2.25	1.150769	4.765861	1.668132	32.321255
1413036139	1000	16	7	11	9	1	6	2	1	3	2	0	0	0	0	0	0.00	-2.25	1.150769	4.767473	1.672409	32.421940
1413036140	1000	7	13	7	7	3	2	1	1	5	1	1	1	0	0	0	0.00	-2.25	1.149158	4.762638	1.672409	32.467979
1413036141	1000	9	9	7	6	2	5	1	0	3	0	0	0	0	0	0	0.00	-2.25	1.149158	4.765861	1.675261	32.514622
1413036142	1000	11	10	10	5	4	1	2	0	3	1	0	0	0	0	0	0.00	-2.50	1.147546	4.764249	1.672409	32.452621
1413036143	1000	4	8	7	10	0	0	2	2	4	1	0	0	0	0	0	0.00	-2.50	1.147546	4.764249	1.675261	32.529999
1413036144	1000	5	6	6	4	0	2	2	0	0	0	0	0	0	0	0	0.00	-2.50	1.146740	4.762638	1.676687	32.584080
1413036145	1000	8	9	8	9	2	3	0	2	3	2	0	0	0	1	0	-0.00	-2.50	1.145934	4.761026	1.678112	32.638199
1413036146	1000	6	7	5	9	1	0	0	0	2	1	0	0	0	0	0	-0.00	-2.50	1.147546	4.764249	1.739420	34.270924
1413036147	1000	12	10	7	10	3	3	2	1	5	1	1	0	0	0	0	-0.00	-2.50	1.145128	4.761026	1.682390	32.754345
1413036148	1000	10	6	8	6	4	4	2	0	2	1	0	1	0	0	0	-0.00	-2.50	1.145934	4.762638	1.680964	32.700180
1413036149	1000	6	2	4	7	0	1	2	1	1	1	0	0	0	0	0	-0.00	-2.50	1.145128	4.765861	1.683815	32.746670
1413036150	1000	9	9	4	10	1	2	1	1	5	1	0	0	0	0	0	-0.00	-2.50	1.143517	4.761026	1.672409	32.483349
1413036151	1000	9	6	9	10	1	3	6	2	2	2	1	1	2	1	1	-0.00	-2.50	1.142711	4.764249	1.728014	33.961430
1413036152	1000	6	5	10	6	0	1	0	2	3	1	0	0	0	0	0	-0.00	-2.50	1.142711	4.762638	1.689518	32.932384
1413036153	1000	10	9	7	7	1	2	2	2	3	2	0	0	0	1	0	-0.00	-2.50	1.141905	4.761026	1.688093	32.909199
1413036154	1000	11	13	7	7	2	2	3	1	2	1	0	0	0	0	0	-0.00	-2.50	1.142711	4.764249	1.690944	32.955563
1413036155	1000	13	9	8	10	3	4	2	1	3	1	0	1	1	0	0	-0.00	-2.50	1.141905	4.762638	1.692370	33.009781
1413036156	1000	6	4	10	8	2	3	0	1	1	1	1	0	0	0	0	-0.00	-2.50	1.142711	4.761026	1.692370	33.025333
1413036157	1000	7	3	5	9	1	2	2	0	1	1	0	0	0	0	0	-0.00	-2.50	1.140293	4.754579	1.690944	33.048882
1413036158	1000	14	4	8	5	1	3	3	1	2	0	0	1	0	0	0	-0.00	-2.50	1.140293	4.759414	1.693796	33.079624
1413036159	1000	10	5	5	10	0	2	3	1	1	1	0	0	0	0	0	-0.00	-2.50	1.141099	4.762638	1.695221	33.087181
1413036160	1000	9	7	13	7	3	3	1	2	2	0	1	0	0	0	0	-0.00	-2.50	1.139487	4.759414	1.696647	33.157078
1413036161	1000	6	12	8	9	2	3	1	3	8	1	0	1	0	0	0	-0.00	-2.50	1.139487	4.764249	1.698073	33.148994
1413036162	1000	8	10	5	11	1	1	3	1	6	1	0	0	0	0	0	-0.00	-2.50	1.139487	4.757802	1.692370	33.056465
1413036163	1000	10	9	4	4	4	2	1	1	1	1	0	0	0	0	0	-0.00	-2.50	1.137875	4.757802	1.699499	33.250168
1413036164	1000	4	3	5	4	0	1	1	0	1	0	0	0	0	0	0	-0.00	-2.50	1.137875	4.759414	1.700925	33.273258
1413036165	1000	7	10	6	12	0	1	3	2	4	2	0	0	1	0	0	-0.00	-2.50	1.137875	4.757802	1.703776	33.366390
1413036166	1000	9	8	8	9	0	4	1	1	3	2	0	0	0	0	0	-0.00	-2.50	1.137875	4.759414	1.702350	33.311985
1413036167	1000	12	8	10	9	1	3	2	4	3	1	1	0	0	1	0	-0.00	-2.50	1.137070	4.757802	1.668132	32.397896
1413036168	1000	8	7	10	5	3	3	1	1	3	1	0	1	0	0	0	-0.00	-2.50	1.135458	4.754579	1.705202	33.436539
1413036169	1000	4	4	7	5	0	1	0	1	1	1	0	0	0	0	0	-0.00	-2.50	1.135458	4.756191	1.708053	33.498329
1413036170	1000	8	11	9	10	3	1	1	0	5	1	0	0	0	0	0	-0.00	-2.50	1.136264	4.757802	1.709479	33.521347
1413036171	1000	10	4	8	7	0	2	1	1	3	0	0	0	0	0	0	-0.00	-2.50	1.136264	4.759414	1.710905	33.544342
1413036172	1000	10	8	10	5	4	3	0	1	2	0	0	0	0	0	0	-0.00	-2.50	1.135458	4.756191	1.696647	33.188313
1413036173	1000	9	3	3	3	0	2	1	0	1	0	0	0	0	0	0	-0.00	-2.50	1.134652	4.754579	1.712331	33.630371
1413036174	1000	3	8	6	7	1	1	1	3	3	0	0	1	0	0	0	-0.00	-2.50	1.134652	4.756191	1.713756	33.653351
1413036175	1000	13	4	10	4	0	2	2	2	0	0	0	0	0	0	0	-0.00	-2.75	1.133846	4.754579	1.715182	33.707905
1413036176	1000	10	10	9	9	4	4	1	2	1	1	0	0	0	0	0	-0.00	-2.75	1.133040	4.754579	1.715182	33.707905
1413036177	1000	12	6	9	4	2	5	0	0	2	1	0	0	0	0	0	-0.00	-2.75	1.132234	4.754579	1.718034	33.785435
1413036178	1000	10	10	8	9	3	3	1	1	3	0	1	0	0	0	0	-0.00	-2.75	1.131429	4.751356	1.716608	33.778336
1413036179	1000	6	5	6	9	2	2	1	0	2	0	0	0	0	0	0	-0.00	-2.75	1.131429	4.756191	1.719459	33.808357
1413036180	1000	7	10	7	11	1	1	2	2	6	2	0	1	0	1	0	-0.00	-2.75	1.130623	4.754579	1.719459	33.824200
1413036181	1000	7	7	6	7	0	1	2	2	4	1	0	0	0	1	0	-0.00	-2.75	1.129817	4.752967	1.720885	33.878834
1413036182	1000	8	7	9	7	0	5	1	1	3	0	0	0	0	0	0	-0.00	-2.75	1.130623	4.754579	1.723737	33.940498
1413036183	1000	5	9	9	6	2	1	1	2	3	0	0	1	0	0	0	-0.00	-2.75	1.129817	4.749743	1.649597	31.970327
1413036184	1000	6	8	8	10	1	3	2	0	4	2	0	0	0	0	0	-0.00	-2.75	1.129011	4.749743	1.722311	33.949409
1413036185	1000	10	3	5	7	0	2	3	0	1	2	0	0	1	0	0	-0.00	-2.75	1.129817	4.756191	1.726588	34.002121
1413036186	1000	7	3	6	7	0	2	3	0	2	2	0	0	0	0	0	-0.00	-2.75	1.128205	4.752967	1.728014	34.072727
1413036187	1000	5	4	2	6	0	0	2	1	2	1	0	0	0	0	0	-0.00	-2.75	1.127399	4.752967	1.726588	34.033951
1413036188	1000	7	9	11	8	2	4	2	2	2	1	1	1	0	0	0	-0.00	-2.75	1.125788	4.751356	1.782192	35.562778
1413036189	1000	9	12	6	10	3	1	4	2	4	0	1	1	0	0	0	-0.00	-2.75	1.125788	4.749743	1.732291	34.221046
1413036190	1000	11	4	13	12	1	7	5	0	3	4	0	1	2	0	0	-0.00	-2.75	1.125788	4.751356	1.733717	34.243839
1413036191	1000	7	10	5	8	1	2	3	2	4	2	1	0	1	0	0	-0.00	-2.75	1.126593	4.752967	1.735143	34.266621
1413036192	1000	5	8	4	5	1	1	1	2	3	1	0	0	0	0	0	-0.00	-2.75	1.125788	4.752967	1.735143	34.266621
1413036193	1000	8	5	12	10	1	5	1	2	3	3	0	0	0	1	0	-0.00	-2.75	1.124982	4.748132	1.736568	34.353504
1413036194	1000	8	5	10	6	3	2	1	2	2	0	1	1	0	0	0	-0.00	-3.00	1.123370	4.748132	1.740846	34.469959
1413036195	1000	6	8	6	3	0	3	0	3	1	0	0	0	0	0	0	-0.00	-3.00	1.123370	4.748132	1.739420	34.431141
1413036196	1000	6	3	6	6	0	3	2	1	0	1	0	0	0	0	0	-0.00	-3.00	1.123370	4.748132	1.740846	34.469959
1413036197	1000	6	7	4	9	1	2	4	1	4	2	0	1	1	0	0	-0.00	-3.00	1.123370	4.749743	1.742271	34.492680
1413036198	1000	7	6	6	5	2	3	1	1	2	1	0	0	0	0	0	-0.00	-3.00	1.123370	4.748132	1.743697	34.547600
1413036199	1000	11	8	11	8	2	2	3	1	2	1	0	0	0	0	0	-0.00	-3.00	1.123370	4.748132	1.740846	34.469959
1413036200	1000	1	8	4	4	0	0	0	2	2	0	0	0	0	0	0	-0.00	-3.00	1.121758	4.748132	1.746549	34.625237
1413036201	1000	7	6	5	7	2	1	1	0	3	2	0	1	0	0	0	-0.00	-3.00	1.120952	4.749743	1.749400	34.686710
1413036202	1000	8	7	8	12	0	4	2	1	6	3	0	0	1	1	0	-0.50	-3.00	1.120952	4.748132	1.746549	34.625237
1413036203	1000	11	11	11	9	3	5	3	2	6	1	0	2	0	0	0	-0.50	-3.00	1.121758	4.751356	1.750826	34.709351
1413036204	1000	11	7	8	15	1	5	2	1	4	1	0	0	0	0	0	-0.50	-3.00	1.120147	4.749743	1.743697	34.531490
1413036205	1000	8	10	9	5	3	6	0	3	3	1	2	0	0	1	0	-0.50	-3.00	1.116117	4.741685	1.750826	34.806503
1413036206	1000	4	9	9	7	1	0	2	4	4	2	0	1	0	0	0	-0.50	-3.00	1.118535	4.749743	1.755103	34.841934
1413036207	1000	9	11	10	10	5	2	0	0	4	1	0	0	0	0	0	-0.50	-3.00	1.118535	4.749743	1.755103	34.841934
1413036208	1000	3	5	4	5	0	1	1	0	1	0	0	0	0	0	0	-0.50	-3.00	1.117729	4.748132	1.750826	34.741695
1413036209	1000	9	6	11	3	2	4	1	2	3	0	1	1	0	0	0	-0.50	-3.00	1.117729	4.749743	1.749400	34.686710
1413036210	1000	3	7	4	4	0	2	0	1	2	0	0	0	0	0	0	-0.50	-3.00	1.115311	4.741685	1.756529	34.961990
1413036211	1000	9	4	5	8	1	3	3	0	1	0	0	0	0	0	0	-0.50	-3.00	1.116923	4.746520	1.759380	34.990871
1413036212	1000	6	9	2	7	1	2	1	0	3	0	0	0	0	0	0	-0.50	-3.00	1.116923	4.748132	1.760806	35.013424
1413036213	1000	10	6	11	9	0	5	1	1	4	3	0	0	0	1	0	-0.50	-3.00	1.116117	4.749743	1.760806	34.997158
1413036214	1000	9	3	5	11	1	4	2	0	2	1	0	0	0	0	0	-0.50	-3.00	1.116117	4.743297	1.762232	35.101154
1413036215	1000	7	4	6	7	1	3	0	0	2	0	0	0	0	0	0	-0.50	-3.00	1.115311	4.743297	1.762232	35.101154
1413036216	1000	9	7	9	3	3	6	1	2	1	0	2	0	0	0	0	-0.50	-3.00	1.113700	4.741685	1.763658	35.156349
1413036217	1000	7	5	5	1	1	3	0	0	1	0	0	0	0	0	0	-0.50	-3.00	1.114506	4.746520	1.759380	34.990871
1413036218	1000	5	7	8	9	0	0	1	0	6	1	0	0	0	0	0	-0.50	-3.00	1.114506	4.744908	1.767935	35.240219
1413036219	1000	10	5	3	8	3	1	4	0	1	0	0	0	0	0	0	-0.50	-3.00	1.112894	4.735238	1.766509	35.299664
1413036220	1000	5	6	9	8	0	2	1	2	2	3	0	0	0	0	0	-0.50	-3.00	1.112894	4.741685	1.775064	35.467316
1413036221	1000	1	5	3	5	1	0	0	1	1	1	0	0	0	0	0	-0.50	-3.25	1.112088	4.741685	1.770786	35.350704
1413036222	1000	4	6	5	6	1	2	0	2	2	1	1	0	0	0	0	-0.50	-3.25	1.112088	4.744908	1.772212	35.356754
1413036223	1000	4	7	6	5	0	1	2	2	0	0	0	0	0	0	0	-0.50	-3.25	1.112088	4.741685	1.772212	35.389576
1413036224	1000	7	10	5	6	1	2	2	2	3	0	0	1	0	0	0	-0.50	-3.25	1.111282	4.741685	1.775064	35.467316
1413036225	1000	8	10	10	7	3	4	1	3	0	1	1	0	0	0	0	-0.50	-3.25	1.111282	4.741685	1.766509	35.234093
1413036226	1000	8	7	5	5	2	2	2	2	2	0	0	0	0	0	0	-0.50	-3.25	1.109670	4.740073	1.777915	35.561543
1413036227	1000	8	5	9	3	0	5	0	1	2	0	0	0	0	0	0	-0.50	-3.25	1.108865	4.740073	1.776489	35.522659
1413036228	1000	7	9	5	9	1	3	1	1	4	1	0	0	0	0	0	-0.50	-3.25	1.109670	4.743297	1.780767	35.606304
1413036229	1000	5	2	4	3	0	0	0	1	0	0	0	0	0	0	0	-0.50	-3.25	1.111282	4.744908	1.785044	35.706356
1413036230	1000	7	6	11	8	0	4	0	1	4	0	0	0	0	0	0	-0.50	-3.25	1.110476	4.738461	1.785044	35.772526
1413036231	1000	8	5	4	5	1	2	2	1	2	0	0	0	0	0	0	-0.50	-3.25	1.107253	4.733626	1.783618	35.783329
1413036232	1000	6	10	8	12	0	2	1	1	5	2	0	0	0	0	0	-0.50	-3.25	1.107253	4.735238	1.785044	35.805676
1413036233	1000	7	10	6	7	0	2	2	2	1	0	0	0	0	0	0	-0.50	-3.25	1.107253	4.740073	1.786470	35.794849
1413036234	1000	4	7	4	7	1	1	2	2	2	1	0	1	0	0	0	-0.50	-3.25	1.106447	4.740073	1.789321	35.872620
1413036235	1000	3	6	7	8	0	1	1	2	2	1	0	0	0	0	0	-0.50	-3.25	1.105641	4.743297	1.790747	35.878319
1413036236	1000	9	5	10	5	2	4	1	0	1	2	0	0	0	0	0	-0.50	-3.25	1.106447	4.740073	1.843500	37.350239
1413036237	1000	11	9	10	3	2	5	0	3	2	0	0	0	0	0	0	-0.50	-3.25	1.105641	4.736850	1.793599	36.022564
1413036238	1000	8	4	5	5	0	2	2	0	0	2	0	0	0	0	0	-0.50	-3.25	1.106447	4.740073	1.792173	35.950390
1413036239	1000	3	5	4	9	0	0	1	2	1	0	0	0	0	0	0	-0.50	-3.25	1.104835	4.735238	1.795024	36.078148
1413036240	1000	11	5	11	5	2	6	1	2	0	1	0	0	0	0	0	-0.50	-3.25	1.104835	4.738461	1.796450	36.083710
1413036241	1000	4	9	11	10	2	2	0	2	5	0	1	0	0	0	0	-0.50	-3.25	1.103223	4.735238	1.836371	37.206951
1413036242	1000	5	4	6	7	1	2	3	0	2	0	0	1	0	0	0	-0.50	-3.25	1.102418	4.732015	1.799302	36.228382
1413036243	1000	7	8	5	7	0	3	2	1	4	1	0	0	0	1	0	-0.50	-3.25	1.102418	4.736850	1.799302	36.178207
1413036244	1000	6	2	3	3	0	1	0	0	1	1	0	0	0	0	0	-0.50	-3.25	1.102418	4.733626	1.800727	36.250584
1413036245	1000	3	2	8	8	0	2	0	1	0	2	0	0	0	0	0	-0.50	-3.25	1.102418	4.735238	1.792173	36.000301
1413036246	1000	8	6	8	7	1	2	0	1	3	0	0	0	0	0	0	-0.50	-3.25	1.102418	4.736850	1.854906	37.695740
1413036247	1000	5	8	5	9	0	1	1	3	2	0	0	0	0	0	0	-0.50	-3.50	1.100806	4.732015	1.805004	36.384186
1413036248	1000	8	8	6	11	3	0	0	1	3	2	0	0	0	0	0	-0.50	-3.50	1.101612	4.733626	1.805004	36.367397
1413036249	1000	4	9	9	5	1	2	0	4	1	1	1	0	0	1	0	-0.50	-3.50	1.101612	4.733626	1.806430	36.406338
1413036250	1000	6	6	7	2	1	4	0	1	0	1	1	0	0	0	0	-0.50	-3.50	1.100000	4.736850	1.810708	36.489494
1413036251	1000	4	5	6	5	0	2	0	0	2	0	0	0	0	0	0	-0.50	-3.50	1.100000	4.735238	1.810708	36.506313
1413036252	1000	1	5	1	7	0	0	1	0	3	0	0	0	0	0	0	-0.50	-3.50	1.100806	4.732015	1.802153	36.306286
1413036253	1000	4	2	6	6	0	1	2	0	1	0	0	0	0	0	0	-0.50	-3.50	1.098388	4.732015	1.813559	36.617889
1413036254	1000	1	3	4	2	0	0	0	0	1	0	0	0	0	0	0	-0.50	-3.50	1.097582	4.730403	1.813559	36.634769
1413036255	1000	8	5	7	4	0	2	2	1	1	1	0	0	0	1	0	-1.00	-3.50	1.097582	4.733626	1.817836	36.717838
1413036256	1000	5	5	3	6	2	0	1	0	1	0	0	0	0	0	0	-1.00	-3.50	1.096777	4.732015	1.816411	36.695789
1413036257	1000	3	4	7	4	0	2	0	0	1	2	0	0	0	0	0	-1.00	-3.50	1.095165	4.733626	1.809282	36.484215
1413036258	1000	4	9	7	10	0	2	0	2	6	1	0	0	0	0	0	-1.00	-3.50	1.092747	4.728791	1.816411	36.729618
1413036259	1000	4	6	4	8	1	1	0	0	2	0	0	0	0	0	0	-1.00	-3.50	1.093553	4.730403	1.816411	36.712696
1413036260	1000	8	6	4	4	2	2	2	0	2	1	0	1	0	0	0	-1.00	-3.50	1.094359	4.732015	1.820688	36.812649
1413036261	1000	10	7	6	9	2	4	1	1	4	1	0	0	0	0	0	-1.00	-3.50	1.093553	4.730403	1.817836	36.751667
1413036262	1000	6	11	5	12	1	2	2	0	6	0	0	0	0	0	0	-1.00	-3.50	1.094359	4.733626	1.857757	37.808086
1413036263	1000	5	5	6	8	1	2	2	1	3	1	0	0	0	0	0	-1.00	-3.50	1.093553	4.730403	1.826391	36.985447
1413036264	1000	5	5	5	7	0	3	0	0	4	0	0	0	0	0	0	-1.00	-3.50	1.092747	4.728791	1.824965	36.963486
1413036265	1000	5	3	6	3	0	3	0	1	2	0	0	0	0	0	0	-1.00	-3.50	1.094359	4.730403	1.827817	37.024414
1413036266	1000	7	9	6	5	2	0	1	1	3	0	0	0	0	0	0	-1.00	-3.50	1.093553	4.730403	1.826391	36.985447
1413036267	1000	7	7	3	2	3	2	0	0	1	0	0	0	0	0	0	-1.00	-3.50	1.092747	4.728791	1.829242	37.080418
1413036268	1000	6	3	8	3	0	5	1	1	1	1	0	0	1	0	0	-1.00	-3.50	1.092747	4.730403	1.833520	37.180271
1413036269	1000	8	7	7	7	3	2	3	1	4	1	0	2	0	0	0	-1.00	-3.50	1.091941	4.727180	1.830668	37.136456
1413036270	1000	7	3	6	5	0	2	2	0	1	0	0	0	0	0	0	-1.00	-3.50	1.091941	4.728791	1.833520	37.197350
1413036271	1000	5	3	4	4	1	1	0	0	1	1	0	0	0	0	0	-1.00	-3.50	1.092747	4.730403	1.833520	37.180271
1413036272	1000	4	6	3	10	1	1	2	1	4	1	1	0	0	0	0	-1.00	-3.50	1.092747	4.730403	1.836371	37.258198
1413036273	1000	9	7	9	7	1	5	1	2	3	2	0	0	0	0	0	-1.00	-3.50	1.091941	4.727180	1.829242	37.097466
1413036274	1000	1	4	4	3	0	1	0	1	1	0	0	0	0	0	0	-1.00	-3.50	1.091136	4.725568	1.837797	37.348549
1413036275	1000	9	5	3	4	1	2	0	0	2	0	0	0	0	0	0	-1.00	-3.50	1.091136	4.727180	1.837797	37.331409
1413036276	1000	4	7	4	13	0	1	1	1	6	2	0	0	1	0	0	-1.00	-3.75	1.090330	4.727180	1.839223	37.370403
1413036277	1000	7	10	6	8	0	1	1	1	4	1	0	0	0	0	0	-1.00	-3.75	1.091136	4.730403	1.834945	37.219231
1413036278	1000	9	4	6	9	1	4	1	1	2	1	0	0	0	0	0	-1.00	-3.75	1.090330	4.728791	1.833520	37.197350
1413036279	1000	8	10	4	9	3	1	2	1	4	0	0	1	0	0	0	-1.00	-3.75	1.087912	4.725568	1.843500	37.504570
1413036280	1000	8	5	5	7	4	2	2	0	1	2	0	0	0	0	0	-1.00	-3.75	1.087106	4.723956	1.843500	37.521774
1413036281	1000	7	5	7	3	0	3	0	1	1	1	0	0	0	0	0	-1.00	-3.75	1.089524	4.727180	1.847777	37.604343
1413036282	1000	4	4	7	4	1	2	0	1	1	1	0	0	0	0	0	-1.00	-3.75	1.088718	4.727180	1.849203	37.643337
1413036283	1000	5	4	9	6	1	3	0	2	2	2	0	0	0	1	0	-1.00	-3.75	1.087106	4.725568	1.847777	37.621582
1413036284	1000	7	8	7	5	2	3	0	1	4	0	0	0	0	0	0	-1.00	-3.75	1.087106	4.723956	1.849203	37.677841
1413036285	1000	5	5	7	4	0	0	2	1	0	0	0	0	0	0	0	-1.00	-3.75	1.087106	4.723956	1.852054	37.755878
1413036286	1000	12	5	7	6	4	5	3	0	3	0	0	2	0	0	0	-1.00	-3.75	1.086300	4.725568	1.852054	37.738594
1413036287	1000	2	6	4	3	1	0	0	1	2	0	0	0	0	0	0	-1.00	-3.75	1.085495	4.723956	1.852054	37.755878
1413036288	1000	9	8	12	10	0	3	4	2	3	2	0	0	0	0	0	-1.00	-3.75	1.085495	4.723956	1.852054	37.755878
1413036289	1000	6	2	4	3	0	3	1	0	0	0	0	0	0	0	0	-1.00	-3.75	1.085495	4.728791	1.847777	37.587124
1413036290	1000	3	9	4	2	0	0	0	1	2	0	0	0	0	0	0	-1.00	-3.75	1.083883	4.720733	1.856332	37.907616
1413036291	1000	9	5	7	6	0	6	1	1	3	0	0	0	0	0	0	-1.00	-3.75	1.085495	4.728791	1.860609	37.937916
1413036292	1000	9	7	2	6	4	1	1	0	2	0	0	0	0	0	0	-1.00	-3.75	1.083883	4.722344	1.860609	38.007359
1413036293	1000	6	3	8	1	0	3	0	0	0	1	0	0	0	0	0	-1.00	-3.75	1.083077	4.723956	1.856332	37.872929
1413036294	1000	5	3	4	1	1	3	0	0	1	0	0	0	0	0	0	-1.00	-3.75	1.083077	4.723956	1.853480	37.794895
1413036295	1000	4	3	3	4	1	2	0	0	1	0	0	0	0	0	0	-1.00	-3.75	1.081465	4.722344	1.862035	38.046391
1413036296	1000	6	4	5	4	0	3	0	0	2	0	0	0	0	0	0	-1.00	-3.75	1.082271	4.727180	1.864886	38.072231
1413036297	1000	3	4	5	3	1	1	0	0	2	0	0	0	0	0	0	-1.00	-3.75	1.080659	4.720733	1.864886	38.141876
1413036298	1000	5	7	7	8	1	1	0	0	4	2	0	0	0	0	0	-1.00	-3.75	1.081465	4.722344	1.864886	38.124447
1413036299	1000	4	8	3	9	2	0	2	1	2	0	0	1	0	0	0	-1.00	-3.75	1.081465	4.719121	1.866312	38.198380
1413036300	1000	8	9	4	10	2	2	2	2	3	0	1	0	0	0	0	-1.00	-3.75	1.079854	4.717509	1.867738	38.254913
1413036301	1000	5	3	3	2	1	2	0	0	2	0	0	0	0	0	0	-1.00	-3.75	1.080659	4.720733	1.869163	38.259010
1413036302	1000	8	6	4	5	1	3	0	1	2	0	0	0	0	0	0	-1.00	-3.75	1.078242	4.720733	1.863460	38.102837
1413036303	1000	14	10	7	8	3	6	2	2	3	0	1	0	0	0	0	-1.00	-3.75	1.078242	4.717509	1.870589	38.333061
1413036304	1000	10	6	6	6	1	5	2	0	2	1	0	0	0	0	0	-1.00	-3.75	1.078242	4.715898	1.873441	38.428745
1413036305	1000	6	5	5	7	0	1	1	0	2	0	0	0	0	0	0	-1.00	-3.75	1.078242	4.719121	1.873441	38.393669
1413036306	1000	5	6	4	9	1	2	0	0	4	0	0	0	0	0	0	-1.00	-3.75	1.078242	4.719121	1.876292	38.471783
1413036307	1000	6	4	6	6	1	4	2	0	1	2	0	0	1	0	0	-1.00	-4.00	1.077436	4.719121	1.870589	38.315552
1413036308	1000	7	7	9	3	1	5	1	2	1	1	1	0	1	0	0	-1.00	-4.00	1.076630	4.717509	1.876292	38.489342
1413036309	1000	5	5	3	4	1	1	1	2	1	0	1	0	0	0	0	-1.00	-4.00	1.077436	4.723956	1.874866	38.380157
1413036310	1000	8	6	8	4	1	4	0	1	1	2	0	0	0	0	0	-1.00	-4.00	1.077436	4.722344	1.906233	39.256340
1413036311	1000	5	7	5	6	1	3	1	0	2	0	0	0	0	0	0	-1.00	-4.00	1.075018	4.712674	1.881995	38.698536
1413036312	1000	8	7	9	6	1	5	0	0	5	0	0	0	0	0	0	-1.00	-4.00	1.075824	4.720733	1.881995	38.610409
1413036313	1000	7	8	1	6	4	1	0	0	2	0	0	0	0	0	0	-1.00	-4.00	1.075824	4.719121	1.884847	38.706123
1413036314	1000	4	12	4	5	2	0	1	1	4	0	0	0	0	0	0	-1.00	-4.00	1.075018	4.717509	1.884847	38.723763
1413036315	1000	9	7	8	3	3	4	2	0	2	1	0	1	1	0	0	-1.00	-4.00	1.075018	4.712674	1.884847	38.776760
1413036316	1000	5	8	7	10	2	2	1	2	6	2	1	1	1	1	1	-1.00	-4.00	1.073407	4.714286	1.886273	38.798187
1413036317	1000	7	4	5	7	0	3	2	0	1	0	0	0	0	0	0	-1.00	-4.00	1.071795	4.712674	1.887698	38.854984
1413036318	1000	8	3	8	2	1	4	1	1	0	1	0	0	0	0	0	-1.00	-4.00	1.072601	4.715898	1.887698	38.819588
1413036319	1000	4	9	8	5	0	2	1	1	4	0	0	0	0	0	0	-1.00	-4.00	1.072601	4.715898	1.889124	38.858673
1413036320	1000	7	2	6	4	2	2	1	0	1	1	0	1	0	0	0	-1.00	-4.00	1.072601	4.717509	1.891976	38.919121
1413036321	1000	7	8	3	11	3	1	2	1	2	0	0	0	0	0	0	-1.50	-4.00	1.071795	4.714286	1.877718	38.563595
1413036322	1000	5	11	4	7	4	0	2	2	4	1	0	1	0	1	0	-1.50	-4.00	1.070989	4.715898	1.894827	39.015007
1413036323	1000	4	7	4	7	1	1	1	0	3	1	0	0	0	0	0	-1.50	-4.00	1.070183	4.712674	1.894827	39.050537
1413036324	1000	9	6	4	8	0	2	1	0	5	1	0	0	0	0	0	-1.50	-4.00	1.070183	4.711062	1.896253	39.107441
1413036325	1000	6	6	7	5	0	3	2	1	3	1	0	0	1	0	0	-1.50	-4.00	1.069377	4.712674	1.884847	38.776760
1413036326	1000	5	5	7	8	3	3	0	1	2	2	1	0	0	0	0	-1.50	-4.00	1.070989	4.717509	1.891976	38.919121
1413036327	1000	8	3	11	3	0	6	0	2	0	1	0	0	0	0	0	-1.50	-4.00	1.068571	4.709451	1.900530	39.242661
1413036328	1000	9	13	7	6	2	1	0	3	5	2	0	0	0	1	0	-1.50	-4.00	1.068571	4.712674	1.899104	39.167870
