quad V2.5
time	int	cnt1	cnt2	cnt3	cnt4	1&2	1&3	1&4	2&3	2&4	3&4	1&2&3	1&2&4	1&3&4	2&3&4	1&2&3&4	digTemp	temp	adct	adcr	adcp	pressure
1413036330	1000	9	6	3	5	1	2	0	0	3	0	0	0	0	0	0	-1.50	-4.00	1.068571	4.709451	1.901956	39.281799
1413036331	1000	2	5	1	3	0	0	0	0	2	0	0	0	0	0	0	-1.50	-4.00	1.069377	4.712674	1.901956	39.246090
1413036332	1000	3	9	7	10	0	0	1	0	6	3	0	0	0	0	0	-1.50	-4.00	1.068571	4.709451	1.906233	39.399212
1413036333	1000	5	5	5	5	0	1	0	2	3	0	0	0	0	0	0	-1.50	-4.00	1.071795	4.712674	1.907659	39.402531
1413036334	1000	3	4	5	6	1	1	0	0	2	0	0	0	0	0	0	-1.50	-4.00	1.068571	4.709451	1.906233	39.399212
1413036335	1000	5	6	10	4	1	3	0	0	3	1	0	0	0	0	0	-1.50	-4.00	1.068571	4.712674	1.910510	39.480747
1413036336	1000	3	7	5	2	2	0	0	1	2	0	0	0	0	0	0	-1.50	-4.00	1.068571	4.704616	1.909085	39.531345
1413036337	1000	3	2	2	4	0	0	0	0	1	0	0	0	0	0	0	-1.50	-4.00	1.069377	4.712674	1.913362	39.558968
1413036338	1000	8	10	6	8	4	2	2	1	3	1	1	0	0	0	0	-1.50	-4.00	1.068571	4.714286	1.911936	39.501930
1413036339	1000	8	7	6	9	4	2	3	1	5	1	1	2	1	1	1	-1.50	-4.00	1.068571	4.711062	1.911936	39.537807
1413036340	1000	3	6	8	10	0	1	1	1	4	2	0	0	0	0	0	-1.50	-4.00	1.067766	4.709451	1.913362	39.594894
1413036341	1000	5	3	5	2	0	1	0	1	2	0	0	0	0	0	0	-1.50	-4.00	1.067766	4.712674	1.917639	39.676308
1413036342	1000	7	4	8	6	4	4	0	3	0	3	3	0	0	0	0	-1.50	-4.00	1.066960	4.706227	1.904807	39.395885
1413036343	1000	8	4	8	4	1	5	0	0	2	1	0	0	0	0	0	-1.50	-4.00	1.066154	4.704616	1.914788	39.688049
1413036344	1000	2	7	5	2	0	1	0	2	1	0	0	0	0	0	0	-1.50	-4.25	1.065348	4.706227	1.919065	39.787533
1413036345	1000	4	3	3	2	1	1	0	0	1	0	0	0	0	0	0	-1.50	-4.25	1.065348	4.707839	1.920491	39.808640
1413036346	1000	5	1	3	4	1	0	0	0	0	1	0	0	0	0	0	-1.50	-4.25	1.064542	4.709451	1.916213	39.673168
1413036347	1000	5	2	6	3	0	3	1	0	0	2	0	0	1	0	0	-1.50	-4.25	1.063736	4.707839	1.914788	39.652027
1413036348	1000	4	4	6	3	0	0	0	1	1	1	0	0	0	0	0	-1.50	-4.25	1.062930	4.704616	1.920491	39.844769
1413036349	1000	4	2	2	1	0	0	0	1	0	0	0	0	0	0	0	-1.50	-4.25	1.063736	4.707839	1.924768	39.926086
1413036350	1000	3	4	6	3	0	2	1	3	0	1	0	0	0	0	0	-1.50	-4.25	1.063736	4.707839	1.924768	39.926086
1413036351	1000	5	6	1	3	3	1	0	1	2	0	1	0	0	0	0	-1.50	-4.25	1.063736	4.704616	1.926194	40.001476
1413036352	1000	5	4	3	4	0	1	0	0	1	0	0	0	0	0	0	-1.50	-4.25	1.063736	4.707839	1.926194	39.965237
1413036353	1000	6	5	3	2	2	1	0	1	2	1	0	0	0	1	0	-1.50	-4.25	1.062125	4.704616	1.930471	40.119007
1413036354	1000	8	3	5	3	0	3	1	0	2	0	0	0	0	0	0	-1.50	-4.25	1.062930	4.706227	1.931897	40.140011
1413036355	1000	3	5	5	5	1	2	0	0	1	0	0	0	0	0	0	-1.50	-4.25	1.062125	4.704616	1.929045	40.079834
1413036356	1000	3	1	8	4	0	1	0	0	1	1	0	0	0	0	0	-1.50	-4.25	1.062930	4.706227	1.931897	40.140011
1413036357	1000	7	6	7	6	0	3	1	2	3	0	0	0	0	0	0	-1.50	-4.25	1.062125	4.707839	1.933322	40.160992
1413036358	1000	3	6	7	2	0	3	0	2	2	0	0	0	0	0	0	-1.50	-4.25	1.062125	4.703004	1.927619	40.058807
1413036359	1000	2	4	3	5	0	1	0	0	2	0	0	0	0	0	0	-1.50	-4.25	1.061319	4.701392	1.936174	40.312206
1413036360	1000	4	2	6	3	1	1	0	1	0	0	0	0	0	0	0	-1.50	-4.25	1.062125	4.706227	1.939025	40.335835
1413036361	1000	1	4	3	7	0	0	1	0	2	0	0	0	0	0	0	-1.50	-4.25	1.060513	4.701392	1.936174	40.312206
1413036362	1000	6	9	6	6	2	2	0	2	3	2	0	0	0	1	0	-1.50	-4.25	1.060513	4.703004	1.927619	40.058807
1413036363	1000	4	4	4	1	0	1	0	2	0	0	0	0	0	0	0	-1.50	-4.25	1.060513	4.703004	1.971818	41.273735
1413036364	1000	3	4	2	4	1	1	2	0	3	0	0	1	0	0	0	-1.50	-4.25	1.060513	4.701392	1.941877	40.469021
1413036365	1000	5	3	7	5	1	4	1	1	2	1	1	0	1	0	0	-1.50	-4.25	1.059707	4.699780	1.941877	40.487328
1413036366	1000	5	6	5	4	2	2	2	1	2	0	0	1	0	0	0	-1.50	-4.25	1.058901	4.699780	1.944728	40.565765
1413036367	1000	3	3	3	3	1	1	0	1	1	0	0	0	0	0	0	-1.50	-4.25	1.060513	4.704616	1.947580	40.589146
1413036368	1000	5	5	6	6	1	1	1	2	2	1	1	0	0	0	0	-1.50	-4.25	1.060513	4.704616	1.944728	40.510792
1413036369	1000	7	3	4	5	0	2	0	1	1	1	0	0	0	0	0	-1.50	-4.25	1.058901	4.699780	1.947580	40.644199
1413036370	1000	4	5	5	7	0	2	1	1	4	1	0	0	0	0	0	-1.50	-4.25	1.058095	4.698169	1.944728	40.584114
1413036371	1000	5	6	6	9	1	2	1	2	3	0	1	0	0	0	0	-1.50	-4.25	1.058095	4.698169	1.946154	40.623344
1413036372	1000	4	10	5	7	1	0	2	1	3	1	0	0	0	0	0	-1.50	-4.25	1.059707	4.704616	1.949006	40.628319
1413036373	1000	4	3	3	5	0	2	1	0	1	0	0	0	0	0	0	-1.50	-4.25	1.058901	4.701392	1.951857	40.743454
1413036374	1000	2	4	3	3	0	0	0	1	0	1	0	0	0	0	0	-1.50	-4.25	1.058901	4.707839	1.943303	40.435043
1413036375	1000	9	4	9	6	1	7	1	1	0	1	1	0	0	0	0	-1.50	-4.25	1.057289	4.698169	1.953283	40.819504
1413036376	1000	4	2	3	5	0	0	1	0	1	1	0	0	0	0	0	-1.50	-4.25	1.058095	4.699780	1.953283	40.801071
1413036377	1000	6	3	5	4	1	3	0	2	1	0	1	0	0	0	0	-1.50	-4.25	1.055678	4.696557	1.954709	40.877193
1413036378	1000	6	8	5	6	2	1	0	0	5	1	0	0	0	0	0	-1.50	-4.50	1.054872	4.698169	1.953283	40.819504
1413036379	1000	6	12	6	9	3	1	1	2	5	1	1	0	0	0	0	-1.50	-4.25	1.055678	4.699780	1.949006	40.683418
1413036380	1000	7	3	3	4	2	2	0	0	1	1	0	0	0	0	0	-1.50	-4.25	1.055678	4.698169	1.958986	40.976429
1413036381	1000	7	3	4	6	0	3	1	0	3	1	0	0	0	0	0	-1.50	-4.50	1.054066	4.694945	1.957560	40.974178
1413036382	1000	4	4	3	6	1	1	1	0	2	1	0	0	0	0	0	-1.50	-4.50	1.054066	4.698169	1.958986	40.976429
1413036383	1000	3	9	3	7	0	1	1	2	3	0	0	0	0	0	0	-1.50	-4.50	1.054872	4.699780	1.961837	41.036377
1413036384	1000	4	4	2	2	1	1	0	1	1	0	0	0	0	0	0	-1.50	-4.50	1.053260	4.696557	1.963263	41.112663
1413036385	1000	6	4	5	3	1	4	0	0	0	0	0	0	0	0	0	-1.50	-4.50	1.053260	4.698169	1.963263	41.094124
1413036386	1000	7	4	4	5	0	4	0	0	2	0	0	0	0	0	0	-1.50	-4.50	1.053260	4.698169	1.967541	41.211823
1413036387	1000	7	7	7	7	1	2	0	1	4	1	0	0	0	1	0	-1.50	-4.50	1.053260	4.698169	1.964689	41.133362
1413036388	1000	7	4	4	4	0	3	1	0	0	0	0	0	0	0	0	-1.50	-4.50	1.050843	4.696557	1.967541	41.230400
1413036389	1000	3	3	7	2	0	2	0	2	1	0	0	0	0	0	0	-1.50	-4.50	1.051648	4.703004	1.968966	41.195351
1413036390	1000	6	4	4	5	0	2	2	2	2	0	0	0	0	0	0	-1.50	-4.50	1.050843	4.699780	1.961837	41.036377
1413036391	1000	1	5	4	6	0	1	0	0	3	1	0	0	0	0	0	-1.50	-4.50	1.049231	4.693334	1.971818	41.385410
1413036392	1000	5	5	3	7	2	1	2	0	2	0	0	0	0	0	0	-1.50	-4.50	1.050843	4.696557	1.971818	41.348133
1413036393	1000	4	5	4	6	0	1	0	0	2	1	0	0	0	0	0	-1.50	-4.50	1.050037	4.696557	1.973243	41.387383
1413036394	1000	5	7	7	5	1	3	0	2	2	1	0	0	0	0	0	-1.50	-4.50	1.050037	4.694945	1.970392	41.327507
1413036395	1000	2	5	6	6	0	1	0	0	2	1	0	0	0	0	0	-1.50	-4.50	1.049231	4.694945	2.011739	42.466000
1413036396	1000	8	6	4	6	2	2	1	1	3	0	1	0	0	0	0	-1.50	-4.50	1.048425	4.691722	1.977521	41.561211
1413036397	1000	1	3	3	4	0	0	0	0	2	0	0	0	0	0	0	-1.50	-4.50	1.049231	4.691722	1.976095	41.521927
1413036398	1000	7	5	3	6	2	1	2	0	2	1	0	0	0	0	0	-1.50	-4.50	1.049231	4.691722	1.977521	41.561211
1413036399	1000	3	6	6	3	1	2	0	3	3	1	1	0	0	1	0	-1.50	-4.50	1.050037	4.696557	1.983224	41.662090
1413036400	1000	4	5	2	3	0	1	0	1	3	0	0	0	0	0	0	-1.50	-4.50	1.050843	4.694945	1.983224	41.680832
1413036401	1000	1	2	0	3	0	0	0	0	2	0	0	0	0	0	0	-1.50	-4.50	1.048425	4.691722	1.983224	41.718349
1413036402	1000	5	4	7	4	3	4	0	3	1	0	3	0	0	0	0	-1.50	-4.50	1.048425	4.694945	1.984650	41.720093
1413036403	1000	5	4	3	6	1	1	2	2	1	0	0	0	0	0	0	-1.50	-4.50	1.048425	4.694945	1.983224	41.680832
1413036404	1000	4	2	3	3	0	2	1	0	1	0	0	0	0	0	0	-2.00	-4.50	1.047619	4.691722	1.986075	41.796921
1413036405	1000	7	6	3	6	2	1	1	1	1	0	0	0	0	0	0	-1.50	-4.50	1.049231	4.693334	1.986075	41.778130
1413036406	1000	3	5	3	4	0	1	0	0	2	1	0	0	0	0	0	-2.00	-4.50	1.045202	4.682051	1.977521	41.673756
1413036407	1000	7	5	4	2	4	1	0	0	1	0	0	0	0	0	0	-1.50	-4.50	1.046007	4.688498	1.988927	41.913166
1413036408	1000	3	7	8	5	1	0	1	2	1	1	0	0	0	0	0	-2.00	-4.50	1.045202	4.688498	1.977521	41.598671
1413036409	1000	5	7	7	6	1	3	1	3	2	1	1	1	1	1	1	-2.00	-4.50	1.046007	4.693334	1.994630	42.013756
1413036410	1000	7	5	4	4	3	2	1	0	2	1	0	1	0	0	0	-2.00	-4.50	1.045202	4.691722	1.981798	41.679070
1413036411	1000	3	4	4	3	0	1	2	1	1	0	0	0	0	0	0	-2.00	-4.50	1.045202	4.690110	2.030274	43.033993
1413036412	1000	5	4	3	2	0	1	1	1	1	0	0	0	0	0	0	-2.00	-4.50	1.042784	4.682051	1.991778	42.067417
1413036413	1000	2	4	5	3	2	1	2	2	2	2	1	2	1	0	1	-2.00	-4.75	1.041172	4.675604	1.994630	42.222088
1413036414	1000	3	4	6	5	0	3	1	0	0	1	0	0	1	0	0	-2.00	-4.50	1.044396	4.688498	1.997481	42.149048
1413036415	1000	2	1	2	2	0	0	0	0	0	0	0	0	0	0	0	-2.00	-4.75	1.044396	4.691722	1.997481	42.111210
1413036416	1000	3	1	1	8	0	0	1	0	1	1	0	0	0	0	0	-2.00	-4.50	1.044396	4.686887	1.996055	42.128654
1413036417	1000	5	5	8	4	1	4	1	1	1	2	0	0	1	0	0	-2.00	-4.75	1.042784	4.683663	2.001759	42.323967
1413036418	1000	5	7	5	4	2	1	1	2	3	1	0	0	1	0	0	-2.00	-4.50	1.043590	4.685275	2.000333	42.265614
1413036419	1000	5	6	6	6	1	2	0	1	4	1	0	0	0	0	0	-2.00	-4.75	1.043590	4.688498	2.001759	42.266983
1413036420	1000	4	8	5	4	2	0	0	0	2	1	0	0	0	0	0	-2.00	-4.75	1.043590	4.686887	2.001759	42.285965
1413036421	1000	4	3	2	0	1	1	0	1	0	0	0	0	0	0	0	-2.00	-4.75	1.042784	4.686887	2.003184	42.325287
1413036422	1000	3	3	3	4	1	1	1	1	1	1	0	0	0	0	0	-2.00	-4.75	1.042784	4.686887	2.018867	42.757870
1413036423	1000	4	4	4	4	1	1	0	1	1	1	0	0	0	0	0	-2.00	-4.75	1.041172	4.680439	2.004610	42.440781
1413036424	1000	8	8	4	7	2	2	2	0	7	0	0	2	0	0	0	-2.00	-4.75	1.041978	4.686887	2.008887	42.482594
1413036425	1000	5	2	4	6	2	2	2	0	1	1	0	1	1	0	0	-2.00	-4.75	1.041978	4.690110	2.010313	42.483810
1413036426	1000	4	1	4	5	0	2	0	0	1	1	0	0	0	0	0	-2.00	-4.75	1.041978	4.688498	2.001759	42.266983
1413036427	1000	4	5	5	1	2	2	0	1	0	0	0	0	0	0	0	-2.00	-4.75	1.041172	4.686887	2.000333	42.246635
1413036428	1000	7	1	1	7	1	0	4	0	0	0	0	0	0	0	0	-2.00	-4.75	1.041172	4.683663	2.011739	42.599442
1413036429	1000	9	4	6	7	1	3	3	0	2	0	0	1	0	0	0	-2.00	-4.75	1.041978	4.690110	2.014590	42.601704
1413036430	1000	4	5	4	2	1	1	1	1	1	0	0	0	0	0	0	-2.00	-4.75	1.040366	4.686887	2.016016	42.679218
1413036431	1000	5	4	4	2	1	2	0	0	1	0	0	0	0	0	0	-2.00	-4.75	1.039560	4.685275	2.007462	42.462315
1413036432	1000	6	1	4	3	1	0	2	0	0	0	0	0	0	0	0	-2.00	-4.75	1.039560	4.685275	2.053086	43.721176
1413036433	1000	3	5	6	2	1	0	0	3	1	0	0	0	0	0	0	-2.00	-4.75	1.038755	4.682051	2.017442	42.776020
1413036434	1000	6	6	7	4	3	4	0	1	0	1	1	0	0	0	0	-2.00	-4.75	1.037949	4.680439	2.018867	42.834579
1413036435	1000	5	5	3	5	1	1	1	0	0	0	0	0	0	0	0	-2.00	-4.75	1.038755	4.688498	2.021719	42.817356
1413036436	1000	2	4	1	5	2	0	2	0	3	0	0	2	0	0	0	-2.00	-4.75	1.037143	4.682051	2.021719	42.894123
1413036437	1000	4	4	5	9	0	1	2	1	3	2	0	0	0	1	0	-2.00	-4.75	1.037949	4.688498	2.023145	42.856667
1413036438	1000	6	7	7	6	2	2	1	0	3	1	0	1	0	0	0	-2.00	-4.75	1.036337	4.678828	2.016016	42.775002
1413036439	1000	2	6	2	6	1	0	0	0	2	2	0	0	0	0	0	-2.00	-4.75	1.035531	4.678828	2.024571	43.011360
1413036440	1000	5	10	4	7	1	1	0	2	4	0	0	0	0	0	0	-2.00	-4.75	1.036337	4.680439	2.027422	43.070862
1413036441	1000	8	3	9	4	1	5	0	0	1	1	0	0	0	0	0	-2.00	-4.75	1.036337	4.683663	2.025996	42.992966
1413036442	1000	1	4	5	5	0	1	0	0	2	0	0	0	0	0	0	-2.00	-4.75	1.036337	4.683663	2.028848	43.071674
1413036443	1000	7	4	5	4	2	3	0	0	2	0	0	0	0	0	0	-2.00	-4.75	1.037143	4.686887	2.020293	42.797199
1413036444	1000	8	9	2	5	2	2	1	0	2	0	0	0	0	0	0	-2.00	-4.75	1.035531	4.678828	2.031699	43.208332
1413036445	1000	3	2	3	2	1	1	0	0	1	0	0	0	0	0	0	-2.00	-4.75	1.034725	4.675604	2.033125	43.286453
1413036446	1000	5	2	3	8	0	1	3	0	1	2	0	0	0	0	0	-2.00	-4.75	1.036337	4.680439	2.034551	43.267761
1413036447	1000	1	4	3	5	0	1	0	1	2	0	0	0	0	0	0	-2.00	-4.75	1.035531	4.680439	2.035977	43.307140
1413036448	1000	2	0	3	6	0	0	0	0	0	3	0	0	0	0	0	-2.00	-4.75	1.034725	4.678828	2.035977	43.326508
1413036449	1000	3	7	2	7	1	0	0	1	3	1	0	0	0	0	0	-2.00	-4.75	1.035531	4.677216	2.038828	43.424709
1413036450	1000	5	3	2	2	2	2	1	1	2	0	1	1	0	0	0	-2.00	-4.75	1.034725	4.675604	2.038828	43.444138
1413036451	1000	2	6	2	5	1	1	0	1	3	0	1	0	0	0	0	-2.00	-4.75	1.034725	4.680439	2.034551	43.267761
1413036452	1000	2	5	2	7	1	0	1	0	3	0	0	0	0	0	0	-2.00	-4.75	1.034725	4.680439	2.040254	43.425282
1413036453	1000	3	1	4	1	0	2	0	1	0	0	0	0	0	0	0	-2.00	-4.75	1.033919	4.675604	2.043105	43.562397
1413036454	1000	4	5	3	5	2	1	1	0	1	0	0	0	0	0	0	-2.00	-4.75	1.033919	4.675604	2.040254	43.483551
1413036455	1000	2	2	1	1	0	0	0	1	0	0	0	0	0	0	0	-2.00	-5.00	1.033114	4.680439	2.045957	43.582798
1413036456	1000	4	5	4	3	1	1	0	0	3	0	0	0	0	0	0	-2.00	-4.75	1.033114	4.678828	2.045957	43.602264
1413036457	1000	3	5	3	7	0	2	1	1	3	0	0	0	0	0	0	-2.00	-4.75	1.033114	4.677216	2.045957	43.621746
1413036458	1000	2	3	1	6	0	0	1	0	3	0	0	0	0	0	0	-2.00	-5.00	1.032308	4.677216	2.048808	43.700558
1413036459	1000	3	2	2	4	0	1	0	0	1	1	0	0	0	0	0	-2.00	-4.75	1.033114	4.678828	2.083026	44.626503
1413036460	1000	6	4	2	2	2	0	0	0	1	0	0	0	0	0	0	-2.00	-5.00	1.031502	4.675604	2.050234	43.759502
1413036461	1000	3	6	5	3	1	1	0	0	2	0	0	0	0	0	0	-2.00	-5.00	1.031502	4.672381	2.047383	43.719711
1413036462	1000	1	4	0	5	0	0	0	0	3	0	0	0	0	0	0	-2.00	-5.00	1.032308	4.677216	2.053086	43.818783
1413036463	1000	5	4	4	4	1	4	0	1	2	0	1	0	0	0	0	-2.00	-4.75	1.032308	4.675604	2.053086	43.838345
1413036464	1000	5	4	7	1	2	2	0	0	0	0	0	0	0	0	0	-2.00	-4.75	1.032308	4.675604	2.055937	43.917187
1413036465	1000	3	8	6	8	1	1	0	1	4	2	0	0	0	0	0	-2.00	-5.00	1.029890	4.669158	2.055937	43.995670
1413036466	1000	4	6	3	4	1	1	0	1	1	1	0	0	0	0	0	-2.00	-5.00	1.030696	4.669158	2.053086	43.916721
1413036467	1000	3	6	4	2	3	0	1	1	1	0	0	1	0	0	0	-2.00	-5.00	1.031502	4.672381	2.057363	43.995853
1413036468	1000	5	0	3	4	0	2	1	0	0	1	0	0	1	0	0	-2.00	-5.00	1.030696	4.673993	2.057363	43.976227
1413036469	1000	5	2	3	2	1	2	0	0	0	1	0	0	0	0	0	-2.00	-5.00	1.030696	4.672381	2.057363	43.995853
1413036470	1000	3	4	2	4	0	0	1	0	2	0	0	0	0	0	0	-2.00	-5.00	1.029084	4.669158	2.051660	43.877254
1413036471	1000	4	4	2	6	0	1	1	0	2	1	0	0	0	0	0	-2.00	-5.00	1.027473	4.667546	2.061640	44.173283
1413036472	1000	4	4	8	7	1	1	1	1	1	1	0	0	0	0	0	-2.00	-5.00	1.029084	4.672381	2.063066	44.153645
1413036473	1000	7	5	5	6	0	3	1	0	3	0	0	0	0	0	0	-2.00	-5.00	1.029890	4.678828	2.067343	44.193172
1413036474	1000	4	7	4	7	1	3	1	0	3	0	0	1	0	0	0	-2.00	-5.00	1.029890	4.673993	2.060215	44.055096
1413036475	1000	5	3	4	4	0	3	0	0	2	1	0	0	0	0	0	-2.00	-5.00	1.029084	4.672381	2.057363	43.995853
1413036476	1000	3	4	4	3	1	2	1	0	2	0	0	1	0	0	0	-2.00	-5.00	1.029084	4.673993	2.070195	44.331131
1413036477	1000	4	3	6	2	1	3	0	1	1	0	0	0	0	0	0	-2.00	-5.00	1.028278	4.675604	2.071620	44.350819
1413036478	1000	1	5	2	3	0	0	0	0	2	0	0	0	0	0	0	-2.00	-5.00	1.027473	4.672381	2.071620	44.390331
1413036479	1000	2	0	2	1	0	1	0	0	0	1	0	0	0	0	0	-2.00	-5.00	1.029084	4.675604	2.073046	44.390232
1413036480	1000	9	1	3	2	1	1	2	0	0	0	0	0	0	0	0	-2.00	-5.00	1.027473	4.672381	2.070195	44.350880
1413036481	1000	3	5	2	4	0	0	1	1	1	0	0	0	0	0	0	-2.00	-5.00	1.025861	4.669158	2.073046	44.469372
1413036482	1000	7	3	5	2	1	4	0	0	1	1	0	0	0	0	0	-2.00	-5.00	1.026667	4.672381	2.077323	44.548122
1413036483	1000	3	6	6	4	0	2	1	2	2	0	0	0	0	0	0	-2.00	-5.00	1.025861	4.670769	2.065917	44.252270
1413036484	1000	5	2	8	2	1	2	1	1	1	0	0	1	0	0	0	-2.00	-5.00	1.025861	4.673993	2.080175	44.607170
1413036485	1000	4	6	2	4	2	0	1	2	1	0	0	0	0	0	0	-2.00	-5.00	1.025861	4.667546	2.078749	44.647144
1413036486	1000	5	3	3	4	2	3	0	2	0	0	2	0	0	0	0	-2.00	-5.00	1.025055	4.667546	2.070195	44.410213
1413036487	1000	5	7	2	5	1	2	0	0	3	0	0	0	0	0	0	-2.00	-5.00	1.023443	4.665934	2.078749	44.667030
1413036488	1000	4	2	1	1	1	1	0	0	0	0	0	0	0	0	0	-2.00	-5.00	1.025055	4.670769	2.083026	44.725803
1413036489	1000	5	6	4	1	2	1	1	0	1	0	0	1	0	0	0	-2.00	-5.00	1.024249	4.667546	2.084452	44.805115
1413036490	1000	2	4	3	2	1	0	1	1	2	0	0	1	0	0	0	-2.00	-5.00	1.023443	4.667546	2.083026	44.765617
1413036491	1000	7	6	4	3	2	4	1	1	3	1	1	1	1	1	1	-2.00	-5.00	1.025055	4.669158	2.077323	44.587803
1413036492	1000	4	6	8	9	1	2	1	2	3	0	0	0	0	0	0	-2.00	-5.00	1.023443	4.664322	2.087304	44.924042
1413036493	1000	1	3	4	4	0	1	1	1	0	1	0	0	1	0	0	-2.00	-5.00	1.024249	4.665934	2.085878	44.864555
1413036494	1000	1	4	3	4	0	1	0	0	2	0	0	0	0	0	0	-2.00	-5.00	1.025055	4.670769	2.091581	44.962578
1413036495	1000	1	8	1	8	0	0	0	1	6	0	0	0	0	0	0	-2.00	-5.00	1.023443	4.665934	2.088730	44.943558
1413036496	1000	2	4	5	5	0	0	0	1	1	2	0	0	0	0	0	-2.00	-5.00	1.025055	4.669158	2.093007	45.022034
1413036497	1000	3	4	2	4	0	1	0	0	3	1	0	0	0	0	0	-2.00	-5.00	1.024249	4.667546	2.094433	45.081532
1413036498	1000	2	2	0	6	0	0	2	0	1	0	0	0	0	0	0	-2.00	-5.00	1.024249	4.670769	2.095858	45.080956
1413036499	1000	5	6	4	3	2	1	0	2	1	0	0	0	0	0	0	-2.00	-5.00	1.023443	4.667546	2.087304	44.884087
1413036500	1000	1	5	4	7	0	1	0	0	4	1	0	0	0	0	0	-2.00	-5.00	1.023443	4.669158	2.100136	45.219410
1413036501	1000	3	4	4	2	0	1	0	2	1	0	0	0	0	0	0	-2.00	-5.00	1.023443	4.662711	2.095858	45.181213
1413036502	1000	8	2	5	2	0	3	1	1	1	0	0	0	0	0	0	-2.00	-5.00	1.022637	4.659487	2.158592	46.961929
1413036503	1000	3	2	2	3	2	1	1	0	0	2	0	0	1	0	0	-2.00	-5.00	1.022637	4.661099	2.098710	45.280392
1413036504	1000	4	6	2	3	1	2	0	0	3	0	0	0	0	0	0	-2.00	-5.00	1.022637	4.664322	2.102987	45.358719
1413036505	1000	2	5	7	7	1	1	0	1	2	1	0	0	0	0	0	-2.00	-5.00	1.022637	4.667546	2.101561	45.278976
1413036506	1000	4	5	1	4	4	1	1	1	2	0	1	1	0	0	0	-2.00	-5.00	1.021832	4.664322	2.094433	45.121616
1413036507	1000	4	2	6	2	0	1	1	0	1	0	0	0	0	0	0	-2.00	-5.00	1.021026	4.664322	2.071620	44.489361
1413036508	1000	5	2	5	4	1	3	0	0	1	0	0	0	0	0	0	-2.00	-5.25	1.020220	4.661099	2.107264	45.517654
1413036509	1000	3	0	4	3	0	2	0	0	0	1	0	0	0	0	0	-2.00	-5.25	1.021026	4.665934	2.108690	45.496590
1413036510	1000	3	1	2	2	0	0	0	1	0	0	0	0	0	0	0	-2.00	-5.00	1.021832	4.665934	2.110116	45.536091
1413036511	1000	3	2	5	2	0	2	0	0	2	0	0	0	0	0	0	-2.00	-5.00	1.022637	4.665934	2.111542	45.575592
1413036512	1000	2	2	3	1	0	0	1	1	0	0	0	0	0	0	0	-2.00	-5.25	1.021026	4.665934	2.101561	45.299076
1413036513	1000	4	6	6	7	1	1	1	1	3	3	0	1	0	0	0	-2.00	-5.25	1.021026	4.665934	2.114393	45.654602
1413036514	1000	6	5	3	6	0	2	2	0	2	1	0	0	0	0	0	-2.00	-5.25	1.020220	4.661099	2.110116	45.596745
1413036515	1000	4	2	3	4	0	2	1	0	1	0	0	0	0	0	0	-2.00	-5.25	1.021026	4.665934	2.104413	45.378086
1413036516	1000	2	2	4	3	1	0	1	0	0	1	0	0	0	0	0	-2.50	-5.25	1.020220	4.662711	2.115819	45.734634
1413036517	1000	6	6	4	6	1	2	1	1	4	0	0	0	0	0	0	-2.50	-5.25	1.020220	4.664322	2.115819	45.714367
1413036518	1000	2	3	3	2	0	1	0	0	1	0	0	0	0	0	0	-2.50	-5.00	1.020220	4.657876	2.107264	45.558098
1413036519	1000	5	4	4	7	2	2	1	0	3	0	0	1	0	0	0	-2.00	-5.25	1.019414	4.659487	2.118670	45.854328
1413036520	1000	3	3	2	4	0	0	1	1	1	0	0	0	0	0	0	-2.00	-5.25	1.020220	4.661099	2.120096	45.873547
1413036521	1000	4	2	3	3	0	0	2	1	0	0	0	0	0	0	0	-2.00	-5.25	1.020220	4.661099	2.120096	45.873547
1413036522	1000	4	2	2	5	0	2	1	0	1	0	0	0	0	0	0	-2.50	-5.25	1.020220	4.664322	2.114393	45.674839
1413036523	1000	3	3	1	3	1	0	1	0	1	0	0	0	0	0	0	-2.50	-5.25	1.018608	4.659487	2.112967	45.696095
1413036524	1000	6	3	2	4	0	2	0	0	2	0	0	0	0	0	0	-2.50	-5.25	1.016996	4.654652	2.120096	45.954990
1413036525	1000	6	3	4	3	0	1	1	0	1	1	0	0	0	0	0	-2.50	-5.25	1.019414	4.659487	2.124373	46.012554
1413036526	1000	2	1	2	3	0	0	0	0	1	0	0	0	0	0	0	-2.50	-5.25	1.017802	4.656264	2.125799	46.092945
1413036527	1000	3	3	3	1	1	2	0	0	1	0	0	0	0	0	0	-2.50	-5.25	1.020220	4.664322	2.131502	46.149040
1413036528	1000	6	2	3	2	1	2	1	0	1	0	0	0	0	0	0	-2.50	-5.25	1.019414	4.661099	2.132928	46.229435
1413036529	1000	1	2	0	3	0	0	0	0	2	0	0	0	0	0	0	-2.00	-5.25	1.017802	4.654652	2.130076	46.232174
1413036530	1000	5	4	3	3	1	2	2	0	1	1	0	0	1	0	0	-2.50	-5.25	1.018608	4.662711	2.135779	46.288048
1413036531	1000	4	1	6	2	1	2	0	0	0	1	0	0	0	0	0	-2.50	-5.25	1.018608	4.661099	2.131502	46.189892
1413036532	1000	3	4	5	3	0	3	1	0	1	2	0	0	1	0	0	-2.50	-5.25	1.017802	4.656264	2.134354	46.330452
1413036533	1000	5	3	2	4	0	1	2	0	2	1	0	0	1	0	0	-2.50	-5.25	1.018608	4.661099	2.138631	46.387608
1413036534	1000	1	3	1	2	0	0	0	1	1	0	0	0	0	0	0	-2.50	-5.25	1.017802	4.653040	2.125799	46.133831
1413036535	1000	3	3	2	1	0	1	0	1	0	0	0	0	0	0	0	-2.50	-5.25	1.017802	4.659487	2.140057	46.447685
1413036536	1000	1	2	2	3	0	0	0	1	2	1	0	0	0	1	0	-2.50	-5.25	1.017802	4.657876	2.141482	46.507801
1413036537	1000	3	4	1	1	2	0	0	1	1	0	0	0	0	0	0	-2.50	-5.25	1.017802	4.657876	2.142908	46.547367
1413036538	1000	4	3	1	2	1	0	1	1	1	0	0	0	0	0	0	-2.00	-5.25	1.018608	4.659487	2.144334	46.566357
1413036539	1000	2	5	5	3	0	2	0	0	3	0	0	0	0	0	0	-2.00	-5.25	1.017802	4.659487	2.137205	46.368572
1413036540	1000	2	1	1	3	1	0	1	0	0	0	0	0	0	0	0	-2.50	-5.25	1.017802	4.654652	2.148611	46.746952
1413036541	1000	3	4	5	3	1	1	0	0	1	1	0	0	0	0	0	-2.00	-5.25	1.016191	4.653040	2.144334	46.648785
1413036542	1000	2	5	4	4	1	1	0	2	2	1	0	0	0	1	0	-2.00	-5.25	1.016996	4.653040	2.145760	46.688396
1413036543	1000	5	6	2	3	0	1	0	0	2	0	0	0	0	0	0	-2.00	-5.25	1.017802	4.659487	2.151463	46.764145
1413036544	1000	6	3	5	1	1	3	0	0	1	0	0	0	0	0	0	-2.50	-5.25	1.018608	4.656264	2.150037	46.765884
1413036545	1000	5	2	5	5	1	2	1	0	1	2	0	1	0	0	0	-2.00	-5.25	1.016191	4.648205	2.150037	46.869370
1413036546	1000	3	4	1	3	1	0	0	0	1	0	0	0	0	0	0	-2.50	-5.25	1.016996	4.654652	2.152889	46.865746
1413036547	1000	3	3	4	3	0	2	0	0	3	0	0	0	0	0	0	-2.50	-5.25	1.016996	4.657876	2.154314	46.863941
1413036548	1000	3	1	3	2	0	1	1	0	0	1	0	0	0	0	0	-2.50	-5.25	1.016191	4.656264	2.151463	46.805466
1413036549	1000	6	5	8	2	1	3	0	1	2	0	0	0	0	0	0	-2.50	-5.25	1.016996	4.656264	2.154314	46.884636
1413036550	1000	2	3	4	3	0	1	1	1	2	1	0	0	0	1	0	-2.50	-5.25	1.015385	4.651429	2.168572	47.343060
1413036551	1000	0	4	1	3	0	0	0	0	1	1	0	0	0	0	0	-2.50	-5.25	1.016191	4.653040	2.158592	47.044907
1413036552	1000	3	4	3	4	1	0	1	1	3	1	0	1	0	0	0	-2.50	-5.25	1.015385	4.651429	2.158592	47.065689
1413036553	1000	2	3	2	3	2	0	0	0	1	1	0	0	0	0	0	-2.50	-5.25	1.016191	4.651429	2.158592	47.065689
1413036554	1000	5	3	2	1	2	1	0	0	0	0	0	0	0	0	0	-2.50	-5.25	1.016191	4.653040	2.152889	46.886459
1413036555	1000	2	4	2	5	1	1	1	0	2	1	0	0	1	0	0	-2.50	-5.25	1.015385	4.649817	2.152889	46.927921
1413036556	1000	3	4	3	2	1	2	0	0	2	0	0	0	0	0	0	-2.50	-5.25	1.014579	4.646594	2.161443	47.207443
1413036557	1000	1	3	2	5	1	1	0	1	1	0	1	0	0	0	0	-2.50	-5.25	1.016191	4.654652	2.167146	47.261726
1413036558	1000	5	1	3	2	1	2	0	0	0	1	0	0	0	0	0	-2.50	-5.25	1.015385	4.651429	2.168572	47.343060
1413036559	1000	1	2	2	2	0	0	0	0	1	0	0	0	0	0	0	-2.50	-5.25	1.014579	4.653040	2.168572	47.322186
1413036560	1000	4	1	4	3	0	2	1	0	1	2	0	0	1	0	0	-2.50	-5.25	1.013773	4.649817	2.169997	47.403595
1413036561	1000	5	3	5	4	1	1	2	2	1	0	1	0	0	0	0	-2.50	-5.25	1.012161	4.643370	2.168572	47.447662
1413036562	1000	1	2	1	4	0	0	1	0	1	1	0	0	0	0	0	-2.50	-5.25	1.012967	4.648205	2.171423	47.464165
1413036563	1000	4	4	2	4	1	2	0	0	2	0	0	0	0	0	0	-2.50	-5.25	1.012967	4.648205	2.174275	47.543468
1413036564	1000	4	2	4	4	0	2	1	0	1	1	0	0	1	0	0	-2.50	-5.25	1.012967	4.648205	2.174275	47.543468
1413036565	1000	1	1	1	2	0	0	0	0	0	0	0	0	0	0	0	-2.50	-5.25	1.013773	4.646594	2.175700	47.604115
1413036566	1000	1	1	0	4	0	0	0	0	1	0	0	0	0	0	0	-2.50	-5.25	1.012967	4.649817	2.161443	47.165760
1413036567	1000	3	0	2	2	0	1	1	0	0	0	0	0	0	0	0	-2.50	-5.25	1.012161	4.644982	2.177126	47.664799
1413036568	1000	2	5	2	3	1	0	1	0	2	0	0	0	0	0	0	-2.50	-5.25	1.012967	4.651429	2.181404	47.699699
1413036569	1000	3	4	6	3	1	1	0	2	0	0	0	0	0	0	0	-2.50	-5.25	1.012967	4.653040	2.184255	47.757927
1413036570	1000	2	3	2	4	1	1	0	1	2	1	0	0	0	1	0	-2.50	-5.25	1.012161	4.649817	2.175700	47.562149
1413036571	1000	4	2	2	4	1	1	2	0	1	0	0	0	0	0	0	-2.50	-5.25	1.012967	4.649817	2.169997	47.403595
1413036572	1000	6	5	3	5	1	1	2	1	2	1	0	0	0	1	0	-2.50	-5.25	1.012161	4.648205	2.187107	47.900356
1413036573	1000	3	2	5	4	0	1	2	1	1	2	0	0	1	0	0	-2.50	-5.25	1.012161	4.649817	2.185681	47.839630
1413036574	1000	3	2	2	2	0	0	0	0	0	0	0	0	0	0	0	-2.50	-5.25	1.012967	4.654652	2.189958	47.895306
1413036575	1000	4	4	4	1	1	0	0	2	0	1	0	0	0	0	0	-2.50	-5.25	1.013773	4.651429	2.189958	47.937458
1413036576	1000	3	1	3	1	0	3	0	0	1	0	0	0	0	0	0	-2.50	-5.25	1.012967	4.644982	2.184255	47.863209
1413036577	1000	3	6	6	6	2	1	0	1	2	0	0	0	0	0	0	-2.50	-5.25	1.011355	4.644982	2.188532	47.982243
1413036578	1000	3	3	5	2	0	2	1	1	0	1	0	0	1	0	0	-2.50	-5.25	1.012161	4.649817	2.192810	48.037834
1413036579	1000	4	3	5	2	1	2	0	1	0	1	0	0	0	0	0	-2.50	-5.25	1.011355	4.646594	2.185681	47.881783
1413036580	1000	4	5	4	1	2	2	0	1	1	0	0	0	0	0	0	-2.50	-5.25	1.011355	4.644982	2.194236	48.140976
1413036581	1000	1	3	3	2	0	0	0	1	1	0	0	0	0	0	0	-2.50	-5.25	1.011355	4.648205	2.198513	48.217587
1413036582	1000	3	4	4	2	2	1	1	1	1	0	0	1	0	0	0	-2.50	-5.25	1.010550	4.641758	2.187107	47.984840
1413036583	1000	5	2	4	4	1	3	0	0	0	1	0	0	0	0	0	-2.50	-5.25	1.010550	4.643370	2.198513	48.281258
1413036584	1000	6	3	2	1	2	2	0	0	0	0	0	0	0	0	0	-2.50	-5.25	1.011355	4.651429	2.204216	48.333710
1413036585	1000	4	4	3	0	3	2	0	2	0	0	1	0	0	0	0	-2.50	-5.25	1.010550	4.648205	2.202790	48.336548
1413036586	1000	6	2	3	2	2	1	1	0	0	1	0	0	0	0	0	-2.50	-5.25	1.010550	4.649817	2.202790	48.315311
1413036587	1000	3	4	3	3	1	1	1	0	1	0	0	0	0	0	0	-2.50	-5.25	1.008938	4.643370	2.098710	45.502636
1413036588	1000	1	2	0	3	1	0	0	0	0	0	0	0	0	0	0	-2.50	-5.25	1.008938	4.643370	2.207067	48.519421
1413036589	1000	3	3	5	2	1	0	1	1	1	0	0	1	0	0	0	-2.50	-5.25	1.008938	4.641758	2.204216	48.461338
1413036591	1000	4	2	4	1	0	2	0	1	1	0	0	0	0	0	0	-2.50	-5.25	1.008938	4.643370	2.204216	48.440033
1413036592	1000	2	2	2	5	0	1	0	0	2	0	0	0	0	0	0	-2.50	-5.25	1.008938	4.646594	2.209919	48.556129
1413036593	1000	4	3	3	3	1	2	0	0	2	1	0	0	0	0	0	-2.50	-5.50	1.007326	4.641758	2.195661	48.223091
1413036594	1000	7	4	5	6	1	3	3	0	3	1	0	1	0	0	0	-2.50	-5.25	1.008938	4.641758	2.212770	48.699585
1413036595	1000	2	2	1	4	1	0	1	0	0	0	0	0	0	0	0	-2.50	-5.25	1.008132	4.643370	2.212770	48.678196
1413036596	1000	5	0	4	4	0	1	0	0	0	1	0	0	0	0	0	-2.50	-5.25	1.008132	4.641758	2.204216	48.461338
1413036597	1000	4	2	1	2	0	1	0	0	1	0	0	0	0	0	0	-2.50	-5.25	1.008132	4.643370	2.215622	48.757587
1413036598	1000	6	2	5	0	1	3	0	0	0	0	0	0	0	0	0	-2.50	-5.25	1.008132	4.636923	2.214196	48.803596
1413036599	1000	4	2	2	4	1	0	1	0	0	1	0	0	0	0	0	-2.50	-5.25	1.007326	4.638535	2.205642	48.543739
1413036600	1000	1	2	3	2	0	1	0	1	0	0	0	0	0	0	0	-2.50	-5.25	1.008132	4.641758	2.219899	48.898132
1413036601	1000	1	1	4	5	0	0	0	0	0	1	0	0	0	0	0	-2.50	-5.50	1.007326	4.643370	2.219899	48.876675
1413036602	1000	3	3	1	4	2	1	0	0	1	0	0	0	0	0	0	-2.50	-5.25	1.008132	4.643370	2.219899	48.876675
1413036603	1000	4	4	1	2	2	1	0	0	1	0	0	0	0	0	0	-2.50	-5.50	1.008132	4.644982	2.212770	48.656822
1413036604	1000	2	5	4	5	0	1	0	1	3	0	0	0	0	0	0	-2.50	-5.50	1.006520	4.640147	2.209919	48.641548
1413036605	1000	1	3	4	2	0	1	0	0	1	1	0	0	0	0	0	-2.50	-5.50	1.006520	4.636923	2.222751	49.042103
1413036606	1000	3	4	2	4	2	1	2	1	1	0	1	1	0	0	0	-2.50	-5.50	1.007326	4.643370	2.228454	49.114838
1413036607	1000	7	5	4	5	5	1	3	1	2	0	1	2	0	0	0	-2.50	-5.50	1.007326	4.641758	2.225602	49.056965
1413036608	1000	3	5	2	2	2	1	1	1	2	0	0	1	0	0	0	-2.50	-5.50	1.008132	4.644982	2.229879	49.132992
1413036609	1000	2	7	5	4	0	0	1	1	3	0	0	0	0	0	0	-2.50	-5.25	1.008132	4.638535	2.228454	49.179512
1413036610	1000	4	1	6	2	0	3	0	0	0	1	0	0	0	0	0	-2.50	-5.50	1.006520	4.638535	2.229879	49.219250
1413036611	1000	3	2	4	3	0	2	0	2	1	1	0	0	0	1	0	-2.50	-5.50	1.006520	4.636923	2.232731	49.320343
1413036612	1000	3	3	2	2	1	2	1	0	2	0	0	1	0	0	0	-2.50	-5.25	1.007326	4.636923	2.235582	49.399845
1413036613	1000	4	4	4	3	1	2	1	3	2	1	1	1	1	1	1	-2.50	-5.50	1.007326	4.640147	2.234157	49.316822
1413036614	1000	2	4	5	0	0	1	0	1	0	0	0	0	0	0	0	-2.50	-5.25	1.008132	4.640147	2.237008	49.396271
1413036615	1000	0	2	1	2	0	0	0	0	1	0	0	0	0	0	0	-2.50	-5.25	1.007326	4.636923	2.249840	49.797337
1413036616	1000	1	2	3	2	0	0	0	0	0	1	0	0	0	0	0	-2.50	-5.50	1.004908	4.633700	2.238434	49.522758
1413036617	1000	4	0	1	1	0	0	0	0	0	0	0	0	0	0	0	-2.50	-5.50	1.004908	4.633700	2.235582	49.443199
1413036618	1000	4	4	3	4	1	1	1	2	1	0	0	0	0	0	0	-2.50	-5.50	1.004908	4.635312	2.238434	49.501041
1413036619	1000	3	3	4	3	0	1	0	1	1	1	0	0	0	0	0	-2.50	-5.50	1.006520	4.643370	2.241285	49.472084
1413036620	1000	6	1	2	1	0	1	1	0	0	1	0	0	1	0	0	-2.50	-5.50	1.004908	4.636923	5.838462	149.847229
1413036621	1000	2	2	0	1	0	0	0	0	0	0	0	0	0	0	0	-2.50	-5.50	1.005714	4.636923	2.246988	49.717842
1413036622	1000	4	2	6	3	0	3	0	0	0	0	0	0	0	0	0	-2.50	-5.50	1.004908	4.636923	2.245563	49.678093
1413036623	1000	7	3	4	2	1	2	1	1	0	0	0	0	0	0	0	-2.50	-5.50	1.005714	4.636923	2.248414	49.757587
1413036624	1000	4	4	1	1	1	0	1	0	0	0	0	0	0	0	0	-2.50	-5.50	1.004908	4.636923	2.248414	49.757587
1413036625	1000	1	4	3	4	0	1	0	1	2	1	0	0	0	0	0	-2.50	-5.50	1.006520	4.638535	2.252692	49.855022
1413036626	1000	2	3	2	4	1	1	0	1	1	0	0	0	0	0	0	-2.50	-5.50	1.004103	4.635312	2.251266	49.858917
1413036627	1000	2	5	1	3	2	0	1	1	2	0	0	1	0	0	0	-2.50	-5.50	1.004103	4.636923	2.254117	49.916592
1413036628	1000	2	1	1	2	0	1	1	0	1	0	0	0	0	0	0	-2.50	-5.50	1.004103	4.635312	2.248414	49.779385
1413036629	1000	2	3	3	3	0	0	0	0	2	1	0	0	0	0	0	-2.50	-5.50	1.004103	4.638535	2.254117	49.894760
1413036630	1000	5	2	4	3	1	2	0	1	1	1	1	0	0	0	0	-2.50	-5.50	1.004103	4.635312	2.255543	49.978207
1413036631	1000	5	4	0	5	2	0	2	0	2	0	0	1	0	0	0	-2.50	-5.50	1.004103	4.633700	2.245563	49.721645
1413036632	1000	4	1	5	1	0	4	0	1	0	0	0	0	0	0	0	-2.50	-5.50	1.003297	4.632088	2.256969	50.061771
1413036633	1000	4	1	3	1	1	2	0	0	0	0	0	0	0	0	0	-2.50	-5.50	1.004103	4.636923	2.261246	50.115337
1413036634	1000	3	2	0	2	0	0	1	0	1	0	0	0	0	0	0	-2.50	-5.50	1.004103	4.635312	2.262672	50.177017
1413036635	1000	5	4	4	5	1	2	1	1	2	1	1	0	0	0	0	-2.50	-5.50	1.003297	4.635312	2.261246	50.137260
1413036636	1000	4	0	0	0	0	0	0	0	0	0	0	0	0	0	0	-2.50	-5.50	1.003297	4.633700	2.252692	49.920532
1413036637	1000	2	4	5	5	0	1	0	1	3	1	0	0	0	0	0	-2.50	-5.50	1.003297	4.635312	2.268375	50.336071
1413036638	1000	4	3	2	1	0	0	0	1	1	1	0	0	0	1	0	-2.50	-5.50	1.003297	4.633700	2.266949	50.318298
1413036639	1000	3	2	1	3	0	0	2	0	1	0	0	0	0	0	0	-2.50	-5.50	1.001685	4.632088	2.268375	50.380096
1413036640	1000	0	4	3	2	0	0	0	2	1	0	0	0	0	0	0	-2.50	-5.50	1.002491	4.632088	2.269800	50.419888
1413036641	1000	1	4	3	0	1	0	0	1	0	0	0	0	0	0	0	-2.50	-5.50	1.002491	4.632088	2.271226	50.459679
1413036642	1000	2	7	3	2	1	1	0	1	1	0	1	0	0	0	0	-2.50	-5.50	1.002491	4.632088	2.272652	50.499470
1413036643	1000	3	3	3	1	1	0	0	0	1	0	0	0	0	0	0	-2.50	-5.50	1.001685	4.627253	2.268375	50.446255
1413036644	1000	0	1	3	0	0	0	0	0	0	0	0	0	0	0	0	-2.50	-5.50	1.002491	4.633700	2.272652	50.477409
1413036645	1000	3	3	5	2	1	1	0	2	0	1	0	0	0	0	0	-2.50	-5.50	1.001685	4.630476	2.274078	50.561356
1413036646	1000	2	4	2	4	1	1	0	0	3	0	0	0	0	0	0	-2.50	-5.50	1.001685	4.628865	2.275503	50.623276
1413036647	1000	3	4	2	4	1	2	1	0	2	1	0	0	1	0	0	-2.50	-5.50	1.000879	4.622418	2.261246	50.313171
1413036648	1000	2	2	2	0	0	1	0	0	0	0	0	0	0	0	0	-2.50	-5.50	1.000073	4.625641	2.276929	50.707409
1413036649	1000	3	5	2	2	1	1	0	0	1	1	0	0	0	0	0	-2.50	-5.50	1.001685	4.630476	2.276929	50.640961
1413036650	1000	2	2	3	2	0	0	0	0	0	1	0	0	0	0	0	-2.50	-5.50	1.002491	4.633700	2.282632	50.755859
1413036651	1000	6	5	2	1	2	0	1	0	1	0	0	1	0	0	0	-2.50	-5.50	1.002491	4.633700	2.274078	50.517189
1413036652	1000	1	1	1	2	0	1	0	0	1	0	0	0	0	0	0	-2.50	-5.50	1.001685	4.630476	2.269800	50.441940
1413036653	1000	5	2	3	2	1	2	0	0	1	0	0	0	0	0	0	-2.50	-5.50	1.001685	4.630476	2.285484	50.879799
1413036654	1000	4	3	3	1	0	1	0	1	1	0	0	0	0	0	0	-2.50	-5.50	1.000073	4.628865	2.285484	50.902016
1413036655	1000	1	0	2	0	0	1	0	0	0	0	0	0	0	0	0	-2.50	-5.50	1.000073	4.625641	2.285484	50.946499
1413036656	1000	0	3	2	4	0	0	0	0	2	0	0	0	0	0	0	-2.50	-5.50	1.000073	4.627253	2.288335	51.003914
1413036657	1000	3	3	1	3	0	1	0	0	2	0	0	0	0	0	0	-2.50	-5.50	0.999267	4.630476	2.288335	50.959412
1413036658	1000	0	0	0	0	0	0	0	0	0	0	0	0	0	0	0	-2.50	-5.50	1.000073	4.625641	2.291187	51.105885
1413036659	1000	1	2	2	3	0	0	1	0	1	0	0	0	0	0	0	-2.50	-5.50	0.999267	4.625641	2.291187	51.105885
1413036660	1000	4	4	5	7	0	2	2	1	2	0	0	0	0	0	0	-2.50	-5.50	0.999267	4.627253	2.288335	51.003914
1413036661	1000	2	1	1	3	0	1	1	0	0	0	0	0	0	0	0	-2.50	-5.50	0.999267	4.628865	2.295464	51.180744
1413036662	1000	5	3	4	3	0	1	0	0	0	1	0	0	0	0	0	-2.50	-5.50	1.000879	4.632088	2.296890	51.175926
1413036663	1000	3	2	1	2	0	1	1	0	0	0	0	0	0	0	0	-2.50	-5.50	0.999267	4.620806	2.285484	51.013340
1413036664	1000	5	4	2	2	2	1	0	0	2	0	0	0	0	0	0	-2.50	-5.50	0.999267	4.624030	2.298316	51.327499
1413036665	1000	4	1	3	2	1	1	1	0	1	0	0	1	0	0	0	-2.50	-5.50	1.000073	4.630476	2.301167	51.317650
1413036666	1000	3	1	2	0	1	1	0	0	0	0	0	0	0	0	0	-2.50	-5.50	1.000073	4.628865	2.302593	51.379841
1413036667	1000	4	1	2	0	0	2	0	0	0	0	0	0	0	0	0	-2.50	-5.50	1.000073	4.630476	2.292613	51.078815
1413036668	1000	2	3	4	0	1	2	0	2	0	0	1	0	0	0	0	-2.50	-5.50	0.999267	4.627253	2.291187	51.083584
1413036669	1000	3	1	2	3	0	1	0	0	1	1	0	0	0	0	0	-2.50	-5.50	0.999267	4.627253	2.302593	51.402237
1413036670	1000	1	2	0	5	1	0	0	0	1	0	0	0	0	0	0	-2.50	-5.50	0.999267	4.628865	2.306870	51.499290
1413036671	1000	4	3	1	5	1	0	1	1	0	0	0	0	0	0	0	-2.50	-5.50	0.998462	4.624030	2.305444	51.526806
1413036672	1000	2	3	3	6	0	1	0	0	2	1	0	0	0	0	0	-2.50	-5.50	0.998462	4.628865	2.298316	51.260384
1413036673	1000	3	0	2	4	0	2	0	0	0	0	0	0	0	0	0	-2.50	-5.50	0.998462	4.630476	2.295464	51.158428
1413036674	1000	3	2	1	1	1	0	0	0	0	0	0	0	0	0	0	-2.50	-5.50	0.996850	4.622418	2.306870	51.589146
1413036675	1000	0	2	1	3	0	0	0	0	1	0	0	0	0	0	0	-2.50	-5.50	0.997656	4.624030	2.309721	51.646378
1413036676	1000	3	2	4	2	2	1	0	0	0	1	0	0	0	0	0	-2.50	-5.50	0.998462	4.627253	2.316850	51.800568
1413036677	1000	1	2	2	2	1	0	0	0	0	1	0	0	0	0	0	-2.50	-5.50	0.998462	4.627253	2.315425	51.760738
1413036678	1000	2	4	2	4	1	0	1	0	3	0	0	1	0	0	0	-2.50	-5.50	0.997656	4.627253	2.316850	51.800568
1413036679	1000	3	4	4	3	0	1	0	2	1	0	0	0	0	0	0	-2.50	-5.50	0.999267	4.627253	2.308296	51.561569
1413036680	1000	0	1	1	3	0	0	0	0	1	1	0	0	0	0	0	-2.50	-5.50	0.996850	4.619194	2.318276	51.953400
1413036681	1000	0	0	2	1	0	0	0	0	0	0	0	0	0	0	0	-2.50	-5.50	0.997656	4.624030	2.323979	52.044991
1413036682	1000	2	2	2	1	1	1	0	1	0	0	0	0	0	0	0	-2.50	-5.50	0.996850	4.620806	2.319702	51.970661
1413036683	1000	0	2	2	0	0	0	0	0	0	0	0	0	0	0	0	-2.50	-5.50	0.997656	4.622418	2.321128	51.987896
1413036684	1000	5	3	4	4	0	1	2	0	1	0	0	0	0	0	0	-2.50	-5.50	0.996850	4.620806	2.332534	52.329647
1413036685	1000	3	2	2	3	0	1	1	1	1	1	0	0	1	0	0	-2.50	-5.50	0.997656	4.624030	2.323979	52.044991
1413036686	1000	1	2	1	2	0	0	0	0	1	0	0	0	0	0	0	-2.50	-5.50	0.998462	4.625641	2.328256	52.141895
1413036687	1000	3	0	2	2	0	1	1	0	0	0	0	0	0	0	0	-2.50	-5.50	0.998462	4.627253	2.329682	52.159061
1413036688	1000	1	2	0	2	0	0	0	0	1	0	0	0	0	0	0	-2.50	-5.50	0.998462	4.627253	2.328256	52.119228
1413036689	1000	1	3	6	3	0	0	0	2	0	1	0	0	0	0	0	-2.50	-5.50	0.998462	4.624030	2.328256	52.164574
1413036690	1000	2	1	4	1	0	1	0	0	1	0	0	0	0	0	0	-2.50	-5.50	0.996850	4.622418	2.333959	52.346767
1413036691	1000	3	1	1	2	1	0	0	0	0	0	0	0	0	0	0	-2.50	-5.50	0.996044	4.619194	2.332534	52.352421
1413036692	1000	3	1	3	1	0	2	0	0	1	0	0	0	0	0	0	-2.50	-5.50	0.998462	4.625641	2.331108	52.221588
1413036693	1000	0	2	3	3	0	0	0	0	2	1	0	0	0	0	0	-2.50	-5.50	0.997656	4.624030	2.333959	52.324013
1413036694	1000	6	2	2	2	1	2	1	1	1	0	1	0	0	0	0	-2.50	-5.50	0.998462	4.622418	2.336811	52.426514
1413036695	1000	3	3	2	2	2	1	1	2	0	0	1	0	0	0	0	-2.50	-5.50	0.996044	4.617582	2.322553	52.095798
1413036696	1000	3	3	1	4	2	1	2	0	2	1	0	1	1	0	0	-2.50	-5.50	0.996044	4.622418	2.339662	52.506264
1413036697	1000	5	0	2	1	0	1	1	0	0	0	0	0	0	0	0	-2.50	-5.50	0.996044	4.622418	2.339662	52.506264
1413036698	1000	1	0	1	0	0	1	0	0	0	0	0	0	0	0	0	-2.50	-5.50	0.996850	4.620806	2.342514	52.608871
1413036699	1000	1	3	2	3	0	1	1	0	2	1	0	0	1	0	0	-2.50	-5.50	0.996044	4.619194	2.339662	52.551929
1413036700	1000	1	3	1	2	1	0	0	1	1	0	0	0	0	0	0	-2.50	-5.50	0.998462	4.625641	2.333959	52.301281
1413036701	1000	1	4	1	3	0	0	1	1	1	0	0	0	0	0	0	-2.50	-5.50	0.995238	4.615971	2.343940	52.717442
1413036702	1000	5	3	4	2	1	2	0	2	0	0	0	0	0	0	0	-2.50	-5.50	0.996044	4.617582	2.343940	52.694530
1413036703	1000	1	3	2	1	1	0	0	0	0	1	0	0	0	0	0	-2.50	-5.50	0.996850	4.619194	2.346791	52.751446
1413036704	1000	3	1	4	4	0	0	1	0	0	1	0	0	0	0	0	-2.50	-5.50	0.996850	4.619194	2.348217	52.791348
1413036705	1000	1	3	1	3	0	0	0	0	2	0	0	0	0	0	0	-2.50	-5.50	0.995238	4.617582	2.349643	52.854198
1413036706	1000	1	4	4	2	0	1	0	1	1	0	0	0	0	0	0	-2.50	-5.50	0.996044	4.617582	2.351068	52.894119
1413036707	1000	2	2	0	5	1	0	1	0	1	0	0	0	0	0	0	-2.50	-5.50	0.996850	4.622418	2.353920	52.905006
1413036708	1000	4	3	5	4	2	3	1	2	1	0	1	1	0	0	0	-2.50	-5.50	0.996044	4.619194	2.341088	52.591831
1413036709	1000	3	1	5	2	0	3	0	0	0	1	0	0	0	0	0	-2.50	-5.50	0.996850	4.622418	2.355346	52.944885
1413036710	1000	0	1	2	2	0	0	0	0	1	0	0	0	0	0	0	-2.50	-5.50	0.995238	4.620806	2.353920	52.927975
1413036711	1000	2	0	3	1	0	1	0	0	0	0	0	0	0	0	0	-2.50	-5.50	0.994432	4.614359	2.342514	52.700428
1413036712	1000	3	3	4	4	0	1	1	1	1	1	0	0	0	0	0	-2.50	-5.50	0.995238	4.614359	2.358197	53.139820
1413036713	1000	4	2	2	2	0	1	1	0	1	0	0	0	0	0	0	-2.50	-5.50	0.996044	4.617582	2.358197	53.093697
1413036714	1000	2	3	1	5	1	0	1	0	1	0	0	1	0	0	0	-2.50	-5.50	0.995238	4.619194	2.361049	53.150467
1413036715	1000	1	3	0	2	0	0	0	0	1	0	0	0	0	0	0	-2.50	-5.50	0.996044	4.620806	2.353920	52.927975
1413036716	1000	4	4	3	0	1	2	0	1	0	0	0	0	0	0	0	-2.50	-5.50	0.996044	4.617582	2.352494	52.934032
1413036717	1000	1	2	3	2	0	1	0	0	0	0	0	0	0	0	0	-2.50	-5.50	0.994432	4.617582	2.366752	53.333191
1413036718	1000	0	1	3	5	0	0	0	0	0	2	0	0	0	0	0	-2.50	-5.75	0.993626	4.614359	2.363900	53.299595
1413036719	1000	2	7	1	3	1	0	0	0	3	0	0	0	0	0	0	-2.50	-5.50	0.995238	4.620806	2.368177	53.326859
1413036720	1000	1	1	2	1	0	1	0	0	1	0	0	0	0	0	0	-2.50	-5.50	0.994432	4.614359	2.368177	53.419422
1413036721	1000	1	1	2	1	0	1	0	1	0	0	0	0	0	0	0	-2.50	-5.50	0.996044	4.620806	2.365326	53.247078
1413036722	1000	2	0	1	0	0	1	0	0	0	0	0	0	0	0	0	-2.50	-5.75	0.993626	4.614359	2.371029	53.499306
1413036723	1000	1	0	2	4	0	0	0	0	0	1	0	0	0	0	0	-2.50	-5.50	0.994432	4.614359	2.372455	53.539253
1413036724	1000	3	1	3	1	1	2	0	0	0	0	0	0	0	0	0	-2.50	-5.50	0.994432	4.617582	2.363900	53.253361
1413036725	1000	2	1	2	1	1	1	0	0	0	0	0	0	0	0	0	-2.50	-5.50	0.995238	4.620806	2.376732	53.566185
1413036726	1000	2	2	2	1	0	1	0	0	1	0	0	0	0	0	0	-2.50	-5.50	0.995238	4.614359	2.379584	53.738979
1413036727	1000	0	3	1	0	0	0	0	1	0	0	0	0	0	0	0	-2.50	-5.75	0.993626	4.614359	2.363900	53.299595
1413036728	1000	4	1	3	2	1	1	1	0	1	0	0	1	0	0	0	-2.50	-5.75	0.993626	4.615971	2.381009	53.755627
1413036729	1000	2	3	2	3	0	1	1	1	2	2	0	0	1	1	0	-2.50	-5.50	0.994432	4.615971	2.382435	53.795559
1413036730	1000	3	2	3	6	0	2	1	0	2	0	0	0	0	0	0	-2.50	-5.50	0.994432	4.612747	2.381009	53.802231
1413036731	1000	1	2	0	1	0	0	0	0	1	0	0	0	0	0	0	-2.50	-5.50	0.994432	4.612747	2.381009	53.802231
1413036732	1000	4	1	2	2	0	0	1	1	0	0	0	0	0	0	0	-2.50	-5.50	0.993626	4.612747	2.318276	52.044079
1413036733	1000	2	2	4	1	0	1	0	1	0	0	0	0	0	0	0	-2.50	-5.75	0.992821	4.612747	2.385287	53.922104
1413036734	1000	6	2	5	1	0	1	0	1	0	0	0	0	0	0	0	-2.50	-5.75	0.993626	4.614359	2.388138	53.978642
1413036735	1000	2	4	4	2	0	2	0	2	1	0	0	0	0	0	0	-2.50	-5.50	0.993626	4.612747	2.389564	54.041977
1413036736	1000	1	1	3	1	0	1	0	1	0	0	0	0	0	0	0	-2.50	-5.50	0.993626	4.611135	2.389564	54.065380
1413036737	1000	4	2	1	0	1	0	0	0	0	0	0	0	0	0	0	-2.50	-5.50	0.993626	4.612747	2.390990	54.081932
1413036738	1000	0	3	1	2	0	0	0	0	2	0	0	0	0	0	0	-2.50	-5.50	0.992821	4.607912	2.390990	54.152248
1413036739	1000	0	1	1	2	0	0	0	0	1	1	0	0	0	0	0	-2.50	-5.75	0.992821	4.611135	2.393841	54.185295
1413036740	1000	0	1	0	1	0	0	0	0	0	0	0	0	0	0	0	-2.50	-5.50	0.993626	4.611135	2.390990	54.105358
1413036741	1000	1	1	0	1	0	0	0	0	0	0	0	0	0	0	0	-2.50	-5.50	0.994432	4.615971	2.398118	54.234791
1413036742	1000	3	1	2	0	0	2	0	0	0	0	0	0	0	0	0	-2.50	-5.50	0.994432	4.611135	2.399544	54.345181
1413036743	1000	2	0	0	0	0	0	0	0	0	0	0	0	0	0	0	-2.50	-5.50	0.994432	4.612747	2.385287	53.922104
1413036744	1000	2	1	1	1	0	1	1	0	0	0	0	0	0	0	0	-2.50	-5.50	0.992015	4.604689	2.396693	54.359318
1413036745	1000	3	3	2	2	0	1	0	0	1	0	0	0	0	0	0	-2.50	-5.50	0.994432	4.611135	2.400970	54.385159
1413036746	1000	4	1	2	1	0	0	1	0	0	0	0	0	0	0	0	-2.50	-5.50	0.994432	4.611135	2.402395	54.425129
1413036747	1000	3	2	2	2	1	0	0	0	0	1	0	0	0	0	0	-2.50	-5.50	0.993626	4.609524	2.393841	54.208763
1413036748	1000	2	1	1	1	0	1	1	0	0	0	0	0	0	0	0	-2.50	-5.50	0.993626	4.609524	2.475109	56.487968
1413036749	1000	1	2	3	4	0	1	0	1	2	1	0	0	0	1	0	-2.50	-5.50	0.992821	4.607912	2.408098	54.632244
1413036750	1000	3	3	2	3	1	2	0	1	2	0	1	0	0	0	0	-2.50	-5.75	0.992015	4.607912	2.406673	54.592243
1413036751	1000	5	1	1	3	0	1	1	0	0	0	0	0	0	0	0	-2.50	-5.50	0.994432	4.611135	2.410950	54.664967
1413036752	1000	2	1	2	0	0	0	0	1	0	0	0	0	0	0	0	-2.50	-5.50	0.993626	4.611135	2.410950	54.664967
1413036753	1000	1	0	0	1	0	0	0	0	0	0	0	0	0	0	0	-2.50	-5.75	0.992821	4.609524	2.400970	54.408695
1413036754	1000	0	0	2	0	0	0	0	0	0	0	0	0	0	0	0	-2.50	-5.50	0.992821	4.606300	2.410950	54.735912
1413036755	1000	0	1	3	5	0	0	0	0	1	2	0	0	0	0	0	-2.50	-5.50	0.993626	4.607912	2.413802	54.792248
1413036756	1000	2	0	2	0	0	1	0	0	0	0	0	0	0	0	0	-2.50	-5.50	0.993626	4.607912	2.408098	54.632244
1413036757	1000	1	2	0	3	0	0	1	0	0	0	0	0	0	0	0	-2.50	-5.50	0.994432	4.612747	2.418079	54.841137
1413036758	1000	1	1	1	2	0	1	0	0	0	0	0	0	0	0	0	-2.50	-5.50	0.993626	4.609524	2.418079	54.888527
1413036759	1000	2	2	2	1	0	1	0	0	1	0	0	0	0	0	0	-2.50	-5.50	0.993626	4.606300	2.408098	54.655880
1413036760	1000	2	2	3	1	1	1	0	0	0	0	0	0	0	0	0	-2.50	-5.50	0.992821	4.603077	2.419505	55.023548
1413036761	1000	3	3	2	3	0	1	0	0	2	0	0	0	0	0	0	-2.50	-5.50	0.994432	4.609524	2.423782	55.048477
1413036762	1000	1	1	1	2	0	0	0	0	1	0	0	0	0	0	0	-2.50	-5.50	0.993626	4.606300	2.423782	55.096039
1413036763	1000	1	2	2	1	0	0	0	1	1	0	0	0	0	0	0	-2.50	-5.50	0.994432	4.611135	2.416653	54.824852
1413036764	1000	1	1	2	1	0	1	0	0	1	0	0	0	0	0	0	-2.50	-5.50	0.993626	4.607912	2.416653	54.872242
1413036765	1000	2	1	2	1	0	0	1	0	0	0	0	0	0	0	0	-2.50	-5.50	0.993626	4.604689	2.428059	55.239929
1413036766	1000	3	3	4	2	0	2	0	0	1	0	0	0	0	0	0	-2.50	-5.50	0.994432	4.611135	2.430911	55.224567
1413036767	1000	3	0	3	4	0	1	1	0	0	1	0	0	0	0	0	-2.50	-5.50	0.994432	4.607912	2.432336	55.312248
1413036768	1000	1	1	1	1	1	1	0	1	0	0	1	0	0	0	0	-2.50	-5.50	0.993626	4.607912	2.430911	55.272243
1413036769	1000	3	1	3	5	0	0	2	0	1	1	0	0	0	0	0	-2.50	-5.50	0.993626	4.606300	2.425208	55.136047
1413036770	1000	1	2	1	2	0	0	0	1	1	0	0	0	0	0	0	-2.50	-5.50	0.992821	4.607912	2.438039	55.472244
1413036771	1000	3	2	1	2	0	1	0	0	2	0	0	0	0	0	0	-2.50	-5.50	0.992821	4.606300	2.435188	55.416149
1413036772	1000	2	1	2	3	0	0	1	0	1	0	0	0	0	0	0	-2.50	-5.50	0.992015	4.601465	2.432336	55.407852
1413036773	1000	1	4	1	2	0	0	0	1	2	0	0	0	0	0	0	-2.50	-5.50	0.992821	4.606300	2.439465	55.536186
1413036774	1000	3	0	2	1	0	1	0	0	0	1	0	0	0	0	0	-2.50	-5.50	0.993626	4.607912	2.440891	55.552246
1413036775	1000	0	2	0	4	0	0	0	0	2	0	0	0	0	0	0	-2.50	-5.50	0.993626	4.604689	2.452297	55.920406
1413036776	1000	1	2	2	2	0	1	0	0	1	0	0	0	0	0	0	-2.50	-5.50	0.992821	4.606300	2.443743	55.656239
1413036777	1000	2	2	0	1	0	0	0	0	1	0	0	0	0	0	0	-2.50	-5.50	0.993626	4.607912	2.443743	55.632248
1413036778	1000	0	0	2	1	0	0	0	0	0	1	0	0	0	0	0	-2.50	-5.50	0.993626	4.607912	2.445168	55.672249
1413036779	1000	3	1	4	3	1	3	0	1	0	1	1	0	0	0	0	-2.50	-5.50	0.993626	4.606300	2.445168	55.696251
1413036780	1000	1	0	1	0	0	1	0	0	0	0	0	0	0	0	0	-2.50	-5.50	0.994432	4.604689	2.480812	56.720966
1413036781	1000	0	2	4	5	0	0	0	1	1	2	0	0	0	0	0	-2.50	-5.50	0.993626	4.603077	2.452297	55.944515
1413036782	1000	3	4	4	2	2	1	0	0	1	0	0	0	0	0	0	-2.50	-5.50	0.993626	4.604689	2.453723	55.960438
1413036783	1000	2	4	2	3	0	1	0	0	3	0	0	0	0	0	0	-2.50	-5.50	0.992821	4.603077	2.452297	55.944515
1413036784	1000	2	1	3	1	0	1	0	0	0	0	0	0	0	0	0	-2.50	-5.50	0.993626	4.604689	2.455148	56.000465
1413036785	1000	5	0	3	0	0	3	0	0	0	0	0	0	0	0	0	-2.50	-5.50	0.993626	4.604689	2.458000	56.080521
1413036786	1000	1	1	1	1	0	1	0	0	1	0	0	0	0	0	0	-2.50	-5.50	0.992821	4.601465	2.458000	56.128860
1413036787	1000	4	1	1	3	0	1	2	0	1	0	0	0	0	0	0	-2.50	-5.50	0.992015	4.601465	2.458000	56.128860
1413036788	1000	2	3	1	1	1	1	0	0	0	0	0	0	0	0	0	-2.50	-5.50	0.992821	4.603077	2.448020	55.824390
1413036789	1000	2	2	0	2	0	0	0	0	1	0	0	0	0	0	0	-2.50	-5.50	0.992821	4.603077	2.460851	56.184765
1413036790	1000	2	4	1	5	0	0	0	1	2	0	0	0	0	0	0	-2.50	-5.50	0.993626	4.601465	2.463703	56.289085
1413036791	1000	2	3	4	1	0	1	0	2	0	0	0	0	0	0	0	-2.50	-5.50	0.992821	4.596630	2.376732	53.915901
1413036792	1000	1	1	3	2	0	1	0	0	1	0	0	0	0	0	0	-2.50	-5.50	0.992821	4.603077	2.466554	56.344929
1413036793	1000	4	1	4	0	0	1	0	0	0	0	0	0	0	0	0	-2.50	-5.50	0.992821	4.601465	2.467980	56.409248
1413036794	1000	2	4	3	3	1	0	0	1	2	1	0	0	0	0	0	-2.50	-5.50	0.992821	4.603077	2.469406	56.425018
1413036795	1000	2	2	1	2	0	1	0	0	2	0	0	0	0	0	0	-2.50	-5.50	0.992821	4.604689	2.459426	56.120544
1413036796	1000	3	2	4	0	0	2	0	1	0	0	0	0	0	0	0	-2.50	-5.50	0.992821	4.603077	5.838462	151.044113
1413036797	1000	3	2	0	1	1	0	0	0	0	0	0	0	0	0	0	-2.50	-5.50	0.992015	4.599854	2.473683	56.593826
1413036798	1000	1	0	1	3	0	1	0	0	0	0	0	0	0	0	0	-2.50	-5.50	0.992015	4.599854	2.472258	56.553761
1413036799	1000	1	4	1	4	1	0	0	0	1	1	0	0	0	0	0	-2.50	-5.50	0.993626	4.604689	2.476535	56.600887
1413036800	1000	3	2	2	2	0	1	0	0	0	0	0	0	0	0	0	-2.50	-5.50	0.992821	4.603077	2.479386	56.705311
1413036801	1000	1	2	1	2	0	0	0	0	2	0	0	0	0	0	0	-2.50	-5.50	0.992821	4.601465	2.477961	56.689648
1413036802	1000	3	2	2	2	0	1	0	0	1	0	0	0	0	0	0	-2.50	-5.50	0.992015	4.595018	2.477961	56.787323
1413036803	1000	2	1	1	2	0	1	1	0	1	0	0	0	0	0	0	-2.50	-5.50	0.993626	4.603077	2.483664	56.825436
1413036804	1000	0	2	3	1	0	0	0	0	1	0	0	0	0	0	0	-2.50	-5.50	0.992821	4.598242	2.469406	56.497940
1413036805	1000	0	0	0	0	0	0	0	0	0	0	0	0	0	0	0	-2.50	-5.50	0.992821	4.599854	2.483664	56.874321
1413036806	1000	2	3	1	2	0	0	0	1	1	0	0	0	0	0	0	-2.50	-5.50	0.992821	4.593407	2.483664	56.972282
1413036807	1000	2	2	0	2	1	0	0	0	1	0	0	0	0	0	0	-2.50	-5.50	0.992821	4.596630	2.495070	57.244045
1413036808	1000	4	3	0	4	1	0	1	0	2	0	0	0	0	0	0	-2.50	-5.50	0.992015	4.598242	2.487941	57.019035
1413036809	1000	0	1	3	1	0	0	0	1	0	0	0	0	0	0	0	-2.50	-5.50	0.992821	4.598242	2.489367	57.059116
1413036810	1000	5	1	5	0	0	5	0	0	0	0	0	0	0	0	0	-2.50	-5.50	0.994432	4.604689	2.492218	57.041187
1413036811	1000	2	2	1	1	2	0	0	0	0	0	0	0	0	0	0	-2.50	-5.50	0.993626	4.601465	2.483664	56.849865
1413036812	1000	0	2	0	1	0	0	0	0	1	0	0	0	0	0	0	-2.50	-5.50	0.994432	4.603077	2.483664	56.825436
1413036813	1000	1	1	2	1	0	1	0	1	1	1	0	0	0	1	0	-2.50	-5.50	0.992015	4.593407	2.495070	57.293293
1413036814	1000	2	3	2	0	0	1	0	1	0	0	0	0	0	0	0	-2.50	-5.50	0.992821	4.596630	2.496495	57.284145
1413036815	1000	1	2	3	1	0	0	0	1	0	0	0	0	0	0	0	-2.50	-5.50	0.994432	4.603077	2.500772	57.305935
1413036816	1000	3	1	2	2	0	2	0	0	1	0	0	0	0	0	0	-2.50	-5.50	0.993626	4.599854	2.502198	57.395222
1413036817	1000	2	2	2	1	0	2	0	1	0	0	0	0	0	0	0	-2.50	-5.50	0.993626	4.596630	2.497921	57.324245
1413036818	1000	1	1	3	2	0	1	0	0	1	0	0	0	0	0	0	-2.50	-5.50	0.992821	4.595018	2.503624	57.509331
1413036819	1000	1	3	1	0	1	0	0	1	0	0	0	0	0	0	0	-2.50	-5.50	0.992821	4.596630	2.503624	57.484634
1413036820	1000	0	1	0	0	0	0	0	0	0	0	0	0	0	0	0	-2.50	-5.50	0.992821	4.598242	2.496495	57.259537
1413036821	1000	4	2	4	4	0	2	1	0	1	0	0	0	0	0	0	-2.50	-5.50	0.992821	4.598242	2.507901	57.580215
1413036822	1000	2	1	5	3	0	2	0	0	1	1	0	0	0	0	0	-2.50	-5.50	0.992821	4.598242	2.507901	57.580215
1413036823	1000	2	0	2	1	0	2	0	0	0	0	0	0	0	0	0	-2.50	-5.50	0.992015	4.593407	2.496495	57.333416
1413036824	1000	1	4	4	3	1	0	0	1	1	1	0	0	0	0	0	-2.50	-5.50	0.992821	4.595018	2.510753	57.709892
1413036825	1000	1	0	0	2	0	0	1	0	0	0	0	0	0	0	0	-2.50	-5.50	0.992821	4.593407	2.512179	57.774803
1413036826	1000	1	0	3	2	0	1	0	0	0	0	0	0	0	0	0	-2.50	-5.50	0.993626	4.599854	2.516456	57.795925
1413036827	1000	0	0	2	0	0	0	0	0	0	0	0	0	0	0	0	-2.50	-5.50	0.994432	4.599854	2.517882	57.835991
1413036828	1000	1	1	3	0	0	0	0	1	0	0	0	0	0	0	0	-2.50	-5.50	0.993626	4.598242	2.505050	57.500046
1413036829	1000	2	3	1	2	1	0	0	0	2	0	0	0	0	0	0	-2.50	-5.50	0.992821	4.593407	2.519307	57.975437
1413036830	1000	4	3	4	4	0	2	1	1	0	1	0	0	0	0	0	-2.50	-5.50	0.993626	4.598242	2.522159	57.981045
1413036831	1000	2	1	3	0	0	2	0	1	0	0	0	0	0	0	0	-2.50	-5.50	0.992821	4.593407	2.519307	57.975437
1413036832	1000	0	1	1	1	0	0	0	0	1	0	0	0	0	0	0	-2.50	-5.50	0.993626	4.598242	2.525010	58.061214
1413036833	1000	2	1	1	0	0	1	0	0	0	0	0	0	0	0	0	-2.50	-5.50	0.993626	4.590183	2.519307	58.025227
1413036834	1000	1	3	1	1	1	0	0	0	0	0	0	0	0	0	0	-2.50	-5.50	0.993626	4.596630	2.529288	58.206402
1413036835	1000	1	1	3	0	0	1	0	0	0	0	0	0	0	0	0	-2.50	-5.50	0.992821	4.591795	2.526436	58.201023
1413036836	1000	0	3	1	2	0	0	0	0	1	1	0	0	0	0	0	-2.50	-5.50	0.994432	4.599854	2.522159	57.956203
1413036837	1000	2	1	1	3	1	0	1	0	0	0	0	0	0	0	0	-2.50	-5.50	0.992821	4.591795	2.529288	58.281307
1413036838	1000	0	2	2	1	0	0	0	0	1	0	0	0	0	0	0	-2.50	-5.50	0.993626	4.590183	2.532139	58.386612
1413036839	1000	1	1	0	1	0	0	0	0	1	0	0	0	0	0	0	-2.50	-5.50	0.994432	4.593407	2.520733	58.015560
1413036840	1000	3	0	3	1	0	2	0	0	0	0	0	0	0	0	0	-2.50	-5.50	0.993626	4.593407	2.536417	58.456959
1413036841	1000	0	1	1	0	0	0	0	0	0	0	0	0	0	0	0	-2.50	-5.50	0.993626	4.591795	2.537842	58.522148
1413036842	1000	0	2	2	3	0	0	0	1	1	0	0	0	0	0	0	-2.50	-5.50	0.993626	4.590183	2.537842	58.547237
1413036843	1000	0	1	0	0	0	0	0	0	0	0	0	0	0	0	0	-2.50	-5.50	0.993626	4.591795	2.529288	58.281307
1413036844	1000	1	1	0	0	0	0	0	0	0	0	0	0	0	0	0	-2.50	-5.50	0.993626	4.591795	2.530713	58.321442
1413036845	1000	1	3	1	1	0	0	0	1	1	0	0	0	0	0	0	-2.50	-5.50	0.993626	4.591795	2.546397	58.762989
1413036846	1000	1	0	1	0	0	1	0	0	0	0	0	0	0	0	0	-2.50	-5.50	0.994432	4.596630	2.549248	58.767773
1413036847	1000	0	2	4	2	0	0	0	1	1	1	0	0	0	1	0	-2.50	-5.50	0.994432	4.596630	2.547822	58.727680
1413036848	1000	0	1	0	1	0	0	0	0	0	0	0	0	0	0	0	-2.50	-5.50	0.994432	4.593407	2.547822	58.777962
1413036849	1000	1	1	2	2	0	1	0	0	1	0	0	0	0	0	0	-2.50	-5.50	0.995238	4.591795	2.550674	58.883419
1413036850	1000	4	2	1	4	0	0	1	1	0	0	0	0	0	0	0	-2.50	-5.50	0.993626	4.590183	2.550674	58.908630
1413036851	1000	0	2	2	2	0	0	0	1	1	0	0	0	0	0	0	-2.50	-5.50	0.993626	4.591795	2.552100	58.923546
1413036852	1000	1	1	3	4	0	0	1	0	0	2	0	0	0	0	0	-2.50	-5.50	0.993626	4.591795	2.552100	58.923546
1413036853	1000	0	2	3	1	0	0	0	1	0	0	0	0	0	0	0	-2.50	-5.50	0.994432	4.596630	2.559228	59.048462
1413036854	1000	2	0	1	2	0	1	0	0	0	0	0	0	0	0	0	-2.50	-5.50	0.994432	4.596630	2.557803	59.008362
1413036855	1000	5	4	2	3	3	2	1	1	2	0	1	1	0	0	0	-2.50	-5.50	0.993626	4.588572	2.552100	58.974022
1413036856	1000	2	2	2	3	0	1	1	1	1	0	0	0	0	0	0	-2.50	-5.50	0.993626	4.586960	2.560654	59.240383
1413036857	1000	0	1	1	0	0	0	0	0	0	0	0	0	0	0	0	-2.50	-5.50	0.995238	4.595018	2.563506	59.194038
1413036858	1000	2	1	0	0	0	0	0	0	0	0	0	0	0	0	0	-2.50	-5.50	0.994432	4.591795	2.564931	59.284817
1413036859	1000	1	1	2	0	0	1	0	0	0	0	0	0	0	0	0	-2.50	-5.50	0.996044	4.598242	2.569209	59.303829
1413036861	1000	2	1	2	1	1	1	0	0	0	1	0	0	0	0	0	-2.50	-5.50	0.995238	4.591795	2.552100	58.923546
1413036862	1000	2	3	4	2	0	1	0	2	1	1	0	0	0	0	0	-2.50	-5.50	0.995238	4.591795	2.567783	59.365101
1413036863	1000	1	3	1	2	0	1	0	0	2	0	0	0	0	0	0	-2.50	-5.50	0.993626	4.585348	2.567783	59.466740
1413036864	1000	1	1	0	2	0	0	1	0	1	0	0	0	0	0	0	-2.50	-5.50	0.995238	4.590183	2.572060	59.510944
1413036865	1000	1	1	0	3	0	0	1	0	1	0	0	0	0	0	0	-2.50	-5.50	0.994432	4.588572	2.570635	59.496223
1413036866	1000	0	4	1	4	0	0	0	0	3	1	0	0	0	0	0	-2.50	-5.50	0.995238	4.590183	2.573486	59.551098
1413036867	1000	2	0	1	0	0	1	0	0	0	0	0	0	0	0	0	-2.50	-5.50	0.993626	4.585348	2.574912	59.667721
1413036868	1000	2	0	0	1	0	0	1	0	0	0	0	0	0	0	0	-2.50	-5.50	0.993626	4.585348	2.576338	59.707920
1413036869	1000	2	1	1	0	1	0	0	0	0	0	0	0	0	0	0	-2.50	-5.50	0.994432	4.590183	2.566357	59.350319
1413036870	1000	0	1	2	1	0	0	0	0	0	1	0	0	0	0	0	-2.50	-5.50	0.994432	4.591795	2.580615	59.726357
1413036871	1000	1	2	1	0	1	0	0	1	0	0	0	0	0	0	0	-2.50	-5.50	0.994432	4.591795	2.583466	59.806644
1413036872	1000	2	4	2	0	1	0	0	2	0	0	0	0	0	0	0	-2.50	-5.50	0.995238	4.588572	2.569209	59.456051
1413036873	1000	3	2	3	1	0	1	0	1	0	0	0	0	0	0	0	-2.50	-5.50	0.994432	4.586960	2.584892	59.923496
1413036874	1000	2	2	1	0	1	1	0	0	0	0	0	0	0	0	0	-2.50	-5.50	0.993626	4.585348	2.586318	59.989292
1413036875	1000	3	2	1	0	1	1	0	0	0	0	0	0	0	0	0	-2.50	-5.50	0.995238	4.590183	2.589169	59.992794
1413036876	1000	0	0	1	0	0	0	0	0	0	0	0	0	0	0	0	-2.50	-5.50	0.994432	4.586960	2.589169	60.044041
1413036877	1000	2	2	3	2	0	1	0	1	1	0	0	0	0	0	0	-2.50	-5.50	0.994432	4.588572	2.577763	59.697063
1413036878	1000	1	1	3	0	0	1	0	0	0	0	0	0	0	0	0	-2.50	-5.50	0.994432	4.585348	2.593446	60.190277
1413036879	1000	2	1	0	1	0	0	0	0	0	0	0	0	0	0	0	-2.50	-5.50	0.994432	4.586960	2.593446	60.164585
1413036880	1000	0	0	1	0	0	0	0	0	0	0	0	0	0	0	0	-2.50	-5.50	0.994432	4.590183	2.596298	60.193569
1413036881	1000	0	3	0	3	0	0	0	0	2	0	0	0	0	0	0	-2.50	-5.50	0.995238	4.588572	2.599150	60.299591
1413036882	1000	2	1	4	2	0	2	0	0	1	1	0	0	0	0	0	-2.50	-5.50	0.996044	4.585348	2.599150	60.351067
1413036883	1000	3	1	6	2	0	2	0	0	1	0	0	0	0	0	0	-2.50	-5.50	0.994432	4.585348	2.600575	60.391266
1413036884	1000	0	1	2	0	0	0	0	0	0	0	0	0	0	0	0	-2.50	-5.50	0.995238	4.586960	2.602001	60.405685
1413036885	1000	0	1	0	2	0	0	0	0	1	0	0	0	0	0	0	-2.50	-5.50	0.996044	4.593407	2.606278	60.423141
1413036886	1000	1	1	6	2	0	1	0	0	0	1	0	0	0	0	0	-2.50	-5.50	0.995238	4.586960	2.604853	60.486050
1413036887	1000	2	1	1	2	0	0	1	0	0	0	0	0	0	0	0	-2.50	-5.50	0.994432	4.585348	2.607704	60.592251
1413036888	1000	0	1	1	0	0	0	0	0	0	0	0	0	0	0	0	-2.50	-5.50	0.994432	4.582125	2.594872	60.281940
1413036889	1000	2	3	4	2	0	1	0	1	2	0	0	0	0	0	0	-2.50	-5.50	0.994432	4.586960	2.611981	60.686966
1413036890	1000	1	2	0	2	0	0	0	0	1	0	0	0	0	0	0	-2.50	-5.50	0.995238	4.590183	2.613407	60.675419
1413036891	1000	2	1	0	1	0	0	1	0	0	0	0	0	0	0	0	-2.50	-5.50	0.995238	4.590183	2.614833	60.715572
1413036892	1000	4	3	3	2	1	3	0	1	2	0	1	0	0	0	0	-2.50	-5.50	0.996044	4.591795	2.604853	60.408749
1413036893	1000	5	2	6	2	1	4	1	1	1	2	1	1	1	1	1	-2.50	-5.50	0.995238	4.586960	2.604853	60.486050
1413036894	1000	3	2	2	3	0	1	0	0	2	0	0	0	0	0	0	-2.50	-5.50	0.994432	4.583736	2.619110	60.939785
1413036895	1000	1	1	0	3	1	0	1	0	1	0	0	1	0	0	0	-2.50	-5.50	0.994432	4.585348	2.619110	60.913818
1413036896	1000	1	2	2	4	0	0	0	1	2	2	0	0	0	1	0	-2.50	-5.50	0.996044	4.588572	2.621962	60.942280
1413036897	1000	0	0	0	1	0	0	0	0	0	0	0	0	0	0	0	-2.50	-5.50	0.995238	4.585348	2.623387	61.034409
1413036898	1000	0	2	2	0	0	0	0	1	0	0	0	0	0	0	0	-2.50	-5.50	0.996850	4.583736	2.624813	61.100624
1413036899	1000	4	2	4	1	0	1	0	1	1	1	0	0	0	1	0	-2.50	-5.50	0.995238	4.583736	2.626239	61.140835
1413036900	1000	1	1	2	1	0	1	0	1	0	0	0	0	0	0	0	-2.50	-5.50	0.995238	4.583736	2.626239	61.140835
1413036901	1000	0	1	1	1	0	0	0	0	1	0	0	0	0	0	0	-2.50	-5.50	0.996044	4.585348	2.630516	61.235397
1413036902	1000	0	0	0	0	0	0	0	0	0	0	0	0	0	0	0	-2.50	-5.50	0.996044	4.585348	2.631942	61.275593
1413036903	1000	0	1	1	1	0	0	0	0	1	0	0	0	0	0	0	-2.50	-5.50	0.996044	4.585348	2.631942	61.275593
1413036904	1000	1	0	1	0	0	1	0	0	0	0	0	0	0	0	0	-2.50	-5.50	0.996044	4.590183	2.624813	60.996658
1413036905	1000	1	0	2	1	0	0	0	0	0	1	0	0	0	0	0	-2.50	-5.50	0.996044	4.586960	2.637645	61.410248
1413036906	1000	2	0	1	1	0	0	0	0	0	0	0	0	0	0	0	-2.50	-5.50	0.995238	4.582125	2.637645	61.488689
1413036907	1000	1	1	2	1	0	1	0	1	1	1	0	0	0	1	0	-2.00	-5.50	0.996044	4.583736	2.640496	61.542950
1413036908	1000	2	0	1	0	0	1	0	0	0	0	0	0	0	0	0	-2.50	-5.50	0.997656	4.590183	2.630516	61.157276
1413036909	1000	1	3	1	1	1	0	0	0	0	0	0	0	0	0	0	-2.50	-5.50	0.995238	4.582125	2.629090	61.247337
1413036910	1000	2	1	1	0	1	1	0	0	0	0	0	0	0	0	0	-2.50	-5.50	0.995238	4.582125	2.644774	61.689816
1413036911	1000	1	1	1	1	0	0	1	1	0	0	0	0	0	0	0	-2.50	-5.50	0.996850	4.586960	2.647625	61.691525
1413036912	1000	0	3	0	4	0	0	0	0	3	0	0	0	0	0	0	-2.50	-5.50	0.996850	4.585348	2.647625	61.717751
1413036913	1000	0	0	2	1	0	0	0	0	0	1	0	0	0	0	0	-2.00	-5.50	0.996044	4.583736	2.636219	61.422314
1413036914	1000	1	2	1	1	1	0	0	0	1	0	0	0	0	0	0	-2.00	-5.50	0.996044	4.586960	2.641922	61.530792
1413036915	1000	0	1	1	2	0	0	0	0	1	0	0	0	0	0	0	-2.50	-5.50	0.996044	4.582125	2.653328	61.931164
1413036916	1000	3	1	0	1	0	0	1	0	0	0	0	0	0	0	0	-2.00	-5.50	0.996044	4.582125	2.654754	61.971386
1413036917	1000	0	1	1	3	0	0	0	0	1	0	0	0	0	0	0	-2.00	-5.50	0.997656	4.590183	2.661883	62.040668
1413036918	1000	0	2	2	3	0	0	0	0	1	1	0	0	0	0	0	-2.50	-5.50	0.996850	4.586960	2.663309	62.133541
1413036919	1000	2	1	1	1	0	1	0	0	1	0	0	0	0	0	0	-2.50	-5.50	0.996850	4.586960	2.663309	62.133541
1413036920	1000	2	2	4	2	1	2	0	1	1	1	1	0	0	0	0	-2.00	-5.50	0.996850	4.585348	2.651902	61.838341
1413036921	1000	1	1	1	0	1	0	0	0	0	0	0	0	0	0	0	-2.00	-5.50	0.997656	4.585348	2.666160	62.240318
1413036922	1000	2	3	1	1	0	0	1	1	0	0	0	0	0	0	0	-2.00	-5.50	0.996044	4.580513	2.664734	62.279419
1413036923	1000	0	2	1	1	0	0	0	1	0	0	0	0	0	0	0	-2.00	-5.50	0.996850	4.585348	2.669012	62.320709
1413036924	1000	1	1	1	0	0	0	0	0	0	0	0	0	0	0	0	-2.00	-5.50	0.997656	4.586960	2.671863	62.374634
1413036925	1000	2	1	2	1	0	2	0	0	1	0	0	0	0	0	0	-2.00	-5.50	0.996850	4.582125	2.659031	62.092064
1413036926	1000	1	2	1	2	1	0	1	0	2	0	0	1	0	0	0	-2.00	-5.25	0.996850	4.577290	2.671863	62.533726
1413036927	1000	1	1	2	0	0	0	0	1	0	0	0	0	0	0	0	-2.00	-5.25	0.997656	4.583736	2.676140	62.548218
1413036928	1000	1	1	2	1	0	0	0	1	1	1	0	0	0	1	0	-2.00	-5.25	0.997656	4.582125	2.677566	62.614994
1413036929	1000	2	2	2	1	1	1	0	0	0	1	0	0	0	0	0	-2.00	-5.50	0.996850	4.580513	2.677566	62.641575
1413036930	1000	1	1	1	2	0	0	1	0	1	0	0	0	0	0	0	-2.00	-5.25	0.997656	4.583736	2.678992	62.628635
