quad V2.5
time	int	cnt1	cnt2	cnt3	cnt4	1&2	1&3	1&4	2&3	2&4	3&4	1&2&3	1&2&4	1&3&4	2&3&4	1&2&3&4	digTemp	temp	adct	adcr	adcp	pressure
1413027312	1000	0	0	0	0	0	0	0	0	0	0	0	0	0	0	0	21.00	18.50	2.208059	5.089818	4.435521	99.730141
1413027313	1000	1	0	1	1	0	1	0	0	0	0	0	0	0	0	0	21.00	18.50	2.209670	5.094653	4.441224	99.767944
1413027314	1000	1	1	1	1	0	0	0	0	0	0	0	0	0	0	0	21.00	18.50	2.205641	5.086594	4.431243	99.692825
1413027315	1000	1	0	1	0	0	0	0	0	0	0	0	0	0	0	0	21.00	18.50	2.208864	5.091429	4.438373	99.766891
1413027316	1000	0	2	0	1	0	0	0	0	1	0	0	0	0	0	0	21.00	18.50	2.209670	5.093041	4.435521	99.658829
1413027317	1000	0	0	0	0	0	0	0	0	0	0	0	0	0	0	0	21.00	18.50	2.210476	5.093041	4.441224	99.803612
1413027318	1000	0	0	0	1	0	0	0	0	0	0	0	0	0	0	0	21.00	18.50	2.210476	5.093041	4.439798	99.767426
1413027319	1000	2	3	1	2	2	0	0	0	0	0	0	0	0	0	0	21.00	18.50	2.210476	5.093041	4.416986	99.188377
1413027320	1000	0	0	0	0	0	0	0	0	0	0	0	0	0	0	0	21.00	18.50	2.210476	5.093041	4.439798	99.767426
1413027321	1000	1	0	1	0	0	0	0	0	0	0	0	0	0	0	0	21.00	18.50	2.211282	5.091429	4.418412	99.260056
1413027322	1000	0	0	0	0	0	0	0	0	0	0	0	0	0	0	0	21.00	18.50	2.212088	5.091429	4.438373	99.766891
1413027323	1000	1	0	1	0	0	0	0	0	0	0	0	0	0	0	0	21.00	18.50	2.211282	5.093041	4.441224	99.803612
1413027324	1000	0	0	0	0	0	0	0	0	0	0	0	0	0	0	0	21.00	18.50	2.212088	5.091429	4.422689	99.368675
1413027325	1000	0	2	1	2	0	0	0	1	1	0	0	0	0	0	0	21.00	18.50	2.212894	5.093041	4.435521	99.658829
1413027326	1000	0	0	1	0	0	0	0	0	0	0	0	0	0	0	0	21.00	18.50	2.212894	5.091429	4.444076	99.911697
1413027327	1000	3	2	1	3	0	1	0	0	0	0	0	0	0	0	0	21.00	18.50	2.213700	5.096264	4.439798	99.696136
1413027328	1000	0	0	0	0	0	0	0	0	0	0	0	0	0	0	0	21.00	18.50	2.214506	5.094653	4.445501	99.876480
1413027329	1000	1	1	0	1	0	0	0	0	1	0	0	0	0	0	0	21.00	18.50	2.213700	5.093041	4.435521	99.658829
1413027330	1000	1	2	0	0	1	0	0	0	0	0	0	0	0	0	0	21.00	18.50	2.212088	5.089818	4.442650	99.911217
1413027331	1000	0	1	0	1	0	0	0	0	0	0	0	0	0	0	0	21.00	18.50	2.214506	5.093041	4.441224	99.803612
1413027333	1000	1	0	0	1	0	0	0	0	0	0	0	0	0	0	0	21.00	18.50	2.215312	5.096264	4.429818	99.442955
1413027334	1000	0	0	0	2	0	0	0	0	0	0	0	0	0	0	0	21.00	18.50	2.216117	5.096264	4.445501	99.840805
1413027335	1000	0	0	0	0	0	0	0	0	0	0	0	0	0	0	0	21.00	18.50	2.216117	5.094653	4.444076	99.840309
1413027336	1000	1	0	1	2	0	0	0	0	0	0	0	0	0	0	0	21.00	18.50	2.213700	5.089818	4.438373	99.802582
1413027337	1000	0	0	1	1	0	0	0	0	0	0	0	0	0	0	0	21.00	18.50	2.216923	5.096264	4.442650	99.768471
1413027338	1000	3	1	1	0	0	0	0	0	0	0	0	0	0	0	0	21.00	18.50	2.216117	5.093041	4.441224	99.803612
1413027339	1000	0	0	1	0	0	0	0	0	0	0	0	0	0	0	0	21.00	18.50	2.218535	5.096264	4.439798	99.696136
1413027340	1000	0	0	1	0	0	0	0	0	0	0	0	0	0	0	0	21.00	18.50	2.216923	5.093041	4.436946	99.695030
1413027341	1000	0	1	3	1	0	0	0	0	1	0	0	0	0	0	0	21.00	18.50	2.217729	5.094653	4.422689	99.297623
1413027342	1000	0	0	0	2	0	0	0	0	0	0	0	0	0	0	0	21.00	18.50	2.216923	5.094653	4.442650	99.804123
1413027343	1000	1	1	0	0	0	0	0	0	0	0	0	0	0	0	0	21.00	18.50	2.215312	5.091429	4.436946	99.730682
1413027344	1000	1	1	1	2	0	0	0	0	1	0	0	0	0	0	0	21.00	18.50	2.218535	5.096264	4.434095	99.551460
1413027345	1000	1	0	1	1	0	0	0	0	0	0	0	0	0	0	0	21.00	18.50	2.218535	5.096264	4.445501	99.840805
1413027346	1000	1	0	1	3	0	1	0	0	0	0	0	0	0	0	0	21.00	18.50	2.218535	5.094653	4.416986	99.152908
1413027347	1000	1	0	3	0	0	0	0	0	0	0	0	0	0	0	0	21.00	18.50	2.217729	5.093041	4.439798	99.767426
1413027348	1000	0	1	0	0	0	0	0	0	0	0	0	0	0	0	0	21.00	18.50	2.218535	5.091429	4.439798	99.803093
1413027349	1000	0	0	0	0	0	0	0	0	0	0	0	0	0	0	0	21.00	18.50	2.218535	5.093041	4.436946	99.695030
1413027350	1000	2	1	1	2	0	1	0	0	1	0	0	0	0	0	0	21.00	18.50	2.218535	5.093041	4.438373	99.731239
1413027351	1000	0	0	0	0	0	0	0	0	0	0	0	0	0	0	0	21.00	18.75	2.219341	5.091429	4.416986	99.223862
1413027352	1000	0	3	0	1	0	0	0	0	0	0	0	0	0	0	0	21.00	18.50	2.218535	5.091429	4.438373	99.766891
1413027353	1000	0	2	1	0	0	0	0	0	0	0	0	0	0	0	0	21.00	18.75	2.220147	5.094653	4.439798	99.731766
1413027354	1000	2	3	0	0	0	0	0	0	0	0	0	0	0	0	0	21.00	18.75	2.221758	5.096264	4.441224	99.732300
1413027355	1000	1	0	0	1	0	0	0	0	0	0	0	0	0	0	0	21.00	18.75	2.223370	5.097876	4.444076	99.769005
1413027356	1000	2	1	1	1	0	1	0	0	0	0	0	0	0	0	0	21.00	18.75	2.221758	5.094653	4.441224	99.767944
1413027357	1000	2	0	2	1	0	2	0	0	0	0	0	0	0	0	0	21.00	18.75	2.222564	5.091429	4.419837	99.296272
1413027358	1000	1	2	0	1	0	0	0	0	1	0	0	0	0	0	0	21.00	18.75	2.220953	5.091429	4.418412	99.260056
1413027359	1000	1	1	0	1	0	0	0	0	1	0	0	0	0	0	0	21.00	18.75	2.222564	5.093041	4.438373	99.731239
1413027360	1000	2	2	1	0	0	0	0	1	0	0	0	0	0	0	0	21.00	18.75	2.223370	5.096264	4.442650	99.768471
1413027361	1000	0	0	0	1	0	0	0	0	0	0	0	0	0	0	0	21.00	18.75	2.224982	5.097876	4.442650	99.732841
1413027362	1000	0	1	0	0	0	0	0	0	0	0	0	0	0	0	0	21.00	18.75	2.224176	5.096264	4.421263	99.225960
1413027363	1000	0	0	1	2	0	0	0	0	0	0	0	0	0	0	0	21.00	18.75	2.222564	5.093041	4.441224	99.803612
1413027364	1000	1	1	4	3	0	1	0	0	1	0	0	0	0	0	0	21.00	18.75	2.224176	5.093041	4.439798	99.767426
1413027365	1000	0	0	0	0	0	0	0	0	0	0	0	0	0	0	0	21.00	18.75	2.223370	5.093041	4.429818	99.514084
1413027366	1000	1	1	0	0	1	0	0	0	0	0	0	0	0	0	0	21.00	18.75	2.224176	5.093041	4.441224	99.803612
1413027367	1000	3	0	1	0	0	0	0	0	0	0	0	0	0	0	0	21.00	18.75	2.224176	5.093041	4.438373	99.731239
1413027368	1000	0	0	0	0	0	0	0	0	0	0	0	0	0	0	0	21.00	18.75	2.223370	5.089818	4.441224	99.874992
1413027369	1000	1	1	2	1	1	0	0	0	0	0	0	0	0	0	0	21.00	18.75	2.227399	5.097876	4.442650	99.732841
1413027370	1000	1	1	1	0	0	0	0	1	0	0	0	0	0	0	0	21.00	18.75	2.224982	5.094653	4.442650	99.804123
1413027371	1000	2	1	0	1	0	0	0	0	0	0	0	0	0	0	0	21.00	18.75	2.224982	5.093041	4.441224	99.803612
1413027372	1000	4	0	2	3	0	1	0	0	0	0	0	0	0	0	0	21.00	18.75	2.226593	5.094653	4.441224	99.767944
1413027373	1000	0	0	0	1	0	0	0	0	0	0	0	0	0	0	0	21.00	18.75	2.229011	5.093041	4.478293	100.744537
1413027374	1000	0	2	0	0	0	0	0	0	0	0	0	0	0	0	0	21.00	18.75	2.225788	5.093041	4.424115	99.369316
1413027375	1000	0	0	2	0	0	0	0	0	0	0	0	0	0	0	0	21.00	18.75	2.226593	5.093041	4.439798	99.767426
1413027376	1000	0	0	0	0	0	0	0	0	0	0	0	0	0	0	0	21.00	18.75	2.227399	5.099488	4.438373	99.588806
1413027377	1000	0	1	0	1	0	0	0	0	0	0	0	0	0	0	0	21.00	18.75	2.226593	5.093041	4.442650	99.839790
1413027378	1000	0	0	1	1	0	0	0	0	0	0	0	0	0	0	0	21.00	18.75	2.227399	5.093041	4.501106	101.323586
1413027379	1000	1	0	1	0	0	0	0	0	0	0	0	0	0	0	0	21.00	18.75	2.226593	5.091429	4.442650	99.875496
1413027380	1000	1	0	0	0	0	0	0	0	0	0	0	0	0	0	0	21.00	18.75	2.228205	5.091429	4.441224	99.839287
1413027381	1000	1	0	1	0	0	0	0	0	0	0	0	0	0	0	0	21.00	18.75	2.229011	5.096264	4.431243	99.479126
1413027382	1000	1	0	2	2	0	0	0	0	0	0	0	0	0	0	0	21.00	18.75	2.228205	5.094653	4.442650	99.804123
1413027383	1000	1	1	0	1	0	0	0	0	0	0	0	0	0	0	0	21.00	18.75	2.230623	5.099488	4.442650	99.697235
1413027384	1000	1	2	2	0	0	0	0	1	0	0	0	0	0	0	0	21.00	18.75	2.229817	5.096264	4.444076	99.804642
1413027385	1000	1	1	2	1	0	0	0	0	0	0	0	0	0	0	0	21.00	18.75	2.229817	5.097876	4.442650	99.732841
1413027386	1000	0	1	1	1	0	0	0	0	1	0	0	0	0	0	0	21.00	18.75	2.230623	5.099488	4.445501	99.769516
1413027387	1000	0	1	1	2	0	0	0	0	1	0	0	0	0	0	0	21.00	18.75	2.233846	5.097876	4.444076	99.769005
1413027388	1000	0	1	3	0	0	0	0	1	0	0	0	0	0	0	0	21.00	18.75	2.232234	5.099488	4.442650	99.697235
1413027389	1000	0	0	1	0	0	0	0	0	0	0	0	0	0	0	0	21.00	18.75	2.233040	5.101099	4.464036	100.203629
1413027390	1000	1	1	1	0	1	0	0	0	0	0	0	0	0	0	0	21.00	18.75	2.230623	5.093041	4.444076	99.875992
1413027391	1000	1	0	3	2	0	1	0	0	0	0	0	0	0	0	0	21.00	18.75	2.230623	5.097876	4.445501	99.805153
1413027392	1000	0	2	1	2	0	0	0	0	0	0	0	0	0	0	0	21.00	18.75	2.232234	5.096264	4.442650	99.768471
1413027393	1000	0	1	0	0	0	0	0	0	0	0	0	0	0	0	0	21.00	18.75	2.233040	5.097876	4.445501	99.805153
1413027394	1000	0	0	0	1	0	0	0	0	0	0	0	0	0	0	0	21.50	18.75	2.233040	5.096264	4.422689	99.262131
1413027395	1000	0	1	1	0	0	0	0	0	0	0	0	0	0	0	0	21.50	18.75	2.232234	5.096264	4.444076	99.804642
1413027396	1000	0	1	1	0	0	0	0	0	0	0	0	0	0	0	0	21.00	18.75	2.233040	5.104323	4.439798	99.518333
1413027397	1000	0	1	1	0	0	0	0	0	0	0	0	0	0	0	0	21.50	18.75	2.233846	5.097876	4.426966	99.335114
1413027398	1000	1	2	1	0	0	0	0	0	0	0	0	0	0	0	0	21.50	19.00	2.233040	5.093041	4.441224	99.803612
1413027399	1000	0	1	2	1	0	0	0	0	1	0	0	0	0	0	0	21.50	19.00	2.233846	5.096264	4.424115	99.298294
1413027400	1000	0	0	0	0	0	0	0	0	0	0	0	0	0	0	0	21.50	19.00	2.233846	5.096264	4.441224	99.732300
1413027401	1000	0	0	0	0	0	0	0	0	0	0	0	0	0	0	0	21.50	19.00	2.235458	5.097876	4.444076	99.769005
1413027402	1000	1	6	1	0	0	0	0	0	0	0	0	0	0	0	0	21.50	19.00	2.236264	5.101099	4.448353	99.806183
1413027403	1000	0	2	1	1	0	0	0	0	1	0	0	0	0	0	0	21.50	18.75	2.233040	5.097876	4.442650	99.732841
1413027404	1000	3	1	2	0	0	1	0	0	0	0	0	0	0	0	0	21.50	19.00	2.234652	5.094653	4.442650	99.804123
1413027405	1000	1	1	1	1	0	0	1	0	0	0	0	0	0	0	0	21.50	19.00	2.238681	5.101099	4.462610	100.167503
1413027406	1000	0	1	0	1	0	0	0	0	0	0	0	0	0	0	0	21.50	19.00	2.236264	5.096264	4.428392	99.406799
1413027407	1000	3	0	1	0	0	0	0	0	0	0	0	0	0	0	0	21.50	19.00	2.235458	5.094653	4.439798	99.731766
1413027408	1000	1	2	1	0	1	0	0	0	0	0	0	0	0	0	0	21.50	19.00	2.237070	5.101099	4.446927	99.770035
1413027409	1000	1	1	1	2	1	0	0	0	0	0	0	0	0	0	0	21.50	19.00	2.236264	5.096264	4.442650	99.768471
1413027410	1000	0	1	1	1	0	0	0	0	0	0	0	0	0	0	0	21.50	19.00	2.237875	5.099488	4.415560	99.010490
1413027411	1000	0	0	1	1	0	0	0	0	0	0	0	0	0	0	0	21.50	19.00	2.235458	5.093041	4.442650	99.839790
1413027412	1000	1	0	0	1	0	0	0	0	0	0	0	0	0	0	0	21.50	19.00	2.237875	5.099488	4.444076	99.733383
1413027413	1000	2	0	2	1	0	1	0	0	0	0	0	0	0	0	0	21.50	19.00	2.237875	5.097876	4.429818	99.407440
1413027414	1000	2	2	1	1	0	1	0	0	0	0	0	0	0	0	0	21.50	19.00	2.239487	5.099488	4.449779	99.877960
1413027415	1000	0	0	3	0	0	0	0	0	0	0	0	0	0	0	0	21.50	19.00	2.238681	5.097876	4.444076	99.769005
1413027416	1000	2	2	2	2	0	1	0	0	1	0	0	0	0	0	0	21.50	19.00	2.237875	5.096264	4.446927	99.876968
1413027417	1000	0	1	0	1	0	0	0	0	1	0	0	0	0	0	0	21.50	19.00	2.239487	5.099488	4.444076	99.733383
1413027418	1000	0	1	1	1	0	0	0	0	0	0	0	0	0	0	0	21.50	19.00	2.241099	5.101099	4.451204	99.878441
1413027419	1000	2	4	3	2	0	1	0	2	0	0	0	0	0	0	0	21.50	19.00	2.239487	5.097876	4.445501	99.805153
1413027420	1000	0	0	0	2	0	0	0	0	0	0	0	0	0	0	0	21.50	19.00	2.240293	5.097876	4.442650	99.732841
1413027421	1000	0	0	1	0	0	0	0	0	0	0	0	0	0	0	0	21.50	19.00	2.241099	5.097876	4.425540	99.298965
1413027422	1000	0	2	1	3	0	0	0	0	1	0	0	0	0	0	0	21.50	19.00	2.239487	5.097876	4.424115	99.262810
1413027423	1000	2	0	2	2	0	0	1	0	0	0	0	0	0	0	0	21.50	19.00	2.240293	5.096264	4.445501	99.840805
1413027424	1000	2	1	1	0	1	0	0	0	0	0	0	0	0	0	0	21.50	19.00	2.242711	5.102711	4.444076	99.662209
1413027425	1000	1	2	1	1	1	0	0	0	0	0	0	0	0	0	0	21.50	19.00	2.241905	5.099488	4.446927	99.805664
1413027426	1000	1	1	3	1	0	1	1	0	0	1	0	0	1	0	0	21.50	19.00	2.241905	5.099488	4.422689	99.191216
1413027427	1000	2	0	0	1	0	0	1	0	0	0	0	0	0	0	0	21.50	19.00	2.241905	5.099488	4.446927	99.805664
1413027428	1000	0	1	2	1	0	0	0	0	0	0	0	0	0	0	0	21.50	19.00	2.243516	5.097876	4.448353	99.877457
1413027429	1000	1	1	2	0	0	0	0	0	0	0	0	0	0	0	0	21.50	19.00	2.241905	5.097876	4.424115	99.262810
1413027430	1000	1	0	1	0	0	0	0	0	0	0	0	0	0	0	0	21.50	19.00	2.241905	5.099488	4.445501	99.769516
1413027431	1000	0	5	2	2	0	0	0	1	1	0	0	0	0	0	0	21.50	19.00	2.243516	5.099488	4.422689	99.191216
1413027432	1000	1	2	0	3	0	0	0	0	0	0	0	0	0	0	0	21.50	19.00	2.242711	5.099488	4.446927	99.805664
1413027433	1000	0	1	0	0	0	0	0	0	0	0	0	0	0	0	0	21.50	19.00	2.244322	5.097876	4.442650	99.732841
1413027434	1000	3	1	2	1	0	2	1	0	0	0	0	0	0	0	0	21.50	19.00	2.244322	5.099488	4.444076	99.733383
1413027435	1000	0	0	2	1	0	0	0	0	0	0	0	0	0	0	0	21.50	19.00	2.246740	5.102711	4.445501	99.698334
1413027436	1000	1	1	3	3	0	1	0	1	0	0	0	0	0	0	0	21.50	19.00	2.244322	5.097876	4.445501	99.805153
1413027437	1000	1	2	0	1	0	0	0	0	1	0	0	0	0	0	0	21.50	19.00	2.245934	5.101099	4.431243	99.372581
1413027438	1000	0	0	0	0	0	0	0	0	0	0	0	0	0	0	0	21.50	19.00	2.245934	5.101099	4.448353	99.806183
1413027439	1000	1	0	2	2	0	0	0	0	0	0	0	0	0	0	0	21.50	19.00	2.245128	5.099488	4.446927	99.805664
1413027440	1000	1	4	0	1	0	0	0	0	1	0	0	0	0	0	0	21.50	19.00	2.247546	5.101099	4.444076	99.697792
1413027441	1000	0	0	1	1	0	0	0	0	0	0	0	0	0	0	0	21.50	19.00	2.245934	5.101099	4.448353	99.806183
1413027442	1000	0	0	0	1	0	0	0	0	0	0	0	0	0	0	0	21.50	19.00	2.245934	5.099488	4.418412	99.082771
1413027443	1000	0	1	0	2	0	0	0	0	1	0	0	0	0	0	0	21.50	19.00	2.245934	5.097876	4.446927	99.841301
1413027444	1000	0	0	3	2	0	0	0	0	0	0	0	0	0	0	0	21.50	19.00	2.248352	5.110770	4.444076	99.484688
1413027445	1000	2	0	0	1	0	0	0	0	0	0	0	0	0	0	0	21.50	19.00	2.249158	5.105935	4.431243	99.266235
1413027446	1000	1	0	2	0	0	1	0	0	0	0	0	0	0	0	0	21.50	19.00	2.248352	5.102711	4.448353	99.770569
1413027447	1000	2	3	2	3	0	2	0	0	1	0	0	0	0	0	0	21.50	19.25	2.247546	5.099488	4.442650	99.697235
1413027448	1000	0	0	2	0	0	0	0	0	0	0	0	0	0	0	0	21.50	19.25	2.247546	5.097876	4.445501	99.805153
1413027449	1000	1	2	1	1	1	0	0	1	0	0	0	0	0	0	0	21.50	19.25	2.249158	5.102711	4.445501	99.698334
1413027450	1000	0	1	1	0	0	0	0	0	0	0	0	0	0	0	0	21.50	19.25	2.250769	5.104323	4.452630	99.843307
1413027451	1000	0	0	1	0	0	0	0	0	0	0	0	0	0	0	0	21.50	19.25	2.251575	5.102711	4.446927	99.734444
1413027452	1000	0	0	0	2	0	0	0	0	0	0	0	0	0	0	0	21.50	19.25	2.249964	5.102711	4.448353	99.770569
1413027453	1000	0	0	1	0	0	0	0	0	0	0	0	0	0	0	0	21.50	19.25	2.253187	5.102711	4.424115	99.156494
1413027454	1000	0	1	2	0	0	0	0	1	0	0	0	0	0	0	0	21.50	19.25	2.250769	5.102711	4.429818	99.300987
1413027455	1000	0	0	1	1	0	0	0	0	0	0	0	0	0	0	0	21.50	19.25	2.249158	5.099488	4.446927	99.805664
1413027456	1000	2	1	1	1	0	1	0	0	0	0	0	0	0	0	0	21.50	19.25	2.252381	5.105935	4.452630	99.807716
1413027457	1000	1	1	0	2	0	0	0	0	1	0	0	0	0	0	0	21.50	19.25	2.251575	5.102711	4.452630	99.878937
1413027458	1000	0	1	0	1	0	0	0	0	0	0	0	0	0	0	0	21.50	19.25	2.251575	5.105935	4.428392	99.194038
1413027459	1000	0	1	0	1	0	0	0	0	1	0	0	0	0	0	0	21.50	19.25	2.250769	5.102711	4.449779	99.806702
1413027460	1000	1	1	1	0	0	0	0	1	0	0	0	0	0	0	0	21.50	19.25	2.252381	5.102711	4.451204	99.842812
1413027461	1000	0	0	0	0	0	0	0	0	0	0	0	0	0	0	0	21.50	19.25	2.253187	5.104323	4.428392	99.229446
1413027462	1000	2	0	0	1	0	0	0	0	0	0	0	0	0	0	0	21.50	19.25	2.252381	5.102711	4.444076	99.662209
1413027463	1000	1	2	0	1	1	0	0	0	0	0	0	0	0	0	0	21.50	19.25	2.253187	5.102711	4.449779	99.806702
1413027464	1000	1	1	0	1	0	0	0	0	0	0	0	0	0	0	0	21.50	19.25	2.250769	5.099488	4.448353	99.841812
1413027465	1000	1	1	1	1	0	0	0	0	0	0	0	0	0	0	0	21.50	19.25	2.253993	5.104323	4.449779	99.771095
1413027466	1000	2	1	2	1	1	1	0	1	0	0	1	0	0	0	0	21.50	19.25	2.252381	5.101099	4.442650	99.661659
1413027467	1000	1	0	1	0	0	1	0	0	0	0	0	0	0	0	0	21.50	19.25	2.252381	5.101099	4.445501	99.733917
1413027468	1000	2	0	3	0	0	1	0	0	0	0	0	0	0	0	0	21.50	19.25	2.253993	5.102711	4.451204	99.842812
1413027469	1000	2	1	1	3	0	0	2	0	0	0	0	0	0	0	0	21.50	19.25	2.254799	5.101099	4.382768	98.144089
1413027470	1000	0	0	0	1	0	0	0	0	0	0	0	0	0	0	0	21.50	19.25	2.253993	5.101099	4.426966	99.264175
1413027471	1000	2	2	2	0	0	1	0	0	0	0	0	0	0	0	0	21.50	19.25	2.254799	5.102711	4.449779	99.806702
1413027472	1000	1	2	1	0	0	0	0	0	0	0	0	0	0	0	0	21.50	19.25	2.255605	5.102711	4.445501	99.698334
1413027473	1000	1	0	3	3	0	1	0	0	0	0	0	0	0	0	0	21.50	19.25	2.256410	5.104323	4.448353	99.734985
1413027474	1000	0	0	0	1	0	0	0	0	0	0	0	0	0	0	0	21.50	19.25	2.255605	5.102711	4.459759	100.059540
1413027475	1000	0	3	0	0	0	0	0	0	0	0	0	0	0	0	0	21.50	19.25	2.253993	5.097876	4.451204	99.949776
1413027476	1000	0	0	1	0	0	0	0	0	0	0	0	0	0	0	0	21.50	19.25	2.256410	5.094653	4.449779	99.985016
1413027477	1000	0	0	0	2	0	0	0	0	0	0	0	0	0	0	0	21.50	19.25	2.257216	5.104323	4.425540	99.157227
1413027478	1000	0	1	0	0	0	0	0	0	0	0	0	0	0	0	0	21.50	19.25	2.257216	5.104323	4.449779	99.771095
1413027479	1000	0	0	0	0	0	0	0	0	0	0	0	0	0	0	0	21.50	19.25	2.258022	5.104323	4.448353	99.734985
1413027480	1000	0	2	0	1	0	0	0	0	1	0	0	0	0	0	0	21.50	19.25	2.258022	5.105935	4.452630	99.807716
1413027481	1000	1	1	1	3	0	0	0	0	1	0	0	0	0	0	0	21.50	19.25	2.257216	5.101099	4.445501	99.733917
1413027482	1000	1	0	0	1	0	0	0	0	0	0	0	0	0	0	0	21.50	19.25	2.258022	5.102711	4.446927	99.734444
1413027483	1000	1	1	2	1	0	0	0	0	0	0	0	0	0	0	0	21.50	19.25	2.255605	5.101099	4.448353	99.806183
1413027484	1000	0	2	0	0	0	0	0	0	0	0	0	0	0	0	0	21.50	19.25	2.258022	5.101099	4.446927	99.770035
1413027485	1000	1	0	1	0	0	0	0	0	0	0	0	0	0	0	0	21.50	19.25	2.258022	5.102711	4.315757	96.411293
1413027486	1000	1	2	0	2	1	0	0	0	0	0	0	0	0	0	0	21.50	19.25	2.258022	5.102711	4.426966	99.228745
1413027487	1000	0	0	0	2	0	0	0	0	0	0	0	0	0	0	0	21.50	19.25	2.258828	5.102711	4.448353	99.770569
1413027488	1000	1	0	2	0	0	1	0	0	0	0	0	0	0	0	0	21.50	19.25	2.261245	5.107546	4.451204	99.736061
1413027489	1000	0	1	0	1	0	0	0	0	0	0	0	0	0	0	0	21.50	19.25	2.260440	5.105935	4.448353	99.699432
1413027490	1000	1	0	1	0	0	0	0	0	0	0	0	0	0	0	0	21.50	19.25	2.259634	5.102711	4.432669	99.373222
1413027491	1000	1	3	1	1	1	0	0	1	1	0	0	0	0	0	0	21.50	19.25	2.260440	5.104323	4.448353	99.734985
1413027492	1000	0	1	0	3	0	0	0	0	1	0	0	0	0	0	0	21.50	19.25	2.261245	5.110770	4.446927	99.556801
1413027493	1000	2	1	1	2	0	1	1	0	1	0	0	0	0	0	0	21.50	19.25	2.262051	5.107546	4.431243	99.230843
1413027494	1000	1	2	1	3	1	0	0	0	0	0	0	0	0	0	0	21.50	19.25	2.261245	5.104323	4.449779	99.771095
1413027495	1000	2	0	0	1	0	0	0	0	0	0	0	0	0	0	0	21.50	19.25	2.262857	5.107546	4.441224	99.483444
1413027496	1000	0	0	1	0	0	0	0	0	0	0	0	0	0	0	0	22.00	19.25	2.261245	5.102711	4.449779	99.806702
1413027497	1000	1	1	1	0	0	0	0	0	0	0	0	0	0	0	0	21.50	19.50	2.262857	5.105935	4.448353	99.699432
1413027498	1000	0	0	0	0	0	0	0	0	0	0	0	0	0	0	0	21.50	19.50	2.263663	5.105935	4.451204	99.771629
1413027499	1000	0	1	2	2	0	0	0	1	0	0	0	0	0	0	0	22.00	19.50	2.264469	5.105935	4.451204	99.771629
1413027500	1000	0	4	1	1	0	0	0	1	0	0	0	0	0	0	0	22.00	19.50	2.262857	5.104323	4.451204	99.807205
1413027501	1000	0	1	0	1	0	0	0	0	0	0	0	0	0	0	0	22.00	19.50	2.265275	5.102711	4.428392	99.264870
1413027502	1000	1	3	1	1	1	0	0	1	0	0	0	0	0	0	0	22.00	19.50	2.262857	5.104323	4.431243	99.301666
1413027503	1000	0	0	1	0	0	0	0	0	0	0	0	0	0	0	0	22.00	19.50	2.262857	5.102711	4.451204	99.842812
1413027504	1000	2	2	1	0	0	0	0	0	0	0	0	0	0	0	0	22.00	19.50	2.264469	5.109158	4.449779	99.664452
1413027505	1000	0	0	1	3	0	0	0	0	0	0	0	0	0	0	0	22.00	19.50	2.264469	5.104323	4.446927	99.698875
1413027506	1000	0	0	2	1	0	0	0	0	0	1	0	0	0	0	0	22.00	19.50	2.263663	5.105935	4.502532	101.071167
1413027507	1000	0	0	0	0	0	0	0	0	0	0	0	0	0	0	0	22.00	19.50	2.262857	5.102711	4.445501	99.698334
1413027508	1000	2	0	1	0	0	0	0	0	0	0	0	0	0	0	0	22.00	19.50	2.262857	5.104323	4.451204	99.807205
1413027509	1000	1	1	2	0	1	0	0	0	0	0	0	0	0	0	0	22.00	19.50	2.266081	5.104323	4.451204	99.807205
1413027510	1000	1	1	1	0	0	0	0	1	0	0	0	0	0	0	0	22.00	19.50	2.264469	5.102711	4.448353	99.770569
1413027511	1000	1	1	0	1	0	0	0	0	1	0	0	0	0	0	0	22.00	19.50	2.266081	5.105935	4.435521	99.374535
1413027512	1000	1	2	0	0	1	0	0	0	0	0	0	0	0	0	0	22.00	19.50	2.263663	5.101099	4.448353	99.806183
1413027513	1000	0	0	1	2	0	0	0	0	0	0	0	0	0	0	0	22.00	19.50	2.266886	5.102711	4.452630	99.878937
1413027514	1000	2	1	1	2	1	0	1	0	0	0	0	0	0	0	0	22.00	19.50	2.266081	5.104323	4.451204	99.807205
1413027515	1000	0	2	2	1	0	0	0	0	0	0	0	0	0	0	0	22.00	19.50	2.264469	5.102711	4.448353	99.770569
1413027516	1000	0	0	1	0	0	0	0	0	0	0	0	0	0	0	0	22.00	19.50	2.267692	5.104323	4.454056	99.879433
1413027517	1000	1	1	1	1	1	1	0	1	0	0	1	0	0	0	0	22.00	19.50	2.266886	5.104323	4.429818	99.265549
1413027518	1000	1	0	1	0	0	1	0	0	0	0	0	0	0	0	0	22.00	19.50	2.266886	5.104323	4.449779	99.771095
1413027519	1000	2	0	1	0	0	0	0	0	0	0	0	0	0	0	0	22.00	19.50	2.266886	5.102711	4.454056	99.915062
1413027520	1000	0	0	1	2	0	0	0	0	0	0	0	0	0	0	0	22.00	19.50	2.268498	5.107546	4.451204	99.736061
1413027521	1000	0	1	0	0	0	0	0	0	0	0	0	0	0	0	0	22.00	19.50	2.269304	5.107546	4.449779	99.699974
1413027522	1000	0	1	0	1	0	0	0	0	0	0	0	0	0	0	0	22.00	19.50	2.267692	5.104323	4.441224	99.554436
1413027523	1000	0	0	0	0	0	0	0	0	0	0	0	0	0	0	0	22.00	19.50	2.266886	5.102711	4.452630	99.878937
1413027524	1000	1	2	0	0	0	0	0	0	0	0	0	0	0	0	0	22.00	19.50	2.269304	5.102711	4.449779	99.806702
1413027525	1000	1	0	0	1	0	0	0	0	0	0	0	0	0	0	0	22.00	19.50	2.270110	5.109158	4.431243	99.195457
1413027526	1000	4	1	0	0	0	0	0	0	0	0	0	0	0	0	0	22.00	19.50	2.270916	5.107546	4.451204	99.736061
1413027527	1000	0	1	1	0	0	0	0	0	0	0	0	0	0	0	0	22.00	19.50	2.269304	5.104323	4.435521	99.409988
1413027528	1000	2	2	2	1	1	1	0	0	0	0	0	0	0	0	0	22.00	19.50	2.267692	5.101099	4.446927	99.770035
1413027529	1000	0	1	0	0	0	0	0	0	0	0	0	0	0	0	0	22.00	19.50	2.270110	5.104323	4.448353	99.734985
1413027530	1000	1	0	0	1	0	0	0	0	0	0	0	0	0	0	0	22.00	19.50	2.271722	5.107546	4.452630	99.772148
1413027531	1000	1	1	0	0	0	0	0	0	0	0	0	0	0	0	0	22.00	19.50	2.271722	5.104323	4.451204	99.807205
1413027532	1000	0	0	0	0	0	0	0	0	0	0	0	0	0	0	0	22.00	19.50	2.270110	5.105935	4.451204	99.771629
1413027533	1000	2	2	0	0	1	0	0	0	0	0	0	0	0	0	0	22.00	19.50	2.270916	5.104323	4.454056	99.879433
1413027534	1000	2	0	2	1	0	2	0	0	0	0	0	0	0	0	0	22.00	19.50	2.269304	5.102711	4.448353	99.770569
1413027535	1000	0	1	2	0	0	0	0	0	0	0	0	0	0	0	0	22.00	19.50	2.270916	5.104323	4.448353	99.734985
1413027536	1000	2	0	1	1	0	0	1	0	0	0	0	0	0	0	0	22.00	19.50	2.273333	5.115605	4.451204	99.558586
1413027537	1000	2	0	1	0	0	0	0	0	0	0	0	0	0	0	0	22.00	19.50	2.272527	5.107546	4.452630	99.772148
1413027538	1000	1	0	0	2	0	0	0	0	0	0	0	0	0	0	0	22.00	19.50	2.274139	5.109158	4.496828	100.854927
1413027539	1000	0	0	1	1	0	0	0	0	0	0	0	0	0	0	0	22.00	19.50	2.273333	5.107546	4.449779	99.699974
1413027540	1000	0	1	0	0	0	0	0	0	0	0	0	0	0	0	0	22.00	19.50	2.274945	5.105935	4.449779	99.735527
1413027541	1000	1	1	2	2	0	0	0	0	0	0	0	0	0	0	0	22.00	19.50	2.274139	5.109158	4.445501	99.556221
1413027542	1000	0	0	1	1	0	0	0	0	0	0	0	0	0	0	0	22.00	19.50	2.274139	5.107546	4.452630	99.772148
1413027543	1000	1	0	1	0	0	0	0	0	0	0	0	0	0	0	0	22.00	19.50	2.275751	5.110770	4.434095	99.232224
1413027544	1000	0	0	0	0	0	0	0	0	0	0	0	0	0	0	0	22.00	19.50	2.275751	5.109158	4.455482	99.808746
1413027545	1000	1	0	3	0	0	1	0	0	0	0	0	0	0	0	0	22.00	19.50	2.274945	5.109158	4.449779	99.664452
1413027546	1000	1	0	1	1	0	0	0	0	0	0	0	0	0	0	0	22.00	19.50	2.275751	5.110770	4.454056	99.737129
1413027547	1000	1	1	1	0	0	0	0	0	0	0	0	0	0	0	0	22.00	19.50	2.273333	5.104323	4.451204	99.807205
1413027548	1000	1	2	0	2	0	0	0	0	0	0	0	0	0	0	0	22.00	19.75	2.275751	5.105935	4.452630	99.807716
1413027549	1000	1	0	1	3	0	0	1	0	0	0	0	0	0	0	0	22.00	19.75	2.277363	5.107546	4.448353	99.663887
1413027550	1000	1	0	0	1	0	0	0	0	0	0	0	0	0	0	0	22.00	19.50	2.275751	5.109158	4.431243	99.195457
1413027551	1000	1	0	1	0	0	1	0	0	0	0	0	0	0	0	0	22.00	19.75	2.274945	5.104323	4.451204	99.807205
1413027552	1000	1	1	1	1	0	0	0	0	1	0	0	0	0	0	0	22.00	19.50	2.278169	5.112381	4.454056	99.701614
1413027553	1000	0	0	1	0	0	0	0	0	0	0	0	0	0	0	0	22.00	19.50	2.277363	5.110770	4.454056	99.737129
1413027554	1000	0	1	1	0	0	0	0	0	0	0	0	0	0	0	0	22.00	19.75	2.278169	5.110770	4.351401	97.140488
1413027555	1000	2	1	1	2	1	1	0	1	0	0	1	0	0	0	0	22.00	19.75	2.277363	5.109158	4.455482	99.808746
1413027556	1000	4	3	1	0	2	1	0	0	0	0	0	0	0	0	0	22.00	19.75	2.277363	5.109158	4.454056	99.772675
1413027557	1000	0	1	0	1	0	0	0	0	0	0	0	0	0	0	0	22.00	19.75	2.278975	5.110770	4.436946	99.304359
1413027558	1000	1	2	2	1	0	0	0	1	1	0	0	0	0	0	0	22.00	19.75	2.278975	5.109158	4.455482	99.808746
1413027559	1000	1	0	0	2	0	0	0	0	0	0	0	0	0	0	0	22.00	19.75	2.280586	5.112381	4.432669	99.160812
1413027560	1000	0	0	1	1	0	0	0	0	0	0	0	0	0	0	0	22.00	19.75	2.277363	5.109158	4.454056	99.772675
1413027561	1000	0	0	0	4	0	0	0	0	0	0	0	0	0	0	0	22.00	19.75	2.279780	5.112381	4.454056	99.701614
1413027562	1000	1	2	1	0	1	0	0	0	0	0	0	0	0	0	0	22.00	19.75	2.278975	5.107546	4.454056	99.808235
1413027563	1000	1	0	1	1	0	1	0	0	0	0	0	0	0	0	0	22.00	19.75	2.280586	5.112381	4.452630	99.665550
1413027564	1000	1	2	1	1	0	0	0	0	0	0	0	0	0	0	0	22.00	19.75	2.279780	5.109158	4.451204	99.700516
1413027565	1000	0	0	0	1	0	0	0	0	0	0	0	0	0	0	0	22.00	19.75	2.279780	5.109158	4.454056	99.772675
1413027566	1000	1	0	0	0	0	0	0	0	0	0	0	0	0	0	0	22.00	19.75	2.281392	5.110770	4.454056	99.737129
1413027567	1000	1	1	0	0	1	0	0	0	0	0	0	0	0	0	0	22.00	19.75	2.280586	5.109158	4.456907	99.844826
1413027568	1000	0	0	1	0	0	0	0	0	0	0	0	0	0	0	0	22.00	19.75	2.280586	5.110770	4.451204	99.664993
1413027569	1000	0	1	0	0	0	0	0	0	0	0	0	0	0	0	0	22.00	19.75	2.281392	5.109158	4.455482	99.808746
1413027570	1000	1	0	0	1	0	0	0	0	0	0	0	0	0	0	0	22.00	19.75	2.280586	5.109158	4.428392	99.123306
1413027571	1000	0	0	2	0	0	0	0	0	0	0	0	0	0	0	0	22.00	19.75	2.280586	5.109158	4.456907	99.844826
1413027572	1000	1	1	0	0	0	0	0	0	0	0	0	0	0	0	0	22.00	19.75	2.282198	5.104323	4.454056	99.879433
1413027573	1000	1	2	1	2	0	1	1	0	0	1	0	0	1	0	0	22.00	19.75	2.282198	5.112381	4.434095	99.196861
1413027574	1000	0	0	0	0	0	0	0	0	0	0	0	0	0	0	0	22.00	19.75	2.283004	5.110770	4.454056	99.737129
1413027575	1000	0	1	0	0	0	0	0	0	0	0	0	0	0	0	0	22.00	19.75	2.283004	5.112381	4.444076	99.449242
1413027576	1000	1	0	0	0	0	0	0	0	0	0	0	0	0	0	0	22.00	19.75	2.282198	5.107546	4.452630	99.772148
1413027577	1000	0	0	1	1	0	0	0	0	0	0	0	0	0	0	0	22.00	19.75	2.283004	5.110770	4.452630	99.701057
1413027578	1000	1	0	0	0	0	0	0	0	0	0	0	0	0	0	0	22.00	19.75	2.283810	5.110770	4.455482	99.773193
1413027579	1000	0	3	1	1	0	0	0	1	1	0	0	0	0	0	0	22.00	19.75	2.283004	5.110770	4.455482	99.773193
1413027580	1000	1	1	0	1	0	0	0	0	0	0	0	0	0	0	0	22.00	19.75	2.285421	5.112381	4.458333	99.809761
1413027581	1000	1	2	2	4	0	0	0	0	2	1	0	0	0	0	0	22.00	19.75	2.287033	5.110770	4.425540	99.015839
1413027582	1000	0	0	0	1	0	0	0	0	0	0	0	0	0	0	0	22.00	19.75	2.284616	5.110770	4.441224	99.412552
1413027583	1000	0	1	1	0	0	0	0	0	0	0	0	0	0	0	0	22.00	19.75	2.283810	5.109158	4.451204	99.700516
1413027584	1000	1	0	1	2	0	1	0	0	0	0	0	0	0	0	0	22.00	19.75	2.284616	5.110770	4.452630	99.701057
1413027585	1000	0	1	1	1	0	0	0	0	0	0	0	0	0	0	0	22.00	19.75	2.285421	5.110770	4.455482	99.773193
1413027586	1000	1	1	0	2	0	0	0	0	1	0	0	0	0	0	0	22.00	19.75	2.285421	5.110770	4.436946	99.304359
1413027587	1000	0	0	1	1	0	0	0	0	0	0	0	0	0	0	0	22.00	19.75	2.285421	5.109158	4.452630	99.736588
1413027588	1000	1	1	1	1	0	0	0	0	1	0	0	0	0	0	0	22.00	19.75	2.286227	5.105935	4.455482	99.879921
1413027589	1000	3	1	0	0	1	0	0	0	0	0	0	0	0	0	0	22.00	19.75	2.286227	5.112381	4.451204	99.629501
1413027590	1000	0	1	6	2	0	0	0	0	1	0	0	0	0	0	0	22.00	19.75	2.287033	5.112381	4.454056	99.701614
1413027591	1000	0	1	1	0	0	0	0	1	0	0	0	0	0	0	0	22.00	19.75	2.287033	5.112381	4.441224	99.377136
1413027592	1000	0	2	0	1	0	0	0	0	0	0	0	0	0	0	0	22.00	19.75	2.285421	5.109158	4.459759	99.916969
1413027593	1000	1	1	1	0	0	1	0	0	0	0	0	0	0	0	0	22.00	19.75	2.286227	5.115605	4.452630	99.594612
1413027594	1000	0	0	0	1	0	0	0	0	0	0	0	0	0	0	0	22.00	19.75	2.287033	5.110770	4.458333	99.845314
1413027595	1000	0	0	0	1	0	0	0	0	0	0	0	0	0	0	0	22.00	19.75	2.286227	5.109158	4.454056	99.772675
1413027596	1000	0	0	0	1	0	0	0	0	0	0	0	0	0	0	0	22.00	19.75	2.287839	5.110770	4.455482	99.773193
1413027597	1000	0	0	1	0	0	0	0	0	0	0	0	0	0	0	0	22.00	19.75	2.288645	5.112381	5.644560	129.805771
1413027598	1000	0	0	2	0	0	0	0	0	0	0	0	0	0	0	0	22.00	19.75	2.287839	5.112381	4.458333	99.809761
1413027599	1000	0	0	1	0	0	0	0	0	0	0	0	0	0	0	0	22.00	19.75	2.287839	5.110770	4.456907	99.809258
1413027601	1000	1	0	0	0	0	0	0	0	0	0	0	0	0	0	0	22.00	19.75	2.290257	5.113993	4.454056	99.666115
1413027602	1000	0	0	1	0	0	0	0	0	0	0	0	0	0	0	0	22.00	19.75	2.291062	5.115605	4.459759	99.774757
1413027603	1000	2	1	2	0	1	1	0	1	0	0	1	0	0	0	0	22.00	19.75	2.290257	5.113993	4.432669	99.125481
1413027604	1000	2	2	0	1	1	0	1	0	1	0	0	1	0	0	0	22.00	19.75	2.288645	5.110770	4.456907	99.809258
1413027605	1000	1	0	0	1	0	0	0	0	0	0	0	0	0	0	0	22.00	19.75	2.289451	5.110770	4.452630	99.701057
1413027606	1000	1	0	0	1	0	0	0	0	0	0	0	0	0	0	0	22.00	19.75	2.290257	5.112381	4.436946	99.268974
1413027607	1000	0	0	0	0	0	0	0	0	0	0	0	0	0	0	0	22.00	19.75	2.290257	5.112381	4.456907	99.773712
1413027608	1000	0	0	0	1	0	0	0	0	0	0	0	0	0	0	0	22.00	20.00	2.291868	5.112381	4.458333	99.809761
1413027609	1000	0	0	0	1	0	0	0	0	0	0	0	0	0	0	0	22.00	19.75	2.289451	5.109158	4.452630	99.736588
1413027610	1000	0	0	0	0	0	0	0	0	0	0	0	0	0	0	0	22.00	19.75	2.290257	5.112381	4.454056	99.701614
1413027611	1000	0	1	0	0	0	0	0	0	0	0	0	0	0	0	0	22.00	20.00	2.291868	5.112381	4.458333	99.809761
1413027612	1000	1	0	0	0	0	0	0	0	0	0	0	0	0	0	0	22.00	20.00	2.292674	5.112381	4.454056	99.701614
1413027613	1000	0	1	0	0	0	0	0	0	0	0	0	0	0	0	0	22.00	20.00	2.291062	5.112381	4.454056	99.701614
1413027614	1000	0	1	0	2	0	0	0	0	1	0	0	0	0	0	0	22.50	20.00	2.291868	5.109158	4.436946	99.339752
1413027615	1000	0	1	1	0	0	0	0	0	0	0	0	0	0	0	0	22.00	20.00	2.290257	5.107546	4.451204	99.736061
1413027616	1000	1	1	1	0	0	1	0	0	0	0	0	0	0	0	0	22.00	20.00	2.292674	5.115605	4.455482	99.666672
1413027617	1000	1	1	1	1	0	0	0	0	0	0	0	0	0	0	0	22.00	20.00	2.291868	5.109158	4.456907	99.844826
1413027618	1000	0	1	2	0	0	0	0	0	0	0	0	0	0	0	0	22.50	20.00	2.292674	5.112381	4.455482	99.737671
1413027619	1000	1	3	1	1	1	0	0	0	0	0	0	0	0	0	0	22.50	20.00	2.293480	5.110770	4.438373	99.340431
1413027620	1000	0	0	2	1	0	0	0	0	0	0	0	0	0	0	0	22.50	20.00	2.293480	5.112381	4.459759	99.845825
1413027621	1000	1	2	1	4	1	0	0	0	1	0	0	0	0	0	0	22.50	20.00	2.291868	5.110770	4.461185	99.917450
1413027622	1000	0	2	0	0	0	0	0	0	0	0	0	0	0	0	0	22.50	20.00	2.293480	5.112381	4.439798	99.341080
1413027623	1000	1	2	1	2	0	0	0	0	0	0	0	0	0	0	0	22.50	20.00	2.295092	5.113993	4.462610	99.882362
1413027624	1000	1	0	1	0	0	0	0	0	0	0	0	0	0	0	0	22.50	20.00	2.293480	5.110770	4.439798	99.376495
1413027625	1000	0	1	2	1	0	0	0	0	1	0	0	0	0	0	0	22.50	20.00	2.292674	5.110770	4.456907	99.809258
1413027626	1000	0	0	2	2	0	0	0	0	0	0	0	0	0	0	0	22.50	20.00	2.294286	5.112381	4.456907	99.773712
1413027627	1000	0	1	0	1	0	0	0	0	1	0	0	0	0	0	0	22.50	20.00	2.294286	5.110770	4.459759	99.881393
1413027628	1000	0	2	0	0	0	0	0	0	0	0	0	0	0	0	0	22.50	20.00	2.294286	5.110770	4.458333	99.845314
1413027629	1000	0	0	0	3	0	0	0	0	0	0	0	0	0	0	0	22.50	20.00	2.294286	5.109158	4.455482	99.808746
1413027630	1000	3	0	2	0	0	0	0	0	0	0	0	0	0	0	0	22.50	20.00	2.295897	5.110770	4.438373	99.340431
1413027631	1000	1	1	1	0	0	0	0	0	0	0	0	0	0	0	0	22.50	20.00	2.295092	5.110770	4.441224	99.412552
1413027632	1000	1	0	0	0	0	0	0	0	0	0	0	0	0	0	0	22.50	20.00	2.296703	5.115605	4.455482	99.666672
1413027633	1000	2	1	0	1	0	0	0	0	0	0	0	0	0	0	0	22.50	20.00	2.297509	5.117217	4.459759	99.739265
1413027634	1000	1	1	2	2	0	0	0	0	0	1	0	0	0	0	0	22.50	20.00	2.297509	5.115605	4.456907	99.702698
1413027635	1000	1	2	3	0	0	0	0	0	0	0	0	0	0	0	0	22.50	20.00	2.298315	5.115605	4.442650	99.342400
1413027636	1000	1	1	3	1	1	0	1	0	1	0	0	1	0	0	0	22.50	20.00	2.295897	5.110770	4.456907	99.809258
1413027637	1000	0	0	0	2	0	0	0	0	0	0	0	0	0	0	0	22.50	20.00	2.297509	5.112381	4.455482	99.737671
1413027638	1000	1	0	1	1	0	0	0	0	0	0	0	0	0	0	0	22.50	20.00	2.297509	5.115605	4.461185	99.810799
1413027639	1000	1	0	0	1	0	0	0	0	0	0	0	0	0	0	0	22.50	20.00	2.295897	5.110770	4.458333	99.845314
1413027640	1000	1	1	0	1	1	0	0	0	0	0	0	0	0	0	0	22.50	20.00	2.299121	5.115605	4.439798	99.270340
1413027641	1000	2	0	0	0	0	0	0	0	0	0	0	0	0	0	0	22.50	20.00	2.298315	5.115605	4.461185	99.810799
1413027642	1000	0	0	0	1	0	0	0	0	0	0	0	0	0	0	0	22.50	20.00	2.299121	5.115605	4.458333	99.738724
1413027643	1000	1	1	0	0	0	0	0	0	0	0	0	0	0	0	0	22.50	20.00	2.297509	5.110770	4.454056	99.737129
1413027644	1000	2	1	0	3	0	0	1	0	1	0	0	0	0	0	0	22.50	20.00	2.299121	5.113993	4.459759	99.810280
1413027645	1000	0	3	0	0	0	0	0	0	0	0	0	0	0	0	0	22.50	20.00	2.298315	5.112381	4.458333	99.809761
1413027646	1000	0	3	1	3	0	0	0	0	1	0	0	0	0	0	0	22.50	20.00	2.299927	5.112381	4.438373	99.305031
1413027647	1000	0	0	1	1	0	0	0	0	0	0	0	0	0	0	0	22.50	20.00	2.299121	5.113993	4.444076	99.413834
1413027648	1000	2	1	2	0	0	0	0	1	0	0	0	0	0	0	0	22.50	20.00	2.299121	5.112381	4.458333	99.809761
1413027649	1000	0	2	0	0	0	0	0	0	0	0	0	0	0	0	0	22.50	20.00	2.299927	5.113993	4.456907	99.738190
1413027650	1000	3	0	0	0	0	0	0	0	0	0	0	0	0	0	0	22.50	20.00	2.300733	5.115605	4.459759	99.774757
1413027651	1000	1	1	0	0	0	0	0	0	0	0	0	0	0	0	0	22.50	20.00	2.300733	5.117217	4.436946	99.162956
1413027652	1000	2	2	1	2	2	0	1	0	1	0	0	1	0	0	0	22.50	20.00	2.300733	5.115605	4.461185	99.810799
1413027653	1000	0	2	2	1	0	0	0	0	1	0	0	0	0	0	0	22.50	20.00	2.303956	5.115605	4.459759	99.774757
1413027654	1000	2	0	2	1	0	1	0	0	0	0	0	0	0	0	0	22.50	20.00	2.302344	5.118828	4.439798	99.199684
1413027655	1000	1	0	1	0	0	0	0	0	0	0	0	0	0	0	0	22.50	20.00	2.302344	5.115605	4.462610	99.846825
1413027656	1000	1	2	1	0	1	0	0	0	0	0	0	0	0	0	0	22.50	20.00	2.303150	5.117217	4.462610	99.811302
1413027657	1000	1	0	0	1	0	0	0	0	0	0	0	0	0	0	0	22.50	20.00	2.301538	5.113993	4.462610	99.882362
1413027658	1000	0	1	2	1	0	0	0	0	0	0	0	0	0	0	0	22.50	20.00	2.303150	5.117217	4.459759	99.739265
1413027659	1000	0	1	1	2	0	0	0	0	0	0	0	0	0	0	0	22.50	20.00	2.303150	5.117217	4.461185	99.775291
1413027660	1000	0	0	0	0	0	0	0	0	0	0	0	0	0	0	0	22.50	20.00	2.303956	5.117217	4.461185	99.775291
1413027661	1000	0	0	2	1	0	0	0	0	0	0	0	0	0	0	0	22.50	20.00	2.303150	5.115605	4.456907	99.702698
1413027662	1000	0	0	0	0	0	0	0	0	0	0	0	0	0	0	0	22.50	20.00	2.303956	5.113993	4.439798	99.305702
1413027663	1000	1	1	1	1	0	0	1	1	0	0	0	0	0	0	0	22.50	20.00	2.303150	5.115605	4.438373	99.234314
1413027664	1000	0	1	1	0	0	0	0	1	0	0	0	0	0	0	0	22.50	20.00	2.303150	5.115605	4.456907	99.702698
1413027665	1000	2	1	2	1	0	2	0	0	1	0	0	0	0	0	0	22.50	20.00	2.303150	5.115605	4.455482	99.666672
1413027666	1000	0	2	0	2	0	0	0	0	1	0	0	0	0	0	0	22.50	20.00	2.303150	5.112381	4.456907	99.773712
1413027667	1000	0	0	1	0	0	0	0	0	0	0	0	0	0	0	0	22.50	20.00	2.303956	5.113993	4.439798	99.305702
1413027668	1000	0	0	0	1	0	0	0	0	0	0	0	0	0	0	0	22.50	20.00	2.303956	5.113993	4.461185	99.846329
1413027669	1000	1	1	0	0	1	0	0	0	0	0	0	0	0	0	0	22.50	20.00	2.306374	5.120440	4.459759	99.668335
1413027670	1000	0	0	0	0	0	0	0	0	0	0	0	0	0	0	0	22.50	20.00	2.307179	5.122052	4.462610	99.704880
1413027671	1000	1	0	0	0	0	0	0	0	0	0	0	0	0	0	0	22.50	20.25	2.306374	5.117217	4.459759	99.739265
1413027672	1000	1	0	0	1	0	0	0	0	0	0	0	0	0	0	0	22.50	20.00	2.306374	5.120440	4.446927	99.344376
1413027673	1000	2	1	2	1	0	1	0	0	0	0	0	0	0	0	0	22.50	20.25	2.306374	5.115605	4.461185	99.810799
1413027674	1000	0	3	0	2	0	0	0	0	1	0	0	0	0	0	0	22.50	20.00	2.307985	5.123663	4.462610	99.669449
1413027675	1000	2	0	1	2	0	0	1	0	0	0	0	0	0	0	0	22.50	20.25	2.307179	5.118828	4.459759	99.703796
1413027676	1000	1	0	3	0	0	0	0	0	0	0	0	0	0	0	0	22.50	20.25	2.307179	5.118828	4.462610	99.775810
1413027677	1000	1	2	0	0	0	0	0	0	0	0	0	0	0	0	0	22.50	20.25	2.308791	5.120440	4.465462	99.812325
1413027678	1000	2	0	0	1	0	0	0	0	0	0	0	0	0	0	0	22.50	20.25	2.309597	5.118828	4.441224	99.235695
1413027679	1000	1	1	1	0	0	0	0	0	0	0	0	0	0	0	0	22.50	20.25	2.305568	5.112381	4.434095	99.196861
1413027680	1000	0	1	0	0	0	0	0	0	0	0	0	0	0	0	0	22.50	20.25	2.306374	5.115605	4.459759	99.774757
1413027681	1000	1	0	0	1	0	0	0	0	0	0	0	0	0	0	0	22.50	20.25	2.308791	5.122052	4.464036	99.740852
1413027682	1000	0	0	0	0	0	0	0	0	0	0	0	0	0	0	0	22.50	20.25	2.308791	5.118828	4.462610	99.775810
1413027683	1000	1	0	1	2	0	0	0	0	0	0	0	0	0	0	0	22.50	20.25	2.309597	5.118828	4.439798	99.199684
1413027684	1000	2	0	1	1	0	0	0	0	0	0	0	0	0	0	0	22.50	20.25	2.307179	5.115605	4.458333	99.738724
1413027685	1000	2	1	0	1	1	0	0	0	0	0	0	0	0	0	0	22.50	20.25	2.309597	5.115605	4.459759	99.774757
1413027686	1000	2	1	1	0	1	1	0	1	0	0	1	0	0	0	0	22.50	20.25	2.310403	5.120440	4.465462	99.812325
1413027687	1000	0	2	0	0	0	0	0	0	0	0	0	0	0	0	0	22.50	20.25	2.309597	5.118828	4.462610	99.775810
1413027688	1000	0	0	1	0	0	0	0	0	0	0	0	0	0	0	0	22.50	20.25	2.309597	5.118828	4.523918	101.324127
1413027689	1000	0	0	0	0	0	0	0	0	0	0	0	0	0	0	0	22.50	20.25	2.308791	5.117217	4.461185	99.775291
1413027690	1000	0	0	2	0	0	0	0	0	0	0	0	0	0	0	0	22.50	20.25	2.310403	5.118828	4.462610	99.775810
1413027691	1000	1	0	3	1	0	1	0	0	0	0	0	0	0	0	0	22.50	20.25	2.311209	5.120440	4.466887	99.848328
1413027692	1000	0	1	0	0	0	0	0	0	0	0	0	0	0	0	0	22.50	20.25	2.310403	5.117217	4.459759	99.739265
1413027693	1000	0	0	0	0	0	0	0	0	0	0	0	0	0	0	0	22.50	20.25	2.310403	5.118828	4.459759	99.703796
1413027694	1000	0	0	0	0	0	0	0	0	0	0	0	0	0	0	0	22.50	20.25	2.309597	5.115605	4.436946	99.198265
1413027695	1000	0	0	1	1	0	0	0	0	0	0	0	0	0	0	0	22.50	20.25	2.310403	5.117217	4.441224	99.271019
1413027696	1000	3	2	2	1	2	1	0	0	0	0	0	0	0	0	0	22.50	20.25	2.309597	5.115605	4.459759	99.774757
1413027697	1000	1	0	1	0	0	1	0	0	0	0	0	0	0	0	0	22.50	20.25	2.312015	5.113993	4.458333	99.774231
1413027698	1000	1	1	1	2	0	0	1	1	0	0	0	0	0	0	0	22.50	20.25	2.311209	5.117217	4.456907	99.667229
1413027699	1000	1	0	2	1	0	0	0	0	0	0	0	0	0	0	0	22.50	20.25	2.312821	5.117217	4.444076	99.343071
1413027700	1000	1	2	1	2	1	0	0	0	1	0	0	0	0	0	0	22.50	20.25	2.312821	5.120440	4.461185	99.704338
1413027701	1000	1	1	0	1	1	0	0	0	0	0	0	0	0	0	0	22.50	20.25	2.310403	5.118828	4.465462	99.847816
1413027702	1000	3	1	0	0	0	0	0	0	0	0	0	0	0	0	0	22.50	20.25	2.312821	5.118828	4.442650	99.271713
1413027703	1000	1	0	0	0	0	0	0	0	0	0	0	0	0	0	0	22.50	20.25	2.312821	5.122052	4.462610	99.704880
1413027704	1000	0	1	0	0	0	0	0	0	0	0	0	0	0	0	0	22.50	20.25	2.313627	5.118828	4.441224	99.235695
1413027705	1000	0	0	1	1	0	0	0	0	0	0	0	0	0	0	0	22.50	20.25	2.312015	5.117217	4.462610	99.811302
1413027706	1000	2	1	1	2	1	0	0	0	0	1	0	0	0	0	0	22.50	20.25	2.315238	5.122052	4.466887	99.812828
1413027707	1000	4	0	1	0	0	0	0	0	0	0	0	0	0	0	0	22.50	20.25	2.315238	5.120440	4.466887	99.848328
1413027708	1000	1	2	2	0	0	1	0	0	0	0	0	0	0	0	0	22.50	20.25	2.315238	5.118828	4.461185	99.739807
1413027709	1000	0	0	1	0	0	0	0	0	0	0	0	0	0	0	0	22.50	20.25	2.315238	5.122052	4.464036	99.740852
1413027710	1000	1	0	1	2	0	0	0	0	0	0	0	0	0	0	0	22.50	20.25	2.316044	5.120440	4.525343	101.324165
1413027711	1000	0	0	0	0	0	0	0	0	0	0	0	0	0	0	0	22.50	20.25	2.315238	5.120440	4.452630	99.488350
1413027712	1000	2	1	1	2	0	1	0	0	0	0	0	0	0	0	0	22.50	20.25	2.315238	5.120440	4.464036	99.776321
1413027713	1000	2	1	1	3	0	0	1	0	0	0	0	0	0	0	0	22.50	20.25	2.315238	5.122052	4.461185	99.668892
1413027714	1000	0	1	1	2	0	0	0	0	0	0	0	0	0	0	0	22.50	20.25	2.315238	5.118828	4.462610	99.775810
1413027715	1000	1	2	1	0	0	0	0	0	0	0	0	0	0	0	0	22.50	20.25	2.314432	5.115605	4.442650	99.342400
1413027716	1000	0	0	2	0	0	0	0	0	0	0	0	0	0	0	0	22.50	20.25	2.313627	5.115605	4.456907	99.702698
1413027717	1000	0	0	0	0	0	0	0	0	0	0	0	0	0	0	0	22.50	20.25	2.314432	5.110770	4.461185	99.917450
1413027718	1000	0	3	0	3	0	0	0	0	0	0	0	0	0	0	0	22.50	20.25	2.316044	5.118828	4.441224	99.235695
1413027719	1000	2	1	0	1	0	0	0	0	0	0	0	0	0	0	0	22.50	20.25	2.315238	5.115605	4.459759	99.774757
1413027720	1000	1	1	1	2	0	0	0	0	0	0	0	0	0	0	0	22.50	20.25	2.316850	5.122052	4.455482	99.524956
1413027721	1000	1	0	0	0	0	0	0	0	0	0	0	0	0	0	0	22.50	20.25	2.316044	5.118828	4.464036	99.811806
1413027722	1000	1	1	0	0	1	0	0	0	0	0	0	0	0	0	0	22.50	20.25	2.316850	5.120440	4.461185	99.704338
1413027723	1000	1	0	1	0	0	0	0	0	0	0	0	0	0	0	0	22.50	20.25	2.315238	5.115605	4.461185	99.810799
1413027724	1000	0	1	1	2	0	0	0	0	0	0	0	0	0	0	0	22.50	20.25	2.316850	5.118828	4.464036	99.811806
1413027725	1000	2	0	0	3	0	0	0	0	0	0	0	0	0	0	0	22.50	20.25	2.318462	5.122052	4.462610	99.704880
1413027726	1000	0	1	0	0	0	0	0	0	0	0	0	0	0	0	0	22.50	20.25	2.317656	5.117217	4.425540	98.874809
1413027727	1000	1	1	3	0	0	1	0	1	0	0	0	0	0	0	0	22.50	20.25	2.317656	5.120440	4.444076	99.272385
1413027728	1000	1	0	2	0	0	1	0	0	0	0	0	0	0	0	0	22.50	20.25	2.318462	5.118828	4.459759	99.703796
1413027729	1000	0	0	0	0	0	0	0	0	0	0	0	0	0	0	0	22.50	20.25	2.319268	5.125275	4.464036	99.670006
1413027730	1000	1	0	1	1	0	0	1	0	0	0	0	0	0	0	0	22.50	20.25	2.319268	5.122052	4.465462	99.776840
1413027731	1000	0	1	1	2	0	0	0	1	0	0	0	0	0	0	0	22.50	20.25	2.318462	5.120440	4.442650	99.236389
1413027732	1000	1	1	4	0	0	1	0	0	0	0	0	0	0	0	0	22.50	20.25	2.317656	5.117217	4.464036	99.847313
1413027733	1000	1	1	2	1	1	0	0	0	0	0	0	0	0	0	0	22.50	20.50	2.320073	5.118828	4.468313	99.919830
1413027734	1000	0	1	1	1	0	0	0	0	1	0	0	0	0	0	0	22.50	20.25	2.320879	5.123663	4.465462	99.741394
1413027735	1000	0	2	1	1	0	0	0	0	1	0	0	0	0	0	0	22.50	20.50	2.320879	5.122052	4.468313	99.848816
1413027736	1000	1	1	1	2	0	0	0	0	0	1	0	0	0	0	0	22.50	20.25	2.320073	5.122052	4.483996	100.244659
1413027737	1000	0	0	0	1	0	0	0	0	0	0	0	0	0	0	0	22.50	20.25	2.318462	5.117217	4.465462	99.883339
1413027738	1000	2	0	1	2	0	0	1	0	0	0	0	0	0	0	0	23.00	20.50	2.320073	5.117217	4.462610	99.811302
1413027739	1000	0	0	0	0	0	0	0	0	0	0	0	0	0	0	0	22.50	20.50	2.319268	5.117217	4.461185	99.775291
1413027740	1000	0	0	0	0	0	0	0	0	0	0	0	0	0	0	0	22.50	20.50	2.318462	5.115605	4.459759	99.774757
1413027741	1000	0	0	1	0	0	0	0	0	0	0	0	0	0	0	0	22.50	20.50	2.320879	5.118828	4.462610	99.775810
1413027742	1000	1	1	0	1	0	0	0	0	1	0	0	0	0	0	0	22.50	20.50	2.324103	5.123663	4.498254	100.568779
1413027743	1000	0	0	0	3	0	0	0	0	0	0	0	0	0	0	0	22.50	20.50	2.321685	5.120440	4.448353	99.380379
1413027744	1000	0	0	0	1	0	0	0	0	0	0	0	0	0	0	0	23.00	20.50	2.323297	5.123663	4.469739	99.849312
1413027745	1000	0	0	1	0	0	0	0	0	0	0	0	0	0	0	0	23.00	20.50	2.323297	5.122052	4.466887	99.812828
1413027746	1000	2	2	1	2	1	1	0	0	0	0	0	0	0	0	0	23.00	20.50	2.324103	5.125275	4.469739	99.813843
1413027747	1000	1	0	1	0	0	1	0	0	0	0	0	0	0	0	0	23.00	20.50	2.323297	5.125275	4.465462	99.705963
1413027748	1000	1	1	0	0	0	0	0	0	0	0	0	0	0	0	0	23.00	20.50	2.321685	5.120440	4.466887	99.848328
1413027749	1000	1	0	2	0	0	0	0	0	0	0	0	0	0	0	0	23.00	20.50	2.320073	5.118828	4.464036	99.811806
1413027750	1000	0	1	0	1	0	0	0	0	0	0	0	0	0	0	0	23.00	20.50	2.323297	5.120440	4.464036	99.776321
1413027751	1000	0	0	2	1	0	0	0	0	0	0	0	0	0	0	0	23.00	20.50	2.323297	5.120440	4.464036	99.776321
1413027752	1000	1	0	1	2	0	0	0	0	0	0	0	0	0	0	0	23.00	20.50	2.325714	5.123663	4.451204	99.381660
1413027753	1000	0	0	0	0	0	0	0	0	0	0	0	0	0	0	0	23.00	20.50	2.324908	5.123663	4.468313	99.813339
1413027754	1000	1	0	0	0	0	0	0	0	0	0	0	0	0	0	0	23.00	20.50	2.324908	5.128499	4.462610	99.563293
1413027755	1000	0	0	1	0	0	0	0	0	0	0	0	0	0	0	0	23.00	20.50	2.324103	5.122052	4.466887	99.812828
1413027756	1000	0	1	1	0	0	0	0	1	0	0	0	0	0	0	0	23.00	20.50	2.324908	5.120440	4.466887	99.848328
1413027757	1000	0	0	0	2	0	0	0	0	0	0	0	0	0	0	0	23.00	20.50	2.324908	5.122052	4.466887	99.812828
1413027758	1000	0	0	1	0	0	0	0	0	0	0	0	0	0	0	0	23.00	20.50	2.324103	5.118828	4.441224	99.235695
1413027759	1000	2	2	1	4	0	1	0	0	1	0	0	0	0	0	0	23.00	20.50	2.325714	5.122052	4.465462	99.776840
1413027760	1000	1	0	1	2	0	0	1	0	0	1	0	0	0	0	0	23.00	20.50	2.324908	5.122052	4.468313	99.848816
1413027761	1000	1	1	0	0	0	0	0	0	0	0	0	0	0	0	0	23.00	20.50	2.325714	5.125275	4.464036	99.670006
1413027762	1000	1	0	0	0	0	0	0	0	0	0	0	0	0	0	0	23.00	20.50	2.326520	5.123663	4.464036	99.705421
1413027763	1000	0	0	0	1	0	0	0	0	0	0	0	0	0	0	0	23.00	20.50	2.326520	5.122052	4.444076	99.237076
1413027764	1000	1	0	0	0	0	0	0	0	0	0	0	0	0	0	0	23.00	20.50	2.324908	5.118828	4.466887	99.883835
1413027765	1000	0	0	1	0	0	0	0	0	0	0	0	0	0	0	0	23.00	20.50	2.326520	5.118828	4.465462	99.847816
1413027766	1000	2	1	1	2	0	1	1	0	0	1	0	0	1	0	0	23.00	20.50	2.325714	5.118828	4.442650	99.271713
1413027767	1000	0	1	2	1	0	0	0	1	0	0	0	0	0	0	0	23.00	20.50	2.326520	5.122052	4.462610	99.704880
1413027768	1000	0	0	0	0	0	0	0	0	0	0	0	0	0	0	0	23.00	20.50	2.328132	5.122052	4.454056	99.488968
1413027769	1000	1	0	0	1	0	0	0	0	0	0	0	0	0	0	0	23.00	20.50	2.326520	5.120440	4.466887	99.848328
1413027770	1000	0	4	1	3	0	0	0	0	1	0	0	0	0	0	0	23.00	20.50	2.329744	5.126887	4.471165	99.814362
1413027771	1000	1	3	1	2	0	0	0	1	1	0	0	0	0	0	0	23.00	20.50	2.327326	5.122052	4.462610	99.704880
1413027772	1000	2	3	1	1	1	0	1	0	1	0	0	1	0	0	0	23.00	20.50	2.327326	5.122052	4.466887	99.812828
1413027773	1000	1	2	0	3	1	0	1	0	1	0	0	1	0	0	0	23.00	20.50	2.330549	5.126887	4.466887	99.706505
1413027774	1000	1	2	1	0	0	1	0	0	0	0	0	0	0	0	0	23.00	20.50	2.330549	5.123663	4.446927	99.273743
1413027775	1000	0	2	0	2	0	0	0	0	0	0	0	0	0	0	0	23.00	20.50	2.328132	5.123663	4.445501	99.237770
1413027776	1000	1	1	0	0	0	0	0	0	0	0	0	0	0	0	0	23.00	20.50	2.328132	5.123663	4.465462	99.741394
1413027777	1000	2	0	0	0	0	0	0	0	0	0	0	0	0	0	0	23.00	20.50	2.329744	5.122052	4.466887	99.812828
1413027778	1000	1	1	1	0	1	0	0	0	0	0	0	0	0	0	0	23.00	20.50	2.330549	5.125275	4.468313	99.777893
1413027779	1000	0	2	0	0	0	0	0	0	0	0	0	0	0	0	0	23.00	20.50	2.330549	5.125275	4.436946	98.986717
1413027780	1000	1	3	1	0	1	0	0	0	0	0	0	0	0	0	0	23.00	20.50	2.328938	5.123663	4.465462	99.741394
1413027781	1000	2	1	0	1	0	0	0	0	1	0	0	0	0	0	0	23.00	20.50	2.330549	5.122052	4.462610	99.704880
1413027782	1000	1	0	0	0	0	0	0	0	0	0	0	0	0	0	0	23.00	20.50	2.329744	5.122052	4.465462	99.776840
1413027783	1000	0	1	1	0	0	0	0	0	0	0	0	0	0	0	0	23.00	20.50	2.329744	5.122052	4.465462	99.776840
1413027784	1000	3	2	0	0	1	0	0	0	0	0	0	0	0	0	0	23.00	20.50	2.330549	5.123663	4.446927	99.273743
1413027785	1000	0	0	0	0	0	0	0	0	0	0	0	0	0	0	0	23.00	20.50	2.330549	5.122052	4.468313	99.848816
1413027786	1000	1	1	0	1	0	0	1	0	0	0	0	0	0	0	0	23.00	20.75	2.332161	5.125275	4.465462	99.705963
1413027787	1000	0	0	0	0	0	0	0	0	0	0	0	0	0	0	0	23.00	20.75	2.332161	5.125275	4.466887	99.741928
1413027788	1000	0	0	0	2	0	0	0	0	0	0	0	0	0	0	0	23.00	20.50	2.331355	5.125275	4.471165	99.849815
1413027789	1000	0	2	1	0	0	0	0	0	0	0	0	0	0	0	0	23.00	20.75	2.332161	5.123663	4.465462	99.741394
1413027790	1000	0	0	1	0	0	0	0	0	0	0	0	0	0	0	0	23.00	20.75	2.334579	5.125275	4.448353	99.274422
1413027791	1000	0	1	0	0	0	0	0	0	0	0	0	0	0	0	0	23.00	20.75	2.332161	5.123663	4.448353	99.309723
1413027792	1000	0	0	1	0	0	0	0	0	0	0	0	0	0	0	0	23.00	20.75	2.332161	5.122052	4.468313	99.848816
1413027793	1000	0	0	0	0	0	0	0	0	0	0	0	0	0	0	0	23.00	20.75	2.332161	5.123663	4.462610	99.669449
1413027794	1000	1	1	1	2	1	0	1	0	1	0	0	1	0	0	0	23.00	20.75	2.334579	5.128499	4.471165	99.778923
1413027795	1000	0	0	2	0	0	0	0	0	0	0	0	0	0	0	0	23.00	20.75	2.335385	5.126887	4.449779	99.275101
1413027796	1000	1	0	1	0	0	0	0	0	0	0	0	0	0	0	0	23.00	20.75	2.333773	5.123663	4.468313	99.813339
1413027797	1000	1	0	1	1	0	0	0	0	0	0	0	0	0	0	0	23.00	20.75	2.335385	5.126887	4.474016	99.886261
1413027798	1000	1	1	0	1	1	0	0	0	0	0	0	0	0	0	0	23.00	20.75	2.334579	5.126887	4.446927	99.203201
1413027799	1000	0	0	1	1	0	0	0	0	0	0	0	0	0	0	0	23.00	20.75	2.332161	5.120440	4.464036	99.776321
1413027800	1000	0	0	3	1	0	0	0	0	0	0	0	0	0	0	0	23.00	20.75	2.334579	5.125275	4.452630	99.382301
1413027801	1000	1	1	1	2	0	1	0	0	1	0	0	0	0	0	0	23.00	20.75	2.334579	5.125275	4.471165	99.849815
1413027802	1000	0	0	0	0	0	0	0	0	0	0	0	0	0	0	0	23.00	20.75	2.335385	5.130110	4.472590	99.779457
1413027803	1000	0	2	0	0	0	0	0	0	0	0	0	0	0	0	0	23.00	20.75	2.335385	5.126887	4.474016	99.886261
1413027804	1000	1	4	1	2	0	1	0	0	1	0	0	0	0	0	0	23.00	20.75	2.336190	5.126887	4.471165	99.814362
1413027805	1000	1	0	0	2	0	0	0	0	0	0	0	0	0	0	0	23.00	20.75	2.337802	5.130110	4.472590	99.779457
1413027806	1000	0	0	0	1	0	0	0	0	0	0	0	0	0	0	0	23.00	20.75	2.336190	5.123663	4.471165	99.885284
1413027807	1000	0	1	0	0	0	0	0	0	0	0	0	0	0	0	0	23.00	20.75	2.335385	5.125275	4.465462	99.705963
1413027808	1000	1	1	0	0	0	0	0	0	0	0	0	0	0	0	0	23.00	20.75	2.336190	5.125275	4.471165	99.849815
1413027809	1000	2	2	0	3	0	0	0	0	1	0	0	0	0	0	0	23.00	20.75	2.337802	5.130110	4.472590	99.779457
1413027810	1000	1	2	1	1	1	0	0	1	0	0	0	0	0	0	0	23.00	20.75	2.336996	5.125275	4.469739	99.813843
1413027811	1000	3	0	1	1	0	1	0	0	0	0	0	0	0	0	0	23.00	20.75	2.337802	5.128499	4.439798	98.988258
1413027812	1000	1	0	1	1	0	0	0	0	0	1	0	0	0	0	0	23.00	20.75	2.336190	5.125275	4.466887	99.741928
1413027813	1000	2	1	1	0	1	1	0	0	0	0	0	0	0	0	0	23.00	20.75	2.340220	5.126887	4.469739	99.778412
1413027814	1000	0	0	1	0	0	0	0	0	0	0	0	0	0	0	0	23.00	20.75	2.334579	5.125275	4.468313	99.777893
1413027815	1000	1	0	1	0	0	0	0	0	0	0	0	0	0	0	0	23.00	20.75	2.336190	5.123663	4.469739	99.849312
1413027816	1000	1	0	1	0	0	1	0	0	0	0	0	0	0	0	0	23.00	20.75	2.336996	5.125275	4.466887	99.741928
1413027817	1000	0	2	1	2	0	0	0	0	1	0	0	0	0	0	0	23.00	20.75	2.337802	5.126887	4.468313	99.742455
1413027818	1000	0	0	1	2	0	0	0	0	0	0	0	0	0	0	0	23.00	20.75	2.335385	5.120440	4.469739	99.920303
1413027819	1000	0	1	1	1	0	0	0	0	0	0	0	0	0	0	0	23.00	20.75	2.339414	5.128499	4.472590	99.814880
1413027820	1000	3	1	0	1	1	0	0	0	0	0	0	0	0	0	0	23.00	20.75	2.337802	5.123663	4.468313	99.813339
1413027821	1000	2	0	1	1	0	0	0	0	0	0	0	0	0	0	0	23.00	20.75	2.338608	5.123663	4.468313	99.813339
1413027822	1000	1	1	1	2	0	1	0	0	1	0	0	0	0	0	0	23.00	20.75	2.341831	5.130110	4.466887	99.635742
1413027823	1000	2	0	1	1	0	0	0	0	0	0	0	0	0	0	0	23.00	20.75	2.340220	5.126887	4.471165	99.814362
1413027824	1000	2	0	1	1	0	0	0	0	0	0	0	0	0	0	0	23.00	20.75	2.341026	5.130110	4.468313	99.671669
1413027825	1000	0	1	2	1	0	0	0	0	0	1	0	0	0	0	0	23.00	20.75	2.340220	5.126887	4.469739	99.778412
1413027826	1000	3	2	4	2	2	2	0	1	0	0	1	0	0	0	0	23.00	20.75	2.338608	5.125275	4.471165	99.849815
1413027827	1000	1	0	0	0	0	0	0	0	0	0	0	0	0	0	0	23.00	20.75	2.340220	5.130110	4.448353	99.168663
1413027828	1000	0	0	0	2	0	0	0	0	0	0	0	0	0	0	0	23.00	20.75	2.339414	5.125275	4.474016	99.921730
1413027829	1000	0	1	2	1	0	0	0	0	0	0	0	0	0	0	0	23.00	20.75	2.341831	5.128499	4.472590	99.814880
1413027830	1000	2	1	0	3	0	0	1	0	0	0	0	0	0	0	0	23.00	20.75	2.341026	5.126887	4.448353	99.239151
1413027831	1000	1	1	1	2	0	1	0	0	1	0	0	0	0	0	0	23.00	20.75	2.340220	5.123663	4.466887	99.777374
1413027832	1000	1	0	0	1	0	0	0	0	0	0	0	0	0	0	0	23.00	20.75	2.342638	5.128499	4.458333	99.455467
1413027833	1000	0	1	0	1	0	0	0	0	1	0	0	0	0	0	0	23.00	20.75	2.339414	5.123663	4.464036	99.705421
1413027834	1000	1	1	4	0	0	1	0	0	0	0	0	0	0	0	0	23.00	20.75	2.341026	5.126887	4.466887	99.706505
1413027835	1000	1	3	0	2	0	0	0	0	1	0	0	0	0	0	0	23.00	20.75	2.341026	5.125275	4.469739	99.813843
1413027836	1000	1	3	2	0	1	0	0	0	0	0	0	0	0	0	0	23.00	20.75	2.341026	5.126887	4.468313	99.742455
1413027837	1000	2	0	0	0	0	0	0	0	0	0	0	0	0	0	0	23.00	20.75	2.341026	5.125275	4.468313	99.777893
1413027838	1000	0	1	1	1	0	0	0	0	0	0	0	0	0	0	0	23.00	20.75	2.341831	5.125275	4.442650	99.130569
1413027839	1000	1	1	1	1	0	0	0	0	1	0	0	0	0	0	0	23.00	20.75	2.341831	5.125275	4.458333	99.526154
1413027840	1000	1	1	0	2	0	0	0	0	0	0	0	0	0	0	0	23.00	20.75	2.341026	5.123663	4.468313	99.813339
1413027841	1000	0	0	0	0	0	0	0	0	0	0	0	0	0	0	0	23.00	20.75	2.341026	5.125275	4.465462	99.705963
1413027842	1000	0	1	0	0	0	0	0	0	0	0	0	0	0	0	0	23.00	20.75	2.341831	5.125275	4.468313	99.777893
1413027843	1000	2	1	1	0	1	1	0	0	0	0	0	0	0	0	0	23.00	20.75	2.342638	5.126887	4.448353	99.239151
1413027844	1000	0	1	2	1	0	0	0	0	0	0	0	0	0	0	0	23.00	20.75	2.342638	5.126887	4.469739	99.778412
1413027845	1000	3	2	0	0	0	0	0	0	0	0	0	0	0	0	0	23.00	20.75	2.345055	5.128499	4.474016	99.850800
1413027846	1000	0	0	0	3	0	0	0	0	0	0	0	0	0	0	0	23.00	20.75	2.345055	5.130110	4.448353	99.168663
1413027847	1000	0	0	0	0	0	0	0	0	0	0	0	0	0	0	0	23.00	20.75	2.345055	5.128499	4.472590	99.814880
1413027848	1000	0	1	0	2	0	0	0	0	1	0	0	0	0	0	0	23.00	20.75	2.345055	5.126887	4.469739	99.778412
1413027849	1000	2	0	1	0	0	0	0	0	0	0	0	0	0	0	0	23.00	20.75	2.342638	5.123663	4.469739	99.849312
1413027850	1000	1	1	1	1	0	0	1	0	0	0	0	0	0	0	0	23.00	20.75	2.345861	5.130110	4.469739	99.707596
1413027851	1000	2	1	1	3	0	0	0	0	1	0	0	0	0	0	0	23.00	20.75	2.343443	5.125275	4.468313	99.777893
1413027853	1000	1	0	0	1	0	0	1	0	0	0	0	0	0	0	0	23.00	20.75	2.344249	5.128499	4.469739	99.742989
1413027854	1000	1	0	2	0	0	1	0	0	0	0	0	0	0	0	0	23.00	20.75	2.344249	5.126887	4.468313	99.742455
1413027855	1000	0	1	0	1	0	0	0	0	0	0	0	0	0	0	0	23.00	21.00	2.345861	5.123663	4.446927	99.273743
1413027856	1000	1	0	1	2	0	1	0	0	0	0	0	0	0	0	0	23.00	20.75	2.345861	5.128499	4.452630	99.311714
1413027857	1000	1	1	1	2	0	0	0	1	0	0	0	0	0	0	0	23.00	20.75	2.344249	5.125275	4.466887	99.741928
1413027858	1000	1	0	1	1	0	1	0	0	0	0	0	0	0	0	0	23.00	20.75	2.347473	5.131722	4.471165	99.708138
1413027859	1000	1	1	0	3	0	0	0	0	0	0	0	0	0	0	0	23.00	21.00	2.346667	5.128499	4.472590	99.814880
1413027860	1000	0	1	1	1	0	0	0	0	0	0	0	0	0	0	0	23.00	20.75	2.345861	5.128499	4.449779	99.239838
1413027861	1000	1	1	0	1	0	0	0	0	1	0	0	0	0	0	0	23.00	20.75	2.345861	5.128499	4.471165	99.778923
1413027862	1000	2	0	3	0	0	1	0	0	0	0	0	0	0	0	0	23.00	21.00	2.348279	5.125275	4.474016	99.921730
1413027863	1000	0	0	1	0	0	0	0	0	0	0	0	0	0	0	0	23.00	21.00	2.348279	5.128499	4.471165	99.778923
1413027864	1000	1	1	0	0	0	0	0	0	0	0	0	0	0	0	0	23.00	21.00	2.345861	5.125275	4.471165	99.849815
1413027865	1000	0	1	3	1	0	0	0	0	0	0	0	0	0	0	0	23.00	21.00	2.349084	5.130110	4.456907	99.384232
1413027866	1000	0	0	0	1	0	0	0	0	0	0	0	0	0	0	0	23.00	21.00	2.347473	5.126887	4.471165	99.814362
1413027867	1000	1	0	0	1	0	0	0	0	0	0	0	0	0	0	0	23.00	21.00	2.349084	5.130110	4.471165	99.743515
1413027868	1000	2	2	1	0	0	1	0	0	0	0	0	0	0	0	0	23.00	21.00	2.349084	5.130110	4.478293	99.923157
1413027869	1000	1	0	1	1	0	0	0	0	0	0	0	0	0	0	0	23.00	21.00	2.347473	5.130110	4.471165	99.743515
1413027870	1000	0	0	1	0	0	0	0	0	0	0	0	0	0	0	0	23.00	21.00	2.348279	5.128499	4.475442	99.886742
1413027871	1000	2	1	1	1	0	0	0	0	0	0	0	0	0	0	0	23.00	21.00	2.349084	5.126887	4.451204	99.311050
1413027872	1000	0	1	1	0	0	0	0	1	0	0	0	0	0	0	0	23.00	21.00	2.349084	5.128499	4.466887	99.671112
1413027873	1000	0	3	1	1	0	0	0	0	0	0	0	0	0	0	0	23.00	21.00	2.347473	5.125275	4.469739	99.813843
1413027874	1000	1	1	2	3	0	0	0	0	0	2	0	0	0	0	0	23.00	21.00	2.351502	5.133334	4.474016	99.744576
1413027875	1000	0	1	0	0	0	0	0	0	0	0	0	0	0	0	0	23.00	21.00	2.350696	5.131722	4.475442	99.815872
1413027876	1000	4	2	1	1	1	0	1	0	0	0	0	0	0	0	0	23.00	21.00	2.349084	5.126887	4.454056	99.382950
1413027877	1000	1	1	1	0	1	0	0	0	0	0	0	0	0	0	0	23.00	21.00	2.349890	5.130110	4.475442	99.851295
1413027878	1000	0	2	1	1	0	0	0	1	0	0	0	0	0	0	0	23.00	21.00	2.349084	5.130110	4.474016	99.815369
1413027879	1000	0	0	0	0	0	0	0	0	0	0	0	0	0	0	0	23.00	21.00	2.351502	5.130110	4.456907	99.384232
1413027880	1000	2	1	1	2	0	1	1	0	1	0	0	0	0	0	0	23.00	21.00	2.350696	5.128499	4.472590	99.814880
1413027881	1000	4	1	2	1	0	2	0	0	0	0	0	0	0	0	0	23.00	21.00	2.351502	5.130110	4.454056	99.312386
1413027882	1000	1	1	0	1	0	0	1	0	0	0	0	0	0	0	0	23.50	21.00	2.350696	5.130110	4.468313	99.671669
1413027883	1000	3	1	0	1	1	0	1	0	0	0	0	0	0	0	0	23.50	21.00	2.352308	5.130110	4.475442	99.851295
1413027884	1000	0	0	0	0	0	0	0	0	0	0	0	0	0	0	0	23.00	21.00	2.351502	5.130110	4.474016	99.815369
1413027885	1000	0	0	2	2	0	0	0	0	0	0	0	0	0	0	0	23.50	21.00	2.353114	5.130110	4.469739	99.707596
1413027886	1000	1	1	0	1	0	0	0	0	1	0	0	0	0	0	0	23.00	21.00	2.353114	5.131722	4.476868	99.851799
1413027887	1000	1	1	0	1	0	0	0	0	0	0	0	0	0	0	0	23.50	21.00	2.352308	5.126887	4.449779	99.275101
1413027888	1000	3	1	0	1	0	0	1	0	0	0	0	0	0	0	0	23.50	21.00	2.353114	5.131722	4.474016	99.779961
1413027889	1000	1	1	0	0	0	0	0	0	0	0	0	0	0	0	0	23.50	21.00	2.353920	5.131722	4.474016	99.779961
1413027890	1000	0	1	2	0	0	0	0	0	0	0	0	0	0	0	0	23.50	21.00	2.353114	5.133334	4.474016	99.744576
1413027891	1000	1	1	1	0	0	0	0	0	0	0	0	0	0	0	0	23.50	21.00	2.353920	5.131722	4.474016	99.779961
1413027892	1000	1	1	0	1	0	0	0	0	0	0	0	0	0	0	0	23.50	21.00	2.352308	5.128499	4.452630	99.311714
1413027893	1000	1	0	0	0	0	0	0	0	0	0	0	0	0	0	0	23.50	21.00	2.352308	5.128499	4.469739	99.742989
1413027894	1000	2	0	4	0	0	0	0	0	0	0	0	0	0	0	0	23.50	21.00	2.353920	5.130110	4.472590	99.779457
1413027895	1000	1	1	1	0	0	0	0	0	0	0	0	0	0	0	0	23.50	21.00	2.354725	5.131722	4.454056	99.277138
1413027896	1000	3	0	2	1	0	1	0	0	0	0	0	0	0	0	0	23.50	21.00	2.355531	5.134945	4.475442	99.745110
1413027897	1000	0	0	1	0	0	0	0	0	0	0	0	0	0	0	0	23.50	21.00	2.354725	5.133334	4.455482	99.277809
1413027898	1000	0	1	0	0	0	0	0	0	0	0	0	0	0	0	0	23.50	21.00	2.353920	5.130110	4.475442	99.851295
1413027899	1000	0	1	0	3	0	0	0	0	1	0	0	0	0	0	0	23.50	21.00	2.354725	5.131722	4.472590	99.744049
1413027900	1000	0	0	0	0	0	0	0	0	0	0	0	0	0	0	0	23.50	21.00	2.355531	5.130110	4.475442	99.851295
1413027901	1000	1	1	0	3	1	0	0	0	0	0	0	0	0	0	0	23.50	21.00	2.353920	5.130110	4.471165	99.743515
1413027902	1000	1	1	1	0	1	0	0	0	0	0	0	0	0	0	0	23.50	21.00	2.356337	5.133334	4.475442	99.780479
1413027903	1000	0	0	1	1	0	0	0	0	0	0	0	0	0	0	0	23.50	21.00	2.358755	5.130110	4.454056	99.312386
1413027904	1000	2	4	5	0	0	2	0	0	0	0	0	0	0	0	0	23.50	21.00	2.356337	5.131722	4.449779	99.169380
1413027905	1000	1	1	1	0	0	0	0	0	0	0	0	0	0	0	0	23.50	21.00	2.354725	5.128499	4.469739	99.742989
1413027906	1000	1	0	1	0	0	1	0	0	0	0	0	0	0	0	0	23.50	21.00	2.356337	5.133334	4.469739	99.636864
1413027907	1000	2	1	0	1	0	0	0	0	1	0	0	0	0	0	0	23.50	21.00	2.357949	5.134945	4.475442	99.745110
1413027908	1000	1	1	0	2	0	0	1	0	0	0	0	0	0	0	0	23.50	21.00	2.356337	5.131722	4.456907	99.348961
1413027909	1000	0	1	0	1	0	0	0	0	1	0	0	0	0	0	0	23.50	21.00	2.355531	5.130110	4.472590	99.779457
1413027910	1000	1	2	1	0	0	0	0	0	0	0	0	0	0	0	0	23.50	21.00	2.357143	5.128499	4.471165	99.778923
1413027911	1000	0	0	0	3	0	0	0	0	0	0	0	0	0	0	0	23.50	21.00	2.357949	5.133334	4.475442	99.780479
1413027912	1000	2	0	1	1	0	0	1	0	0	0	0	0	0	0	0	23.50	21.00	2.357949	5.133334	4.474016	99.744576
