quad V2.5
time	int	cnt1	cnt2	cnt3	cnt4	1&2	1&3	1&4	2&3	2&4	3&4	1&2&3	1&2&4	1&3&4	2&3&4	1&2&3&4	digTemp	temp	adct	adcr	adcp	pressure
1413037592	1000	0	0	1	0	0	0	0	0	0	0	0	0	0	0	0	3.00	0.50	1.224908	4.606300	4.049141	100.711906
1413037593	1000	0	1	0	1	0	0	0	0	0	0	0	0	0	0	0	3.50	0.50	1.224103	4.603077	4.046290	100.711395
1413037594	1000	0	0	0	0	0	0	0	0	0	0	0	0	0	0	0	3.50	0.50	1.224908	4.603077	4.046290	100.711395
1413037595	1000	0	1	0	2	0	0	0	0	1	0	0	0	0	0	0	3.50	0.50	1.225714	4.604689	4.047716	100.711655
1413037596	1000	2	1	2	3	0	0	1	0	0	2	0	0	0	0	0	3.50	0.50	1.226520	4.604689	4.047716	100.711655
1413037597	1000	0	0	0	0	0	0	0	0	0	0	0	0	0	0	0	3.50	0.50	1.225714	4.598242	4.046290	100.830887
1413037598	1000	0	1	1	1	0	0	0	0	0	0	0	0	0	0	0	3.50	0.50	1.227326	4.606300	4.050567	100.751923
1413037599	1000	0	0	1	0	0	0	0	0	0	0	0	0	0	0	0	3.50	0.50	1.228132	4.603077	4.049141	100.791489
1413037600	1000	0	2	2	1	0	0	0	1	0	1	0	0	0	0	0	3.50	0.50	1.229744	4.606300	4.050567	100.751923
1413037601	1000	0	0	2	1	0	0	0	0	0	0	0	0	0	0	0	3.50	0.50	1.228938	4.606300	4.050567	100.751923
1413037602	1000	1	1	1	1	0	0	1	0	0	0	0	0	0	0	0	3.50	0.50	1.229744	4.606300	4.049141	100.711906
1413037603	1000	0	0	0	0	0	0	0	0	0	0	0	0	0	0	0	3.50	0.50	1.230549	4.607912	4.049141	100.672157
1413037604	1000	0	1	0	0	0	0	0	0	0	0	0	0	0	0	0	3.50	0.50	1.232161	4.609524	4.032032	100.152596
1413037605	1000	0	1	1	0	0	0	0	0	0	0	0	0	0	0	0	3.50	0.50	1.229744	4.601465	4.047716	100.791267
1413037606	1000	1	0	0	1	0	0	1	0	0	0	0	0	0	0	0	3.50	0.50	1.231355	4.604689	4.047716	100.711655
1413037607	1000	0	0	0	1	0	0	0	0	0	0	0	0	0	0	0	3.50	0.50	1.232967	4.606300	4.050567	100.751923
1413037608	1000	0	4	4	2	0	0	0	1	0	0	0	0	0	0	0	3.50	0.50	1.232967	4.607912	4.050567	100.712166
1413037609	1000	0	1	0	0	0	0	0	0	0	0	0	0	0	0	0	3.50	0.50	1.233773	4.609524	4.051993	100.712410
1413037610	1000	1	0	0	0	0	0	0	0	0	0	0	0	0	0	0	3.50	0.50	1.232967	4.604689	4.049141	100.751678
1413037611	1000	1	1	0	0	0	0	0	0	0	0	0	0	0	0	0	3.50	0.75	1.234579	4.606300	4.051993	100.791931
1413037612	1000	1	0	0	0	0	0	0	0	0	0	0	0	0	0	0	3.50	0.75	1.234579	4.604689	4.049141	100.751678
1413037613	1000	1	1	0	0	1	0	0	0	0	0	0	0	0	0	0	3.50	0.75	1.236996	4.609524	4.054844	100.792374
1413037614	1000	1	0	1	0	0	0	0	0	0	0	0	0	0	0	0	3.50	0.75	1.237802	4.609524	4.054844	100.792374
1413037615	1000	1	0	0	2	0	0	0	0	0	0	0	0	0	0	0	3.50	0.75	1.239414	4.611135	4.043438	100.432854
1413037616	1000	2	3	0	1	1	0	0	0	0	0	0	0	0	0	0	3.50	0.75	1.236996	4.606300	4.051993	100.791931
1413037617	1000	0	0	1	0	0	0	0	0	0	0	0	0	0	0	0	3.50	0.75	1.237802	4.606300	4.049141	100.711906
1413037618	1000	0	0	0	0	0	0	0	0	0	0	0	0	0	0	0	3.50	0.75	1.237802	4.607912	4.049141	100.672157
1413037619	1000	1	1	0	0	0	0	0	0	0	0	0	0	0	0	0	3.50	0.75	1.238608	4.607912	4.034883	100.272148
1413037620	1000	0	0	2	2	0	0	0	0	0	1	0	0	0	0	0	3.50	0.75	1.238608	4.606300	4.033458	100.271744
1413037621	1000	1	2	1	0	0	1	0	0	0	0	0	0	0	0	0	3.50	0.75	1.240220	4.609524	4.054844	100.792374
1413037622	1000	1	0	1	1	0	0	0	0	0	0	0	0	0	0	0	3.50	0.75	1.241026	4.609524	4.050567	100.672424
1413037623	1000	1	1	1	1	0	0	1	1	0	0	0	0	0	0	0	3.50	0.75	1.241832	4.611135	4.050567	100.632713
1413037624	1000	0	0	1	2	0	0	0	0	0	0	0	0	0	0	0	3.50	0.75	1.241026	4.607912	4.049141	100.672157
1413037625	1000	0	1	1	0	0	0	0	0	0	0	0	0	0	0	0	3.50	1.00	1.243443	4.606300	4.054844	100.871956
1413037626	1000	1	0	2	0	0	0	0	0	0	0	0	0	0	0	0	3.50	0.75	1.241832	4.606300	4.050567	100.751923
1413037627	1000	0	0	0	0	0	0	0	0	0	0	0	0	0	0	0	3.50	0.75	1.243443	4.611135	4.051993	100.672684
1413037628	1000	0	0	0	0	0	0	0	0	0	0	0	0	0	0	0	3.50	0.75	1.244249	4.611135	4.053419	100.712669
1413037630	1000	0	0	1	0	0	0	0	0	0	0	0	0	0	0	0	3.50	1.00	1.244249	4.609524	4.051993	100.712410
1413037631	1000	0	0	1	1	0	0	0	0	0	0	0	0	0	0	0	3.50	1.00	1.245861	4.614359	4.054844	100.673218
1413037632	1000	0	0	0	0	0	0	0	0	0	0	0	0	0	0	0	4.00	1.00	1.246667	4.615971	4.036309	100.114456
1413037633	1000	0	0	0	0	0	0	0	0	0	0	0	0	0	0	0	4.00	1.00	1.245861	4.611135	4.056270	100.792610
1413037634	1000	0	0	0	0	0	0	0	0	0	0	0	0	0	0	0	4.00	1.00	1.247473	4.615971	4.059122	100.753342
1413037635	1000	1	1	0	0	0	0	0	0	0	0	0	0	0	0	0	4.00	1.00	1.248278	4.614359	4.057696	100.753105
1413037636	1000	1	0	0	1	0	0	1	0	0	0	0	0	0	0	0	4.00	1.00	1.246667	4.611135	4.051993	100.672684
1413037637	1000	0	1	0	2	0	0	0	0	0	0	0	0	0	0	0	4.00	1.00	1.247473	4.612747	4.034883	100.153488
1413037638	1000	1	2	2	2	0	0	1	1	1	0	0	0	0	0	0	4.00	1.00	1.249084	4.612747	4.057696	100.792831
1413037639	1000	1	1	0	0	0	0	0	0	0	0	0	0	0	0	0	4.00	1.00	1.248278	4.611135	4.054844	100.752625
1413037640	1000	0	1	0	2	0	0	0	0	1	0	0	0	0	0	0	4.00	1.00	1.249890	4.614359	4.051993	100.593323
1413037641	1000	0	2	0	1	0	0	0	0	0	0	0	0	0	0	0	4.00	1.00	1.251502	4.617582	4.057696	100.673744
1413037642	1000	0	1	0	0	0	0	0	0	0	0	0	0	0	0	0	4.00	1.00	1.251502	4.615971	4.054844	100.633553
1413037643	1000	0	0	1	1	0	0	0	0	0	0	0	0	0	0	0	4.00	1.00	1.249890	4.607912	4.030606	100.152145
1413037644	1000	2	0	1	1	0	0	1	0	0	0	0	0	0	0	0	4.00	1.00	1.250696	4.611135	4.053419	100.712669
1413037645	1000	1	1	1	1	0	0	0	0	0	0	0	0	0	0	0	4.00	1.00	1.252308	4.612747	4.053419	100.672958
1413037646	1000	2	1	0	0	0	0	0	0	0	0	0	0	0	0	0	4.00	1.00	1.252308	4.612747	4.053419	100.672958
1413037647	1000	2	1	1	2	0	0	0	1	0	0	0	0	0	0	0	4.00	1.00	1.253919	4.617582	4.037735	100.114906
1413037648	1000	1	1	0	1	0	0	0	0	0	0	0	0	0	0	0	4.00	1.00	1.253919	4.614359	4.034883	100.113998
1413037649	1000	0	1	0	0	0	0	0	0	0	0	0	0	0	0	0	4.00	1.00	1.253919	4.614359	4.056270	100.713165
1413037650	1000	0	0	1	1	0	0	0	0	0	0	0	0	0	0	0	4.00	1.00	1.254725	4.614359	4.057696	100.753105
1413037651	1000	0	0	0	1	0	0	0	0	0	0	0	0	0	0	0	4.00	1.00	1.255531	4.614359	4.057696	100.753105
1413037652	1000	1	1	1	1	1	0	0	0	0	0	0	0	0	0	0	4.00	1.00	1.256337	4.615971	4.057696	100.713409
1413037653	1000	0	1	1	1	0	0	0	0	0	0	0	0	0	0	0	4.00	1.25	1.257949	4.617582	4.061973	100.793495
1413037654	1000	0	0	0	1	0	0	0	0	0	0	0	0	0	0	0	4.00	1.25	1.256337	4.612747	4.057696	100.792831
1413037655	1000	0	2	2	0	0	0	0	1	0	0	0	0	0	0	0	4.00	1.25	1.257143	4.615971	4.059122	100.753342
1413037656	1000	2	2	1	0	1	0	0	1	0	0	0	0	0	0	0	4.00	1.25	1.258755	4.619194	4.043438	100.235092
1413037657	1000	0	0	0	1	0	0	0	0	0	0	0	0	0	0	0	4.00	1.25	1.260366	4.620806	4.064825	100.793938
1413037658	1000	0	0	0	1	0	0	0	0	0	0	0	0	0	0	0	4.00	1.25	1.259561	4.620806	4.060547	100.674278
1413037659	1000	0	0	0	0	0	0	0	0	0	0	0	0	0	0	0	4.00	1.25	1.260366	4.619194	4.042013	100.195190
1413037660	1000	2	2	1	1	0	0	0	0	0	0	0	0	0	0	0	4.00	1.25	1.259561	4.617582	4.061973	100.793495
1413037661	1000	0	2	1	1	0	0	0	0	0	0	0	0	0	0	0	4.00	1.25	1.261172	4.619194	4.061973	100.753822
1413037662	1000	0	0	0	0	0	0	0	0	0	0	0	0	0	0	0	4.00	1.25	1.261978	4.620806	4.063399	100.754059
1413037663	1000	0	2	0	0	0	0	0	0	0	0	0	0	0	0	0	4.00	1.25	1.262784	4.622418	4.042013	100.116287
1413037664	1000	1	0	1	0	0	1	0	0	0	0	0	0	0	0	0	4.00	1.25	1.261978	4.615971	4.039161	100.194321
1413037665	1000	0	1	0	0	0	0	0	0	0	0	0	0	0	0	0	4.00	1.25	1.260366	4.611135	4.057696	100.832581
1413037666	1000	2	2	1	0	0	0	0	0	0	0	0	0	0	0	0	4.00	1.25	1.262784	4.615971	4.057696	100.713409
1413037667	1000	0	0	0	1	0	0	0	0	0	0	0	0	0	0	0	4.00	1.25	1.263590	4.619194	4.060547	100.713913
1413037668	1000	0	1	4	1	0	0	0	1	0	1	0	0	0	0	0	4.00	1.25	1.264396	4.620806	4.059122	100.634392
1413037669	1000	1	0	1	0	0	0	0	0	0	0	0	0	0	0	0	4.00	1.25	1.265202	4.622418	4.060547	100.634651
1413037670	1000	3	2	1	2	0	0	2	0	0	0	0	0	0	0	0	4.00	1.25	1.265202	4.617582	4.032032	99.955254
1413037671	1000	1	1	0	0	0	0	0	0	0	0	0	0	0	0	0	4.00	1.25	1.264396	4.615971	4.059122	100.753342
1413037672	1000	0	1	2	1	0	0	0	1	0	1	0	0	0	0	0	4.00	1.25	1.267619	4.625641	4.067676	100.754761
1413037673	1000	1	0	0	0	0	0	0	0	0	0	0	0	0	0	0	4.00	1.25	1.266813	4.624030	4.063399	100.674797
1413037674	1000	0	0	0	1	0	0	0	0	0	0	0	0	0	0	0	4.00	1.25	1.266813	4.620806	4.061973	100.714172
1413037675	1000	1	3	2	0	0	0	0	1	0	0	0	0	0	0	0	4.00	1.25	1.266813	4.620806	4.042013	100.155739
1413037676	1000	0	0	1	0	0	0	0	0	0	0	0	0	0	0	0	4.50	1.50	1.266813	4.615971	4.061973	100.833206
1413037677	1000	0	1	1	1	0	0	0	0	1	0	0	0	0	0	0	4.50	1.50	1.270037	4.625641	4.066250	100.714897
1413037678	1000	0	1	0	2	0	0	0	0	1	0	0	0	0	0	0	4.50	1.50	1.270037	4.624030	4.066250	100.754509
1413037679	1000	2	0	2	3	0	0	1	0	0	1	0	0	0	0	0	4.50	1.50	1.270037	4.622418	4.063399	100.714409
1413037680	1000	1	0	2	3	0	0	1	0	0	0	0	0	0	0	0	4.50	1.50	1.270843	4.620806	4.063399	100.754059
1413037681	1000	2	2	1	0	0	0	0	0	0	0	0	0	0	0	0	4.50	1.50	1.268425	4.615971	4.061973	100.833206
1413037682	1000	0	0	0	0	0	0	0	0	0	0	0	0	0	0	0	4.50	1.50	1.270843	4.620806	4.061973	100.714172
1413037683	1000	0	0	2	0	0	0	0	0	0	0	0	0	0	0	0	4.50	1.50	1.270843	4.620806	4.043438	100.195610
1413037684	1000	0	0	0	1	0	0	0	0	0	0	0	0	0	0	0	4.50	1.50	1.270843	4.619194	4.060547	100.713913
1413037685	1000	0	0	1	1	0	0	0	0	0	0	0	0	0	0	0	4.50	1.50	1.272454	4.622418	4.063399	100.714409
1413037686	1000	2	0	0	1	0	0	1	0	0	0	0	0	0	0	0	4.50	1.50	1.272454	4.620806	4.053419	100.474838
1413037687	1000	0	0	1	2	0	0	0	0	0	1	0	0	0	0	0	4.50	1.50	1.270843	4.615971	4.059122	100.753342
1413037688	1000	0	0	2	0	0	0	0	0	0	0	0	0	0	0	0	4.50	1.50	1.272454	4.619194	4.057696	100.634109
1413037689	1000	1	1	3	1	0	0	0	0	0	0	0	0	0	0	0	4.50	1.50	1.275678	4.628865	4.066250	100.635765
1413037690	1000	1	3	1	2	0	0	0	0	1	0	0	0	0	0	0	4.50	1.50	1.274066	4.624030	4.061973	100.634933
1413037691	1000	0	0	1	0	0	0	0	0	0	0	0	0	0	0	0	4.50	1.50	1.275678	4.624030	4.043438	100.116745
1413037692	1000	1	1	1	1	0	0	0	0	0	0	0	0	0	0	0	4.50	1.50	1.274872	4.620806	4.061973	100.714172
1413037693	1000	2	3	2	1	1	1	0	1	0	0	1	0	0	0	0	4.50	1.50	1.276484	4.624030	4.063399	100.674797
1413037694	1000	0	0	2	0	0	0	0	0	0	0	0	0	0	0	0	4.50	1.50	1.276484	4.625641	4.051993	100.316437
1413037695	1000	0	0	1	1	0	0	0	0	0	1	0	0	0	0	0	4.50	1.50	1.277290	4.625641	4.066250	100.714897
1413037696	1000	1	0	1	0	0	0	0	0	0	0	0	0	0	0	0	4.50	1.50	1.277290	4.614359	4.061973	100.872940
1413037697	1000	0	0	0	0	0	0	0	0	0	0	0	0	0	0	0	4.50	1.50	1.278095	4.619194	4.043438	100.235092
1413037698	1000	1	1	0	0	1	0	0	0	0	0	0	0	0	0	0	4.50	1.50	1.277290	4.622418	4.067676	100.834030
1413037699	1000	0	0	0	0	0	0	0	0	0	0	0	0	0	0	0	4.50	1.50	1.279707	4.625641	4.067676	100.754761
1413037700	1000	1	3	0	1	0	0	1	0	0	0	0	0	0	0	0	4.50	1.50	1.278901	4.624030	4.066250	100.754509
1413037701	1000	1	1	1	1	1	0	0	0	0	0	0	0	0	0	0	4.50	1.75	1.281319	4.628865	4.067676	100.675583
1413037702	1000	2	0	1	0	0	0	0	0	0	0	0	0	0	0	0	4.50	1.75	1.280513	4.625641	4.050567	100.276604
1413037703	1000	0	0	0	0	0	0	0	0	0	0	0	0	0	0	0	4.50	1.75	1.279707	4.622418	4.067676	100.834030
1413037704	1000	1	0	0	2	0	0	1	0	0	0	0	0	0	0	0	4.50	1.75	1.281319	4.625641	4.066250	100.714897
1413037705	1000	0	0	1	1	0	0	0	0	0	0	0	0	0	0	0	4.50	1.75	1.282930	4.628865	4.070528	100.755226
1413037706	1000	0	0	1	1	0	0	0	0	0	0	0	0	0	0	0	4.50	1.75	1.282125	4.625641	4.066250	100.714897
1413037707	1000	1	1	1	1	0	0	0	1	0	0	0	0	0	0	0	4.50	1.75	1.282930	4.628865	4.069102	100.715408
1413037708	1000	2	0	0	1	0	0	0	0	0	0	0	0	0	0	0	4.50	1.75	1.282930	4.624030	4.069102	100.834229
1413037709	1000	1	1	0	1	0	0	0	0	0	0	0	0	0	0	0	4.50	1.75	1.284542	4.630476	4.070528	100.715652
1413037710	1000	0	0	0	0	0	0	0	0	0	0	0	0	0	0	0	4.50	1.75	1.285348	4.630476	4.054844	100.277794
1413037711	1000	0	1	1	2	0	0	0	0	0	1	0	0	0	0	0	4.50	1.75	1.284542	4.627253	4.067676	100.715157
1413037712	1000	1	0	1	1	0	0	1	0	0	0	0	0	0	0	0	4.50	1.75	1.285348	4.632088	4.070528	100.676117
1413037713	1000	1	0	3	0	0	0	0	0	0	0	0	0	0	0	0	4.50	1.75	1.284542	4.624030	4.044864	100.156616
1413037714	1000	1	2	0	1	1	0	1	0	1	0	0	1	0	0	0	4.50	1.75	1.285348	4.625641	4.066250	100.714897
1413037715	1000	0	2	1	1	0	0	0	0	0	1	0	0	0	0	0	4.50	1.75	1.286960	4.628865	4.069102	100.715408
1413037716	1000	1	0	2	0	0	1	0	0	0	0	0	0	0	0	0	4.50	1.75	1.286960	4.627253	4.066250	100.675323
1413037717	1000	0	0	0	0	0	0	0	0	0	0	0	0	0	0	0	4.50	1.75	1.287766	4.627253	4.051993	100.276993
1413037718	1000	0	1	0	0	0	0	0	0	0	0	0	0	0	0	0	4.50	1.75	1.288572	4.628865	4.051993	100.237579
1413037719	1000	1	1	0	0	0	0	0	0	0	0	0	0	0	0	0	4.50	1.75	1.288572	4.627253	4.070528	100.794830
1413037720	1000	0	0	0	0	0	0	0	0	0	0	0	0	0	0	0	4.50	1.75	1.289377	4.630476	4.071953	100.755447
1413037721	1000	0	1	1	0	0	0	0	0	0	0	0	0	0	0	0	4.50	1.75	1.289377	4.630476	4.071953	100.755447
1413037722	1000	1	1	3	1	0	0	1	1	0	0	0	0	0	0	0	4.50	2.00	1.290989	4.630476	4.071953	100.755447
1413037723	1000	1	0	2	2	0	0	1	0	0	0	0	0	0	0	0	5.00	1.75	1.290183	4.633700	4.074805	100.755928
1413037724	1000	1	0	2	3	0	0	0	0	0	0	0	0	0	0	0	5.00	2.00	1.289377	4.625641	4.070528	100.834450
1413037725	1000	0	0	0	0	0	0	0	0	0	0	0	0	0	0	0	5.00	2.00	1.290183	4.628865	4.069102	100.715408
1413037726	1000	0	0	0	0	0	0	0	0	0	0	0	0	0	0	0	5.00	2.00	1.291795	4.628865	4.049141	100.157936
1413037727	1000	0	1	0	0	0	0	0	0	0	0	0	0	0	0	0	5.00	2.00	1.292601	4.632088	4.071953	100.715897
1413037728	1000	1	0	1	0	0	0	0	0	0	0	0	0	0	0	0	5.00	2.00	1.293407	4.632088	4.073379	100.755699
1413037729	1000	1	0	2	0	0	0	0	0	0	0	0	0	0	0	0	5.00	2.00	1.292601	4.630476	3.952190	97.411842
1413037730	1000	2	0	1	0	0	1	0	0	0	0	0	0	0	0	0	5.00	2.00	1.293407	4.630476	4.071953	100.755447
1413037731	1000	1	2	1	1	0	0	0	1	0	0	0	0	0	0	0	5.00	2.00	1.295018	4.633700	4.074805	100.755928
1413037732	1000	0	5	0	2	0	0	0	0	1	0	0	0	0	0	0	5.00	2.00	1.295018	4.633700	4.073379	100.716156
1413037733	1000	3	0	0	3	0	0	1	0	0	0	0	0	0	0	0	5.00	2.00	1.295018	4.628865	4.063399	100.556129
1413037734	1000	0	0	0	0	0	0	0	0	0	0	0	0	0	0	0	5.00	2.00	1.295018	4.627253	4.080508	101.073639
1413037735	1000	2	0	1	1	0	0	0	0	0	0	0	0	0	0	0	5.00	2.00	1.295824	4.630476	4.073379	100.795273
1413037736	1000	1	0	0	0	0	0	0	0	0	0	0	0	0	0	0	5.00	2.00	1.297436	4.635312	4.074805	100.716408
1413037737	1000	0	0	0	1	0	0	0	0	0	0	0	0	0	0	0	5.00	2.00	1.297436	4.633700	4.070528	100.636597
1413037738	1000	1	1	1	2	0	0	1	0	0	1	0	0	0	0	0	5.00	2.00	1.297436	4.633700	4.073379	100.716156
1413037739	1000	2	1	0	1	0	0	0	0	0	0	0	0	0	0	0	5.00	2.00	1.298242	4.630476	4.070528	100.715652
1413037740	1000	1	2	1	1	0	0	0	1	1	0	0	0	0	0	0	5.00	2.00	1.298242	4.633700	4.050567	100.079720
1413037741	1000	1	0	1	1	0	0	1	0	0	0	0	0	0	0	0	5.00	2.00	1.297436	4.630476	4.070528	100.715652
1413037742	1000	0	1	0	0	0	0	0	0	0	0	0	0	0	0	0	5.00	2.00	1.299854	4.635312	4.074805	100.716408
1413037743	1000	0	1	0	1	0	0	0	0	0	0	0	0	0	0	0	5.00	2.00	1.299048	4.630476	4.071953	100.755447
1413037744	1000	1	0	1	1	0	0	1	0	0	0	0	0	0	0	0	5.00	2.00	1.301465	4.638535	4.077656	100.716896
1413037745	1000	2	1	2	0	0	1	0	1	0	0	0	0	0	0	0	5.00	2.00	1.302271	4.640147	4.059122	100.161041
1413037746	1000	0	3	2	0	0	0	0	1	0	0	0	0	0	0	0	5.00	2.00	1.302271	4.635312	4.076231	100.756165
1413037747	1000	1	0	1	1	0	1	1	0	0	1	0	0	1	0	0	5.00	2.00	1.299854	4.630476	4.073379	100.795273
1413037748	1000	0	0	1	0	0	0	0	0	0	0	0	0	0	0	0	5.00	2.00	1.301465	4.633700	4.074805	100.755928
1413037749	1000	0	0	1	1	0	0	0	0	0	0	0	0	0	0	0	5.00	2.00	1.302271	4.633700	4.074805	100.755928
1413037750	1000	2	1	1	2	0	0	1	0	0	1	0	0	0	0	0	5.00	2.25	1.304689	4.635312	4.076231	100.756165
1413037751	1000	0	1	3	0	0	0	0	1	0	0	0	0	0	0	0	5.00	2.25	1.302271	4.630476	4.074805	100.835068
1413037752	1000	1	1	0	0	0	0	0	0	0	0	0	0	0	0	0	5.00	2.25	1.304689	4.638535	4.077656	100.716896
1413037753	1000	2	0	0	0	0	0	0	0	0	0	0	0	0	0	0	5.00	2.25	1.305495	4.638535	4.079082	100.756630
1413037754	1000	0	0	0	0	0	0	0	0	0	0	0	0	0	0	0	5.00	2.25	1.306301	4.640147	4.079082	100.717140
1413037755	1000	2	1	3	3	1	1	1	0	0	1	0	0	1	0	0	5.00	2.25	1.306301	4.641758	4.077656	100.637978
1413037756	1000	0	1	0	0	0	0	0	0	0	0	0	0	0	0	0	5.00	2.25	1.307106	4.638535	4.146092	102.624214
1413037757	1000	0	0	0	2	0	0	0	0	0	0	0	0	0	0	0	5.00	2.25	1.307106	4.638535	4.080508	100.796371
1413037758	1000	2	1	0	1	0	0	0	0	0	0	0	0	0	0	0	5.00	2.25	1.307912	4.641758	4.081933	100.757103
1413037759	1000	0	0	0	0	0	0	0	0	0	0	0	0	0	0	0	5.00	2.25	1.307912	4.641758	4.080508	100.717392
1413037760	1000	0	0	1	0	0	0	0	0	0	0	0	0	0	0	0	5.00	2.25	1.308718	4.638535	4.080508	100.796371
1413037761	1000	3	1	0	2	0	0	2	0	0	0	0	0	0	0	0	5.00	2.25	1.308718	4.640147	4.080508	100.756866
1413037762	1000	1	2	1	3	0	0	1	1	0	0	0	0	0	0	0	5.00	2.25	1.308718	4.638535	4.081933	100.836105
1413037763	1000	0	0	1	0	0	0	0	0	0	0	0	0	0	0	0	5.00	2.25	1.309524	4.638535	4.079082	100.756630
1413037764	1000	0	0	0	0	0	0	0	0	0	0	0	0	0	0	0	5.00	2.25	1.309524	4.641758	4.060547	100.161476
1413037765	1000	0	0	0	2	0	0	0	0	0	0	0	0	0	0	0	5.00	2.25	1.310330	4.640147	4.080508	100.756866
1413037766	1000	1	1	0	0	0	0	0	0	0	0	0	0	0	0	0	5.00	2.25	1.310330	4.632088	4.076231	100.835281
1413037767	1000	0	1	2	0	0	0	0	0	0	0	0	0	0	0	0	5.00	2.25	1.311136	4.635312	4.081933	100.915215
1413037768	1000	0	0	0	1	0	0	0	0	0	0	0	0	0	0	0	5.00	2.25	1.311136	4.638535	4.080508	100.796371
1413037769	1000	0	1	2	1	0	0	0	0	1	0	0	0	0	0	0	5.00	2.25	1.311136	4.636923	4.076231	100.716652
1413037770	1000	1	2	0	1	0	0	1	0	0	0	0	0	0	0	0	5.00	2.25	1.312747	4.640147	4.081933	100.796593
1413037771	1000	1	2	1	0	0	0	0	1	0	0	0	0	0	0	0	5.00	2.25	1.313553	4.641758	4.080508	100.717392
1413037772	1000	2	0	1	1	0	0	1	0	0	0	0	0	0	0	0	5.00	2.25	1.312747	4.636923	4.059122	100.239662
1413037773	1000	1	1	1	1	0	0	0	0	0	0	0	0	0	0	0	5.00	2.25	1.314359	4.643370	4.084785	100.797035
1413037774	1000	1	2	3	0	0	1	0	2	0	0	0	0	0	0	0	5.00	2.50	1.314359	4.640147	4.080508	100.756866
1413037775	1000	1	0	2	2	0	0	1	0	0	1	0	0	0	0	0	5.00	2.50	1.315971	4.644982	4.084785	100.757568
1413037776	1000	0	0	1	1	0	0	0	0	0	0	0	0	0	0	0	5.50	2.50	1.316777	4.646594	4.086211	100.757805
1413037777	1000	0	1	0	1	0	0	0	0	0	0	0	0	0	0	0	5.50	2.50	1.316777	4.643370	4.084785	100.797035
1413037778	1000	0	3	0	0	0	0	0	0	0	0	0	0	0	0	0	5.50	2.50	1.316777	4.643370	4.086211	100.836723
1413037779	1000	1	0	1	2	0	0	1	0	0	0	0	0	0	0	0	5.50	2.50	1.316777	4.641758	4.083359	100.796814
1413037780	1000	1	2	2	0	0	0	0	0	0	0	0	0	0	0	0	5.50	2.50	1.318388	4.644982	4.069102	100.321083
1413037781	1000	2	0	0	1	0	0	1	0	0	0	0	0	0	0	0	5.50	2.50	1.318388	4.644982	4.084785	100.757568
1413037782	1000	0	0	0	0	0	0	0	0	0	0	0	0	0	0	0	5.50	2.50	1.318388	4.643370	4.083359	100.757332
1413037783	1000	0	1	0	1	0	0	0	0	0	0	0	0	0	0	0	5.50	2.50	1.319194	4.644982	4.057696	100.003639
1413037784	1000	0	1	1	0	0	0	0	0	0	0	0	0	0	0	0	5.50	2.50	1.319194	4.644982	4.087636	100.836929
1413037785	1000	1	0	0	2	0	0	1	0	0	0	0	0	0	0	0	5.50	2.50	1.320000	4.648205	4.087636	100.758041
1413037786	1000	1	0	0	1	0	0	0	0	0	0	0	0	0	0	0	5.50	2.50	1.320806	4.648205	4.087636	100.758041
1413037787	1000	0	0	0	0	0	0	0	0	0	0	0	0	0	0	0	5.50	2.50	1.321612	4.648205	4.086211	100.718391
1413037788	1000	0	0	1	0	0	0	0	0	0	0	0	0	0	0	0	5.50	2.50	1.321612	4.644982	4.066250	100.241722
1413037789	1000	0	1	0	2	0	0	0	0	0	0	0	0	0	0	0	5.50	2.50	1.320000	4.640147	4.080508	100.756866
1413037790	1000	0	0	0	0	0	0	0	0	0	0	0	0	0	0	0	5.50	2.50	1.320806	4.643370	4.081933	100.717651
1413037791	1000	0	1	0	2	0	0	0	0	0	0	0	0	0	0	0	5.50	2.50	1.322418	4.646594	4.080508	100.599136
1413037792	1000	1	0	0	0	0	0	0	0	0	0	0	0	0	0	0	5.50	2.50	1.322418	4.641758	4.079082	100.677689
1413037793	1000	1	0	0	0	0	0	0	0	0	0	0	0	0	0	0	5.50	2.50	1.323224	4.646594	4.083359	100.678467
1413037794	1000	0	1	1	1	0	0	0	0	0	0	0	0	0	0	0	5.50	2.50	1.324835	4.649817	4.086211	100.678986
1413037795	1000	2	0	2	0	0	1	0	0	0	0	0	0	0	0	0	5.50	2.50	1.323224	4.643370	4.080508	100.677948
1413037796	1000	1	0	1	1	0	0	0	0	0	0	0	0	0	0	0	5.50	2.50	1.323224	4.641758	4.079082	100.677689
1413037797	1000	2	3	0	2	0	0	1	0	1	0	0	0	0	0	0	5.50	2.50	1.324835	4.644982	4.086211	100.797241
1413037798	1000	4	1	1	3	0	0	2	0	1	0	0	0	0	0	0	5.50	2.50	1.325641	4.648205	4.086211	100.718391
1413037799	1000	0	2	0	0	0	0	0	0	0	0	0	0	0	0	0	5.50	2.50	1.326447	4.646594	4.087636	100.797478
1413037800	1000	0	1	1	0	0	0	0	1	0	0	0	0	0	0	0	5.50	2.50	1.325641	4.643370	4.081933	100.717651
1413037801	1000	0	0	0	0	0	0	0	0	0	0	0	0	0	0	0	5.50	2.50	1.326447	4.646594	4.086211	100.757805
1413037802	1000	0	0	0	0	0	0	0	0	0	0	0	0	0	0	0	5.50	2.75	1.328059	4.649817	4.084785	100.639359
1413037803	1000	0	0	2	0	0	0	0	0	0	0	0	0	0	0	0	5.50	2.75	1.328059	4.648205	4.089062	100.797691
1413037804	1000	0	2	1	0	0	0	0	1	0	0	0	0	0	0	0	5.50	2.75	1.328059	4.651429	4.070528	100.203751
1413037805	1000	1	0	0	0	0	0	0	0	0	0	0	0	0	0	0	5.50	2.75	1.329670	4.649817	4.090488	100.797913
1413037806	1000	1	0	0	0	0	0	0	0	0	0	0	0	0	0	0	5.50	2.75	1.329670	4.653040	4.090488	100.719131
1413037807	1000	1	0	0	0	0	0	0	0	0	0	0	0	0	0	0	5.50	2.75	1.331282	4.656264	4.087636	100.561287
1413037808	1000	0	2	1	0	0	0	0	1	0	0	0	0	0	0	0	5.50	2.75	1.331282	4.651429	4.089062	100.718880
1413037809	1000	2	1	1	2	0	0	1	0	0	1	0	0	0	0	0	5.50	2.75	1.331282	4.654652	4.089062	100.640175
1413037810	1000	1	1	0	1	0	0	0	0	1	0	0	0	0	0	0	5.50	2.75	1.331282	4.648205	4.067676	100.202896
1413037811	1000	2	2	0	1	1	0	1	0	0	0	0	0	0	0	0	5.50	2.75	1.331282	4.649817	4.090488	100.797913
1413037812	1000	2	1	3	1	0	0	0	1	0	0	0	0	0	0	0	5.50	2.75	1.330476	4.646594	4.084785	100.718140
1413037813	1000	1	2	2	0	0	0	0	1	0	0	0	0	0	0	0	5.50	2.75	1.332088	4.648205	4.087636	100.758041
1413037814	1000	1	0	2	1	0	1	0	0	0	1	0	0	0	0	0	5.50	2.75	1.332088	4.648205	4.070528	100.282211
1413037815	1000	0	0	2	0	0	0	0	0	0	0	0	0	0	0	0	5.50	2.75	1.332088	4.648205	4.084785	100.678741
1413037816	1000	0	1	0	0	0	0	0	0	0	0	0	0	0	0	0	5.50	2.75	1.332088	4.648205	4.089062	100.797691
1413037817	1000	0	0	0	0	0	0	0	0	0	0	0	0	0	0	0	5.50	2.75	1.333700	4.649817	4.087636	100.718636
1413037818	1000	1	0	0	0	0	0	0	0	0	0	0	0	0	0	0	5.50	2.75	1.335311	4.654652	4.091914	100.719376
1413037819	1000	3	1	1	2	1	0	0	0	0	0	0	0	0	0	0	5.50	2.75	1.335311	4.653040	4.087636	100.639908
1413037820	1000	1	0	0	1	0	0	0	0	0	0	0	0	0	0	0	5.50	2.75	1.335311	4.648205	4.089062	100.797691
1413037821	1000	0	2	0	0	0	0	0	0	0	0	0	0	0	0	0	5.50	2.75	1.334506	4.648205	4.091914	100.876999
1413037822	1000	0	1	0	1	0	0	0	0	0	0	0	0	0	0	0	5.50	2.75	1.337729	4.656264	4.091914	100.680031
1413037823	1000	1	1	2	0	0	0	0	0	0	0	0	0	0	0	0	5.50	2.75	1.336923	4.653040	4.090488	100.719131
1413037824	1000	0	1	3	1	0	0	0	1	0	0	0	0	0	0	0	5.50	2.75	1.336117	4.653040	4.089062	100.679520
1413037825	1000	1	0	2	1	0	0	0	0	0	0	0	0	0	0	0	5.50	2.75	1.338535	4.657876	4.093339	100.680305
1413037826	1000	2	0	2	3	0	1	1	0	0	0	0	0	0	0	0	5.50	3.00	1.339341	4.656264	4.070528	100.086281
1413037827	1000	2	2	0	1	1	0	0	0	0	0	0	0	0	0	0	5.50	3.00	1.339341	4.653040	4.094765	100.837967
1413037828	1000	2	4	2	2	1	0	1	1	0	0	0	0	0	0	0	5.50	3.00	1.339341	4.656264	4.096191	100.798798
1413037829	1000	0	0	1	0	0	0	0	0	0	0	0	0	0	0	0	5.50	3.00	1.340953	4.657876	4.096191	100.759445
1413037830	1000	2	0	0	2	0	0	1	0	0	0	0	0	0	0	0	6.00	3.00	1.341758	4.659487	4.094765	100.680550
1413037831	1000	1	1	1	0	0	0	0	1	0	0	0	0	0	0	0	6.00	3.00	1.340147	4.653040	4.083359	100.521065
1413037832	1000	1	2	1	3	0	0	0	0	0	0	0	0	0	0	0	6.00	3.00	1.340147	4.651429	4.093339	100.837753
1413037833	1000	3	0	0	1	0	0	1	0	0	0	0	0	0	0	0	6.00	3.00	1.340953	4.653040	4.093339	100.798355
1413037834	1000	0	1	0	1	0	0	0	0	0	0	0	0	0	0	0	6.00	3.00	1.341758	4.656264	4.091914	100.680031
1413037835	1000	2	0	0	1	0	0	0	0	0	0	0	0	0	0	0	6.00	3.00	1.343370	4.659487	4.096191	100.720116
1413037836	1000	1	0	0	0	0	0	0	0	0	0	0	0	0	0	0	6.00	3.00	1.344176	4.657876	4.097617	100.799004
1413037837	1000	0	1	1	1	0	0	0	0	0	0	0	0	0	0	0	6.00	3.00	1.344176	4.653040	4.070528	100.164566
1413037838	1000	1	3	1	1	0	0	0	1	1	1	0	0	0	1	0	6.00	3.00	1.342564	4.654652	4.094765	100.798561
1413037839	1000	0	0	0	3	0	0	0	0	0	0	0	0	0	0	0	6.00	3.00	1.344176	4.656264	4.096191	100.798798
1413037840	1000	0	0	1	1	0	0	0	0	0	0	0	0	0	0	0	6.00	3.00	1.344982	4.657876	4.094765	100.719872
1413037841	1000	2	1	2	0	0	0	0	1	0	0	0	0	0	0	0	6.00	3.00	1.344982	4.656264	4.074805	100.205017
1413037842	1000	1	1	0	2	0	0	1	0	1	0	0	0	0	0	0	6.00	3.00	1.345788	4.656264	4.076231	100.244606
1413037843	1000	0	1	1	1	0	0	0	0	0	0	0	0	0	0	0	6.00	3.00	1.344982	4.653040	4.094765	100.837967
1413037844	1000	2	3	3	0	1	1	0	1	0	0	1	0	0	0	0	6.00	3.00	1.346593	4.657876	4.091914	100.640717
1413037845	1000	0	0	0	0	0	0	0	0	0	0	0	0	0	0	0	6.00	3.00	1.346593	4.657876	4.094765	100.719872
1413037846	1000	1	1	0	1	0	0	1	0	0	0	0	0	0	0	0	6.00	3.00	1.347399	4.657876	4.091914	100.640717
1413037847	1000	1	1	1	2	0	0	0	0	1	0	0	0	0	0	0	6.00	3.00	1.349817	4.662711	4.099042	100.720612
1413037848	1000	0	0	1	0	0	0	0	0	0	0	0	0	0	0	0	6.00	3.00	1.348205	4.656264	4.096191	100.798798
1413037849	1000	1	0	0	0	0	0	0	0	0	0	0	0	0	0	0	6.00	3.00	1.349011	4.659487	4.094765	100.680550
1413037850	1000	2	0	0	0	0	0	0	0	0	0	0	0	0	0	0	6.00	3.00	1.349011	4.661099	4.094765	100.641273
1413037851	1000	0	0	1	1	0	0	0	0	0	0	0	0	0	0	0	6.00	3.00	1.349817	4.661099	4.096191	100.680824
1413037852	1000	0	1	1	2	0	0	0	0	0	1	0	0	0	0	0	6.00	3.00	1.349011	4.654652	4.093339	100.758972
1413037853	1000	1	0	1	2	0	1	0	0	0	0	0	0	0	0	0	6.00	3.00	1.350623	4.659487	4.079082	100.245430
1413037854	1000	1	1	2	1	0	0	0	0	0	0	0	0	0	0	0	6.00	3.00	1.350623	4.659487	4.097617	100.759666
1413037855	1000	1	1	2	0	0	0	0	1	0	0	0	0	0	0	0	6.00	3.25	1.351429	4.661099	4.101894	100.838989
1413037856	1000	0	1	0	0	0	0	0	0	0	0	0	0	0	0	0	6.00	3.25	1.353040	4.665934	4.100468	100.681587
1413037857	1000	3	2	1	1	1	0	1	0	0	0	0	0	0	0	0	6.00	3.25	1.352235	4.659487	4.099042	100.799225
1413037858	1000	0	1	0	0	0	0	0	0	0	0	0	0	0	0	0	6.00	3.25	1.350623	4.656264	4.086211	100.521698
1413037859	1000	3	1	2	1	0	1	0	0	1	0	0	0	0	0	0	6.00	3.25	1.352235	4.661099	4.100468	100.799438
1413037860	1000	1	2	0	3	0	0	1	0	0	0	0	0	0	0	0	6.00	3.25	1.352235	4.659487	4.096191	100.720116
1413037861	1000	1	1	0	2	1	0	0	0	0	0	0	0	0	0	0	6.00	3.25	1.353846	4.657876	4.096191	100.759445
1413037862	1000	0	1	5	0	0	0	0	1	0	0	0	0	0	0	0	6.00	3.25	1.355458	4.664322	4.101894	100.760368
1413037863	1000	4	2	0	2	0	0	1	0	0	0	0	0	0	0	0	6.00	3.25	1.355458	4.664322	4.101894	100.760368
1413037864	1000	1	0	0	0	0	0	0	0	0	0	0	0	0	0	0	6.00	3.25	1.355458	4.661099	4.079082	100.206299
1413037865	1000	1	1	1	1	0	0	1	1	0	0	0	0	0	0	0	6.00	3.25	1.354652	4.661099	4.100468	100.799438
1413037866	1000	0	0	0	0	0	0	0	0	0	0	0	0	0	0	0	6.00	3.25	1.356264	4.662711	4.100468	100.760132
1413037867	1000	1	1	1	0	0	0	0	1	0	0	0	0	0	0	0	6.00	3.25	1.357876	4.665934	4.103320	100.760612
1413037868	1000	0	1	0	0	0	0	0	0	0	0	0	0	0	0	0	6.00	3.25	1.357876	4.664322	4.099042	100.681343
1413037869	1000	0	2	1	0	0	0	0	0	0	0	0	0	0	0	0	6.00	3.25	1.357070	4.661099	4.077656	100.166748
1413037870	1000	2	3	3	0	0	0	0	2	0	0	0	0	0	0	0	6.00	3.25	1.357876	4.662711	4.104746	100.878738
1413037871	1000	1	0	0	0	0	0	0	0	0	0	0	0	0	0	0	6.00	3.25	1.360293	4.669158	4.104746	100.721603
1413037872	1000	0	2	1	2	0	0	0	1	1	1	0	0	0	1	0	6.00	3.25	1.359487	4.665934	4.104746	100.800117
1413037873	1000	0	0	2	1	0	0	0	0	0	0	0	0	0	0	0	6.00	3.25	1.359487	4.665934	4.100468	100.681587
1413037874	1000	0	0	1	0	0	0	0	0	0	0	0	0	0	0	0	6.00	3.25	1.360293	4.665934	4.100468	100.681587
1413037875	1000	1	0	1	1	0	1	1	0	0	1	0	0	1	0	0	6.00	3.25	1.359487	4.662711	4.099042	100.720612
1413037876	1000	1	1	0	2	0	0	1	0	0	0	0	0	0	0	0	6.00	3.25	1.360293	4.664322	4.100468	100.720856
1413037877	1000	0	2	2	0	0	0	0	1	0	0	0	0	0	0	0	6.00	3.25	1.361099	4.665934	4.101894	100.721100
1413037878	1000	1	1	2	0	1	0	0	0	0	0	0	0	0	0	0	6.00	3.50	1.361905	4.665934	4.103320	100.760612
1413037879	1000	0	1	0	1	0	0	0	0	0	0	0	0	0	0	0	6.00	3.50	1.361099	4.662711	4.097617	100.681068
1413037880	1000	0	0	0	1	0	0	0	0	0	0	0	0	0	0	0	6.00	3.50	1.361905	4.661099	4.123281	101.432152
1413037881	1000	2	1	1	1	1	1	0	1	0	0	1	0	0	0	0	6.00	3.50	1.361099	4.661099	4.103320	100.878555
1413037882	1000	1	1	1	0	0	0	0	1	0	0	0	0	0	0	0	6.00	3.50	1.362711	4.662711	4.100468	100.760132
1413037884	1000	0	0	2	0	0	0	0	0	0	0	0	0	0	0	0	6.00	3.50	1.362711	4.664322	4.100468	100.720856
1413037885	1000	0	2	0	1	0	0	0	0	1	0	0	0	0	0	0	6.00	3.50	1.364322	4.665934	4.083359	100.207573
1413037886	1000	1	3	1	0	0	0	0	0	0	0	0	0	0	0	0	6.50	3.50	1.365128	4.669158	4.096191	100.484749
1413037887	1000	1	0	1	3	0	0	1	0	0	1	0	0	0	0	0	6.50	3.50	1.364322	4.665934	4.100468	100.681587
1413037888	1000	2	0	0	1	0	0	0	0	0	0	0	0	0	0	0	6.50	3.50	1.365934	4.669158	4.106172	100.761070
1413037889	1000	2	0	0	0	0	0	0	0	0	0	0	0	0	0	0	6.50	3.50	1.366740	4.672381	4.107597	100.722084
1413037890	1000	1	2	0	0	0	0	0	0	0	0	0	0	0	0	0	6.50	3.50	1.366740	4.669158	4.104746	100.721603
1413037891	1000	0	2	0	2	0	0	0	0	0	0	0	0	0	0	0	6.50	3.50	1.366740	4.667546	4.106172	100.800323
1413037892	1000	0	0	1	1	0	0	0	0	0	0	0	0	0	0	0	6.50	3.50	1.367546	4.665934	4.090488	100.405075
1413037893	1000	2	0	0	1	0	0	0	0	0	0	0	0	0	0	0	6.50	3.50	1.367546	4.669158	4.104746	100.721603
1413037894	1000	0	1	2	2	0	0	0	0	0	1	0	0	0	0	0	6.50	3.50	1.368352	4.669158	4.107597	100.800545
1413037895	1000	0	0	0	1	0	0	0	0	0	0	0	0	0	0	0	6.50	3.50	1.368352	4.667546	4.104746	100.760849
1413037896	1000	0	0	1	1	0	0	0	0	0	0	0	0	0	0	0	6.50	3.50	1.368352	4.667546	4.100468	100.642357
1413037897	1000	0	1	2	1	0	0	0	1	0	1	0	0	0	0	0	6.50	3.50	1.369158	4.667546	4.077656	100.010544
1413037898	1000	1	0	1	3	0	0	1	0	0	0	0	0	0	0	0	6.50	3.50	1.369964	4.670769	4.110449	100.840233
1413037899	1000	2	1	0	2	0	0	2	0	0	0	0	0	0	0	0	6.50	3.50	1.370769	4.670769	4.109023	100.800766
1413037900	1000	2	0	1	1	0	0	0	0	0	1	0	0	0	0	0	6.50	3.50	1.369964	4.667546	4.101894	100.681862
1413037901	1000	1	0	1	0	0	0	0	0	0	0	0	0	0	0	0	6.50	3.50	1.370769	4.667546	4.104746	100.760849
1413037902	1000	2	1	0	1	0	0	1	0	0	0	0	0	0	0	0	6.50	3.50	1.373187	4.672381	4.106172	100.682632
1413037903	1000	0	0	1	2	0	0	0	0	0	0	0	0	0	0	0	6.50	3.50	1.371575	4.667546	4.109023	100.879318
1413037904	1000	0	0	0	0	0	0	0	0	0	0	0	0	0	0	0	6.50	3.50	1.371575	4.670769	4.103320	100.642921
1413037905	1000	0	0	3	0	0	0	0	0	0	0	0	0	0	0	0	6.50	3.50	1.373993	4.673993	4.107597	100.682907
1413037906	1000	0	2	0	1	0	0	0	0	0	0	0	0	0	0	0	6.50	3.50	1.373187	4.670769	4.109023	100.800766
1413037907	1000	0	2	0	1	0	0	0	0	0	0	0	0	0	0	0	6.50	3.50	1.374799	4.673993	4.110449	100.761772
1413037908	1000	0	0	1	0	0	0	0	0	0	0	0	0	0	0	0	6.50	3.75	1.374799	4.670769	4.087636	100.208839
1413037909	1000	2	0	1	0	0	0	0	0	0	0	0	0	0	0	0	6.50	3.75	1.374799	4.670769	4.110449	100.840233
1413037910	1000	0	0	0	0	0	0	0	0	0	0	0	0	0	0	0	6.50	3.75	1.376410	4.675604	4.113300	100.801422
1413037911	1000	0	1	1	0	0	0	0	0	0	0	0	0	0	0	0	6.50	3.50	1.374799	4.672381	4.107597	100.722084
1413037912	1000	0	1	1	1	0	0	0	0	0	0	0	0	0	0	0	6.50	3.75	1.376410	4.673993	4.109023	100.722343
1413037913	1000	0	3	0	1	0	0	0	0	0	0	0	0	0	0	0	6.50	3.75	1.376410	4.673993	4.089062	100.170242
1413037914	1000	1	0	0	1	0	0	1	0	0	0	0	0	0	0	0	6.50	3.75	1.376410	4.669158	4.109023	100.840034
1413037915	1000	0	1	1	3	0	0	0	1	0	0	0	0	0	0	0	6.50	3.75	1.378022	4.675604	4.109023	100.683167
1413037916	1000	0	0	0	0	0	0	0	0	0	0	0	0	0	0	0	6.50	3.75	1.378828	4.675604	4.111875	100.761993
1413037917	1000	1	0	2	0	0	0	0	0	0	0	0	0	0	0	0	6.50	3.75	1.378828	4.673993	4.111875	100.801201
1413037918	1000	0	1	1	1	0	0	0	0	0	0	0	0	0	0	0	6.50	3.75	1.378828	4.670769	4.107597	100.761307
1413037919	1000	1	0	0	1	0	0	1	0	0	0	0	0	0	0	0	6.50	3.75	1.378828	4.673993	4.111875	100.801201
1413037920	1000	0	1	2	3	0	0	0	1	0	1	0	0	0	0	0	6.50	3.75	1.380440	4.675604	4.114726	100.840851
1413037921	1000	1	0	1	1	0	0	0	0	0	1	0	0	0	0	0	6.50	3.75	1.379634	4.673993	4.111875	100.801201
1413037922	1000	0	0	0	0	0	0	0	0	0	0	0	0	0	0	0	6.50	3.75	1.381245	4.677216	4.111875	100.722816
1413037923	1000	1	0	2	2	0	1	0	0	0	0	0	0	0	0	0	6.50	3.75	1.382051	4.678828	4.114726	100.762466
1413037924	1000	1	0	0	3	0	0	0	0	0	0	0	0	0	0	0	6.50	3.75	1.380440	4.673993	4.091914	100.249107
1413037925	1000	1	0	1	0	0	1	0	0	0	0	0	0	0	0	0	6.50	3.75	1.381245	4.673993	4.111875	100.801201
1413037926	1000	0	1	2	0	0	0	0	1	0	0	0	0	0	0	0	6.50	3.75	1.382051	4.675604	4.110449	100.722580
1413037927	1000	0	0	1	1	0	0	0	0	0	0	0	0	0	0	0	6.50	3.75	1.382857	4.677216	4.110449	100.683426
1413037928	1000	1	0	0	1	0	0	1	0	0	0	0	0	0	0	0	6.50	3.75	1.382051	4.672381	4.109023	100.761543
1413037929	1000	0	0	2	0	0	0	0	0	0	0	0	0	0	0	0	6.50	3.75	1.382051	4.672381	4.106172	100.682632
1413037930	1000	1	1	2	2	1	1	1	1	1	1	1	1	1	1	1	6.50	3.75	1.382857	4.673993	4.110449	100.761772
1413037931	1000	1	0	0	0	0	0	0	0	0	0	0	0	0	0	0	6.50	3.75	1.383663	4.673993	4.109023	100.722343
1413037932	1000	0	0	0	1	0	0	0	0	0	0	0	0	0	0	0	6.50	3.75	1.384469	4.678828	4.107597	100.565498
1413037933	1000	2	1	1	1	0	0	0	0	0	1	0	0	0	0	0	6.50	3.75	1.384469	4.673993	4.110449	100.761772
1413037934	1000	0	2	0	0	0	0	0	0	0	0	0	0	0	0	0	6.50	3.75	1.385275	4.678828	4.111875	100.683670
1413037935	1000	0	1	3	2	0	0	0	1	0	0	0	0	0	0	0	6.50	4.00	1.385275	4.670769	4.086211	100.169380
1413037936	1000	1	0	0	2	0	0	0	0	0	0	0	0	0	0	0	6.50	4.00	1.385275	4.673993	4.113300	100.840637
1413037937	1000	1	2	0	0	0	0	0	0	0	0	0	0	0	0	0	6.50	4.00	1.385275	4.675604	4.109023	100.683167
1413037938	1000	0	1	0	0	0	0	0	0	0	0	0	0	0	0	0	6.50	4.00	1.386081	4.675604	4.110449	100.722580
1413037939	1000	0	1	1	0	0	0	0	0	0	0	0	0	0	0	0	6.50	4.00	1.387692	4.678828	4.096191	100.250343
1413037940	1000	0	0	1	2	0	0	0	0	0	1	0	0	0	0	0	6.50	4.00	1.387692	4.677216	4.089062	100.092300
1413037941	1000	1	0	1	2	0	0	1	0	0	0	0	0	0	0	0	7.00	4.00	1.388498	4.678828	4.114726	100.762466
1413037942	1000	5	1	2	2	0	0	1	0	0	0	0	0	0	0	0	6.50	4.00	1.388498	4.677216	4.111875	100.722816
1413037943	1000	0	0	1	0	0	0	0	0	0	0	0	0	0	0	0	6.50	4.00	1.388498	4.673993	4.109023	100.722343
1413037944	1000	0	0	0	1	0	0	0	0	0	0	0	0	0	0	0	7.00	4.00	1.390110	4.678828	4.111875	100.683670
1413037945	1000	2	0	0	0	0	0	0	0	0	0	0	0	0	0	0	7.00	4.00	1.389304	4.675604	4.110449	100.722580
1413037946	1000	1	0	1	0	0	0	0	0	0	0	0	0	0	0	0	7.00	4.00	1.390110	4.678828	4.117578	100.841248
1413037947	1000	2	1	1	2	0	0	0	0	0	0	0	0	0	0	0	7.00	4.00	1.391722	4.680439	4.116152	100.762695
1413037948	1000	0	0	0	1	0	0	0	0	0	0	0	0	0	0	0	7.00	4.00	1.391722	4.680439	4.093339	100.132614
1413037949	1000	3	0	1	1	0	0	1	0	0	0	0	0	0	0	0	7.00	4.00	1.393333	4.683663	4.117578	100.723801
1413037950	1000	0	0	4	1	0	0	0	0	0	1	0	0	0	0	0	7.00	4.00	1.392528	4.680439	4.113300	100.683929
1413037951	1000	1	0	0	0	0	0	0	0	0	0	0	0	0	0	0	7.00	4.00	1.393333	4.683663	4.099042	100.212212
1413037952	1000	1	1	2	1	0	1	1	0	0	1	0	0	1	0	0	7.00	4.00	1.392528	4.678828	4.114726	100.762466
1413037953	1000	0	0	1	1	0	0	0	0	0	1	0	0	0	0	0	7.00	4.00	1.391722	4.678828	4.111875	100.683670
1413037954	1000	3	2	2	1	0	0	0	2	0	0	0	0	0	0	0	7.00	4.00	1.394945	4.682051	4.116152	100.723557
1413037955	1000	1	1	0	0	0	0	0	0	0	0	0	0	0	0	0	7.00	4.00	1.394945	4.682051	4.113300	100.644821
1413037956	1000	0	2	1	1	0	0	0	0	0	0	0	0	0	0	0	7.00	4.00	1.395751	4.682051	4.099042	100.251152
1413037957	1000	0	0	1	2	0	0	0	0	0	1	0	0	0	0	0	7.00	4.00	1.394139	4.678828	4.116152	100.801857
1413037958	1000	0	0	0	1	0	0	0	0	0	0	0	0	0	0	0	7.00	4.00	1.395751	4.682051	4.117578	100.762924
1413037959	1000	0	1	0	1	0	0	0	0	0	0	0	0	0	0	0	7.00	4.00	1.394945	4.678828	4.096191	100.250343
1413037960	1000	0	0	1	0	0	0	0	0	0	0	0	0	0	0	0	7.00	4.00	1.396557	4.682051	4.114726	100.684204
1413037961	1000	0	0	0	0	0	0	0	0	0	0	0	0	0	0	0	7.00	4.00	1.396557	4.683663	4.116152	100.684448
1413037962	1000	0	1	0	2	0	0	0	0	1	0	0	0	0	0	0	7.00	4.00	1.397363	4.682051	4.094765	100.133041
1413037963	1000	0	1	1	0	0	0	0	1	0	0	0	0	0	0	0	7.00	4.00	1.395751	4.677216	4.111875	100.722816
1413037964	1000	0	1	1	3	0	0	0	0	0	1	0	0	0	0	0	7.00	4.00	1.398974	4.685275	4.117578	100.684692
1413037965	1000	0	1	0	1	0	0	0	0	1	0	0	0	0	0	0	7.00	4.25	1.398974	4.682051	4.117578	100.762924
1413037966	1000	0	1	0	0	0	0	0	0	0	0	0	0	0	0	0	7.00	4.25	1.399780	4.685275	4.116152	100.645355
1413037967	1000	3	2	1	0	1	1	0	0	0	0	0	0	0	0	0	7.00	4.25	1.398974	4.680439	4.096191	100.211372
1413037968	1000	1	0	0	1	0	0	0	0	0	0	0	0	0	0	0	7.00	4.25	1.399780	4.682051	4.120429	100.841667
1413037969	1000	1	0	1	1	0	0	1	0	0	0	0	0	0	0	0	7.00	4.25	1.400586	4.686887	4.119003	100.684952
1413037970	1000	1	1	0	3	0	0	1	0	0	0	0	0	0	0	0	7.00	4.25	1.401392	4.685275	4.119003	100.724037
1413037971	1000	2	2	1	0	1	0	0	1	0	0	0	0	0	0	0	7.00	4.25	1.401392	4.683663	4.117578	100.723801
1413037972	1000	1	0	1	0	0	0	0	0	0	0	0	0	0	0	0	7.00	4.25	1.403810	4.688498	4.123281	100.763832
1413037973	1000	1	0	1	0	0	0	0	0	0	0	0	0	0	0	0	7.00	4.25	1.400586	4.680439	4.119003	100.841454
1413037974	1000	0	1	0	1	0	0	0	0	0	0	0	0	0	0	0	7.00	4.25	1.401392	4.683663	4.120429	100.802505
1413037975	1000	1	0	1	0	0	0	0	0	0	0	0	0	0	0	0	7.00	4.25	1.403810	4.690110	4.124706	100.764069
1413037976	1000	0	0	1	2	0	0	0	0	0	0	0	0	0	0	0	7.00	4.25	1.403810	4.686887	4.120429	100.724281
1413037977	1000	0	0	0	0	0	0	0	0	0	0	0	0	0	0	0	7.00	4.25	1.404616	4.690110	4.120429	100.646164
1413037978	1000	0	1	0	1	0	0	0	0	0	0	0	0	0	0	0	7.00	4.25	1.404616	4.685275	4.100468	100.212616
1413037979	1000	1	1	0	1	0	0	0	0	0	0	0	0	0	0	0	7.00	4.25	1.403810	4.682051	4.119003	100.802284
1413037980	1000	1	2	1	2	1	0	0	1	0	0	0	0	0	0	0	7.00	4.25	1.405421	4.690110	4.124706	100.764069
1413037981	1000	2	0	3	2	0	1	1	0	0	0	0	0	0	0	0	7.00	4.25	1.406227	4.688498	4.123281	100.763832
1413037982	1000	0	0	0	0	0	0	0	0	0	0	0	0	0	0	0	7.00	4.25	1.406227	4.690110	4.123281	100.724762
1413037983	1000	1	0	0	1	0	0	0	0	0	0	0	0	0	0	0	7.00	4.25	1.406227	4.688498	4.103320	100.213463
1413037984	1000	2	1	1	0	0	0	0	0	0	0	0	0	0	0	0	7.00	4.25	1.406227	4.685275	4.120429	100.763374
1413037985	1000	1	2	2	2	0	0	1	1	1	0	0	0	0	0	0	7.00	4.25	1.407839	4.691722	4.121855	100.646439
1413037986	1000	1	0	1	1	0	0	1	0	0	0	0	0	0	0	0	7.00	4.25	1.407033	4.685275	4.100468	100.212616
1413037987	1000	2	2	1	1	1	1	0	1	0	0	1	0	0	0	0	7.00	4.25	1.408645	4.690110	4.124706	100.764069
1413037988	1000	0	2	0	0	0	0	0	0	0	0	0	0	0	0	0	7.00	4.50	1.409451	4.686887	4.123281	100.802925
1413037989	1000	0	0	0	1	0	0	0	0	0	0	0	0	0	0	0	7.00	4.50	1.409451	4.685275	4.093339	100.015923
1413037990	1000	0	1	1	0	0	0	0	0	0	0	0	0	0	0	0	7.00	4.25	1.407839	4.683663	4.119003	100.763153
1413037991	1000	0	0	1	1	0	0	0	0	0	0	0	0	0	0	0	7.00	4.50	1.411062	4.690110	4.126132	100.803368
1413037992	1000	2	2	2	0	0	0	0	2	0	0	0	0	0	0	0	7.00	4.50	1.411062	4.693334	4.124706	100.685974
1413037993	1000	0	1	0	0	0	0	0	0	0	0	0	0	0	0	0	7.00	4.50	1.411868	4.691722	4.123281	100.685715
1413037994	1000	2	1	0	0	0	0	0	0	0	0	0	0	0	0	0	7.00	4.50	1.412674	4.693334	4.110449	100.293259
1413037995	1000	0	1	2	0	0	0	0	1	0	0	0	0	0	0	0	7.00	4.50	1.411062	4.688498	4.126132	100.842468
1413037996	1000	1	0	0	1	0	0	0	0	0	0	0	0	0	0	0	7.00	4.50	1.411868	4.690110	4.126132	100.803368
1413037997	1000	0	0	0	0	0	0	0	0	0	0	0	0	0	0	0	7.00	4.50	1.412674	4.691722	4.126132	100.764305
1413037998	1000	2	2	0	0	1	0	0	0	0	0	0	0	0	0	0	7.00	4.50	1.413480	4.691722	4.126132	100.764305
1413037999	1000	0	1	0	0	0	0	0	0	0	0	0	0	0	0	0	7.00	4.50	1.413480	4.693334	4.128983	100.803787
1413038000	1000	1	0	0	0	0	0	0	0	0	0	0	0	0	0	0	7.00	4.50	1.413480	4.688498	4.123281	100.763832
1413038001	1000	2	1	1	1	0	0	0	0	0	0	0	0	0	0	0	7.50	4.50	1.413480	4.688498	4.123281	100.763832
1413038002	1000	0	1	0	0	0	0	0	0	0	0	0	0	0	0	0	7.00	4.50	1.414286	4.691722	4.106172	100.214294
1413038003	1000	2	0	1	1	0	0	1	0	0	0	0	0	0	0	0	7.50	4.50	1.415898	4.693334	4.128983	100.803787
1413038004	1000	3	0	0	0	0	0	0	0	0	0	0	0	0	0	0	7.00	4.50	1.416703	4.696557	4.130409	100.764977
1413038005	1000	0	0	0	0	0	0	0	0	0	0	0	0	0	0	0	7.50	4.50	1.416703	4.691722	4.079082	99.467873
1413038006	1000	3	0	1	2	0	0	1	0	0	0	0	0	0	0	0	7.50	4.50	1.415092	4.686887	4.124706	100.842255
1413038007	1000	0	1	0	3	0	0	0	0	0	0	0	0	0	0	0	7.50	4.50	1.415898	4.691722	4.126132	100.764305
1413038008	1000	0	0	0	1	0	0	0	0	0	0	0	0	0	0	0	7.50	4.50	1.415898	4.688498	4.126132	100.842468
1413038009	1000	2	0	1	1	0	0	0	0	0	1	0	0	0	0	0	7.50	4.50	1.418315	4.694945	4.130409	100.804008
1413038010	1000	1	2	2	1	0	1	1	0	0	1	0	0	1	0	0	7.50	4.50	1.418315	4.694945	4.107597	100.175873
1413038011	1000	1	0	0	1	0	0	1	0	0	0	0	0	0	0	0	7.50	4.50	1.418315	4.691722	4.126132	100.764305
1413038012	1000	1	1	0	1	1	0	0	0	0	0	0	0	0	0	0	7.50	4.50	1.419121	4.698169	4.130409	100.725983
1413038013	1000	1	0	1	1	0	0	0	0	0	1	0	0	0	0	0	7.50	4.50	1.419927	4.696557	4.126132	100.647255
1413038014	1000	2	0	1	0	0	0	0	0	0	0	0	0	0	0	0	7.50	4.50	1.420733	4.696557	4.128983	100.725723
1413038015	1000	0	1	0	1	0	0	0	0	0	0	0	0	0	0	0	7.50	4.50	1.419927	4.696557	4.127558	100.686493
1413038016	1000	1	3	0	0	1	0	0	0	0	0	0	0	0	0	0	7.50	4.50	1.421539	4.694945	4.107597	100.175873
1413038017	1000	0	0	1	0	0	0	0	0	0	0	0	0	0	0	0	7.50	4.50	1.420733	4.694945	4.128983	100.764748
1413038018	1000	0	2	1	0	0	0	0	1	0	0	0	0	0	0	0	7.50	4.50	1.422344	4.696557	4.131835	100.804237
1413038019	1000	0	0	1	0	0	0	0	0	0	0	0	0	0	0	0	7.50	4.50	1.421539	4.698169	4.130409	100.725983
1413038020	1000	2	0	0	2	0	0	1	0	0	0	0	0	0	0	0	7.50	4.50	1.423150	4.696557	4.124706	100.607994
1413038021	1000	0	0	0	0	0	0	0	0	0	0	0	0	0	0	0	7.50	4.50	1.423150	4.696557	4.111875	100.254791
1413038022	1000	1	0	0	2	0	0	1	0	0	0	0	0	0	0	0	7.50	4.50	1.421539	4.693334	4.127558	100.764526
1413038023	1000	1	0	0	0	0	0	0	0	0	0	0	0	0	0	0	7.50	4.75	1.423956	4.696557	4.128983	100.725723
1413038024	1000	2	0	1	2	0	0	0	0	0	1	0	0	0	0	0	7.50	4.75	1.424762	4.701392	4.136112	100.804878
1413038025	1000	1	1	1	0	0	0	0	0	0	0	0	0	0	0	0	7.50	4.75	1.423956	4.694945	4.127558	100.725487
1413038026	1000	1	0	2	1	0	0	0	0	0	0	0	0	0	0	0	7.50	4.75	1.425568	4.698169	4.117578	100.372887
1413038027	1000	2	1	2	1	0	0	1	1	0	0	0	0	0	0	0	7.50	4.75	1.424762	4.696557	4.130409	100.764977
1413038028	1000	0	0	1	0	0	0	0	0	0	0	0	0	0	0	0	7.50	4.75	1.426374	4.701392	4.131835	100.687256
1413038029	1000	0	0	0	0	0	0	0	0	0	0	0	0	0	0	0	7.50	4.75	1.427180	4.701392	4.131835	100.687256
1413038030	1000	1	1	0	0	1	0	0	0	0	0	0	0	0	0	0	7.50	4.75	1.426374	4.698169	4.128983	100.686745
1413038031	1000	0	0	0	0	0	0	0	0	0	0	0	0	0	0	0	7.50	4.75	1.426374	4.701392	4.131835	100.687256
1413038032	1000	0	1	2	1	0	0	0	0	0	0	0	0	0	0	0	7.50	4.75	1.428791	4.701392	4.111875	100.138397
1413038033	1000	2	1	1	0	0	1	0	0	0	0	0	0	0	0	0	7.50	4.75	1.426374	4.694945	4.128983	100.764748
1413038034	1000	1	0	0	1	0	0	1	0	0	0	0	0	0	0	0	7.50	4.75	1.427180	4.698169	4.128983	100.686745
1413038035	1000	0	1	0	0	0	0	0	0	0	0	0	0	0	0	0	7.50	4.75	1.428791	4.701392	4.133261	100.726463
1413038036	1000	2	0	0	1	0	0	1	0	0	0	0	0	0	0	0	7.50	4.75	1.430403	4.703004	4.130409	100.609131
1413038037	1000	0	1	1	1	0	0	0	0	0	1	0	0	0	0	0	7.50	4.75	1.429597	4.699780	4.113300	100.216385
1413038038	1000	1	1	0	0	0	0	0	0	0	0	0	0	0	0	0	7.50	4.75	1.429597	4.698169	4.131835	100.765213
1413038039	1000	1	2	0	1	0	0	0	0	0	0	0	0	0	0	0	7.50	4.75	1.432015	4.704616	4.140389	100.844475
1413038040	1000	0	3	1	0	0	0	0	0	0	0	0	0	0	0	0	7.50	4.75	1.431209	4.703004	4.133261	100.687515
1413038041	1000	1	1	1	2	0	0	0	0	0	0	0	0	0	0	0	7.50	4.75	1.432821	4.704616	4.136112	100.726944
1413038042	1000	1	1	0	0	1	0	0	0	0	0	0	0	0	0	0	7.50	4.75	1.432821	4.699780	4.136112	100.843872
1413038043	1000	1	1	1	0	0	0	0	0	0	0	0	0	0	0	0	7.50	4.75	1.431209	4.698169	4.136112	100.882904
1413038044	1000	1	2	1	2	0	0	1	0	0	0	0	0	0	0	0	7.50	4.75	1.433627	4.706227	4.140389	100.805504
1413038045	1000	0	0	1	0	0	0	0	0	0	0	0	0	0	0	0	7.50	4.75	1.433627	4.704616	4.137538	100.766129
1413038046	1000	0	0	0	0	0	0	0	0	0	0	0	0	0	0	0	7.50	4.75	1.435238	4.706227	4.137538	100.727188
1413038047	1000	0	1	1	1	0	0	0	0	0	0	0	0	0	0	0	7.50	4.75	1.434432	4.703004	4.134686	100.726700
1413038048	1000	0	0	0	0	0	0	0	0	0	0	0	0	0	0	0	7.50	4.75	1.434432	4.703004	4.116152	100.217224
1413038049	1000	1	1	1	0	0	0	0	1	0	0	0	0	0	0	0	7.50	5.00	1.433627	4.698169	4.130409	100.725983
1413038050	1000	0	0	0	0	0	0	0	0	0	0	0	0	0	0	0	7.50	5.00	1.434432	4.699780	4.131835	100.726227
1413038051	1000	0	1	0	1	0	0	0	0	0	0	0	0	0	0	0	7.50	5.00	1.435238	4.699780	4.133261	100.765434
1413038052	1000	1	0	0	2	0	0	1	0	0	0	0	0	0	0	0	7.50	5.00	1.436850	4.704616	4.134686	100.687767
1413038053	1000	0	0	0	0	0	0	0	0	0	0	0	0	0	0	0	7.50	5.00	1.436044	4.703004	4.117578	100.256409
1413038054	1000	0	1	1	0	0	0	0	0	0	0	0	0	0	0	0	7.50	5.00	1.437656	4.704616	4.140389	100.844475
1413038055	1000	1	0	1	1	0	0	0	0	0	0	0	0	0	0	0	7.50	5.00	1.436850	4.703004	4.136112	100.765892
1413038056	1000	2	1	1	1	0	0	1	0	0	0	0	0	0	0	0	7.50	5.00	1.437656	4.704616	4.140389	100.844475
1413038057	1000	0	0	1	1	0	0	0	0	0	0	0	0	0	0	0	7.50	5.00	1.436850	4.701392	4.133261	100.726463
1413038058	1000	0	1	1	0	0	0	0	0	0	0	0	0	0	0	0	7.50	5.00	1.439268	4.699780	4.137538	100.883102
1413038059	1000	2	3	0	4	1	0	2	0	2	0	0	1	0	0	0	7.50	5.00	1.439268	4.701392	4.116152	100.256012
1413038060	1000	0	0	1	0	0	0	0	0	0	0	0	0	0	0	0	7.50	5.00	1.437656	4.699780	4.134686	100.804657
1413038061	1000	1	1	0	1	0	0	0	0	1	0	0	0	0	0	0	7.50	5.00	1.440073	4.707839	4.138964	100.727425
1413038062	1000	1	0	0	1	0	0	0	0	0	0	0	0	0	0	0	7.50	5.00	1.440073	4.704616	4.137538	100.766129
1413038063	1000	1	1	2	2	1	0	0	0	0	0	0	0	0	0	0	7.50	5.00	1.440073	4.704616	4.117578	100.217636
1413038064	1000	1	2	1	1	0	0	1	1	0	0	0	0	0	0	0	7.50	5.00	1.441685	4.706227	4.116152	100.139725
1413038065	1000	0	0	0	0	0	0	0	0	0	0	0	0	0	0	0	8.00	5.00	1.440879	4.703004	4.137538	100.805099
1413038066	1000	0	0	0	0	0	0	0	0	0	0	0	0	0	0	0	8.00	5.00	1.441685	4.706227	4.136112	100.688026
1413038067	1000	3	1	0	1	0	0	0	0	0	0	0	0	0	0	0	8.00	5.00	1.444103	4.709451	4.140389	100.727661
1413038068	1000	0	2	1	0	0	0	0	1	0	0	0	0	0	0	0	8.00	5.00	1.443297	4.707839	4.140389	100.766571
1413038069	1000	0	0	1	0	0	0	0	0	0	0	0	0	0	0	0	8.00	5.00	1.444103	4.711062	4.143241	100.767036
1413038070	1000	1	0	1	0	0	0	0	0	0	0	0	0	0	0	0	8.00	5.00	1.442491	4.703004	4.136112	100.765892
1413038071	1000	0	0	0	2	0	0	0	0	0	0	0	0	0	0	0	8.00	5.00	1.443297	4.706227	4.138964	100.766350
1413038072	1000	1	2	2	0	0	0	0	2	0	0	0	0	0	0	0	8.00	5.00	1.444908	4.707839	4.138964	100.727425
1413038073	1000	0	0	1	1	0	0	0	0	0	1	0	0	0	0	0	8.00	5.00	1.446520	4.714286	4.143241	100.689308
1413038074	1000	1	3	2	1	1	0	0	2	0	0	0	0	0	0	0	8.00	5.00	1.444908	4.707839	4.137538	100.688286
1413038075	1000	1	0	2	1	0	0	1	0	0	0	0	0	0	0	0	8.00	5.00	1.446520	4.712674	4.123281	100.180595
1413038076	1000	1	0	0	0	0	0	0	0	0	0	0	0	0	0	0	8.00	5.00	1.445714	4.706227	4.138964	100.766350
1413038077	1000	0	0	0	1	0	0	0	0	0	0	0	0	0	0	0	8.00	5.00	1.445714	4.707839	4.140389	100.766571
1413038078	1000	0	1	0	0	0	0	0	0	0	0	0	0	0	0	0	8.00	5.00	1.447326	4.711062	4.143241	100.767036
1413038079	1000	0	1	1	1	0	0	0	1	1	1	0	0	0	1	0	8.00	5.00	1.447326	4.707839	4.138964	100.727425
1413038080	1000	1	2	2	2	0	0	0	0	0	0	0	0	0	0	0	8.00	5.25	1.448132	4.709451	4.140389	100.727661
1413038081	1000	0	1	0	1	0	0	0	0	0	0	0	0	0	0	0	8.00	5.25	1.448132	4.707839	4.138964	100.727425
1413038082	1000	1	0	0	2	0	0	0	0	0	0	0	0	0	0	0	8.00	5.25	1.448132	4.707839	4.137538	100.688286
1413038083	1000	0	1	0	1	0	0	0	0	0	0	0	0	0	0	0	8.00	5.25	1.448938	4.707839	4.138964	100.727425
1413038084	1000	1	0	0	0	0	0	0	0	0	0	0	0	0	0	0	8.00	5.25	1.449744	4.712674	4.143241	100.728157
1413038085	1000	1	0	2	0	0	0	0	0	0	0	0	0	0	0	0	8.00	5.25	1.449744	4.707839	4.140389	100.766571
1413038086	1000	0	0	0	0	0	0	0	0	0	0	0	0	0	0	0	8.00	5.25	1.450550	4.706227	4.117578	100.178886
1413038087	1000	2	0	1	2	0	0	1	0	0	0	0	0	0	0	0	8.00	5.25	1.449744	4.707839	4.140389	100.766571
1413038088	1000	2	1	0	0	0	0	0	0	0	0	0	0	0	0	0	8.00	5.25	1.452161	4.714286	4.143241	100.689308
1413038089	1000	1	0	0	0	0	0	0	0	0	0	0	0	0	0	0	8.00	5.25	1.453773	4.717509	4.146092	100.689796
1413038090	1000	1	0	0	0	0	0	0	0	0	0	0	0	0	0	0	8.00	5.25	1.452967	4.714286	4.146092	100.767479
1413038091	1000	1	0	0	1	0	0	0	0	0	0	0	0	0	0	0	8.00	5.25	1.453773	4.714286	4.128983	100.298325
1413038092	1000	0	0	1	0	0	0	0	0	0	0	0	0	0	0	0	8.00	5.25	1.452967	4.711062	4.144667	100.806160
1413038093	1000	2	0	0	1	0	0	1	0	0	0	0	0	0	0	0	8.00	5.25	1.453773	4.714286	4.146092	100.767479
1413038094	1000	0	0	2	1	0	0	0	0	0	0	0	0	0	0	0	8.00	5.25	1.454579	4.712674	4.140389	100.649925
1413038095	1000	1	1	0	1	0	0	0	0	0	0	0	0	0	0	0	8.00	5.25	1.453773	4.711062	4.141815	100.727905
1413038096	1000	0	1	0	2	0	0	0	0	1	0	0	0	0	0	0	8.00	5.25	1.456996	4.712674	4.140389	100.649925
1413038097	1000	1	0	0	1	0	0	1	0	0	0	0	0	0	0	0	8.00	5.25	1.454579	4.711062	4.143241	100.767036
1413038098	1000	0	2	1	0	0	0	0	1	0	0	0	0	0	0	0	8.00	5.25	1.456996	4.715898	4.144667	100.689552
1413038099	1000	2	2	1	1	0	0	1	0	0	0	0	0	0	0	0	8.00	5.25	1.456996	4.717509	4.126132	100.142822
1413038100	1000	0	0	0	1	0	0	0	0	0	0	0	0	0	0	0	8.00	5.25	1.456996	4.714286	4.146092	100.767479
1413038101	1000	1	2	0	1	1	0	0	0	0	0	0	0	0	0	0	8.00	5.25	1.457802	4.715898	4.144667	100.689552
1413038102	1000	0	2	1	1	0	0	0	0	1	0	0	0	0	0	0	8.00	5.25	1.457802	4.719121	4.127558	100.143250
1413038103	1000	1	1	0	0	0	0	0	0	0	0	0	0	0	0	0	8.00	5.25	1.456996	4.712674	4.147518	100.845490
1413038104	1000	2	1	0	2	0	0	1	0	0	0	0	0	0	0	0	8.00	5.25	1.458608	4.715898	4.150370	100.845879
1413038105	1000	0	0	0	0	0	0	0	0	0	0	0	0	0	0	0	8.00	5.25	1.459414	4.717509	4.148944	100.767952
1413038106	1000	1	1	1	0	0	0	0	0	0	0	0	0	0	0	0	8.00	5.25	1.457802	4.712674	4.124706	100.219719
1413038107	1000	0	0	0	0	0	0	0	0	0	0	0	0	0	0	0	8.00	5.25	1.457802	4.709451	4.126132	100.336311
1413038108	1000	0	1	1	0	0	0	0	1	0	0	0	0	0	0	0	8.00	5.25	1.458608	4.714286	4.147518	100.806587
1413038109	1000	1	0	0	0	0	0	0	0	0	0	0	0	0	0	0	8.00	5.25	1.461026	4.717509	4.151795	100.846077
1413038110	1000	0	0	0	0	0	0	0	0	0	0	0	0	0	0	0	8.00	5.25	1.461832	4.719121	4.146092	100.651001
1413038111	1000	0	3	1	0	0	0	0	1	0	0	0	0	0	0	0	8.00	5.25	1.461026	4.715898	4.146092	100.728622
1413038112	1000	2	0	0	0	0	0	0	0	0	0	0	0	0	0	0	8.00	5.50	1.461026	4.712674	4.144667	100.767258
1413038113	1000	0	1	0	1	0	0	0	0	0	0	0	0	0	0	0	8.00	5.50	1.462637	4.717509	4.128983	100.220947
1413038114	1000	0	0	0	0	0	0	0	0	0	0	0	0	0	0	0	8.00	5.50	1.462637	4.717509	4.151795	100.846077
1413038115	1000	0	0	1	0	0	0	0	0	0	0	0	0	0	0	0	8.00	5.50	1.464249	4.722344	4.153221	100.768631
1413038116	1000	0	0	0	1	0	0	0	0	0	0	0	0	0	0	0	8.00	5.50	1.464249	4.720733	4.151795	100.768394
1413038117	1000	0	0	0	2	0	0	0	0	0	0	0	0	0	0	0	8.00	5.50	1.465055	4.720733	4.151795	100.768394
1413038118	1000	2	1	2	2	0	1	1	1	0	0	0	0	0	0	0	8.00	5.50	1.464249	4.720733	4.124706	100.026558
1413038119	1000	0	3	0	2	0	0	0	0	2	0	0	0	0	0	0	8.00	5.50	1.464249	4.717509	4.153221	100.885162
1413038120	1000	3	0	2	1	0	0	1	0	0	0	0	0	0	0	0	8.00	5.50	1.465861	4.720733	4.150370	100.729347
1413038121	1000	1	0	1	0	0	0	0	0	0	0	0	0	0	0	0	8.00	5.50	1.466667	4.722344	4.150370	100.690559
1413038122	1000	0	0	0	0	0	0	0	0	0	0	0	0	0	0	0	8.00	5.50	1.467473	4.722344	4.151795	100.729584
1413038123	1000	0	1	1	1	0	0	0	1	0	0	0	0	0	0	0	8.00	5.50	1.466667	4.719121	4.150370	100.768173
1413038124	1000	2	1	2	2	0	0	2	0	0	0	0	0	0	0	0	8.00	5.50	1.465861	4.717509	4.150370	100.807007
1413038125	1000	0	0	0	1	0	0	0	0	0	0	0	0	0	0	0	8.00	5.50	1.469084	4.723956	4.157498	100.846878
1413038126	1000	2	0	0	2	0	0	1	0	0	0	0	0	0	0	0	8.50	5.50	1.469890	4.725568	4.150370	100.613068
1413038127	1000	0	0	0	1	0	0	0	0	0	0	0	0	0	0	0	8.50	5.50	1.468279	4.723956	4.153221	100.729828
1413038128	1000	3	1	0	0	0	0	0	0	0	0	0	0	0	0	0	8.50	5.50	1.468279	4.714286	4.151795	100.923874
1413038129	1000	1	1	1	1	0	0	0	0	0	0	0	0	0	0	0	8.50	5.50	1.469890	4.722344	5.838462	146.902847
1413038130	1000	1	0	0	0	0	0	0	0	0	0	0	0	0	0	0	8.50	5.50	1.468279	4.719121	4.151795	100.807220
1413038131	1000	1	0	1	2	0	0	1	0	0	0	0	0	0	0	0	8.50	5.50	1.471502	4.723956	4.157498	100.846878
1413038132	1000	1	2	3	1	0	0	1	2	0	0	0	0	0	0	0	8.50	5.50	1.469890	4.719121	4.153221	100.846291
1413038133	1000	3	0	2	3	0	2	1	0	0	0	0	0	0	0	0	8.50	5.50	1.471502	4.725568	4.134686	100.184013
1413038134	1000	0	0	0	0	0	0	0	0	0	0	0	0	0	0	0	8.50	5.50	1.471502	4.725568	4.136112	100.223022
1413038135	1000	2	0	0	1	0	0	1	0	0	0	0	0	0	0	0	8.50	5.50	1.470696	4.719121	4.151795	100.807220
1413038136	1000	1	1	1	1	0	0	0	0	0	1	0	0	0	0	0	8.50	5.50	1.471502	4.722344	4.153221	100.768631
1413038137	1000	1	0	1	2	0	0	0	0	0	1	0	0	0	0	0	8.50	5.50	1.472308	4.722344	4.153221	100.768631
1413038138	1000	1	1	1	0	0	1	0	0	0	0	0	0	0	0	0	8.50	5.75	1.473114	4.723956	4.156073	100.807869
1413038139	1000	0	1	1	0	0	0	0	0	0	0	0	0	0	0	0	8.50	5.75	1.472308	4.720733	4.151795	100.768394
1413038140	1000	1	0	2	1	0	0	0	0	0	0	0	0	0	0	0	8.50	5.75	1.471502	4.717509	4.154647	100.924232
1413038141	1000	0	2	0	0	0	0	0	0	0	0	0	0	0	0	0	8.50	5.75	1.472308	4.720733	4.151795	100.768394
1413038142	1000	0	0	0	0	0	0	0	0	0	0	0	0	0	0	0	8.50	5.75	1.473920	4.720733	4.153221	100.807442
1413038143	1000	1	1	1	1	0	0	0	0	1	0	0	0	0	0	0	8.50	5.75	1.475531	4.727180	4.158924	100.808289
1413038144	1000	1	1	1	0	0	0	0	0	0	0	0	0	0	0	0	8.50	5.75	1.475531	4.723956	4.154647	100.768852
1413038145	1000	0	0	0	0	0	0	0	0	0	0	0	0	0	0	0	8.50	5.75	1.475531	4.723956	4.134686	100.222603
1413038146	1000	0	0	0	0	0	0	0	0	0	0	0	0	0	0	0	8.50	5.75	1.474725	4.722344	4.156073	100.846680
1413038147	1000	0	1	1	0	0	0	0	0	0	0	0	0	0	0	0	8.50	5.75	1.477949	4.728791	4.156073	100.691574
1413038148	1000	2	1	1	1	0	0	0	0	0	0	0	0	0	0	0	8.50	5.75	1.476337	4.723956	4.153221	100.729828
1413038149	1000	1	0	0	1	0	0	0	0	0	0	0	0	0	0	0	8.50	5.75	1.477143	4.723956	4.151795	100.690811
1413038150	1000	1	1	0	3	1	0	0	0	0	0	0	0	0	0	0	8.50	5.75	1.477949	4.725568	4.156073	100.769073
1413038151	1000	0	2	0	1	0	0	0	0	0	0	0	0	0	0	0	8.50	5.75	1.477949	4.723956	4.158924	100.885902
1413038152	1000	1	0	0	1	0	0	0	0	0	0	0	0	0	0	0	8.50	5.75	1.477143	4.723956	4.151795	100.690811
1413038153	1000	0	0	1	1	0	0	0	0	0	0	0	0	0	0	0	8.50	5.75	1.479560	4.730403	4.138964	100.185295
1413038154	1000	0	0	1	0	0	0	0	0	0	0	0	0	0	0	0	8.50	5.75	1.479560	4.727180	4.157498	100.769295
1413038155	1000	2	1	0	1	0	0	1	0	0	0	0	0	0	0	0	8.50	5.75	1.477949	4.723956	4.151795	100.690811
1413038157	1000	2	0	0	0	0	0	0	0	0	0	0	0	0	0	0	8.50	5.75	1.478755	4.720733	4.126132	100.065620
1413038158	1000	2	1	0	1	0	0	0	0	0	0	0	0	0	0	0	8.50	5.75	1.479560	4.723956	4.156073	100.807869
1413038159	1000	0	2	0	0	0	0	0	0	0	0	0	0	0	0	0	8.50	5.75	1.480366	4.727180	4.156073	100.730309
1413038160	1000	1	0	0	2	0	0	1	0	0	0	0	0	0	0	0	8.50	5.75	1.481978	4.730403	4.157498	100.691818
1413038161	1000	0	0	0	1	0	0	0	0	0	0	0	0	0	0	0	8.50	5.75	1.481978	4.728791	4.136112	100.145889
1413038162	1000	0	2	0	2	0	0	0	0	0	0	0	0	0	0	0	8.50	5.75	1.481978	4.727180	4.136112	100.184441
1413038163	1000	0	1	1	1	0	0	0	1	0	0	0	0	0	0	0	8.50	5.75	1.481978	4.727180	4.157498	100.769295
1413038164	1000	1	0	3	0	0	0	0	0	0	0	0	0	0	0	0	8.50	5.75	1.481978	4.725568	4.156073	100.769073
1413038165	1000	0	1	1	0	0	0	0	0	0	0	0	0	0	0	0	8.50	5.75	1.484396	4.730403	4.160350	100.769760
1413038166	1000	1	1	0	2	0	0	0	0	0	0	0	0	0	0	0	8.50	5.75	1.484396	4.732015	4.160350	100.731041
1413038167	1000	1	1	1	0	0	0	0	1	0	0	0	0	0	0	0	8.50	5.75	1.484396	4.727180	4.158924	100.808289
1413038168	1000	0	1	2	1	0	0	0	0	0	0	0	0	0	0	0	8.50	5.75	1.481978	4.720733	4.151795	100.768394
1413038169	1000	0	0	0	0	0	0	0	0	0	0	0	0	0	0	0	8.50	5.75	1.482784	4.723956	4.153221	100.729828
1413038170	1000	1	0	1	3	0	0	0	0	0	0	0	0	0	0	0	8.50	5.75	1.486813	4.732015	4.161776	100.769981
1413038171	1000	1	0	1	1	0	0	0	0	0	0	0	0	0	0	0	8.50	5.75	1.484396	4.727180	4.154647	100.691330
1413038172	1000	0	0	0	0	0	0	0	0	0	0	0	0	0	0	0	8.50	5.75	1.485202	4.727180	4.153221	100.652328
1413038173	1000	0	1	0	1	0	0	0	0	0	0	0	0	0	0	0	8.50	5.75	1.486007	4.728791	4.138964	100.223846
1413038174	1000	1	0	0	1	0	0	0	0	0	0	0	0	0	0	0	8.50	5.75	1.486007	4.728791	4.157498	100.730545
1413038175	1000	2	0	0	0	0	0	0	0	0	0	0	0	0	0	0	8.50	6.00	1.486813	4.730403	4.158924	100.730789
1413038176	1000	1	0	1	0	0	0	0	0	0	0	0	0	0	0	0	8.50	6.00	1.487619	4.730403	4.157498	100.691818
1413038177	1000	1	0	0	2	0	0	0	0	0	0	0	0	0	0	0	8.50	6.00	1.489231	4.733626	4.143241	100.225090
1413038178	1000	2	1	0	1	0	0	0	0	0	0	0	0	0	0	0	8.50	6.00	1.489231	4.733626	4.137538	100.069344
1413038179	1000	0	0	1	1	0	0	0	0	0	0	0	0	0	0	0	8.50	6.00	1.487619	4.725568	4.158924	100.847092
1413038180	1000	0	0	0	0	0	0	0	0	0	0	0	0	0	0	0	8.50	6.00	1.488425	4.728791	4.160350	100.808510
1413038181	1000	2	1	0	0	0	0	0	0	0	0	0	0	0	0	0	8.50	6.00	1.490037	4.733626	4.158924	100.653389
1413038182	1000	2	1	2	1	1	0	0	0	0	0	0	0	0	0	0	8.50	6.00	1.490037	4.733626	4.160350	100.692337
1413038183	1000	1	0	0	0	0	0	0	0	0	0	0	0	0	0	0	8.50	6.00	1.490037	4.728791	4.158924	100.769531
1413038184	1000	0	0	1	0	0	0	0	0	0	0	0	0	0	0	0	8.50	6.00	1.490843	4.728791	4.141815	100.301804
1413038185	1000	0	0	0	1	0	0	0	0	0	0	0	0	0	0	0	8.50	6.00	1.490037	4.727180	4.160350	100.847282
1413038186	1000	0	0	1	1	0	0	0	0	0	0	0	0	0	0	0	8.50	6.00	1.491648	4.730403	4.157498	100.691818
1413038187	1000	1	0	0	0	0	0	0	0	0	0	0	0	0	0	0	8.50	6.00	1.492454	4.733626	4.163201	100.770195
1413038188	1000	0	0	1	0	0	0	0	0	0	0	0	0	0	0	0	8.50	6.00	1.493260	4.735238	4.163201	100.731506
1413038189	1000	1	0	0	0	0	0	0	0	0	0	0	0	0	0	0	8.50	6.00	1.493260	4.732015	4.143241	100.263634
1413038190	1000	0	1	0	1	0	0	0	0	0	0	0	0	0	0	0	8.50	6.00	1.492454	4.730403	4.163201	100.847679
1413038191	1000	1	0	0	0	0	0	0	0	0	0	0	0	0	0	0	8.50	6.00	1.494066	4.735238	4.161776	100.692589
1413038192	1000	0	1	1	1	0	0	0	1	0	0	0	0	0	0	0	9.00	6.00	1.494872	4.733626	4.163201	100.770195
