quad V2.5
time	int	cnt1	cnt2	cnt3	cnt4	1&2	1&3	1&4	2&3	2&4	3&4	1&2&3	1&2&4	1&3&4	2&3&4	1&2&3&4	digTemp	temp	adct	adcr	adcp	pressure
1413039395	1000	1	2	1	1	0	0	1	1	0	0	0	0	0	0	0	16.50	13.75	1.912308	4.915751	4.328589	100.907219
1413039396	1000	0	3	1	4	0	0	0	1	1	1	0	0	0	1	0	16.50	13.75	1.912308	4.915751	4.328589	100.907219
1413039397	1000	0	0	0	0	0	0	0	0	0	0	0	0	0	0	0	16.50	13.75	1.913114	4.915751	4.325737	100.832222
1413039398	1000	1	2	0	1	1	0	0	0	0	0	0	0	0	0	0	16.50	13.75	1.914725	4.920586	4.327163	100.757904
1413039399	1000	1	0	0	0	0	0	0	0	0	0	0	0	0	0	0	16.50	13.75	1.913114	4.915751	4.327163	100.869728
1413039401	1000	0	1	3	0	0	0	0	1	0	0	0	0	0	0	0	16.50	13.75	1.915531	4.922198	4.332866	100.870461
1413039402	1000	1	2	1	0	0	0	0	1	0	0	0	0	0	0	0	16.50	13.75	1.916337	4.923810	4.328589	100.720901
1413039403	1000	0	0	3	2	0	0	0	0	0	1	0	0	0	0	0	16.50	13.75	1.917143	4.923810	4.334292	100.870636
1413039404	1000	1	0	0	1	0	0	1	0	0	0	0	0	0	0	0	16.50	13.75	1.916337	4.922198	4.328589	100.758125
1413039405	1000	3	0	0	1	0	0	0	0	0	0	0	0	0	0	0	16.50	13.75	1.917949	4.925421	4.330015	100.721153
1413039406	1000	0	0	2	1	0	0	0	0	0	0	0	0	0	0	0	16.50	13.75	1.917949	4.923810	4.328589	100.720901
1413039407	1000	0	0	0	0	0	0	0	0	0	0	0	0	0	0	0	16.50	13.75	1.917949	4.923810	4.330015	100.758347
1413039408	1000	0	0	1	2	0	0	0	0	0	0	0	0	0	0	0	16.50	13.75	1.917143	4.918974	4.310054	100.345505
1413039409	1000	0	0	1	1	0	0	0	0	0	1	0	0	0	0	0	16.50	13.75	1.917949	4.923810	4.334292	100.870636
1413039410	1000	0	0	1	0	0	0	0	0	0	0	0	0	0	0	0	16.50	13.75	1.918755	4.923810	4.314332	100.346581
1413039411	1000	2	2	1	2	0	0	2	1	0	0	0	0	0	0	0	16.50	13.75	1.919561	4.927033	4.334292	100.796196
1413039412	1000	0	0	0	2	0	0	0	0	0	0	0	0	0	0	0	16.50	13.75	1.919561	4.927033	4.332866	100.758789
1413039413	1000	1	1	1	0	0	0	0	1	0	0	0	0	0	0	0	16.50	13.75	1.917143	4.918974	4.311480	100.382973
1413039414	1000	1	0	0	1	0	0	1	0	0	0	0	0	0	0	0	16.50	13.75	1.916337	4.917363	4.327163	100.832428
1413039415	1000	1	2	0	0	0	0	0	0	0	0	0	0	0	0	0	16.50	13.75	1.917143	4.918974	4.324312	100.720215
1413039416	1000	1	1	0	0	0	0	0	0	0	0	0	0	0	0	0	16.50	13.75	1.919561	4.923810	4.330015	100.758347
1413039417	1000	1	1	1	1	0	0	0	0	1	0	0	0	0	0	0	16.50	13.75	1.919561	4.922198	4.330015	100.795570
1413039418	1000	1	0	0	1	0	0	0	0	0	0	0	0	0	0	0	16.50	13.75	1.918755	4.920586	4.328589	100.795357
1413039419	1000	0	0	0	0	0	0	0	0	0	0	0	0	0	0	0	16.50	13.75	1.918755	4.918974	4.328589	100.832611
1413039420	1000	1	1	1	1	0	0	0	1	0	0	0	0	0	0	0	16.50	13.75	1.919561	4.922198	4.328589	100.758125
1413039421	1000	0	0	1	0	0	0	0	0	0	0	0	0	0	0	0	16.50	14.00	1.921172	4.923810	4.334292	100.870636
1413039422	1000	0	2	1	0	0	0	0	0	0	0	0	0	0	0	0	16.50	14.00	1.921172	4.923810	4.330015	100.758347
1413039423	1000	0	0	1	1	0	0	0	0	0	0	0	0	0	0	0	16.50	14.00	1.921172	4.918974	4.331440	100.907562
1413039424	1000	0	2	0	2	0	0	0	0	0	0	0	0	0	0	0	16.50	14.00	1.922784	4.922198	4.308629	100.233879
1413039425	1000	2	0	0	2	0	0	1	0	0	0	0	0	0	0	0	16.50	14.00	1.920366	4.920586	4.331440	100.870270
1413039426	1000	3	0	1	1	0	0	0	0	0	0	0	0	0	0	0	16.50	14.00	1.921978	4.923810	4.332866	100.833206
1413039427	1000	1	1	1	1	1	0	0	0	0	0	0	0	0	0	0	16.50	14.00	1.921172	4.922198	4.327163	100.720680
1413039428	1000	1	0	0	0	0	0	0	0	0	0	0	0	0	0	0	16.50	14.00	1.921978	4.923810	4.331440	100.795776
1413039429	1000	0	1	0	0	0	0	0	0	0	0	0	0	0	0	0	16.50	14.00	1.923590	4.923810	4.312906	100.309151
1413039430	1000	2	1	1	0	0	0	0	0	0	0	0	0	0	0	0	16.50	14.00	1.921172	4.918974	4.330015	100.870094
1413039431	1000	1	2	1	1	0	0	0	0	0	0	0	0	0	0	0	16.50	14.00	1.922784	4.922198	4.332866	100.870461
1413039432	1000	2	2	1	3	0	0	2	1	0	0	0	0	0	0	0	16.50	14.00	1.921978	4.920586	4.328589	100.795357
1413039433	1000	0	1	3	2	0	0	0	0	0	1	0	0	0	0	0	16.50	14.00	1.923590	4.923810	4.330015	100.758347
1413039434	1000	0	2	1	0	0	0	0	1	0	0	0	0	0	0	0	16.50	14.00	1.922784	4.917363	4.308629	100.345146
1413039435	1000	1	0	0	1	0	0	0	0	0	0	0	0	0	0	0	16.50	14.00	1.923590	4.923810	4.334292	100.870636
1413039436	1000	0	1	0	0	0	0	0	0	0	0	0	0	0	0	0	16.50	14.00	1.923590	4.923810	4.331440	100.795776
1413039437	1000	0	2	1	0	0	0	0	1	0	0	0	0	0	0	0	16.50	14.00	1.926007	4.925421	4.334292	100.833405
1413039438	1000	1	1	1	0	0	0	0	1	0	0	0	0	0	0	0	16.50	14.00	1.925202	4.925421	4.332866	100.795990
1413039439	1000	1	2	0	0	0	0	0	0	0	0	0	0	0	0	0	16.50	14.00	1.926007	4.927033	4.335718	100.833603
1413039440	1000	1	1	0	0	0	0	0	0	0	0	0	0	0	0	0	16.50	14.00	1.922784	4.918974	4.330015	100.870094
1413039441	1000	1	1	1	1	0	0	0	0	0	0	0	0	0	0	0	16.50	14.00	1.926007	4.927033	4.335718	100.833603
1413039442	1000	2	2	1	0	1	1	0	1	0	0	1	0	0	0	0	16.50	14.00	1.926007	4.925421	4.311480	100.234673
1413039443	1000	1	0	0	0	0	0	0	0	0	0	0	0	0	0	0	16.50	14.00	1.925202	4.923810	4.331440	100.795776
1413039444	1000	0	0	0	0	0	0	0	0	0	0	0	0	0	0	0	16.50	14.00	1.926007	4.923810	4.332866	100.833206
1413039445	1000	1	1	1	0	0	0	0	0	0	0	0	0	0	0	0	16.50	14.00	1.924396	4.923810	4.312906	100.309151
1413039446	1000	0	0	0	0	0	0	0	0	0	0	0	0	0	0	0	16.50	14.00	1.926007	4.923810	4.332866	100.833206
1413039447	1000	1	2	0	0	1	0	0	0	0	0	0	0	0	0	0	16.50	14.00	1.926007	4.923810	4.332866	100.833206
1413039448	1000	0	0	0	0	0	0	0	0	0	0	0	0	0	0	0	16.50	14.00	1.926007	4.922198	4.328589	100.758125
1413039449	1000	2	1	1	2	0	0	1	0	0	1	0	0	0	0	0	16.50	14.00	1.926813	4.923810	4.334292	100.870636
1413039450	1000	1	0	0	1	0	0	0	0	0	0	0	0	0	0	0	16.50	14.00	1.927619	4.925421	4.341421	101.020515
1413039451	1000	0	0	0	0	0	0	0	0	0	0	0	0	0	0	0	16.50	14.00	1.927619	4.925421	4.334292	100.833405
1413039452	1000	2	1	1	0	1	0	0	0	0	0	0	0	0	0	0	16.50	14.00	1.929231	4.927033	4.339995	100.945831
1413039453	1000	0	0	3	1	0	0	0	0	0	1	0	0	0	0	0	16.50	14.00	1.927619	4.923810	4.331440	100.795776
1413039454	1000	0	0	0	0	0	0	0	0	0	0	0	0	0	0	0	16.50	14.00	1.928425	4.923810	4.332866	100.833206
1413039455	1000	0	0	0	0	0	0	0	0	0	0	0	0	0	0	0	16.50	14.00	1.927619	4.923810	4.308629	100.196846
1413039456	1000	0	0	0	0	0	0	0	0	0	0	0	0	0	0	0	16.50	14.00	1.927619	4.920586	4.331440	100.870270
1413039457	1000	0	0	1	1	0	0	0	0	0	0	0	0	0	0	0	16.50	14.00	1.930037	4.927033	4.337143	100.871010
1413039458	1000	2	2	1	1	0	0	1	1	0	0	0	0	0	0	0	16.50	14.00	1.929231	4.923810	4.330015	100.758347
1413039459	1000	2	2	0	0	0	0	0	0	0	0	0	0	0	0	0	16.50	14.00	1.929231	4.925421	4.311480	100.234673
1413039460	1000	0	1	1	0	0	0	0	1	0	0	0	0	0	0	0	16.50	14.00	1.930843	4.927033	4.357104	101.394753
1413039461	1000	0	1	0	0	0	0	0	0	0	0	0	0	0	0	0	16.50	14.00	1.929231	4.923810	4.331440	100.795776
1413039462	1000	0	0	0	0	0	0	0	0	0	0	0	0	0	0	0	16.50	14.00	1.930843	4.927033	4.332866	100.758789
1413039463	1000	0	0	0	0	0	0	0	0	0	0	0	0	0	0	0	16.50	14.00	1.930843	4.925421	4.327163	100.646301
1413039464	1000	3	1	2	3	1	0	2	0	0	1	0	0	0	0	0	16.50	14.00	1.932454	4.928645	4.332866	100.721603
1413039465	1000	0	2	0	0	0	0	0	0	0	0	0	0	0	0	0	16.50	14.00	1.932454	4.928645	4.332866	100.721603
1413039466	1000	1	2	0	0	0	0	0	0	0	0	0	0	0	0	0	16.50	14.00	1.933260	4.935091	4.317183	100.162315
1413039467	1000	0	0	0	0	0	0	0	0	0	0	0	0	0	0	0	16.50	14.00	1.932454	4.928645	4.334292	100.759003
1413039468	1000	0	0	0	0	0	0	0	0	0	0	0	0	0	0	0	16.50	14.00	1.934066	4.930256	4.337143	100.796600
1413039469	1000	1	1	0	0	0	0	0	0	0	0	0	0	0	0	0	16.50	14.00	1.932454	4.928645	4.334292	100.759003
1413039470	1000	0	0	2	3	0	0	0	0	0	1	0	0	0	0	0	16.50	14.00	1.932454	4.925421	4.332866	100.795990
1413039471	1000	0	0	0	1	0	0	0	0	0	0	0	0	0	0	0	16.50	14.00	1.933260	4.927033	4.325737	100.571739
1413039472	1000	0	0	0	1	0	0	0	0	0	0	0	0	0	0	0	16.50	14.00	1.930843	4.922198	4.331440	100.833008
1413039473	1000	1	0	1	0	0	0	0	0	0	0	0	0	0	0	0	16.50	14.00	1.932454	4.923810	4.331440	100.795776
1413039474	1000	2	1	0	3	0	0	1	0	1	0	0	0	0	0	0	16.50	14.00	1.934872	4.930256	4.337143	100.796600
1413039475	1000	2	1	1	6	0	0	1	0	1	0	0	0	0	0	0	16.50	14.00	1.934872	4.928645	4.335718	100.796402
1413039476	1000	1	0	1	2	0	0	0	0	0	0	0	0	0	0	0	16.50	14.25	1.935678	4.925421	4.334292	100.833405
1413039477	1000	0	0	0	1	0	0	0	0	0	0	0	0	0	0	0	16.50	14.00	1.931648	4.922198	4.327163	100.720680
1413039478	1000	2	0	0	0	0	0	0	0	0	0	0	0	0	0	0	16.50	14.25	1.933260	4.923810	4.331440	100.795776
1413039479	1000	1	3	0	0	0	0	0	0	0	0	0	0	0	0	0	16.50	14.25	1.934872	4.925421	4.312906	100.272087
1413039480	1000	0	2	0	2	0	0	0	0	1	0	0	0	0	0	0	16.50	14.25	1.935678	4.927033	4.332866	100.758789
1413039481	1000	0	0	0	0	0	0	0	0	0	0	0	0	0	0	0	16.50	14.25	1.936484	4.927033	4.335718	100.833603
1413039482	1000	2	3	3	2	1	0	0	0	0	1	0	0	0	0	0	16.50	14.25	1.934872	4.925421	4.314332	100.309509
1413039483	1000	2	0	2	2	0	0	1	0	0	0	0	0	0	0	0	16.50	14.25	1.934872	4.925421	4.334292	100.833405
1413039484	1000	0	0	0	0	0	0	0	0	0	0	0	0	0	0	0	16.50	14.25	1.936484	4.928645	4.312906	100.198051
1413039485	1000	2	2	0	0	0	0	0	0	0	0	0	0	0	0	0	17.00	14.25	1.936484	4.928645	4.334292	100.759003
1413039486	1000	0	0	0	0	0	0	0	0	0	0	0	0	0	0	0	17.00	14.25	1.937289	4.931868	4.334292	100.684692
1413039487	1000	0	1	1	0	0	0	0	0	0	0	0	0	0	0	0	17.00	14.25	1.936484	4.928645	4.257301	98.739578
1413039488	1000	0	0	1	0	0	0	0	0	0	0	0	0	0	0	0	17.00	14.25	1.937289	4.928645	4.338569	100.871193
1413039489	1000	1	0	0	1	0	0	0	0	0	0	0	0	0	0	0	17.00	14.25	1.938095	4.930256	4.337143	100.796600
1413039490	1000	1	0	1	1	0	0	0	0	0	0	0	0	0	0	0	17.00	14.25	1.938095	4.928645	4.334292	100.759003
1413039491	1000	0	2	1	1	0	0	0	0	0	0	0	0	0	0	0	17.00	14.25	1.939707	4.935091	4.337143	100.685188
1413039492	1000	1	1	0	0	0	0	0	0	0	0	0	0	0	0	0	17.00	14.25	1.938095	4.930256	4.315757	100.235840
1413039493	1000	3	0	2	0	0	0	0	0	0	0	0	0	0	0	0	17.00	14.25	1.938095	4.928645	4.337143	100.833801
1413039494	1000	1	0	0	1	0	0	1	0	0	0	0	0	0	0	0	17.00	14.25	1.937289	4.927033	4.335718	100.833603
1413039495	1000	1	1	1	0	0	0	0	0	0	0	0	0	0	0	0	17.00	14.25	1.939707	4.930256	4.337143	100.796600
1413039496	1000	1	0	0	0	0	0	0	0	0	0	0	0	0	0	0	17.00	14.25	1.938901	4.927033	4.334292	100.796196
1413039497	1000	1	1	0	0	0	0	0	0	0	0	0	0	0	0	0	17.00	14.25	1.937289	4.925421	4.332866	100.795990
1413039498	1000	1	1	1	1	0	0	0	1	1	1	0	0	0	1	0	17.00	14.25	1.939707	4.928645	4.337143	100.833801
1413039499	1000	1	3	1	1	0	0	1	1	0	0	0	0	0	0	0	17.00	14.25	1.938901	4.927033	4.331440	100.721375
1413039500	1000	3	1	1	0	0	0	0	1	0	0	0	0	0	0	0	17.00	14.25	1.940513	4.931868	4.317183	100.236237
1413039501	1000	0	1	2	1	0	0	0	1	0	0	0	0	0	0	0	17.00	14.25	1.940513	4.930256	4.335718	100.759224
1413039502	1000	0	0	2	2	0	0	0	0	0	1	0	0	0	0	0	17.00	14.25	1.941319	4.933480	4.335718	100.684944
1413039503	1000	0	2	1	1	0	0	0	0	0	1	0	0	0	0	0	17.00	14.25	1.938901	4.923810	4.328589	100.720901
1413039504	1000	0	0	1	1	0	0	0	0	0	0	0	0	0	0	0	17.00	14.25	1.939707	4.928645	4.335718	100.796402
1413039505	1000	2	1	0	1	1	0	0	0	0	0	0	0	0	0	0	17.00	14.25	1.941319	4.930256	4.331440	100.647064
1413039506	1000	0	0	1	0	0	0	0	0	0	0	0	0	0	0	0	17.00	14.25	1.940513	4.928645	4.332866	100.721603
1413039507	1000	0	1	0	0	0	0	0	0	0	0	0	0	0	0	0	17.00	14.25	1.940513	4.927033	4.330015	100.683968
1413039508	1000	0	0	0	1	0	0	0	0	0	0	0	0	0	0	0	17.00	14.25	1.941319	4.927033	4.311480	100.197647
1413039509	1000	0	1	0	0	0	0	0	0	0	0	0	0	0	0	0	17.00	14.25	1.941319	4.928645	4.335718	100.796402
1413039510	1000	2	0	0	0	0	0	0	0	0	0	0	0	0	0	0	17.00	14.25	1.942930	4.930256	4.338569	100.833992
1413039511	1000	1	1	1	1	0	0	1	1	0	0	0	0	0	0	0	17.00	14.25	1.943736	4.930256	4.335718	100.759224
1413039512	1000	1	2	1	1	1	1	1	1	1	1	1	1	1	1	1	17.00	14.25	1.942930	4.928645	4.325737	100.534615
1413039513	1000	0	0	0	1	0	0	0	0	0	0	0	0	0	0	0	17.00	14.25	1.941319	4.927033	4.315757	100.309875
1413039514	1000	1	0	0	0	0	0	0	0	0	0	0	0	0	0	0	17.00	14.25	1.941319	4.923810	4.338569	100.982948
1413039515	1000	1	0	1	0	0	0	0	0	0	0	0	0	0	0	0	17.00	14.25	1.942930	4.927033	4.334292	100.796196
1413039516	1000	1	2	0	1	0	0	1	0	0	0	0	0	0	0	0	17.00	14.25	1.945348	4.931868	4.337143	100.759445
1413039517	1000	0	1	1	0	0	0	0	1	0	0	0	0	0	0	0	17.00	14.25	1.945348	4.933480	4.341421	100.834389
1413039518	1000	0	2	2	1	0	0	0	1	1	1	0	0	0	1	0	17.00	14.25	1.945348	4.931868	4.339995	100.834183
1413039519	1000	2	0	0	0	0	0	0	0	0	0	0	0	0	0	0	17.00	14.25	1.945348	4.928645	4.315757	100.272850
1413039520	1000	2	1	1	1	0	0	0	1	0	0	0	0	0	0	0	17.00	14.25	1.945348	4.930256	4.337143	100.796600
1413039521	1000	2	0	0	4	0	0	1	0	0	0	0	0	0	0	0	17.00	14.25	1.945348	4.931868	4.339995	100.834183
1413039522	1000	0	1	0	1	0	0	0	0	0	0	0	0	0	0	0	17.00	14.25	1.946960	4.933480	4.339995	100.797020
1413039523	1000	0	2	4	1	0	0	0	2	0	0	0	0	0	0	0	17.00	14.25	1.947766	4.936703	4.342846	100.797440
1413039524	1000	0	1	1	1	0	0	0	1	0	0	0	0	0	0	0	17.00	14.25	1.945348	4.930256	4.317183	100.273224
1413039525	1000	1	0	2	2	0	0	0	0	0	1	0	0	0	0	0	17.00	14.25	1.943736	4.923810	4.337143	100.945511
1413039526	1000	0	0	0	1	0	0	0	0	0	0	0	0	0	0	0	17.00	14.25	1.945348	4.928645	4.335718	100.796402
1413039527	1000	2	1	1	1	0	0	0	0	0	0	0	0	0	0	0	17.00	14.25	1.946960	4.931868	4.339995	100.834183
1413039528	1000	0	0	0	0	0	0	0	0	0	0	0	0	0	0	0	17.00	14.25	1.947766	4.931868	4.320035	100.310974
1413039529	1000	1	1	0	0	0	0	0	0	0	0	0	0	0	0	0	17.00	14.25	1.946960	4.931868	4.315757	100.198868
1413039530	1000	2	0	0	1	0	0	0	0	0	0	0	0	0	0	0	17.00	14.25	1.946960	4.931868	4.339995	100.834183
1413039531	1000	0	0	2	2	0	0	0	0	0	1	0	0	0	0	0	17.00	14.25	1.948572	4.933480	4.341421	100.834389
1413039532	1000	0	0	1	0	0	0	0	0	0	0	0	0	0	0	0	17.00	14.50	1.948572	4.931868	4.337143	100.759445
1413039533	1000	0	0	1	0	0	0	0	0	0	0	0	0	0	0	0	17.00	14.25	1.949377	4.935091	4.339995	100.759872
1413039534	1000	2	2	2	1	0	0	1	0	0	0	0	0	0	0	0	17.00	14.25	1.946154	4.931868	4.337143	100.759445
1413039535	1000	1	1	2	0	0	0	0	0	0	0	0	0	0	0	0	17.00	14.25	1.946960	4.930256	4.335718	100.759224
1413039536	1000	1	2	1	2	0	0	0	0	0	1	0	0	0	0	0	17.00	14.50	1.948572	4.931868	4.341421	100.871559
1413039537	1000	0	3	2	0	0	0	0	1	0	0	0	0	0	0	0	17.00	14.50	1.948572	4.931868	4.315757	100.198868
1413039538	1000	1	1	1	1	0	0	1	0	0	0	0	0	0	0	0	17.00	14.50	1.950989	4.933480	4.341421	100.834389
1413039539	1000	1	0	2	1	0	0	1	0	0	0	0	0	0	0	0	17.00	14.50	1.950989	4.935091	4.342846	100.834572
1413039540	1000	0	0	0	2	0	0	0	0	0	0	0	0	0	0	0	17.00	14.50	1.950183	4.933480	4.320035	100.273987
1413039541	1000	0	0	0	1	0	0	0	0	0	0	0	0	0	0	0	17.00	14.50	1.950989	4.935091	4.342846	100.834572
1413039542	1000	1	0	1	0	0	0	0	0	0	0	0	0	0	0	0	17.00	14.50	1.950989	4.933480	4.334292	100.647583
1413039543	1000	0	1	1	0	0	0	0	0	0	0	0	0	0	0	0	17.00	14.50	1.950989	4.933480	4.338569	100.759666
1413039544	1000	0	2	2	0	0	0	0	1	0	0	0	0	0	0	0	17.00	14.50	1.951795	4.935091	4.338569	100.722542
1413039545	1000	2	0	1	2	0	0	1	0	0	0	0	0	0	0	0	17.00	14.50	1.950183	4.933480	4.321460	100.311340
1413039546	1000	1	2	1	2	0	0	1	1	0	0	0	0	0	0	0	17.00	14.50	1.951795	4.931868	4.339995	100.834183
1413039547	1000	0	0	0	0	0	0	0	0	0	0	0	0	0	0	0	17.00	14.50	1.952601	4.935091	4.342846	100.834572
1413039548	1000	0	1	1	1	0	0	0	0	0	0	0	0	0	0	0	17.00	14.50	1.951795	4.933480	4.341421	100.834389
1413039549	1000	1	1	0	0	0	0	0	0	0	0	0	0	0	0	0	17.00	14.50	1.950183	4.930256	4.338569	100.833992
1413039550	1000	2	0	1	0	0	0	0	0	0	0	0	0	0	0	0	17.00	14.50	1.952601	4.930256	4.322886	100.422760
1413039551	1000	2	1	0	2	0	0	1	0	0	0	0	0	0	0	0	17.00	14.50	1.951795	4.931868	4.339995	100.834183
1413039552	1000	0	0	0	0	0	0	0	0	0	0	0	0	0	0	0	17.00	14.50	1.952601	4.933480	4.339995	100.797020
1413039553	1000	0	4	2	1	0	0	0	1	1	1	0	0	0	1	0	17.00	14.50	1.954213	4.936703	4.341421	100.760109
1413039554	1000	2	1	0	0	0	0	0	0	0	0	0	0	0	0	0	17.00	14.50	1.953407	4.935091	4.342846	100.834572
1413039555	1000	0	1	0	1	0	0	0	0	0	0	0	0	0	0	0	17.00	14.50	1.955018	4.935091	4.339995	100.759872
1413039556	1000	0	0	1	1	0	0	0	0	0	1	0	0	0	0	0	17.00	14.50	1.952601	4.931868	4.337143	100.759445
1413039557	1000	3	2	2	2	0	0	1	1	0	0	0	0	0	0	0	17.00	14.50	1.955018	4.936703	4.339995	100.722763
1413039558	1000	0	1	2	0	0	0	0	0	0	0	0	0	0	0	0	17.00	14.50	1.955018	4.936703	4.344272	100.834770
1413039559	1000	0	2	1	2	0	0	0	0	0	0	0	0	0	0	0	17.00	14.50	1.955824	4.936703	4.339995	100.722763
1413039560	1000	1	2	0	3	0	0	1	0	1	0	0	0	0	0	0	17.00	14.50	1.954213	4.933480	4.338569	100.759666
1413039561	1000	2	1	0	2	0	0	0	0	0	0	0	0	0	0	0	17.00	14.50	1.955018	4.935091	4.317183	100.162315
1413039562	1000	0	0	0	0	0	0	0	0	0	0	0	0	0	0	0	17.00	14.50	1.954213	4.931868	4.341421	100.871559
1413039563	1000	2	2	1	1	0	0	0	1	0	0	0	0	0	0	0	17.00	14.50	1.955824	4.935091	4.342846	100.834572
1413039564	1000	1	1	0	0	0	0	0	0	0	0	0	0	0	0	0	17.00	14.50	1.955824	4.935091	4.342846	100.834572
1413039565	1000	0	0	2	1	0	0	0	0	0	0	0	0	0	0	0	17.00	14.50	1.955018	4.933480	4.338569	100.759666
1413039566	1000	0	1	0	0	0	0	0	0	0	0	0	0	0	0	0	17.00	14.50	1.956630	4.933480	4.320035	100.273987
1413039567	1000	1	0	1	0	0	0	0	0	0	0	0	0	0	0	0	17.00	14.50	1.955824	4.931868	4.335718	100.722076
1413039568	1000	1	2	0	2	0	0	1	0	0	0	0	0	0	0	0	17.00	14.50	1.957436	4.936703	4.341421	100.760109
1413039569	1000	1	1	2	1	0	1	0	0	0	1	0	0	0	0	0	17.00	14.50	1.957436	4.936703	4.341421	100.760109
1413039570	1000	0	0	2	1	0	0	0	0	0	0	0	0	0	0	0	17.00	14.50	1.956630	4.933480	4.341421	100.834389
1413039571	1000	2	0	3	2	0	0	1	0	0	0	0	0	0	0	0	17.00	14.50	1.955824	4.930256	4.322886	100.422760
1413039572	1000	0	3	1	1	0	0	0	1	1	0	0	0	0	0	0	17.00	14.50	1.957436	4.935091	4.345698	100.909271
1413039573	1000	1	0	1	1	0	0	1	0	0	0	0	0	0	0	0	17.00	14.50	1.958242	4.935091	4.345698	100.909271
1413039574	1000	0	0	1	0	0	0	0	0	0	0	0	0	0	0	0	17.00	14.50	1.959854	4.938315	4.322886	100.237793
1413039575	1000	2	0	1	2	0	0	1	0	0	0	0	0	0	0	0	17.00	14.50	1.959048	4.936703	4.342846	100.797440
1413039576	1000	0	0	0	1	0	0	0	0	0	0	0	0	0	0	0	17.00	14.50	1.960659	4.938315	4.345698	100.834969
1413039577	1000	1	2	1	1	0	1	0	0	0	0	0	0	0	0	0	17.00	14.50	1.959854	4.935091	4.321460	100.274368
1413039578	1000	0	0	0	1	0	0	0	0	0	0	0	0	0	0	0	17.00	14.50	1.959048	4.936703	4.342846	100.797440
1413039579	1000	0	0	0	0	0	0	0	0	0	0	0	0	0	0	0	17.00	14.50	1.959854	4.938315	4.344272	100.797653
1413039580	1000	1	1	0	1	0	0	0	0	0	0	0	0	0	0	0	17.00	14.50	1.960659	4.936703	4.342846	100.797440
1413039581	1000	1	5	0	2	1	0	1	0	1	0	0	1	0	0	0	17.00	14.50	1.960659	4.936703	4.341421	100.760109
1413039582	1000	0	0	1	1	0	0	0	0	0	1	0	0	0	0	0	17.00	14.50	1.959854	4.938315	4.371362	101.506798
1413039583	1000	0	1	1	0	0	0	0	0	0	0	0	0	0	0	0	17.00	14.50	1.959854	4.935091	4.342846	100.834572
1413039584	1000	0	1	0	0	0	0	0	0	0	0	0	0	0	0	0	17.00	14.50	1.961465	4.938315	4.344272	100.797653
1413039585	1000	0	0	1	1	0	0	0	0	0	0	0	0	0	0	0	17.00	14.50	1.959854	4.935091	4.341421	100.797234
1413039586	1000	0	1	1	0	0	0	0	0	0	0	0	0	0	0	0	17.00	14.50	1.960659	4.935091	4.341421	100.797234
1413039587	1000	1	2	1	1	0	1	0	0	0	0	0	0	0	0	0	17.00	14.50	1.961465	4.936703	4.321460	100.237411
1413039588	1000	0	2	0	0	0	0	0	0	0	0	0	0	0	0	0	17.00	14.50	1.959854	4.933480	4.341421	100.834389
1413039589	1000	1	1	1	0	0	0	0	0	0	0	0	0	0	0	0	17.00	14.50	1.962271	4.938315	4.342846	100.760323
1413039590	1000	0	1	0	1	0	0	0	0	0	0	0	0	0	0	0	17.00	14.50	1.961465	4.935091	4.342846	100.834572
1413039591	1000	1	0	0	0	0	0	0	0	0	0	0	0	0	0	0	17.00	14.50	1.962271	4.936703	4.341421	100.760109
1413039592	1000	1	2	1	0	1	0	0	0	0	0	0	0	0	0	0	17.00	14.50	1.959854	4.933480	4.341421	100.834389
1413039593	1000	1	1	0	0	0	0	0	0	0	0	0	0	0	0	0	17.00	14.75	1.961465	4.933480	4.338569	100.759666
1413039594	1000	1	1	0	2	0	0	1	0	0	0	0	0	0	0	0	17.00	14.50	1.960659	4.931868	4.337143	100.759445
1413039595	1000	1	0	0	0	0	0	0	0	0	0	0	0	0	0	0	17.00	14.50	1.962271	4.936703	4.342846	100.797440
1413039596	1000	0	1	1	0	0	0	0	0	0	0	0	0	0	0	0	17.00	14.75	1.964689	4.939927	4.344272	100.760544
1413039597	1000	0	0	0	2	0	0	0	0	0	0	0	0	0	0	0	17.50	14.50	1.964689	4.943151	4.342846	100.649101
1413039598	1000	1	2	1	0	0	1	0	0	0	0	0	0	0	0	0	17.00	14.75	1.963077	4.931868	4.320035	100.310974
1413039599	1000	0	0	1	0	0	0	0	0	0	0	0	0	0	0	0	17.50	14.75	1.963077	4.935091	4.345698	100.909271
1413039600	1000	0	1	2	0	0	0	0	0	0	0	0	0	0	0	0	17.00	14.75	1.963077	4.935091	4.341421	100.797234
1413039601	1000	1	1	0	2	0	0	1	0	0	0	0	0	0	0	0	17.50	14.75	1.965495	4.938315	4.345698	100.834969
1413039602	1000	0	1	0	1	0	0	0	0	0	0	0	0	0	0	0	17.50	14.75	1.966300	4.939927	4.344272	100.760544
1413039603	1000	0	0	1	0	0	0	0	0	0	0	0	0	0	0	0	17.50	14.75	1.964689	4.936703	4.345698	100.872101
1413039604	1000	1	0	0	1	0	0	0	0	0	0	0	0	0	0	0	17.50	14.75	1.962271	4.928645	4.320035	100.385033
1413039605	1000	1	1	2	1	0	0	0	1	0	1	0	0	0	0	0	17.50	14.75	1.965495	4.938315	4.344272	100.797653
1413039606	1000	0	1	0	1	0	0	0	0	0	0	0	0	0	0	0	17.50	14.75	1.964689	4.936703	4.344272	100.834770
1413039607	1000	1	1	1	0	0	0	0	0	0	0	0	0	0	0	0	17.50	14.75	1.965495	4.938315	4.341421	100.723000
1413039608	1000	1	2	2	1	0	0	1	1	0	0	0	0	0	0	0	17.50	14.75	1.967912	4.941538	4.348549	100.835350
1413039609	1000	1	0	0	1	0	0	0	0	0	0	0	0	0	0	0	17.50	14.75	1.967106	4.939927	4.342846	100.723221
1413039610	1000	0	1	0	0	0	0	0	0	0	0	0	0	0	0	0	17.50	14.75	1.965495	4.935091	4.342846	100.834572
1413039611	1000	0	0	1	0	0	0	0	0	0	0	0	0	0	0	0	17.50	14.75	1.965495	4.933480	4.339995	100.797020
1413039612	1000	1	1	2	0	0	0	0	1	0	0	0	0	0	0	0	17.50	14.75	1.967106	4.938315	4.344272	100.797653
1413039613	1000	0	1	0	0	0	0	0	0	0	0	0	0	0	0	0	17.50	14.75	1.967912	4.935091	4.344272	100.871933
1413039614	1000	1	0	0	0	0	0	0	0	0	0	0	0	0	0	0	17.50	14.75	1.964689	4.931868	4.354252	101.207901
1413039615	1000	1	0	0	1	0	0	0	0	0	0	0	0	0	0	0	17.50	14.75	1.967106	4.936703	4.344272	100.834770
1413039616	1000	0	0	1	0	0	0	0	0	0	0	0	0	0	0	0	17.50	14.75	1.969524	4.939927	4.347124	100.835167
1413039617	1000	0	2	3	0	0	0	0	1	0	0	0	0	0	0	0	17.50	14.75	1.968718	4.939927	4.344272	100.760544
1413039618	1000	0	0	0	1	0	0	0	0	0	0	0	0	0	0	0	17.50	14.75	1.967912	4.938315	4.341421	100.723000
1413039619	1000	1	0	1	1	0	0	1	0	0	0	0	0	0	0	0	17.50	14.75	1.969524	4.939927	4.332866	100.462051
1413039620	1000	0	0	0	0	0	0	0	0	0	0	0	0	0	0	0	17.50	14.75	1.967912	4.936703	4.344272	100.834770
1413039621	1000	1	2	1	0	0	0	0	1	0	0	0	0	0	0	0	17.50	14.75	1.968718	4.938315	4.345698	100.834969
1413039622	1000	0	1	0	1	0	0	0	0	0	0	0	0	0	0	0	17.50	14.75	1.970330	4.938315	4.344272	100.797653
1413039623	1000	0	0	0	0	0	0	0	0	0	0	0	0	0	0	0	17.50	14.75	1.970330	4.939927	4.344272	100.760544
1413039624	1000	0	1	1	0	0	0	0	0	0	0	0	0	0	0	0	17.50	14.75	1.970330	4.938315	4.328589	100.387093
1413039625	1000	0	0	0	1	0	0	0	0	0	0	0	0	0	0	0	17.50	14.75	1.970330	4.938315	4.347124	100.872292
1413039626	1000	0	2	1	1	0	0	0	0	0	0	0	0	0	0	0	17.50	14.75	1.969524	4.938315	4.344272	100.797653
1413039627	1000	0	1	1	1	0	0	0	0	0	0	0	0	0	0	0	17.50	14.75	1.972747	4.944762	4.348549	100.761185
1413039628	1000	0	1	1	1	0	0	0	1	0	0	0	0	0	0	0	17.50	14.75	1.970330	4.938315	4.344272	100.797653
1413039629	1000	1	1	2	0	1	0	0	0	0	0	0	0	0	0	0	17.50	14.75	1.970330	4.936703	4.344272	100.834770
1413039630	1000	0	0	0	0	0	0	0	0	0	0	0	0	0	0	0	17.50	14.75	1.968718	4.935091	4.345698	100.909271
1413039631	1000	1	0	0	3	0	0	1	0	0	0	0	0	0	0	0	17.50	14.75	1.972747	4.941538	4.347124	100.798058
1413039632	1000	0	0	0	0	0	0	0	0	0	0	0	0	0	0	0	17.50	14.75	1.972747	4.941538	4.330015	100.350471
1413039633	1000	0	1	1	0	0	0	0	1	0	0	0	0	0	0	0	17.50	14.75	1.973553	4.943151	4.347124	100.760971
1413039634	1000	3	1	0	0	1	0	0	0	0	0	0	0	0	0	0	17.50	14.75	1.973553	4.949597	4.349975	100.687370
1413039635	1000	1	1	1	2	1	1	0	1	0	0	1	0	0	0	0	17.50	14.75	1.972747	4.939927	4.328589	100.350121
1413039636	1000	2	0	0	1	0	0	1	0	0	0	0	0	0	0	0	17.50	14.75	1.971136	4.936703	4.342846	100.797440
1413039637	1000	2	0	1	0	0	0	0	0	0	0	0	0	0	0	0	17.50	14.75	1.972747	4.938315	4.345698	100.834969
1413039638	1000	0	1	0	0	0	0	0	0	0	0	0	0	0	0	0	17.50	14.75	1.974359	4.944762	4.351401	100.835732
1413039639	1000	0	0	0	0	0	0	0	0	0	0	0	0	0	0	0	17.50	14.75	1.974359	4.943151	4.348549	100.798256
1413039640	1000	1	0	0	0	0	0	0	0	0	0	0	0	0	0	0	17.50	14.75	1.974359	4.939927	4.317183	100.051628
1413039641	1000	0	1	1	1	0	0	0	0	0	0	0	0	0	0	0	17.50	14.75	1.971941	4.935091	4.344272	100.871933
1413039642	1000	0	0	0	1	0	0	0	0	0	0	0	0	0	0	0	17.50	14.75	1.972747	4.936703	4.342846	100.797440
1413039643	1000	0	0	1	0	0	0	0	0	0	0	0	0	0	0	0	17.50	14.75	1.974359	4.938315	4.344272	100.797653
1413039644	1000	2	2	0	0	0	0	0	0	0	0	0	0	0	0	0	17.50	14.75	1.974359	4.939927	4.347124	100.835167
1413039645	1000	0	2	0	0	0	0	0	0	0	0	0	0	0	0	0	17.50	14.75	1.973553	4.938315	4.345698	100.834969
1413039646	1000	0	0	1	0	0	0	0	0	0	0	0	0	0	0	0	17.50	14.75	1.971941	4.935091	4.339995	100.759872
1413039647	1000	0	0	0	0	0	0	0	0	0	0	0	0	0	0	0	17.50	14.75	1.973553	4.935091	4.342846	100.834572
1413039648	1000	1	1	0	1	0	0	1	0	0	0	0	0	0	0	0	17.50	14.75	1.975971	4.943151	4.347124	100.760971
1413039650	1000	0	0	0	1	0	0	0	0	0	0	0	0	0	0	0	17.50	14.75	1.975971	4.941538	4.348549	100.835350
1413039651	1000	3	1	0	2	1	0	1	0	0	0	0	0	0	0	0	17.50	15.00	1.975165	4.935091	4.344272	100.871933
1413039652	1000	2	0	0	2	0	0	1	0	0	0	0	0	0	0	0	17.50	14.75	1.973553	4.935091	4.342846	100.834572
1413039653	1000	0	0	0	1	0	0	0	0	0	0	0	0	0	0	0	17.50	14.75	1.975165	4.938315	4.345698	100.834969
1413039654	1000	0	0	0	0	0	0	0	0	0	0	0	0	0	0	0	17.50	15.00	1.975971	4.939927	4.344272	100.760544
1413039655	1000	0	0	0	0	0	0	0	0	0	0	0	0	0	0	0	17.50	15.00	1.976777	4.938315	4.344272	100.797653
1413039656	1000	2	1	1	2	0	0	0	1	0	0	0	0	0	0	0	17.50	15.00	1.978388	4.944762	4.348549	100.761185
1413039657	1000	1	2	0	0	0	0	0	0	0	0	0	0	0	0	0	17.50	15.00	1.979194	4.944762	4.325737	100.164795
1413039658	1000	1	1	0	1	0	0	0	0	0	0	0	0	0	0	0	17.50	15.00	1.975971	4.936703	4.342846	100.797440
1413039659	1000	0	0	0	2	0	0	0	0	0	0	0	0	0	0	0	17.50	15.00	1.976777	4.938315	4.347124	100.872292
1413039660	1000	0	0	0	1	0	0	0	0	0	0	0	0	0	0	0	17.50	15.00	1.978388	4.943151	4.348549	100.798256
1413039661	1000	1	0	1	0	0	0	0	0	0	0	0	0	0	0	0	17.50	15.00	1.978388	4.943151	4.327163	100.238953
1413039662	1000	1	0	0	0	0	0	0	0	0	0	0	0	0	0	0	17.50	15.00	1.977582	4.938315	5.815650	139.315704
1413039663	1000	2	0	0	1	0	0	1	0	0	0	0	0	0	0	0	17.50	15.00	1.975971	4.935091	4.344272	100.871933
1413039664	1000	1	2	2	1	0	0	0	0	0	0	0	0	0	0	0	17.50	15.00	1.979194	4.941538	4.347124	100.798058
1413039665	1000	0	1	3	2	0	0	0	1	0	0	0	0	0	0	0	17.50	15.00	1.980806	4.947986	4.351401	100.761627
1413039666	1000	0	0	0	1	0	0	0	0	0	0	0	0	0	0	0	17.50	15.00	1.980806	4.944762	4.349975	100.798462
1413039667	1000	1	0	0	0	0	0	0	0	0	0	0	0	0	0	0	17.50	15.00	1.980806	4.941538	4.324312	100.201271
1413039668	1000	1	0	2	0	0	0	0	0	0	0	0	0	0	0	0	17.50	15.00	1.980000	4.941538	4.349975	100.872658
1413039669	1000	2	0	1	0	0	0	0	0	0	0	0	0	0	0	0	17.50	15.00	1.980000	4.943151	4.347124	100.760971
1413039670	1000	1	0	1	3	0	0	0	0	0	0	0	0	0	0	0	17.50	15.00	1.981612	4.944762	4.345698	100.686630
1413039671	1000	1	2	0	0	1	0	0	0	0	0	0	0	0	0	0	17.50	15.00	1.983224	4.946374	4.352827	100.835930
1413039672	1000	1	0	2	2	0	0	0	0	0	2	0	0	0	0	0	17.50	15.00	1.982418	4.941538	4.349975	100.872658
1413039673	1000	1	1	0	0	0	0	0	0	0	0	0	0	0	0	0	17.50	15.00	1.982418	4.943151	4.327163	100.238953
1413039674	1000	1	0	1	1	0	0	1	0	0	0	0	0	0	0	0	17.50	15.00	1.979194	4.938315	4.347124	100.872292
1413039675	1000	1	0	1	0	0	0	0	0	0	0	0	0	0	0	0	17.50	15.00	1.981612	4.943151	4.348549	100.798256
1413039676	1000	1	1	1	1	0	0	0	1	1	1	0	0	0	1	0	17.50	15.00	1.982418	4.943151	4.347124	100.760971
1413039677	1000	0	1	1	0	0	0	0	0	0	0	0	0	0	0	0	17.50	15.00	1.983224	4.944762	4.349975	100.798462
1413039678	1000	0	0	0	1	0	0	0	0	0	0	0	0	0	0	0	17.50	15.00	1.981612	4.939927	4.213103	97.327888
1413039679	1000	1	0	0	0	0	0	0	0	0	0	0	0	0	0	0	17.50	15.00	1.981612	4.939927	4.348549	100.872475
1413039680	1000	1	1	2	0	0	0	0	0	0	0	0	0	0	0	0	17.50	15.00	1.982418	4.943151	4.349975	100.835548
1413039681	1000	0	0	1	0	0	0	0	0	0	0	0	0	0	0	0	17.50	15.00	1.982418	4.941538	4.348549	100.835350
1413039682	1000	1	1	0	1	0	0	1	0	0	0	0	0	0	0	0	17.50	15.00	1.983224	4.944762	4.349975	100.798462
1413039683	1000	1	4	1	0	1	0	0	1	0	0	0	0	0	0	0	17.50	15.00	1.984029	4.943151	4.330015	100.313522
1413039684	1000	1	3	2	0	0	0	0	1	0	0	0	0	0	0	0	17.50	15.00	1.984029	4.943151	4.352827	100.910110
1413039685	1000	2	1	2	0	0	0	0	0	0	0	0	0	0	0	0	17.50	15.00	1.984835	4.944762	4.348549	100.761185
1413039686	1000	2	2	2	0	0	1	0	1	0	0	0	0	0	0	0	17.50	15.00	1.984835	4.944762	4.349975	100.798462
1413039687	1000	0	1	1	1	0	0	0	0	0	0	0	0	0	0	0	17.50	15.00	1.984835	4.944762	4.348549	100.761185
1413039688	1000	1	1	1	3	0	0	0	0	1	1	0	0	0	0	0	17.50	15.00	1.984835	4.943151	4.348549	100.798256
1413039689	1000	0	0	0	0	0	0	0	0	0	0	0	0	0	0	0	17.50	15.00	1.984029	4.941538	4.349975	100.872658
1413039690	1000	0	0	1	0	0	0	0	0	0	0	0	0	0	0	0	17.50	15.00	1.984835	4.941538	4.347124	100.798058
1413039691	1000	2	3	0	1	0	0	1	0	0	0	0	0	0	0	0	17.50	15.00	1.985641	4.943151	4.347124	100.760971
1413039692	1000	0	0	0	1	0	0	0	0	0	0	0	0	0	0	0	17.50	15.00	1.986447	4.944762	4.351401	100.835732
1413039693	1000	1	1	2	3	0	1	1	1	0	1	0	0	1	0	0	17.50	15.00	1.984835	4.943151	4.347124	100.760971
1413039694	1000	1	1	0	2	0	0	0	0	0	0	0	0	0	0	0	17.50	15.00	1.985641	4.943151	4.317183	99.977936
1413039695	1000	1	0	0	0	0	0	0	0	0	0	0	0	0	0	0	17.50	15.00	1.984835	4.941538	4.348549	100.835350
1413039696	1000	2	0	0	0	0	0	0	0	0	0	0	0	0	0	0	17.50	15.00	1.986447	4.944762	4.349975	100.798462
1413039697	1000	1	0	2	4	0	0	1	0	0	2	0	0	0	0	0	17.50	15.00	1.986447	4.943151	4.349975	100.835548
1413039698	1000	0	2	1	0	0	0	0	0	0	0	0	0	0	0	0	17.50	15.00	1.987253	4.944762	4.328589	100.239342
1413039699	1000	1	1	1	2	0	0	0	0	0	1	0	0	0	0	0	17.50	15.00	1.986447	4.941538	4.328589	100.313171
1413039700	1000	2	0	0	1	0	0	0	0	0	0	0	0	0	0	0	17.50	15.00	1.985641	4.943151	4.349975	100.835548
1413039701	1000	1	0	0	0	0	0	0	0	0	0	0	0	0	0	0	17.50	15.00	1.986447	4.943151	4.348549	100.798256
1413039702	1000	0	1	1	0	0	0	0	0	0	0	0	0	0	0	0	17.50	15.00	1.988865	4.946374	4.354252	100.873192
1413039703	1000	0	2	1	2	0	0	0	0	0	0	0	0	0	0	0	17.50	15.00	1.988865	4.944762	4.351401	100.835732
1413039704	1000	0	0	0	0	0	0	0	0	0	0	0	0	0	0	0	17.50	15.00	1.987253	4.944762	4.348549	100.761185
1413039705	1000	5	4	2	1	1	1	1	1	0	0	0	0	0	0	0	17.50	15.00	1.987253	4.941538	4.348549	100.835350
1413039706	1000	1	2	2	1	0	0	1	0	0	0	0	0	0	0	0	17.50	15.00	1.988865	4.943151	4.351401	100.872833
1413039707	1000	1	1	0	0	1	0	0	0	0	0	0	0	0	0	0	17.50	15.00	1.988865	4.946374	4.331440	100.276993
1413039708	1000	0	0	1	1	0	0	0	0	0	0	0	0	0	0	0	17.50	15.00	1.989670	4.946374	4.352827	100.835930
1413039709	1000	2	0	2	0	0	0	0	0	0	0	0	0	0	0	0	17.50	15.00	1.990476	4.947986	4.349975	100.724380
1413039710	1000	0	1	0	0	0	0	0	0	0	0	0	0	0	0	0	17.50	15.25	1.990476	4.944762	4.362807	101.133957
1413039711	1000	0	1	0	0	0	0	0	0	0	0	0	0	0	0	0	17.50	15.25	1.988865	4.941538	4.351401	100.909950
1413039712	1000	1	1	4	1	0	0	1	1	0	0	0	0	0	0	0	17.50	15.25	1.991282	4.946374	4.354252	100.873192
1413039713	1000	0	0	0	1	0	0	0	0	0	0	0	0	0	0	0	17.50	15.25	1.991282	4.946374	4.347124	100.686874
1413039714	1000	0	0	0	0	0	0	0	0	0	0	0	0	0	0	0	17.50	15.25	1.991282	4.947986	4.351401	100.761627
1413039715	1000	1	0	0	0	0	0	0	0	0	0	0	0	0	0	0	17.50	15.25	1.992088	4.946374	4.332866	100.314255
1413039716	1000	2	0	3	1	0	0	0	0	0	0	0	0	0	0	0	17.50	15.25	1.991282	4.946374	4.351401	100.798660
1413039717	1000	0	0	0	0	0	0	0	0	0	0	0	0	0	0	0	17.50	15.25	1.992088	4.947986	4.354252	100.836128
1413039718	1000	1	2	0	0	0	0	0	0	0	0	0	0	0	0	0	18.00	15.25	1.992088	4.946374	4.352827	100.835930
1413039719	1000	0	0	1	1	0	0	0	0	0	0	0	0	0	0	0	17.50	15.25	1.992088	4.946374	4.351401	100.798660
1413039720	1000	0	0	1	0	0	0	0	0	0	0	0	0	0	0	0	18.00	15.25	1.992088	4.943151	4.369936	101.357574
1413039721	1000	2	0	0	0	0	0	0	0	0	0	0	0	0	0	0	18.00	15.25	1.990476	4.941538	4.348549	100.835350
1413039722	1000	1	0	0	2	0	0	0	0	0	0	0	0	0	0	0	18.00	15.25	1.992088	4.944762	4.349975	100.798462
1413039723	1000	0	0	1	1	0	0	0	0	0	0	0	0	0	0	0	18.00	15.25	1.994506	4.949597	4.357104	100.873573
1413039724	1000	0	0	1	0	0	0	0	0	0	0	0	0	0	0	0	18.00	15.25	1.994506	4.947986	4.354252	100.836128
1413039725	1000	2	0	0	1	0	0	1	0	0	0	0	0	0	0	0	18.00	15.25	1.994506	4.946374	4.351401	100.798660
1413039726	1000	2	2	1	1	1	0	1	1	1	0	0	1	0	0	0	18.00	15.25	1.993700	4.947986	4.355678	100.873375
1413039727	1000	1	0	0	1	0	0	0	0	0	0	0	0	0	0	0	18.00	15.25	1.993700	4.944762	4.349975	100.798462
1413039728	1000	1	1	0	0	0	0	0	0	0	0	0	0	0	0	0	18.00	15.25	1.993700	4.946374	4.354252	100.873192
1413039729	1000	1	1	1	0	0	0	0	1	0	0	0	0	0	0	0	18.00	15.25	1.993700	4.944762	4.348549	100.761185
1413039730	1000	0	2	1	0	0	0	0	0	0	0	0	0	0	0	0	18.00	15.25	1.994506	4.951209	4.348549	100.613152
1413039731	1000	1	1	0	0	0	0	0	0	0	0	0	0	0	0	0	18.00	15.25	1.995311	4.946374	4.318609	99.941628
1413039732	1000	1	0	1	1	0	0	0	0	0	0	0	0	0	0	0	18.00	15.25	1.992894	4.943151	4.347124	100.760971
1413039733	1000	0	0	0	0	0	0	0	0	0	0	0	0	0	0	0	18.00	15.25	1.994506	4.946374	4.349975	100.761406
1413039734	1000	1	2	1	0	0	0	0	1	0	0	0	0	0	0	0	18.00	15.25	1.996117	4.947986	4.352827	100.798874
1413039735	1000	1	1	2	0	0	0	0	1	0	0	0	0	0	0	0	18.00	15.25	1.996923	4.949597	4.328589	100.128792
1413039736	1000	2	1	2	0	1	1	0	1	0	0	1	0	0	0	0	18.00	15.25	1.996117	4.946374	4.337143	100.426041
1413039737	1000	4	0	1	0	0	0	0	0	0	0	0	0	0	0	0	18.00	15.25	1.994506	4.943151	4.348549	100.798256
1413039738	1000	0	1	0	1	0	0	0	0	0	0	0	0	0	0	0	18.00	15.25	1.995311	4.943151	4.352827	100.910110
1413039739	1000	2	0	0	0	0	0	0	0	0	0	0	0	0	0	0	18.00	15.25	1.996117	4.944762	4.348549	100.761185
1413039740	1000	1	0	0	2	0	0	1	0	0	0	0	0	0	0	0	18.00	15.25	1.996923	4.947986	4.354252	100.836128
1413039741	1000	1	0	0	1	0	0	0	0	0	0	0	0	0	0	0	18.00	15.25	1.997729	4.946374	4.337143	100.426041
1413039742	1000	2	0	1	0	0	0	0	0	0	0	0	0	0	0	0	18.00	15.25	1.996923	4.946374	4.358530	100.985001
1413039743	1000	0	1	0	1	0	0	0	0	0	0	0	0	0	0	0	18.00	15.25	1.996117	4.946374	4.351401	100.798660
1413039744	1000	0	0	0	1	0	0	0	0	0	0	0	0	0	0	0	18.00	15.25	1.997729	4.946374	4.355678	100.910461
1413039745	1000	1	1	0	0	1	0	0	0	0	0	0	0	0	0	0	18.00	15.25	2.000147	4.949597	4.355678	100.836327
1413039746	1000	0	1	0	0	0	0	0	0	0	0	0	0	0	0	0	18.00	15.25	1.999341	4.954432	4.352827	100.650887
1413039747	1000	0	0	1	1	0	0	0	0	0	0	0	0	0	0	0	18.00	15.25	1.996923	4.943151	4.331440	100.350807
1413039748	1000	0	0	0	0	0	0	0	0	0	0	0	0	0	0	0	18.00	15.25	1.996923	4.943151	4.348549	100.798256
1413039749	1000	0	1	0	2	0	0	0	0	0	0	0	0	0	0	0	18.00	15.25	1.998535	4.949597	4.352827	100.761848
1413039750	1000	0	1	1	0	0	0	0	1	0	0	0	0	0	0	0	18.00	15.25	1.999341	4.947986	4.354252	100.836128
1413039751	1000	0	0	0	1	0	0	0	0	0	0	0	0	0	0	0	18.00	15.25	2.000147	4.952821	4.354252	100.725060
1413039752	1000	0	0	2	0	0	0	0	0	0	0	0	0	0	0	0	18.00	15.25	2.000147	4.951209	4.331440	100.166443
1413039753	1000	2	0	0	2	0	0	1	0	0	0	0	0	0	0	0	18.00	15.25	2.000147	4.947986	4.355678	100.873375
1413039754	1000	3	1	1	2	0	0	2	1	0	0	0	0	0	0	0	18.00	15.25	2.000147	4.947986	4.351401	100.761627
1413039755	1000	1	0	0	0	0	0	0	0	0	0	0	0	0	0	0	18.00	15.50	2.001758	4.949597	4.355678	100.836327
1413039756	1000	1	0	0	0	0	0	0	0	0	0	0	0	0	0	0	18.00	15.25	2.000147	4.949597	4.335718	100.314980
1413039757	1000	2	0	2	1	0	0	0	0	0	0	0	0	0	0	0	18.00	15.50	2.000147	4.944762	4.331440	100.313881
1413039758	1000	1	1	2	1	0	1	0	1	0	0	0	0	0	0	0	18.00	15.25	1.999341	4.946374	4.354252	100.873192
1413039759	1000	0	0	2	1	0	0	0	0	0	0	0	0	0	0	0	18.00	15.25	2.000147	4.946374	4.349975	100.761406
1413039760	1000	3	3	1	1	0	0	1	1	0	0	0	0	0	0	0	18.00	15.50	2.002564	4.949597	4.352827	100.761848
1413039761	1000	0	1	1	0	0	0	0	0	0	0	0	0	0	0	0	18.00	15.50	2.000952	4.946374	4.351401	100.798660
1413039762	1000	3	0	0	2	0	0	2	0	0	0	0	0	0	0	0	18.00	15.25	2.000952	4.947986	4.352827	100.798874
1413039763	1000	0	0	1	0	0	0	0	0	0	0	0	0	0	0	0	18.00	15.50	2.001758	4.947986	4.355678	100.873375
1413039764	1000	0	1	1	0	0	0	0	1	0	0	0	0	0	0	0	18.00	15.50	2.002564	4.951209	4.355678	100.799294
1413039765	1000	2	0	0	2	0	0	0	0	0	0	0	0	0	0	0	18.00	15.50	2.003370	4.952821	4.331440	100.129639
1413039766	1000	0	2	0	1	0	0	0	0	0	0	0	0	0	0	0	18.00	15.50	2.003370	4.947986	4.354252	100.836128
1413039767	1000	2	2	2	1	0	1	1	1	0	1	0	0	1	0	0	18.00	15.50	2.004176	4.949597	4.355678	100.836327
1413039768	1000	0	2	0	0	0	0	0	0	0	0	0	0	0	0	0	18.00	15.50	2.004176	4.951209	4.332866	100.203667
1413039769	1000	0	0	1	0	0	0	0	0	0	0	0	0	0	0	0	18.00	15.50	2.004176	4.951209	4.358530	100.873756
1413039770	1000	1	0	0	0	0	0	0	0	0	0	0	0	0	0	0	18.00	15.50	2.004982	4.951209	4.358530	100.873756
1413039771	1000	0	1	1	1	0	0	0	1	0	0	0	0	0	0	0	18.00	15.50	2.002564	4.946374	4.348549	100.724144
1413039772	1000	1	1	0	1	0	0	1	0	0	0	0	0	0	0	0	18.00	15.50	2.004982	4.952821	4.357104	100.799515
1413039773	1000	1	0	0	0	0	0	0	0	0	0	0	0	0	0	0	18.00	15.50	2.004176	4.949597	4.335718	100.314980
1413039774	1000	1	0	1	0	0	0	0	0	0	0	0	0	0	0	0	18.00	15.50	2.004982	4.952821	4.359956	100.873932
1413039775	1000	0	2	0	0	0	0	0	0	0	0	0	0	0	0	0	18.00	15.50	2.006593	4.954432	4.357104	100.762512
1413039776	1000	1	2	3	3	0	0	1	0	0	1	0	0	0	0	0	18.00	15.50	2.004982	4.947986	4.351401	100.761627
1413039777	1000	1	1	1	0	0	0	0	1	0	0	0	0	0	0	0	18.00	15.50	2.005788	4.949597	4.341421	100.463936
1413039778	1000	1	0	0	0	0	0	0	0	0	0	0	0	0	0	0	18.00	15.50	2.004982	4.947986	4.338569	100.426369
1413039779	1000	1	0	1	1	0	0	1	0	0	0	0	0	0	0	0	18.00	15.50	2.004982	4.946374	4.354252	100.873192
1413039780	1000	1	0	1	0	0	1	0	0	0	0	0	0	0	0	0	18.00	15.50	2.005788	4.949597	4.355678	100.836327
1413039781	1000	2	0	0	2	0	0	1	0	0	0	0	0	0	0	0	18.00	15.50	2.006593	4.949597	4.355678	100.836327
1413039782	1000	0	1	2	0	0	0	0	1	0	0	0	0	0	0	0	18.00	15.50	2.007399	4.954432	4.357104	100.762512
1413039783	1000	0	2	2	0	0	0	0	2	0	0	0	0	0	0	0	18.00	15.50	2.008205	4.952821	4.355678	100.762276
1413039784	1000	1	3	1	1	1	0	0	0	0	0	0	0	0	0	0	18.00	15.50	2.004982	4.944762	4.355678	100.947571
1413039785	1000	1	0	1	1	0	0	0	0	0	0	0	0	0	0	0	18.00	15.50	2.006593	4.949597	4.352827	100.761848
1413039786	1000	0	0	1	0	0	0	0	0	0	0	0	0	0	0	0	18.00	15.50	2.006593	4.947986	4.352827	100.798874
1413039787	1000	1	1	0	1	0	0	0	0	0	0	0	0	0	0	0	18.00	15.50	2.007399	4.949597	4.355678	100.836327
1413039788	1000	1	0	0	0	0	0	0	0	0	0	0	0	0	0	0	18.00	15.50	2.007399	4.949597	4.354252	100.799080
1413039789	1000	0	2	0	0	0	0	0	0	0	0	0	0	0	0	0	18.00	15.50	2.006593	4.947986	4.332866	100.277367
1413039790	1000	0	1	1	2	0	0	0	0	0	0	0	0	0	0	0	18.00	15.50	2.006593	4.946374	4.354252	100.873192
1413039791	1000	1	1	0	0	0	0	0	0	0	0	0	0	0	0	0	18.00	15.50	2.009011	4.952821	4.358530	100.836723
1413039792	1000	1	1	0	2	0	0	0	0	1	0	0	0	0	0	0	18.00	15.50	2.007399	4.947986	4.352827	100.798874
1413039793	1000	0	0	0	0	0	0	0	0	0	0	0	0	0	0	0	18.00	15.50	2.008205	4.949597	4.334292	100.277748
1413039794	1000	1	1	1	0	0	1	0	0	0	0	0	0	0	0	0	18.00	15.50	2.009011	4.949597	4.344272	100.538414
1413039795	1000	1	0	0	1	0	0	1	0	0	0	0	0	0	0	0	18.00	15.50	2.008205	4.947986	4.355678	100.873375
1413039796	1000	1	1	1	3	0	0	1	0	0	1	0	0	0	0	0	18.00	15.50	2.009817	4.949597	4.355678	100.836327
1413039797	1000	0	0	1	0	0	0	0	0	0	0	0	0	0	0	0	18.00	15.50	2.009011	4.949597	4.355678	100.836327
1413039798	1000	3	0	0	0	0	0	0	0	0	0	0	0	0	0	0	18.00	15.50	2.008205	4.946374	4.351401	100.798660
1413039799	1000	2	1	0	0	0	0	0	0	0	0	0	0	0	0	0	18.00	15.50	2.009817	4.949597	4.355678	100.836327
1413039800	1000	0	1	1	0	0	0	0	1	0	0	0	0	0	0	0	18.00	15.50	2.008205	4.947986	4.355678	100.873375
1413039801	1000	1	0	0	0	0	0	0	0	0	0	0	0	0	0	0	18.00	15.50	2.010623	4.949597	4.358530	100.910805
1413039802	1000	0	0	0	0	0	0	0	0	0	0	0	0	0	0	0	18.00	15.50	2.010623	4.951209	4.361382	100.948212
1413039803	1000	1	2	1	0	0	0	0	1	0	0	0	0	0	0	0	18.00	15.50	2.009817	4.949597	4.355678	100.836327
1413039804	1000	0	2	0	0	0	0	0	0	0	0	0	0	0	0	0	18.00	15.50	2.009817	4.949597	4.352827	100.761848
1413039805	1000	2	2	2	1	1	1	0	0	0	0	0	0	0	0	0	18.00	15.50	2.010623	4.947986	4.337143	100.389114
1413039806	1000	0	0	0	0	0	0	0	0	0	0	0	0	0	0	0	18.00	15.50	2.009817	4.946374	4.355678	100.910461
1413039807	1000	1	0	0	1	0	0	0	0	0	0	0	0	0	0	0	18.00	15.50	2.010623	4.949597	4.354252	100.799080
1413039808	1000	2	0	1	1	0	0	1	0	0	0	0	0	0	0	0	18.00	15.50	2.013040	4.952821	4.359956	100.873932
1413039809	1000	2	2	0	0	1	0	0	0	0	0	0	0	0	0	0	18.00	15.50	2.013040	4.954432	4.355678	100.725296
1413039810	1000	0	0	1	0	0	0	0	0	0	0	0	0	0	0	0	18.00	15.50	2.012234	4.951209	4.339995	100.389793
1413039811	1000	0	0	0	1	0	0	0	0	0	0	0	0	0	0	0	18.00	15.50	2.010623	4.946374	4.351401	100.798660
1413039812	1000	0	1	0	1	0	0	0	0	0	0	0	0	0	0	0	18.00	15.50	2.013846	4.954432	4.357104	100.762512
1413039813	1000	1	1	1	1	0	0	0	0	0	0	0	0	0	0	0	18.00	15.50	2.013040	4.951209	4.355678	100.799294
1413039814	1000	2	1	0	1	0	0	0	0	0	0	0	0	0	0	0	18.00	15.50	2.014652	4.956045	4.337143	100.204849
1413039815	1000	0	0	0	1	0	0	0	0	0	0	0	0	0	0	0	18.00	15.50	2.013846	4.952821	4.345698	100.501770
1413039816	1000	0	0	0	0	0	0	0	0	0	0	0	0	0	0	0	18.00	15.50	2.013040	4.949597	4.355678	100.836327
1413039817	1000	2	2	0	0	0	0	0	0	0	0	0	0	0	0	0	18.00	15.50	2.014652	4.952821	4.355678	100.762276
1413039818	1000	0	2	0	1	0	0	0	0	0	0	0	0	0	0	0	18.00	15.50	2.015458	4.954432	4.357104	100.762512
1413039819	1000	1	0	0	1	0	0	0	0	0	0	0	0	0	0	0	18.00	15.50	2.015458	4.954432	4.361382	100.874115
1413039820	1000	2	1	0	1	1	0	0	0	0	0	0	0	0	0	0	18.00	15.75	2.016264	4.951209	4.359956	100.910973
1413039821	1000	1	4	3	0	1	0	0	2	0	0	0	0	0	0	0	18.00	15.50	2.013040	4.947986	4.357104	100.910645
1413039822	1000	2	2	1	1	0	0	1	1	0	0	0	0	0	0	0	18.00	15.50	2.013846	4.949597	4.357104	100.873573
1413039823	1000	1	0	1	3	0	0	1	0	0	0	0	0	0	0	0	18.00	15.75	2.015458	4.952821	4.357104	100.799515
1413039824	1000	3	0	0	1	0	0	1	0	0	0	0	0	0	0	0	18.00	15.50	2.013846	4.949597	4.354252	100.799080
1413039825	1000	0	1	0	0	0	0	0	0	0	0	0	0	0	0	0	18.00	15.75	2.015458	4.949597	4.354252	100.799080
1413039826	1000	1	1	2	0	0	0	0	1	0	0	0	0	0	0	0	18.00	15.75	2.015458	4.947986	4.334292	100.314613
1413039827	1000	1	0	2	2	0	0	0	0	0	1	0	0	0	0	0	18.00	15.75	2.013846	4.946374	4.352827	100.835930
1413039828	1000	0	1	1	1	0	0	0	0	0	1	0	0	0	0	0	18.00	15.75	2.017070	4.954432	4.358530	100.799713
1413039829	1000	0	1	1	0	0	0	0	0	0	0	0	0	0	0	0	18.00	15.75	2.016264	4.952821	4.355678	100.762276
1413039830	1000	0	1	0	0	0	0	0	0	0	0	0	0	0	0	0	18.00	15.75	2.017070	4.952821	4.349975	100.613419
1413039831	1000	0	1	1	1	0	0	0	1	0	0	0	0	0	0	0	18.00	15.75	2.017070	4.949597	4.371362	101.245949
1413039832	1000	1	0	0	0	0	0	0	0	0	0	0	0	0	0	0	18.00	15.75	2.016264	4.949597	4.357104	100.873573
1413039833	1000	0	2	0	0	0	0	0	0	0	0	0	0	0	0	0	18.00	15.75	2.017070	4.952821	4.357104	100.799515
1413039834	1000	0	3	1	0	0	0	0	0	0	0	0	0	0	0	0	18.00	15.75	2.017875	4.952821	4.358530	100.836723
1413039835	1000	1	1	1	0	1	0	0	0	0	0	0	0	0	0	0	18.00	15.75	2.017070	4.949597	4.355678	100.836327
1413039836	1000	0	0	1	0	0	0	0	0	0	0	0	0	0	0	0	18.00	15.75	2.014652	4.947986	4.351401	100.761627
1413039837	1000	1	5	1	1	1	0	1	0	1	0	0	1	0	0	0	18.50	15.75	2.018681	4.954432	4.358530	100.799713
1413039838	1000	0	0	1	0	0	0	0	0	0	0	0	0	0	0	0	18.50	15.75	2.019487	4.956045	4.361382	100.837090
1413039839	1000	0	1	1	0	0	0	0	1	0	0	0	0	0	0	0	18.00	15.75	2.020293	4.956045	4.357104	100.725525
1413039840	1000	1	0	1	1	0	0	0	0	0	1	0	0	0	0	0	18.50	15.75	2.017875	4.949597	4.355678	100.836327
1413039841	1000	0	2	0	0	0	0	0	0	0	0	0	0	0	0	0	18.50	15.75	2.017875	4.947986	4.354252	100.836128
1413039842	1000	0	1	1	0	0	0	0	0	0	0	0	0	0	0	0	18.50	15.75	2.020293	4.952821	4.385620	101.543800
1413039843	1000	1	0	0	0	0	0	0	0	0	0	0	0	0	0	0	18.50	15.75	2.019487	4.954432	4.361382	100.874115
1413039844	1000	0	1	1	1	0	0	0	0	0	0	0	0	0	0	0	18.50	15.75	2.020293	4.954432	4.357104	100.762512
1413039845	1000	1	0	0	0	0	0	0	0	0	0	0	0	0	0	0	18.50	15.75	2.019487	4.952821	4.358530	100.836723
1413039846	1000	2	0	1	2	0	0	2	0	0	0	0	0	0	0	0	18.50	15.75	2.020293	4.954432	4.355678	100.725296
1413039847	1000	0	0	1	1	0	0	0	0	0	0	0	0	0	0	0	18.50	15.75	2.018681	4.954432	4.335718	100.204468
1413039848	1000	0	0	1	0	0	0	0	0	0	0	0	0	0	0	0	18.50	15.75	2.018681	4.947986	4.357104	100.910645
1413039849	1000	0	0	0	0	0	0	0	0	0	0	0	0	0	0	0	18.50	15.75	2.019487	4.951209	4.355678	100.799294
1413039850	1000	0	0	0	0	0	0	0	0	0	0	0	0	0	0	0	18.50	15.75	2.020293	4.952821	4.355678	100.762276
1413039851	1000	0	0	0	1	0	0	0	0	0	0	0	0	0	0	0	18.50	15.75	2.021099	4.954432	4.338569	100.278870
1413039852	1000	0	0	0	0	0	0	0	0	0	0	0	0	0	0	0	18.50	15.75	2.021099	4.952821	4.339995	100.352913
1413039853	1000	0	0	2	0	0	0	0	0	0	0	0	0	0	0	0	18.50	15.75	2.021099	4.952821	4.354252	100.725060
1413039854	1000	0	0	0	1	0	0	0	0	0	0	0	0	0	0	0	18.50	15.75	2.021099	4.952821	4.361382	100.911148
1413039855	1000	0	1	2	0	0	0	0	1	0	0	0	0	0	0	0	18.50	15.75	2.022711	4.954432	4.358530	100.799713
1413039856	1000	0	0	0	0	0	0	0	0	0	0	0	0	0	0	0	18.50	15.75	2.022711	4.952821	4.358530	100.836723
1413039857	1000	0	1	1	1	0	0	0	0	1	0	0	0	0	0	0	18.50	15.75	2.022711	4.951209	4.355678	100.799294
1413039858	1000	0	2	2	0	0	0	0	1	0	0	0	0	0	0	0	18.50	15.75	2.021099	4.949597	4.355678	100.836327
1413039859	1000	1	1	1	0	0	0	0	0	0	0	0	0	0	0	0	18.50	15.75	2.025128	4.957656	4.362807	100.837303
1413039860	1000	0	1	0	3	0	0	0	0	0	0	0	0	0	0	0	18.50	15.75	2.023517	4.956045	4.358530	100.762711
1413039861	1000	0	0	1	0	0	0	0	0	0	0	0	0	0	0	0	18.50	15.75	2.023517	4.952821	4.361382	100.911148
1413039862	1000	2	1	3	0	0	0	0	1	0	0	0	0	0	0	0	18.50	15.75	2.025128	4.947986	4.364233	101.096893
1413039863	1000	1	2	2	1	0	0	0	0	0	1	0	0	0	0	0	18.50	15.75	2.025934	4.954432	4.405580	102.027397
1413039864	1000	2	1	0	0	0	0	0	0	0	0	0	0	0	0	0	18.50	15.75	2.023517	4.952821	4.361382	100.911148
1413039865	1000	1	1	0	0	0	0	0	0	0	0	0	0	0	0	0	18.50	15.75	2.026740	4.959268	4.364233	100.837486
1413039866	1000	1	1	2	0	0	0	0	1	0	0	0	0	0	0	0	18.50	15.75	2.025128	4.957656	4.359956	100.762932
1413039867	1000	1	1	0	1	0	0	0	0	1	0	0	0	0	0	0	18.50	15.75	2.025934	4.959268	4.361382	100.763153
1413039868	1000	2	0	1	2	0	0	0	0	0	0	0	0	0	0	0	18.50	15.75	2.025128	4.956045	4.398451	101.804047
1413039869	1000	0	1	1	0	0	0	0	1	0	0	0	0	0	0	0	18.50	15.75	2.024323	4.954432	4.358530	100.799713
1413039870	1000	1	4	0	2	0	0	0	0	0	0	0	0	0	0	0	18.50	15.75	2.025128	4.952821	4.359956	100.873932
1413039871	1000	0	0	1	2	0	0	0	0	0	0	0	0	0	0	0	18.50	15.75	2.024323	4.952821	4.358530	100.836723
1413039872	1000	0	0	0	1	0	0	0	0	0	0	0	0	0	0	0	18.50	15.75	2.025934	4.954432	4.358530	100.799713
1413039873	1000	0	1	4	0	0	0	0	1	0	0	0	0	0	0	0	18.50	15.75	2.025128	4.956045	4.359956	100.799904
1413039874	1000	1	1	1	0	0	0	0	0	0	0	0	0	0	0	0	18.50	15.75	2.025934	4.956045	4.361382	100.837090
1413039875	1000	0	1	0	1	0	0	0	0	0	0	0	0	0	0	0	18.50	15.75	2.027546	4.957656	4.357104	100.688576
1413039876	1000	0	2	0	0	0	0	0	0	0	0	0	0	0	0	0	18.50	15.75	2.028352	4.959268	4.364233	100.837486
1413039877	1000	0	0	1	1	0	0	0	0	0	0	0	0	0	0	0	18.50	15.75	2.028352	4.957656	4.361382	100.800117
1413039878	1000	1	1	3	1	0	0	0	0	1	0	0	0	0	0	0	18.50	16.00	2.028352	4.954432	4.357104	100.762512
1413039879	1000	0	0	0	1	0	0	0	0	0	0	0	0	0	0	0	18.50	15.75	2.025934	4.952821	4.364233	100.985580
1413039880	1000	0	2	2	1	0	0	0	1	0	1	0	0	0	0	0	18.50	15.75	2.026740	4.952821	4.358530	100.836723
1413039881	1000	0	0	0	1	0	0	0	0	0	0	0	0	0	0	0	18.50	15.75	2.028352	4.956045	4.361382	100.837090
1413039882	1000	2	0	0	0	0	0	0	0	0	0	0	0	0	0	0	18.50	16.00	2.029158	4.956045	4.361382	100.837090
1413039883	1000	1	2	0	0	0	0	0	0	0	0	0	0	0	0	0	18.50	15.75	2.029963	4.959268	4.359956	100.725983
1413039884	1000	1	1	2	0	0	0	0	0	0	0	0	0	0	0	0	18.50	15.75	2.029963	4.959268	4.342846	100.279976
1413039885	1000	0	3	1	0	0	0	0	1	0	0	0	0	0	0	0	18.50	16.00	2.027546	4.951209	4.358530	100.873756
1413039886	1000	2	2	0	1	1	0	1	0	0	0	0	0	0	0	0	18.50	16.00	2.027546	4.951209	4.355678	100.799294
1413039887	1000	1	0	0	1	0	0	0	0	0	0	0	0	0	0	0	18.50	16.00	2.029963	4.957656	4.362807	100.837303
1413039888	1000	3	1	0	1	0	0	0	0	0	0	0	0	0	0	0	18.50	16.00	2.029158	4.954432	4.355678	100.725296
1413039889	1000	2	2	0	1	0	0	0	0	0	0	0	0	0	0	0	18.50	16.00	2.029963	4.954432	4.388471	101.580971
1413039890	1000	1	0	1	0	0	1	0	0	0	0	0	0	0	0	0	18.50	16.00	2.030769	4.957656	4.362807	100.837303
1413039891	1000	2	1	1	1	0	0	1	0	0	0	0	0	0	0	0	18.50	16.00	2.029158	4.954432	4.355678	100.725296
1413039892	1000	0	0	0	0	0	0	0	0	0	0	0	0	0	0	0	18.50	16.00	2.029963	4.956045	4.359956	100.799904
1413039893	1000	0	0	1	1	0	0	0	0	0	0	0	0	0	0	0	18.50	16.00	2.031575	4.959268	4.364233	100.837486
1413039894	1000	3	2	0	1	0	0	1	0	0	0	0	0	0	0	0	18.50	16.00	2.028352	4.954432	4.362807	100.911324
1413039895	1000	1	1	1	1	0	0	1	0	0	0	0	0	0	0	0	18.50	16.00	2.030769	4.954432	4.359956	100.836906
1413039896	1000	3	0	1	0	0	0	0	0	0	0	0	0	0	0	0	18.50	16.00	2.032381	4.959268	4.362807	100.800323
1413039897	1000	0	2	0	2	0	0	0	0	0	0	0	0	0	0	0	18.50	16.00	2.032381	4.960880	4.359956	100.689056
1413039898	1000	1	0	1	2	0	0	0	0	0	1	0	0	0	0	0	18.50	16.00	2.033187	4.959268	4.364233	100.837486
1413039899	1000	0	0	1	1	0	0	0	0	0	0	0	0	0	0	0	18.50	16.00	2.033187	4.957656	4.362807	100.837303
1413039900	1000	1	0	0	1	0	0	0	0	0	0	0	0	0	0	0	18.50	16.00	2.033187	4.957656	4.243044	97.714333
1413039901	1000	0	1	1	0	0	0	0	1	0	0	0	0	0	0	0	18.50	16.00	2.030769	4.954432	4.361382	100.874115
1413039902	1000	2	0	0	1	0	0	0	0	0	0	0	0	0	0	0	18.50	16.00	2.031575	4.951209	4.358530	100.873756
1413039903	1000	1	0	0	0	0	0	0	0	0	0	0	0	0	0	0	18.50	16.00	2.032381	4.956045	4.359956	100.799904
1413039904	1000	0	1	0	0	0	0	0	0	0	0	0	0	0	0	0	18.50	16.00	2.033993	4.957656	4.361382	100.800117
1413039905	1000	0	1	0	0	0	0	0	0	0	0	0	0	0	0	0	18.50	16.00	2.032381	4.954432	4.347124	100.502083
1413039906	1000	2	4	0	0	0	0	0	0	0	0	0	0	0	0	0	18.50	16.00	2.031575	4.952821	4.357104	100.799515
1413039907	1000	1	0	1	1	0	0	0	0	0	0	0	0	0	0	0	18.50	16.00	2.033993	4.957656	4.359956	100.762932
1413039908	1000	1	1	3	0	0	1	0	1	0	0	0	0	0	0	0	18.50	16.00	2.034799	4.959268	4.364233	100.837486
1413039909	1000	1	2	3	0	1	1	0	2	0	0	1	0	0	0	0	18.50	16.00	2.035604	4.959268	4.362807	100.800323
1413039910	1000	2	0	0	0	0	0	0	0	0	0	0	0	0	0	0	18.50	16.00	2.035604	4.959268	4.347124	100.391479
1413039911	1000	0	0	1	0	0	0	0	0	0	0	0	0	0	0	0	18.50	16.00	2.033187	4.956045	4.358530	100.762711
1413039912	1000	0	3	1	1	0	0	0	0	1	0	0	0	0	0	0	18.50	16.00	2.033993	4.956045	4.362807	100.874283
1413039913	1000	1	1	0	2	0	0	1	0	0	0	0	0	0	0	0	18.50	16.00	2.035604	4.959268	4.359956	100.725983
1413039914	1000	1	2	1	2	0	0	1	0	0	0	0	0	0	0	0	18.50	16.00	2.035604	4.957656	4.364233	100.874474
1413039915	1000	0	0	1	2	0	0	0	0	0	0	0	0	0	0	0	18.50	16.00	2.035604	4.957656	4.362807	100.837303
1413039916	1000	2	3	1	0	0	0	0	1	0	0	0	0	0	0	0	18.50	16.00	2.032381	4.949597	4.362807	101.022530
1413039917	1000	1	3	2	0	0	0	0	1	0	0	0	0	0	0	0	18.50	16.00	2.035604	4.957656	4.361382	100.800117
1413039918	1000	1	0	0	2	0	0	1	0	0	0	0	0	0	0	0	18.50	16.00	2.035604	4.957656	4.339995	100.242424
1413039920	1000	0	0	0	1	0	0	0	0	0	0	0	0	0	0	0	18.50	16.00	2.036410	4.957656	4.364233	100.874474
1413039921	1000	0	0	0	1	0	0	0	0	0	0	0	0	0	0	0	18.50	16.00	2.036410	4.959268	4.362807	100.800323
1413039922	1000	0	2	0	0	0	0	0	0	0	0	0	0	0	0	0	18.50	16.00	2.035604	4.954432	4.391323	101.655373
1413039923	1000	2	0	0	1	0	0	0	0	0	0	0	0	0	0	0	18.50	16.00	2.036410	4.957656	4.362807	100.837303
1413039924	1000	1	0	0	1	0	0	1	0	0	0	0	0	0	0	0	18.50	16.00	2.037216	4.957656	4.362807	100.837303
1413039925	1000	0	1	1	1	0	0	0	0	0	0	0	0	0	0	0	18.50	16.00	2.038022	4.960880	4.361382	100.726219
1413039926	1000	0	1	2	0	0	0	0	1	0	0	0	0	0	0	0	18.50	16.00	2.038828	4.962492	4.364233	100.763588
1413039927	1000	0	0	0	0	0	0	0	0	0	0	0	0	0	0	0	18.50	16.00	2.039634	4.962492	4.338569	100.095024
1413039928	1000	2	1	0	2	0	0	0	0	0	0	0	0	0	0	0	18.50	16.00	2.038022	4.957656	4.367085	100.948822
1413039929	1000	0	3	0	1	0	0	0	0	0	0	0	0	0	0	0	18.50	16.00	2.038828	4.960880	4.368510	100.911987
1413039930	1000	1	0	0	0	0	0	0	0	0	0	0	0	0	0	0	18.50	16.00	2.038828	4.959268	4.365659	100.874641
1413039931	1000	1	0	0	1	0	0	0	0	0	0	0	0	0	0	0	18.50	16.00	2.041245	4.964103	4.367085	100.800926
1413039932	1000	2	0	1	0	0	1	0	0	0	0	0	0	0	0	0	18.50	16.00	2.040440	4.960880	4.367085	100.874832
1413039933	1000	1	0	0	0	0	0	0	0	0	0	0	0	0	0	0	18.50	16.00	2.038022	4.956045	4.361382	100.837090
1413039934	1000	0	0	0	1	0	0	0	0	0	0	0	0	0	0	0	18.50	16.00	2.038022	4.956045	4.362807	100.874283
1413039935	1000	0	0	0	1	0	0	0	0	0	0	0	0	0	0	0	18.50	16.00	2.039634	4.959268	4.365659	100.874641
1413039936	1000	1	1	0	1	0	0	0	0	0	0	0	0	0	0	0	18.50	16.00	2.038828	4.956045	4.359956	100.799904
1413039937	1000	1	1	1	1	0	0	0	0	0	0	0	0	0	0	0	18.50	16.25	2.042051	4.954432	4.364233	100.948517
1413039938	1000	0	4	0	0	0	0	0	0	0	0	0	0	0	0	0	18.50	16.00	2.040440	4.957656	4.341421	100.279610
1413039939	1000	0	0	2	1	0	0	0	0	0	1	0	0	0	0	0	18.50	16.00	2.039634	4.957656	4.362807	100.837303
1413039940	1000	1	0	1	1	0	1	0	0	0	0	0	0	0	0	0	18.50	16.00	2.041245	4.962492	4.365659	100.800720
1413039941	1000	4	1	0	2	1	0	1	0	1	0	0	1	0	0	0	18.50	16.00	2.041245	4.960880	4.364233	100.800522
1413039942	1000	0	0	0	0	0	0	0	0	0	0	0	0	0	0	0	18.50	16.00	2.041245	4.960880	4.364233	100.800522
1413039943	1000	1	1	0	0	0	0	0	0	0	0	0	0	0	0	0	18.50	16.00	2.041245	4.957656	4.344272	100.353966
1413039944	1000	0	1	1	0	0	0	0	0	0	0	0	0	0	0	0	18.50	16.00	2.040440	4.956045	4.359956	100.799904
1413039945	1000	0	0	2	0	0	0	0	0	0	0	0	0	0	0	0	18.50	16.00	2.041245	4.959268	4.362807	100.800323
1413039946	1000	1	0	1	1	0	0	0	0	0	0	0	0	0	0	0	18.50	16.00	2.041245	4.957656	4.362807	100.837303
1413039947	1000	1	1	2	3	0	0	0	1	0	1	0	0	0	0	0	18.50	16.00	2.042857	4.960880	4.362807	100.763374
1413039948	1000	0	1	1	2	0	0	0	0	0	0	0	0	0	0	0	18.50	16.25	2.042857	4.959268	4.345698	100.354309
1413039949	1000	0	1	0	2	0	0	0	0	0	0	0	0	0	0	0	18.50	16.25	2.042051	4.957656	4.365659	100.911644
1413039950	1000	0	0	0	1	0	0	0	0	0	0	0	0	0	0	0	18.50	16.00	2.042051	4.959268	4.359956	100.725983
1413039951	1000	0	1	3	0	0	0	0	0	0	0	0	0	0	0	0	18.50	16.25	2.041245	4.956045	4.355678	100.688332
1413039952	1000	0	0	0	2	0	0	0	0	0	0	0	0	0	0	0	18.50	16.25	2.041245	4.956045	4.359956	100.799904
1413039953	1000	0	1	0	0	0	0	0	0	0	0	0	0	0	0	0	18.50	16.25	2.042051	4.957656	4.351401	100.539856
1413039954	1000	2	0	0	0	0	0	0	0	0	0	0	0	0	0	0	18.50	16.25	2.041245	4.954432	4.361382	100.874115
1413039955	1000	1	0	0	3	0	0	0	0	0	0	0	0	0	0	0	18.50	16.25	2.044469	4.960880	4.365659	100.837669
1413039956	1000	1	3	1	1	1	0	0	1	1	0	0	0	0	0	0	18.50	16.25	2.043663	4.959268	4.359956	100.725983
1413039957	1000	1	2	3	1	0	0	1	2	0	0	0	0	0	0	0	18.50	16.25	2.044469	4.960880	4.365659	100.837669
1413039958	1000	1	2	0	1	0	0	0	0	0	0	0	0	0	0	0	18.50	16.25	2.042857	4.956045	4.358530	100.762711
1413039959	1000	1	0	3	2	0	0	1	0	0	0	0	0	0	0	0	18.50	16.25	2.044469	4.957656	4.341421	100.279610
1413039960	1000	3	2	1	2	0	0	2	0	0	0	0	0	0	0	0	18.50	16.25	2.042051	4.952821	4.359956	100.873932
1413039961	1000	0	1	1	2	0	0	0	1	0	0	0	0	0	0	0	18.50	16.25	2.045275	4.959268	4.365659	100.874641
1413039962	1000	1	1	0	0	0	0	0	0	0	0	0	0	0	0	0	18.50	16.25	2.045275	4.959268	4.365659	100.874641
1413039963	1000	0	0	1	0	0	0	0	0	0	0	0	0	0	0	0	19.00	16.25	2.045275	4.959268	4.362807	100.800323
1413039964	1000	1	0	0	0	0	0	0	0	0	0	0	0	0	0	0	18.50	16.25	2.043663	4.957656	4.337143	100.168068
1413039965	1000	0	0	1	0	0	0	0	0	0	0	0	0	0	0	0	18.50	16.25	2.044469	4.954432	4.362807	100.911324
1413039966	1000	3	0	0	3	0	0	2	0	0	0	0	0	0	0	0	19.00	16.25	2.046081	4.960880	4.364233	100.800522
1413039967	1000	0	0	0	1	0	0	0	0	0	0	0	0	0	0	0	19.00	16.25	2.046886	4.960880	4.364233	100.800522
1413039968	1000	0	0	2	0	0	0	0	0	0	0	0	0	0	0	0	19.00	16.25	2.046081	4.959268	4.362807	100.800323
1413039969	1000	2	0	0	0	0	0	0	0	0	0	0	0	0	0	0	19.00	16.25	2.046081	4.960880	4.344272	100.280357
1413039970	1000	1	0	1	0	0	0	0	0	0	0	0	0	0	0	0	19.00	16.25	2.043663	4.951209	4.359956	100.910973
1413039971	1000	0	1	0	0	0	0	0	0	0	0	0	0	0	0	0	19.00	16.25	2.046081	4.957656	4.362807	100.837303
1413039972	1000	0	0	0	0	0	0	0	0	0	0	0	0	0	0	0	19.00	16.25	2.046886	4.959268	4.364233	100.837486
1413039973	1000	0	1	1	1	0	0	0	0	0	1	0	0	0	0	0	19.00	16.25	2.047692	4.960880	4.362807	100.763374
1413039974	1000	1	1	0	0	0	0	0	0	0	0	0	0	0	0	0	19.00	16.25	2.050916	4.964103	4.368510	100.838066
1413039975	1000	0	0	0	0	0	0	0	0	0	0	0	0	0	0	0	19.00	16.25	2.049304	4.962492	4.241618	97.569397
1413039976	1000	1	0	0	1	0	0	1	0	0	0	0	0	0	0	0	19.00	16.25	2.047692	4.960880	4.365659	100.837669
1413039977	1000	2	0	0	1	0	0	1	0	0	0	0	0	0	0	0	19.00	16.25	2.049304	4.964103	4.364233	100.726677
1413039978	1000	0	1	0	0	0	0	0	0	0	0	0	0	0	0	0	19.00	16.25	2.049304	4.962492	4.367085	100.837868
1413039979	1000	0	0	1	1	0	0	0	0	0	0	0	0	0	0	0	19.00	16.25	2.046886	4.959268	4.361382	100.763153
1413039980	1000	0	2	0	0	0	0	0	0	0	0	0	0	0	0	0	19.00	16.25	2.046886	4.960880	4.342846	100.243202
1413039981	1000	1	1	2	0	0	0	0	1	0	0	0	0	0	0	0	19.00	16.25	2.047692	4.957656	4.361382	100.800117
1413039982	1000	1	1	1	1	0	0	0	0	0	0	0	0	0	0	0	19.00	16.25	2.049304	4.960880	4.364233	100.800522
1413039983	1000	0	2	0	1	0	0	0	0	0	0	0	0	0	0	0	19.00	16.25	2.049304	4.959268	4.364233	100.837486
1413039984	1000	1	0	1	1	0	0	0	0	0	0	0	0	0	0	0	19.00	16.25	2.050110	4.960880	4.345698	100.317505
1413039985	1000	0	0	1	0	0	0	0	0	0	0	0	0	0	0	0	19.00	16.25	2.050916	4.960880	4.342846	100.243202
1413039986	1000	1	1	0	0	0	0	0	0	0	0	0	0	0	0	0	19.00	16.25	2.050110	4.960880	4.362807	100.763374
1413039987	1000	1	0	1	2	0	0	1	0	0	1	0	0	0	0	0	19.00	16.25	2.050916	4.964103	4.368510	100.838066
1413039988	1000	1	1	0	2	0	0	0	0	0	0	0	0	0	0	0	19.00	16.25	2.049304	4.960880	4.364233	100.800522
1413039989	1000	1	1	0	1	0	0	0	0	0	0	0	0	0	0	0	19.00	16.25	2.050916	4.962492	4.368510	100.875015
1413039990	1000	0	1	1	0	0	0	0	1	0	0	0	0	0	0	0	19.00	16.25	2.050916	4.960880	4.347124	100.354668
1413039991	1000	3	2	1	1	1	0	0	0	0	0	0	0	0	0	0	19.00	16.25	2.049304	4.956045	4.362807	100.874283
1413039992	1000	0	0	1	2	0	0	0	0	0	0	0	0	0	0	0	19.00	16.25	2.050916	4.960880	4.368510	100.911987
1413039993	1000	2	0	0	2	0	0	1	0	0	0	0	0	0	0	0	19.00	16.25	2.051722	4.960880	4.342846	100.243202
1413039994	1000	1	0	2	1	0	0	1	0	0	0	0	0	0	0	0	19.00	16.25	2.051722	4.962492	4.368510	100.875015
1413039995	1000	0	1	0	0	0	0	0	0	0	0	0	0	0	0	0	19.00	16.25	2.053334	4.959268	4.365659	100.874641
