quad V2.5
time	int	cnt1	cnt2	cnt3	cnt4	1&2	1&3	1&4	2&3	2&4	3&4	1&2&3	1&2&4	1&3&4	2&3&4	1&2&3&4	digTemp	temp	adct	adcr	adcp	pressure
1413029116	1000	1	0	0	2	0	0	1	0	0	0	0	0	0	0	0	26.00	23.75	2.521539	5.192967	4.230212	92.381332
1413029117	1000	1	0	1	0	0	1	0	0	0	0	0	0	0	0	0	26.00	23.75	2.519927	5.192967	4.230212	92.381332
1413029118	1000	1	1	0	0	1	0	0	0	0	0	0	0	0	0	0	26.00	23.75	2.519927	5.188132	4.204548	91.839981
1413029119	1000	0	0	0	0	0	0	0	0	0	0	0	0	0	0	0	26.00	23.75	2.521539	5.192967	4.223083	92.203850
1413029120	1000	0	1	2	1	0	0	0	1	0	0	0	0	0	0	0	26.00	23.75	2.521539	5.194579	4.218806	92.064781
1413029121	1000	0	0	1	1	0	0	0	0	0	1	0	0	0	0	0	26.00	23.75	2.520733	5.192967	4.218806	92.097366
1413029122	1000	4	3	0	0	2	0	0	0	0	0	0	0	0	0	0	26.00	23.75	2.519927	5.192967	4.213103	91.955399
1413029123	1000	1	1	1	0	0	0	0	1	0	0	0	0	0	0	0	26.00	23.75	2.522345	5.194579	4.214529	91.958336
1413029124	1000	2	1	1	1	1	1	1	1	0	0	1	0	0	0	0	26.00	23.75	2.515898	5.186521	4.208826	91.979156
1413029125	1000	0	0	0	0	0	0	0	0	0	0	0	0	0	0	0	26.00	23.75	2.516704	5.189744	4.201697	91.736420
1413029126	1000	0	1	2	2	0	0	0	0	1	0	0	0	0	0	0	26.00	23.75	2.519927	5.191356	4.203123	91.739441
1413029127	1000	0	0	0	0	0	0	0	0	0	0	0	0	0	0	0	26.00	23.75	2.519121	5.191356	4.200271	91.668427
1413029128	1000	0	0	0	0	0	0	0	0	0	0	0	0	0	0	0	26.00	23.75	2.519121	5.189744	4.183162	91.274734
1413029129	1000	0	0	0	0	0	0	0	0	0	0	0	0	0	0	0	26.00	23.75	2.519121	5.189744	4.197420	91.629875
1413029130	1000	0	0	0	0	0	0	0	0	0	0	0	0	0	0	0	26.00	23.75	2.517509	5.189744	4.191717	91.487823
1413029131	1000	0	0	0	0	0	0	0	0	0	0	0	0	0	0	0	26.00	23.75	2.515898	5.191356	4.186014	91.313385
1413029132	1000	1	1	0	0	0	0	0	0	0	0	0	0	0	0	0	26.00	23.75	2.515898	5.189744	4.187439	91.381264
1413029133	1000	0	0	2	0	0	0	0	0	0	0	0	0	0	0	0	26.00	23.75	2.517509	5.192967	4.173182	90.961594
1413029134	1000	0	0	0	0	0	0	0	0	0	0	0	0	0	0	0	26.00	23.75	2.516704	5.189744	4.183162	91.274734
1413029135	1000	0	0	0	0	0	0	0	0	0	0	0	0	0	0	0	26.00	23.75	2.518315	5.188132	4.180311	91.236046
1413029136	1000	3	0	0	3	0	0	2	0	0	0	0	0	0	0	0	26.00	23.75	2.517509	5.191356	4.163201	90.745300
1413029137	1000	0	0	1	0	0	0	0	0	0	0	0	0	0	0	0	26.00	23.75	2.517509	5.192967	4.174608	90.997086
1413029138	1000	1	0	1	0	0	0	0	0	0	0	0	0	0	0	0	26.00	23.75	2.517509	5.192967	4.176033	91.032570
1413029139	1000	0	0	0	0	0	0	0	0	0	0	0	0	0	0	0	26.00	23.75	2.515898	5.189744	4.173182	91.026108
1413029140	1000	0	0	1	0	0	0	0	0	0	0	0	0	0	0	0	26.00	23.75	2.518315	5.196191	4.171756	90.861671
1413029141	1000	0	0	0	1	0	0	0	0	0	0	0	0	0	0	0	26.00	23.75	2.516704	5.192967	4.168905	90.855110
1413029142	1000	0	0	0	0	0	0	0	0	0	0	0	0	0	0	0	26.00	23.75	2.518315	5.191356	4.160350	90.674294
1413029143	1000	0	0	0	0	0	0	0	0	0	0	0	0	0	0	0	26.00	23.75	2.517509	5.192967	4.163201	90.713120
1413029144	1000	0	1	0	0	0	0	0	0	0	0	0	0	0	0	0	26.00	23.75	2.516704	5.194579	4.140389	90.113251
1413029145	1000	0	0	0	0	0	0	0	0	0	0	0	0	0	0	0	26.00	23.75	2.515898	5.192967	4.158924	90.606651
1413029146	1000	0	2	0	1	0	0	0	0	1	0	0	0	0	0	0	26.00	23.75	2.515898	5.196191	4.156073	90.471474
1413029147	1000	0	0	0	0	0	0	0	0	0	0	0	0	0	0	0	26.00	23.75	2.516704	5.196191	4.156073	90.471474
1413029148	1000	0	1	0	0	0	0	0	0	0	0	0	0	0	0	0	26.00	23.75	2.515898	5.194579	4.148944	90.326149
1413029149	1000	1	0	1	1	0	1	0	0	0	0	0	0	0	0	0	26.00	23.75	2.514286	5.189744	4.104746	89.321381
1413029150	1000	0	0	0	0	0	0	0	0	0	0	0	0	0	0	0	26.00	23.75	2.513480	5.189744	4.143241	90.280289
1413029151	1000	2	0	1	0	0	1	0	0	0	0	0	0	0	0	0	26.00	23.75	2.514286	5.189744	4.137538	90.138229
1413029152	1000	1	1	1	1	0	0	0	1	0	0	0	0	0	0	0	26.00	23.75	2.516704	5.194579	4.128983	89.829399
1413029153	1000	0	1	1	0	0	0	0	1	0	0	0	0	0	0	0	26.00	23.75	2.515898	5.194579	4.136112	90.006805
1413029154	1000	0	0	0	2	0	0	0	0	0	0	0	0	0	0	0	26.00	23.75	2.515898	5.194579	4.134686	89.971321
1413029155	1000	2	3	0	4	1	0	0	0	2	0	0	0	0	0	0	26.00	23.75	2.515092	5.196191	4.134686	89.939407
1413029156	1000	0	0	1	0	0	0	0	0	0	0	0	0	0	0	0	26.00	23.50	2.514286	5.196191	4.127558	89.762054
1413029157	1000	0	0	0	0	0	0	0	0	0	0	0	0	0	0	0	26.00	23.50	2.512674	5.196191	4.127558	89.762054
1413029158	1000	0	1	0	1	0	0	0	0	1	0	0	0	0	0	0	26.00	23.50	2.511868	5.192967	4.116152	89.541855
1413029159	1000	0	0	0	0	0	0	0	0	0	0	0	0	0	0	0	26.00	23.50	2.511063	5.192967	4.117578	89.577339
1413029160	1000	0	1	1	0	0	0	0	0	0	0	0	0	0	0	0	26.00	23.50	2.513480	5.194579	4.103320	89.190727
1413029161	1000	0	0	0	0	0	0	0	0	0	0	0	0	0	0	0	26.00	23.50	2.511063	5.194579	4.116152	89.510056
1413029162	1000	0	0	0	0	0	0	0	0	0	0	0	0	0	0	0	26.00	23.50	2.509451	5.196191	4.107597	89.265457
1413029163	1000	2	0	1	0	0	1	0	0	0	0	0	0	0	0	0	26.00	23.50	2.510257	5.196191	4.111875	89.371872
1413029164	1000	0	0	0	0	0	0	0	0	0	0	0	0	0	0	0	25.50	23.50	2.509451	5.194579	4.109023	89.332649
1413029165	1000	3	1	2	1	1	1	0	0	0	0	0	0	0	0	0	25.50	23.50	2.509451	5.192967	4.090488	88.902962
1413029166	1000	1	1	0	1	0	0	0	0	1	0	0	0	0	0	0	25.50	23.50	2.510257	5.191356	4.103320	89.254128
1413029167	1000	0	0	1	1	0	0	0	0	0	0	0	0	0	0	0	25.50	23.50	2.510257	5.199414	4.100468	89.024849
1413029168	1000	1	0	0	0	0	0	0	0	0	0	0	0	0	0	0	25.50	23.50	2.510257	5.196191	4.097617	89.017151
1413029169	1000	1	1	0	1	1	0	1	0	1	0	0	1	0	0	0	25.50	23.50	2.509451	5.192967	4.094765	89.009445
1413029170	1000	1	0	0	1	0	0	0	0	0	0	0	0	0	0	0	25.50	23.50	2.509451	5.194579	4.091914	88.906845
1413029171	1000	0	0	0	0	0	0	0	0	0	0	0	0	0	0	0	25.50	23.50	2.507839	5.192967	4.091914	88.938454
1413029172	1000	0	0	0	0	0	0	0	0	0	0	0	0	0	0	0	25.50	23.50	2.508645	5.196191	4.083359	88.662437
1413029173	1000	0	0	0	1	0	0	0	0	0	0	0	0	0	0	0	25.50	23.50	2.506227	5.192967	4.083359	88.725502
1413029174	1000	0	0	0	0	0	0	0	0	0	0	0	0	0	0	0	25.50	23.50	2.507839	5.194579	4.084785	88.729446
1413029175	1000	0	1	0	0	0	0	0	0	0	0	0	0	0	0	0	25.50	23.50	2.507839	5.194579	4.083359	88.693954
1413029176	1000	0	1	0	1	0	0	0	0	1	0	0	0	0	0	0	25.50	23.50	2.508645	5.192967	4.059122	88.122116
1413029177	1000	0	0	0	0	0	0	0	0	0	0	0	0	0	0	0	25.50	23.50	2.507839	5.192967	4.077656	88.583519
1413029178	1000	1	0	0	1	0	0	1	0	0	0	0	0	0	0	0	25.50	23.50	2.509451	5.192967	4.074805	88.512535
1413029179	1000	1	1	0	0	1	0	0	0	0	0	0	0	0	0	0	25.50	23.50	2.509451	5.196191	4.071953	88.378670
1413029180	1000	0	0	2	0	0	0	0	0	0	0	0	0	0	0	0	25.50	23.50	2.507839	5.194579	4.070528	88.374626
1413029181	1000	1	2	1	2	1	0	0	0	1	1	0	0	0	0	0	25.50	23.50	2.508645	5.196191	4.061973	88.130371
1413029182	1000	0	1	0	1	0	0	0	0	0	0	0	0	0	0	0	25.50	23.50	2.507033	5.192967	4.064825	88.264091
1413029183	1000	0	1	0	1	0	0	0	0	1	0	0	0	0	0	0	25.50	23.50	2.507839	5.188132	4.061973	88.287338
1413029184	1000	1	0	1	0	0	0	0	0	0	0	0	0	0	0	0	25.50	23.50	2.507033	5.196191	4.037735	87.527351
1413029185	1000	0	1	0	1	0	0	0	0	1	0	0	0	0	0	0	25.50	23.50	2.504616	5.192967	4.059122	88.122116
1413029186	1000	0	1	0	1	0	0	0	0	1	0	0	0	0	0	0	25.50	23.50	2.504616	5.194579	4.051993	87.913345
1413029187	1000	0	0	0	1	0	0	0	0	0	0	0	0	0	0	0	25.50	23.50	2.504616	5.192967	4.054844	88.015633
1413029188	1000	0	0	0	0	0	0	0	0	0	0	0	0	0	0	0	25.50	23.50	2.506227	5.196191	4.051993	87.882072
1413029189	1000	1	0	0	1	0	0	1	0	0	0	0	0	0	0	0	25.50	23.50	2.506227	5.196191	4.050567	87.846611
1413029190	1000	2	2	0	1	1	0	1	0	0	0	0	0	0	0	0	25.50	23.50	2.507033	5.197803	4.050567	87.815361
1413029191	1000	1	0	0	1	0	0	0	0	0	0	0	0	0	0	0	25.50	23.50	2.505421	5.194579	4.044864	87.735947
1413029192	1000	0	0	0	0	0	0	0	0	0	0	0	0	0	0	0	25.50	23.50	2.506227	5.194579	4.024903	87.239174
1413029193	1000	0	0	1	1	0	0	0	0	0	0	0	0	0	0	0	25.50	23.50	2.505421	5.196191	4.023478	87.172638
1413029194	1000	0	0	0	0	0	0	0	0	0	0	0	0	0	0	0	25.50	23.50	2.503004	5.194579	4.039161	87.594002
1413029195	1000	1	1	1	0	1	1	0	1	0	0	1	0	0	0	0	25.50	23.50	2.504616	5.196191	4.033458	87.420944
1413029196	1000	0	0	1	0	0	0	0	0	0	0	0	0	0	0	0	25.50	23.50	2.503004	5.194579	4.034883	87.487556
1413029197	1000	0	0	0	1	0	0	0	0	0	0	0	0	0	0	0	25.50	23.50	2.503004	5.192967	5.102774	114.103302
1413029198	1000	0	1	1	0	0	0	0	0	0	0	0	0	0	0	0	25.50	23.50	2.503810	5.194579	4.029181	87.345627
1413029199	1000	0	0	0	0	0	0	0	0	0	0	0	0	0	0	0	25.50	23.50	2.507033	5.196191	4.032032	87.385468
1413029200	1000	0	0	0	0	0	0	0	0	0	0	0	0	0	0	0	25.50	23.50	2.504616	5.197803	4.016349	86.964310
1413029201	1000	2	1	1	2	1	1	1	1	0	0	1	0	0	0	0	25.50	23.50	2.502198	5.192967	4.024903	87.270264
1413029202	1000	1	2	2	0	0	1	0	1	0	0	0	0	0	0	0	25.50	23.50	2.501392	5.191356	4.022052	87.230377
1413029203	1000	1	1	3	2	0	0	0	1	1	1	0	0	0	1	0	25.50	23.50	2.501392	5.194579	4.023478	87.203697
1413029204	1000	1	1	0	1	0	0	0	0	1	0	0	0	0	0	0	25.50	23.50	2.502198	5.194579	4.019200	87.097244
1413029205	1000	0	0	0	0	0	0	0	0	0	0	0	0	0	0	0	25.50	23.50	2.503004	5.194579	4.016349	87.026291
1413029206	1000	0	0	0	0	0	0	0	0	0	0	0	0	0	0	0	25.50	23.50	2.505421	5.194579	4.016349	87.026291
1413029207	1000	4	2	2	0	2	2	0	0	0	0	0	0	0	0	0	25.50	23.50	2.503004	5.194579	4.013497	86.955322
1413029208	1000	1	1	1	1	0	0	1	1	0	0	0	0	0	0	0	25.50	23.50	2.503810	5.194579	3.990685	86.387604
1413029209	1000	1	2	2	0	1	0	0	1	0	0	0	0	0	0	0	25.50	23.50	2.500586	5.192967	3.989259	86.382935
1413029210	1000	0	1	2	1	0	0	0	1	0	0	0	0	0	0	0	25.50	23.50	2.501392	5.192967	4.007794	86.844345
1413029211	1000	1	1	1	1	0	0	1	0	0	0	0	0	0	0	0	25.50	23.50	2.503810	5.196191	4.006369	86.746986
1413029212	1000	1	1	1	2	0	0	1	0	0	0	0	0	0	0	0	25.50	23.50	2.501392	5.191356	4.000666	86.697800
1413029213	1000	0	1	1	0	0	0	0	0	0	0	0	0	0	0	0	25.50	23.50	2.502198	5.196191	3.990685	86.356804
1413029214	1000	1	2	0	1	1	0	0	0	1	0	0	0	0	0	0	25.50	23.50	2.502198	5.196191	4.002091	86.640564
1413029215	1000	0	0	0	0	0	0	0	0	0	0	0	0	0	0	0	25.50	23.50	2.505421	5.199414	3.999240	86.507950
1413029216	1000	3	2	1	0	2	1	0	1	0	0	1	0	0	0	0	25.50	23.50	2.503004	5.196191	3.980705	86.108498
1413029217	1000	0	0	0	0	0	0	0	0	0	0	0	0	0	0	0	25.50	23.50	2.502198	5.196191	3.996388	86.498680
1413029218	1000	0	1	1	0	0	0	0	1	0	0	0	0	0	0	0	25.50	23.50	2.502198	5.196191	3.980705	86.108498
1413029219	1000	4	3	3	0	0	2	0	1	0	0	0	0	0	0	0	25.50	23.25	2.499780	5.194579	3.993537	86.458572
1413029220	1000	1	0	0	1	0	0	1	0	0	0	0	0	0	0	0	25.50	23.25	2.501392	5.196191	3.989259	86.321327
1413029221	1000	0	1	1	1	0	0	0	0	1	0	0	0	0	0	0	25.50	23.50	2.503004	5.196191	3.986408	86.250381
1413029222	1000	2	0	0	1	0	0	1	0	0	0	0	0	0	0	0	25.50	23.25	2.499780	5.194579	3.986408	86.281151
1413029223	1000	1	0	1	0	0	1	0	0	0	0	0	0	0	0	0	25.50	23.25	2.498975	5.191356	3.979279	86.165237
1413029224	1000	2	0	1	0	0	1	0	0	0	0	0	0	0	0	0	25.50	23.25	2.499780	5.192967	3.983557	86.240952
1413029225	1000	2	1	1	1	1	1	1	1	0	0	1	0	0	0	0	25.50	23.25	2.498169	5.194579	3.977854	86.068260
1413029226	1000	0	0	0	0	0	0	0	0	0	0	0	0	0	0	0	25.50	23.25	2.498975	5.194579	3.975002	85.997299
1413029227	1000	0	1	1	2	0	0	0	0	1	0	0	0	0	0	0	25.50	23.25	2.499780	5.202638	3.975002	85.844070
1413029228	1000	2	0	1	0	0	1	0	0	0	0	0	0	0	0	0	25.50	23.25	2.498975	5.192967	3.969299	85.886032
1413029229	1000	0	0	0	1	0	0	0	0	0	0	0	0	0	0	0	25.50	23.25	2.497363	5.191356	3.952190	85.490654
1413029230	1000	0	0	0	1	0	0	0	0	0	0	0	0	0	0	0	25.50	23.25	2.497363	5.191356	3.967873	85.881203
1413029231	1000	3	1	0	3	1	0	2	0	0	0	0	0	0	0	0	25.50	23.25	2.498975	5.192967	3.966448	85.815041
1413029232	1000	2	1	0	3	1	0	1	0	0	0	0	0	0	0	0	25.50	23.25	2.498975	5.196191	3.952190	85.399071
1413029233	1000	0	0	0	0	0	0	0	0	0	0	0	0	0	0	0	25.50	23.25	2.498169	5.194579	3.962170	85.677963
1413029234	1000	1	1	1	0	1	0	0	0	0	0	0	0	0	0	0	25.50	23.25	2.499780	5.197803	3.957893	85.510429
1413029235	1000	2	1	1	3	0	0	2	0	0	0	0	0	0	0	0	25.50	23.25	2.496557	5.189744	3.955041	85.592247
1413029236	1000	1	0	0	1	0	0	1	0	0	0	0	0	0	0	0	25.50	23.25	2.499780	5.196191	3.955041	85.470016
1413029237	1000	0	0	1	1	0	0	0	0	0	0	0	0	0	0	0	25.50	23.25	2.498975	5.194579	3.953616	85.465057
1413029238	1000	0	1	0	1	0	0	0	0	1	0	0	0	0	0	0	25.50	23.25	2.498975	5.199414	3.946487	85.196320
1413029239	1000	3	1	1	0	1	1	0	1	0	0	1	0	0	0	0	25.50	23.25	2.495751	5.194579	3.947913	85.323128
1413029240	1000	1	1	0	0	1	0	0	0	0	0	0	0	0	0	0	25.50	23.25	2.501392	5.196191	3.983557	86.179443
1413029241	1000	0	1	0	0	0	0	0	0	0	0	0	0	0	0	0	25.50	23.25	2.496557	5.194579	3.929378	84.861870
1413029242	1000	1	1	0	3	0	0	0	0	1	0	0	0	0	0	0	25.50	23.25	2.496557	5.194579	3.937932	85.074760
1413029243	1000	0	0	0	0	0	0	0	0	0	0	0	0	0	0	0	25.50	23.25	2.496557	5.194579	3.932230	84.932831
1413029244	1000	2	2	1	0	0	1	0	0	0	0	0	0	0	0	0	25.50	23.25	2.496557	5.196191	3.936507	85.008888
1413029245	1000	2	1	0	1	1	0	1	0	0	0	0	0	0	0	0	25.50	23.25	2.495751	5.196191	3.917972	84.547752
1413029246	1000	1	0	1	0	0	0	0	0	0	0	0	0	0	0	0	25.50	23.25	2.494139	5.192967	3.933655	84.998695
1413029247	1000	0	1	1	2	0	0	0	0	0	0	0	0	0	0	0	25.50	23.25	2.498169	5.196191	3.935081	84.973419
1413029248	1000	2	1	0	2	1	0	0	0	0	0	0	0	0	0	0	25.50	23.25	2.495751	5.196191	3.912269	84.405869
1413029249	1000	1	1	1	1	0	1	0	0	1	0	0	0	0	0	0	25.50	23.25	2.494945	5.194579	3.925101	84.755417
1413029250	1000	1	1	1	0	0	0	0	1	0	0	0	0	0	0	0	25.50	23.25	2.495751	5.196191	3.903714	84.193047
1413029251	1000	1	1	1	0	1	0	0	0	0	0	0	0	0	0	0	25.50	23.25	2.493334	5.191356	3.923675	84.780563
1413029252	1000	0	1	1	0	0	0	0	0	0	0	0	0	0	0	0	25.50	23.25	2.493334	5.194579	3.920823	84.648964
1413029253	1000	0	0	0	0	0	0	0	0	0	0	0	0	0	0	0	25.50	23.25	2.492528	5.192967	3.915120	84.537277
1413029254	1000	2	1	0	1	1	0	1	0	0	0	0	0	0	0	0	25.50	23.25	2.497363	5.197803	3.916546	84.482079
1413029255	1000	0	2	1	0	0	0	0	1	0	0	0	0	0	0	0	25.50	23.25	2.494139	5.196191	3.912269	84.405869
1413029256	1000	0	1	1	1	0	0	0	0	0	1	0	0	0	0	0	25.50	23.25	2.494139	5.192967	3.892308	83.969376
1413029257	1000	1	0	0	0	0	0	0	0	0	0	0	0	0	0	0	25.50	23.25	2.491722	5.196191	3.910843	84.370407
1413029258	1000	0	0	2	0	0	0	0	0	0	0	0	0	0	0	0	25.50	23.25	2.491722	5.194579	3.905140	84.258667
1413029259	1000	3	2	1	0	2	1	0	0	0	0	0	0	0	0	0	25.50	23.25	2.490916	5.192967	3.902289	84.217842
1413029260	1000	0	0	0	2	0	0	0	0	0	0	0	0	0	0	0	25.50	23.25	2.490110	5.192967	3.900863	84.182343
1413029261	1000	0	1	1	0	0	0	0	1	0	0	0	0	0	0	0	25.50	23.25	2.490916	5.194579	3.882328	83.690948
1413029262	1000	1	1	0	2	0	0	1	0	1	0	0	0	0	0	0	25.50	23.25	2.490110	5.196191	3.898011	84.051163
1413029263	1000	0	0	1	0	0	0	0	0	0	0	0	0	0	0	0	25.50	23.25	2.490916	5.192967	3.893734	84.004875
1413029264	1000	0	0	0	1	0	0	0	0	0	0	0	0	0	0	0	25.50	23.25	2.491722	5.197803	3.873774	83.418266
1413029265	1000	1	0	0	0	0	0	0	0	0	0	0	0	0	0	0	25.50	23.25	2.490916	5.192967	3.889457	83.898399
1413029266	1000	1	1	1	1	1	0	0	0	0	1	0	0	0	0	0	25.50	23.25	2.493334	5.199414	3.878051	83.494751
1413029267	1000	0	0	0	0	0	0	0	0	0	0	0	0	0	0	0	25.50	23.25	2.492528	5.194579	3.886605	83.797386
1413029268	1000	0	0	1	0	0	0	0	0	0	0	0	0	0	0	0	25.50	23.25	2.492528	5.197803	3.882328	83.631027
1413029269	1000	1	1	1	1	1	0	0	0	0	0	0	0	0	0	0	25.50	23.25	2.491722	5.196191	3.880902	83.625496
1413029270	1000	0	0	0	1	0	0	0	0	0	0	0	0	0	0	0	25.50	23.25	2.492528	5.194579	3.873774	83.478050
1413029271	1000	3	2	2	1	1	0	1	0	0	0	0	0	0	0	0	25.50	23.25	2.489304	5.196191	3.878051	83.554565
1413029272	1000	0	1	1	0	0	0	0	1	0	0	0	0	0	0	0	25.00	23.25	2.489304	5.196191	3.862367	83.164375
1413029273	1000	0	0	0	0	0	0	0	0	0	0	0	0	0	0	0	25.00	23.00	2.488498	5.196191	3.853813	82.951538
1413029274	1000	2	1	0	2	0	0	1	0	1	0	0	0	0	0	0	25.00	23.00	2.488498	5.196191	3.870922	83.377205
1413029275	1000	1	1	1	0	0	1	0	0	0	0	0	0	0	0	0	25.00	23.25	2.490916	5.197803	3.862367	83.134575
1413029276	1000	0	1	1	0	0	0	0	1	0	0	0	0	0	0	0	25.00	23.25	2.488498	5.194579	3.865219	83.265144
1413029277	1000	1	1	0	1	1	0	0	0	0	0	0	0	0	0	0	25.00	23.00	2.490110	5.199414	3.848110	82.750305
1413029278	1000	1	0	1	0	0	1	0	0	0	0	0	0	0	0	0	25.50	23.00	2.488498	5.196191	3.859516	83.093430
1413029279	1000	1	0	1	1	0	0	0	0	0	0	0	0	0	0	0	25.50	23.25	2.489304	5.196191	3.860942	83.128906
1413029280	1000	0	0	0	0	0	0	0	0	0	0	0	0	0	0	0	25.50	23.25	2.490916	5.199414	3.848110	82.750305
1413029281	1000	0	0	1	0	0	0	0	0	0	0	0	0	0	0	0	25.50	23.25	2.490916	5.199414	3.858090	82.998451
1413029282	1000	0	0	1	0	0	0	0	0	0	0	0	0	0	0	0	25.00	23.00	2.489304	5.199414	3.853813	82.892105
1413029283	1000	1	0	0	1	0	0	1	0	0	0	0	0	0	0	0	25.00	23.00	2.486887	5.192967	3.848110	82.869087
1413029284	1000	1	0	1	0	0	1	0	0	0	0	0	0	0	0	0	25.00	23.25	2.490110	5.197803	3.845258	82.709053
1413029285	1000	2	2	1	0	1	1	0	0	0	0	0	0	0	0	0	25.00	23.25	2.489304	5.196191	3.842407	82.667778
1413029286	1000	2	0	2	1	0	2	0	0	0	0	0	0	0	0	0	25.50	23.00	2.489304	5.197803	3.842407	82.638130
1413029287	1000	0	1	2	0	0	0	0	1	0	0	0	0	0	0	0	25.00	23.00	2.486887	5.196191	3.838130	82.561371
1413029288	1000	0	0	1	0	0	0	0	0	0	0	0	0	0	0	0	25.00	23.00	2.486887	5.196191	3.833852	82.454948
1413029289	1000	0	0	0	0	0	0	0	0	0	0	0	0	0	0	0	25.00	23.00	2.485275	5.196191	3.840981	82.632309
1413029290	1000	0	1	0	0	0	0	0	0	0	0	0	0	0	0	0	25.00	23.00	2.486887	5.199414	3.831001	82.324913
1413029291	1000	0	1	0	0	0	0	0	0	0	0	0	0	0	0	0	25.00	23.00	2.487693	5.197803	3.833852	82.425369
1413029292	1000	1	0	0	0	0	0	0	0	0	0	0	0	0	0	0	25.00	23.00	2.486887	5.196191	3.833852	82.454948
1413029293	1000	2	1	1	0	1	1	0	0	0	0	0	0	0	0	0	25.00	23.00	2.486887	5.197803	3.812466	81.893463
1413029294	1000	0	0	0	2	0	0	0	0	0	0	0	0	0	0	0	25.00	23.00	2.486081	5.194579	3.822446	82.200684
1413029295	1000	0	0	0	0	0	0	0	0	0	0	0	0	0	0	0	25.00	23.00	2.486081	5.202638	3.819595	81.982483
1413029296	1000	0	0	1	1	0	0	0	0	0	0	0	0	0	0	0	25.00	23.00	2.485275	5.197803	3.812466	81.893463
1413029297	1000	0	2	1	0	0	0	0	1	0	0	0	0	0	0	0	25.00	23.00	2.483663	5.192967	3.813892	82.017250
1413029298	1000	0	1	0	0	0	0	0	0	0	0	0	0	0	0	0	25.00	23.00	2.483663	5.192967	3.811040	81.946259
1413029299	1000	0	1	0	0	0	0	0	0	0	0	0	0	0	0	0	25.00	23.00	2.483663	5.192967	3.811040	81.946259
1413029300	1000	0	0	0	0	0	0	0	0	0	0	0	0	0	0	0	25.00	23.00	2.483663	5.194579	3.806763	81.810371
1413029301	1000	1	1	0	2	0	0	0	0	1	0	0	0	0	0	0	25.00	23.00	2.483663	5.194579	3.805337	81.774895
1413029302	1000	0	3	0	1	0	0	0	0	1	0	0	0	0	0	0	25.00	23.00	2.482052	5.197803	3.808189	81.787094
1413029303	1000	0	1	0	0	0	0	0	0	0	0	0	0	0	0	0	25.00	23.00	2.482857	5.196191	3.802486	81.674583
1413029304	1000	0	0	0	2	0	0	0	0	0	0	0	0	0	0	0	25.00	23.00	2.482857	5.194579	3.782525	81.207176
1413029305	1000	1	0	2	1	0	1	0	0	0	0	0	0	0	0	0	25.00	23.00	2.481246	5.191356	3.781100	81.230125
1413029306	1000	0	1	0	1	0	0	0	0	1	0	0	0	0	0	0	25.00	23.00	2.483663	5.196191	3.795357	81.497223
1413029307	1000	0	0	1	0	0	0	0	0	0	0	0	0	0	0	0	25.00	23.00	2.484469	5.197803	3.796783	81.503403
1413029308	1000	0	0	0	0	0	0	0	0	0	0	0	0	0	0	0	25.00	23.00	2.484469	5.197803	3.793931	81.432480
1413029309	1000	0	2	1	1	0	0	0	1	1	0	0	0	0	0	0	25.00	23.00	2.482857	5.194579	3.778248	81.100731
1413029310	1000	0	1	0	1	0	0	0	0	1	0	0	0	0	0	0	25.00	23.00	2.480440	5.194579	3.783951	81.242661
1413029311	1000	0	0	3	1	0	0	0	0	0	0	0	0	0	0	0	25.00	23.00	2.482052	5.192967	3.781100	81.200905
1413029312	1000	2	1	3	0	0	1	0	0	0	0	0	0	0	0	0	25.00	23.00	2.482052	5.194579	3.765416	80.781380
1413029313	1000	1	0	1	1	0	0	1	0	0	0	0	0	0	0	0	25.00	23.00	2.482052	5.197803	3.782525	81.148796
1413029314	1000	1	0	2	1	0	0	1	0	0	0	0	0	0	0	0	25.00	23.00	2.481246	5.197803	3.756862	80.510521
1413029315	1000	0	1	1	0	0	0	0	1	0	0	0	0	0	0	0	25.00	23.00	2.479634	5.191356	3.772545	81.017097
1413029316	1000	0	1	0	2	0	0	0	0	1	0	0	0	0	0	0	25.00	23.00	2.481246	5.194579	3.769693	80.887833
1413029317	1000	0	2	1	0	0	0	0	1	0	0	0	0	0	0	0	25.00	23.00	2.481246	5.196191	3.766842	80.787788
1413029318	1000	1	0	0	1	0	0	1	0	0	0	0	0	0	0	0	25.00	23.00	2.484469	5.199414	3.769693	80.800591
1413029319	1000	0	0	0	1	0	0	0	0	0	0	0	0	0	0	0	25.00	23.00	2.481246	5.197803	3.763990	80.687813
1413029320	1000	1	2	1	1	1	1	0	1	0	0	1	0	0	0	0	25.00	23.00	2.480440	5.196191	3.745456	80.255730
1413029321	1000	0	0	0	0	0	0	0	0	0	0	0	0	0	0	0	25.00	23.00	2.478828	5.194579	3.758287	80.603973
1413029322	1000	0	1	1	0	0	0	0	1	0	0	0	0	0	0	0	25.00	23.00	2.479634	5.196191	3.755436	80.504021
1413029323	1000	0	0	0	0	0	0	0	0	0	0	0	0	0	0	0	25.00	23.00	2.480440	5.204249	3.754010	80.323929
1413029324	1000	0	0	0	1	0	0	0	0	0	0	0	0	0	0	0	25.00	23.00	2.479634	5.196191	3.748307	80.326660
1413029325	1000	1	1	1	0	1	1	0	1	0	0	1	0	0	0	0	25.00	23.00	2.479634	5.197803	3.782525	81.148796
1413029326	1000	0	0	1	0	0	0	0	0	0	0	0	0	0	0	0	25.00	23.00	2.480440	5.197803	3.748307	80.297745
1413029327	1000	0	0	0	0	0	0	0	0	0	0	0	0	0	0	0	25.00	23.00	2.478828	5.197803	3.744030	80.191368
1413029328	1000	0	0	1	1	0	0	0	0	0	1	0	0	0	0	0	25.00	23.00	2.478828	5.197803	3.725495	79.730385
1413029329	1000	1	0	1	1	0	1	0	0	0	0	0	0	0	0	0	25.00	23.00	2.478828	5.196191	3.736901	80.042892
1413029330	1000	0	1	1	2	0	0	0	0	1	0	0	0	0	0	0	25.00	23.00	2.477216	5.192967	3.724069	79.781158
1413029331	1000	0	2	1	0	0	0	0	1	0	0	0	0	0	0	0	25.00	23.00	2.474799	5.192967	3.734050	80.029617
1413029332	1000	0	1	1	1	0	0	0	0	0	0	0	0	0	0	0	25.00	22.75	2.475605	5.199414	3.729772	79.807999
1413029333	1000	0	0	2	0	0	0	0	0	0	0	0	0	0	0	0	25.00	23.00	2.477216	5.196191	3.726921	79.794586
1413029334	1000	0	2	1	1	0	0	0	1	1	0	0	0	0	0	0	25.00	22.75	2.474799	5.196191	3.719792	79.617241
1413029335	1000	1	0	1	0	0	0	0	0	0	0	0	0	0	0	0	25.00	23.00	2.477216	5.196191	3.719792	79.617241
1413029336	1000	0	1	2	0	0	0	0	0	0	0	0	0	0	0	0	25.00	22.75	2.474799	5.194579	3.604306	76.771873
1413029337	1000	0	0	0	0	0	0	0	0	0	0	0	0	0	0	0	25.00	22.75	2.474799	5.194579	3.701257	79.184677
1413029338	1000	2	1	1	0	1	1	0	1	0	0	1	0	0	0	0	25.00	22.75	2.475605	5.197803	3.718366	79.553078
1413029339	1000	0	0	0	0	0	0	0	0	0	0	0	0	0	0	0	25.00	22.75	2.476410	5.199414	3.714089	79.418068
1413029340	1000	1	1	1	0	1	1	0	1	0	0	1	0	0	0	0	25.00	22.75	2.474799	5.194579	3.708386	79.362099
1413029341	1000	2	1	1	3	1	1	1	0	1	0	0	1	0	0	0	25.00	23.00	2.477216	5.197803	3.695554	78.985718
1413029342	1000	0	0	0	0	0	0	0	0	0	0	0	0	0	0	0	25.00	22.75	2.476410	5.197803	3.708386	79.304863
1413029343	1000	1	0	1	0	0	1	0	0	0	0	0	0	0	0	0	25.00	23.00	2.477216	5.197803	3.706960	79.269394
1413029344	1000	0	0	1	1	0	0	0	0	0	0	0	0	0	0	0	25.00	22.75	2.477216	5.199414	3.695554	78.957222
1413029345	1000	1	2	1	1	1	0	0	1	0	0	0	0	0	0	0	25.00	22.75	2.474799	5.196191	3.699831	79.120628
1413029346	1000	1	3	1	0	1	0	0	1	0	0	0	0	0	0	0	25.00	22.75	2.474799	5.199414	3.696980	78.992668
1413029347	1000	0	0	0	0	0	0	0	0	0	0	0	0	0	0	0	25.00	22.75	2.474799	5.197803	3.696980	79.021172
1413029348	1000	0	1	0	1	0	0	0	0	1	0	0	0	0	0	0	25.00	22.75	2.475605	5.197803	3.678445	78.560196
1413029349	1000	1	0	0	2	0	0	1	0	0	0	0	0	0	0	0	25.00	22.75	2.473993	5.196191	3.691277	78.907806
1413029350	1000	0	0	0	0	0	0	0	0	0	0	0	0	0	0	0	25.00	22.75	2.474799	5.196191	3.685574	78.765923
1413029351	1000	1	1	1	0	1	0	0	0	0	0	0	0	0	0	0	25.00	22.75	2.471575	5.194579	3.679871	78.652443
1413029352	1000	1	0	0	1	0	0	1	0	0	0	0	0	0	0	0	25.00	22.75	2.470769	5.196191	3.651356	77.914612
1413029353	1000	0	1	0	0	0	0	0	0	0	0	0	0	0	0	0	25.00	22.75	2.472381	5.194579	3.677020	78.581474
1413029354	1000	1	1	1	1	0	1	0	0	1	0	0	0	0	0	0	25.00	22.75	2.469157	5.196191	3.674168	78.482155
1413029355	1000	2	0	2	0	0	2	0	0	0	0	0	0	0	0	0	25.00	22.75	2.469963	5.199414	3.672742	78.390030
1413029356	1000	0	1	1	1	0	0	0	0	1	0	0	0	0	0	0	25.00	22.75	2.471575	5.196191	3.674168	78.482155
1413029357	1000	0	1	0	1	0	0	0	0	1	0	0	0	0	0	0	25.00	22.75	2.469157	5.194579	3.651356	77.942795
1413029358	1000	0	0	0	0	0	0	0	0	0	0	0	0	0	0	0	25.00	22.75	2.467546	5.194579	3.662762	78.226654
1413029359	1000	0	0	0	1	0	0	0	0	0	0	0	0	0	0	0	25.00	22.75	2.470769	5.196191	3.664188	78.233849
1413029360	1000	1	1	2	1	0	0	0	1	0	1	0	0	0	0	0	25.00	22.75	2.469157	5.196191	3.641376	77.666313
1413029361	1000	0	0	0	0	0	0	0	0	0	0	0	0	0	0	0	25.00	22.75	2.468352	5.192967	3.654207	78.041992
1413029362	1000	1	1	3	1	1	0	0	0	0	0	0	0	0	0	0	25.00	22.75	2.470769	5.197803	3.638524	77.567291
1413029363	1000	0	0	0	0	0	0	0	0	0	0	0	0	0	0	0	25.00	22.75	2.469157	5.196191	3.655633	78.021027
1413029364	1000	0	0	1	0	0	0	0	0	0	0	0	0	0	0	0	25.00	22.75	2.469157	5.196191	3.649930	77.879135
1413029365	1000	1	0	1	0	0	1	0	0	0	0	0	0	0	0	0	25.00	22.75	2.468352	5.197803	3.644227	77.709145
1413029366	1000	0	0	0	0	0	0	0	0	0	0	0	0	0	0	0	25.00	22.75	2.470769	5.196191	3.645653	77.772728
1413029367	1000	2	1	1	0	1	0	0	0	0	0	0	0	0	0	0	25.00	22.75	2.469157	5.196191	3.644227	77.737251
1413029368	1000	0	0	0	2	0	0	0	0	0	0	0	0	0	0	0	25.00	22.75	2.469157	5.194579	3.627118	77.339592
1413029369	1000	1	1	0	0	1	0	0	0	0	0	0	0	0	0	0	25.00	22.75	2.468352	5.196191	3.638524	77.595360
1413029370	1000	0	1	0	2	0	0	0	0	0	0	0	0	0	0	0	25.00	22.75	2.467546	5.197803	3.637098	77.531837
1413029371	1000	0	1	0	2	0	0	0	0	1	0	0	0	0	0	0	25.00	22.50	2.465128	5.202638	3.632821	77.341484
1413029372	1000	0	1	1	2	0	0	0	1	0	0	0	0	0	0	0	24.50	22.50	2.466740	5.199414	3.632821	77.397446
1413029373	1000	1	2	2	0	1	1	0	2	0	0	1	0	0	0	0	24.50	22.75	2.466740	5.197803	3.615712	76.999931
1413029374	1000	1	0	2	0	0	0	0	0	0	0	0	0	0	0	0	25.00	22.50	2.466740	5.199414	3.628544	77.291100
1413029375	1000	0	0	1	1	0	0	0	0	0	0	0	0	0	0	0	24.50	22.75	2.465934	5.196191	3.625692	77.276131
1413029377	1000	0	0	0	0	0	0	0	0	0	0	0	0	0	0	0	24.50	22.50	2.465128	5.196191	3.614286	76.992355
1413029378	1000	1	1	2	2	1	0	0	0	0	1	0	0	0	0	0	24.50	22.50	2.463516	5.192967	3.619989	77.190147
1413029379	1000	1	0	0	0	0	0	0	0	0	0	0	0	0	0	0	24.50	22.75	2.464322	5.192967	3.619989	77.190147
1413029380	1000	0	1	2	2	0	0	0	1	1	1	0	0	0	1	0	24.50	22.50	2.462711	5.194579	3.617138	77.091225
1413029381	1000	3	0	1	1	0	1	1	0	0	0	0	0	0	0	0	24.50	22.50	2.464322	5.197803	3.614286	76.964478
1413029382	1000	0	0	1	1	0	0	0	0	0	1	0	0	0	0	0	24.50	22.50	2.463516	5.194579	3.610009	76.913803
1413029383	1000	0	0	0	0	0	0	0	0	0	0	0	0	0	0	0	24.50	22.50	2.461905	5.192967	3.610009	76.941689
1413029384	1000	1	1	0	1	1	0	0	0	0	0	0	0	0	0	0	24.50	22.50	2.463516	5.194579	3.605732	76.807350
1413029385	1000	1	0	1	1	0	1	0	0	0	0	0	0	0	0	0	24.50	22.50	2.462711	5.192967	3.578642	76.160835
1413029386	1000	0	0	0	1	0	0	0	0	0	0	0	0	0	0	0	24.50	22.50	2.461905	5.194579	3.588623	76.381569
1413029387	1000	1	1	1	2	1	0	1	0	1	1	0	1	0	0	0	24.50	22.50	2.462711	5.197803	3.597177	76.538940
1413029388	1000	1	3	0	3	0	0	1	0	1	0	0	0	0	0	0	24.50	22.50	2.461905	5.192967	3.595752	76.586761
1413029389	1000	0	0	0	0	0	0	0	0	0	0	0	0	0	0	0	24.50	22.50	2.459487	5.192967	3.591474	76.480270
1413029390	1000	0	1	1	0	0	0	0	1	0	0	0	0	0	0	0	24.50	22.50	2.461099	5.196191	3.582920	76.211983
1413029391	1000	0	1	0	0	0	0	0	0	0	0	0	0	0	0	0	24.50	22.50	2.459487	5.192967	3.591474	76.480270
1413029392	1000	0	0	1	1	0	0	0	0	0	0	0	0	0	0	0	24.50	22.50	2.460293	5.196191	3.587197	76.318398
1413029393	1000	5	1	2	0	1	2	0	0	0	0	0	0	0	0	0	24.50	22.50	2.461099	5.197803	3.568662	75.829742
1413029394	1000	0	3	1	2	0	0	0	1	1	0	0	0	0	0	0	24.50	22.50	2.461099	5.196191	3.582920	76.211983
1413029395	1000	0	0	0	0	0	0	0	0	0	0	0	0	0	0	0	24.50	22.50	2.461099	5.197803	3.582920	76.184341
1413029396	1000	0	0	1	3	0	0	0	0	0	0	0	0	0	0	0	24.50	22.50	2.457875	5.192967	3.580068	76.196327
1413029397	1000	1	1	2	0	0	1	0	1	0	0	0	0	0	0	0	24.50	22.50	2.457875	5.196191	3.575791	76.034622
1413029398	1000	0	0	1	0	0	0	0	0	0	0	0	0	0	0	0	24.50	22.50	2.457070	5.196191	3.574365	75.999153
1413029399	1000	2	1	0	3	0	0	2	0	0	0	0	0	0	0	0	24.50	22.50	2.458681	5.196191	3.571514	75.928215
1413029400	1000	0	1	0	2	0	0	0	0	1	0	0	0	0	0	0	24.50	22.50	2.457875	5.199414	3.572939	75.908577
1413029401	1000	1	2	0	0	1	0	0	0	0	0	0	0	0	0	0	24.50	22.50	2.457070	5.199414	3.582920	76.156723
1413029402	1000	2	1	1	0	1	0	0	0	0	0	0	0	0	0	0	24.50	22.50	2.454652	5.194579	3.565811	75.813850
1413029403	1000	2	1	2	2	1	1	1	1	0	0	1	0	0	0	0	24.50	22.50	2.454652	5.196191	3.564385	75.750854
1413029404	1000	1	1	0	1	0	0	0	0	1	0	0	0	0	0	0	24.50	22.50	2.452235	5.192967	3.558682	75.663925
1413029405	1000	0	1	1	2	0	0	0	1	0	0	0	0	0	0	0	24.50	22.25	2.451429	5.196191	3.557256	75.573502
1413029406	1000	2	0	2	0	0	1	0	0	0	0	0	0	0	0	0	24.50	22.25	2.451429	5.197803	3.587197	76.290726
1413029407	1000	0	0	1	0	0	0	0	0	0	0	0	0	0	0	0	24.50	22.25	2.449817	5.192967	3.551553	75.486465
1413029408	1000	2	0	0	0	0	0	0	0	0	0	0	0	0	0	0	24.50	22.25	2.450623	5.192967	3.552979	75.521950
1413029409	1000	1	0	2	0	0	1	0	0	0	0	0	0	0	0	0	24.50	22.25	2.451429	5.196191	3.548702	75.360664
1413029410	1000	1	1	0	0	1	0	0	0	0	0	0	0	0	0	0	24.50	22.25	2.449817	5.191356	3.545850	75.371887
1413029411	1000	2	2	1	1	1	1	0	1	1	0	1	0	0	0	0	24.50	22.25	2.449011	5.196191	3.530167	74.899544
1413029412	1000	0	0	0	0	0	0	0	0	0	0	0	0	0	0	0	24.50	22.25	2.449011	5.194579	3.542999	75.246132
1413029413	1000	0	0	2	0	0	0	0	0	0	0	0	0	0	0	0	24.50	22.25	2.449817	5.196191	3.541573	75.183319
1413029414	1000	1	2	0	2	1	0	0	0	1	0	0	0	0	0	0	24.50	22.25	2.449011	5.197803	3.535870	75.014153
1413029415	1000	1	2	2	1	0	0	0	1	0	1	0	0	0	0	0	24.50	22.25	2.450623	5.194579	3.534444	75.033241
1413029416	1000	0	0	0	0	0	0	0	0	0	0	0	0	0	0	0	24.50	22.25	2.449011	5.194579	3.531593	74.962273
1413029417	1000	1	2	0	1	1	0	0	0	0	0	0	0	0	0	0	24.50	22.25	2.449817	5.197803	3.517335	74.553169
1413029418	1000	0	1	0	2	0	0	0	0	1	0	0	0	0	0	0	24.50	22.25	2.449817	5.197803	3.533018	74.943230
1413029419	1000	0	0	1	1	0	0	0	0	0	1	0	0	0	0	0	24.50	22.25	2.447399	5.196191	3.528741	74.864067
1413029420	1000	3	4	1	2	2	0	0	1	1	0	0	0	0	0	0	24.50	22.25	2.450623	5.202638	3.525890	74.684425
1413029421	1000	2	1	1	3	1	1	1	1	0	0	1	0	0	0	0	24.50	22.25	2.449011	5.192967	3.517335	74.634621
1413029422	1000	2	3	0	2	1	0	1	0	1	0	0	0	0	0	0	24.50	22.25	2.450623	5.194579	3.535870	75.068726
1413029423	1000	1	2	1	1	1	0	0	0	1	0	0	0	0	0	0	24.50	22.25	2.449817	5.196191	3.521612	74.686722
1413029424	1000	1	1	3	0	0	1	0	0	0	0	0	0	0	0	0	24.50	22.25	2.448205	5.189744	3.514483	74.617973
1413029425	1000	1	0	0	1	0	0	1	0	0	0	0	0	0	0	0	24.50	22.25	2.449011	5.196191	3.503078	74.225586
1413029426	1000	1	1	1	1	0	0	1	0	0	0	0	0	0	0	0	24.50	22.25	2.449011	5.196191	3.513058	74.473885
1413029427	1000	0	0	0	0	0	0	0	0	0	0	0	0	0	0	0	24.50	22.25	2.449817	5.196191	3.514483	74.509361
1413029428	1000	4	1	2	1	1	1	1	1	0	0	1	0	0	0	0	24.50	22.25	2.448205	5.194579	3.514483	74.536491
1413029429	1000	1	2	0	1	1	0	0	0	1	0	0	0	0	0	0	24.50	22.25	2.449011	5.196191	3.505929	74.296524
1413029430	1000	0	0	1	0	0	0	0	0	0	0	0	0	0	0	0	24.50	22.25	2.447399	5.194579	3.505929	74.323586
1413029431	1000	1	0	3	1	0	1	0	0	0	1	0	0	0	0	0	24.50	22.25	2.446594	5.196191	3.507355	74.332001
1413029432	1000	0	0	0	1	0	0	0	0	0	0	0	0	0	0	0	24.50	22.25	2.447399	5.192967	3.507355	74.386162
1413029433	1000	2	0	2	2	0	1	1	0	0	0	0	0	0	0	0	24.50	22.25	2.448205	5.191356	3.524464	74.839333
1413029434	1000	0	0	1	0	0	0	0	0	0	0	0	0	0	0	0	24.50	22.25	2.444176	5.191356	3.488820	73.951714
1413029435	1000	0	0	0	0	0	0	0	0	0	0	0	0	0	0	0	24.50	22.25	2.444982	5.191356	3.498800	74.200249
1413029436	1000	0	0	0	1	0	0	0	0	0	0	0	0	0	0	0	24.50	22.25	2.447399	5.199414	3.497375	74.029762
1413029437	1000	0	0	2	4	0	0	0	0	0	0	0	0	0	0	0	24.50	22.25	2.445788	5.194579	3.493097	74.004250
1413029438	1000	0	1	2	2	0	0	0	0	1	0	0	0	0	0	0	24.50	22.25	2.446594	5.196191	3.480265	73.658043
1413029439	1000	0	0	1	0	0	0	0	0	0	0	0	0	0	0	0	24.50	22.25	2.446594	5.196191	3.495949	74.048225
1413029440	1000	1	2	0	2	1	0	0	0	0	0	0	0	0	0	0	24.50	22.25	2.451429	5.197803	3.494523	73.985794
1413029441	1000	0	0	1	0	0	0	0	0	0	0	0	0	0	0	0	24.50	22.25	2.446594	5.199414	3.473137	73.427109
1413029442	1000	0	0	0	0	0	0	0	0	0	0	0	0	0	0	0	24.50	22.25	2.446594	5.196191	3.491672	73.941818
1413029443	1000	0	1	1	1	0	0	0	0	0	0	0	0	0	0	0	24.50	22.25	2.445788	5.194579	3.488820	73.897797
1413029444	1000	0	0	2	0	0	0	0	0	0	0	0	0	0	0	0	24.50	22.25	2.444982	5.192967	3.487394	73.889259
1413029445	1000	1	2	0	1	1	0	0	0	1	0	0	0	0	0	0	24.50	22.25	2.445788	5.196191	3.485969	73.799942
1413029446	1000	0	2	0	3	0	0	0	0	1	0	0	0	0	0	0	24.50	22.25	2.444982	5.194579	3.480265	73.684906
1413029447	1000	2	1	0	1	0	0	1	0	0	0	0	0	0	0	0	24.50	22.25	2.448205	5.197803	3.484543	73.737572
1413029448	1000	3	1	2	0	0	1	0	1	0	0	0	0	0	0	0	24.50	22.25	2.445788	5.197803	3.478840	73.595734
1413029449	1000	3	1	0	1	1	0	1	0	0	0	0	0	0	0	0	24.50	22.25	2.444982	5.194579	3.466008	73.330086
1413029450	1000	3	2	3	2	1	1	2	0	1	0	0	1	0	0	0	24.50	22.25	2.443370	5.192967	3.475988	73.605309
1413029451	1000	0	0	1	1	0	0	0	0	0	0	0	0	0	0	0	24.50	22.25	2.446594	5.199414	3.475988	73.498009
1413029452	1000	1	0	1	0	0	1	0	0	0	0	0	0	0	0	0	24.50	22.25	2.446594	5.196191	3.474562	73.516159
1413029453	1000	2	2	1	2	2	0	1	0	1	0	0	1	0	0	0	24.50	22.25	2.445788	5.197803	3.471711	73.418434
1413029454	1000	0	2	0	0	0	0	0	0	0	0	0	0	0	0	0	24.50	22.25	2.445788	5.196191	3.456028	73.055031
1413029455	1000	0	1	0	0	0	0	0	0	0	0	0	0	0	0	0	24.50	22.25	2.444176	5.194579	3.470285	73.436523
1413029456	1000	0	1	2	4	0	0	0	0	1	1	0	0	0	0	0	24.50	22.25	2.444982	5.191356	3.467434	73.419151
1413029457	1000	1	0	1	0	0	1	0	0	0	0	0	0	0	0	0	24.50	22.25	2.444982	5.197803	3.450325	72.886528
1413029458	1000	2	1	1	0	1	1	0	0	0	0	0	0	0	0	0	24.50	22.25	2.443370	5.196191	3.467434	73.338799
1413029459	1000	1	0	0	1	0	0	0	0	0	0	0	0	0	0	0	24.50	22.25	2.442564	5.192967	5.838462	132.417892
1413029460	1000	0	0	0	1	0	0	0	0	0	0	0	0	0	0	0	24.50	22.25	2.441758	5.196191	3.460305	73.161446
1413029461	1000	1	2	0	1	1	0	0	0	1	0	0	0	0	0	0	24.50	22.25	2.440953	5.196191	3.457453	73.090508
1413029462	1000	1	1	0	1	0	0	0	0	0	0	0	0	0	0	0	24.00	22.25	2.442564	5.197803	3.460305	73.134758
1413029463	1000	0	0	0	1	0	0	0	0	0	0	0	0	0	0	0	24.00	22.00	2.439341	5.196191	3.456028	73.055031
1413029464	1000	1	0	0	1	0	0	0	0	0	0	0	0	0	0	0	24.00	22.25	2.444176	5.199414	3.457453	73.037178
1413029465	1000	0	0	1	0	0	0	0	0	0	0	0	0	0	0	0	24.50	22.25	2.443370	5.194579	3.431790	72.478508
1413029466	1000	5	3	4	1	2	2	1	1	1	0	0	1	0	0	0	24.00	22.25	2.440147	5.192967	3.433216	72.540512
1413029467	1000	1	3	1	1	1	0	0	1	0	0	0	0	0	0	0	24.00	22.25	2.441758	5.197803	3.453176	72.957451
1413029468	1000	2	2	1	3	1	0	1	1	1	0	0	1	0	0	0	24.00	22.00	2.438535	5.199414	3.446047	72.753578
1413029469	1000	1	1	1	1	1	0	1	0	1	0	0	1	0	0	0	24.00	22.00	2.437729	5.196191	3.443196	72.735786
1413029470	1000	0	1	1	0	0	0	0	0	0	0	0	0	0	0	0	24.00	22.00	2.438535	5.194579	3.427513	72.372063
1413029471	1000	1	2	2	0	0	1	0	1	0	0	0	0	0	0	0	24.00	22.00	2.439341	5.196191	3.441770	72.700317
1413029472	1000	1	1	0	1	0	0	1	0	0	0	0	0	0	0	0	24.00	22.25	2.437729	5.184909	3.434641	72.708885
1413029473	1000	2	1	1	0	1	0	0	0	0	0	0	0	0	0	0	24.00	22.25	2.440147	5.196191	3.424661	72.274666
1413029474	1000	2	0	1	2	0	0	2	0	0	0	0	0	0	0	0	24.00	22.25	2.438535	5.192967	3.431790	72.505013
1413029475	1000	1	0	0	2	0	0	0	0	0	0	0	0	0	0	0	24.00	22.00	2.436923	5.194579	3.431790	72.478508
1413029476	1000	1	2	1	0	1	1	0	1	0	0	1	0	0	0	0	24.00	22.00	2.436923	5.194579	3.428938	72.407547
1413029477	1000	0	0	0	0	0	0	0	0	0	0	0	0	0	0	0	24.00	22.00	2.437729	5.196191	3.427513	72.345604
1413029478	1000	1	1	1	1	0	1	0	0	0	0	0	0	0	0	0	24.00	22.00	2.437729	5.194579	3.426087	72.336578
1413029479	1000	2	0	1	0	0	1	0	0	0	0	0	0	0	0	0	24.00	22.00	2.436923	5.196191	3.424661	72.274666
1413029480	1000	0	0	1	0	0	0	0	0	0	0	0	0	0	0	0	24.00	22.00	2.436923	5.194579	3.418958	72.159164
1413029481	1000	2	2	1	4	0	0	2	1	0	0	0	0	0	0	0	24.00	22.00	2.437729	5.194579	3.406126	71.839828
1413029482	1000	1	0	0	0	0	0	0	0	0	0	0	0	0	0	0	24.00	22.00	2.436117	5.194579	3.413255	72.017235
1413029483	1000	0	1	0	1	0	0	0	0	1	0	0	0	0	0	0	24.00	22.00	2.436117	5.196191	3.414681	72.026367
1413029484	1000	1	1	4	0	0	1	0	1	0	0	0	0	0	0	0	24.00	22.00	2.434505	5.196191	3.410403	71.919945
1413029485	1000	0	1	2	2	0	0	0	0	1	0	0	0	0	0	0	24.00	22.00	2.435311	5.196191	3.408978	71.884476
1413029486	1000	2	2	1	0	1	0	0	0	0	0	0	0	0	0	0	24.00	22.00	2.434505	5.194579	3.413255	72.017235
1413029487	1000	0	2	2	2	0	0	0	0	2	0	0	0	0	0	0	24.00	22.00	2.432088	5.192967	3.404701	71.830635
1413029488	1000	1	3	1	1	1	1	0	1	1	0	1	0	0	0	0	24.00	22.00	2.432894	5.194579	3.403275	71.768867
1413029489	1000	0	0	1	0	0	0	0	0	0	0	0	0	0	0	0	24.00	22.00	2.432894	5.194579	3.389017	71.414032
1413029490	1000	0	3	3	1	0	0	0	2	0	0	0	0	0	0	0	24.00	22.00	2.432088	5.194579	3.400423	71.697899
1413029491	1000	4	3	3	2	2	2	0	0	1	0	0	0	0	0	0	24.00	22.00	2.429670	5.191356	3.383314	71.324387
1413029492	1000	2	2	2	2	0	2	0	0	2	0	0	0	0	0	0	24.00	22.00	2.428059	5.189744	3.397572	71.705711
1413029493	1000	0	0	0	1	0	0	0	0	0	0	0	0	0	0	0	24.00	22.00	2.429670	5.194579	3.394720	71.555969
1413029494	1000	0	0	0	0	0	0	0	0	0	0	0	0	0	0	0	24.00	22.00	2.430476	5.192967	3.390443	71.475700
1413029495	1000	0	1	0	0	0	0	0	0	0	0	0	0	0	0	0	24.00	22.00	2.434505	5.194579	3.393295	71.520485
1413029496	1000	0	0	0	1	0	0	0	0	0	0	0	0	0	0	0	24.00	22.00	2.430476	5.192967	3.391869	71.511208
1413029497	1000	3	1	1	1	0	0	0	1	0	0	0	0	0	0	0	24.00	22.00	2.432088	5.194579	3.369057	70.917282
1413029498	1000	1	0	0	1	0	0	1	0	0	0	0	0	0	0	0	24.00	22.00	2.429670	5.192967	3.381888	71.262749
1413029499	1000	2	1	4	0	0	0	0	1	0	0	0	0	0	0	0	24.00	22.00	2.431282	5.194579	3.381888	71.236626
1413029500	1000	1	2	0	4	1	0	1	0	2	0	0	1	0	0	0	24.00	22.00	2.430476	5.196191	3.384740	71.281456
1413029501	1000	0	0	0	0	0	0	0	0	0	0	0	0	0	0	0	24.00	22.00	2.430476	5.197803	3.381888	71.184433
1413029502	1000	0	2	1	1	0	0	0	1	0	0	0	0	0	0	0	24.00	22.00	2.431282	5.196191	3.366205	70.820335
1413029503	1000	0	2	2	2	0	0	0	0	2	0	0	0	0	0	0	24.00	22.00	2.428864	5.194579	3.377611	71.130173
1413029504	1000	1	0	0	1	0	0	1	0	0	0	0	0	0	0	0	24.00	21.75	2.424835	5.194579	3.371908	70.988243
1413029505	1000	1	2	1	0	1	0	0	0	0	0	0	0	0	0	0	24.00	21.75	2.426447	5.196191	3.357651	70.607498
1413029506	1000	2	1	0	3	0	0	1	0	1	0	0	0	0	0	0	24.00	21.75	2.427253	5.197803	3.367631	70.829819
1413029507	1000	0	0	0	1	0	0	0	0	0	0	0	0	0	0	0	24.00	22.00	2.427253	5.194579	3.360502	70.704391
1413029508	1000	1	2	3	1	1	0	0	1	0	0	0	0	0	0	0	24.00	22.00	2.426447	5.191356	3.361928	70.791817
1413029509	1000	0	1	1	2	0	0	0	0	1	0	0	0	0	0	0	24.00	22.00	2.427253	5.196191	3.361928	70.713913
1413029510	1000	1	2	0	1	1	0	0	0	1	0	0	0	0	0	0	24.00	22.00	2.427253	5.196191	3.360502	70.678452
1413029511	1000	1	0	1	2	0	1	0	0	0	0	0	0	0	0	0	24.00	22.00	2.428864	5.191356	3.354799	70.614288
1413029512	1000	1	0	1	1	0	1	0	0	0	0	0	0	0	0	0	24.00	22.00	2.428059	5.196191	3.360502	70.678452
1413029513	1000	2	1	1	0	0	0	0	1	0	0	0	0	0	0	0	24.00	22.00	2.427253	5.192967	3.349096	70.446388
1413029514	1000	0	2	1	2	0	0	0	1	1	0	0	0	0	0	0	24.00	21.75	2.425641	5.194579	3.337690	70.136673
1413029515	1000	2	1	1	0	0	1	0	0	0	0	0	0	0	0	0	24.00	21.75	2.424835	5.194579	3.353373	70.526970
1413029516	1000	0	0	5	0	0	0	0	0	0	0	0	0	0	0	0	24.00	21.75	2.425641	5.197803	3.353373	70.475220
1413029517	1000	1	0	1	1	0	1	0	0	0	0	0	0	0	0	0	24.00	21.75	2.422418	5.194579	3.346245	70.349564
1413029518	1000	1	1	2	0	0	0	0	1	0	0	0	0	0	0	0	24.00	21.75	2.420806	5.192967	3.330561	69.984985
1413029519	1000	1	0	1	0	0	1	0	0	0	0	0	0	0	0	0	24.00	21.75	2.419194	5.192967	3.343393	70.304420
1413029520	1000	3	2	2	1	2	0	0	0	0	0	0	0	0	0	0	24.00	21.75	2.424835	5.194579	3.343393	70.278595
1413029521	1000	0	2	0	1	0	0	0	0	1	0	0	0	0	0	0	24.00	21.75	2.422418	5.194579	3.331987	69.994743
1413029522	1000	0	0	0	1	0	0	0	0	0	0	0	0	0	0	0	24.00	21.75	2.420806	5.196191	3.341967	70.217316
1413029523	1000	0	1	1	0	0	0	0	0	0	0	0	0	0	0	0	24.00	21.75	2.420806	5.196191	3.340542	70.181839
1413029524	1000	1	2	0	3	0	0	0	0	2	0	0	0	0	0	0	24.00	21.75	2.418388	5.191356	3.333413	70.081734
1413029525	1000	1	4	3	2	1	0	0	1	1	1	0	0	0	0	0	24.00	21.75	2.420000	5.194579	3.333413	70.030220
1413029526	1000	2	2	2	1	1	1	1	1	1	0	0	1	0	0	0	24.00	21.75	2.420000	5.197803	3.330561	69.907860
1413029527	1000	0	1	0	1	0	0	0	0	0	0	0	0	0	0	0	24.00	21.75	2.417583	5.192967	3.326284	69.878502
1413029528	1000	0	0	0	0	0	0	0	0	0	0	0	0	0	0	0	24.00	21.75	2.419194	5.194579	3.327710	69.888298
1413029529	1000	1	1	3	0	1	0	0	0	0	0	0	0	0	0	0	24.00	21.75	2.417583	5.189744	3.309175	69.503746
1413029530	1000	1	2	0	0	1	0	0	0	0	0	0	0	0	0	0	24.00	21.75	2.415971	5.192967	3.309175	69.452583
1413029531	1000	0	1	1	1	0	0	0	0	0	0	0	0	0	0	0	23.50	21.75	2.415971	5.196191	3.322007	69.720718
1413029532	1000	0	1	0	1	0	0	0	0	0	0	0	0	0	0	0	23.50	21.75	2.417583	5.196191	3.319155	69.649773
1413029533	1000	3	2	1	2	0	0	2	1	0	0	0	0	0	0	0	23.50	21.75	2.415971	5.192967	3.316304	69.630043
1413029534	1000	1	0	0	0	0	0	0	0	0	0	0	0	0	0	0	23.50	21.75	2.415971	5.194579	3.297769	69.143173
1413029535	1000	2	2	0	2	0	0	0	0	2	0	0	0	0	0	0	24.00	21.75	2.416777	5.192967	3.310601	69.488075
1413029536	1000	1	0	2	2	0	0	1	0	0	0	0	0	0	0	0	23.50	21.75	2.415971	5.192967	3.310601	69.488075
1413029537	1000	1	1	1	1	0	0	0	0	1	0	0	0	0	0	0	24.00	21.75	2.416777	5.196191	3.299195	69.153175
1413029538	1000	0	2	1	1	0	0	0	0	1	0	0	0	0	0	0	23.50	21.50	2.404689	5.191356	3.304898	69.371643
1413029539	1000	1	1	1	4	1	0	1	0	1	0	0	1	0	0	0	23.50	21.50	2.407106	5.192967	3.303472	69.310616
1413029540	1000	0	0	0	0	0	0	0	0	0	0	0	0	0	0	0	23.50	21.50	2.407912	5.191356	3.300621	69.265129
1413029541	1000	0	2	2	1	0	0	0	2	0	0	0	0	0	0	0	23.50	21.50	2.407912	5.196191	3.300621	69.188652
1413029542	1000	2	1	2	2	0	0	1	1	0	1	0	0	0	0	0	23.50	21.50	2.407106	5.192967	3.296343	69.133141
1413029543	1000	1	0	0	1	0	0	1	0	0	0	0	0	0	0	0	23.50	21.50	2.405494	5.192967	3.296343	69.133141
1413029544	1000	1	1	0	1	1	0	0	0	0	0	0	0	0	0	0	23.50	21.50	2.409524	5.194579	3.293492	69.036720
1413029545	1000	0	1	0	1	0	0	0	0	1	0	0	0	0	0	0	23.50	21.50	2.407912	5.191356	3.273531	68.590553
1413029546	1000	0	1	2	1	0	0	0	0	0	0	0	0	0	0	0	23.50	21.50	2.407912	5.194579	3.273531	68.539970
1413029547	1000	1	1	1	2	0	1	0	0	1	0	0	0	0	0	0	23.50	21.50	2.407106	5.192967	3.286363	68.884682
1413029548	1000	0	1	1	1	0	0	0	0	0	0	0	0	0	0	0	23.50	21.50	2.407912	5.197803	3.284937	68.773125
1413029549	1000	2	1	3	0	0	2	0	1	0	0	0	0	0	0	0	23.50	21.50	2.405494	5.192967	3.280660	68.742714
1413029550	1000	0	0	0	0	0	0	0	0	0	0	0	0	0	0	0	23.50	21.50	2.405494	5.192967	3.264977	68.352295
1413029551	1000	1	0	1	1	0	0	0	0	0	0	0	0	0	0	0	23.50	21.50	2.405494	5.192967	3.276383	68.636238
1413029552	1000	2	2	0	0	2	0	0	0	0	0	0	0	0	0	0	23.50	21.50	2.405494	5.186521	3.277808	68.773155
1413029553	1000	1	3	2	1	1	0	0	0	1	0	0	0	0	0	0	23.50	21.50	2.406300	5.196191	3.263551	68.266388
1413029554	1000	0	0	1	1	0	0	0	0	0	0	0	0	0	0	0	23.50	21.50	2.406300	5.194579	3.272105	68.504478
1413029555	1000	0	1	0	0	0	0	0	0	0	0	0	0	0	0	0	23.50	21.50	2.406300	5.192967	3.254996	68.103836
1413029556	1000	0	1	1	3	0	0	0	0	1	0	0	0	0	0	0	23.50	21.50	2.405494	5.194579	3.269254	68.433517
1413029557	1000	0	3	0	3	0	0	0	0	3	0	0	0	0	0	0	23.50	21.50	2.403883	5.196191	3.264977	68.301872
1413029558	1000	1	2	2	2	1	0	1	1	1	0	0	1	0	0	0	23.50	21.50	2.402271	5.194579	3.262125	68.256096
1413029559	1000	1	1	2	0	0	0	0	1	0	0	0	0	0	0	0	23.50	21.50	2.406300	5.196191	3.262125	68.230919
1413029560	1000	1	1	0	0	0	0	0	0	0	0	0	0	0	0	0	23.50	21.50	2.403077	5.192967	3.257848	68.174812
1413029561	1000	1	0	0	0	0	0	0	0	0	0	0	0	0	0	0	23.50	21.50	2.403883	5.192967	3.304898	69.346100
1413029562	1000	2	0	3	0	0	2	0	0	0	0	0	0	0	0	0	23.50	21.50	2.401465	5.192967	3.252145	68.032837
1413029563	1000	1	0	2	2	0	1	0	0	0	1	0	0	0	0	0	23.50	21.50	2.399048	5.191356	3.252145	68.057976
1413029564	1000	0	4	0	3	0	0	0	0	2	0	0	0	0	0	0	23.50	21.50	2.400659	5.194579	3.246442	67.865791
1413029565	1000	0	1	2	2	0	0	0	1	0	0	0	0	0	0	0	23.50	21.50	2.401465	5.192967	3.246442	67.890862
1413029566	1000	0	1	1	0	0	0	0	0	0	0	0	0	0	0	0	23.50	21.50	2.403883	5.192967	3.227907	67.429451
1413029567	1000	2	3	1	2	0	1	2	0	0	1	0	0	1	0	0	23.50	21.50	2.401465	5.191356	3.240739	67.773941
1413029568	1000	1	0	1	2	0	1	0	0	0	0	0	0	0	0	0	23.50	21.50	2.403077	5.194579	3.240739	67.723862
1413029569	1000	3	0	0	0	0	0	0	0	0	0	0	0	0	0	0	23.50	21.50	2.403077	5.194579	3.227907	67.404518
1413029570	1000	2	1	2	0	1	0	0	0	0	0	0	0	0	0	0	23.50	21.50	2.402271	5.189744	3.233610	67.621429
1413029571	1000	1	1	1	1	0	1	0	0	1	0	0	0	0	0	0	23.50	21.50	2.403883	5.196191	3.225055	67.308662
1413029572	1000	1	4	1	2	1	0	0	1	1	0	0	0	0	0	0	23.50	21.50	2.401465	5.191356	3.233610	67.596420
1413029573	1000	2	1	1	0	1	1	0	0	0	0	0	0	0	0	0	23.50	21.50	2.399048	5.191356	3.229333	67.489906
1413029574	1000	2	1	1	1	0	1	0	0	0	0	0	0	0	0	0	23.50	21.25	2.399048	5.192967	3.227907	67.429451
1413029575	1000	4	0	2	0	0	2	0	0	0	0	0	0	0	0	0	23.50	21.25	2.399048	5.192967	3.226481	67.393959
1413029576	1000	1	0	1	1	0	0	0	0	0	0	0	0	0	0	0	23.50	21.50	2.402271	5.194579	3.226481	67.369041
1413029577	1000	3	0	1	2	0	1	2	0	0	1	0	0	1	0	0	23.50	21.50	2.400659	5.192967	3.132381	65.051392
1413029578	1000	3	2	2	0	2	0	0	0	0	0	0	0	0	0	0	23.50	21.50	2.403077	5.196191	3.210798	66.953949
1413029579	1000	3	1	0	3	1	0	2	0	0	0	0	0	0	0	0	23.50	21.50	2.399853	5.192967	3.219352	67.216492
1413029580	1000	0	2	0	1	0	0	0	0	0	0	0	0	0	0	0	23.50	21.50	2.401465	5.194579	3.217927	67.156143
1413029581	1000	2	1	0	2	1	0	0	0	0	0	0	0	0	0	0	23.50	21.50	2.401465	5.197803	3.216501	67.071022
1413029582	1000	1	0	1	0	0	0	0	0	0	0	0	0	0	0	0	23.50	21.50	2.401465	5.192967	3.247868	67.926369
1413029583	1000	1	0	1	0	0	1	0	0	0	0	0	0	0	0	0	23.50	21.50	2.401465	5.191356	3.212224	67.063858
1413029584	1000	0	1	1	1	0	0	0	0	0	0	0	0	0	0	0	23.50	21.50	2.400659	5.191356	3.212224	67.063858
1413029585	1000	2	1	2	0	1	1	0	0	0	0	0	0	0	0	0	23.50	21.50	2.399853	5.192967	3.200818	66.755089
1413029586	1000	3	1	2	2	0	1	1	0	0	0	0	0	0	0	0	23.50	21.50	2.399048	5.191356	3.206521	66.921837
1413029587	1000	1	1	0	1	0	0	0	0	1	0	0	0	0	0	0	23.50	21.25	2.399048	5.192967	3.206521	66.897057
1413029588	1000	2	1	2	2	1	1	1	0	1	0	0	1	0	0	0	23.50	21.25	2.396630	5.189744	3.203669	66.875610
1413029589	1000	1	1	2	1	0	1	1	0	0	1	0	0	1	0	0	23.50	21.25	2.397436	5.192967	3.202244	66.790573
1413029590	1000	2	3	0	0	1	0	0	0	0	0	0	0	0	0	0	23.50	21.25	2.395824	5.189744	3.200818	66.804581
1413029591	1000	2	0	2	0	0	1	0	0	0	0	0	0	0	0	0	23.50	21.50	2.399048	5.189744	3.197966	66.733543
1413029592	1000	1	0	3	1	0	1	1	0	0	1	0	0	1	0	0	23.50	21.25	2.397436	5.192967	3.196540	66.648605
1413029593	1000	1	4	2	2	0	0	1	2	0	0	0	0	0	0	0	23.50	21.25	2.396630	5.192967	3.196540	66.648605
1413029594	1000	0	1	1	2	0	0	0	0	0	0	0	0	0	0	0	23.00	21.25	2.393407	5.191356	3.193689	66.602303
1413029595	1000	1	1	1	1	0	1	0	0	1	0	0	0	0	0	0	23.00	21.25	2.392601	5.189744	3.190837	66.555962
1413029596	1000	3	2	0	0	2	0	0	0	0	0	0	0	0	0	0	23.00	21.25	2.395018	5.196191	3.190837	66.457352
1413029597	1000	1	2	1	2	0	0	1	1	1	0	0	0	0	0	0	23.00	21.25	2.391795	5.188132	3.187986	66.509605
1413029598	1000	0	1	1	2	0	0	0	1	0	0	0	0	0	0	0	23.00	21.25	2.393407	5.192967	3.173728	66.080711
1413029599	1000	2	0	1	1	0	1	1	0	0	0	0	0	0	0	0	23.00	21.25	2.393407	5.191356	3.187986	66.460281
1413029600	1000	1	2	0	1	0	0	0	0	0	0	0	0	0	0	0	23.00	21.25	2.394212	5.191356	3.186560	66.424774
1413029601	1000	0	2	0	3	0	0	0	0	2	0	0	0	0	0	0	23.00	21.25	2.394212	5.194579	3.175154	66.091675
1413029602	1000	1	0	0	1	0	0	0	0	0	0	0	0	0	0	0	23.00	21.25	2.392601	5.191356	3.178006	66.211746
1413029603	1000	1	1	2	2	0	0	1	1	0	0	0	0	0	0	0	23.00	21.25	2.392601	5.189744	3.168025	65.987717
1413029604	1000	2	1	0	2	0	0	1	0	1	0	0	0	0	0	0	23.00	21.25	2.392601	5.189744	3.179431	66.271851
1413029605	1000	3	2	4	4	0	1	0	1	1	0	0	0	0	0	0	23.00	21.25	2.391795	5.189744	3.173728	66.129784
1413029606	1000	1	0	1	3	0	1	0	0	0	0	0	0	0	0	0	23.00	21.25	2.393407	5.196191	3.178006	66.138107
1413029607	1000	1	0	0	1	0	0	1	0	0	0	0	0	0	0	0	23.00	21.25	2.393407	5.192967	3.168025	65.938728
1413029608	1000	0	0	3	4	0	0	0	0	0	1	0	0	0	0	0	23.00	21.25	2.391795	5.189744	3.173728	66.129784
1413029609	1000	0	1	0	2	0	0	0	0	1	0	0	0	0	0	0	23.00	21.25	2.390989	5.189744	3.170877	66.058754
1413029610	1000	1	1	1	1	1	0	0	0	0	0	0	0	0	0	0	23.00	21.25	2.394212	5.191356	3.172303	66.069733
1413029611	1000	2	0	1	1	0	1	1	0	0	0	0	0	0	0	0	23.00	21.25	2.392601	5.191356	3.169451	65.998726
1413029612	1000	1	2	0	1	1	0	1	0	1	0	0	1	0	0	0	23.00	21.25	2.393407	5.192967	3.165174	65.867744
1413029613	1000	2	1	1	3	0	1	1	0	1	0	0	0	0	0	0	23.00	21.25	2.392601	5.191356	3.163748	65.856705
1413029614	1000	2	2	0	1	2	0	0	0	0	0	0	0	0	0	0	23.00	21.25	2.392601	5.191356	3.162322	65.821198
1413029615	1000	1	0	1	1	0	1	0	0	0	0	0	0	0	0	0	23.00	21.25	2.391795	5.188132	3.163748	65.905655
1413029616	1000	2	1	1	1	1	0	1	0	0	0	0	0	0	0	0	23.00	21.25	2.392601	5.192967	3.160897	65.761269
1413029617	1000	2	1	1	3	0	0	1	0	1	0	0	0	0	0	0	23.00	21.25	2.391795	5.191356	3.150916	65.537163
1413029618	1000	2	1	0	0	1	0	0	0	0	0	0	0	0	0	0	23.00	21.25	2.390989	5.191356	3.158045	65.714691
1413029619	1000	2	0	1	0	0	1	0	0	0	0	0	0	0	0	0	23.00	21.25	2.392601	5.192967	3.158045	65.690277
1413029620	1000	0	2	0	2	0	0	0	0	1	0	0	0	0	0	0	23.00	21.25	2.391795	5.191356	3.158045	65.714691
1413029621	1000	1	2	1	2	0	0	1	1	1	0	0	0	0	0	0	23.00	21.25	2.391795	5.189744	3.152342	65.597046
1413029622	1000	3	1	0	0	1	0	0	0	0	0	0	0	0	0	0	23.00	21.25	2.391795	5.189744	3.152342	65.597046
1413029623	1000	1	0	1	1	0	0	1	0	0	0	0	0	0	0	0	23.00	21.25	2.390989	5.191356	3.148065	65.466156
1413029624	1000	2	2	1	2	0	0	1	1	1	0	0	0	0	0	0	23.00	21.25	2.390183	5.188132	3.148065	65.514862
1413029625	1000	1	0	0	1	0	0	1	0	0	0	0	0	0	0	0	23.00	21.25	2.389377	5.188132	3.139510	65.301704
1413029626	1000	0	1	1	5	0	0	0	0	0	1	0	0	0	0	0	23.00	21.25	2.390989	5.192967	3.130956	65.015900
1413029627	1000	0	0	1	2	0	0	0	0	0	0	0	0	0	0	0	23.00	21.25	2.390989	5.192967	3.145213	65.370842
1413029628	1000	1	0	0	1	0	0	1	0	0	0	0	0	0	0	0	23.00	21.25	2.389377	5.191356	3.143788	65.359642
1413029629	1000	1	3	1	1	1	0	0	1	1	0	0	0	0	0	0	23.00	21.25	2.390183	5.192967	3.142362	65.299850
1413029630	1000	2	1	2	2	0	1	1	0	1	0	0	0	0	0	0	23.00	21.25	2.390989	5.192967	3.135233	65.122383
1413029631	1000	1	1	0	2	1	0	0	0	0	0	0	0	0	0	0	23.00	21.25	2.388572	5.189744	3.138085	65.241890
1413029633	1000	1	1	1	0	0	0	0	0	0	0	0	0	0	0	0	23.00	21.25	2.391795	5.194579	3.138085	65.169136
1413029634	1000	0	1	2	2	0	0	0	0	1	0	0	0	0	0	0	23.00	21.25	2.389377	5.191356	3.123827	64.862579
1413029635	1000	2	2	1	3	0	1	0	0	1	0	0	0	0	0	0	23.00	21.25	2.387766	5.189744	3.135233	65.170860
1413029636	1000	4	4	3	3	1	1	1	0	1	0	0	0	0	0	0	23.00	21.25	2.386960	5.191356	3.115273	64.649559
1413029637	1000	0	0	0	2	0	0	0	0	0	0	0	0	0	0	0	23.00	21.25	2.386960	5.188132	3.129530	65.053017
1413029638	1000	1	1	1	2	0	0	1	1	0	0	0	0	0	0	0	23.00	21.25	2.389377	5.194579	3.126678	64.885269
1413029639	1000	2	2	3	1	1	0	1	1	1	0	0	1	0	0	0	23.00	21.25	2.387766	5.189744	3.125253	64.922249
1413029640	1000	2	1	1	1	1	1	1	0	0	1	0	0	1	0	0	23.00	21.25	2.390183	5.191356	3.123827	64.862579
1413029641	1000	1	2	2	1	0	1	0	1	1	0	0	0	0	0	0	23.00	21.25	2.387766	5.191356	3.125253	64.898087
1413029642	1000	2	0	2	1	0	1	1	0	0	0	0	0	0	0	0	23.00	21.25	2.389377	5.189744	3.096738	64.211945
1413029643	1000	2	3	4	3	0	1	0	0	0	1	0	0	0	0	0	23.00	21.25	2.387766	5.192967	3.105292	64.377022
1413029644	1000	0	2	1	4	0	0	0	0	2	0	0	0	0	0	0	23.00	21.25	2.386960	5.191356	3.118124	64.720566
1413029645	1000	1	4	2	4	0	0	0	1	2	1	0	0	0	0	0	23.00	21.25	2.386960	5.189744	3.115273	64.673645
1413029646	1000	2	1	2	2	0	1	0	1	0	0	0	0	0	0	0	23.00	21.25	2.385348	5.186521	3.110995	64.615265
1413029647	1000	0	0	0	2	0	0	0	0	0	0	0	0	0	0	0	23.00	21.25	2.384542	5.188132	3.139510	65.301704
1413029648	1000	1	0	1	0	0	1	0	0	0	0	0	0	0	0	0	23.00	21.00	2.382931	5.188132	3.109570	64.555649
1413029649	1000	3	4	2	1	2	1	0	1	0	0	0	0	0	0	0	23.00	21.00	2.383736	5.189744	3.105292	64.425041
1413029650	1000	0	0	0	1	0	0	0	0	0	0	0	0	0	0	0	23.00	21.00	2.383736	5.189744	3.091035	64.069885
1413029651	1000	4	1	1	1	1	1	0	1	0	0	1	0	0	0	0	23.00	21.00	2.382931	5.189744	3.103866	64.389519
1413029652	1000	0	0	0	1	0	0	0	0	0	0	0	0	0	0	0	23.00	21.00	2.381319	5.189744	3.093886	64.140915
1413029653	1000	0	0	0	1	0	0	0	0	0	0	0	0	0	0	0	23.00	21.00	2.382125	5.188132	3.099589	64.306961
1413029654	1000	2	0	2	0	0	1	0	0	0	0	0	0	0	0	0	23.00	21.00	2.383736	5.191356	3.098163	64.223503
1413029655	1000	2	0	0	2	0	0	1	0	0	0	0	0	0	0	0	23.00	21.00	2.384542	5.191356	3.095312	64.152496
1413029656	1000	0	0	1	0	0	0	0	0	0	0	0	0	0	0	0	23.00	21.25	2.386960	5.191356	3.093886	64.116989
1413029657	1000	1	1	0	1	1	0	0	0	0	0	0	0	0	0	0	23.00	21.00	2.382125	5.189744	3.091035	64.069885
1413029658	1000	2	3	2	0	2	0	0	0	0	0	0	0	0	0	0	23.00	21.00	2.382931	5.189744	3.153768	65.632561
1413029659	1000	3	3	1	3	1	1	1	1	2	0	1	0	0	0	0	23.00	21.00	2.380513	5.188132	3.086757	63.987228
1413029660	1000	3	1	1	0	1	1	0	0	0	0	0	0	0	0	0	23.00	21.00	2.383736	5.192967	3.085332	63.880116
1413029661	1000	2	1	3	1	1	0	1	0	0	0	0	0	0	0	0	23.00	21.00	2.379707	5.184909	3.083906	63.963943
1413029662	1000	2	3	1	2	2	1	1	1	1	0	1	1	0	0	0	23.00	21.00	2.379707	5.191356	3.083906	63.868458
1413029663	1000	3	2	0	0	1	0	0	0	0	0	0	0	0	0	0	23.00	21.00	2.378901	5.189744	3.066797	63.466122
1413029664	1000	2	2	1	0	0	0	0	1	0	0	0	0	0	0	0	23.00	21.00	2.378901	5.186521	3.076777	63.762371
1413029665	1000	3	2	2	1	1	2	0	0	0	0	0	0	0	0	0	23.00	21.00	2.377290	5.191356	3.076777	63.690937
1413029666	1000	1	1	1	0	0	1	0	0	0	0	0	0	0	0	0	23.00	21.00	2.377290	5.189744	3.076777	63.714733
1413029667	1000	1	4	2	3	0	0	0	1	3	0	0	0	0	0	0	23.00	21.00	2.378095	5.191356	3.071074	63.548916
1413029668	1000	0	0	0	0	0	0	0	0	0	0	0	0	0	0	0	23.00	21.00	2.377290	5.186521	3.066797	63.513599
1413029669	1000	2	1	0	2	0	0	0	0	1	0	0	0	0	0	0	23.00	21.00	2.378901	5.194579	3.066797	63.395016
1413029670	1000	1	3	0	5	1	0	0	0	1	0	0	0	0	0	0	23.00	21.00	2.377290	5.189744	3.066797	63.466122
1413029671	1000	1	1	1	4	0	0	1	0	1	0	0	0	0	0	0	23.00	21.00	2.378901	5.191356	3.068223	63.477901
1413029672	1000	0	0	1	1	0	0	0	0	0	0	0	0	0	0	0	23.00	21.00	2.376484	5.192967	3.065371	63.383205
1413029673	1000	3	1	0	1	1	0	1	0	0	0	0	0	0	0	0	23.00	21.00	2.378095	5.189744	3.063945	63.395092
1413029674	1000	2	1	0	1	0	0	1	0	0	0	0	0	0	0	0	23.00	21.00	2.378901	5.189744	3.048262	63.004425
1413029675	1000	0	1	1	1	0	0	0	0	1	0	0	0	0	0	0	23.00	21.00	2.376484	5.186521	3.046836	63.016079
1413029676	1000	0	0	2	2	0	0	0	0	0	1	0	0	0	0	0	23.00	21.00	2.375678	5.189744	3.055391	63.181999
1413029677	1000	2	1	0	2	1	0	2	0	1	0	0	1	0	0	0	23.00	21.00	2.377290	5.189744	3.056817	63.217514
1413029678	1000	2	1	0	2	1	0	2	0	1	0	0	1	0	0	0	23.00	21.00	2.377290	5.188132	3.055391	63.205647
1413029679	1000	2	1	3	3	0	1	1	0	0	1	0	0	0	0	0	23.00	21.00	2.377290	5.189744	3.041133	62.826839
1413029680	1000	0	0	1	1	0	0	0	0	0	1	0	0	0	0	0	23.00	21.00	2.375678	5.186521	3.051114	63.122688
1413029681	1000	3	0	1	2	0	1	2	0	0	0	0	0	0	0	0	23.00	21.00	2.378095	5.188132	3.052539	63.134590
1413029682	1000	0	1	0	1	0	0	0	0	0	0	0	0	0	0	0	23.00	21.00	2.377290	5.189744	3.039707	62.791328
1413029683	1000	1	2	0	0	1	0	0	0	0	0	0	0	0	0	0	23.00	21.00	2.375678	5.188132	3.042559	62.885906
1413029684	1000	2	1	1	1	1	1	0	0	0	0	0	0	0	0	0	23.00	21.00	2.376484	5.189744	3.043985	62.897877
1413029685	1000	1	1	1	0	0	0	0	0	0	0	0	0	0	0	0	23.00	21.00	2.376484	5.189744	3.041133	62.826839
1413029686	1000	3	1	0	2	0	0	1	0	1	0	0	0	0	0	0	23.00	21.00	2.377290	5.192967	3.041133	62.779819
1413029687	1000	0	1	1	0	0	0	0	1	0	0	0	0	0	0	0	23.00	21.00	2.374872	5.186521	3.041133	62.873924
1413029688	1000	0	0	3	0	0	0	0	0	0	0	0	0	0	0	0	23.00	21.00	2.374872	5.189744	3.039707	62.791328
1413029689	1000	1	2	2	2	0	0	1	1	0	0	0	0	0	0	0	23.00	21.00	2.376484	5.189744	3.034004	62.649261
1413029690	1000	2	4	1	2	0	1	1	0	1	0	0	0	0	0	0	23.00	21.00	2.374872	5.186521	3.019747	62.340858
1413029691	1000	0	1	1	4	0	0	0	0	1	0	0	0	0	0	0	23.00	21.00	2.375678	5.191356	3.021173	62.306267
1413029692	1000	3	4	3	4	3	0	2	1	2	1	0	2	0	0	0	23.00	21.00	2.374872	5.189744	3.028301	62.507206
1413029693	1000	1	0	1	0	0	0	0	0	0	0	0	0	0	0	0	23.00	21.00	2.375678	5.192967	3.028301	62.460381
1413029694	1000	0	1	4	1	0	0	0	1	0	1	0	0	0	0	0	23.00	20.75	2.371648	5.189744	3.026876	62.471687
1413029695	1000	1	2	1	1	0	0	0	0	0	1	0	0	0	0	0	23.00	20.75	2.370842	5.188132	3.011193	62.104321
1413029696	1000	1	2	3	1	0	0	0	1	0	0	0	0	0	0	0	23.00	20.75	2.370842	5.188132	3.024024	62.424061
1413029697	1000	2	1	3	1	1	1	0	0	0	0	0	0	0	0	0	23.00	20.75	2.371648	5.189744	3.024024	62.400661
1413029698	1000	1	1	1	0	0	0	0	0	0	0	0	0	0	0	0	23.00	20.75	2.371648	5.189744	3.009767	62.045498
1413029699	1000	0	1	0	1	0	0	0	0	0	0	0	0	0	0	0	23.00	20.75	2.371648	5.189744	3.018321	62.258595
1413029700	1000	1	2	3	1	0	0	0	1	1	0	0	0	0	0	0	23.00	21.00	2.373260	5.191356	3.011193	62.057735
1413029701	1000	1	1	2	2	0	0	1	1	0	0	0	0	0	0	0	23.00	20.75	2.370037	5.186521	3.011193	62.127640
1413029702	1000	2	3	2	2	1	1	0	0	0	0	0	0	0	0	0	23.00	20.75	2.370842	5.189744	3.014044	62.152050
1413029703	1000	2	1	1	0	0	1	0	0	0	0	0	0	0	0	0	23.00	20.75	2.370842	5.188132	3.012618	62.139851
1413029704	1000	2	1	2	3	1	0	1	0	0	0	0	0	0	0	0	23.00	21.00	2.373260	5.188132	3.008341	62.033264
1413029705	1000	2	2	1	2	0	1	0	0	2	0	0	0	0	0	0	23.00	20.75	2.370037	5.186521	3.005489	61.985485
1413029706	1000	0	2	0	2	0	0	0	0	1	0	0	0	0	0	0	23.00	21.00	2.370037	5.184909	2.988380	61.582191
1413029707	1000	1	1	1	0	0	0	0	1	0	0	0	0	0	0	0	23.00	20.75	2.367619	5.186521	3.002638	61.914410
1413029708	1000	2	2	2	2	1	0	1	1	0	0	0	0	0	0	0	23.00	20.75	2.365201	5.188132	3.004064	61.926689
1413029709	1000	2	1	2	0	0	1	0	1	0	0	0	0	0	0	0	22.50	20.75	2.366007	5.192967	2.998361	61.715015
1413029710	1000	0	0	2	0	0	0	0	0	0	0	0	0	0	0	0	23.00	20.75	2.366007	5.189744	2.999786	61.796898
1413029711	1000	2	2	1	0	2	0	0	0	0	0	0	0	0	0	0	23.00	20.75	2.365201	5.188132	2.985529	61.464848
1413029712	1000	2	3	1	0	2	0	0	0	0	0	0	0	0	0	0	23.00	20.75	2.364396	5.186521	2.996935	61.772263
1413029713	1000	1	0	3	3	0	1	0	0	0	1	0	0	0	0	0	23.00	20.75	2.366813	5.186521	2.991232	61.630112
1413029714	1000	1	3	4	1	0	1	0	0	0	0	0	0	0	0	0	23.00	20.75	2.366007	5.189744	2.976974	61.228645
1413029715	1000	0	2	2	1	0	0	0	2	0	0	0	0	0	0	0	23.00	20.75	2.366813	5.189744	2.991232	61.583801
1413029716	1000	0	0	1	0	0	0	0	0	0	0	0	0	0	0	0	23.00	20.75	2.367619	5.191356	2.978400	61.241131
