quad V2.5
time	int	cnt1	cnt2	cnt3	cnt4	1&2	1&3	1&4	2&3	2&4	3&4	1&2&3	1&2&4	1&3&4	2&3&4	1&2&3&4	digTemp	temp	adct	adcr	adcp	pressure
1413029717	1000	4	1	3	2	1	2	2	0	1	0	0	1	0	0	0	22.50	20.75	2.365201	5.189744	2.982677	61.370712
1413029718	1000	2	2	0	1	0	0	1	0	0	0	0	0	0	0	0	22.50	20.75	2.366007	5.184909	2.981252	61.404449
1413029719	1000	1	1	2	0	1	0	0	0	0	0	0	0	0	0	0	22.50	20.75	2.364396	5.183297	2.976974	61.320877
1413029720	1000	1	0	2	1	0	0	0	0	0	0	0	0	0	0	0	23.00	20.75	2.366813	5.189744	2.981252	61.335197
1413029721	1000	3	2	3	0	1	2	0	1	0	0	1	0	0	0	0	23.00	20.75	2.366813	5.189744	2.978400	61.264160
1413029722	1000	2	1	3	3	1	1	0	1	0	1	1	0	0	0	0	22.50	20.75	2.364396	5.186521	2.974123	61.203663
1413029723	1000	1	0	0	1	0	0	0	0	0	0	0	0	0	0	0	22.50	20.75	2.363590	5.184909	2.969846	61.120060
1413029724	1000	0	1	2	1	0	0	0	1	0	0	0	0	0	0	0	22.50	20.75	2.362784	5.188132	2.966994	61.002998
1413029725	1000	1	1	1	0	0	1	0	0	0	0	0	0	0	0	0	22.50	20.75	2.361172	5.184909	2.966994	61.048962
1413029726	1000	4	3	4	3	1	3	2	1	0	1	1	0	1	0	0	22.50	20.75	2.363590	5.189744	2.968420	61.015556
1413029727	1000	3	3	3	3	2	1	2	2	1	0	1	1	0	0	0	22.50	20.75	2.361978	5.186521	2.965568	60.990437
1413029728	1000	2	3	1	1	1	0	0	1	1	0	0	0	0	0	0	22.50	20.75	2.364396	5.191356	2.965568	60.921593
1413029729	1000	3	3	0	2	1	0	2	0	0	0	0	0	0	0	0	22.50	20.75	2.362784	5.186521	2.948459	60.563992
1413029730	1000	1	1	0	4	0	0	1	0	1	0	0	0	0	0	0	22.50	20.75	2.364396	5.189744	2.949885	60.553856
1413029731	1000	0	1	1	0	0	0	0	0	0	0	0	0	0	0	0	22.50	20.75	2.362784	5.188132	2.961291	60.860893
1413029732	1000	2	0	3	0	0	2	0	0	0	0	0	0	0	0	0	22.50	20.75	2.363590	5.189744	2.958440	60.766949
1413029733	1000	4	1	4	0	0	3	0	1	0	0	0	0	0	0	0	22.50	20.75	2.361978	5.189744	2.958440	60.766949
1413029734	1000	2	3	3	4	0	1	1	0	1	0	0	0	0	0	0	22.50	20.75	2.359560	5.188132	2.939905	60.327995
1413029735	1000	3	1	1	2	0	1	1	0	0	0	0	0	0	0	0	22.50	20.75	2.359560	5.186521	2.954162	60.706135
1413029736	1000	1	0	0	2	0	0	0	0	0	0	0	0	0	0	0	22.50	20.75	2.361978	5.188132	2.952737	60.647739
1413029737	1000	3	1	2	2	0	2	0	0	1	0	0	0	0	0	0	22.50	20.75	2.360366	5.186521	2.939905	60.350761
1413029738	1000	0	1	2	0	0	0	0	1	0	0	0	0	0	0	0	22.50	20.75	2.359560	5.189744	2.948459	60.518345
1413029739	1000	4	3	1	0	2	0	0	0	0	0	0	0	0	0	0	22.50	20.75	2.357949	5.186521	2.934202	60.208611
1413029740	1000	3	3	3	2	2	1	1	0	1	1	0	1	0	0	0	22.50	20.75	2.358755	5.188132	2.947033	60.505623
1413029741	1000	0	1	0	2	0	0	0	0	1	0	0	0	0	0	0	22.50	20.50	2.359560	5.194579	2.945608	60.379009
1413029742	1000	1	1	0	0	1	0	0	0	0	0	0	0	0	0	0	22.50	20.75	2.358755	5.188132	2.944182	60.434570
1413029743	1000	0	0	2	2	0	0	0	0	0	1	0	0	0	0	0	22.50	20.75	2.359560	5.189744	2.942756	60.376282
1413029744	1000	2	3	1	0	1	1	0	0	0	0	0	0	0	0	0	22.50	20.50	2.356337	5.184909	2.938479	60.337986
1413029745	1000	0	0	1	0	0	0	0	0	0	0	0	0	0	0	0	22.50	20.50	2.357143	5.186521	2.959865	60.848286
1413029746	1000	0	1	1	2	0	0	0	0	0	0	0	0	0	0	0	22.50	20.50	2.356337	5.186521	2.937053	60.279686
1413029747	1000	1	1	1	2	0	1	0	0	1	0	0	0	0	0	0	22.50	20.50	2.356337	5.188132	2.934202	60.185894
1413029748	1000	0	1	0	1	0	0	0	0	0	0	0	0	0	0	0	22.50	20.50	2.358755	5.189744	2.935627	60.198696
1413029749	1000	1	0	2	2	0	0	1	0	0	0	0	0	0	0	0	22.50	20.50	2.357143	5.186521	2.931350	60.137539
1413029750	1000	0	1	0	2	0	0	0	0	0	0	0	0	0	0	0	22.50	20.50	2.354725	5.184909	2.915667	59.769215
1413029751	1000	2	0	2	4	0	0	1	0	0	0	0	0	0	0	0	22.50	20.50	2.353114	5.183297	2.927073	60.076290
1413029752	1000	0	0	3	2	0	0	0	0	0	0	0	0	0	0	0	22.50	20.50	2.353920	5.183297	2.927073	60.076290
1413029753	1000	1	1	2	3	0	0	1	0	0	1	0	0	0	0	0	22.50	20.50	2.357143	5.189744	2.914241	59.665966
1413029754	1000	2	2	2	1	1	1	0	1	0	0	0	0	0	0	0	22.50	20.50	2.356337	5.186521	2.925647	59.995388
1413029755	1000	2	1	0	3	1	0	1	0	0	0	0	0	0	0	0	22.50	20.50	2.355531	5.186521	2.921370	59.888771
1413029756	1000	2	2	1	1	2	0	1	0	1	0	0	1	0	0	0	22.50	20.50	2.354725	5.183297	2.924222	60.005173
1413029757	1000	2	0	4	0	0	2	0	0	0	0	0	0	0	0	0	22.50	20.50	2.354725	5.186521	2.921370	59.888771
1413029758	1000	3	3	3	1	2	2	0	2	0	0	1	0	0	0	0	22.50	20.50	2.353114	5.184909	2.918519	59.840313
1413029759	1000	0	2	1	2	0	0	0	1	1	0	0	0	0	0	0	22.50	20.50	2.355531	5.189744	2.919944	59.808037
1413029760	1000	0	1	1	1	0	0	0	0	1	0	0	0	0	0	0	22.50	20.50	2.351502	5.183297	2.912815	59.720692
1413029761	1000	1	1	0	0	1	0	0	0	0	0	0	0	0	0	0	22.50	20.50	2.352308	5.186521	2.902835	59.426781
1413029762	1000	1	0	2	1	0	1	0	0	0	0	0	0	0	0	0	22.50	20.50	2.352308	5.184909	2.912815	59.698112
1413029763	1000	3	2	1	2	1	0	2	1	1	0	0	1	0	0	0	22.50	20.50	2.354725	5.189744	2.914241	59.665966
1413029764	1000	1	2	5	1	0	1	0	1	0	0	0	0	0	0	0	22.50	20.50	2.352308	5.188132	2.909964	59.581940
1413029765	1000	2	0	2	1	0	1	1	0	0	0	0	0	0	0	0	22.50	20.50	2.353114	5.186521	2.908538	59.568932
1413029766	1000	2	0	3	2	0	1	1	0	0	1	0	0	0	0	0	22.50	20.50	2.352308	5.188132	2.895706	59.226673
1413029767	1000	2	5	3	4	1	0	1	1	2	1	0	0	0	1	0	22.50	20.50	2.349084	5.183297	2.902835	59.471783
1413029768	1000	1	1	2	3	0	1	0	0	1	0	0	0	0	0	0	22.50	20.50	2.351502	5.186521	2.904261	59.462318
1413029769	1000	0	1	2	2	0	0	0	0	0	0	0	0	0	0	0	22.50	20.50	2.349890	5.184909	2.898558	59.342632
1413029770	1000	3	0	3	2	0	1	0	0	0	0	0	0	0	0	0	22.50	20.50	2.349084	5.184909	2.901409	59.413727
1413029771	1000	3	1	0	2	1	0	1	0	0	0	0	0	0	0	0	22.50	20.50	2.349890	5.188132	2.901409	59.368782
1413029772	1000	1	2	3	1	1	0	0	0	0	0	0	0	0	0	0	22.50	20.50	2.349084	5.184909	2.898558	59.342632
1413029773	1000	2	0	3	0	0	2	0	0	0	0	0	0	0	0	0	22.50	20.50	2.350696	5.188132	2.897132	59.262199
1413029774	1000	1	2	2	1	0	1	0	0	1	0	0	0	0	0	0	22.50	20.50	2.349890	5.188132	2.895706	59.226673
1413029775	1000	1	3	3	3	0	1	0	1	2	0	0	0	0	0	0	22.50	20.50	2.346667	5.184909	2.894281	59.235981
1413029776	1000	2	3	1	2	0	0	0	1	1	0	0	0	0	0	0	22.50	20.50	2.348279	5.186521	2.891429	59.142487
1413029777	1000	1	1	2	0	0	0	0	0	0	0	0	0	0	0	0	22.50	20.50	2.349084	5.183297	2.880023	58.902824
1413029778	1000	2	1	3	1	0	1	0	0	1	0	0	0	0	0	0	22.50	20.50	2.346667	5.184909	2.881449	58.916046
1413029779	1000	0	0	0	0	0	0	0	0	0	0	0	0	0	0	0	22.50	20.50	2.346667	5.184909	2.890003	59.129337
1413029780	1000	1	3	2	1	0	0	0	1	1	0	0	0	0	0	0	22.50	20.25	2.345861	5.184909	2.887152	59.058247
1413029781	1000	2	1	0	0	1	0	0	0	0	0	0	0	0	0	0	22.50	20.25	2.346667	5.186521	2.887152	59.035873
1413029782	1000	0	1	1	0	0	0	0	1	0	0	0	0	0	0	0	22.50	20.25	2.346667	5.186521	2.864340	58.467274
1413029783	1000	2	1	0	4	1	0	2	0	1	0	0	1	0	0	0	22.50	20.25	2.345861	5.186521	2.882874	58.929256
1413029784	1000	3	3	3	1	2	1	0	0	0	0	0	0	0	0	0	22.50	20.25	2.345055	5.183297	2.880023	58.902824
1413029785	1000	4	0	2	1	0	1	0	0	0	0	0	0	0	0	0	22.50	20.25	2.345055	5.184909	2.867191	58.560566
1413029786	1000	2	3	2	2	1	0	0	0	1	0	0	0	0	0	0	22.50	20.25	2.345055	5.186521	2.878597	58.822643
1413029787	1000	2	2	0	3	1	0	1	0	0	0	0	0	0	0	0	22.50	20.25	2.344249	5.184909	2.875746	58.773853
1413029788	1000	1	3	0	2	1	0	0	0	1	0	0	0	0	0	0	22.50	20.25	2.341026	5.180074	2.870043	58.698456
1413029789	1000	0	0	0	2	0	0	0	0	0	0	0	0	0	0	0	22.50	20.25	2.342638	5.181685	2.872894	58.747314
1413029790	1000	1	0	1	1	0	1	0	0	0	0	0	0	0	0	0	22.50	20.25	2.345055	5.186521	2.872894	58.680500
1413029791	1000	1	2	2	1	1	0	0	1	0	0	0	0	0	0	0	22.50	20.25	2.343443	5.181685	2.870043	58.676170
1413029792	1000	1	1	0	0	1	0	0	0	0	0	0	0	0	0	0	22.50	20.25	2.345055	5.186521	2.867191	58.538349
1413029793	1000	4	1	1	3	1	1	1	0	0	1	0	0	1	0	0	22.50	20.25	2.342638	5.183297	2.921370	59.934055
1413029794	1000	4	1	3	0	1	3	0	0	0	0	0	0	0	0	0	22.50	20.25	2.342638	5.184909	2.864340	58.489464
1413029795	1000	5	3	1	2	2	0	2	1	0	0	0	0	0	0	0	22.50	20.25	2.341026	5.183297	2.864340	58.511677
1413029796	1000	4	3	1	3	2	1	2	0	1	0	0	1	0	0	0	22.00	20.25	2.342638	5.184909	2.864340	58.489464
1413029797	1000	2	1	2	2	1	1	1	0	1	0	0	1	0	0	0	22.00	20.25	2.341026	5.183297	2.858637	58.369431
1413029798	1000	2	2	2	2	0	1	0	0	2	0	0	0	0	0	0	22.50	20.25	2.340220	5.181685	2.851508	58.213749
1413029799	1000	3	3	3	2	1	2	0	1	0	0	0	0	0	0	0	22.00	20.25	2.340220	5.181685	2.858637	58.391613
1413029800	1000	1	2	2	1	1	0	0	1	0	0	0	0	0	0	0	22.00	20.25	2.341026	5.188132	2.860063	58.338516
1413029801	1000	1	2	2	4	1	0	0	1	0	1	0	0	0	0	0	22.00	20.25	2.342638	5.186521	2.844379	57.969746
1413029802	1000	2	1	0	2	1	0	2	0	1	0	0	1	0	0	0	22.50	20.25	2.341026	5.183297	2.851508	58.191631
1413029803	1000	1	0	0	1	0	0	1	0	0	0	0	0	0	0	0	22.00	20.25	2.339414	5.180074	2.840102	57.951237
1413029804	1000	2	1	4	3	0	2	0	0	1	0	0	0	0	0	0	22.00	20.25	2.339414	5.183297	2.854360	58.262756
1413029805	1000	1	3	4	1	0	0	0	1	1	0	0	0	0	0	0	22.00	20.25	2.337802	5.183297	2.848656	58.120514
1413029806	1000	6	0	2	0	0	2	0	0	0	0	0	0	0	0	0	22.00	20.25	2.337802	5.183297	2.845805	58.049397
1413029807	1000	1	3	4	2	0	0	1	1	1	0	0	0	0	0	0	22.00	20.25	2.338608	5.184909	2.848656	58.098427
1413029808	1000	0	2	2	2	0	0	0	2	0	0	0	0	0	0	0	22.00	20.25	2.337802	5.181685	2.844379	58.035904
1413029809	1000	1	1	1	0	0	1	0	0	0	0	0	0	0	0	0	22.00	20.25	2.337802	5.183297	2.832973	57.729362
1413029810	1000	3	3	1	3	1	0	2	1	1	0	0	1	0	0	0	22.00	20.25	2.336996	5.183297	2.841528	57.942715
1413029811	1000	2	2	2	3	1	1	0	0	1	1	0	0	0	0	0	22.00	20.25	2.336996	5.183297	2.841528	57.942715
1413029812	1000	1	1	2	1	0	0	0	0	0	1	0	0	0	0	0	22.00	20.25	2.339414	5.184909	2.841528	57.920689
1413029813	1000	3	3	3	1	1	0	1	2	0	0	0	0	0	0	0	22.00	20.25	2.339414	5.183297	2.838676	57.871597
1413029814	1000	2	2	1	4	1	1	1	0	2	0	0	1	0	0	0	22.00	20.25	2.338608	5.183297	2.825845	57.551563
1413029815	1000	1	2	2	3	0	0	1	0	1	0	0	0	0	0	0	22.00	20.25	2.337802	5.183297	2.834399	57.764923
1413029816	1000	1	1	1	2	0	0	1	0	1	0	0	0	0	0	0	22.00	20.25	2.336996	5.184909	2.835825	57.778496
1413029817	1000	3	1	1	1	1	1	0	0	0	0	0	0	0	0	0	22.00	20.25	2.335385	5.184909	2.822993	57.458561
1413029818	1000	1	1	5	2	0	1	1	1	1	2	0	0	1	1	0	22.00	20.25	2.334579	5.180074	2.830122	57.702164
1413029819	1000	0	1	1	2	0	0	0	0	1	0	0	0	0	0	0	22.00	20.25	2.334579	5.181685	2.825845	57.573490
1413029820	1000	1	1	1	2	0	1	0	0	0	0	0	0	0	0	0	22.00	20.25	2.333773	5.181685	2.828696	57.644627
1413029821	1000	0	1	1	1	0	0	0	0	1	0	0	0	0	0	0	22.00	20.25	2.336190	5.188132	2.827270	57.521404
1413029822	1000	2	1	2	3	0	1	1	0	1	0	0	0	0	0	0	22.00	20.25	2.335385	5.181685	2.827270	57.609058
1413029823	1000	1	1	1	4	0	0	1	0	1	1	0	0	0	0	0	22.00	20.25	2.336190	5.183297	2.825845	57.551563
1413029824	1000	2	0	1	1	0	1	1	0	0	0	0	0	0	0	0	22.00	20.25	2.336190	5.184909	2.824419	57.494110
1413029825	1000	2	2	3	3	1	1	1	1	1	0	1	0	0	0	0	22.00	20.25	2.336190	5.181685	2.807310	57.111069
1413029826	1000	2	1	1	0	1	1	0	0	0	0	0	0	0	0	0	22.00	20.25	2.334579	5.178462	2.805884	57.119064
1413029827	1000	2	3	0	5	2	0	2	0	3	0	0	2	0	0	0	22.00	20.25	2.335385	5.181685	2.818716	57.395626
1413029828	1000	4	2	2	2	1	1	1	0	0	0	0	0	0	0	0	22.00	20.25	2.335385	5.183297	2.815864	57.302643
1413029829	1000	1	6	2	2	1	0	0	1	2	0	0	0	0	0	0	22.00	20.25	2.335385	5.184909	2.814438	57.245258
1413029830	1000	1	1	0	3	0	0	0	0	1	0	0	0	0	0	0	22.00	20.25	2.334579	5.180074	2.797329	56.883781
1413029831	1000	1	1	2	0	0	1	0	0	0	0	0	0	0	0	0	22.00	20.25	2.333773	5.180074	2.810161	57.204021
1413029832	1000	2	2	4	4	0	1	1	1	1	0	0	0	0	0	0	22.00	20.25	2.334579	5.183297	2.807310	57.089291
1413029833	1000	2	2	3	2	1	0	1	1	0	1	0	0	0	0	0	22.00	20.25	2.336190	5.186521	2.797329	56.797005
1413029834	1000	2	0	3	2	0	1	1	0	0	0	0	0	0	0	0	22.00	20.25	2.333773	5.183297	2.803032	56.982601
1413029835	1000	1	0	0	0	0	0	0	0	0	0	0	0	0	0	0	22.00	20.00	2.331355	5.181685	2.791626	56.719784
1413029836	1000	0	1	3	4	0	0	0	1	0	0	0	0	0	0	0	22.00	20.00	2.330549	5.180074	2.795904	56.848206
1413029837	1000	5	3	2	3	2	1	2	0	1	0	0	0	0	0	0	22.00	20.00	2.333773	5.186521	2.798755	56.832550
1413029838	1000	1	1	1	1	0	0	1	0	0	0	0	0	0	0	0	22.00	20.00	2.330549	5.180074	2.793052	56.777046
1413029839	1000	1	3	3	0	1	1	0	2	0	0	1	0	0	0	0	22.00	20.25	2.335385	5.184909	2.794478	56.747585
1413029840	1000	2	3	3	5	1	2	1	2	1	1	1	0	1	0	0	22.00	20.00	2.332161	5.183297	2.793052	56.733696
1413029841	1000	2	0	2	2	0	1	0	0	0	0	0	0	0	0	0	22.00	20.00	2.330549	5.181685	2.778795	56.399651
1413029842	1000	0	0	2	1	0	0	0	0	0	0	0	0	0	0	0	22.00	20.00	2.329744	5.180074	2.787349	56.634708
1413029843	1000	1	2	1	0	1	0	0	0	0	0	0	0	0	0	0	22.00	20.00	2.331355	5.180074	2.787349	56.634708
1413029844	1000	1	0	4	1	0	1	0	0	0	0	0	0	0	0	0	22.00	20.00	2.332967	5.186521	2.787349	56.548241
1413029845	1000	2	1	2	0	1	0	0	0	0	0	0	0	0	0	0	22.00	20.00	2.332967	5.184909	2.785923	56.534294
1413029846	1000	1	1	1	2	0	0	0	1	0	0	0	0	0	0	0	22.00	20.00	2.331355	5.180074	2.768814	56.172150
1413029847	1000	1	3	2	1	0	1	0	1	1	0	0	0	0	0	0	22.00	20.00	2.331355	5.180074	2.777369	56.385639
1413029848	1000	2	4	2	1	2	0	0	1	1	0	0	0	0	0	0	22.00	20.00	2.331355	5.180074	2.777369	56.385639
1413029849	1000	1	1	3	2	0	1	0	1	0	0	0	0	0	0	0	22.00	20.00	2.329744	5.183297	2.763111	55.986938
1413029850	1000	1	1	1	2	0	0	1	0	1	0	0	0	0	0	0	22.00	20.00	2.330549	5.181685	2.773092	56.257362
1413029851	1000	1	3	1	4	0	0	0	1	2	1	0	0	0	1	0	22.00	20.00	2.329744	5.181685	2.755982	55.830517
1413029852	1000	2	0	2	1	0	2	0	0	0	0	0	0	0	0	0	22.00	20.00	2.326520	5.178462	2.768814	56.193657
1413029853	1000	3	2	2	2	1	0	0	0	1	0	0	0	0	0	0	22.00	20.00	2.327326	5.183297	2.768814	56.129177
1413029854	1000	3	6	4	5	1	1	2	2	1	1	1	1	1	1	1	22.00	20.00	2.327326	5.181685	2.767389	56.115086
1413029855	1000	2	1	0	2	0	0	1	0	0	0	0	0	0	0	0	22.00	20.00	2.328938	5.184909	2.765963	56.036613
1413029856	1000	2	2	1	5	0	0	1	1	1	0	0	0	0	0	0	22.00	20.00	2.327326	5.180074	2.760260	55.958656
1413029857	1000	4	4	6	5	1	3	0	1	1	0	0	0	0	0	0	22.00	20.00	2.327326	5.180074	2.748854	55.674004
1413029858	1000	0	2	0	2	0	0	0	0	0	0	0	0	0	0	0	22.00	20.00	2.326520	5.180074	2.758834	55.923077
1413029859	1000	2	2	2	3	0	0	1	0	1	0	0	0	0	0	0	22.00	20.00	2.325714	5.180074	2.754557	55.816326
1413029860	1000	1	0	1	0	0	0	0	0	0	0	0	0	0	0	0	22.00	20.00	2.327326	5.183297	2.755982	55.809135
1413029861	1000	2	1	2	0	0	1	0	0	0	0	0	0	0	0	0	22.00	20.00	2.325714	5.180074	2.750279	55.709587
1413029862	1000	1	3	3	3	0	0	1	1	1	0	0	0	0	0	0	22.00	20.00	2.324908	5.181685	2.740299	55.439240
1413029863	1000	2	3	1	2	2	1	0	1	1	0	1	0	0	0	0	22.00	20.00	2.324908	5.180074	2.747428	55.638416
1413029864	1000	0	5	3	1	0	0	0	0	0	0	0	0	0	0	0	22.00	20.00	2.324103	5.178462	2.747428	55.659760
1413029865	1000	0	0	0	0	0	0	0	0	0	0	0	0	0	0	0	22.00	20.00	2.324103	5.180074	2.740299	55.460514
1413029866	1000	0	0	1	1	0	0	0	0	0	0	0	0	0	0	0	22.00	20.00	2.325714	5.181685	2.744576	55.545952
1413029867	1000	0	1	2	2	0	0	0	0	0	0	0	0	0	0	0	22.00	20.00	2.325714	5.180074	2.740299	55.460514
1413029868	1000	2	0	5	0	0	1	0	0	0	0	0	0	0	0	0	22.00	20.00	2.324103	5.178462	2.736022	55.375019
1413029869	1000	3	1	4	1	0	1	0	1	0	0	0	0	0	0	0	22.00	20.00	2.325714	5.180074	2.738873	55.424934
1413029870	1000	1	1	3	2	0	0	0	0	1	0	0	0	0	0	0	22.00	20.00	2.324103	5.180074	2.734596	55.318184
1413029872	1000	1	2	2	3	1	0	0	0	1	0	0	0	0	0	0	22.00	20.00	2.324908	5.181685	2.734596	55.296963
1413029873	1000	1	3	6	0	0	0	0	3	0	0	0	0	0	0	0	22.00	20.00	2.324908	5.181685	2.733171	55.261395
1413029874	1000	3	3	1	3	1	0	3	0	1	0	0	1	0	0	0	22.00	20.00	2.324103	5.176850	2.716061	54.897831
1413029875	1000	3	9	2	2	3	0	0	1	1	0	0	0	0	0	0	22.00	20.00	2.323297	5.178462	2.721764	55.019089
1413029876	1000	3	2	2	3	1	0	1	0	0	1	0	0	0	0	0	22.00	20.00	2.324908	5.181685	2.726042	55.083538
1413029877	1000	3	4	3	1	2	1	0	0	1	0	0	0	0	0	0	22.00	20.00	2.324103	5.181685	2.726042	55.083538
1413029878	1000	0	2	2	2	0	0	0	0	1	0	0	0	0	0	0	22.00	20.00	2.324103	5.180074	2.723190	55.033531
1413029879	1000	3	1	1	3	0	1	1	0	1	0	0	0	0	0	0	22.00	20.00	2.323297	5.180074	2.717487	54.891205
1413029880	1000	6	3	4	5	1	1	3	0	1	0	0	0	0	0	0	22.00	20.00	2.323297	5.178462	2.720339	54.983498
1413029881	1000	5	2	3	1	1	1	1	1	0	0	0	0	0	0	0	22.00	20.00	2.322491	5.178462	2.717487	54.912312
1413029882	1000	5	0	3	3	0	1	3	0	0	0	0	0	0	0	0	22.00	20.00	2.321685	5.181685	2.710358	54.692261
1413029883	1000	4	3	3	2	1	1	2	1	0	0	0	0	0	0	0	22.00	20.00	2.321685	5.180074	2.716061	54.855621
1413029884	1000	4	1	2	0	0	1	0	0	0	0	0	0	0	0	0	22.00	20.00	2.322491	5.181685	2.711784	54.727829
1413029885	1000	2	3	5	0	1	1	0	2	0	0	1	0	0	0	0	22.00	20.00	2.319268	5.176850	2.711784	54.791019
1413029886	1000	3	1	1	2	1	0	1	0	0	0	0	0	0	0	0	22.00	20.00	2.320879	5.181685	2.707507	54.621117
1413029887	1000	1	0	1	2	0	0	0	0	0	0	0	0	0	0	0	22.00	19.75	2.319268	5.181685	2.710358	54.692261
1413029888	1000	1	3	2	1	0	1	0	1	1	0	0	0	0	0	0	22.00	20.00	2.320879	5.180074	2.708933	54.677719
1413029889	1000	2	1	0	1	1	0	1	0	0	0	0	0	0	0	0	22.00	20.00	2.320073	5.178462	2.704655	54.591980
1413029890	1000	3	2	6	1	0	3	0	1	1	0	0	0	0	0	0	22.00	20.00	2.321685	5.178462	2.613407	52.314034
1413029891	1000	5	2	3	1	2	3	1	0	0	1	0	0	1	0	0	22.00	20.00	2.319268	5.178462	2.693249	54.307228
1413029892	1000	2	3	1	1	1	0	0	1	1	0	0	0	0	0	0	22.00	20.00	2.318462	5.178462	2.700378	54.485199
1413029893	1000	0	2	4	2	0	0	0	1	1	0	0	0	0	0	0	22.00	19.75	2.318462	5.180074	2.698952	54.428646
1413029894	1000	3	2	2	0	2	2	0	1	0	0	1	0	0	0	0	22.00	20.00	2.318462	5.178462	2.698952	54.449608
1413029895	1000	2	4	2	2	2	1	0	1	1	0	1	0	0	0	0	22.00	20.00	2.319268	5.180074	2.731745	55.247025
1413029896	1000	0	2	2	2	0	0	0	1	1	0	0	0	0	0	0	22.00	20.00	2.318462	5.178462	2.696101	54.378426
1413029897	1000	2	4	3	3	0	1	0	1	2	1	0	0	0	0	0	22.00	20.00	2.318462	5.170403	2.696101	54.483326
1413029898	1000	3	2	3	1	1	1	0	0	1	0	0	0	0	0	0	22.00	19.75	2.317656	5.180074	2.691823	54.250732
1413029899	1000	2	2	3	4	0	1	1	0	1	0	0	0	0	0	0	22.00	19.75	2.315238	5.180074	2.690398	54.215145
1413029900	1000	1	1	1	0	0	1	0	0	0	0	0	0	0	0	0	22.00	19.75	2.316044	5.180074	2.678992	53.930492
1413029901	1000	2	1	4	2	0	1	1	1	0	0	0	0	0	0	0	22.00	19.75	2.314432	5.178462	2.688972	54.200455
1413029902	1000	3	2	2	1	1	1	0	0	1	0	0	0	0	0	0	22.00	19.75	2.314432	5.176850	2.687546	54.185745
1413029903	1000	2	0	2	2	0	1	1	0	0	0	0	0	0	0	0	22.00	19.75	2.313627	5.176850	2.687546	54.185745
1413029904	1000	1	2	0	3	1	0	0	0	1	0	0	0	0	0	0	22.00	19.75	2.316044	5.180074	2.686121	54.108410
1413029905	1000	2	1	1	2	0	0	0	0	0	0	0	0	0	0	0	22.00	19.75	2.315238	5.181685	2.684695	54.051979
1413029906	1000	3	3	2	5	1	1	1	0	2	0	0	0	0	0	0	21.50	19.75	2.313627	5.176850	2.670437	53.758507
1413029907	1000	1	1	2	2	0	1	0	1	0	0	0	0	0	0	0	22.00	19.75	2.314432	5.180074	2.680418	53.966080
1413029908	1000	1	3	2	3	0	1	0	1	1	0	0	0	0	0	0	22.00	19.75	2.313627	5.180074	2.680418	53.966080
1413029909	1000	2	1	4	2	0	2	0	0	0	0	0	0	0	0	0	22.00	19.75	2.316044	5.181685	2.677566	53.874130
1413029910	1000	4	5	2	3	2	1	1	1	1	0	0	0	0	0	0	22.00	19.75	2.311209	5.173627	2.674715	53.906933
1413029911	1000	0	0	0	2	0	0	0	0	0	0	0	0	0	0	0	22.00	19.75	2.312821	5.176850	2.659031	53.473671
1413029912	1000	1	1	1	3	0	0	1	1	0	0	0	0	0	0	0	22.00	19.75	2.312015	5.178462	2.676140	53.880116
1413029913	1000	2	2	1	2	0	1	1	0	1	1	0	0	1	0	0	21.50	19.75	2.312821	5.173627	2.674715	53.906933
1413029914	1000	4	2	2	2	1	1	1	1	0	0	0	0	0	0	0	21.50	19.75	2.312821	5.181685	2.670437	53.696278
1413029915	1000	3	6	3	6	1	2	0	1	3	0	1	0	0	0	0	21.50	19.75	2.311209	5.180074	2.670437	53.717007
1413029916	1000	2	1	1	2	0	1	0	0	0	0	0	0	0	0	0	21.50	19.75	2.311209	5.178462	2.670437	53.737751
1413029917	1000	0	2	1	2	0	0	0	1	0	0	0	0	0	0	0	21.50	19.75	2.307985	5.175239	2.669012	53.743664
1413029918	1000	4	1	2	1	1	1	1	0	1	0	0	1	0	0	0	21.50	19.75	2.309597	5.176850	2.666160	53.651695
1413029919	1000	2	4	1	2	2	0	0	0	1	0	0	0	0	0	0	21.50	19.75	2.310403	5.178462	2.667586	53.666565
1413029920	1000	1	4	2	2	1	0	1	0	2	0	0	1	0	0	0	21.50	19.75	2.311209	5.180074	2.666160	53.610268
1413029921	1000	5	3	3	1	0	1	0	2	0	0	0	0	0	0	0	21.50	19.75	2.310403	5.176850	2.664734	53.616093
1413029922	1000	3	4	2	2	1	1	0	1	1	0	1	0	0	0	0	21.50	19.75	2.312015	5.176850	2.649051	53.224445
1413029923	1000	4	4	4	2	3	2	0	2	0	0	1	0	0	0	0	21.50	19.75	2.309597	5.176850	2.650477	53.260048
1413029924	1000	2	3	4	2	0	1	0	2	1	0	0	0	0	0	0	21.50	19.75	2.309597	5.178462	2.659031	53.453007
1413029925	1000	1	1	1	1	1	1	0	1	0	0	1	0	0	0	0	21.50	19.75	2.307985	5.176850	2.657605	53.438065
1413029926	1000	2	0	1	3	0	1	1	0	0	0	0	0	0	0	0	21.50	19.75	2.306374	5.176850	2.656180	53.402466
1413029927	1000	2	3	1	3	2	0	0	0	1	0	0	0	0	0	0	21.50	19.75	2.307179	5.178462	2.643348	53.061481
1413029928	1000	4	3	3	3	1	2	1	0	1	0	0	0	0	0	0	21.50	19.75	2.305568	5.175239	2.651902	53.316273
1413029929	1000	3	1	1	0	1	1	0	0	0	0	0	0	0	0	0	21.50	19.75	2.307179	5.180074	2.653328	53.290028
1413029930	1000	2	0	1	0	0	1	0	0	0	0	0	0	0	0	0	21.50	19.75	2.307985	5.180074	2.649051	53.183277
1413029931	1000	1	1	2	2	0	0	1	0	1	0	0	0	0	0	0	21.50	19.75	2.306374	5.176850	2.651902	53.295647
1413029932	1000	2	0	0	2	0	0	0	0	0	0	0	0	0	0	0	21.50	19.75	2.307179	5.176850	2.644774	53.117634
1413029933	1000	2	2	1	3	0	1	1	0	2	0	0	0	0	0	0	21.50	19.75	2.306374	5.173627	2.649051	53.265659
1413029934	1000	2	2	5	3	0	2	0	1	1	1	0	0	0	0	0	21.50	19.75	2.307179	5.176850	2.644774	53.117634
1413029935	1000	1	0	2	1	0	1	0	0	0	0	0	0	0	0	0	21.50	19.75	2.306374	5.175239	2.643348	53.102585
1413029936	1000	3	2	2	4	1	1	1	0	2	0	0	1	0	0	0	21.50	19.75	2.305568	5.175239	2.641922	53.066975
1413029937	1000	3	2	1	2	1	0	1	0	1	0	0	0	0	0	0	21.50	19.75	2.305568	5.176850	2.644774	53.117634
1413029938	1000	4	3	6	2	1	2	0	0	0	1	0	0	0	0	0	21.50	19.75	2.304762	5.176850	2.630516	52.761597
1413029939	1000	2	1	3	2	1	0	0	0	0	0	0	0	0	0	0	21.50	19.50	2.301538	5.175239	2.629090	52.746433
1413029940	1000	3	4	3	3	0	1	1	0	2	0	0	0	0	0	0	21.50	19.50	2.303150	5.176850	2.637645	52.939613
1413029941	1000	2	1	2	1	0	1	0	0	1	0	0	0	0	0	0	21.50	19.50	2.303150	5.176850	2.636219	52.904015
1413029942	1000	1	1	1	2	0	0	0	0	0	0	0	0	0	0	0	21.50	19.50	2.303150	5.175239	2.636219	52.924511
1413029943	1000	0	1	0	0	0	0	0	0	0	0	0	0	0	0	0	21.50	19.50	2.303150	5.176850	2.624813	52.619175
1413029944	1000	3	3	4	2	2	1	0	1	1	0	1	0	0	0	0	21.50	19.50	2.300733	5.172015	2.633368	52.894279
1413029945	1000	2	3	4	5	1	0	0	1	1	0	0	0	0	0	0	21.50	19.50	2.303150	5.178462	2.630516	52.741150
1413029946	1000	5	4	1	5	1	0	2	1	1	0	0	0	0	0	0	21.50	19.50	2.303956	5.181685	2.621962	52.486877
1413029947	1000	1	2	1	3	0	1	0	0	1	0	0	0	0	0	0	21.50	19.50	2.303150	5.175239	2.630516	52.782051
1413029948	1000	2	1	5	4	0	1	0	1	0	1	0	0	0	0	0	21.50	19.50	2.303150	5.176850	2.626239	52.654781
1413029949	1000	0	1	1	3	0	0	0	0	1	0	0	0	0	0	0	21.50	19.50	2.299927	5.173627	2.626239	52.695641
1413029950	1000	2	2	2	2	1	0	1	1	0	0	0	0	0	0	0	21.50	19.50	2.299927	5.176850	2.621962	52.547974
1413029951	1000	4	3	0	1	2	0	0	0	1	0	0	0	0	0	0	21.50	19.50	2.299121	5.176850	2.624813	52.619175
1413029952	1000	1	6	1	2	0	0	0	1	2	0	0	0	0	0	0	21.50	19.50	2.299927	5.178462	2.624813	52.598778
1413029953	1000	2	0	0	3	0	0	1	0	0	0	0	0	0	0	0	21.50	19.50	2.299121	5.176850	2.624813	52.619175
1413029954	1000	0	1	0	1	0	0	0	0	1	0	0	0	0	0	0	21.50	19.50	2.302344	5.178462	2.653328	53.310635
1413029955	1000	4	3	1	4	2	0	1	0	0	0	0	0	0	0	0	21.50	19.50	2.298315	5.173627	2.611981	52.339382
1413029956	1000	5	3	2	1	2	1	0	0	1	0	0	0	0	0	0	21.50	19.50	2.297509	5.173627	2.620536	52.553139
1413029957	1000	3	0	1	3	0	0	1	0	0	0	0	0	0	0	0	21.50	19.50	2.301538	5.180074	2.620536	52.471645
1413029958	1000	2	2	3	3	1	1	0	2	0	0	1	0	0	0	0	21.50	19.50	2.298315	5.176850	2.616259	52.405556
1413029959	1000	1	1	0	0	0	0	0	0	0	0	0	0	0	0	0	21.50	19.50	2.296703	5.173627	2.607704	52.232506
1413029960	1000	3	3	4	1	0	1	1	1	0	1	0	0	1	0	0	21.50	19.50	2.297509	5.176850	2.617684	52.441162
1413029961	1000	3	3	1	3	2	0	0	1	0	0	0	0	0	0	0	21.50	19.50	2.296703	5.170403	2.613407	52.415722
1413029962	1000	3	3	3	4	0	0	2	1	1	0	0	0	0	0	0	21.50	19.50	2.296703	5.176850	2.603427	52.085121
1413029963	1000	3	1	2	0	1	0	0	0	0	0	0	0	0	0	0	21.50	19.50	2.295092	5.173627	2.611981	52.339382
1413029964	1000	5	6	6	0	4	2	0	2	0	0	1	0	0	0	0	21.50	19.50	2.295092	5.175239	2.609130	52.247829
1413029965	1000	1	4	3	3	0	0	0	2	0	0	0	0	0	0	0	21.50	19.50	2.295092	5.173627	2.610556	52.303757
1413029966	1000	2	2	2	2	0	0	1	0	0	1	0	0	0	0	0	21.50	19.50	2.295897	5.176850	2.609130	52.227535
1413029967	1000	4	2	0	2	1	0	1	0	0	0	0	0	0	0	0	21.50	19.50	2.295897	5.175239	2.607704	52.212212
1413029968	1000	2	4	2	4	1	0	1	1	1	0	0	0	0	0	0	21.50	19.50	2.295092	5.175239	2.604853	52.140980
1413029969	1000	4	7	4	4	2	1	0	0	1	2	0	0	0	0	0	21.50	19.50	2.295897	5.176850	2.603427	52.085121
1413029970	1000	1	1	2	0	0	0	0	0	0	0	0	0	0	0	0	21.50	19.50	2.295092	5.175239	2.592021	51.820446
1413029971	1000	3	1	0	2	0	0	1	0	0	0	0	0	0	0	0	21.50	19.50	2.294286	5.176850	2.590595	51.764683
1413029972	1000	3	4	1	6	2	0	2	0	2	0	0	1	0	0	0	21.50	19.50	2.294286	5.176850	2.603427	52.085121
1413029973	1000	3	4	5	1	1	1	0	2	0	0	0	0	0	0	0	21.50	19.50	2.293480	5.176850	2.597724	51.942703
1413029974	1000	1	1	0	4	0	0	1	0	0	0	0	0	0	0	0	21.50	19.50	2.292674	5.175239	2.599150	51.998524
1413029975	1000	1	1	2	3	0	1	0	0	1	0	0	0	0	0	0	21.50	19.50	2.293480	5.176850	2.586318	51.657875
1413029976	1000	3	2	1	4	1	0	2	0	0	1	0	0	0	0	0	21.50	19.50	2.292674	5.175239	2.596298	51.927292
1413029977	1000	2	3	2	2	2	1	0	1	0	0	1	0	0	0	0	21.50	19.50	2.293480	5.175239	2.596298	51.927292
1413029978	1000	3	3	4	2	1	0	0	1	1	0	0	0	0	0	0	21.50	19.50	2.293480	5.175239	2.584892	51.642376
1413029979	1000	2	1	2	5	0	1	1	0	1	0	0	0	0	0	0	21.50	19.50	2.291868	5.172015	2.590595	51.825161
1413029980	1000	3	5	0	5	2	0	1	0	2	0	0	1	0	0	0	21.50	19.50	2.293480	5.175239	2.579189	51.499912
1413029981	1000	4	5	3	3	2	1	1	1	0	0	0	0	0	0	0	21.50	19.50	2.291062	5.172015	2.584892	51.682617
1413029982	1000	1	3	2	0	0	1	0	0	0	0	0	0	0	0	0	21.50	19.50	2.292674	5.178462	2.584892	51.602177
1413029983	1000	5	1	4	3	0	2	2	0	1	0	0	0	0	0	0	21.50	19.50	2.293480	5.176850	2.587744	51.693478
1413029984	1000	2	3	3	2	0	1	0	1	2	1	0	0	0	1	0	21.50	19.50	2.295092	5.176850	2.584892	51.622269
1413029985	1000	3	0	1	3	0	1	2	0	0	0	0	0	0	0	0	21.50	19.50	2.292674	5.175239	2.580615	51.535530
1413029986	1000	5	2	1	3	0	0	1	0	0	1	0	0	0	0	0	21.50	19.50	2.292674	5.175239	2.560654	51.036911
1413029987	1000	3	5	4	1	0	2	1	1	0	0	0	0	0	0	0	21.50	19.25	2.287839	5.168792	2.569209	51.330658
1413029988	1000	3	2	3	2	0	1	1	1	0	0	0	0	0	0	0	21.50	19.25	2.289451	5.173627	2.579189	51.519981
1413029989	1000	1	0	2	0	0	0	0	0	0	0	0	0	0	0	0	21.00	19.25	2.288645	5.173627	2.577763	51.484360
1413029990	1000	2	4	1	3	1	0	0	0	2	0	0	0	0	0	0	21.00	19.25	2.287839	5.172015	2.574912	51.433159
1413029991	1000	4	3	4	1	2	1	0	1	0	0	0	0	0	0	0	21.00	19.25	2.287839	5.173627	2.562080	51.092472
1413029992	1000	1	1	0	3	0	0	1	0	1	0	0	0	0	0	0	21.00	19.25	2.287033	5.172015	2.573486	51.397522
1413029993	1000	2	2	1	1	1	0	0	0	0	0	0	0	0	0	0	21.00	19.25	2.287839	5.173627	2.573486	51.377480
1413029994	1000	4	0	2	2	0	1	0	0	0	0	0	0	0	0	0	21.00	19.25	2.288645	5.173627	2.560654	51.056843
1413029995	1000	1	3	1	2	0	1	0	0	2	0	0	0	0	0	0	21.00	19.25	2.287839	5.172015	2.570635	51.326248
1413029996	1000	0	0	2	3	0	0	0	0	0	0	0	0	0	0	0	21.00	19.25	2.287839	5.175239	2.566357	51.179371
1413029997	1000	2	2	4	3	0	2	0	1	0	0	0	0	0	0	0	21.00	19.25	2.286227	5.170403	2.567783	51.274979
1413029998	1000	1	3	0	1	1	0	0	0	0	0	0	0	0	0	0	21.00	19.25	2.287033	5.173627	2.566357	51.199345
1413029999	1000	1	1	2	2	0	1	0	0	0	0	0	0	0	0	0	21.00	19.25	2.286227	5.173627	2.566357	51.199345
1413030000	1000	2	5	2	7	0	1	1	0	3	0	0	0	0	0	0	21.00	19.25	2.285421	5.172015	2.563506	51.148056
1413030001	1000	3	2	3	3	1	1	1	1	1	0	1	0	0	0	0	21.00	19.25	2.285421	5.176850	2.563506	51.088207
1413030002	1000	4	2	0	3	0	0	2	0	0	0	0	0	0	0	0	21.00	19.25	2.284616	5.173627	2.550674	50.807461
1413030003	1000	2	5	2	3	2	0	0	0	1	0	0	0	0	0	0	21.00	19.25	2.285421	5.176850	2.563506	51.088207
1413030004	1000	5	3	4	1	1	3	0	2	1	0	1	0	0	0	0	21.00	19.25	2.283810	5.172015	2.559228	51.041145
1413030005	1000	1	4	4	4	0	0	1	1	2	0	0	0	0	0	0	21.00	19.25	2.284616	5.176850	2.559228	50.981403
1413030006	1000	1	1	2	2	1	0	0	0	0	1	0	0	0	0	0	21.00	19.25	2.284616	5.173627	2.559228	51.021217
1413030007	1000	4	1	3	4	1	0	1	0	0	0	0	0	0	0	0	21.00	19.25	2.283004	5.170403	2.449445	48.316166
1413030008	1000	1	0	2	0	0	1	0	0	0	0	0	0	0	0	0	21.00	19.25	2.283004	5.170403	2.554951	50.954136
1413030009	1000	2	4	2	4	1	1	1	0	3	0	0	1	0	0	0	21.00	19.25	2.284616	5.172015	2.553525	50.898602
1413030010	1000	2	2	2	0	1	0	0	0	0	0	0	0	0	0	0	21.00	19.25	2.282198	5.172015	2.546397	50.720409
1413030011	1000	4	3	1	3	1	1	1	0	1	0	0	0	0	0	0	21.00	19.25	2.282198	5.176850	2.550674	50.767780
1413030012	1000	3	3	4	1	1	1	1	1	0	0	0	0	0	0	0	21.00	19.25	2.280586	5.170403	2.549248	50.811550
1413030013	1000	4	3	2	2	2	1	1	1	0	0	0	0	0	0	0	21.00	19.25	2.279780	5.170403	2.547822	50.775902
1413030014	1000	4	2	3	6	0	2	1	0	2	0	0	0	0	0	0	21.00	19.25	2.280586	5.173627	2.543545	50.629330
1413030015	1000	9	2	4	8	1	2	2	0	1	1	0	0	0	0	0	21.00	19.25	2.280586	5.173627	2.549248	50.771832
1413030016	1000	2	1	1	1	0	0	1	0	0	0	0	0	0	0	0	21.00	19.25	2.279780	5.175239	2.546397	50.680767
1413030017	1000	4	3	4	3	2	1	0	0	0	0	0	0	0	0	0	21.00	19.25	2.280586	5.175239	2.544971	50.645153
1413030018	1000	3	2	4	1	1	2	1	1	0	0	1	0	0	0	0	21.00	19.25	2.278975	5.173627	2.536417	50.451202
1413030019	1000	3	1	2	1	1	0	0	0	0	0	0	0	0	0	0	21.00	19.25	2.278975	5.172015	2.533565	50.399670
1413030020	1000	2	3	4	2	1	1	0	0	2	0	0	0	0	0	0	21.00	19.25	2.279780	5.173627	2.543545	50.629330
1413030021	1000	1	0	2	2	0	0	0	0	0	0	0	0	0	0	0	21.00	19.25	2.279780	5.173627	2.539268	50.522457
1413030022	1000	2	1	4	2	0	2	0	1	0	0	0	0	0	0	0	21.00	19.25	2.278975	5.170403	2.536417	50.490719
1413030023	1000	2	4	4	4	0	1	1	1	2	0	0	0	0	0	0	21.00	19.25	2.278169	5.172015	2.529288	50.292763
1413030024	1000	3	2	1	3	1	1	0	0	0	0	0	0	0	0	0	21.00	19.25	2.277363	5.170403	2.536417	50.490719
1413030025	1000	0	1	4	1	0	0	0	1	0	0	0	0	0	0	0	21.00	19.25	2.278169	5.167180	2.534991	50.494602
1413030026	1000	3	4	5	5	1	1	1	0	4	0	0	1	0	0	0	21.00	19.25	2.278975	5.175239	2.529288	50.253384
1413030027	1000	1	2	0	2	1	0	1	0	1	0	0	1	0	0	0	21.00	19.25	2.279780	5.175239	2.534991	50.395844
1413030028	1000	5	4	4	3	2	2	0	2	1	1	1	0	0	0	0	21.00	19.25	2.278169	5.173627	2.530713	50.308697
1413030029	1000	3	5	3	2	0	0	1	3	1	0	0	0	0	0	0	21.00	19.00	2.275751	5.170403	2.527862	50.276821
1413030030	1000	0	4	3	5	0	0	0	1	1	1	0	0	0	0	0	21.00	19.00	2.277363	5.175239	2.530713	50.289001
1413030031	1000	3	1	3	2	0	1	1	0	0	0	0	0	0	0	0	21.00	19.00	2.274945	5.173627	2.527862	50.237442
1413030032	1000	3	4	3	4	2	0	1	0	1	2	0	0	0	0	0	21.00	19.00	2.276557	5.175239	2.526436	50.182156
1413030033	1000	5	3	3	1	1	0	0	2	0	0	0	0	0	0	0	21.00	19.00	2.274139	5.168792	2.525010	50.225212
1413030034	1000	6	2	2	4	1	1	2	0	1	0	0	0	0	0	0	21.00	19.25	2.274945	5.167180	2.436614	48.033333
1413030035	1000	2	1	3	1	0	1	0	1	0	0	0	0	0	0	0	21.00	19.00	2.274139	5.172015	2.510753	49.829483
1413030036	1000	4	3	4	4	0	2	0	0	2	0	0	0	0	0	0	21.00	19.00	2.274945	5.170403	2.522159	50.134224
1413030037	1000	3	2	1	4	0	0	1	0	1	0	0	0	0	0	0	21.00	19.00	2.275751	5.173627	2.522159	50.094940
1413030038	1000	2	6	2	3	1	0	0	1	1	0	0	0	0	0	0	21.00	19.00	2.274945	5.170403	2.519307	50.062935
1413030039	1000	4	4	4	4	2	3	1	1	2	0	1	1	0	0	0	21.00	19.00	2.274945	5.168792	2.507901	49.797298
1413030040	1000	3	2	1	5	0	0	3	0	1	0	0	0	0	0	0	21.00	19.00	2.274139	5.170403	2.517882	50.027287
1413030041	1000	3	1	3	1	1	2	0	0	0	0	0	0	0	0	0	21.00	19.00	2.275751	5.170403	2.516456	49.991638
1413030042	1000	2	4	2	3	0	0	1	0	1	0	0	0	0	0	0	21.00	19.00	2.276557	5.173627	2.506476	49.703053
1413030043	1000	2	4	1	2	1	0	1	0	0	0	0	0	0	0	0	21.00	19.00	2.274945	5.173627	2.515030	49.916809
1413030044	1000	3	0	4	4	0	2	1	0	0	1	0	0	1	0	0	21.00	19.00	2.274945	5.173627	2.509327	49.774307
1413030045	1000	2	2	3	2	0	1	1	1	0	0	0	0	0	0	0	21.00	19.00	2.274139	5.170403	2.512179	49.884693
1413030046	1000	5	4	4	3	1	1	1	2	1	0	0	0	0	0	0	21.00	19.00	2.274139	5.170403	2.507901	49.777748
1413030047	1000	0	1	1	3	0	0	0	0	0	0	0	0	0	0	0	21.00	19.00	2.273333	5.172015	2.510753	49.829483
1413030048	1000	8	4	4	9	2	3	3	1	3	1	1	1	0	0	0	21.00	19.00	2.272527	5.173627	2.506476	49.703053
1413030049	1000	3	3	1	5	1	0	1	0	1	0	0	0	0	0	0	21.00	19.00	2.271722	5.170403	2.503624	49.670799
1413030050	1000	3	5	2	4	2	0	1	1	3	1	0	1	0	0	0	21.00	19.00	2.271722	5.170403	2.497921	49.528206
1413030051	1000	0	2	3	4	0	0	0	1	0	1	0	0	0	0	0	21.00	19.00	2.271722	5.170403	2.503624	49.670799
1413030052	1000	2	2	4	4	0	0	1	2	0	1	0	0	0	0	0	21.00	19.00	2.272527	5.172015	2.500772	49.580017
1413030053	1000	2	1	3	4	0	1	2	0	1	1	0	0	1	0	0	21.00	19.00	2.273333	5.173627	2.502198	49.596176
1413030054	1000	2	3	3	3	0	0	1	1	0	0	0	0	0	0	0	21.00	19.00	2.271722	5.170403	2.499347	49.563854
1413030055	1000	8	3	2	3	2	1	1	0	1	0	0	0	0	0	0	21.00	19.00	2.271722	5.173627	2.490792	49.311165
1413030056	1000	1	1	1	4	0	0	1	0	0	1	0	0	0	0	0	21.00	19.00	2.268498	5.168792	2.497921	49.547680
1413030057	1000	2	6	7	6	0	2	0	1	2	1	0	0	0	0	0	21.00	19.00	2.270110	5.163957	2.496495	49.570488
1413030058	1000	6	10	3	6	3	0	0	2	3	1	0	0	0	1	0	21.00	19.00	2.269304	5.170403	2.482238	49.136078
1413030059	1000	3	2	4	6	0	1	1	0	1	0	0	0	0	0	0	21.00	19.00	2.269304	5.170403	2.493644	49.421261
1413030060	1000	1	2	2	1	1	0	0	0	1	0	0	0	0	0	0	21.00	19.00	2.268498	5.167180	2.482238	49.174797
1413030061	1000	5	3	4	5	2	2	1	0	1	1	0	1	0	0	0	21.00	19.00	2.269304	5.170403	2.492218	49.385612
1413030062	1000	2	3	4	3	0	0	0	0	2	0	0	0	0	0	0	21.00	19.00	2.268498	5.168792	2.490792	49.369389
1413030063	1000	2	1	2	3	1	0	0	0	0	0	0	0	0	0	0	21.00	19.00	2.270110	5.172015	2.490792	49.330559
1413030064	1000	3	4	2	6	1	2	0	0	2	0	0	0	0	0	0	21.00	19.00	2.266886	5.170403	2.489367	49.314320
1413030065	1000	4	3	3	3	1	2	1	1	1	0	0	1	0	0	0	21.00	19.00	2.267692	5.168792	2.487941	49.298065
1413030066	1000	1	3	2	2	1	0	0	0	0	1	0	0	0	0	0	21.00	19.00	2.267692	5.170403	2.534991	50.455063
1413030067	1000	4	5	1	7	1	1	2	0	4	0	0	1	0	0	0	21.00	19.00	2.266081	5.170403	2.475109	48.957840
1413030068	1000	2	0	1	4	0	0	0	0	0	1	0	0	0	0	0	21.00	19.00	2.266886	5.172015	2.486515	49.223648
1413030069	1000	6	1	7	2	0	4	1	1	0	0	0	0	0	0	0	21.00	19.00	2.268498	5.170403	2.483664	49.171726
1413030070	1000	1	3	2	2	0	1	0	0	1	0	0	0	0	0	0	21.00	19.00	2.266886	5.168792	2.479386	49.084114
1413030071	1000	3	2	5	1	0	2	0	1	0	1	0	0	0	0	0	21.00	19.00	2.267692	5.170403	2.459426	48.565708
1413030072	1000	3	3	6	4	1	3	0	2	1	1	1	0	0	0	0	21.00	19.00	2.266886	5.167180	2.480812	49.139122
1413030073	1000	1	2	1	2	0	0	0	0	0	0	0	0	0	0	0	21.00	19.00	2.266081	5.168792	2.477961	49.048450
1413030074	1000	5	2	3	4	2	0	3	0	0	0	0	0	0	0	0	21.00	19.00	2.264469	5.170403	2.473683	48.922192
1413030075	1000	4	4	2	7	2	1	2	0	2	0	0	1	0	0	0	21.00	19.00	2.265275	5.172015	2.476535	48.974190
1413030076	1000	1	2	2	3	0	0	0	1	1	0	0	0	0	0	0	21.00	19.00	2.264469	5.170403	2.473683	48.922192
1413030077	1000	5	4	8	5	1	2	1	0	3	0	0	0	0	0	0	21.00	19.00	2.263663	5.168792	2.473683	48.941475
1413030078	1000	3	6	3	3	2	0	1	2	3	0	0	1	0	0	0	21.00	19.00	2.263663	5.168792	2.473683	48.941475
1413030079	1000	3	1	4	3	0	1	0	0	0	0	0	0	0	0	0	21.00	19.00	2.262857	5.167180	2.472258	48.925102
1413030080	1000	2	4	0	4	1	0	1	0	1	0	0	0	0	0	0	20.50	19.00	2.263663	5.168792	2.469406	48.834492
1413030081	1000	2	5	3	1	2	0	0	1	0	0	0	0	0	0	0	20.50	18.75	2.261245	5.170403	2.469406	48.815243
1413030082	1000	4	4	2	3	1	1	1	0	1	0	0	0	0	0	0	20.50	18.75	2.262857	5.170403	2.371029	46.355511
1413030083	1000	2	1	2	2	0	0	1	0	1	0	0	0	0	0	0	20.50	18.75	2.261245	5.167180	2.467980	48.818089
1413030084	1000	4	4	2	1	2	0	0	1	0	0	0	0	0	0	0	20.50	19.00	2.262857	5.165568	2.465129	48.765987
1413030085	1000	3	3	1	1	1	0	0	0	1	0	0	0	0	0	0	21.00	19.00	2.264469	5.173627	2.465129	48.669899
1413030086	1000	3	1	4	2	1	2	1	1	1	1	1	1	1	1	1	21.00	19.00	2.262857	5.167180	2.463703	48.711075
1413030087	1000	2	4	2	3	1	0	0	0	1	0	0	0	0	0	0	21.00	18.75	2.261245	5.170403	2.449445	48.316166
1413030088	1000	6	3	3	2	1	1	2	1	0	0	0	0	0	0	0	21.00	18.75	2.261245	5.167180	2.459426	48.604069
1413030089	1000	3	2	2	2	1	0	1	0	1	0	0	1	0	0	0	21.00	19.00	2.264469	5.168792	2.460851	48.620541
1413030090	1000	3	3	1	3	0	1	0	0	1	0	0	0	0	0	0	20.50	18.75	2.259634	5.167180	2.448020	48.318707
1413030091	1000	3	1	2	3	0	1	0	0	0	0	0	0	0	0	0	20.50	18.75	2.258022	5.167180	2.458000	48.568394
1413030092	1000	2	1	5	5	0	1	1	0	1	1	0	0	0	0	0	20.50	18.75	2.259634	5.168792	2.453723	48.442242
1413030093	1000	3	0	2	2	0	2	2	0	0	1	0	0	1	0	0	20.50	18.75	2.258022	5.165568	2.452297	48.444862
1413030094	1000	1	5	3	4	0	0	0	2	0	0	0	0	0	0	0	20.50	18.75	2.258828	5.170403	2.450871	48.351814
1413030095	1000	1	5	3	3	0	0	0	1	2	0	0	0	0	0	0	20.50	18.75	2.257216	5.165568	2.450871	48.409176
1413030096	1000	2	5	4	3	0	1	0	1	3	0	0	0	0	0	0	20.50	18.75	2.261245	5.170403	2.450871	48.351814
1413030097	1000	2	2	3	2	1	0	1	0	1	0	0	1	0	0	0	20.50	18.75	2.258022	5.168792	2.448020	48.299603
1413030098	1000	4	5	4	6	2	1	1	1	1	0	0	0	0	0	0	20.50	18.75	2.257216	5.165568	2.445168	48.266453
1413030099	1000	3	4	5	4	3	0	2	0	3	1	0	2	0	0	0	20.50	18.75	2.257216	5.168792	2.448020	48.299603
1413030100	1000	3	1	4	1	1	2	1	1	1	1	1	1	1	1	1	20.50	18.75	2.258022	5.167180	2.445168	48.247368
1413030101	1000	5	7	3	3	3	1	1	2	1	0	1	1	0	0	0	20.50	18.75	2.254799	5.167180	2.442317	48.176022
1413030102	1000	3	6	2	4	2	1	0	1	2	0	1	0	0	0	0	20.50	18.75	2.256410	5.167180	2.440891	48.140354
1413030103	1000	4	1	3	4	0	2	1	0	0	0	0	0	0	0	0	20.50	18.75	2.256410	5.170403	2.432336	47.888390
1413030104	1000	5	4	4	6	1	1	3	1	1	1	0	0	0	0	0	20.50	18.75	2.255605	5.168792	2.443743	48.192627
1413030105	1000	5	2	2	4	1	1	2	1	1	0	0	1	0	0	0	20.50	18.75	2.258022	5.168792	2.439465	48.085644
1413030106	1000	2	5	2	2	2	0	0	1	2	0	0	0	0	0	0	20.50	18.75	2.255605	5.168792	2.433762	47.943008
1413030107	1000	1	2	1	2	1	0	0	1	0	0	0	0	0	0	0	20.50	18.75	2.253187	5.167180	2.436614	48.033333
1413030108	1000	3	1	3	3	1	2	1	1	0	1	1	0	0	0	0	20.50	18.75	2.253993	5.167180	2.433762	47.961994
1413030109	1000	1	1	3	1	1	0	0	0	0	0	0	0	0	0	0	20.50	18.75	2.252381	5.165568	2.435188	48.016678
1413030110	1000	4	2	3	4	1	1	2	0	0	0	0	0	0	0	0	20.50	18.75	2.253993	5.170403	2.430911	47.852737
1413030111	1000	4	3	4	4	0	0	2	2	1	0	0	0	0	0	0	20.50	18.75	2.254799	5.168792	2.435188	47.978668
1413030112	1000	2	3	5	4	1	0	1	2	1	0	0	1	0	0	0	20.50	18.75	2.253187	5.167180	2.429485	47.854988
1413030113	1000	2	5	2	3	1	0	1	1	3	0	0	1	0	0	0	20.50	18.75	2.253187	5.167180	2.429485	47.854988
1413030114	1000	3	5	5	5	1	1	2	1	3	0	0	1	0	0	0	20.50	18.75	2.253993	5.163957	2.416653	47.571690
1413030115	1000	5	6	6	4	3	2	0	1	2	1	0	0	0	0	0	20.50	18.75	2.253993	5.167180	2.423782	47.712307
1413030116	1000	5	6	4	5	0	0	2	3	2	0	0	0	0	0	0	20.50	18.75	2.253187	5.163957	2.428059	47.857231
1413030117	1000	2	3	1	5	1	0	0	0	2	0	0	0	0	0	0	20.50	18.75	2.253993	5.167180	2.425208	47.747974
1413030118	1000	1	2	1	1	0	0	0	0	0	0	0	0	0	0	0	20.50	18.75	2.253187	5.167180	2.422356	47.676632
1413030119	1000	5	4	4	3	2	1	1	1	1	0	0	0	0	0	0	20.50	18.75	2.252381	5.168792	2.406673	47.265476
1413030120	1000	3	4	4	3	1	0	0	1	0	0	0	0	0	0	0	20.50	18.75	2.251575	5.167180	2.419505	47.605293
1413030121	1000	0	2	1	1	0	0	0	0	0	0	0	0	0	0	0	20.50	18.75	2.253187	5.167180	2.419505	47.605293
1413030122	1000	3	2	5	4	1	1	1	0	1	1	0	1	0	0	0	20.50	18.75	2.252381	5.168792	2.415227	47.479439
1413030123	1000	2	0	3	2	0	0	0	0	0	0	0	0	0	0	0	20.50	18.75	2.250769	5.167180	2.415227	47.498283
1413030124	1000	4	2	3	2	1	1	1	0	1	0	0	0	0	0	0	20.50	18.75	2.251575	5.167180	2.415227	47.498283
1413030125	1000	4	4	4	3	1	0	1	2	2	1	0	0	0	1	0	20.50	18.75	2.249158	5.163957	2.415227	47.536003
1413030126	1000	2	3	1	6	0	0	2	1	2	0	0	0	0	0	0	20.50	18.75	2.248352	5.163957	2.413802	47.500305
1413030127	1000	4	0	5	2	0	2	1	0	0	0	0	0	0	0	0	20.50	18.75	2.249158	5.163957	2.412376	47.464615
1413030128	1000	4	4	5	4	3	2	0	2	0	0	1	0	0	0	0	20.50	18.75	2.249964	5.162345	2.410950	47.447762
1413030129	1000	2	1	3	8	0	0	2	0	1	0	0	0	0	0	0	20.50	18.75	2.249964	5.167180	2.410950	47.391266
1413030130	1000	4	2	5	5	1	2	0	1	0	0	0	0	0	0	0	20.50	18.75	2.250769	5.163957	2.398118	47.107681
1413030131	1000	2	3	3	4	2	0	1	0	2	1	0	1	0	0	0	20.50	18.75	2.249964	5.163957	2.396693	47.071987
1413030132	1000	6	2	5	1	2	2	0	0	0	0	0	0	0	0	0	20.50	18.75	2.247546	5.162345	2.403821	47.269241
1413030133	1000	2	3	2	1	0	0	0	1	1	0	0	0	0	0	0	20.50	18.75	2.249158	5.167180	2.405247	47.248585
1413030134	1000	2	3	3	7	0	0	1	2	1	0	0	0	0	0	0	20.50	18.75	2.248352	5.163957	2.400970	47.179070
1413030135	1000	4	5	4	4	2	0	0	1	1	1	0	0	0	0	0	20.50	18.75	2.249158	5.167180	2.392415	46.927551
1413030136	1000	0	1	4	3	0	0	0	0	0	2	0	0	0	0	0	20.50	18.75	2.247546	5.163957	2.400970	47.179070
1413030137	1000	3	3	2	6	1	0	1	1	2	1	0	0	0	1	0	20.50	18.75	2.249964	5.167180	2.402395	47.177246
1413030139	1000	2	2	1	2	1	0	1	0	1	0	0	0	0	0	0	20.50	18.50	2.247546	5.168792	2.396693	47.015862
1413030140	1000	2	1	3	2	0	1	0	1	0	0	0	0	0	0	0	20.50	18.50	2.246740	5.167180	2.396693	47.034557
1413030141	1000	4	0	1	2	0	0	1	0	0	0	0	0	0	0	0	20.50	18.50	2.246740	5.167180	2.385287	46.749195
1413030142	1000	2	0	4	1	0	2	0	0	0	0	0	0	0	0	0	20.50	18.50	2.245128	5.162345	2.393841	47.019314
1413030143	1000	4	3	0	5	2	0	3	0	1	0	0	1	0	0	0	20.50	18.50	2.247546	5.167180	2.395267	46.998890
1413030144	1000	4	2	3	3	0	0	0	1	1	1	0	0	0	1	0	20.50	18.50	2.245934	5.165568	2.392415	46.946220
1413030145	1000	6	5	4	4	1	2	0	0	2	0	0	0	0	0	0	20.50	18.75	2.248352	5.163957	2.392415	46.964912
1413030146	1000	1	0	3	3	0	0	0	0	0	1	0	0	0	0	0	20.50	18.50	2.245934	5.162345	2.392415	46.983608
1413030147	1000	6	6	6	6	1	4	1	1	3	0	0	1	0	0	0	20.50	18.50	2.245934	5.162345	2.381009	46.697983
1413030148	1000	3	3	8	2	1	1	0	2	0	2	0	0	0	0	0	20.50	18.50	2.245128	5.163957	2.390990	46.929222
1413030149	1000	6	3	4	7	2	1	4	0	2	0	0	1	0	0	0	20.50	18.50	2.245128	5.162345	2.386712	46.840797
1413030150	1000	4	3	5	3	0	3	1	1	1	0	0	0	0	0	0	20.50	18.50	2.247546	5.173627	2.388138	46.746090
1413030151	1000	2	0	3	3	0	1	1	0	0	1	0	0	0	0	0	20.50	18.50	2.245128	5.167180	2.386712	46.784870
1413030152	1000	4	3	5	2	0	2	1	1	0	0	0	0	0	0	0	20.50	18.50	2.243516	5.165568	2.376732	46.553726
1413030153	1000	5	4	6	2	1	3	0	0	1	0	0	0	0	0	0	20.50	18.50	2.241099	5.160733	2.383861	46.788033
1413030154	1000	8	3	7	5	2	3	1	0	1	0	0	0	0	0	0	20.50	18.50	2.242711	5.165568	2.382435	46.696453
1413030155	1000	5	4	4	6	3	1	3	0	3	0	0	2	0	0	0	20.50	18.50	2.243516	5.167180	2.379584	46.606518
1413030156	1000	2	3	2	3	1	2	0	1	1	0	1	0	0	0	0	20.50	18.50	2.241099	5.162345	2.378158	46.626575
1413030157	1000	6	3	5	2	1	3	1	1	1	0	0	0	0	0	0	20.50	18.50	2.241905	5.165568	2.379584	46.625095
1413030158	1000	1	1	3	3	0	0	0	0	0	1	0	0	0	0	0	20.50	18.50	2.239487	5.160733	2.376732	46.609451
1413030159	1000	3	1	4	4	0	0	2	0	0	1	0	0	0	0	0	20.50	18.50	2.242711	5.165568	2.376732	46.553726
1413030160	1000	6	6	6	4	3	3	1	1	3	0	0	1	0	0	0	20.50	18.50	2.241905	5.165568	2.375306	46.518044
1413030161	1000	5	5	3	10	2	0	2	0	3	0	0	0	0	0	0	20.50	18.50	2.239487	5.163957	2.373880	46.500900
1413030162	1000	2	3	4	4	1	1	2	1	2	1	0	1	1	0	0	20.50	18.50	2.239487	5.165568	2.375306	46.518044
1413030163	1000	5	6	6	3	1	2	1	2	1	0	0	0	0	0	0	20.50	18.50	2.238681	5.163957	2.361049	46.179668
1413030164	1000	5	2	4	3	0	2	1	1	0	1	0	0	0	0	0	20.50	18.50	2.238681	5.163957	2.363900	46.251053
1413030165	1000	7	4	3	7	2	2	2	0	1	0	0	0	0	0	0	20.50	18.50	2.238681	5.162345	2.368177	46.376640
1413030166	1000	2	1	1	3	0	0	1	0	1	0	0	0	0	0	0	20.50	18.50	2.239487	5.170403	2.369603	46.319859
1413030167	1000	1	3	4	1	0	0	0	2	1	0	0	0	0	0	0	20.50	18.50	2.238681	5.163957	2.366752	46.322445
1413030168	1000	5	1	4	2	0	3	0	0	1	0	0	0	0	0	0	20.50	18.50	2.238681	5.165568	2.356771	46.054184
1413030169	1000	2	3	3	4	1	0	0	1	1	0	0	0	0	0	0	20.50	18.50	2.236264	5.162345	2.362474	46.233829
1413030170	1000	6	4	4	6	1	1	1	0	3	0	0	1	0	0	0	20.50	18.50	2.236264	5.162345	2.362474	46.233829
1413030171	1000	3	6	1	5	1	1	1	0	2	0	0	0	0	0	0	20.50	18.50	2.239487	5.165568	2.359623	46.125546
1413030172	1000	5	6	5	3	2	0	2	1	0	1	0	0	0	0	0	20.50	18.50	2.237875	5.163957	2.365326	46.286751
1413030173	1000	6	7	3	1	4	1	0	1	1	0	0	0	0	0	0	20.50	18.50	2.237875	5.165568	2.359623	46.125546
1413030174	1000	3	4	3	3	0	1	0	0	1	0	0	0	0	0	0	20.50	18.50	2.235458	5.159122	2.359623	46.199341
1413030175	1000	2	2	0	3	1	0	1	0	1	0	0	1	0	0	0	20.50	18.50	2.235458	5.162345	2.358197	46.126717
1413030176	1000	4	2	4	4	0	1	1	2	0	0	0	0	0	0	0	20.50	18.50	2.234652	5.162345	2.358197	46.126717
1413030177	1000	6	3	5	5	1	2	2	0	2	0	0	0	0	0	0	20.50	18.50	2.237070	5.162345	2.356771	46.091015
1413030178	1000	1	5	5	5	0	0	1	1	1	0	0	0	0	0	0	20.50	18.50	2.235458	5.162345	2.355346	46.055309
1413030179	1000	2	6	1	2	1	0	1	0	1	0	0	0	0	0	0	20.50	18.50	2.237070	5.163957	2.343940	45.751358
1413030180	1000	1	2	2	5	0	0	1	0	2	1	0	0	0	0	0	20.50	18.50	2.233846	5.159122	2.342514	45.770626
1413030181	1000	2	4	2	2	0	1	1	0	1	0	0	0	0	0	0	20.00	18.50	2.233846	5.160733	2.351068	45.966587
1413030182	1000	6	4	8	4	1	4	1	1	0	1	0	0	1	0	0	20.50	18.50	2.234652	5.162345	2.349643	45.912495
1413030183	1000	2	3	5	4	0	2	0	2	1	0	0	0	0	0	0	20.50	18.50	2.233846	5.160733	2.349643	45.930870
1413030184	1000	2	2	4	1	0	2	0	0	0	1	0	0	0	0	0	20.50	18.50	2.234652	5.162345	2.336811	45.591156
1413030185	1000	1	2	1	2	0	0	0	0	1	0	0	0	0	0	0	20.50	18.25	2.233846	5.165568	2.348217	45.840099
1413030186	1000	1	2	1	1	0	0	0	0	0	0	0	0	0	0	0	20.50	18.25	2.233040	5.160733	2.345366	45.823727
1413030187	1000	5	7	4	7	1	2	2	0	2	1	0	0	0	0	0	20.00	18.25	2.233040	5.162345	2.338237	45.626862
1413030188	1000	5	4	1	7	1	0	3	1	1	0	0	0	0	0	0	20.00	18.25	2.232234	5.159122	2.346791	45.877808
1413030189	1000	6	2	3	4	1	1	2	0	0	0	0	0	0	0	0	20.00	18.25	2.232234	5.159122	2.336811	45.627720
1413030190	1000	5	5	3	8	0	0	3	1	3	0	0	0	0	0	0	20.00	18.25	2.232234	5.162345	2.341088	45.698269
1413030191	1000	2	1	5	1	1	1	0	0	0	0	0	0	0	0	0	20.00	18.25	2.232234	5.163957	2.341088	45.679974
1413030192	1000	3	4	2	5	1	0	2	0	1	0	0	0	0	0	0	20.00	18.25	2.229817	5.159122	2.335385	45.591995
1413030193	1000	3	3	6	5	1	1	0	3	0	1	1	0	0	0	0	20.00	18.25	2.231429	5.162345	2.338237	45.626862
1413030194	1000	6	3	2	9	2	0	4	0	2	0	0	1	0	0	0	20.00	18.25	2.231429	5.160733	2.335385	45.573719
1413030195	1000	5	3	6	3	2	2	1	1	1	0	1	0	0	0	0	20.00	18.50	2.233846	5.160733	2.321128	45.216568
1413030196	1000	4	4	2	7	1	0	2	0	2	1	0	1	0	0	0	20.00	18.25	2.230623	5.159122	2.322553	45.270462
1413030197	1000	4	5	3	5	2	0	1	0	1	0	0	0	0	0	0	20.00	18.25	2.231429	5.160733	2.333959	45.538002
1413030198	1000	3	3	4	4	0	1	1	0	1	0	0	0	0	0	0	20.00	18.25	2.232234	5.170403	2.331108	45.357361
1413030199	1000	3	5	2	5	1	1	0	1	2	0	0	0	0	0	0	20.00	18.25	2.229011	5.160733	2.329682	45.430859
1413030200	1000	5	3	8	7	0	4	0	1	1	0	0	0	0	0	0	20.00	18.25	2.230623	5.165568	2.319702	45.126461
1413030201	1000	3	6	2	4	2	0	1	1	1	1	0	0	0	0	0	20.00	18.25	2.229011	5.160733	2.326831	45.359428
1413030202	1000	2	2	3	3	0	1	0	0	0	0	0	0	0	0	0	20.00	18.25	2.228205	5.157510	2.321128	45.252911
1413030203	1000	7	2	4	2	2	2	0	0	0	0	0	0	0	0	0	20.00	18.25	2.228205	5.162345	2.309721	44.912781
1413030204	1000	2	4	3	5	0	0	1	1	3	0	0	0	0	0	0	20.00	18.25	2.229011	5.163957	2.322553	45.215969
1413030205	1000	3	5	6	2	0	2	0	0	1	0	0	0	0	0	0	20.00	18.25	2.227399	5.160733	2.319702	45.180859
1413030206	1000	6	6	4	5	3	2	2	1	1	1	1	1	1	1	1	20.00	18.25	2.224176	5.157510	2.316850	45.145695
1413030207	1000	6	9	4	5	2	2	3	1	3	0	0	1	0	0	0	20.00	18.25	2.226593	5.162345	2.316850	45.091309
1413030208	1000	3	2	4	3	0	0	0	1	1	0	0	0	0	0	0	20.00	18.25	2.225788	5.162345	2.315425	45.055603
1413030209	1000	9	5	3	7	3	1	4	1	2	0	0	1	0	0	0	20.00	18.25	2.221758	5.159122	2.315425	45.091831
1413030210	1000	6	5	6	7	1	2	4	3	3	2	1	1	2	1	1	20.00	18.25	2.224176	5.159122	2.312573	45.020367
1413030211	1000	1	0	3	3	0	0	1	0	0	0	0	0	0	0	0	20.00	18.25	2.224982	5.162345	2.304018	44.769966
1413030212	1000	2	4	5	2	0	1	0	3	0	0	0	0	0	0	0	20.00	18.25	2.224176	5.160733	2.305444	44.823700
1413030213	1000	3	8	5	6	1	1	1	1	3	1	0	0	1	0	0	20.00	18.25	2.224176	5.160733	2.306870	44.859409
1413030214	1000	5	7	4	2	1	2	0	1	2	0	0	0	0	0	0	20.00	18.25	2.225788	5.163957	2.306870	44.823341
1413030215	1000	8	7	9	2	1	6	0	1	1	0	0	0	0	0	0	20.00	18.25	2.224176	5.160733	2.308296	44.895134
1413030216	1000	3	2	6	6	0	2	0	0	1	1	0	0	0	0	0	20.00	18.25	2.223370	5.160733	2.296890	44.609413
1413030217	1000	2	3	4	5	0	2	0	0	1	1	0	0	0	0	0	20.00	18.25	2.220953	5.155898	2.301167	44.770611
1413030218	1000	2	7	5	3	0	1	0	4	1	0	0	0	0	0	0	20.00	18.25	2.224982	5.160733	2.304018	44.787983
1413030219	1000	0	0	2	1	0	0	0	0	0	1	0	0	0	0	0	20.00	18.25	2.220953	5.160733	2.294038	44.537979
1413030220	1000	3	3	8	8	0	0	2	2	0	2	0	0	0	0	0	20.00	18.25	2.220953	5.160733	2.299741	44.680840
1413030221	1000	4	4	3	3	1	1	0	0	3	0	0	0	0	0	0	20.00	18.00	2.220953	5.162345	2.289761	44.412926
1413030222	1000	4	4	4	1	1	1	0	1	0	0	0	0	0	0	0	20.00	18.25	2.219341	5.155898	2.299741	44.734863
1413030223	1000	1	3	3	4	1	0	0	1	1	1	0	0	0	0	0	20.00	18.00	2.220147	5.160733	2.299741	44.680840
1413030224	1000	2	2	3	3	0	0	1	1	1	0	0	0	0	0	0	20.00	18.00	2.220147	5.160733	2.296890	44.609413
1413030225	1000	6	5	9	4	1	4	1	3	0	0	1	0	0	0	0	20.00	18.25	2.221758	5.160733	2.298316	44.645123
1413030226	1000	8	5	4	7	2	2	1	0	2	0	0	0	0	0	0	20.00	18.25	2.220147	5.159122	2.295464	44.591656
1413030227	1000	4	3	3	4	1	3	0	1	2	0	1	0	0	0	0	20.00	18.25	2.220147	5.155898	2.304018	44.842106
1413030228	1000	2	6	2	5	0	1	0	0	1	0	0	0	0	0	0	20.00	18.25	2.219341	5.157510	2.278355	44.180779
1413030229	1000	5	5	6	1	2	2	0	2	0	0	1	0	0	0	0	20.00	18.25	2.219341	5.157510	2.292613	44.538158
1413030230	1000	2	2	4	5	0	2	0	1	1	0	0	0	0	0	0	20.00	18.00	2.218535	5.160733	2.288335	44.395123
1413030231	1000	2	4	3	1	2	0	0	0	0	0	0	0	0	0	0	20.00	18.00	2.216923	5.160733	2.289761	44.430832
1413030232	1000	1	2	1	4	1	0	0	0	1	0	0	0	0	0	0	20.00	18.00	2.215312	5.159122	2.209919	42.448086
1413030233	1000	7	1	4	0	1	2	0	0	0	0	0	0	0	0	0	20.00	18.00	2.212088	5.157510	2.286910	44.395206
1413030234	1000	5	2	6	5	1	1	2	1	0	0	0	0	0	0	0	20.00	18.00	2.212894	5.157510	2.284058	44.323730
1413030235	1000	3	5	3	3	2	1	2	1	3	0	0	2	0	0	0	20.00	18.00	2.214506	5.162345	2.274078	44.020180
1413030236	1000	3	9	5	5	2	1	0	0	3	0	0	0	0	0	0	20.00	18.00	2.213700	5.157510	2.282632	44.288002
1413030237	1000	2	4	3	5	1	0	0	0	0	0	0	0	0	0	0	20.00	18.00	2.212894	5.157510	2.272652	44.037834
1413030238	1000	4	6	9	4	1	1	2	3	1	1	0	0	0	0	0	20.00	18.00	2.212088	5.152675	2.281206	44.305912
1413030239	1000	7	8	4	5	3	1	2	1	2	0	0	0	0	0	0	20.00	18.00	2.213700	5.160733	2.279781	44.180824
1413030240	1000	9	3	10	6	2	5	0	2	0	0	1	0	0	0	0	20.00	18.00	2.212894	5.159122	2.279781	44.198669
1413030241	1000	5	4	4	6	2	2	3	3	1	1	2	1	1	1	1	20.00	18.00	2.216117	5.159122	2.276929	44.127213
1413030242	1000	6	1	6	3	0	2	1	0	0	0	0	0	0	0	0	20.00	18.00	2.211282	5.155898	2.272652	44.055637
1413030243	1000	4	10	3	5	3	1	0	2	2	0	0	0	0	0	0	20.00	18.00	2.212088	5.159122	2.168572	41.412014
1413030244	1000	4	2	1	3	0	0	1	0	0	0	0	0	0	0	0	20.00	18.00	2.209670	5.154286	2.268375	43.966179
1413030245	1000	5	8	4	7	2	1	1	1	3	0	0	0	0	0	0	20.00	18.00	2.209670	5.155898	2.266949	43.912647
1413030246	1000	3	2	4	3	1	1	2	0	1	1	0	1	0	0	0	20.00	18.00	2.210476	5.155898	2.268375	43.948395
1413030247	1000	3	3	3	3	0	1	0	1	1	0	0	0	0	0	0	20.00	18.00	2.211282	5.160733	2.269800	43.930820
1413030248	1000	4	9	7	4	1	3	0	2	1	0	0	0	0	0	0	20.00	18.00	2.209670	5.157510	2.316850	45.145695
1413030249	1000	2	5	1	2	1	0	0	0	2	0	0	0	0	0	0	20.00	18.00	2.210476	5.159122	2.264097	43.805679
1413030250	1000	1	1	3	2	0	0	1	1	0	0	0	0	0	0	0	20.00	17.75	2.205641	5.157510	2.265523	43.859146
1413030251	1000	2	3	4	5	0	0	1	2	1	2	0	0	0	1	0	20.00	18.00	2.209670	5.159122	2.254117	43.555595
1413030252	1000	2	2	6	3	1	2	0	1	0	0	1	0	0	0	0	20.00	18.00	2.208864	5.159122	2.262672	43.769955
1413030253	1000	3	1	3	3	1	1	1	0	0	0	0	0	0	0	0	20.00	18.00	2.207253	5.155898	2.248414	43.447910
1413030254	1000	3	3	4	2	1	1	0	0	1	0	0	0	0	0	0	20.00	18.00	2.207253	5.157510	2.255543	43.608986
1413030255	1000	4	5	7	3	0	3	0	1	3	0	0	0	0	0	0	20.00	18.00	2.208864	5.157510	2.254117	43.573250
1413030256	1000	2	4	3	4	1	1	0	1	1	0	0	0	0	0	0	20.00	18.00	2.208864	5.159122	2.255543	43.591324
1413030257	1000	4	5	4	4	0	3	1	0	1	1	0	0	1	0	0	20.00	18.00	2.208059	5.159122	2.254117	43.555595
1413030258	1000	3	4	5	5	0	2	0	1	1	1	0	0	0	0	0	20.00	18.00	2.206447	5.155898	2.251266	43.519417
1413030259	1000	7	4	3	3	4	1	1	0	0	1	0	0	0	0	0	20.00	18.00	2.207253	5.157510	2.242711	43.287346
1413030260	1000	2	5	3	2	1	1	0	0	1	0	0	0	0	0	0	20.00	17.75	2.205641	5.157510	2.245563	43.358822
1413030261	1000	4	1	4	2	0	2	0	0	0	0	0	0	0	0	0	20.00	17.75	2.206447	5.159122	2.248414	43.412685
1413030262	1000	5	4	1	7	1	0	1	0	2	0	0	0	0	0	0	20.00	18.00	2.206447	5.157510	2.246988	43.394558
1413030263	1000	4	8	3	9	1	1	1	1	4	0	0	0	0	0	0	20.00	17.75	2.205641	5.157510	2.246988	43.394558
1413030264	1000	5	1	2	1	0	1	1	1	0	0	0	0	0	0	0	20.00	17.75	2.204835	5.154286	2.234157	43.107944
1413030265	1000	1	5	2	4	0	0	1	1	1	0	0	0	0	0	0	20.00	17.75	2.202418	5.152675	2.244137	43.375866
1413030266	1000	1	3	0	3	0	0	0	0	1	0	0	0	0	0	0	19.50	17.75	2.204029	5.155898	2.242711	43.304920
1413030267	1000	6	4	6	3	0	4	0	0	2	0	0	0	0	0	0	19.50	17.75	2.204029	5.155898	2.234157	43.090431
1413030268	1000	5	2	4	2	1	2	2	1	0	0	0	0	0	0	0	20.00	17.75	2.203223	5.151063	2.238434	43.250362
1413030269	1000	8	3	9	3	1	3	1	0	2	0	0	0	0	0	0	20.00	17.75	2.204835	5.157510	2.237008	43.144402
1413030270	1000	4	4	2	7	1	0	2	0	3	0	0	0	0	0	0	20.00	17.75	2.200806	5.154286	2.237008	43.179466
1413030271	1000	4	7	3	7	0	0	0	2	4	1	0	0	0	1	0	19.50	17.75	2.200806	5.154286	2.238434	43.215225
1413030272	1000	5	6	5	5	1	1	2	2	2	0	0	0	0	0	0	19.50	17.75	2.201612	5.155898	2.232731	43.054680
1413030273	1000	3	0	2	2	0	0	1	0	0	0	0	0	0	0	0	19.50	17.75	2.200000	5.154286	2.235582	43.143703
1413030274	1000	3	5	3	7	2	0	1	1	2	0	0	0	0	0	0	19.50	17.75	2.200000	5.157510	2.234157	43.072926
1413030275	1000	7	8	6	7	2	4	0	2	4	0	1	0	0	0	0	19.50	17.75	2.196777	5.151063	2.219899	42.785191
1413030276	1000	4	4	7	3	0	2	0	2	1	1	0	0	0	0	0	19.50	17.75	2.199194	5.155898	2.221325	42.768696
1413030277	1000	10	5	8	12	1	3	4	0	4	1	0	1	0	0	0	19.50	17.75	2.199194	5.155898	2.229879	42.983185
1413030278	1000	4	5	5	9	1	1	1	1	3	2	0	0	0	1	0	19.50	17.75	2.199194	5.154286	2.225602	42.893387
1413030279	1000	3	4	6	6	0	1	1	2	1	0	0	0	0	0	0	19.50	17.75	2.198388	5.154286	2.227028	42.929146
1413030280	1000	7	3	6	6	2	2	4	2	0	0	1	0	0	0	0	19.50	17.75	2.196777	5.152675	2.265523	43.912434
1413030281	1000	7	4	5	4	2	0	2	1	1	0	0	0	0	0	0	19.50	17.75	2.196777	5.154286	2.224176	42.857628
1413030282	1000	5	5	6	4	1	1	1	1	0	0	0	0	0	0	0	19.50	17.75	2.196777	5.152675	2.219899	42.767765
1413030283	1000	6	5	7	6	2	2	1	1	1	2	1	0	0	0	0	19.50	17.75	2.195165	5.152675	2.217047	42.696220
1413030284	1000	6	4	8	4	0	2	2	1	1	0	0	0	0	0	0	19.50	17.75	2.195165	5.151063	2.217047	42.713623
1413030285	1000	4	3	8	5	0	3	2	1	1	1	0	0	1	0	0	19.50	17.75	2.196777	5.154286	2.207067	42.428509
1413030286	1000	2	3	1	4	1	0	2	0	3	0	0	1	0	0	0	19.50	17.75	2.195165	5.154286	2.217047	42.678825
1413030287	1000	3	3	3	2	1	1	0	1	0	0	0	0	0	0	0	19.50	17.75	2.196777	5.157510	2.214196	42.572601
1413030288	1000	6	7	3	10	1	3	2	0	6	0	0	0	0	0	0	19.50	17.75	2.195165	5.155898	2.214196	42.589947
1413030289	1000	8	2	3	8	0	2	3	0	1	0	0	0	0	0	0	19.50	17.75	2.194359	5.154286	2.212770	42.571545
1413030290	1000	0	1	3	5	0	0	0	1	0	1	0	0	0	0	0	19.50	17.50	2.192747	5.155898	2.212770	42.554199
1413030291	1000	3	2	1	4	1	0	2	0	1	0	0	0	0	0	0	19.50	17.75	2.192747	5.151063	2.219899	42.785191
1413030292	1000	5	8	2	5	2	0	1	1	2	0	0	0	0	0	0	19.50	17.50	2.191941	5.154286	2.199939	42.249710
1413030293	1000	9	3	8	7	1	4	3	0	2	0	0	0	0	0	0	19.50	17.50	2.190330	5.151063	2.207067	42.463154
1413030294	1000	8	3	6	7	0	3	3	1	2	0	0	0	0	0	0	19.50	17.50	2.190330	5.154286	2.205642	42.392750
1413030295	1000	4	2	5	5	0	3	1	0	0	0	0	0	0	0	0	19.50	17.50	2.190330	5.154286	2.204216	42.356991
1413030296	1000	3	2	5	7	0	1	1	1	1	0	0	0	0	0	0	19.50	17.50	2.190330	5.155898	2.195661	42.125221
1413030297	1000	2	6	6	1	0	2	0	2	0	0	0	0	0	0	0	19.50	17.50	2.188718	5.152675	2.202790	42.338516
1413030298	1000	4	5	3	6	0	1	0	0	4	0	0	0	0	0	0	19.50	17.50	2.191136	5.155898	2.202790	42.303963
1413030299	1000	3	4	2	6	2	0	2	1	1	0	0	1	0	0	0	19.50	17.50	2.188718	5.152675	2.195661	42.159660
1413030300	1000	6	3	8	3	1	3	1	0	0	0	0	0	0	0	0	19.50	17.50	2.189524	5.154286	2.199939	42.249710
1413030301	1000	3	5	3	2	1	1	1	2	0	0	0	0	0	0	0	19.50	17.50	2.188718	5.154286	2.189958	41.999401
1413030302	1000	3	4	4	2	0	2	0	1	2	0	0	0	0	0	0	19.50	17.50	2.187106	5.149451	2.198513	42.265732
1413030303	1000	7	8	9	6	4	3	2	4	2	0	1	1	0	0	0	19.50	17.50	2.188718	5.155898	2.195661	42.125221
1413030304	1000	4	2	5	2	0	2	1	1	0	0	0	0	0	0	0	19.50	17.50	2.186301	5.152675	2.195661	42.159660
1413030305	1000	6	3	7	9	2	1	2	0	1	3	0	0	0	0	0	19.50	17.50	2.187912	5.154286	2.195661	42.142433
1413030306	1000	11	2	3	3	0	2	3	1	0	0	0	0	0	0	0	19.50	17.50	2.187106	5.154286	2.194236	42.106674
1413030307	1000	3	7	3	6	1	1	1	1	5	0	0	0	0	0	0	19.50	17.50	2.186301	5.154286	2.111542	40.032600
1413030308	1000	3	0	3	1	0	0	0	0	0	0	0	0	0	0	0	19.50	17.50	2.182271	5.149451	2.184255	41.907791
1413030309	1000	7	6	7	4	3	2	0	0	2	0	0	0	0	0	0	19.50	17.50	2.182271	5.152675	2.187107	41.945030
1413030310	1000	3	1	2	4	0	0	1	0	1	1	0	0	0	0	0	19.50	17.50	2.182271	5.155898	2.188532	41.946468
1413030311	1000	5	6	9	2	3	3	0	3	1	1	1	0	0	0	0	19.50	17.50	2.182271	5.152675	2.185681	41.909260
1413030312	1000	3	1	3	2	0	0	0	0	0	0	0	0	0	0	0	19.50	17.50	2.182271	5.151063	2.172849	41.604374
1413030313	1000	6	5	4	6	2	2	2	1	2	1	0	0	1	0	0	19.50	17.50	2.181465	5.151063	2.185681	41.926414
1413030314	1000	4	4	6	5	1	2	0	1	2	0	0	0	0	0	0	19.50	17.50	2.183077	5.154286	2.182829	41.820591
1413030315	1000	7	7	12	5	1	4	1	1	2	1	0	0	0	0	0	19.50	17.50	2.182271	5.152675	2.175700	41.658855
1413030316	1000	4	8	2	5	3	1	0	1	5	0	1	0	0	0	0	19.00	17.50	2.182271	5.154286	2.181404	41.784836
1413030317	1000	4	5	6	8	0	1	2	3	1	1	0	0	0	0	0	19.50	17.50	2.183077	5.155898	2.168572	41.445988
