quad V2.5
time	int	cnt1	cnt2	cnt3	cnt4	1&2	1&3	1&4	2&3	2&4	3&4	1&2&3	1&2&4	1&3&4	2&3&4	1&2&3&4	digTemp	temp	adct	adcr	adcp	pressure	PBS	CurrMeasurement	MeanMeasurement
23	1000	0	0	0	0	0	0	0	0	0	0	0	0	0	0	0	22.00	19.75	2.506227	5.652308	5.045743	102.475639	1	101.953445	102.406670
24	1000	0	0	1	0	0	0	0	0	0	0	0	0	0	0	0	22.00	19.75	2.503810	5.644249	5.032912	102.346497	1	102.150375	102.406670
25	1000	1	2	1	0	1	0	0	0	0	0	0	0	0	0	0	22.00	19.75	2.501392	5.637803	5.032912	102.478317	0	102.445335	102.406670
26	1000	0	0	0	0	0	0	0	0	0	0	0	0	0	0	0	22.00	19.75	2.498975	5.629744	5.025783	102.479820	0	102.414062	102.406670
27	1000	1	0	0	0	0	0	0	0	0	0	0	0	0	0	0	22.00	19.75	2.495751	5.623297	5.015803	102.382683	1	102.349640	102.406670
28	1000	0	1	1	0	0	0	0	0	0	0	0	0	0	0	0	22.00	19.75	2.493334	5.615239	5.012951	102.482521	0	102.416603	102.406670
29	1000	2	0	1	0	0	0	0	0	0	0	0	0	0	0	0	22.00	19.75	2.491722	5.610404	5.002971	102.352013	1	102.351753	102.406670
30	1000	1	1	0	0	0	0	0	0	0	0	0	0	0	0	0	22.00	19.75	2.489304	5.605568	5.000119	102.385681	1	102.385406	102.406670
31	1000	0	0	1	0	0	0	0	0	0	0	0	0	0	0	0	22.00	19.75	2.485275	5.597509	4.995842	102.452919	0	102.419708	102.406670
32	1000	0	0	0	0	0	0	0	0	0	0	0	0	0	0	0	22.00	19.75	2.482857	5.592674	4.991565	102.453804	1	102.355202	102.406670
33	1000	1	1	0	0	0	0	0	0	0	0	0	0	0	0	0	22.00	20.00	2.484469	5.583004	4.963050	101.993393	0	102.422852	102.406670
34	1000	0	0	0	0	0	0	0	0	0	0	0	0	0	0	0	22.00	19.75	2.478022	5.578169	4.978733	102.456459	1	102.389824	102.406670
35	1000	0	0	0	0	0	0	0	0	0	0	0	0	0	0	0	22.00	19.75	2.476410	5.574945	4.971604	102.357864	1	102.357864	102.406670
36	1000	1	0	0	0	0	0	0	0	0	0	0	0	0	0	0	22.00	19.75	2.473187	5.566887	4.964476	102.359207	1	102.325851	102.406670
37	1000	1	1	0	0	0	0	0	0	0	0	0	0	0	0	0	22.00	19.75	2.473187	5.565275	4.967327	102.458839	1	102.392593	102.406670
38	1000	0	0	1	0	0	0	0	0	0	0	0	0	0	0	0	22.00	19.75	2.470769	5.557217	4.963050	102.526657	0	102.493187	102.406670
39	1000	2	1	1	0	1	1	0	0	0	0	0	0	0	0	0	22.00	19.75	2.468352	5.553993	4.953070	102.361366	0	102.427452	102.406670
40	1000	0	0	0	0	0	0	0	0	0	0	0	0	0	0	0	22.00	19.75	2.466740	5.550770	4.954495	102.461510	1	102.328697	102.406670
41	1000	1	0	0	0	0	0	0	0	0	0	0	0	0	0	0	22.00	19.75	2.464322	5.544323	4.948792	102.462708	0	102.462708	102.406670
42	1000	3	0	1	0	0	0	0	0	0	0	0	0	0	0	0	22.00	19.75	2.464322	5.549158	4.827603	99.538887	0	102.530479	102.406670
43	1000	1	0	0	0	0	0	0	0	0	0	0	0	0	0	0	22.00	19.75	2.460293	5.534653	4.940238	102.464508	1	102.397339	102.406670
44	1000	0	1	1	0	0	0	0	0	0	0	0	0	0	0	0	22.00	19.75	2.460293	5.533041	4.931683	102.298256	1	102.232330	102.406670
45	1000	1	0	1	0	0	1	0	0	0	0	0	0	0	0	0	22.00	19.75	2.460293	5.531429	4.928832	102.265190	1	102.298256	102.406670
46	1000	1	1	2	0	0	1	0	0	0	0	0	0	0	0	0	22.00	19.75	2.457875	5.524982	4.927406	102.366249	1	102.332619	102.406670
47	1000	0	2	1	0	0	0	0	0	0	0	0	0	0	0	0	22.00	19.75	2.454652	5.513700	4.923129	102.501862	0	102.535301	102.406670
48	1000	0	1	0	0	0	0	0	0	0	0	0	0	0	0	0	22.00	19.75	2.453846	5.515312	4.923129	102.468132	0	102.434723	102.406670
49	1000	0	0	1	0	0	0	0	0	0	0	0	0	0	0	0	22.00	19.75	2.453846	5.513700	4.916000	102.334724	1	102.234207	102.406670
50	1000	0	0	1	0	0	0	0	0	0	0	0	0	0	0	0	22.00	19.75	2.452235	5.510477	4.917426	102.435600	1	102.368706	102.406670
51	1000	0	0	0	0	0	0	0	0	0	0	0	0	0	0	0	22.00	19.75	2.450623	5.505641	4.890337	101.900841	0	102.471169	102.406670
52	1000	0	2	0	0	0	0	0	0	0	0	0	0	0	0	0	22.00	19.75	2.448205	5.499195	4.910297	102.504692	1	102.370338	102.406670
53	1000	2	0	0	0	0	0	0	0	0	0	0	0	0	0	0	22.00	19.75	2.447399	5.499195	4.908871	102.471169	1	101.901390	102.406670
54	1000	0	2	1	0	0	0	0	1	0	0	0	0	0	0	0	22.00	19.75	2.447399	5.497583	4.906020	102.437950	1	102.370895	102.406670
55	1000	0	2	0	0	0	0	0	0	0	0	0	0	0	0	0	22.00	19.75	2.446594	5.494359	4.898891	102.337906	1	102.371452	102.406670
56	1000	0	0	0	0	0	0	0	0	0	0	0	0	0	0	0	22.00	20.00	2.444176	5.486301	4.888911	102.272041	1	102.339226	102.406670
57	1000	1	1	1	0	1	0	0	0	0	0	0	0	0	0	0	22.00	19.75	2.442564	5.483078	4.896039	102.507843	1	102.373100	102.406670
58	1000	1	0	1	0	0	0	0	0	0	0	0	0	0	0	0	22.00	19.75	2.442564	5.483078	4.888911	102.339767	1	102.339767	102.406670
59	1000	0	1	0	0	0	0	0	0	0	0	0	0	0	0	0	22.00	20.00	2.442564	5.481466	4.887485	102.340034	1	102.340294	102.406670
60	1000	2	1	1	0	0	1	0	0	0	0	0	0	0	0	0	22.00	20.00	2.439341	5.471796	4.857544	101.836357	0	102.443275	102.406670
61	1000	0	1	0	0	0	0	0	0	0	0	0	0	0	0	0	22.00	20.00	2.437729	5.470183	4.884634	102.510384	0	102.476379	102.406670
62	1000	0	0	0	0	0	0	0	0	0	0	0	0	0	0	0	22.00	20.00	2.437729	5.468572	4.877504	102.375877	1	102.342171	102.406670
63	1000	1	0	1	0	0	0	0	0	0	0	0	0	0	0	0	22.00	20.00	2.439341	5.470183	4.881782	102.442993	1	102.375313	102.406670
64	1000	0	2	4	0	0	0	0	1	0	0	0	0	0	0	0	22.00	20.00	2.437729	5.468572	4.878930	102.409569	1	102.342445	102.406670
65	1000	0	1	0	0	0	0	0	0	0	0	0	0	0	0	0	22.00	20.00	2.434505	5.458901	4.851841	101.972382	0	102.580475	102.406670
66	1000	0	2	0	0	0	0	0	0	0	0	0	0	0	0	0	22.00	20.00	2.433700	5.458901	4.871801	102.445076	1	102.377541	102.406670
67	1000	0	1	0	0	0	0	0	0	0	0	0	0	0	0	0	22.00	20.00	2.435311	5.458901	4.873227	102.478836	1	102.376984	102.406670
68	1000	0	0	0	0	0	0	0	0	0	0	0	0	0	0	0	22.00	20.00	2.434505	5.457290	4.867524	102.377823	1	102.344055	102.406670
69	1000	0	1	0	0	0	0	0	0	0	0	0	0	0	0	0	22.00	20.00	2.432894	5.452455	4.836158	101.736397	0	102.413345	102.406670
70	1000	1	0	0	0	0	0	0	0	0	0	0	0	0	0	0	22.00	20.00	2.429670	5.444396	4.858970	102.447777	0	102.413345	102.406670
71	1000	0	0	1	0	0	0	0	0	0	0	0	0	0	0	0	22.00	20.00	2.429670	5.442784	4.856118	102.414207	0	102.483498	102.406670
72	1000	1	0	0	0	0	0	0	0	0	0	0	0	0	0	0	22.00	20.00	2.429670	5.442784	4.856118	102.414207	1	102.176941	102.406670
73	1000	0	1	0	0	0	0	0	0	0	0	0	0	0	0	0	22.00	20.00	2.429670	5.442784	4.856118	102.414207	1	102.211029	102.406670
74	1000	0	1	0	0	0	0	0	0	0	0	0	0	0	0	0	22.00	20.00	2.428059	5.434726	4.827603	101.906952	0	102.483803	102.406670
75	1000	0	1	0	0	0	0	0	0	0	0	0	0	0	0	0	22.00	20.00	2.427253	5.436337	4.853267	102.483185	1	102.381477	102.406670
76	1000	0	1	0	0	0	0	0	0	0	0	0	0	0	0	0	22.00	20.00	2.426447	5.433114	4.848989	102.449890	1	102.348099	102.406670
77	1000	1	0	0	0	0	0	0	0	0	0	0	0	0	0	0	22.00	20.00	2.425641	5.428279	4.846138	102.484741	0	102.485687	102.406670
78	1000	2	3	0	0	2	0	0	0	0	0	0	0	0	0	0	22.00	20.00	2.425641	5.428279	4.821900	101.907509	0	102.553993	102.406670
79	1000	1	0	2	0	0	1	0	0	0	0	0	0	0	0	0	22.00	20.00	2.424029	5.423444	4.843287	102.519669	1	102.383163	102.406670
80	1000	1	1	0	0	0	0	0	0	0	0	0	0	0	0	0	22.50	20.00	2.423223	5.421832	4.837584	102.418007	1	101.873940	102.406670
81	1000	0	1	0	0	0	0	0	0	0	0	0	0	0	0	0	22.50	20.00	2.423223	5.421832	4.839009	102.451996	1	102.383728	102.406670
82	1000	0	1	2	0	0	0	0	0	0	0	0	0	0	0	0	22.50	20.00	2.422418	5.416997	4.834732	102.452911	0	102.418594	102.406670
83	1000	1	1	0	0	0	0	0	0	0	0	0	0	0	0	0	22.50	20.00	2.422418	5.415385	4.841861	102.657433	0	102.555656	102.406670
84	1000	0	0	0	0	0	0	0	0	0	0	0	0	0	0	0	22.50	20.00	2.421612	5.413774	4.831881	102.453522	1	102.350838	102.406670
85	1000	0	1	0	0	0	0	0	0	0	0	0	0	0	0	0	22.50	20.00	2.421612	5.412162	4.827603	102.385704	1	102.351379	102.406670
86	1000	0	0	2	0	0	0	0	0	0	0	0	0	0	0	0	22.50	20.00	2.420806	5.410550	4.826178	102.386002	0	102.455658	102.406670
87	1000	2	0	0	0	0	0	0	0	0	0	0	0	0	0	0	22.50	20.00	2.420806	5.407327	4.720672	99.932343	0	102.455658	102.406670
88	1000	0	0	0	0	0	0	0	0	0	0	0	0	0	0	0	22.50	20.00	2.418388	5.404103	4.821900	102.421249	1	102.284561	102.406670
89	1000	0	0	0	0	0	0	0	0	0	0	0	0	0	0	0	22.50	20.00	2.419194	5.404103	4.819049	102.353043	1	101.943436	102.406670
90	1000	0	2	0	0	0	0	0	0	0	0	0	0	0	0	0	22.50	20.00	2.419194	5.402491	4.823326	102.489784	1	102.216606	102.406670
91	1000	1	0	1	0	0	1	0	0	0	0	0	0	0	0	0	22.50	20.00	2.418388	5.400879	4.820475	102.455963	1	102.251198	102.406670
92	1000	0	0	0	0	0	0	0	0	0	0	0	0	0	0	0	22.50	20.00	2.417583	5.397656	4.793385	101.876060	0	102.525520	102.406670
93	1000	0	0	0	0	0	0	0	0	0	0	0	0	0	0	0	22.50	20.00	2.415971	5.392821	4.813345	102.457481	1	102.388847	102.406670
94	1000	1	0	1	0	0	1	0	0	0	0	0	0	0	0	0	22.50	20.00	2.416777	5.394433	4.813345	102.423012	0	102.457184	102.406670
95	1000	0	0	1	0	0	0	0	0	0	0	0	0	0	0	0	22.50	20.00	2.416777	5.394433	4.814771	102.457184	1	102.115509	102.406670
96	1000	0	0	1	0	0	0	0	0	0	0	0	0	0	0	0	22.50	20.00	2.415971	5.389597	4.809068	102.423897	1	102.389992	102.406670
97	1000	0	1	0	0	0	0	0	0	0	0	0	0	0	0	0	22.50	20.00	2.413553	5.381539	4.801939	102.425392	0	102.424789	102.406670
98	1000	2	1	0	0	0	0	0	0	0	0	0	0	0	0	0	22.50	20.00	2.413553	5.381539	4.803365	102.459641	1	102.356339	102.406670
99	1000	1	1	0	0	0	0	0	0	0	0	0	0	0	0	0	22.50	20.00	2.415165	5.383151	4.804791	102.459328	1	102.356339	102.406670
100	1000	0	2	0	0	0	0	0	0	0	0	0	0	0	0	0	22.50	20.00	2.415165	5.383151	4.804791	102.459328	1	102.356888	102.406670
101	1000	2	0	1	0	0	0	0	0	0	0	0	0	0	0	0	22.50	20.25	2.415971	5.381539	4.781979	101.945885	0	102.426277	102.406670
102	1000	0	2	1	0	0	0	0	0	0	0	0	0	0	0	0	22.50	20.25	2.413553	5.376704	4.796237	102.392006	1	102.357437	102.406670
103	1000	0	0	0	0	0	0	0	0	0	0	0	0	0	0	0	22.50	20.25	2.414359	5.376704	4.796237	102.392006	1	102.323174	102.406670
104	1000	1	0	0	0	0	0	0	0	0	0	0	0	0	0	0	22.50	20.25	2.414359	5.376704	4.796237	102.392006	1	101.912216	102.406670
105	1000	0	2	0	0	0	0	0	0	0	0	0	0	0	0	0	22.50	20.25	2.414359	5.376704	4.794811	102.357719	1	102.357719	102.406670
106	1000	0	2	0	0	0	0	0	0	0	0	0	0	0	0	0	22.50	20.25	2.411942	5.367033	4.793385	102.531097	1	102.358826	102.406670
107	1000	1	1	1	0	0	0	0	0	0	0	0	0	0	0	0	22.50	20.25	2.412747	5.370257	4.791959	102.427475	1	102.324242	102.406670
108	1000	0	0	0	0	0	0	0	0	0	0	0	0	0	0	0	22.50	20.25	2.412747	5.368645	4.791959	102.462105	1	102.255867	102.406670
109	1000	0	0	0	0	0	0	0	0	0	0	0	0	0	0	0	22.50	20.25	2.412747	5.367033	4.791959	102.496758	1	102.359398	102.406670
110	1000	1	2	1	0	0	0	0	0	0	0	0	0	0	0	0	22.50	20.25	2.414359	5.363810	4.770573	102.050682	0	102.566803	102.406670
111	1000	0	0	0	0	0	0	0	0	0	0	0	0	0	0	0	22.50	20.25	2.411136	5.362198	4.787682	102.497711	0	102.463028	102.406670
112	1000	0	0	0	0	0	0	0	0	0	0	0	0	0	0	0	22.50	20.25	2.411942	5.362198	4.784831	102.428963	1	102.360222	102.406670
114	1000	0	1	2	0	0	0	0	0	0	0	0	0	0	0	0	22.50	20.25	2.412747	5.362198	4.784831	102.428963	1	101.844383	102.406670
115	1000	1	0	0	0	0	0	0	0	0	0	0	0	0	0	0	22.50	20.25	2.411942	5.360587	4.770573	102.119820	1	102.257347	102.406670
116	1000	0	1	1	0	0	0	0	0	0	0	0	0	0	0	0	22.50	20.25	2.409524	5.350916	4.781979	102.603294	0	102.430466	102.406670
117	1000	0	1	0	0	0	0	0	0	0	0	0	0	0	0	0	22.50	20.25	2.411136	5.355752	4.779128	102.430161	1	102.326393	102.406670
118	1000	0	0	0	0	0	0	0	0	0	0	0	0	0	0	0	22.50	20.25	2.411942	5.357363	4.780553	102.429863	0	102.533417	102.406670
119	1000	0	1	0	0	0	0	0	0	0	0	0	0	0	0	0	22.50	20.25	2.411136	5.354140	4.776276	102.396049	1	102.223923	102.406670
120	1000	0	1	0	0	0	0	0	0	0	0	0	0	0	0	0	22.50	20.25	2.411942	5.352528	4.663641	99.710381	0	102.465828	102.406670
121	1000	0	0	0	0	0	0	0	0	0	0	0	0	0	0	0	22.50	20.25	2.410330	5.349305	4.774850	102.465828	1	102.361900	102.406670
122	1000	1	0	2	0	0	1	0	0	0	0	0	0	0	0	0	22.50	20.25	2.411942	5.352528	4.774850	102.396347	1	102.224159	102.406670
123	1000	0	1	1	0	0	0	0	0	0	0	0	0	0	0	0	22.50	20.25	2.411136	5.347693	4.770573	102.397209	1	101.811157	102.406670
124	1000	0	0	0	0	0	0	0	0	0	0	0	0	0	0	0	22.50	20.25	2.410330	5.346081	4.767722	102.363022	1	102.328545	102.406670
125	1000	0	1	0	0	0	0	0	0	0	0	0	0	0	0	0	22.50	20.25	2.409524	5.339634	4.764870	102.433197	1	102.398376	102.406670
126	1000	0	1	0	0	0	0	0	0	0	0	0	0	0	0	0	22.50	20.25	2.408718	5.339634	4.766296	102.467712	1	102.363586	102.406670
127	1000	0	0	0	0	0	0	0	0	0	0	0	0	0	0	0	22.50	20.25	2.409524	5.341246	4.766296	102.432899	0	102.467072	102.406670
128	1000	0	0	0	0	0	0	0	0	0	0	0	0	0	0	0	22.50	20.25	2.409524	5.341246	4.766296	102.432899	0	102.467712	102.406670
129	1000	0	0	0	0	0	0	0	0	0	0	0	0	0	0	0	22.50	20.50	2.409524	5.336411	4.744909	102.019318	1	102.399841	102.406670
130	1000	1	0	1	0	0	1	0	0	0	0	0	0	0	0	0	22.50	20.25	2.408718	5.336411	4.764870	102.502876	1	102.364723	102.406670
131	1000	0	0	0	0	0	0	0	0	0	0	0	0	0	0	0	22.50	20.50	2.409524	5.336411	4.763444	102.468346	1	102.364723	102.406670
132	1000	2	0	0	0	0	0	0	0	0	0	0	0	0	0	0	22.50	20.50	2.410330	5.336411	4.762019	102.433800	1	101.915993	102.406670
133	1000	3	0	1	0	0	0	0	0	0	0	0	0	0	0	0	22.50	20.50	2.409524	5.333187	4.740632	101.985107	1	102.295898	102.406670
134	1000	0	0	1	0	0	0	0	0	0	0	0	0	0	0	0	22.50	20.50	2.407912	5.326740	4.760593	102.608635	0	102.434708	102.406670
135	1000	1	0	0	0	0	0	0	0	0	0	0	0	0	0	0	22.50	20.50	2.408718	5.329964	4.759167	102.504173	1	102.400131	102.406670
136	1000	0	0	0	0	0	0	0	0	0	0	0	0	0	0	0	22.50	20.50	2.409524	5.329964	4.757741	102.469589	1	102.331245	102.406670
137	1000	1	0	0	0	0	0	0	0	0	0	0	0	0	0	0	23.00	20.50	2.411136	5.329964	4.759167	102.504173	1	102.400131	102.406670
138	1000	1	0	0	0	0	0	0	0	0	0	0	0	0	0	0	22.50	20.50	2.408718	5.325129	4.733503	101.985947	0	102.470833	102.406670
139	1000	0	0	2	0	0	0	0	0	0	0	0	0	0	0	0	23.00	20.50	2.408718	5.325129	4.753464	102.470528	1	102.400993	102.406670
140	1000	1	0	0	0	0	0	0	0	0	0	0	0	0	0	0	23.00	20.50	2.410330	5.326740	4.750612	102.366394	1	102.227997	102.406670
141	1000	0	0	0	0	0	0	0	0	0	0	0	0	0	0	0	23.00	20.50	2.411136	5.326740	4.753464	102.435600	0	102.505142	102.406670
142	1000	2	0	2	0	0	1	0	0	0	0	0	0	0	0	0	23.00	20.50	2.410330	5.325129	4.727800	101.847504	0	102.472092	102.406670
143	1000	0	3	1	0	0	0	0	0	0	0	0	0	0	0	0	23.00	20.50	2.409524	5.321905	4.744909	102.332619	1	102.332329	102.406670
144	1000	0	0	0	0	0	0	0	0	0	0	0	0	0	0	0	23.00	20.50	2.410330	5.321905	4.746335	102.367249	1	101.812996	102.406670
145	1000	1	1	1	0	0	0	0	0	0	0	0	0	0	0	0	23.00	20.50	2.409524	5.320293	4.744909	102.367531	1	102.332886	102.406670
146	1000	0	1	0	0	0	0	0	0	0	0	0	0	0	0	0	23.00	20.50	2.410330	5.320293	4.746335	102.402176	1	102.298241	102.406670
147	1000	2	2	2	0	1	0	0	0	0	0	0	0	0	0	0	23.00	20.50	2.411136	5.317070	4.727800	102.021454	1	102.403343	102.406670
148	1000	0	0	0	0	0	0	0	0	0	0	0	0	0	0	0	23.00	20.50	2.410330	5.315458	4.747761	102.541763	1	102.368095	102.406670
149	1000	0	0	0	0	0	0	0	0	0	0	0	0	0	0	0	23.00	20.50	2.411136	5.315458	4.743484	102.437744	1	102.368095	102.406670
150	1000	3	0	1	0	0	1	0	0	0	0	0	0	0	0	0	23.00	20.50	2.410330	5.315458	4.742058	102.403061	1	101.813354	102.406670
151	1000	0	0	1	0	0	0	0	0	0	0	0	0	0	0	0	23.00	20.75	2.411942	5.317070	4.723523	101.917458	0	102.577820	102.406670
152	1000	0	0	0	0	0	0	0	0	0	0	0	0	0	0	0	23.00	20.50	2.410330	5.313847	4.744909	102.507416	1	102.333984	102.406670
153	1000	1	0	1	0	0	0	0	0	0	0	0	0	0	0	0	23.00	20.75	2.410330	5.310623	4.742058	102.508064	0	102.473351	102.406670
154	1000	0	0	0	0	0	0	0	0	0	0	0	0	0	0	0	23.00	20.75	2.410330	5.309011	4.737781	102.438965	1	102.334526	102.406670
155	1000	0	0	0	0	0	0	0	0	0	0	0	0	0	0	0	23.00	20.75	2.410330	5.307400	4.732078	102.335083	1	102.334801	102.406670
156	1000	0	0	0	0	0	0	0	0	0	0	0	0	0	0	0	23.00	20.75	2.412747	5.304176	4.653661	100.493919	0	102.475258	102.406670
157	1000	0	0	1	0	0	0	0	0	0	0	0	0	0	0	0	23.00	20.75	2.410330	5.305788	4.736355	102.474312	1	102.404533	102.406670
158	1000	0	1	2	0	0	0	0	1	0	0	0	0	0	0	0	23.00	20.75	2.410330	5.304176	4.732078	102.405136	1	102.370094	102.406670
159	1000	1	2	1	0	0	0	0	0	0	0	0	0	0	0	0	23.00	20.75	2.411136	5.304176	4.734929	102.474617	0	102.440483	102.406670
160	1000	1	2	0	0	0	0	0	0	0	0	0	0	0	0	0	23.00	20.75	2.409524	5.300953	4.709266	101.918938	0	102.441711	102.406670
161	1000	0	0	0	0	0	0	0	0	0	0	0	0	0	0	0	23.00	20.75	2.408718	5.297729	4.724949	102.371513	1	102.371231	102.406670
162	1000	0	1	0	0	0	0	0	0	0	0	0	0	0	0	0	23.00	20.75	2.410330	5.300953	4.729226	102.405716	1	101.710060	102.406670
163	1000	0	0	0	0	0	0	0	0	0	0	0	0	0	0	0	23.00	20.75	2.410330	5.299341	4.726375	102.371231	1	102.301659	102.406670
164	1000	0	1	1	0	0	0	0	0	0	0	0	0	0	0	0	23.00	20.75	2.411136	5.297729	4.724949	102.371513	1	102.336723	102.406670
165	1000	1	1	0	0	1	0	0	0	0	0	0	0	0	0	0	23.00	20.75	2.411942	5.297729	4.702137	101.814857	1	102.302200	102.406670
166	1000	3	0	0	0	0	0	0	0	0	0	0	0	0	0	0	23.00	20.75	2.411136	5.296118	4.724949	102.406601	1	102.301933	102.406670
167	1000	2	0	3	0	0	2	0	0	0	0	0	0	0	0	0	23.00	20.75	2.411136	5.294506	4.720672	102.337273	1	102.197792	102.406670
168	1000	1	0	1	0	0	1	0	0	0	0	0	0	0	0	0	23.00	20.75	2.412747	5.297729	4.726375	102.406319	0	102.407799	102.406670
169	1000	0	1	0	0	0	0	0	0	0	0	0	0	0	0	0	23.00	20.75	2.412747	5.296118	4.764870	103.381065	0	102.512321	102.406670
170	1000	0	0	0	0	0	0	0	0	0	0	0	0	0	0	0	23.00	20.75	2.411136	5.291283	4.722097	102.442329	0	102.441711	102.406670
171	1000	1	0	0	0	0	0	0	0	0	0	0	0	0	0	0	23.00	20.75	2.411942	5.291283	4.723523	102.477158	1	101.954330	102.406670
172	1000	0	0	1	0	0	0	0	0	0	0	0	0	0	0	0	23.00	20.75	2.411136	5.288059	4.720672	102.477798	1	102.338104	102.406670
173	1000	0	1	0	0	0	0	0	0	0	0	0	0	0	0	0	23.00	20.75	2.411942	5.289671	4.722097	102.477478	1	102.372940	102.406670
174	1000	1	1	0	0	0	0	0	0	0	0	0	0	0	0	0	23.00	20.75	2.410330	5.284836	4.699286	102.025047	0	102.583420	102.406670
175	1000	0	0	0	0	0	0	0	0	0	0	0	0	0	0	0	23.00	20.75	2.411136	5.284836	4.719246	102.513321	1	102.303780	102.406670
176	1000	0	1	0	0	0	0	0	0	0	0	0	0	0	0	0	23.00	20.75	2.412747	5.288059	4.716394	102.373238	0	102.442635	102.406670
177	1000	0	0	0	0	0	0	0	0	0	0	0	0	0	0	0	23.00	21.00	2.413553	5.288059	4.714969	102.338387	1	101.676048	102.406670
178	1000	1	0	2	0	0	1	0	0	0	0	0	0	0	0	0	23.00	21.00	2.412747	5.286448	4.692157	101.815674	0	102.514641	102.406670
179	1000	0	1	0	0	0	0	0	0	0	0	0	0	0	0	0	23.00	21.00	2.410330	5.280001	4.713543	102.479393	0	102.444489	102.406670
180	1000	2	1	1	0	0	1	0	0	0	0	0	0	0	0	0	23.00	21.00	2.413553	5.284836	4.717820	102.478432	1	102.338654	102.406670
181	1000	0	0	0	0	0	0	0	0	0	0	0	0	0	0	0	23.00	21.00	2.414359	5.283224	4.713543	102.408981	1	102.374092	102.406670
182	1000	0	0	0	0	0	0	0	0	0	0	0	0	0	0	0	23.00	21.00	2.414359	5.283224	4.717820	102.513641	1	102.374092	102.406670
183	1000	0	1	1	0	0	0	0	0	0	0	0	0	0	0	0	23.50	21.00	2.411942	5.275165	4.692157	102.061089	0	102.585526	102.406670
184	1000	1	0	1	0	0	0	0	0	0	0	0	0	0	0	0	23.50	21.00	2.413553	5.278389	4.709266	102.409882	1	102.269691	102.406670
185	1000	2	1	1	0	1	1	0	1	0	0	1	0	0	0	0	23.50	21.00	2.414359	5.280001	4.713543	102.479393	0	102.444489	102.406670
186	1000	2	2	0	0	1	0	0	0	0	0	0	0	0	0	0	23.50	21.00	2.415165	5.280001	4.706414	102.304855	1	101.676643	102.406670
187	1000	1	1	1	0	0	0	0	0	0	0	0	0	0	0	0	23.50	21.00	2.414359	5.276777	4.683602	101.816360	0	102.516632	102.406670
188	1000	1	0	1	0	0	0	0	0	0	0	0	0	0	0	0	23.50	21.00	2.412747	5.271942	4.707840	102.515968	1	102.375542	102.406670
189	1000	0	0	2	0	0	0	0	0	0	0	0	0	0	0	0	23.50	21.00	2.414359	5.273553	4.704988	102.410782	1	102.375542	102.406670
190	1000	0	0	0	0	0	0	0	0	0	0	0	0	0	0	0	23.50	21.00	2.414359	5.273553	4.704988	102.410782	1	102.270729	102.406670
191	1000	1	0	0	0	0	0	0	0	0	0	0	0	0	0	0	23.50	21.00	2.414359	5.271942	4.702137	102.376122	1	102.376122	102.406670
192	1000	1	0	0	0	0	0	0	0	0	0	0	0	0	0	0	23.50	21.00	2.413553	5.268718	4.685028	102.026863	0	102.516968	102.406670
193	1000	0	1	0	0	0	0	0	0	0	0	0	0	0	0	0	23.50	21.00	2.415165	5.271942	4.706414	102.481003	0	102.445732	102.406670
194	1000	0	0	1	0	0	0	0	0	0	0	0	0	0	0	0	23.50	21.00	2.416777	5.273553	4.707840	102.480682	0	102.445427	102.406670
195	1000	1	0	0	0	0	0	0	0	0	0	0	0	0	0	0	23.50	21.00	2.416777	5.270330	4.702137	102.411385	1	102.376122	102.406670
196	1000	2	1	0	0	1	0	0	0	0	0	0	0	0	0	0	23.50	21.00	2.415971	5.268718	4.596631	99.857903	0	102.447899	102.406670
197	1000	0	0	1	0	0	0	0	0	0	0	0	0	0	0	0	23.50	21.00	2.414359	5.263883	4.702137	102.552650	0	102.517288	102.406670
198	1000	0	0	0	0	0	0	0	0	0	0	0	0	0	0	0	23.50	21.00	2.415165	5.263883	4.696434	102.412582	1	101.992897	102.406670
199	1000	0	0	1	0	0	0	0	0	0	0	0	0	0	0	0	23.50	21.25	2.416777	5.265495	4.697860	102.412285	1	102.341995	102.406670
200	1000	0	0	0	0	0	0	0	0	0	0	0	0	0	0	0	23.50	21.25	2.416777	5.265495	4.696434	102.377281	0	102.447289	102.406670
201	1000	0	1	1	0	0	0	0	0	0	0	0	0	0	0	0	23.50	21.25	2.415971	5.262271	4.576671	99.505737	0	102.483566	102.406670
202	1000	0	0	0	0	0	0	0	0	0	0	0	0	0	0	0	23.50	21.25	2.415971	5.262271	4.697860	102.482941	0	102.412880	102.406670
203	1000	0	1	2	0	0	0	0	0	0	0	0	0	0	0	0	23.50	21.25	2.415971	5.260660	4.692157	102.378143	1	102.342834	102.406670
204	1000	2	1	0	0	1	0	0	0	0	0	0	0	0	0	0	23.50	21.25	2.417583	5.262271	4.693583	102.377853	0	102.412880	102.406670
205	1000	1	1	1	0	0	0	0	0	0	0	0	0	0	0	0	23.50	21.25	2.418388	5.263883	4.665067	101.642242	0	102.519287	102.406670
206	1000	0	0	1	0	0	0	0	0	0	0	0	0	0	0	0	23.50	21.25	2.416777	5.259048	4.690731	102.378441	1	102.308060	102.406670
207	1000	0	1	0	0	0	0	0	0	0	0	0	0	0	0	0	23.50	21.25	2.418388	5.262271	4.693583	102.377853	0	102.484848	102.406670
208	1000	0	0	2	0	0	0	0	0	0	0	0	0	0	0	0	23.50	21.25	2.419194	5.260660	4.692157	102.378143	0	102.412880	102.406670
209	1000	0	0	1	0	0	0	0	0	0	0	0	0	0	0	0	23.50	21.25	2.420000	5.262271	4.696434	102.447899	0	102.447899	102.406670
210	1000	0	1	2	0	0	0	0	0	0	0	0	0	0	0	0	23.50	21.25	2.418388	5.257436	4.670770	101.922966	0	102.414383	102.406670
211	1000	1	4	0	0	1	0	0	0	0	0	0	0	0	0	0	23.50	21.25	2.418388	5.255825	4.689305	102.414070	1	102.308601	102.406670
212	1000	1	2	2	0	0	1	0	0	0	0	0	0	0	0	0	23.50	21.25	2.420000	5.257436	4.690731	102.413788	1	102.343666	102.406670
213	1000	0	0	0	0	0	0	0	0	0	0	0	0	0	0	0	23.50	21.25	2.420000	5.257436	4.685028	102.273537	1	102.309410	102.406670
214	1000	0	1	1	0	0	0	0	0	0	0	0	0	0	0	0	23.50	21.25	2.420000	5.257436	4.666493	101.817780	0	102.555733	102.406670
215	1000	1	1	0	0	0	0	0	0	0	0	0	0	0	0	0	23.50	21.25	2.417583	5.249378	4.686453	102.485504	1	102.309410	102.406670
216	1000	1	0	1	0	0	1	0	0	0	0	0	0	0	0	0	23.50	21.25	2.420000	5.255825	4.687879	102.379005	1	101.887772	102.406670
217	1000	1	1	1	0	1	0	0	0	0	0	0	0	0	0	0	23.50	21.25	2.420000	5.252601	4.682176	102.309410	1	102.238976	102.406670
218	1000	0	1	0	0	0	0	0	0	0	0	0	0	0	0	0	23.50	21.25	2.420000	5.249378	4.680750	102.345055	1	102.274834	102.406670
219	1000	1	0	0	0	0	0	0	0	0	0	0	0	0	0	0	23.50	21.25	2.419194	5.246154	4.665067	102.029419	0	102.451019	102.406670
220	1000	0	0	0	0	0	0	0	0	0	0	0	0	0	0	0	23.50	21.25	2.419194	5.247766	4.680750	102.380455	1	102.274574	102.406670
221	1000	0	0	0	0	0	0	0	0	0	0	0	0	0	0	0	23.50	21.25	2.420806	5.249378	4.682176	102.380165	1	102.274834	102.406670
222	1000	0	0	1	0	0	0	0	0	0	0	0	0	0	0	0	23.50	21.25	2.421612	5.250989	4.686453	102.450073	1	102.380165	102.406670
223	1000	0	1	0	0	0	0	0	0	0	0	0	0	0	0	0	23.50	21.25	2.422418	5.250989	4.667919	101.993774	0	102.451019	102.406670
224	1000	0	0	1	0	0	0	0	0	0	0	0	0	0	0	0	23.50	21.25	2.420806	5.246154	4.685028	102.521286	1	102.380165	102.406670
225	1000	0	1	0	0	0	0	0	0	0	0	0	0	0	0	0	23.50	21.25	2.421612	5.246154	4.682176	102.451019	1	101.958984	102.406670
226	1000	0	1	1	0	0	0	0	0	0	0	0	0	0	0	0	23.50	21.50	2.424029	5.249378	4.686453	102.485504	1	102.309669	102.406670
227	1000	1	1	2	0	0	0	0	0	0	0	0	0	0	0	0	23.50	21.50	2.422418	5.246154	4.682176	102.451019	0	102.416191	102.406670
228	1000	1	1	0	0	0	0	0	0	0	0	0	0	0	0	0	24.00	21.50	2.422418	5.242931	4.657938	101.924316	0	102.416191	102.406670
229	1000	0	1	1	0	0	0	0	0	0	0	0	0	0	0	0	24.00	21.50	2.421612	5.242931	4.679325	102.451653	0	102.451653	102.406670
230	1000	0	0	0	0	0	0	0	0	0	0	0	0	0	0	0	24.00	21.50	2.422418	5.242931	4.680750	102.486801	1	102.345894	102.406670
231	1000	1	0	0	0	0	0	0	0	0	0	0	0	0	0	0	24.00	21.50	2.422418	5.241319	4.677899	102.451958	0	102.523628	102.406670
232	1000	0	0	0	0	0	0	0	0	0	0	0	0	0	0	0	24.00	21.50	2.422418	5.241319	4.583799	100.131012	0	102.594406	102.406670
233	1000	1	0	2	0	0	0	0	0	0	0	0	0	0	0	0	24.00	21.50	2.422418	5.238096	4.676473	102.487770	0	102.452263	102.406670
234	1000	1	2	1	0	1	0	0	0	0	0	0	0	0	0	0	24.00	21.50	2.423223	5.239707	4.675047	102.417091	1	101.713303	102.406670
235	1000	1	1	1	0	0	1	0	0	0	0	0	0	0	0	0	24.00	21.50	2.424835	5.241319	4.676473	102.416794	1	102.346176	102.406670
236	1000	1	2	0	0	1	0	0	0	0	0	0	0	0	0	0	24.00	21.50	2.424029	5.239707	4.672196	102.346733	1	102.382202	102.406670
237	1000	1	0	1	0	0	0	0	0	0	0	0	0	0	0	0	24.00	21.50	2.424835	5.238096	4.660790	102.100716	0	102.452896	102.406670
238	1000	1	0	0	0	0	0	0	0	0	0	0	0	0	0	0	24.00	21.50	2.424835	5.238096	4.672196	102.382202	1	102.206039	102.406670
239	1000	0	0	0	0	0	0	0	0	0	0	0	0	0	0	0	24.00	21.50	2.425641	5.239707	4.673622	102.381920	1	102.381920	102.406670
240	1000	1	1	0	0	1	0	0	0	0	0	0	0	0	0	0	24.00	21.50	2.425641	5.238096	4.669344	102.311829	1	102.171539	102.406670
241	1000	1	1	0	0	0	0	0	0	0	0	0	0	0	0	0	24.00	21.50	2.426447	5.238096	4.649384	101.819214	0	102.489403	102.406670
242	1000	0	1	2	0	0	0	0	0	0	0	0	0	0	0	0	24.00	21.50	2.424029	5.233261	4.672196	102.488747	0	102.418007	102.406670
243	1000	1	1	0	0	1	0	0	0	0	0	0	0	0	0	0	24.00	21.50	2.427253	5.236484	4.672196	102.417694	1	101.924622	102.406670
244	1000	0	0	1	0	0	0	0	0	0	0	0	0	0	0	0	24.00	21.50	2.427253	5.236484	4.672196	102.417694	1	102.241455	102.406670
245	1000	0	0	0	0	0	0	0	0	0	0	0	0	0	0	0	24.00	21.50	2.427253	5.236484	4.665067	102.241714	1	102.241951	102.406670
246	1000	2	0	3	0	0	2	0	0	0	0	0	0	0	0	0	24.00	21.50	2.426447	5.231649	4.650810	101.995842	0	102.489082	102.406670
247	1000	0	1	1	0	0	0	0	0	0	0	0	0	0	0	0	24.00	21.50	2.426447	5.231649	4.670770	102.489082	0	102.453842	102.406670
248	1000	1	0	0	0	0	0	0	0	0	0	0	0	0	0	0	24.00	21.50	2.426447	5.230037	4.666493	102.418915	0	102.418915	102.406670
249	1000	1	1	0	0	0	0	0	0	0	0	0	0	0	0	0	24.00	21.50	2.428059	5.233261	4.666493	102.347870	1	102.277695	102.406670
250	1000	2	0	0	0	0	0	0	0	0	0	0	0	0	0	0	24.00	21.50	2.428059	5.231649	4.647958	101.925385	0	102.595848	102.406670
251	1000	1	0	0	0	0	0	0	0	0	0	0	0	0	0	0	24.00	21.50	2.426447	5.228426	4.663641	102.383965	1	102.277954	102.406670
252	1000	2	1	1	0	0	1	0	0	0	0	0	0	0	0	0	24.00	21.50	2.427253	5.228426	4.667919	102.489723	0	102.490044	102.406670
253	1000	0	0	0	0	0	0	0	0	0	0	0	0	0	0	0	24.00	21.75	2.428059	5.228426	4.666493	102.454475	1	102.348434	102.406670
254	1000	1	1	0	0	0	0	0	0	0	0	0	0	0	0	0	24.00	21.75	2.430476	5.231649	4.667919	102.418610	0	102.418610	102.406670
255	1000	0	1	1	0	0	0	0	0	0	0	0	0	0	0	0	24.00	21.75	2.427253	5.223590	4.647958	102.102577	0	102.420128	102.406670
256	1000	1	1	0	0	0	0	0	0	0	0	0	0	0	0	0	24.00	21.75	2.428059	5.225202	4.666493	102.525650	1	102.384262	102.406670
257	1000	1	0	1	0	0	1	0	0	0	0	0	0	0	0	0	24.00	21.75	2.430476	5.230037	4.666493	102.418915	1	102.383377	102.406670
258	1000	2	1	0	0	0	0	0	0	0	0	0	0	0	0	0	24.00	21.75	2.430476	5.228426	4.662216	102.348717	1	102.348991	102.406670
259	1000	0	0	0	0	0	0	0	0	0	0	0	0	0	0	0	24.00	21.75	2.430476	5.226814	4.699286	103.301109	0	102.420448	102.406670
260	1000	2	1	1	0	0	1	0	0	0	0	0	0	0	0	0	24.00	21.75	2.429670	5.223590	4.662216	102.455421	1	102.314003	102.406670
261	1000	2	2	1	0	0	0	0	0	0	0	0	0	0	0	0	24.00	21.75	2.432088	5.228426	4.662216	102.348717	1	102.384560	102.406670
262	1000	2	0	2	0	0	1	0	0	0	0	0	0	0	0	0	24.00	21.75	2.432088	5.226814	4.660790	102.348991	1	102.348717	102.406670
263	1000	0	0	0	0	0	0	0	0	0	0	0	0	0	0	0	24.00	21.75	2.432894	5.226814	4.663641	102.419525	1	102.278465	102.406670
264	1000	1	1	0	0	1	0	0	0	0	0	0	0	0	0	0	24.00	21.75	2.429670	5.218755	4.635127	101.891281	0	102.421349	102.406670
265	1000	0	0	0	0	0	0	0	0	0	0	0	0	0	0	0	24.00	21.75	2.430476	5.220367	4.656513	102.385429	1	102.314545	102.406670
266	1000	1	1	0	0	0	0	0	0	0	0	0	0	0	0	0	24.00	21.75	2.432894	5.225202	4.660790	102.384560	1	102.384560	102.406670
267	1000	0	0	1	0	0	0	0	0	0	0	0	0	0	0	0	24.00	21.75	2.432894	5.223590	4.655087	102.278984	1	102.314545	102.406670
268	1000	0	0	0	0	0	0	0	0	0	0	0	0	0	0	0	24.00	21.75	2.433700	5.223590	4.639404	101.890862	0	102.492332	102.406670
269	1000	2	0	1	0	0	1	0	0	0	0	0	0	0	0	0	24.00	21.75	2.432894	5.221979	4.659364	102.420448	1	102.314285	102.406670
270	1000	0	0	3	0	0	0	0	0	0	0	0	0	0	0	0	24.00	21.75	2.433700	5.221979	4.659364	102.420448	1	101.961754	102.406670
271	1000	0	0	0	0	0	0	0	0	0	0	0	0	0	0	0	24.00	21.75	2.433700	5.220367	4.656513	102.385429	1	102.385429	102.406670
272	1000	0	0	0	0	0	0	0	0	0	0	0	0	0	0	0	24.00	21.75	2.434505	5.220367	4.650810	102.244209	1	102.208900	102.406670
273	1000	1	1	1	0	0	1	0	0	0	0	0	0	0	0	0	24.00	21.75	2.432894	5.212308	4.655087	102.528358	1	102.315636	102.406670
274	1000	0	0	1	0	0	0	0	0	0	0	0	0	0	0	0	24.00	21.75	2.432088	5.215532	4.656513	102.492332	0	102.421669	102.406670
275	1000	1	1	1	0	0	1	0	0	0	0	0	0	0	0	0	24.50	21.75	2.435311	5.220367	4.659364	102.456055	1	102.385429	102.406670
276	1000	1	0	0	0	0	0	0	0	0	0	0	0	0	0	0	24.50	21.75	2.435311	5.218755	4.653661	102.350418	1	102.350418	102.406670
277	1000	0	1	0	0	0	0	0	0	0	0	0	0	0	0	0	24.50	21.75	2.435311	5.221979	4.635127	101.820404	0	102.422592	102.406670
278	1000	1	0	0	0	0	0	0	0	0	0	0	0	0	0	0	24.50	21.75	2.434505	5.215532	4.653661	102.421669	0	102.421349	102.406670
279	1000	0	0	0	0	0	0	0	0	0	0	0	0	0	0	0	24.50	22.00	2.436117	5.217144	4.655087	102.421349	0	102.600174	102.406670
280	1000	0	0	0	0	0	0	0	0	0	0	0	0	0	0	0	24.50	22.00	2.436117	5.217144	4.652236	102.350693	1	102.386024	102.406670
281	1000	0	0	0	0	0	0	0	0	0	0	0	0	0	0	0	24.50	22.00	2.436117	5.215532	4.655087	102.457001	0	102.421669	102.406670
282	1000	0	1	0	0	0	0	0	0	0	0	0	0	0	0	0	24.50	22.00	2.436117	5.212308	4.635127	102.033302	1	102.351257	102.406670
283	1000	1	1	0	0	0	0	0	0	0	0	0	0	0	0	0	24.50	22.00	2.435311	5.212308	4.655087	102.528358	1	102.351257	102.406670
284	1000	0	0	0	0	0	0	0	0	0	0	0	0	0	0	0	24.50	22.00	2.436923	5.212308	4.652236	102.457642	1	102.315910	102.406670
285	1000	1	1	0	0	0	0	0	0	0	0	0	0	0	0	0	24.50	22.00	2.438535	5.215532	4.653661	102.421669	1	102.350983	102.406670
286	1000	1	0	0	0	0	0	0	0	0	0	0	0	0	0	0	24.50	22.00	2.437729	5.213920	4.650810	102.386620	1	102.280563	102.406670
287	1000	0	0	1	0	0	0	0	0	0	0	0	0	0	0	0	24.50	22.00	2.433700	5.204249	4.649384	102.565483	0	102.458603	102.406670
288	1000	0	0	0	0	0	0	0	0	0	0	0	0	0	0	0	24.50	22.00	2.436923	5.210696	4.649384	102.422592	1	102.316734	102.406670
289	1000	0	0	0	0	0	0	0	0	0	0	0	0	0	0	0	24.50	22.00	2.439341	5.209085	4.647958	102.422897	1	102.387222	102.406670
290	1000	0	1	0	0	0	0	0	0	0	0	0	0	0	0	0	24.50	22.00	2.437729	5.207473	4.646533	102.423195	1	102.281624	102.406670
291	1000	0	0	0	0	0	0	0	0	0	0	0	0	0	0	0	24.50	22.00	2.437729	5.209085	4.642255	102.281364	1	102.387810	102.406670
292	1000	0	0	0	0	0	0	0	0	0	0	0	0	0	0	0	24.50	22.00	2.437729	5.209085	4.639404	102.210602	1	102.281624	102.406670
293	1000	0	1	0	0	0	0	0	0	0	0	0	0	0	0	0	24.50	22.00	2.438535	5.207473	4.643681	102.352417	1	102.352417	102.406670
294	1000	1	0	0	0	0	0	0	0	0	0	0	0	0	0	0	24.50	22.00	2.440147	5.209085	4.647958	102.422897	1	102.352417	102.406670
295	1000	1	0	1	0	0	1	0	0	0	0	0	0	0	0	0	24.50	22.00	2.440147	5.209085	4.626572	101.892136	0	102.494644	102.406670
296	1000	0	0	0	0	0	0	0	0	0	0	0	0	0	0	0	24.50	22.00	2.439341	5.205861	4.649384	102.529716	1	102.387810	102.406670
297	1000	1	0	0	0	0	0	0	0	0	0	0	0	0	0	0	24.50	22.00	2.441758	5.209085	4.643681	102.316734	1	101.963379	102.406670
298	1000	0	0	1	0	0	0	0	0	0	0	0	0	0	0	0	24.50	22.00	2.440953	5.207473	4.647958	102.458603	0	102.458603	102.406670
299	1000	0	0	0	0	0	0	0	0	0	0	0	0	0	0	0	24.50	22.00	2.441758	5.207473	4.645107	102.387810	1	102.387810	102.406670
300	1000	0	1	1	0	0	0	0	0	0	0	0	0	0	0	0	24.50	22.00	2.440953	5.202638	4.623720	101.963554	0	102.530403	102.406670
301	1000	0	0	0	0	0	0	0	0	0	0	0	0	0	0	0	24.50	22.00	2.441758	5.205861	4.647958	102.494324	1	102.388092	102.406670
302	1000	0	0	0	0	0	0	0	0	0	0	0	0	0	0	0	24.50	22.00	2.441758	5.205861	4.646533	102.458908	1	102.317017	102.406670
303	1000	1	0	0	0	0	0	0	0	0	0	0	0	0	0	0	24.50	22.00	2.441758	5.204249	4.646533	102.494644	0	102.424118	102.406670
304	1000	0	0	1	0	0	0	0	0	0	0	0	0	0	0	0	24.50	22.00	2.440953	5.202638	4.620869	101.892700	0	102.567589	102.406670
305	1000	2	1	0	0	0	0	0	0	0	0	0	0	0	0	0	24.50	22.00	2.440147	5.197803	4.642255	102.531433	0	102.495636	102.406670
306	1000	0	0	1	0	0	0	0	0	0	0	0	0	0	0	0	24.50	22.00	2.442564	5.204249	4.643681	102.423813	1	101.892700	102.406670
307	1000	0	1	0	0	0	0	0	0	0	0	0	0	0	0	0	24.50	22.25	2.442564	5.201026	4.643681	102.495308	1	102.388687	102.406670
308	1000	0	0	0	0	0	0	0	0	0	0	0	0	0	0	0	24.50	22.25	2.443370	5.202638	4.640830	102.388687	1	102.318115	102.406670
309	1000	0	0	0	0	0	0	0	0	0	0	0	0	0	0	0	24.50	22.25	2.441758	5.194579	4.637978	102.496628	1	102.354118	102.406670
310	1000	0	0	1	0	0	0	0	0	0	0	0	0	0	0	0	24.50	22.25	2.441758	5.196191	4.640830	102.531761	0	102.460182	102.406670
311	1000	0	0	2	0	0	0	0	0	0	0	0	0	0	0	0	24.50	22.25	2.442564	5.199414	4.640830	102.460182	0	102.424736	102.406670
312	1000	1	2	0	0	1	0	0	0	0	0	0	0	0	0	0	24.50	22.25	2.444176	5.199414	4.637978	102.389290	1	102.389587	102.406670
313	1000	0	0	0	0	0	0	0	0	0	0	0	0	0	0	0	24.50	22.25	2.444176	5.199414	4.616591	101.857544	0	102.496628	102.406670
314	1000	1	0	0	0	0	0	0	0	0	0	0	0	0	0	0	24.50	22.25	2.442564	5.196191	4.635127	102.389885	1	102.389587	102.406670
315	1000	1	2	1	0	0	1	0	0	0	0	0	0	0	0	0	24.50	22.25	2.444982	5.201026	4.642255	102.459877	0	102.424736	102.406670
316	1000	0	0	0	0	0	0	0	0	0	0	0	0	0	0	0	24.50	22.25	2.445788	5.201026	4.640830	102.424431	1	102.388992	102.406670
317	1000	1	1	0	0	0	0	0	0	0	0	0	0	0	0	0	24.50	22.25	2.446594	5.201026	4.637978	102.353554	1	102.247490	102.406670
318	1000	0	0	1	0	0	0	0	0	0	0	0	0	0	0	0	24.50	22.25	2.444982	5.192967	4.635127	102.461464	0	102.496628	102.406670
319	1000	2	2	1	0	2	0	0	0	0	0	0	0	0	0	0	24.50	22.25	2.445788	5.197803	4.637978	102.425041	1	102.389290	102.406670
320	1000	0	0	1	0	0	0	0	0	0	0	0	0	0	0	0	24.50	22.25	2.446594	5.196191	4.635127	102.389885	1	102.318672	102.406670
321	1000	0	1	0	0	0	0	0	0	0	0	0	0	0	0	0	24.50	22.25	2.445788	5.194579	4.630849	102.319214	1	102.283730	102.406670
322	1000	0	0	0	0	0	0	0	0	0	0	0	0	0	0	0	24.50	22.25	2.446594	5.202638	4.618017	101.821846	1	102.391068	102.406670
323	1000	0	0	1	0	0	0	0	0	0	0	0	0	0	0	0	24.50	22.25	2.445788	5.192967	4.633701	102.425972	1	102.354416	102.406670
324	1000	3	0	1	0	0	1	0	0	0	0	0	0	0	0	0	24.50	22.25	2.447399	5.194579	4.632275	102.354698	0	102.426277	102.406670
325	1000	0	2	1	0	0	0	0	0	0	0	0	0	0	0	0	24.50	22.25	2.449011	5.197803	4.639404	102.460503	0	102.460503	102.406670
326	1000	0	0	0	0	0	0	0	0	0	0	0	0	0	0	0	24.50	22.25	2.449011	5.197803	4.636552	102.389587	0	102.460823	102.406670
328	1000	0	0	0	0	0	0	0	0	0	0	0	0	0	0	0	25.00	22.25	2.447399	5.191356	4.595205	101.503166	0	102.533134	102.406670
329	1000	0	0	0	0	0	0	0	0	0	0	0	0	0	0	0	25.00	22.25	2.449011	5.194579	4.636552	102.461143	1	102.318932	102.406670
330	1000	2	0	1	0	0	0	0	0	0	0	0	0	0	0	0	25.00	22.25	2.449011	5.194579	4.636552	102.461143	0	102.425972	102.406670
331	1000	0	0	2	0	0	0	0	0	0	0	0	0	0	0	0	25.00	22.25	2.449011	5.194579	4.633701	102.390182	1	102.354980	102.406670
332	1000	0	0	0	0	0	0	0	0	0	0	0	0	0	0	0	25.00	22.25	2.449817	5.199414	4.622294	101.999344	0	102.498276	102.406670
333	1000	0	1	0	0	0	0	0	0	0	0	0	0	0	0	0	25.00	22.25	2.449817	5.192967	4.633701	102.425972	0	102.461143	102.406670
334	1000	0	1	0	0	0	0	0	0	0	0	0	0	0	0	0	25.00	22.25	2.450623	5.192967	4.635127	102.461464	1	102.319489	102.406670
335	1000	1	0	1	0	0	1	0	0	0	0	0	0	0	0	0	25.00	22.25	2.450623	5.192967	4.632275	102.390472	1	101.929047	102.406670
336	1000	0	2	1	0	0	0	0	0	0	0	0	0	0	0	0	25.00	22.25	2.449817	5.191356	4.632275	102.426277	1	102.355263	102.406670
337	1000	1	0	1	0	0	1	0	0	0	0	0	0	0	0	0	25.00	22.50	2.449817	5.188132	4.632275	102.497948	0	102.568993	102.406670
338	1000	0	1	0	0	0	0	0	0	0	0	0	0	0	0	0	25.00	22.50	2.452235	5.194579	4.636552	102.461143	1	102.390182	102.406670
339	1000	1	0	1	0	0	0	0	0	0	0	0	0	0	0	0	25.00	22.50	2.452235	5.191356	4.635127	102.497276	1	102.390770	102.406670
340	1000	0	0	0	0	0	0	0	0	0	0	0	0	0	0	0	25.00	22.50	2.452235	5.189744	4.630849	102.426582	1	102.284248	102.406670
341	1000	0	0	0	0	0	0	0	0	0	0	0	0	0	0	0	25.00	22.50	2.452235	5.189744	4.637978	102.604156	0	102.534164	102.406670
342	1000	0	0	1	0	0	0	0	0	0	0	0	0	0	0	0	25.00	22.50	2.452235	5.189744	4.630849	102.426582	1	102.213234	102.406670
343	1000	0	0	0	0	0	0	0	0	0	0	0	0	0	0	0	25.00	22.50	2.453846	5.191356	4.632275	102.426277	1	102.355263	102.406670
344	1000	1	0	0	0	0	0	0	0	0	0	0	0	0	0	0	25.00	22.50	2.454652	5.194579	4.635127	102.425659	1	102.390472	102.406670
345	1000	1	0	1	0	0	0	0	0	0	0	0	0	0	0	0	25.00	22.50	2.453846	5.189744	4.629424	102.391068	0	102.426582	102.406670
346	1000	0	0	0	0	0	0	0	0	0	0	0	0	0	0	0	25.00	22.50	2.453040	5.184909	4.627998	102.463066	1	102.320869	102.406670
347	1000	0	1	0	0	0	0	0	0	0	0	0	0	0	0	0	25.00	22.50	2.452235	5.184909	4.629424	102.498611	1	102.320297	102.406670
348	1000	0	0	0	0	0	0	0	0	0	0	0	0	0	0	0	25.00	22.50	2.453846	5.186521	4.623720	102.320580	1	102.320580	102.406670
349	1000	2	1	1	0	0	1	0	0	0	0	0	0	0	0	0	25.00	22.50	2.456264	5.189744	4.629424	102.391068	1	102.355560	102.406670
350	1000	1	0	3	0	0	1	0	0	0	0	0	0	0	0	0	25.00	22.50	2.456264	5.188132	4.610888	101.965050	0	102.427498	102.406670
351	1000	1	1	1	0	0	1	0	0	0	0	0	0	0	0	0	25.00	22.50	2.454652	5.184909	4.626572	102.427498	0	102.427200	102.406670
352	1000	0	0	0	0	0	0	0	0	0	0	0	0	0	0	0	25.00	22.50	2.455458	5.188132	4.627998	102.391373	1	102.320580	102.406670
353	1000	0	1	0	0	0	0	0	0	0	0	0	0	0	0	0	25.00	22.50	2.457070	5.188132	4.625146	102.320297	1	102.320030	102.406670
354	1000	0	0	0	0	0	0	0	0	0	0	0	0	0	0	0	25.00	22.50	2.457070	5.189744	4.626572	102.320030	1	102.391373	102.406670
355	1000	1	0	1	0	0	0	0	0	0	0	0	0	0	0	0	25.00	22.50	2.456264	5.181685	4.618017	102.285843	0	102.534500	102.406670
356	1000	0	0	1	0	0	0	0	0	0	0	0	0	0	0	0	25.00	22.50	2.457875	5.189744	4.633701	102.497627	1	102.391068	102.406670
357	1000	0	0	1	0	0	0	0	0	0	0	0	0	0	0	0	25.00	22.50	2.458681	5.188132	4.625146	102.320297	1	102.391068	102.406670
358	1000	2	2	0	0	0	0	0	0	0	0	0	0	0	0	0	25.00	22.50	2.458681	5.186521	4.630849	102.498276	0	102.427200	102.406670
359	1000	0	0	0	0	0	0	0	0	0	0	0	0	0	0	0	25.00	22.50	2.459487	5.186521	4.609463	101.965210	0	102.535179	102.406670
360	1000	1	1	1	0	0	1	0	0	0	0	0	0	0	0	0	25.00	22.50	2.457070	5.183297	4.630849	102.570068	1	102.356407	102.406670
361	1000	0	1	0	0	0	0	0	0	0	0	0	0	0	0	0	25.00	22.50	2.459487	5.186521	4.626572	102.391655	1	102.391655	102.406670
362	1000	0	1	1	0	0	0	0	0	0	0	0	0	0	0	0	25.00	22.50	2.458681	5.183297	4.622294	102.356697	1	101.751785	102.406670
363	1000	1	0	0	0	0	0	0	0	0	0	0	0	0	0	0	25.00	22.50	2.459487	5.184909	4.625146	102.391953	1	102.249756	102.406670
364	1000	0	0	0	0	0	0	0	0	0	0	0	0	0	0	0	25.00	22.75	2.457875	5.178462	4.623720	102.499931	0	102.499588	102.406670
365	1000	1	0	0	0	0	0	0	0	0	0	0	0	0	0	0	25.00	22.50	2.457875	5.181685	4.620869	102.356979	0	102.428123	102.406670
366	1000	1	1	1	0	0	0	0	0	0	0	0	0	0	0	0	25.00	22.50	2.461905	5.188132	4.627998	102.391373	1	102.320297	102.406670
367	1000	1	0	0	0	0	0	0	0	0	0	0	0	0	0	0	25.00	22.75	2.461905	5.184909	4.627998	102.463066	0	102.427498	102.406670
368	1000	0	0	0	0	0	0	0	0	0	0	0	0	0	0	0	25.00	22.75	2.463516	5.184909	4.606611	101.929825	0	102.428436	102.406670
369	1000	0	0	0	0	0	0	0	0	0	0	0	0	0	0	0	25.00	22.75	2.461099	5.181685	4.626572	102.499260	1	102.356407	102.406670
370	1000	1	1	3	0	0	1	0	0	0	0	0	0	0	0	0	25.00	22.75	2.461905	5.183297	4.620869	102.321136	0	102.463684	102.406670
371	1000	1	1	0	0	0	0	0	0	0	0	0	0	0	0	0	25.00	22.75	2.461905	5.183297	4.622294	102.356697	0	102.427498	102.406670
372	1000	0	0	1	0	0	0	0	0	0	0	0	0	0	0	0	25.00	22.75	2.462711	5.183297	4.626572	102.463371	0	102.463371	102.406670
373	1000	1	1	1	0	0	1	0	0	0	0	0	0	0	0	0	25.00	22.75	2.461099	5.176850	4.622294	102.500259	0	102.535507	102.406670
374	1000	0	0	0	0	0	0	0	0	0	0	0	0	0	0	0	25.00	22.75	2.461905	5.180074	4.622294	102.428436	1	102.285843	102.406670
375	1000	0	0	2	0	0	0	0	0	0	0	0	0	0	0	0	25.00	22.75	2.462711	5.181685	4.625146	102.463684	0	102.463684	102.406670
376	1000	0	0	1	0	0	0	0	0	0	0	0	0	0	0	0	25.00	22.75	2.463516	5.183297	4.625146	102.427803	1	102.356979	102.406670
377	1000	0	0	0	0	0	0	0	0	0	0	0	0	0	0	0	25.00	22.75	2.464322	5.183297	4.602334	101.858856	0	102.499931	102.406670
378	1000	2	0	0	0	0	0	0	0	0	0	0	0	0	0	0	25.00	22.75	2.463516	5.181685	4.626572	102.499260	1	102.392555	102.406670
379	1000	0	1	0	0	0	0	0	0	0	0	0	0	0	0	0	25.00	22.75	2.465934	5.184909	4.626572	102.427498	1	102.392250	102.406670
380	1000	0	0	0	0	0	0	0	0	0	0	0	0	0	0	0	25.50	22.75	2.466740	5.183297	4.625146	102.427803	1	102.356117	102.406670
381	1000	0	0	0	0	0	0	0	0	0	0	0	0	0	0	0	25.00	22.75	2.466740	5.184909	4.622294	102.320869	1	102.356407	102.406670
382	1000	0	0	0	0	0	0	0	0	0	0	0	0	0	0	0	25.00	22.75	2.465128	5.176850	4.618017	102.393448	0	102.428741	102.406670
383	1000	1	0	0	0	0	0	0	0	0	0	0	0	0	0	0	25.50	22.75	2.466740	5.180074	4.623720	102.464012	1	102.356979	102.406670
384	1000	1	0	0	0	0	0	0	0	0	0	0	0	0	0	0	25.00	22.75	2.467546	5.183297	4.622294	102.356697	1	102.320869	102.406670
385	1000	0	0	1	0	0	0	0	0	0	0	0	0	0	0	0	25.00	22.75	2.467546	5.181685	4.619443	102.321411	1	102.356979	102.406670
386	1000	0	0	0	0	0	0	0	0	0	0	0	0	0	0	0	25.50	22.75	2.467546	5.181685	4.602334	101.894562	1	102.358139	102.406670
387	1000	0	0	1	0	0	0	0	0	0	0	0	0	0	0	0	25.50	22.75	2.467546	5.181685	4.627998	102.534843	1	102.356979	102.406670
388	1000	0	0	0	0	0	0	0	0	0	0	0	0	0	0	0	25.50	22.75	2.469157	5.183297	4.626572	102.463371	1	102.356697	102.406670
389	1000	1	0	2	0	0	0	0	0	0	0	0	0	0	0	0	25.50	22.75	2.468352	5.180074	4.623720	102.464012	1	101.859131	102.406670
390	1000	1	1	1	0	0	1	0	0	0	0	0	0	0	0	0	25.50	22.75	2.468352	5.180074	4.605186	102.001457	1	102.286110	102.406670
391	1000	0	0	0	0	0	0	0	0	0	0	0	0	0	0	0	25.50	23.00	2.465934	5.172015	4.619443	102.536888	0	102.571815	102.406670
392	1000	2	2	0	0	1	0	0	0	0	0	0	0	0	0	0	25.50	23.00	2.467546	5.176850	4.622294	102.500259	1	102.393135	102.406670
393	1000	0	0	0	0	0	0	0	0	0	0	0	0	0	0	0	25.50	23.00	2.468352	5.178462	4.622294	102.464340	1	102.357262	102.406670
394	1000	2	0	2	0	0	1	0	0	0	0	0	0	0	0	0	25.50	23.00	2.469157	5.176850	4.619443	102.429054	1	102.393448	102.406670
395	1000	0	1	0	0	0	0	0	0	0	0	0	0	0	0	0	25.50	23.00	2.469963	5.176850	4.619443	102.429054	0	102.500916	102.406670
396	1000	1	0	1	0	0	1	0	0	0	0	0	0	0	0	0	25.50	23.00	2.469963	5.176850	4.623720	102.535866	1	102.393135	102.406670
397	1000	1	1	0	0	0	0	0	0	0	0	0	0	0	0	0	25.50	23.00	2.470769	5.178462	4.622294	102.464340	1	102.393135	102.406670
398	1000	1	0	0	0	0	0	0	0	0	0	0	0	0	0	0	25.50	23.00	2.470769	5.176850	4.619443	102.429054	1	102.179604	102.406670
399	1000	0	0	1	0	0	0	0	0	0	0	0	0	0	0	0	25.50	23.00	2.469963	5.175239	4.618017	102.429359	1	102.358139	102.406670
400	1000	1	0	0	0	0	0	0	0	0	0	0	0	0	0	0	25.50	23.00	2.469157	5.168792	4.618017	102.573250	0	102.465302	102.406670
401	1000	0	0	0	0	0	0	0	0	0	0	0	0	0	0	0	25.50	23.00	2.470769	5.175239	4.620869	102.500595	1	102.357857	102.406670
402	1000	0	0	2	0	0	0	0	0	0	0	0	0	0	0	0	25.50	23.00	2.471575	5.176850	4.618017	102.393448	1	102.357857	102.406670
403	1000	1	0	1	0	0	0	0	0	0	0	0	0	0	0	0	25.50	23.00	2.471575	5.175239	4.620869	102.500595	1	102.358139	102.406670
404	1000	1	0	2	0	0	0	0	0	0	0	0	0	0	0	0	25.50	23.00	2.473993	5.176850	4.595205	101.823784	0	102.429985	102.406670
405	1000	1	2	0	0	0	0	0	0	0	0	0	0	0	0	0	25.50	23.00	2.471575	5.173627	4.619443	102.500916	1	102.358139	102.406670
406	1000	1	0	0	0	0	0	0	0	0	0	0	0	0	0	0	25.50	23.00	2.473187	5.176850	4.622294	102.500259	1	102.357559	102.406670
407	1000	0	0	0	0	0	0	0	0	0	0	0	0	0	0	0	25.50	23.00	2.473993	5.176850	4.615166	102.322235	1	102.037987	102.406670
408	1000	2	0	3	0	0	1	0	0	0	0	0	0	0	0	0	25.50	23.00	2.473993	5.176850	4.598057	101.894997	0	102.501595	102.406670
409	1000	0	0	0	0	0	0	0	0	0	0	0	0	0	0	0	25.50	23.00	2.473187	5.172015	4.615166	102.429985	0	102.429359	102.406670
410	1000	1	0	1	0	0	1	0	0	0	0	0	0	0	0	0	25.50	23.00	2.473993	5.175239	4.616591	102.393753	1	102.322517	102.406670
411	1000	0	1	0	0	0	0	0	0	0	0	0	0	0	0	0	25.50	23.00	2.474799	5.176850	4.618017	102.393448	1	102.286629	102.406670
412	1000	1	0	1	0	0	0	0	0	0	0	0	0	0	0	0	25.50	23.00	2.475605	5.178462	4.613740	102.250778	1	102.179825	102.406670
413	1000	0	0	0	0	0	0	0	0	0	0	0	0	0	0	0	25.50	23.00	2.477216	5.175239	4.598057	101.930763	0	102.465942	102.406670
414	1000	1	1	0	0	0	0	0	0	0	0	0	0	0	0	0	25.50	23.00	2.473993	5.172015	4.615166	102.429985	1	102.358421	102.406670
415	1000	1	2	2	0	0	0	0	0	0	0	0	0	0	0	0	25.50	23.00	2.476410	5.173627	4.615166	102.394051	1	102.322517	102.406670
416	1000	1	1	1	0	0	0	0	0	0	0	0	0	0	0	0	25.50	23.00	2.477216	5.175239	4.618017	102.429359	1	101.823784	102.406670
417	1000	0	0	0	0	0	0	0	0	0	0	0	0	0	0	0	25.50	23.00	2.478022	5.176850	4.593780	101.788193	1	102.359283	102.406670
418	1000	2	0	0	0	0	0	0	0	0	0	0	0	0	0	0	25.50	23.00	2.476410	5.173627	4.615166	102.394051	1	102.393753	102.406670
419	1000	0	1	0	0	0	0	0	0	0	0	0	0	0	0	0	25.50	23.00	2.477216	5.175239	4.619443	102.464981	1	102.286903	102.406670
420	1000	0	0	2	0	0	0	0	0	0	0	0	0	0	0	0	25.50	23.00	2.478022	5.173627	4.618017	102.465302	1	102.394051	102.406670
421	1000	1	0	2	0	0	0	0	0	0	0	0	0	0	0	0	25.50	23.00	2.478828	5.175239	4.616591	102.393753	1	102.251038	102.406670
422	1000	0	1	0	0	0	0	0	0	0	0	0	0	0	0	0	25.50	23.00	2.479634	5.175239	4.649384	103.212898	0	102.501259	102.406670
423	1000	1	0	0	0	0	0	0	0	0	0	0	0	0	0	0	25.50	23.00	2.478828	5.173627	4.618017	102.465302	1	102.393753	102.406670
424	1000	0	0	0	0	0	0	0	0	0	0	0	0	0	0	0	25.50	23.00	2.479634	5.175239	4.619443	102.464981	1	102.393753	102.406670
425	1000	2	0	0	0	0	0	0	0	0	0	0	0	0	0	0	25.50	23.00	2.479634	5.175239	4.620869	102.500595	1	102.358704	102.406670
426	1000	0	1	0	0	0	0	0	0	0	0	0	0	0	0	0	25.50	23.25	2.479634	5.173627	4.592354	101.824028	0	102.573952	102.406670
427	1000	0	0	0	0	0	0	0	0	0	0	0	0	0	0	0	25.50	23.25	2.478828	5.168792	4.618017	102.573250	1	102.394051	102.406670
428	1000	0	0	0	0	0	0	0	0	0	0	0	0	0	0	0	25.50	23.25	2.480440	5.173627	4.618017	102.465302	1	101.752586	102.406670
429	1000	0	0	0	0	0	0	0	0	0	0	0	0	0	0	0	25.50	23.25	2.480440	5.172015	4.616591	102.465630	1	102.394051	102.406670
430	1000	0	1	0	0	0	0	0	0	0	0	0	0	0	0	0	25.50	23.25	2.482052	5.173627	4.613740	102.358421	0	102.429680	102.406670
431	1000	0	1	1	0	0	0	0	0	0	0	0	0	0	0	0	25.50	23.25	2.482052	5.168792	4.655087	103.500397	0	102.502251	102.406670
432	1000	0	1	3	0	0	0	0	0	0	0	0	0	0	0	0	25.50	23.25	2.481246	5.172015	4.616591	102.465630	0	102.500916	102.406670
433	1000	0	0	0	0	0	0	0	0	0	0	0	0	0	0	0	25.50	23.25	2.482857	5.173627	4.618017	102.465302	1	102.358139	102.406670
434	1000	0	1	0	0	0	0	0	0	0	0	0	0	0	0	0	25.50	23.25	2.482857	5.170403	4.616591	102.501595	1	101.931068	102.406670
435	1000	1	0	1	0	0	1	0	0	0	0	0	0	0	0	0	25.50	23.25	2.482857	5.172015	4.589502	101.788521	0	102.610001	102.406670
436	1000	0	0	0	0	0	0	0	0	0	0	0	0	0	0	0	25.50	23.25	2.482052	5.168792	4.613740	102.466263	0	102.501595	102.406670
437	1000	1	0	1	0	0	0	0	0	0	0	0	0	0	0	0	25.50	23.25	2.482857	5.172015	4.615166	102.429985	0	102.465630	102.406670
438	1000	0	1	0	0	0	0	0	0	0	0	0	0	0	0	0	25.50	23.25	2.484469	5.172015	4.615166	102.429985	0	102.429680	102.406670
439	1000	0	0	1	0	0	0	0	0	0	0	0	0	0	0	0	25.50	23.25	2.483663	5.172015	4.616591	102.465630	1	102.358704	102.406670
440	1000	0	0	1	0	0	0	0	0	0	0	0	0	0	0	0	25.50	23.25	2.486887	5.172015	4.491125	99.329544	0	102.537926	102.406670
441	1000	0	0	0	0	0	0	0	0	0	0	0	0	0	0	0	25.50	23.25	2.484469	5.170403	4.618017	102.537239	0	102.501259	102.406670
442	1000	1	0	1	0	0	1	0	0	0	0	0	0	0	0	0	25.50	23.25	2.485275	5.173627	4.619443	102.500916	1	102.358421	102.406670
443	1000	0	1	1	0	0	0	0	0	0	0	0	0	0	0	0	25.50	23.25	2.486081	5.172015	4.610888	102.323074	1	101.681458	102.406670
444	1000	0	0	0	0	0	0	0	0	0	0	0	0	0	0	0	25.50	23.25	2.486081	5.172015	4.595205	101.931068	0	102.466911	102.406670
445	1000	0	1	0	0	0	0	0	0	0	0	0	0	0	0	0	25.50	23.25	2.486081	5.172015	4.619443	102.536888	1	102.322792	102.406670
446	1000	0	1	1	0	0	0	0	0	0	0	0	0	0	0	0	26.00	23.25	2.486887	5.170403	4.612314	102.394646	1	102.251785	102.406670
447	1000	1	2	0	0	1	0	0	0	0	0	0	0	0	0	0	26.00	23.25	2.486081	5.168792	4.612314	102.430603	1	102.323631	102.406670
448	1000	0	1	0	0	0	0	0	0	0	0	0	0	0	0	0	26.00	23.25	2.486887	5.170403	4.608037	102.287704	1	102.252060	102.406670
449	1000	1	0	0	0	0	0	0	0	0	0	0	0	0	0	0	26.00	23.25	2.486887	5.168792	4.630849	102.894188	1	102.395248	102.406670
450	1000	0	0	0	0	0	0	0	0	0	0	0	0	0	0	0	26.00	23.25	2.486887	5.172015	4.612314	102.358704	1	102.358704	102.406670
451	1000	2	0	2	0	0	1	0	0	0	0	0	0	0	0	0	26.00	23.25	2.488498	5.172015	4.613740	102.394348	1	102.394051	102.406670
452	1000	0	0	1	0	0	0	0	0	0	0	0	0	0	0	0	26.00	23.25	2.490110	5.173627	4.615166	102.394051	0	102.502251	102.406670
453	1000	1	1	0	0	0	0	0	0	0	0	0	0	0	0	0	26.00	23.25	2.489304	5.170403	4.589502	101.824280	0	102.538620	102.406670
454	1000	2	1	1	0	1	0	0	0	0	0	0	0	0	0	0	26.00	23.25	2.487693	5.168792	4.612314	102.430603	1	102.359001	102.406670
455	1000	0	0	1	0	0	0	0	0	0	0	0	0	0	0	0	26.00	23.25	2.490916	5.172015	4.612314	102.358704	1	101.895294	102.406670
456	1000	0	0	0	0	0	0	0	0	0	0	0	0	0	0	0	26.00	23.25	2.490110	5.172015	4.615166	102.429985	0	102.429985	102.406670
457	1000	1	0	1	0	0	1	0	0	0	0	0	0	0	0	0	26.00	23.25	2.490916	5.172015	4.615166	102.429985	0	102.430283	102.406670
458	1000	0	0	0	0	0	0	0	0	0	0	0	0	0	0	0	26.00	23.50	2.490110	5.168792	4.595205	102.002701	0	102.645325	102.406670
459	1000	0	0	1	0	0	0	0	0	0	0	0	0	0	0	0	26.00	23.50	2.490916	5.170403	4.618017	102.537239	1	102.394051	102.406670
460	1000	0	0	0	0	0	0	0	0	0	0	0	0	0	0	0	26.00	23.50	2.492528	5.173627	4.618017	102.465302	1	102.394051	102.406670
461	1000	0	0	1	0	0	0	0	0	0	0	0	0	0	0	0	26.00	23.50	2.492528	5.170403	4.615166	102.465942	1	102.394348	102.406670
462	1000	1	0	0	0	0	0	0	0	0	0	0	0	0	0	0	26.00	23.50	2.492528	5.170403	4.590928	101.859917	0	102.502922	102.406670
463	1000	0	1	0	0	0	0	0	0	0	0	0	0	0	0	0	26.00	23.50	2.490110	5.165568	4.613740	102.538269	0	102.431236	102.406670
464	1000	0	0	0	0	0	0	0	0	0	0	0	0	0	0	0	26.00	23.50	2.491722	5.167180	4.612314	102.466591	1	101.824158	102.406670
465	1000	0	0	1	0	0	0	0	0	0	0	0	0	0	0	0	26.00	23.50	2.492528	5.168792	4.613740	102.466263	0	102.465942	102.406670
466	1000	1	2	0	0	0	0	0	0	0	0	0	0	0	0	0	26.00	23.50	2.494139	5.172015	4.615166	102.429985	1	102.252060	102.406670
467	1000	0	0	0	0	0	0	0	0	0	0	0	0	0	0	0	26.00	23.50	2.494139	5.168792	4.593780	101.967041	0	102.538269	102.406670
468	1000	1	1	0	0	0	0	0	0	0	0	0	0	0	0	0	26.00	23.50	2.494139	5.168792	4.615166	102.501930	1	102.358704	102.406670
469	1000	0	0	0	0	0	0	0	0	0	0	0	0	0	0	0	26.00	23.50	2.494945	5.168792	4.613740	102.466263	0	102.429985	102.406670
470	1000	1	1	3	0	1	0	0	0	0	0	0	0	0	0	0	26.00	23.50	2.494139	5.168792	4.615166	102.501930	0	102.502594	102.406670
471	1000	0	0	0	0	0	0	0	0	0	0	0	0	0	0	0	26.00	23.50	2.494945	5.168792	4.590928	101.895714	0	102.503258	102.406670
472	1000	2	1	1	0	1	0	0	0	0	0	0	0	0	0	0	26.00	23.50	2.495751	5.170403	4.613740	102.430283	0	102.501259	102.406670
473	1000	1	3	0	0	1	0	0	0	0	0	0	0	0	0	0	26.00	23.50	2.494945	5.168792	4.612314	102.430603	1	102.002342	102.406670
474	1000	0	0	0	0	0	0	0	0	0	0	0	0	0	0	0	26.00	23.50	2.495751	5.168792	4.613740	102.466263	1	102.394951	102.406670
475	1000	0	0	0	0	0	0	0	0	0	0	0	0	0	0	0	26.00	23.50	2.495751	5.168792	4.613740	102.466263	1	102.323631	102.406670
476	1000	0	0	0	0	0	0	0	0	0	0	0	0	0	0	0	26.00	23.50	2.495751	5.165568	4.605186	102.324196	0	102.431541	102.406670
477	1000	1	1	1	0	0	0	0	1	0	0	0	0	0	0	0	26.00	23.50	2.496557	5.167180	4.615166	102.537926	0	102.430603	102.406670
478	1000	0	2	1	0	0	0	0	0	0	0	0	0	0	0	0	26.00	23.50	2.498975	5.172015	4.612314	102.358704	1	102.358704	102.406670
479	1000	0	0	0	0	0	0	0	0	0	0	0	0	0	0	0	26.00	23.50	2.499780	5.173627	4.615166	102.394051	1	102.394646	102.406670
480	1000	0	0	1	0	0	0	0	0	0	0	0	0	0	0	0	26.00	23.50	2.498975	5.170403	4.582374	101.646042	0	102.466911	102.406670
481	1000	1	0	2	0	0	1	0	0	0	0	0	0	0	0	0	26.00	23.50	2.496557	5.165568	4.612314	102.502594	0	102.537926	102.406670
482	1000	1	2	1	0	1	0	0	0	0	0	0	0	0	0	0	26.00	23.50	2.499780	5.172015	4.615166	102.429985	1	101.931068	102.406670
483	1000	0	1	1	0	0	0	0	0	0	0	0	0	0	0	0	26.00	23.50	2.498169	5.168792	4.612314	102.430603	1	102.287971	102.406670
484	1000	1	1	0	0	0	0	0	0	0	0	0	0	0	0	0	26.00	23.50	2.498975	5.168792	4.612314	102.430603	1	102.323631	102.406670
485	1000	0	0	2	0	0	0	0	0	0	0	0	0	0	0	0	26.00	23.50	2.498975	5.165568	4.589502	101.931686	0	102.538971	102.406670
486	1000	1	0	0	0	0	0	0	0	0	0	0	0	0	0	0	26.00	23.50	2.498975	5.168792	4.613740	102.466263	1	102.359283	102.406670
487	1000	0	0	0	0	0	0	0	0	0	0	0	0	0	0	0	26.00	23.50	2.501392	5.168792	4.612314	102.430603	1	102.394951	102.406670
488	1000	0	0	0	0	0	0	0	0	0	0	0	0	0	0	0	26.00	23.50	2.500586	5.170403	4.615166	102.465942	0	102.611107	102.406670
489	1000	1	1	1	0	0	0	0	0	0	0	0	0	0	0	0	26.00	23.50	2.500586	5.168792	4.585225	101.753082	0	102.467552	102.406670
490	1000	0	1	0	0	0	0	0	0	0	0	0	0	0	0	0	26.00	23.50	2.500586	5.167180	4.610888	102.430923	1	102.252319	102.406670
491	1000	0	1	1	0	0	0	0	0	0	0	0	0	0	0	0	26.00	23.50	2.500586	5.165568	4.608037	102.395538	1	102.288246	102.406670
492	1000	0	0	0	0	0	0	0	0	0	0	0	0	0	0	0	26.00	23.50	2.500586	5.165568	4.609463	102.431236	1	102.288246	102.406670
493	1000	2	1	0	0	0	0	0	0	0	0	0	0	0	0	0	26.00	23.50	2.502198	5.168792	4.609463	102.359283	0	102.466591	102.406670
494	1000	1	1	0	0	1	0	0	0	0	0	0	0	0	0	0	26.00	23.75	2.501392	5.163957	4.590928	102.003227	0	102.467232	102.406670
495	1000	1	1	2	0	0	0	0	1	0	0	0	0	0	0	0	26.00	23.75	2.501392	5.165568	4.613740	102.538269	1	102.395248	102.406670
496	1000	1	1	1	0	0	0	0	0	0	0	0	0	0	0	0	26.00	23.75	2.503810	5.168792	4.613740	102.466263	1	102.323341	102.406670
497	1000	0	0	0	0	0	0	0	0	0	0	0	0	0	0	0	26.00	23.75	2.503810	5.168792	4.615166	102.501930	0	102.538971	102.406670
498	1000	0	0	0	0	0	0	0	0	0	0	0	0	0	0	0	26.00	23.75	2.504616	5.168792	4.590928	101.895714	0	102.538971	102.406670
499	1000	0	1	2	0	0	0	0	0	0	0	0	0	0	0	0	26.00	23.75	2.504616	5.168792	4.612314	102.430603	1	102.359001	102.406670
500	1000	2	1	0	0	0	0	0	0	0	0	0	0	0	0	0	26.00	23.75	2.504616	5.168792	4.615166	102.501930	1	101.788399	102.406670
501	1000	1	1	2	0	0	1	0	0	0	0	0	0	0	0	0	26.00	23.75	2.505421	5.168792	4.610888	102.394951	0	102.501930	102.406670
502	1000	1	0	0	0	0	0	0	0	0	0	0	0	0	0	0	26.00	23.75	2.507033	5.172015	4.616591	102.465630	1	102.394646	102.406670
503	1000	0	2	2	0	0	0	0	1	0	0	0	0	0	0	0	26.00	23.75	2.505421	5.165568	4.592354	102.003059	1	102.395248	102.406670
504	1000	0	0	1	0	0	0	0	0	0	0	0	0	0	0	0	26.00	23.75	2.506227	5.168792	4.610888	102.394951	0	102.501930	102.406670
505	1000	0	0	2	0	0	0	0	0	0	0	0	0	0	0	0	26.00	23.75	2.507033	5.168792	4.615166	102.501930	0	102.465942	102.406670
506	1000	1	2	0	0	0	0	0	0	0	0	0	0	0	0	0	26.00	23.75	2.507033	5.167180	4.609463	102.395248	1	102.287971	102.406670
507	1000	0	0	0	0	0	0	0	0	0	0	0	0	0	0	0	26.00	23.75	2.507033	5.168792	4.599483	102.109673	0	102.610741	102.406670
508	1000	2	1	3	0	1	1	0	0	0	0	0	0	0	0	0	26.00	23.75	2.505421	5.165568	4.610888	102.466911	0	102.430923	102.406670
509	1000	0	0	1	0	0	0	0	0	0	0	0	0	0	0	0	26.00	23.75	2.506227	5.165568	4.610888	102.466911	0	102.683342	102.406670
510	1000	1	2	0	0	0	0	0	0	0	0	0	0	0	0	0	26.00	23.75	2.507033	5.167180	4.612314	102.466591	1	102.395248	102.406670
511	1000	0	1	1	0	0	0	0	0	0	0	0	0	0	0	0	26.00	23.75	2.509451	5.172015	4.616591	102.465630	1	102.394646	102.406670
512	1000	0	0	0	0	0	0	0	0	0	0	0	0	0	0	0	26.00	23.75	2.509451	5.167180	4.602334	102.216888	1	102.359566	102.406670
513	1000	0	0	0	0	0	0	0	0	0	0	0	0	0	0	0	26.00	23.75	2.509451	5.168792	4.616591	102.537590	0	102.430283	102.406670
514	1000	1	1	0	0	0	0	0	0	0	0	0	0	0	0	0	26.00	23.75	2.508645	5.167180	4.609463	102.395248	1	102.394951	102.406670
515	1000	0	0	1	0	0	0	0	0	0	0	0	0	0	0	0	26.00	23.75	2.508645	5.165568	4.609463	102.431236	1	102.217148	102.406670
516	1000	2	0	1	0	0	1	0	0	0	0	0	0	0	0	0	26.50	23.75	2.509451	5.167180	4.590928	101.931526	0	102.575027	102.406670
517	1000	0	2	1	0	0	0	0	0	0	0	0	0	0	0	0	26.50	23.75	2.507033	5.162345	4.609463	102.503258	1	102.395851	102.406670
518	1000	1	3	2	0	1	0	0	0	0	0	0	0	0	0	0	26.50	23.75	2.511063	5.168792	4.610888	102.394951	1	101.824402	102.406670
519	1000	0	0	2	0	0	0	0	0	0	0	0	0	0	0	0	26.50	23.75	2.511063	5.168792	4.608037	102.323631	1	102.287971	102.406670
520	1000	1	0	1	0	0	0	0	0	0	0	0	0	0	0	0	26.50	23.75	2.511868	5.168792	4.612314	102.430603	0	102.430603	102.406670
521	1000	1	0	2	0	0	1	0	0	0	0	0	0	0	0	0	26.50	23.75	2.512674	5.168792	4.593780	101.967041	0	102.430923	102.406670
522	1000	1	0	0	0	0	0	0	0	0	0	0	0	0	0	0	26.50	23.75	2.511063	5.167180	4.615166	102.537926	1	102.394951	102.406670
523	1000	0	1	0	0	0	0	0	0	0	0	0	0	0	0	0	26.50	23.75	2.511868	5.167180	4.609463	102.395248	1	102.359283	102.406670
524	1000	3	2	3	0	0	2	0	0	0	0	0	0	0	0	0	26.50	23.75	2.512674	5.167180	4.615166	102.537926	1	102.395248	102.406670
