quad V2.5
time	int	cnt1	cnt2	cnt3	cnt4	1&2	1&3	1&4	2&3	2&4	3&4	1&2&3	1&2&4	1&3&4	2&3&4	1&2&3&4	digTemp	temp	adct	adcr	adcp	pressure	PBS	CurrMeasurement	MeanMeasurement
4544	1000	35	32	30	0	10	11	0	3	0	0	1	0	0	0	0	0.50	-1.75	1.171722	4.778755	0.764204	7.745844	1	7.455233	102.406670
4545	1000	25	23	23	0	7	7	0	3	0	0	1	0	0	0	0	0.50	-1.75	1.170110	4.778755	0.761353	7.668705	1	7.780766	102.406670
4546	1000	24	23	25	0	5	6	0	2	0	0	0	0	0	0	0	0.50	-1.75	1.170110	4.775531	0.764204	7.759799	1	7.745844	102.406670
4547	1000	17	25	21	0	6	3	0	1	0	0	0	0	0	0	0	0.50	-1.75	1.170916	4.780366	0.764204	7.738874	1	7.654823	102.406670
4548	1000	34	29	34	0	8	10	0	6	0	0	1	0	0	0	0	0.50	-1.75	1.170110	4.770696	0.761353	7.703497	1	7.682607	102.406670
4549	1000	22	23	32	0	5	6	0	2	0	0	0	0	0	0	0	0.50	-1.75	1.170110	4.777143	0.762778	7.714237	1	7.668705	102.406670
4550	1000	32	18	30	0	4	10	0	2	0	0	0	0	0	0	0	0.50	-2.00	1.170110	4.781978	0.762778	7.693366	1	7.693366	102.406670
4551	1000	28	35	30	0	7	7	0	7	0	0	0	0	0	0	0	0.50	-1.75	1.170110	4.777143	0.762778	7.714237	1	7.661761	102.406670
4552	1000	34	43	31	0	11	6	0	7	0	0	0	0	0	0	0	0.50	-2.00	1.170110	4.780366	0.761353	7.661761	1	7.693366	102.406670
4553	1000	34	33	25	0	15	7	0	4	0	0	0	0	0	0	0	0.50	-2.00	1.169304	4.777143	0.762778	7.714237	1	7.707275	102.406670
4554	1000	30	33	24	0	7	11	0	2	0	0	1	0	0	0	0	0.50	-1.75	1.170110	4.778755	0.771333	7.938695	1	7.728174	102.406670
4555	1000	34	36	31	0	7	9	0	5	0	0	0	0	0	0	0	0.50	-2.00	1.168498	4.777143	0.761353	7.675654	1	7.577734	102.406670
4556	1000	29	26	33	0	7	8	0	3	0	0	0	0	0	0	0	0.50	-2.00	1.169304	4.777143	0.759927	7.637071	1	7.637071	102.406670
4557	1000	34	29	33	0	11	9	0	6	0	0	1	0	0	0	0	0.50	-2.00	1.168498	4.777143	0.759927	7.637071	1	7.630135	102.406670
4558	1000	26	33	25	0	8	6	0	6	0	0	0	0	0	0	0	0.50	-2.00	1.169304	4.777143	0.759927	7.637071	1	7.591566	102.406670
4559	1000	36	33	28	0	9	8	0	3	0	0	0	0	0	0	0	0.50	-2.00	1.166886	4.769084	0.752798	7.478580	1	7.633172	102.406670
4560	1000	29	29	41	0	9	7	0	1	0	0	0	0	0	0	0	0.50	-2.00	1.168498	4.777143	0.759927	7.637071	1	7.616277	102.406670
4561	1000	34	30	30	0	10	10	0	5	0	0	1	0	0	0	0	0.00	-2.00	1.169304	4.780366	0.759927	7.623204	1	7.609356	102.406670
4562	1000	30	28	32	0	5	13	0	1	0	0	0	0	0	0	0	0.00	-2.00	1.168498	4.781978	0.761353	7.654823	1	7.616277	102.406670
4563	1000	26	27	30	0	9	10	0	3	0	0	1	0	0	0	0	0.50	-2.00	1.168498	4.775531	0.752798	7.451034	1	7.626226	102.406670
4564	1000	38	26	36	0	9	14	0	6	0	0	2	0	0	0	0	0.00	-2.00	1.167692	4.773920	0.758501	7.612347	1	7.546091	102.406670
4565	1000	40	41	30	0	14	8	0	6	0	0	1	0	0	0	0	0.00	-2.00	1.167692	4.778755	0.758501	7.591566	1	7.548956	102.406670
4566	1000	36	35	32	0	12	9	0	4	0	0	2	0	0	0	0	0.00	-2.00	1.167692	4.777143	0.757075	7.559906	1	7.430421	102.406670
4567	1000	34	31	40	0	7	11	0	10	0	0	0	0	0	0	0	0.00	-2.00	1.167692	4.778755	0.758501	7.591566	1	7.584648	102.406670
4568	1000	41	30	32	0	9	10	0	5	0	0	0	0	0	0	0	0.00	-2.00	1.166886	4.772308	0.752798	7.464797	1	7.580662	102.406670
4569	1000	29	27	28	0	7	7	0	2	0	0	0	0	0	0	0	0.50	-2.00	1.166081	4.773920	0.758501	7.612347	1	7.514426	102.406670
4570	1000	31	27	23	0	7	5	0	3	0	0	0	0	0	0	0	0.00	-2.00	1.166886	4.775531	0.755650	7.528224	1	7.548956	102.406670
4571	1000	31	35	29	0	9	8	0	2	0	0	0	0	0	0	0	0.00	-2.00	1.166886	4.777143	0.757075	7.559906	1	7.591566	102.406670
4572	1000	39	32	39	0	8	16	0	3	0	0	1	0	0	0	0	0.00	-2.00	1.166081	4.772308	0.745669	7.271687	1	7.478580	102.406670
4573	1000	43	43	34	0	20	9	0	5	0	0	0	0	0	0	0	0.00	-2.00	1.166081	4.773920	0.754224	7.496522	1	7.475856	102.406670
4574	1000	35	31	36	0	9	11	0	6	0	0	1	0	0	0	0	0.00	-2.00	1.165275	4.772308	0.755650	7.542041	1	7.503420	102.406670
4575	1000	26	30	35	0	6	9	0	6	0	0	0	0	0	0	0	0.00	-2.00	1.166081	4.773920	0.755650	7.535131	1	7.444157	102.406670
4576	1000	23	23	33	0	6	9	0	4	0	0	1	0	0	0	0	0.00	-2.00	1.166081	4.777143	0.755650	7.521323	1	7.482740	102.406670
4577	1000	29	27	36	0	10	7	0	3	0	0	0	0	0	0	0	0.00	-2.00	1.164469	4.769084	0.749947	7.401284	1	7.517228	102.406670
4578	1000	34	20	31	0	8	7	0	2	0	0	0	0	0	0	0	0.00	-2.00	1.163663	4.772308	0.754224	7.503420	1	7.489628	102.406670
4579	1000	27	23	36	0	8	11	0	5	0	0	0	0	0	0	0	0.00	-2.00	1.166081	4.777143	0.755650	7.521323	1	7.430421	102.406670
4580	1000	34	36	38	0	8	13	0	6	0	0	0	0	0	0	0	0.00	-2.00	1.166081	4.778755	0.752798	7.437287	1	7.507535	102.406670
4581	1000	24	27	29	0	4	7	0	6	0	0	1	0	0	0	0	0.00	-2.00	1.165275	4.773920	0.784165	8.307309	1	7.517228	102.406670
4582	1000	34	29	32	0	9	7	0	6	0	0	0	0	0	0	0	0.00	-2.00	1.162857	4.769084	0.752798	7.478580	1	7.457913	102.406670
4583	1000	20	31	27	0	7	2	0	5	0	0	0	0	0	0	0	0.00	-2.00	1.165275	4.775531	0.752798	7.451034	1	7.464797	102.406670
4584	1000	23	27	15	0	8	3	0	2	0	0	0	0	0	0	0	0.00	-2.00	1.164469	4.773920	0.752798	7.457913	1	7.405574	102.406670
4585	1000	30	36	34	0	8	9	0	7	0	0	0	0	0	0	0	0.00	-2.00	1.164469	4.773920	0.752798	7.457913	1	7.451034	102.406670
4586	1000	28	25	31	0	5	8	0	4	0	0	0	0	0	0	0	0.00	-2.00	1.162857	4.769084	0.772759	8.019653	1	7.485480	102.406670
4587	1000	27	21	28	0	7	6	0	0	0	0	0	0	0	0	0	0.00	-2.00	1.163663	4.773920	0.752798	7.457913	1	7.482740	102.406670
4588	1000	24	33	31	0	6	11	0	5	0	0	0	0	0	0	0	0.00	-2.00	1.163663	4.773920	0.752798	7.457913	1	7.412435	102.406670
4589	1000	32	30	24	0	9	3	0	3	0	0	0	0	0	0	0	0.00	-2.00	1.162857	4.772308	0.752798	7.464797	1	7.457913	102.406670
4590	1000	37	34	34	0	11	13	0	4	0	0	0	0	0	0	0	0.00	-2.00	1.162857	4.773920	0.749947	7.380695	1	7.460602	102.406670
4591	1000	28	26	35	0	5	10	0	4	0	0	0	0	0	0	0	0.00	-2.00	1.162051	4.769084	0.751372	7.439931	1	7.464797	102.406670
4592	1000	30	24	33	0	6	8	0	3	0	0	0	0	0	0	0	0.00	-2.00	1.162051	4.770696	0.749947	7.394415	1	7.226259	102.406670
4593	1000	35	35	26	0	9	10	0	2	0	0	0	0	0	0	0	0.00	-2.00	1.163663	4.775531	0.749947	7.373840	1	7.174076	102.406670
4594	1000	37	38	22	0	14	7	0	5	0	0	0	0	0	0	0	0.00	-2.00	1.162857	4.772308	0.748521	7.348931	1	7.342086	102.406670
4595	1000	25	21	24	0	7	3	0	3	0	0	0	0	0	0	0	0.00	-2.00	1.161245	4.765861	0.748521	7.376360	1	7.369496	102.406670
4596	1000	25	30	26	0	7	6	0	4	0	0	0	0	0	0	0	0.00	-2.00	1.161245	4.764249	0.748521	7.383228	1	7.390102	102.406670
4597	1000	34	40	35	0	12	7	0	3	0	0	2	0	0	0	0	0.00	-2.00	1.162051	4.772308	0.748521	7.348931	1	7.373840	102.406670
4598	1000	39	24	29	0	4	10	0	4	0	0	1	0	0	0	0	0.00	-2.00	1.162051	4.772308	0.748521	7.348931	1	7.342086	102.406670
4599	1000	25	20	21	0	6	4	0	1	0	0	0	0	0	0	0	0.00	-2.00	1.162051	4.772308	0.745669	7.271687	1	7.408155	102.406670
4600	1000	27	33	29	0	8	5	0	6	0	0	0	0	0	0	0	0.00	-2.00	1.161245	4.770696	0.749947	7.394415	1	7.342086	102.406670
4601	1000	27	28	26	0	6	5	0	4	0	0	0	0	0	0	0	0.00	-2.00	1.160440	4.770696	0.749947	7.394415	1	7.317146	102.406670
4602	1000	34	29	23	0	10	5	0	3	0	0	1	0	0	0	0	0.00	-2.00	1.161245	4.770696	0.745669	7.278511	1	7.380695	102.406670
4603	1000	46	29	30	0	11	10	0	6	0	0	2	0	0	0	0	0.00	-2.00	1.161245	4.773920	0.748521	7.342086	1	7.296649	102.406670
4604	1000	21	20	29	0	7	5	0	1	0	0	0	0	0	0	0	0.00	-2.00	1.161245	4.770696	0.741392	7.162606	1	7.355782	102.406670
4605	1000	28	33	29	0	8	8	0	5	0	0	0	0	0	0	0	0.00	-2.00	1.160440	4.769084	0.748521	7.362636	1	7.264868	102.406670
4606	1000	36	34	26	0	12	7	0	4	0	0	1	0	0	0	0	0.00	-2.00	1.160440	4.772308	0.747095	7.310310	1	7.335245	102.406670
4607	1000	24	31	23	0	9	6	0	2	0	0	0	0	0	0	0	0.00	-2.00	1.160440	4.773920	0.747095	7.303477	1	7.258053	102.406670
4608	1000	26	24	30	0	8	6	0	2	0	0	0	0	0	0	0	0.00	-2.00	1.160440	4.775531	0.742818	7.180861	1	7.369496	102.406670
4609	1000	28	31	34	0	8	9	0	5	0	0	1	0	0	0	0	0.00	-2.00	1.159634	4.767473	0.747095	7.330834	1	7.323989	102.406670
4610	1000	30	29	30	0	10	7	0	4	0	0	1	0	0	0	0	0.00	-2.00	1.160440	4.772308	0.748521	7.348931	1	7.253511	102.406670
4611	1000	22	26	29	0	7	7	0	4	0	0	0	0	0	0	0	0.00	-2.00	1.160440	4.773920	0.744244	7.226259	1	7.219457	102.406670
4612	1000	33	28	31	0	10	9	0	3	0	0	2	0	0	0	0	0.00	-2.00	1.159634	4.772308	0.742818	7.194443	1	7.233064	102.406670
4613	1000	33	25	31	0	8	13	0	5	0	0	2	0	0	0	0	0.00	-2.00	1.159634	4.767473	0.684362	5.629742	1	7.221662	102.406670
4614	1000	32	31	30	0	13	5	0	5	0	0	1	0	0	0	0	0.00	-2.00	1.159634	4.770696	0.744244	7.239876	1	7.180861	102.406670
4616	1000	30	26	32	0	6	6	0	2	0	0	0	0	0	0	0	0.00	-2.00	1.160440	4.773920	0.742818	7.187650	1	7.180861	102.406670
4617	1000	36	36	31	0	8	13	0	4	0	0	0	0	0	0	0	0.00	-2.00	1.159634	4.770696	0.744244	7.239876	1	7.233064	102.406670
4618	1000	22	21	30	0	5	8	0	7	0	0	1	0	0	0	0	0.00	-2.25	1.158828	4.770696	0.761353	7.703497	1	7.235299	102.406670
4619	1000	30	30	32	0	10	8	0	8	0	0	2	0	0	0	0	0.00	-2.25	1.157216	4.765861	0.744244	7.260335	1	7.278511	102.406670
4620	1000	27	33	27	0	5	8	0	5	0	0	0	0	0	0	0	0.00	-2.25	1.158828	4.772308	0.742818	7.194443	1	7.110432	102.406670
4621	1000	35	27	43	0	3	17	0	6	0	0	0	0	0	0	0	0.00	-2.25	1.158022	4.769084	0.739966	7.130748	1	7.162606	102.406670
4622	1000	30	30	35	0	11	13	0	3	0	0	0	0	0	0	0	0.00	-2.25	1.158828	4.770696	0.741392	7.162606	1	7.155822	102.406670
4623	1000	33	25	32	0	10	7	0	1	0	0	0	0	0	0	0	0.00	-2.25	1.157216	4.765861	0.742818	7.221662	1	7.176190	102.406670
4624	1000	28	40	38	0	4	9	0	9	0	0	0	0	0	0	0	0.00	-2.25	1.158022	4.767473	0.741392	7.176190	1	7.155822	102.406670
4625	1000	24	35	25	0	8	6	0	6	0	0	0	0	0	0	0	0.00	-2.25	1.157216	4.765861	0.739966	7.144314	1	7.169395	102.406670
4626	1000	22	25	33	0	4	6	0	4	0	0	0	0	0	0	0	0.00	-2.25	1.158022	4.770696	0.741392	7.162606	1	7.117199	102.406670
4627	1000	31	35	20	0	10	1	0	5	0	0	0	0	0	0	0	0.00	-2.25	1.157216	4.773920	0.737115	7.033216	1	7.144314	102.406670
4628	1000	27	29	33	0	8	8	0	8	0	0	1	0	0	0	0	0.00	-2.25	1.156410	4.764249	0.739966	7.151104	1	7.169395	102.406670
4629	1000	37	29	30	0	8	12	0	3	0	0	0	0	0	0	0	0.00	-2.25	1.157216	4.767473	0.741392	7.176190	1	7.008066	102.406670
4630	1000	36	43	41	0	13	8	0	9	0	0	0	0	0	0	0	0.00	-2.25	1.158022	4.772308	0.741392	7.155822	1	7.149041	102.406670
4631	1000	42	35	35	0	9	10	0	6	0	0	2	0	0	0	0	0.00	-2.25	1.157216	4.767473	0.739966	7.137529	1	7.092101	102.406670
4632	1000	28	30	26	0	6	6	0	3	0	0	0	0	0	0	0	0.00	-2.25	1.155604	4.764249	0.714303	6.454732	1	6.996356	102.406670
4633	1000	28	29	29	0	11	3	0	3	0	0	0	0	0	0	0	0.00	-2.25	1.156410	4.769084	0.738541	7.092101	1	7.078578	102.406670
4634	1000	26	27	38	0	3	14	0	3	0	0	1	0	0	0	0	0.00	-2.25	1.157216	4.770696	0.738541	7.085337	1	7.033216	102.406670
4635	1000	35	35	32	0	7	11	0	6	0	0	0	0	0	0	0	0.00	-2.25	1.156410	4.769084	0.738541	7.092101	1	7.085337	102.406670
4636	1000	30	36	26	0	8	7	0	4	0	0	1	0	0	0	0	0.00	-2.25	1.156410	4.769084	0.735689	7.014802	1	7.080499	102.406670
4637	1000	37	26	30	0	8	11	0	6	0	0	0	0	0	0	0	0.00	-2.25	1.155604	4.767473	0.738541	7.098867	1	7.085337	102.406670
4638	1000	35	27	28	0	7	10	0	1	0	0	0	0	0	0	0	0.00	-2.25	1.155604	4.765861	0.738541	7.105640	1	6.898860	102.406670
4639	1000	28	25	42	0	8	10	0	5	0	0	2	0	0	0	0	0.00	-2.25	1.156410	4.769084	0.738541	7.092101	1	7.078578	102.406670
4640	1000	36	37	30	0	14	4	0	3	0	0	0	0	0	0	0	0.00	-2.25	1.154799	4.761026	0.735689	7.048557	1	7.073731	102.406670
4641	1000	24	22	23	0	4	7	0	3	0	0	0	0	0	0	0	0.00	-2.25	1.153993	4.761026	0.678659	5.500016	1	7.094050	102.406670
4642	1000	33	21	34	0	6	8	0	3	0	0	0	0	0	0	0	0.00	-2.25	1.154799	4.765861	0.737115	7.066967	1	7.008066	102.406670
4643	1000	37	36	26	0	12	9	0	7	0	0	3	0	0	0	0	0.00	-2.25	1.154799	4.767473	0.737115	7.060208	1	7.053452	102.406670
4644	1000	21	25	23	0	5	4	0	3	0	0	0	0	0	0	0	0.00	-2.25	1.154799	4.769084	0.737115	7.053452	1	7.008066	102.406670
4645	1000	30	36	26	0	10	8	0	4	0	0	1	0	0	0	0	0.00	-2.25	1.154799	4.767473	0.732838	6.944223	1	7.041798	102.406670
4646	1000	36	38	31	0	6	8	0	3	0	0	0	0	0	0	0	0.00	-2.25	1.153187	4.762638	0.737115	7.080499	1	7.028292	102.406670
4647	1000	23	30	27	0	7	8	0	5	0	0	1	0	0	0	0	0.00	-2.25	1.153187	4.764249	0.735689	7.035042	1	6.886996	102.406670
4648	1000	31	29	24	0	13	8	0	3	0	0	1	0	0	0	0	0.00	-2.25	1.154799	4.770696	0.737115	7.046701	1	7.046701	102.406670
4649	1000	32	26	41	0	8	9	0	8	0	0	1	0	0	0	0	0.00	-2.25	1.153993	4.765861	0.735689	7.028292	1	6.976155	102.406670
4650	1000	24	33	30	0	11	3	0	6	0	0	1	0	0	0	0	0.00	-2.25	1.153187	4.759414	0.735689	7.055322	1	7.009845	102.406670
4651	1000	32	25	38	0	6	9	0	4	0	0	0	0	0	0	0	0.00	-2.25	1.153187	4.764249	0.732838	6.957668	1	6.944223	102.406670
4652	1000	27	37	30	0	9	7	0	6	0	0	0	0	0	0	0	0.00	-2.25	1.152381	4.762638	0.732838	6.964398	1	6.957668	102.406670
4653	1000	38	36	28	0	9	11	0	4	0	0	2	0	0	0	0	0.00	-2.25	1.153187	4.764249	0.732838	6.957668	1	6.957668	102.406670
4654	1000	28	41	27	0	7	6	0	6	0	0	1	0	0	0	0	0.00	-2.25	1.153187	4.770696	0.731412	6.892161	1	6.971131	102.406670
4655	1000	26	28	30	0	7	7	0	8	0	0	1	0	0	0	0	0.00	-2.25	1.152381	4.762638	0.734263	7.003098	1	6.982883	102.406670
4656	1000	35	36	23	0	9	9	0	2	0	0	0	0	0	0	0	0.00	-2.25	1.152381	4.765861	0.732838	6.950943	1	7.035042	102.406670
4657	1000	22	34	29	0	4	7	0	3	0	0	0	0	0	0	0	0.00	-2.25	1.153187	4.769084	0.734263	6.976155	1	6.969431	102.406670
4658	1000	20	32	34	0	7	3	0	4	0	0	0	0	0	0	0	0.00	-2.25	1.153187	4.769084	0.734263	6.976155	1	6.930796	102.406670
4659	1000	37	29	32	0	10	11	0	3	0	0	1	0	0	0	0	0.00	-2.25	1.151575	4.759414	0.648718	4.692997	1	6.984612	102.406670
4660	1000	37	38	33	0	11	7	0	5	0	0	0	0	0	0	0	0.00	-2.25	1.150769	4.759414	0.732838	6.977870	1	6.957668	102.406670
4661	1000	26	28	32	0	10	3	0	4	0	0	0	0	0	0	0	0.00	-2.25	1.151575	4.762638	0.732838	6.964398	1	6.989618	102.406670
4662	1000	24	34	25	0	10	6	0	3	0	0	0	0	0	0	0	0.00	-2.25	1.152381	4.765861	0.734263	6.989618	1	6.989618	102.406670
4663	1000	31	27	35	0	5	6	0	2	0	0	0	0	0	0	0	0.00	-2.25	1.151575	4.764249	0.729986	6.880294	1	6.984612	102.406670
4664	1000	36	29	30	0	13	9	0	3	0	0	0	0	0	0	0	0.00	-2.25	1.149963	4.756191	0.732838	6.991361	1	6.971131	102.406670
4665	1000	30	36	36	0	7	6	0	4	0	0	1	0	0	0	0	0.00	-2.25	1.150769	4.762638	0.732838	6.964398	1	6.886996	102.406670
4666	1000	26	33	27	0	7	6	0	5	0	0	1	0	0	0	0	0.00	-2.25	1.151575	4.765861	0.732838	6.950943	1	6.905562	102.406670
4667	1000	34	31	26	0	10	12	0	2	0	0	0	0	0	0	0	0.00	-2.25	1.150769	4.764249	0.731412	6.918980	1	6.880294	102.406670
4668	1000	31	38	19	0	11	6	0	3	0	0	1	0	0	0	0	0.00	-2.25	1.149963	4.759414	0.725709	6.784235	1	6.868392	102.406670
4669	1000	31	44	25	0	8	5	0	6	0	0	0	0	0	0	0	0.00	-2.25	1.149963	4.761026	0.731412	6.932419	1	6.880294	102.406670
4670	1000	26	25	25	0	9	8	0	3	0	0	1	0	0	0	0	0.00	-2.25	1.150769	4.764249	0.731412	6.918980	1	6.918980	102.406670
4671	1000	29	25	26	0	9	10	0	4	0	0	2	0	0	0	0	0.00	-2.25	1.150769	4.762638	0.731412	6.925696	1	6.957668	102.406670
4672	1000	35	36	27	0	11	8	0	4	0	0	1	0	0	0	0	0.00	-2.25	1.150769	4.764249	0.724283	6.725544	1	6.790913	102.406670
4673	1000	31	37	34	0	6	8	0	4	0	0	1	0	0	0	0	0.00	-2.25	1.149963	4.762638	0.728560	6.848295	1	6.796245	102.406670
4674	1000	29	29	24	0	7	6	0	2	0	0	0	0	0	0	0	0.00	-2.25	1.149158	4.761026	0.731412	6.932419	1	6.880294	102.406670
4675	1000	25	25	20	0	6	8	0	3	0	0	1	0	0	0	0	0.00	-2.25	1.150769	4.765861	0.729986	6.873595	1	6.866900	102.406670
4676	1000	31	35	32	0	10	6	0	6	0	0	0	0	0	0	0	0.00	-2.25	1.149158	4.761026	0.729986	6.893705	1	6.848295	102.406670
4677	1000	41	30	46	0	9	15	0	7	0	0	1	0	0	0	0	0.00	-2.25	1.149963	4.757802	0.724283	6.752174	1	6.822961	102.406670
4678	1000	20	27	34	0	1	9	0	5	0	0	0	0	0	0	0	0.00	-2.25	1.149158	4.762638	0.729986	6.886996	1	6.873595	102.406670
4679	1000	30	32	31	0	9	7	0	2	0	0	0	0	0	0	0	0.00	-2.25	1.149158	4.764249	0.729986	6.880294	1	6.873595	102.406670
4680	1000	20	25	24	0	4	5	0	2	0	0	0	0	0	0	0	0.00	-2.25	1.149158	4.762638	0.729986	6.886996	1	6.848295	102.406670
4681	1000	31	18	27	0	8	4	0	1	0	0	0	0	0	0	0	0.00	-2.25	1.149158	4.762638	0.691491	5.842084	1	6.843048	102.406670
4682	1000	38	32	37	0	13	8	0	4	0	0	1	0	0	0	0	0.00	-2.25	1.147546	4.756191	0.724283	6.758842	1	6.784235	102.406670
4683	1000	36	23	35	0	4	8	0	4	0	0	0	0	0	0	0	0.00	-2.25	1.148352	4.762638	0.727135	6.809594	1	6.634934	102.406670
4684	1000	27	24	24	0	6	8	0	3	0	0	0	0	0	0	0	0.00	-2.25	1.149158	4.764249	0.727135	6.802917	1	6.750916	102.406670
4685	1000	32	19	36	0	5	13	0	3	0	0	0	0	0	0	0	0.00	-2.25	1.148352	4.761026	0.727135	6.816276	1	6.764230	102.406670
4686	1000	36	32	26	0	15	10	0	3	0	0	2	0	0	0	0	0.00	-2.25	1.148352	4.759414	0.724283	6.745509	1	6.790913	102.406670
4687	1000	37	29	29	0	14	4	0	3	0	0	0	0	0	0	0	0.00	-2.50	1.146740	4.757802	0.727135	6.829652	1	6.770894	102.406670
4688	1000	34	30	41	0	5	12	0	6	0	0	0	0	0	0	0	0.00	-2.25	1.148352	4.762638	0.725709	6.770894	1	6.802917	102.406670
4689	1000	24	27	26	0	7	4	0	3	0	0	1	0	0	0	0	0.00	-2.25	1.147546	4.759414	0.725709	6.784235	1	6.738850	102.406670
4690	1000	30	24	33	0	7	7	0	9	0	0	0	0	0	0	0	0.00	-2.50	1.146740	4.759414	0.724283	6.745509	1	6.778875	102.406670
4691	1000	27	38	29	0	9	3	0	7	0	0	0	0	0	0	0	0.00	-2.25	1.147546	4.757802	0.725709	6.790913	1	6.816276	102.406670
4692	1000	35	32	39	0	11	13	0	4	0	0	0	0	0	0	0	0.00	-2.50	1.146740	4.757802	0.722857	6.713434	1	6.822961	102.406670
4693	1000	25	33	36	0	9	7	0	4	0	0	1	0	0	0	0	0.00	-2.25	1.147546	4.761026	0.725709	6.777562	1	6.802917	102.406670
4694	1000	28	30	37	0	2	11	0	5	0	0	0	0	0	0	0	0.00	-2.50	1.147546	4.764249	0.724283	6.725544	1	6.725544	102.406670
4695	1000	36	36	28	0	11	12	0	2	0	0	1	0	0	0	0	0.00	-2.25	1.147546	4.761026	0.721432	6.661422	1	6.752174	102.406670
4696	1000	30	25	28	0	4	8	0	2	0	0	0	0	0	0	0	0.00	-2.50	1.145934	4.759414	0.722857	6.706783	1	6.770894	102.406670
4697	1000	33	24	36	0	4	11	0	8	0	0	0	0	0	0	0	0.00	-2.50	1.145934	4.759414	0.722857	6.706783	1	6.738850	102.406670
4698	1000	33	22	30	0	10	9	0	2	0	0	0	0	0	0	0	0.00	-2.50	1.145934	4.759414	0.724283	6.745509	1	6.706783	102.406670
4699	1000	27	27	29	0	6	8	0	7	0	0	1	0	0	0	0	0.00	-2.50	1.145934	4.759414	0.720006	6.629329	1	6.733414	102.406670
4700	1000	28	37	20	0	10	5	0	5	0	0	0	0	0	0	0	0.00	-2.50	1.144322	4.752967	0.722857	6.733414	1	6.720090	102.406670
4701	1000	32	27	25	0	8	7	0	3	0	0	1	0	0	0	0	0.00	-2.50	1.145934	4.759414	0.724283	6.745509	1	6.738850	102.406670
4702	1000	22	23	29	0	5	2	0	6	0	0	0	0	0	0	0	0.00	-2.50	1.145128	4.757802	0.720006	6.635954	1	6.668056	102.406670
4703	1000	34	34	38	0	7	13	0	4	0	0	1	0	0	0	0	0.00	-2.50	1.145128	4.757802	0.724283	6.752174	1	6.752174	102.406670
4704	1000	22	28	27	0	5	7	0	2	0	0	0	0	0	0	0	0.00	-2.50	1.144322	4.754579	0.742818	7.269474	1	6.662498	102.406670
4705	1000	27	43	37	0	12	5	0	4	0	0	1	0	0	0	0	0.00	-2.50	1.142711	4.752967	0.720006	6.655856	1	6.674694	102.406670
4706	1000	22	17	35	0	3	7	0	4	0	0	1	0	0	0	0	0.00	-2.50	1.145128	4.759414	0.721432	6.668056	1	6.661422	102.406670
4707	1000	24	25	31	0	8	8	0	4	0	0	1	0	0	0	0	0.00	-2.50	1.145128	4.759414	0.721432	6.668056	1	6.661422	102.406670
4708	1000	31	27	30	0	13	6	0	2	0	0	1	0	0	0	0	0.00	-2.50	1.143517	4.754579	0.727135	6.843048	1	6.707954	102.406670
4709	1000	29	42	34	0	8	9	0	7	0	0	0	0	0	0	0	0.00	-2.50	1.143517	4.754579	0.720006	6.649217	1	6.635954	102.406670
4710	1000	34	33	33	0	9	10	0	2	0	0	0	0	0	0	0	0.00	-2.50	1.145128	4.761026	0.721432	6.661422	1	6.609481	102.406670
4711	1000	27	35	36	0	4	11	0	8	0	0	1	0	0	0	0	0.00	-2.50	1.144322	4.759414	0.720006	6.629329	1	6.661422	102.406670
4712	1000	27	30	23	0	5	6	0	4	0	0	1	0	0	0	0	0.00	-2.50	1.144322	4.757802	0.721432	6.674694	1	6.629329	102.406670
4713	1000	22	27	36	0	7	7	0	5	0	0	0	0	0	0	0	0.00	-2.50	1.144322	4.757802	0.717154	6.558474	1	6.649217	102.406670
4714	1000	22	26	34	0	5	3	0	3	0	0	0	0	0	0	0	0.00	-2.50	1.143517	4.756191	0.717154	6.565078	1	6.629329	102.406670
4715	1000	31	47	36	0	11	7	0	6	0	0	0	0	0	0	0	0.00	-2.50	1.143517	4.756191	0.718580	6.603830	1	6.603830	102.406670
4716	1000	32	27	29	0	7	11	0	5	0	0	2	0	0	0	0	0.00	-2.50	1.143517	4.759414	0.720006	6.629329	1	6.706783	102.406670
4717	1000	35	33	30	0	10	9	0	5	0	0	1	0	0	0	0	0.00	-2.50	1.143517	4.757802	0.714303	6.480996	1	6.623707	102.406670
4718	1000	34	34	39	0	10	8	0	4	0	0	0	0	0	0	0	0.00	-2.50	1.141905	4.752967	0.718580	6.617077	1	6.603830	102.406670
4719	1000	26	29	32	0	5	10	0	4	0	0	0	0	0	0	0	0.00	-2.50	1.142711	4.756191	0.718580	6.603830	1	6.622708	102.406670
4720	1000	27	24	27	0	9	5	0	3	0	0	0	0	0	0	0	0.00	-2.50	1.142711	4.757802	0.720006	6.635954	1	6.590603	102.406670
4721	1000	39	43	21	0	17	5	0	6	0	0	1	0	0	0	0	0.00	-2.50	1.142711	4.756191	0.717154	6.565078	1	6.597214	102.406670
4722	1000	35	26	21	0	10	5	0	1	0	0	0	0	0	0	0	0.00	-2.50	1.141099	4.754579	0.715729	6.532919	1	6.630343	102.406670
4723	1000	33	33	30	0	10	9	0	4	0	0	0	0	0	0	0	-0.00	-2.50	1.141905	4.754579	0.720006	6.649217	1	6.551877	102.406670
4724	1000	29	32	33	0	7	4	0	5	0	0	0	0	0	0	0	0.00	-2.50	1.141905	4.756191	0.718580	6.603830	1	6.519735	102.406670
4725	1000	32	36	37	0	10	10	0	7	0	0	1	0	0	0	0	0.00	-2.50	1.141905	4.756191	0.717154	6.565078	1	6.603830	102.406670
4726	1000	36	19	41	0	5	14	0	3	0	0	1	0	0	0	0	-0.00	-2.50	1.141099	4.754579	0.711451	6.416621	1	6.527130	102.406670
4727	1000	30	29	31	0	7	9	0	7	0	0	2	0	0	0	0	0.00	-2.50	1.141099	4.752967	0.715729	6.539518	1	6.558474	102.406670
4728	1000	23	34	35	0	10	5	0	6	0	0	0	0	0	0	0	-0.00	-2.50	1.141099	4.756191	0.717154	6.565078	1	6.551877	102.406670
4729	1000	27	26	30	0	8	10	0	6	0	0	2	0	0	0	0	-0.00	-2.50	1.141099	4.756191	0.714303	6.487573	1	6.519735	102.406670
4730	1000	36	24	26	0	8	10	0	2	0	0	0	0	0	0	0	-0.00	-2.50	1.141099	4.756191	0.715729	6.526325	1	6.565078	102.406670
4731	1000	30	28	39	0	5	11	0	6	0	0	0	0	0	0	0	-0.00	-2.50	1.140293	4.752967	0.707174	6.306844	1	6.584915	102.406670
4732	1000	32	29	37	0	6	9	0	6	0	0	0	0	0	0	0	-0.00	-2.50	1.139487	4.751356	0.717154	6.584915	1	6.532919	102.406670
4733	1000	27	31	24	0	9	3	0	5	0	0	0	0	0	0	0	-0.00	-2.50	1.141099	4.756191	0.714303	6.487573	1	6.513149	102.406670
4734	1000	29	39	20	0	7	7	0	3	0	0	0	0	0	0	0	-0.00	-2.50	1.140293	4.752967	0.714303	6.500740	1	6.539518	102.406670
4735	1000	24	28	25	0	7	7	0	0	0	0	0	0	0	0	0	-0.00	-2.50	1.141099	4.756191	0.714303	6.487573	1	6.429745	102.406670
4736	1000	31	27	29	0	11	6	0	2	0	0	0	0	0	0	0	-0.00	-2.50	1.140293	4.751356	0.715729	6.546122	1	6.377855	102.406670
4737	1000	24	22	34	0	4	9	0	6	0	0	0	0	0	0	0	-0.00	-2.50	1.140293	4.754579	0.714303	6.494153	1	6.364776	102.406670
4738	1000	29	26	32	0	10	6	0	4	0	0	1	0	0	0	0	-0.00	-2.50	1.139487	4.754579	0.712877	6.455387	1	6.448819	102.406670
4739	1000	30	24	28	0	3	7	0	5	0	0	0	0	0	0	0	-0.00	-2.50	1.139487	4.754579	0.714303	6.494153	1	6.455387	102.406670
4740	1000	24	36	30	0	9	8	0	9	0	0	1	0	0	0	0	-0.00	-2.50	1.139487	4.751356	0.718580	6.623707	1	6.475121	102.406670
4741	1000	25	37	26	0	6	4	0	4	0	0	0	0	0	0	0	-0.00	-2.50	1.138681	4.751356	0.712877	6.468537	1	6.455387	102.406670
4742	1000	24	29	32	0	7	10	0	5	0	0	0	0	0	0	0	-0.00	-2.50	1.140293	4.754579	0.714303	6.494153	1	6.480996	102.406670
4743	1000	24	29	20	0	7	8	0	3	0	0	1	0	0	0	0	-0.00	-2.50	1.139487	4.754579	0.712877	6.455387	1	6.416621	102.406670
4744	1000	28	37	30	0	11	7	0	2	0	0	0	0	0	0	0	-0.00	-2.50	1.139487	4.754579	0.621629	3.974362	1	6.442887	102.406670
4745	1000	39	20	30	0	7	11	0	2	0	0	0	0	0	0	0	-0.00	-2.50	1.137875	4.749743	0.711451	6.436315	1	6.416621	102.406670
4746	1000	29	29	27	0	5	4	0	4	0	0	0	0	0	0	0	-0.00	-2.50	1.138681	4.754579	0.712877	6.455387	1	6.480996	102.406670
4747	1000	29	24	27	0	7	6	0	5	0	0	1	0	0	0	0	-0.00	-2.50	1.137875	4.751356	0.711451	6.429745	1	6.423182	102.406670
4748	1000	28	34	25	0	8	5	0	6	0	0	1	0	0	0	0	-0.00	-2.50	1.138681	4.752967	0.711451	6.423182	1	6.377855	102.406670
4749	1000	36	32	31	0	11	16	0	4	0	0	1	0	0	0	0	-0.00	-2.50	1.137875	4.748132	0.705748	6.287614	1	6.417202	102.406670
4750	1000	29	31	29	0	9	8	0	4	0	0	0	0	0	0	0	-0.00	-2.50	1.137875	4.754579	0.711451	6.416621	1	6.410067	102.406670
4751	1000	32	35	31	0	10	9	0	7	0	0	1	0	0	0	0	-0.00	-2.50	1.137875	4.752967	0.711451	6.423182	1	6.416621	102.406670
4752	1000	19	24	24	0	3	8	0	1	0	0	0	0	0	0	0	-0.00	-2.50	1.137070	4.749743	0.708600	6.358705	1	6.429745	102.406670
4753	1000	31	38	31	0	6	8	0	5	0	0	0	0	0	0	0	-0.00	-2.50	1.138681	4.754579	0.710025	6.377855	1	6.404070	102.406670
4754	1000	35	34	23	0	10	8	0	4	0	0	2	0	0	0	0	-0.00	-2.50	1.136264	4.746520	0.711451	6.449465	1	6.429745	102.406670
4755	1000	39	27	28	0	9	8	0	2	0	0	2	0	0	0	0	-0.00	-2.50	1.137070	4.752967	0.711451	6.423182	1	6.326037	102.406670
4756	1000	36	28	32	0	12	7	0	4	0	0	1	0	0	0	0	-0.00	-2.50	1.137070	4.752967	0.711451	6.423182	1	6.255056	102.406670
4757	1000	28	32	32	0	10	7	0	5	0	0	1	0	0	0	0	-0.00	-2.50	1.137070	4.754579	0.711451	6.416621	1	6.416621	102.406670
4758	1000	32	35	33	0	7	10	0	4	0	0	0	0	0	0	0	-0.00	-2.50	1.137070	4.748132	0.708600	6.365252	1	6.397510	102.406670
4759	1000	21	37	13	0	6	5	0	3	0	0	0	0	0	0	0	-0.00	-2.50	1.136264	4.749743	0.707174	6.319899	1	6.345623	102.406670
4760	1000	25	15	29	0	3	8	0	2	0	0	1	0	0	0	0	-0.00	-2.50	1.137070	4.752967	0.708600	6.345623	1	6.371313	102.406670
4761	1000	32	43	26	0	15	9	0	8	0	0	2	0	0	0	0	-0.00	-2.50	1.137875	4.754579	0.710025	6.377855	1	6.332561	102.406670
4762	1000	31	26	21	0	9	7	0	1	0	0	0	0	0	0	0	-0.00	-2.50	1.136264	4.749743	0.704322	6.242286	1	6.326433	102.406670
4763	1000	30	27	32	0	9	6	0	2	0	0	0	0	0	0	0	-0.00	-2.50	1.135458	4.746520	0.707174	6.332971	1	6.352160	102.406670
4764	1000	37	31	39	0	11	11	0	6	0	0	1	0	0	0	0	-0.00	-2.50	1.137070	4.752967	0.708600	6.345623	1	6.345623	102.406670
4765	1000	28	29	34	0	7	7	0	7	0	0	0	0	0	0	0	-0.00	-2.50	1.136264	4.752967	0.710025	6.384401	1	6.339090	102.406670
4766	1000	32	30	28	0	4	11	0	3	0	0	0	0	0	0	0	-0.00	-2.50	1.136264	4.752967	0.708600	6.345623	1	6.377855	102.406670
4767	1000	27	31	35	0	3	11	0	3	0	0	1	0	0	0	0	-0.00	-2.50	1.135458	4.746520	0.712877	6.488297	1	6.371803	102.406670
4768	1000	39	28	27	0	10	5	0	3	0	0	0	0	0	0	0	-0.00	-2.50	1.135458	4.752967	0.710025	6.384401	1	6.377855	102.406670
4769	1000	33	27	29	0	8	8	0	5	0	0	0	0	0	0	0	-0.00	-2.50	1.134652	4.748132	0.707174	6.326433	1	6.242286	102.406670
4770	1000	42	34	36	0	13	11	0	8	0	0	1	0	0	0	0	-0.00	-2.50	1.134652	4.748132	0.705748	6.287614	1	6.319899	102.406670
4771	1000	29	30	35	0	8	6	0	5	0	0	0	0	0	0	0	-0.00	-2.50	1.135458	4.752967	0.702897	6.190506	1	6.332971	102.406670
4772	1000	30	26	24	0	9	7	0	4	0	0	1	0	0	0	0	-0.00	-2.50	1.133846	4.748132	0.705748	6.287614	1	6.274577	102.406670
4773	1000	24	26	28	0	2	9	0	1	0	0	0	0	0	0	0	-0.00	-2.50	1.135458	4.752967	0.705748	6.268066	1	6.281094	102.406670
4774	1000	35	48	31	0	14	7	0	7	0	0	0	0	0	0	0	-0.00	-2.50	1.134652	4.746520	0.705748	6.294139	1	6.158198	102.406670
4775	1000	29	37	27	0	8	8	0	7	0	0	0	0	0	0	0	-0.00	-2.50	1.135458	4.752967	0.707174	6.306844	1	6.255056	102.406670
4776	1000	36	36	42	0	12	15	0	5	0	0	2	0	0	0	0	-0.00	-2.50	1.133846	4.748132	0.701471	6.171157	1	6.319899	102.406670
4777	1000	26	32	29	0	5	7	0	7	0	0	0	0	0	0	0	-0.00	-2.50	1.133846	4.749743	0.707174	6.319899	1	6.268066	102.406670
4778	1000	25	39	30	0	7	8	0	5	0	0	0	0	0	0	0	-0.00	-2.50	1.133846	4.748132	0.705748	6.287614	1	6.281094	102.406670
4779	1000	19	25	28	0	4	7	0	6	0	0	1	0	0	0	0	-0.00	-2.50	1.134652	4.751356	0.704322	6.235782	1	6.229284	102.406670
4780	1000	36	25	34	0	9	14	0	1	0	0	0	0	0	0	0	-0.00	-2.50	1.133846	4.749743	0.701471	6.164677	1	6.261821	102.406670
4781	1000	21	33	30	0	8	4	0	7	0	0	2	0	0	0	0	-0.00	-2.75	1.132234	4.746520	0.702897	6.216473	1	6.203482	102.406670
4782	1000	24	31	24	0	7	8	0	1	0	0	0	0	0	0	0	-0.00	-2.75	1.132234	4.744908	0.701471	6.184132	1	6.158252	102.406670
4783	1000	42	33	24	0	12	7	0	4	0	0	1	0	0	0	0	-0.00	-2.50	1.133040	4.748132	0.704322	6.248793	1	6.003029	102.406670
4784	1000	36	33	36	0	9	10	0	4	0	0	0	0	0	0	0	-0.00	-2.50	1.133040	4.748132	0.697194	6.054701	1	6.242511	102.406670
4785	1000	25	30	33	0	10	5	0	8	0	0	0	0	0	0	0	-0.00	-2.75	1.132234	4.748132	0.704322	6.248793	1	6.235782	102.406670
4786	1000	34	37	31	0	10	7	0	5	0	0	0	0	0	0	0	-0.00	-2.75	1.133040	4.749743	0.704322	6.242286	1	6.229284	102.406670
4787	1000	38	30	31	0	8	12	0	3	0	0	1	0	0	0	0	-0.00	-2.50	1.133846	4.751356	0.704322	6.235782	1	6.222790	102.406670
4788	1000	34	30	24	0	10	4	0	2	0	0	0	0	0	0	0	-0.00	-2.75	1.133040	4.751356	0.702897	6.196990	1	6.229284	102.406670
4789	1000	24	19	26	0	7	6	0	3	0	0	1	0	0	0	0	-0.00	-2.50	1.133040	4.746520	0.678659	5.556334	1	6.216473	102.406670
4790	1000	29	25	28	0	7	9	0	4	0	0	0	0	0	0	0	-0.00	-2.75	1.131429	4.746520	0.702897	6.216473	1	6.235782	102.406670
4791	1000	28	33	26	0	10	5	0	5	0	0	0	0	0	0	0	-0.00	-2.75	1.132234	4.748132	0.702897	6.209976	1	6.184132	102.406670
4792	1000	26	31	32	0	7	10	0	4	0	0	1	0	0	0	0	-0.00	-2.75	1.132234	4.749743	0.701471	6.164677	1	6.138810	102.406670
4793	1000	34	32	35	0	9	8	0	6	0	0	0	0	0	0	0	-0.00	-2.75	1.131429	4.746520	0.697194	6.061148	1	6.203627	102.406670
4794	1000	28	30	30	0	10	6	0	3	0	0	1	0	0	0	0	-0.00	-2.75	1.130623	4.743297	0.701471	6.190626	1	6.171157	102.406670
4795	1000	34	31	22	0	9	6	0	2	0	0	0	0	0	0	0	-0.00	-2.75	1.130623	4.743297	0.698619	6.112910	1	6.138810	102.406670
4796	1000	22	31	38	0	5	9	0	6	0	0	0	0	0	0	0	-0.00	-2.75	1.131429	4.746520	0.701471	6.177642	1	6.125871	102.406670
4797	1000	34	30	35	0	7	12	0	4	0	0	1	0	0	0	0	-0.00	-2.75	1.131429	4.748132	0.702897	6.209976	1	6.164677	102.406670
4798	1000	18	27	32	0	4	8	0	4	0	0	0	0	0	0	0	-0.00	-2.75	1.129817	4.744908	0.701471	6.184132	1	6.151767	102.406670
4799	1000	36	23	36	0	13	13	0	2	0	0	1	0	0	0	0	-0.00	-2.75	1.129817	4.744908	0.701471	6.184132	1	6.203482	102.406670
4800	1000	21	21	32	0	7	5	0	2	0	0	0	0	0	0	0	-0.00	-2.75	1.130623	4.748132	0.701471	6.171157	1	6.158198	102.406670
4801	1000	38	34	35	0	7	10	0	6	0	0	1	0	0	0	0	-0.00	-2.75	1.130623	4.746520	0.700045	6.138810	1	6.177642	102.406670
4802	1000	31	33	23	0	9	5	0	3	0	0	0	0	0	0	0	-0.00	-2.75	1.130623	4.749743	0.695768	6.009453	1	6.112910	102.406670
4803	1000	31	36	36	0	10	10	0	9	0	0	1	0	0	0	0	-0.00	-2.75	1.129817	4.744908	0.700045	6.145287	1	6.087066	102.406670
4804	1000	28	38	33	0	8	5	0	9	0	0	0	0	0	0	0	-0.00	-2.75	1.129817	4.748132	0.698619	6.093520	1	6.119406	102.406670
4805	1000	27	39	26	0	11	5	0	5	0	0	1	0	0	0	0	-0.00	-2.75	1.129817	4.744908	0.697194	6.067597	1	6.093520	102.406670
4806	1000	27	22	24	0	8	7	0	1	0	0	0	0	0	0	0	-0.00	-2.75	1.129011	4.744908	0.698619	6.106442	1	6.099979	102.406670
4807	1000	24	26	25	0	10	3	0	3	0	0	0	0	0	0	0	-0.00	-2.75	1.129817	4.744908	0.698619	6.106442	1	6.074051	102.406670
4808	1000	38	39	34	0	8	11	0	7	0	0	1	0	0	0	0	-0.00	-2.75	1.129011	4.746520	0.698619	6.099979	1	6.158198	102.406670
4809	1000	34	36	37	0	11	8	0	5	0	0	1	0	0	0	0	-0.00	-2.75	1.129817	4.746520	0.700045	6.138810	1	6.125871	102.406670
4810	1000	26	20	26	0	5	9	0	3	0	0	0	0	0	0	0	-0.00	-2.75	1.129817	4.748132	0.698619	6.093520	1	6.138810	102.406670
4811	1000	38	25	39	0	5	15	0	5	0	0	1	0	0	0	0	-0.00	-2.75	1.129817	4.749743	0.695768	6.009453	1	6.119381	102.406670
4812	1000	42	25	33	0	12	11	0	2	0	0	0	0	0	0	0	-0.00	-2.75	1.128205	4.743297	0.697194	6.074051	1	6.093520	102.406670
4813	1000	31	41	31	0	11	6	0	8	0	0	1	0	0	0	0	-0.00	-2.75	1.128205	4.744908	0.695768	6.028751	1	6.022314	102.406670
4814	1000	31	27	32	0	5	9	0	3	0	0	0	0	0	0	0	-0.00	-2.75	1.129011	4.749743	0.697194	6.048261	1	6.041822	102.406670
4815	1000	26	29	30	0	10	5	0	3	0	0	0	0	0	0	0	-0.00	-2.75	1.129011	4.746520	0.697194	6.061148	1	5.977064	102.406670
4816	1000	29	26	24	0	7	6	0	5	0	0	2	0	0	0	0	-0.00	-2.75	1.127399	4.740073	0.700045	6.164742	1	6.048087	102.406670
4817	1000	25	32	25	0	8	4	0	6	0	0	0	0	0	0	0	-0.00	-2.75	1.127399	4.741685	0.697194	6.080510	1	6.028751	102.406670
4818	1000	35	40	24	0	11	8	0	2	0	0	0	0	0	0	0	-0.00	-2.75	1.127399	4.741685	0.695768	6.041637	1	6.028751	102.406670
4819	1000	28	33	49	0	8	10	0	5	0	0	0	0	0	0	0	-0.00	-2.75	1.128205	4.746520	0.697194	6.061148	1	6.048261	102.406670
4820	1000	35	43	30	0	12	7	0	5	0	0	0	0	0	0	0	-0.00	-2.75	1.128205	4.749743	0.707174	6.319899	1	6.080510	102.406670
4821	1000	25	28	26	0	8	7	0	3	0	0	0	0	0	0	0	-0.00	-2.75	1.126593	4.741685	0.697194	6.080510	1	6.028751	102.406670
4822	1000	40	27	24	0	13	11	0	3	0	0	2	0	0	0	0	-0.00	-2.75	1.126593	4.744908	0.697194	6.067597	1	6.145287	102.406670
4823	1000	28	24	37	0	8	8	0	2	0	0	0	0	0	0	0	-0.00	-2.75	1.126593	4.743297	0.697194	6.074051	1	6.022314	102.406670
4824	1000	34	42	33	0	7	10	0	6	0	0	0	0	0	0	0	-0.00	-2.75	1.127399	4.746520	0.695768	6.022314	1	6.015883	102.406670
4825	1000	30	21	24	0	7	9	0	1	0	0	0	0	0	0	0	-0.00	-2.75	1.126593	4.738461	0.688639	5.860052	1	6.015644	102.406670
4826	1000	23	20	30	0	3	8	0	4	0	0	0	0	0	0	0	-0.00	-2.75	1.125788	4.741685	0.692916	5.963896	1	6.022314	102.406670
4827	1000	23	32	22	0	7	6	0	1	0	0	0	0	0	0	0	-0.00	-2.75	1.126593	4.741685	0.692916	5.963896	1	5.989906	102.406670
4828	1000	32	38	32	0	10	10	0	8	0	0	3	0	0	0	0	-0.00	-2.75	1.126593	4.743297	0.694342	5.996334	1	5.951061	102.406670
4829	1000	31	29	25	0	6	7	0	2	0	0	0	0	0	0	0	-0.00	-2.75	1.125788	4.746520	0.690065	5.866989	1	6.015644	102.406670
4830	1000	39	27	22	0	10	9	0	2	0	0	0	0	0	0	0	-0.00	-2.75	1.124176	4.738461	0.692916	5.976747	1	5.963896	102.406670
4831	1000	33	25	21	0	10	7	0	2	0	0	0	0	0	0	0	-0.00	-2.75	1.126593	4.748132	0.694342	5.977064	1	5.931844	102.406670
4832	1000	27	22	32	0	8	10	0	4	0	0	1	0	0	0	0	-0.00	-2.75	1.126593	4.746520	0.695768	6.022314	1	5.977064	102.406670
4833	1000	31	35	30	0	7	7	0	2	0	0	0	0	0	0	0	-0.00	-2.75	1.125788	4.743297	0.692916	5.957477	1	5.951061	102.406670
4834	1000	37	26	33	0	9	8	0	7	0	0	0	0	0	0	0	-0.00	-2.75	1.124982	4.736850	0.685788	5.788624	1	5.989615	102.406670
4835	1000	25	28	20	0	7	7	0	3	0	0	0	0	0	0	0	-0.00	-2.75	1.124176	4.740073	0.694342	6.009204	1	5.957477	102.406670
4836	1000	31	38	30	0	10	8	0	4	0	0	0	0	0	0	0	-0.00	-2.75	1.124982	4.741685	0.690065	5.886154	1	5.873372	102.406670
4837	1000	25	22	34	0	1	11	0	5	0	0	0	0	0	0	0	-0.00	-2.75	1.124982	4.743297	0.691491	5.918618	1	5.918618	102.406670
4838	1000	35	33	32	0	12	13	0	3	0	0	0	0	0	0	0	-0.00	-2.75	1.124982	4.741685	0.682936	5.691796	1	5.911768	102.406670
4839	1000	41	39	36	0	12	8	0	6	0	0	0	0	0	0	0	-0.00	-2.75	1.124176	4.736850	0.691491	5.944268	1	5.886154	102.406670
4840	1000	39	31	27	0	8	6	0	3	0	0	0	0	0	0	0	-0.00	-2.75	1.124982	4.743297	0.691491	5.918618	1	5.944268	102.406670
4841	1000	28	27	25	0	6	4	0	4	0	0	0	0	0	0	0	-0.00	-2.75	1.124176	4.740073	0.691491	5.931434	1	5.802044	102.406670
4842	1000	22	24	34	0	6	9	0	3	0	0	0	0	0	0	0	-0.00	-2.75	1.124176	4.740073	0.691491	5.931434	1	5.886154	102.406670
4843	1000	28	37	33	0	11	10	0	7	0	0	2	0	0	0	0	-0.00	-2.75	1.123370	4.736850	0.690065	5.905357	1	5.853664	102.406670
4844	1000	33	28	35	0	8	10	0	5	0	0	1	0	0	0	0	-0.00	-2.75	1.124176	4.741685	0.690065	5.886154	1	5.912217	102.406670
4846	1000	31	25	35	0	7	6	0	2	0	0	0	0	0	0	0	-0.00	-2.75	1.124176	4.741685	0.690065	5.886154	1	5.912217	102.406670
4847	1000	29	33	29	0	9	4	0	9	0	0	1	0	0	0	0	-0.00	-2.75	1.124176	4.743297	0.688639	5.840901	1	5.873372	102.406670
4848	1000	31	27	38	0	8	8	0	5	0	0	1	0	0	0	0	-0.00	-2.75	1.123370	4.736850	0.691491	5.944268	1	5.872842	102.406670
4849	1000	36	32	32	0	8	8	0	4	0	0	1	0	0	0	0	-0.00	-2.75	1.122564	4.736850	0.688639	5.866445	1	5.853664	102.406670
4850	1000	20	27	23	0	9	5	0	0	0	0	0	0	0	0	0	-0.00	-2.75	1.123370	4.743297	0.690065	5.879761	1	5.828156	102.406670
4851	1000	30	27	35	0	7	9	0	4	0	0	0	0	0	0	0	-0.00	-2.75	1.122564	4.738461	0.688639	5.860052	1	5.924601	102.406670
4852	1000	25	29	32	0	9	8	0	5	0	0	3	0	0	0	0	-0.00	-2.75	1.124176	4.743297	0.684362	5.724328	1	5.898952	102.406670
4853	1000	29	33	33	0	7	10	0	8	0	0	2	0	0	0	0	-0.00	-2.75	1.121758	4.736850	0.690065	5.905357	1	5.808410	102.406670
4854	1000	31	39	26	0	12	2	0	7	0	0	0	0	0	0	0	-0.00	-2.75	1.123370	4.743297	0.688639	5.840901	1	5.828156	102.406670
4855	1000	26	29	26	0	7	8	0	5	0	0	1	0	0	0	0	-0.00	-2.75	1.122564	4.741685	0.690065	5.886154	1	5.834527	102.406670
4856	1000	21	30	26	0	5	7	0	2	0	0	0	0	0	0	0	-0.00	-2.75	1.122564	4.740073	0.688639	5.853664	1	5.808410	102.406670
4857	1000	32	20	29	0	5	10	0	4	0	0	0	0	0	0	0	-0.00	-2.75	1.122564	4.738461	0.621629	4.031854	1	5.918182	102.406670
4858	1000	25	25	33	0	7	6	0	6	0	0	1	0	0	0	0	-0.00	-3.00	1.121758	4.740073	0.688639	5.853664	1	5.879761	102.406670
4859	1000	31	32	40	0	10	7	0	9	0	0	0	0	0	0	0	-0.00	-3.00	1.121758	4.741685	0.688639	5.847281	1	5.840901	102.406670
4860	1000	34	26	44	0	6	12	0	6	0	0	1	0	0	0	0	-0.00	-3.00	1.122564	4.743297	0.688639	5.840901	1	5.717993	102.406670
4861	1000	32	30	36	0	7	10	0	6	0	0	0	0	0	0	0	-0.00	-2.75	1.122564	4.741685	0.684362	5.730668	1	5.801369	102.406670
4862	1000	32	35	37	0	11	12	0	6	0	0	2	0	0	0	0	-0.00	-3.00	1.120147	4.733626	0.685788	5.801369	1	5.743361	102.406670
4863	1000	35	25	28	0	8	13	0	3	0	0	0	0	0	0	0	-0.00	-3.00	1.120952	4.738461	0.685788	5.782258	1	5.808410	102.406670
4864	1000	40	29	29	0	7	12	0	6	0	0	2	0	0	0	0	-0.00	-3.00	1.121758	4.741685	0.687213	5.808410	1	5.756837	102.406670
4865	1000	21	21	23	0	6	5	0	4	0	0	2	0	0	0	0	-0.00	-3.00	1.120952	4.740073	0.687213	5.814781	1	5.808410	102.406670
4866	1000	28	29	31	0	8	10	0	9	0	0	2	0	0	0	0	-0.00	-2.75	1.122564	4.736850	0.681510	5.671891	1	5.801369	102.406670
4867	1000	27	30	25	0	3	10	0	1	0	0	0	0	0	0	0	-0.00	-3.00	1.120147	4.736850	0.685788	5.788624	1	5.814781	102.406670
4868	1000	34	37	30	0	14	11	0	4	0	0	0	0	0	0	0	-0.00	-3.00	1.120952	4.741685	0.687213	5.808410	1	5.795682	102.406670
4869	1000	34	35	33	0	7	9	0	4	0	0	0	0	0	0	0	-0.00	-3.00	1.120147	4.741685	0.685788	5.769539	1	5.698128	102.406670
4870	1000	28	30	33	0	7	4	0	6	0	0	0	0	0	0	0	-0.00	-3.00	1.120147	4.738461	0.682936	5.704462	1	5.807747	102.406670
4871	1000	33	28	25	0	8	7	0	2	0	0	0	0	0	0	0	-0.00	-3.00	1.119341	4.735238	0.684362	5.756070	1	5.737011	102.406670
4872	1000	40	29	28	0	14	11	0	1	0	0	0	0	0	0	0	-0.00	-3.00	1.120147	4.740073	0.684362	5.737011	1	5.724328	102.406670
4873	1000	29	36	29	0	8	10	0	6	0	0	0	0	0	0	0	-0.00	-3.00	1.120147	4.740073	0.684362	5.737011	1	5.691796	102.406670
4874	1000	35	32	26	0	6	9	0	3	0	0	1	0	0	0	0	-0.00	-3.00	1.119341	4.738461	0.684362	5.743361	1	5.737011	102.406670
4875	1000	41	41	37	0	10	9	0	11	0	0	1	0	0	0	0	-0.00	-3.00	1.120147	4.736850	0.680085	5.632980	1	5.717147	102.406670
4876	1000	41	28	37	0	9	11	0	3	0	0	1	0	0	0	0	-0.00	-3.00	1.118535	4.733626	0.685788	5.801369	1	5.749713	102.406670
4877	1000	28	32	25	0	10	7	0	6	0	0	2	0	0	0	0	-0.00	-3.00	1.119341	4.738461	0.682936	5.704462	1	5.698128	102.406670
4878	1000	24	26	28	0	8	3	0	5	0	0	0	0	0	0	0	-0.00	-3.00	1.118535	4.736850	0.684362	5.749713	1	5.743361	102.406670
4879	1000	25	22	28	0	7	5	0	1	0	0	0	0	0	0	0	-0.00	-3.00	1.120147	4.740073	0.682936	5.698128	1	5.717147	102.406670
4880	1000	43	39	44	0	13	14	0	6	0	0	1	0	0	0	0	-0.00	-3.00	1.118535	4.735238	0.684362	5.756070	1	5.743361	102.406670
4881	1000	36	30	28	0	9	10	0	6	0	0	0	0	0	0	0	-0.00	-3.00	1.118535	4.738461	0.682936	5.704462	1	5.536310	102.406670
4882	1000	39	30	27	0	12	8	0	1	0	0	0	0	0	0	0	-0.00	-3.00	1.118535	4.738461	0.684362	5.743361	1	5.730668	102.406670
4883	1000	36	30	40	0	9	13	0	1	0	0	0	0	0	0	0	-0.00	-3.00	1.118535	4.738461	0.681510	5.665565	1	5.652925	102.406670
4884	1000	41	41	38	0	12	14	0	6	0	0	0	0	0	0	0	-0.00	-3.00	1.117729	4.730403	0.678659	5.619310	1	5.697240	102.406670
4885	1000	24	27	25	0	8	9	0	6	0	0	2	0	0	0	0	-0.00	-3.00	1.117729	4.735238	0.681510	5.678222	1	5.665565	102.406670
4886	1000	26	38	28	0	9	4	0	8	0	0	1	0	0	0	0	-0.00	-3.00	1.117729	4.733626	0.680085	5.645618	1	5.658274	102.406670
4887	1000	28	33	32	0	9	5	0	4	0	0	0	0	0	0	0	-0.00	-3.00	1.117729	4.736850	0.681510	5.671891	1	5.587769	102.406670
4888	1000	34	26	30	0	5	5	0	2	0	0	0	0	0	0	0	-0.00	-3.00	1.117729	4.736850	5.832760	146.257767	1	5.697240	102.406670
4889	1000	30	30	40	0	6	11	0	8	0	0	0	0	0	0	0	-0.00	-3.00	1.116117	4.732015	0.681510	5.690896	1	5.671891	102.406670
4890	1000	34	25	27	0	8	13	0	2	0	0	1	0	0	0	0	-0.00	-3.00	1.116923	4.736850	0.681510	5.671891	1	5.626666	102.406670
4891	1000	26	36	36	0	9	7	0	5	0	0	0	0	0	0	0	-0.00	-3.00	1.116923	4.736850	0.681510	5.671891	1	5.665565	102.406670
4892	1000	31	36	35	0	8	10	0	4	0	0	1	0	0	0	0	-0.00	-3.00	1.116923	4.736850	0.681510	5.671891	1	5.665565	102.406670
4893	1000	35	33	32	0	10	8	0	4	0	0	2	0	0	0	0	-0.00	-3.00	1.116117	4.732015	2.971271	68.246010	1	5.580347	102.406670
4894	1000	29	21	31	0	7	7	0	3	0	0	1	0	0	0	0	-0.00	-3.00	1.116117	4.733626	0.681510	5.684557	1	5.704462	102.406670
4895	1000	37	34	29	0	7	8	0	3	0	0	0	0	0	0	0	-0.00	-3.00	1.116923	4.736850	0.680085	5.632980	1	5.581473	102.406670
4896	1000	31	38	24	0	11	5	0	4	0	0	0	0	0	0	0	-0.00	-3.00	1.117729	4.738461	0.680085	5.626666	1	5.620357	102.406670
4897	1000	35	40	39	0	6	11	0	10	0	0	1	0	0	0	0	-0.50	-3.00	1.116117	4.738461	0.678659	5.587769	1	5.586655	102.406670
4898	1000	26	29	34	0	4	8	0	6	0	0	1	0	0	0	0	-0.00	-3.00	1.114506	4.728791	0.678659	5.625632	1	5.528807	102.406670
4899	1000	24	34	31	0	4	7	0	6	0	0	0	0	0	0	0	-0.50	-3.00	1.116117	4.735238	0.678659	5.600372	1	5.561449	102.406670
4900	1000	34	35	25	0	11	3	0	8	0	0	0	0	0	0	0	-0.50	-3.00	1.115311	4.735238	0.680085	5.639297	1	5.600372	102.406670
4901	1000	35	29	43	0	9	14	0	4	0	0	1	0	0	0	0	-0.00	-3.00	1.116117	4.736850	0.678659	5.594069	1	5.587769	102.406670
4902	1000	23	22	27	0	5	7	0	6	0	0	0	0	0	0	0	-0.50	-3.00	1.113700	4.727180	0.678659	5.631958	1	5.619310	102.406670
4903	1000	30	40	41	0	8	7	0	4	0	0	0	0	0	0	0	-0.00	-3.00	1.114506	4.732015	0.678659	5.612993	1	5.561449	102.406670
4904	1000	34	36	29	0	12	10	0	5	0	0	2	0	0	0	0	-0.50	-3.00	1.115311	4.732015	0.678659	5.612993	1	5.594069	102.406670
4905	1000	29	32	35	0	7	9	0	5	0	0	0	0	0	0	0	-0.50	-3.00	1.114506	4.735238	0.677233	5.561449	1	5.561449	102.406670
4906	1000	31	40	33	0	10	9	0	9	0	0	1	0	0	0	0	-0.50	-3.00	1.113700	4.730403	0.674382	5.502419	1	5.560280	102.406670
4907	1000	29	31	31	0	7	10	0	3	0	0	0	0	0	0	0	-0.50	-3.00	1.114506	4.733626	0.675807	5.528807	1	5.548872	102.406670
4908	1000	25	29	17	0	7	4	0	2	0	0	0	0	0	0	0	-0.50	-3.00	1.114506	4.732015	0.675807	5.535093	1	5.483600	102.406670
4909	1000	29	34	27	0	7	7	0	4	0	0	1	0	0	0	0	-0.00	-3.00	1.114506	4.736850	0.677233	5.555158	1	5.516247	102.406670
4910	1000	33	32	25	0	11	5	0	6	0	0	0	0	0	0	0	-0.50	-3.00	1.113700	4.732015	0.672956	5.457191	1	5.553977	102.406670
4911	1000	41	31	29	0	11	8	0	5	0	0	1	0	0	0	0	-0.50	-3.00	1.113700	4.733626	0.677233	5.567744	1	5.555158	102.406670
4912	1000	23	33	24	0	9	7	0	2	0	0	0	0	0	0	0	-0.50	-3.00	1.114506	4.733626	0.677233	5.567744	1	5.516247	102.406670
4913	1000	39	32	33	0	11	11	0	6	0	0	2	0	0	0	0	-0.50	-3.00	1.113700	4.733626	0.675807	5.528807	1	5.561449	102.406670
4914	1000	34	33	27	0	13	6	0	5	0	0	1	0	0	0	0	-0.50	-3.00	1.114506	4.738461	0.677233	5.548872	1	5.548872	102.406670
4915	1000	33	28	28	0	6	10	0	2	0	0	1	0	0	0	0	-0.50	-3.00	1.112088	4.733626	0.685788	5.801369	1	5.580347	102.406670
4916	1000	28	28	31	0	6	10	0	6	0	0	2	0	0	0	0	-0.50	-3.00	1.112088	4.728791	0.675807	5.547678	1	5.535093	102.406670
4917	1000	30	29	32	0	10	12	0	5	0	0	1	0	0	0	0	-0.50	-3.00	1.112894	4.730403	0.675807	5.541383	1	5.528807	102.406670
4918	1000	29	29	27	0	8	4	0	6	0	0	1	0	0	0	0	-0.50	-3.00	1.113700	4.736850	0.674382	5.477335	1	5.619310	102.406670
4919	1000	25	28	27	0	2	7	0	4	0	0	1	0	0	0	0	-0.50	-3.00	1.112894	4.733626	0.672956	5.450931	1	5.592967	102.406670
4920	1000	28	34	28	0	11	6	0	6	0	0	2	0	0	0	0	-0.50	-3.00	1.111282	4.728791	0.674382	5.508700	1	5.450931	102.406670
4921	1000	24	24	26	0	5	7	0	4	0	0	1	0	0	0	0	-0.50	-3.00	1.112894	4.732015	0.674382	5.496141	1	5.489869	102.406670
4922	1000	27	31	30	0	6	9	0	1	0	0	0	0	0	0	0	-0.50	-3.00	1.112088	4.732015	0.674382	5.496141	1	5.489869	102.406670
4923	1000	36	27	27	0	9	9	0	4	0	0	0	0	0	0	0	-0.50	-3.00	1.112894	4.736850	0.675807	5.516247	1	5.471076	102.406670
4924	1000	14	28	31	0	3	6	0	4	0	0	0	0	0	0	0	-0.50	-3.00	1.112088	4.732015	0.757075	7.755291	1	5.469723	102.406670
4925	1000	27	33	31	0	7	10	0	8	0	0	0	0	0	0	0	-0.50	-3.00	1.111282	4.727180	0.671530	5.437004	1	5.521277	102.406670
4926	1000	40	28	26	0	14	11	0	4	0	0	3	0	0	0	0	-0.50	-3.00	1.112088	4.730403	0.672956	5.463453	1	5.450931	102.406670
4927	1000	34	32	28	0	12	11	0	3	0	0	1	0	0	0	0	-0.50	-3.00	1.112088	4.733626	0.674382	5.489869	1	5.457191	102.406670
4928	1000	38	38	40	0	10	10	0	4	0	0	1	0	0	0	0	-0.50	-3.00	1.111282	4.730403	0.670104	5.385527	1	5.533869	102.406670
4929	1000	30	32	30	0	9	7	0	4	0	0	0	0	0	0	0	-0.50	-3.00	1.110476	4.728791	0.674382	5.508700	1	5.457191	102.406670
4930	1000	28	31	27	0	6	11	0	6	0	0	1	0	0	0	0	-0.50	-3.00	1.110476	4.728791	0.674382	5.508700	1	5.295182	102.406670
4931	1000	34	36	30	0	5	12	0	3	0	0	0	0	0	0	0	-0.50	-3.00	1.111282	4.730403	0.674382	5.502419	1	5.411994	102.406670
4932	1000	41	31	40	0	12	15	0	4	0	0	0	0	0	0	0	-0.50	-3.00	1.110476	4.728791	0.674382	5.508700	1	5.457191	102.406670
4933	1000	30	24	36	0	5	4	0	5	0	0	0	0	0	0	0	-0.50	-3.00	1.110476	4.727180	0.667253	5.320033	1	5.430745	102.406670
4934	1000	25	27	33	0	5	7	0	7	0	0	2	0	0	0	0	-0.50	-3.25	1.110476	4.732015	0.671530	5.418239	1	5.405750	102.406670
4935	1000	24	24	29	0	4	7	0	4	0	0	0	0	0	0	0	-0.50	-3.25	1.110476	4.732015	0.672956	5.457191	1	5.178367	102.406670
4936	1000	33	27	29	0	5	6	0	6	0	0	0	0	0	0	0	-0.50	-3.25	1.110476	4.732015	0.672956	5.457191	1	5.405750	102.406670
4937	1000	27	20	26	0	5	9	0	4	0	0	0	0	0	0	0	-0.50	-3.25	1.109670	4.728791	0.671530	5.430745	1	5.379288	102.406670
4938	1000	34	25	30	0	7	8	0	4	0	0	1	0	0	0	0	-0.50	-3.25	1.109670	4.725568	0.671530	5.443268	1	5.424490	102.406670
4939	1000	33	22	25	0	4	8	0	3	0	0	0	0	0	0	0	-0.50	-3.25	1.109670	4.730403	0.670104	5.385527	1	5.379288	102.406670
4940	1000	24	27	36	0	8	6	0	4	0	0	0	0	0	0	0	-0.50	-3.25	1.109670	4.728791	0.671530	5.430745	1	5.418239	102.406670
4941	1000	33	43	34	0	9	6	0	6	0	0	0	0	0	0	0	-0.50	-3.25	1.109670	4.730403	0.671530	5.424490	1	5.430745	102.406670
4942	1000	25	25	27	0	6	8	0	1	0	0	0	0	0	0	0	-0.50	-3.25	1.109670	4.733626	0.667253	5.295182	1	5.411994	102.406670
4943	1000	40	35	38	0	11	14	0	4	0	0	3	0	0	0	0	-0.50	-3.25	1.109670	4.733626	0.670104	5.373056	1	5.327902	102.406670
4944	1000	43	25	33	0	9	11	0	2	0	0	0	0	0	0	0	-0.50	-3.25	1.108059	4.728791	0.668679	5.352791	1	5.385527	102.406670
4945	1000	43	34	36	0	13	11	0	5	0	0	0	0	0	0	0	-0.50	-3.25	1.108865	4.730403	0.668679	5.346563	1	5.340339	102.406670
4946	1000	31	24	35	0	11	11	0	5	0	0	2	0	0	0	0	-0.50	-3.25	1.108865	4.730403	0.658698	5.073813	1	5.404265	102.406670
4947	1000	23	25	28	0	6	7	0	4	0	0	0	0	0	0	0	-0.50	-3.25	1.108865	4.730403	0.670104	5.385527	1	5.327902	102.406670
4948	1000	33	32	33	0	7	13	0	6	0	0	2	0	0	0	0	-0.50	-3.25	1.108059	4.728791	0.668679	5.352791	1	5.203060	102.406670
4949	1000	31	29	39	0	7	11	0	6	0	0	0	0	0	0	0	-0.50	-3.25	1.108865	4.732015	0.670104	5.379288	1	5.217304	102.406670
4950	1000	41	26	36	0	10	12	0	5	0	0	1	0	0	0	0	-0.50	-3.25	1.108865	4.730403	0.668679	5.346563	1	5.340339	102.406670
4951	1000	32	24	23	0	7	8	0	0	0	0	0	0	0	0	0	-0.50	-3.25	1.106447	4.722344	0.668679	5.377747	1	5.410519	102.406670
4952	1000	32	31	36	0	11	9	0	8	0	0	1	0	0	0	0	-0.50	-3.25	1.107253	4.727180	0.668679	5.359023	1	5.346563	102.406670
4953	1000	19	33	23	0	5	2	0	7	0	0	1	0	0	0	0	-0.50	-3.25	1.108059	4.730403	0.670104	5.385527	1	5.340339	102.406670
4954	1000	35	32	30	0	11	12	0	2	0	0	2	0	0	0	0	-0.50	-3.25	1.107253	4.727180	0.670104	5.398014	1	5.352791	102.406670
4955	1000	23	22	29	0	4	7	0	6	0	0	1	0	0	0	0	-0.50	-3.25	1.107253	4.725568	0.605945	3.649083	1	5.332484	102.406670
4956	1000	35	25	29	0	11	10	0	5	0	0	2	0	0	0	0	-0.50	-3.25	1.107253	4.727180	0.670104	5.398014	1	5.385527	102.406670
4957	1000	26	24	27	0	8	6	0	3	0	0	0	0	0	0	0	-0.50	-3.25	1.106447	4.727180	0.665827	5.281042	1	5.274836	102.406670
4958	1000	27	29	25	0	7	6	0	5	0	0	0	0	0	0	0	-0.50	-3.25	1.107253	4.730403	0.665827	5.268635	1	5.281042	102.406670
4959	1000	33	29	34	0	10	9	0	2	0	0	0	0	0	0	0	-0.50	-3.25	1.107253	4.730403	0.662976	5.190705	1	5.301387	102.406670
4960	1000	26	23	32	0	6	7	0	3	0	0	1	0	0	0	0	-0.50	-3.25	1.105641	4.720733	0.667253	5.344953	1	5.332484	102.406670
4961	1000	25	20	33	0	4	9	0	2	0	0	1	0	0	0	0	-0.50	-3.25	1.105641	4.725568	0.667253	5.326256	1	5.268635	102.406670
4962	1000	40	31	43	0	10	15	0	8	0	0	1	0	0	0	0	-0.50	-3.25	1.107253	4.730403	0.668679	5.346563	1	5.295182	102.406670
4963	1000	31	27	23	0	6	9	0	2	0	0	1	0	0	0	0	-0.50	-3.25	1.105641	4.727180	0.667253	5.320033	1	5.281042	102.406670
4964	1000	26	32	31	0	10	5	0	3	0	0	0	0	0	0	0	-0.50	-3.25	1.106447	4.725568	0.662976	5.209242	1	5.338716	102.406670
4965	1000	23	35	22	0	9	8	0	2	0	0	1	0	0	0	0	-0.50	-3.25	1.105641	4.727180	0.667253	5.320033	1	5.301387	102.406670
4966	1000	32	26	31	0	5	9	0	1	0	0	0	0	0	0	0	-0.50	-3.25	1.106447	4.728791	0.667253	5.313813	1	5.301387	102.406670
4967	1000	25	40	32	0	9	5	0	6	0	0	0	0	0	0	0	-0.50	-3.25	1.105641	4.728791	0.664401	5.235857	1	5.067682	102.406670
4968	1000	35	28	32	0	7	13	0	5	0	0	0	0	0	0	0	-0.50	-3.25	1.106447	4.728791	0.660124	5.118925	1	5.215430	102.406670
4969	1000	26	30	36	0	5	10	0	10	0	0	1	0	0	0	0	-0.50	-3.25	1.104835	4.723956	0.664401	5.254447	1	5.196880	102.406670
4970	1000	37	28	27	0	12	7	0	2	0	0	0	0	0	0	0	-0.50	-3.25	1.105641	4.728791	0.662976	5.196880	1	5.223484	102.406670
4971	1000	29	23	20	0	7	7	0	2	0	0	0	0	0	0	0	-0.50	-3.25	1.105641	4.727180	0.664401	5.242049	1	5.229668	102.406670
4972	1000	37	38	25	0	12	9	0	3	0	0	1	0	0	0	0	-0.50	-3.25	1.104835	4.723956	0.664401	5.254447	1	5.242049	102.406670
4973	1000	32	38	26	0	11	5	0	2	0	0	1	0	0	0	0	-0.50	-3.25	1.104835	4.723956	0.662976	5.215430	1	5.234020	102.406670
4974	1000	32	29	32	0	8	7	0	4	0	0	0	0	0	0	0	-0.50	-3.25	1.104029	4.723956	0.664401	5.254447	1	5.203060	102.406670
4975	1000	32	31	29	0	6	8	0	6	0	0	0	0	0	0	0	-0.50	-3.25	1.104835	4.725568	0.662976	5.209242	1	5.235857	102.406670
4976	1000	33	28	29	0	10	8	0	3	0	0	1	0	0	0	0	-0.50	-3.25	1.104029	4.725568	0.664401	5.248246	1	5.209242	102.406670
4977	1000	34	26	29	0	6	7	0	5	0	0	1	0	0	0	0	-0.50	-3.25	1.104835	4.728791	0.661550	5.157903	1	5.260653	102.406670
4978	1000	32	35	25	0	11	5	0	5	0	0	1	0	0	0	0	-0.50	-3.25	1.102418	4.722344	0.665827	5.299686	1	5.242049	102.406670
4979	1000	27	27	27	0	9	5	0	2	0	0	0	0	0	0	0	-0.50	-3.25	1.104029	4.723956	0.664401	5.254447	1	5.242049	102.406670
4980	1000	41	34	33	0	6	12	0	7	0	0	0	0	0	0	0	-0.50	-3.25	1.104029	4.727180	0.664401	5.242049	1	5.235857	102.406670
4981	1000	37	43	30	0	16	8	0	4	0	0	2	0	0	0	0	-0.50	-3.25	1.104029	4.727180	0.664401	5.242049	1	5.203060	102.406670
4982	1000	33	37	37	0	9	12	0	7	0	0	0	0	0	0	0	-0.50	-3.25	1.103223	4.723956	0.660124	5.137397	1	5.176414	102.406670
4983	1000	33	35	33	0	10	6	0	4	0	0	0	0	0	0	0	-0.50	-3.25	1.102418	4.723956	0.661550	5.176414	1	5.164068	102.406670
4984	1000	29	27	26	0	9	7	0	6	0	0	2	0	0	0	0	-0.50	-3.25	1.103223	4.725568	0.662976	5.209242	1	5.157903	102.406670
4985	1000	28	32	32	0	6	4	0	7	0	0	0	0	0	0	0	-0.50	-3.25	1.103223	4.723956	0.661550	5.176414	1	5.176414	102.406670
4986	1000	29	26	27	0	9	11	0	4	0	0	1	0	0	0	0	-0.50	-3.25	1.103223	4.725568	0.662976	5.209242	1	5.149732	102.406670
4987	1000	33	21	32	0	6	10	0	5	0	0	0	0	0	0	0	-0.50	-3.25	1.103223	4.725568	0.662976	5.209242	1	5.184533	102.406670
4988	1000	31	38	31	0	9	10	0	8	0	0	1	0	0	0	0	-0.50	-3.25	1.102418	4.723956	0.660124	5.137397	1	5.079948	102.406670
4989	1000	32	25	26	0	8	3	0	2	0	0	0	0	0	0	0	-0.50	-3.25	1.101612	4.722344	0.661550	5.182592	1	5.170239	102.406670
4990	1000	29	29	31	0	8	6	0	5	0	0	0	0	0	0	0	-0.50	-3.25	1.103223	4.728791	0.662976	5.196880	1	5.151741	102.406670
4991	1000	21	22	19	0	3	6	0	2	0	0	0	0	0	0	0	-0.50	-3.25	1.101612	4.720733	0.661550	5.188775	1	5.149732	102.406670
4992	1000	26	38	27	0	12	5	0	7	0	0	1	0	0	0	0	-0.50	-3.25	1.101612	4.722344	0.662976	5.221622	1	5.125079	102.406670
4993	1000	39	38	34	0	12	10	0	6	0	0	1	0	0	0	0	-0.50	-3.25	1.102418	4.727180	0.662976	5.203060	1	5.151741	102.406670
4994	1000	37	32	31	0	9	9	0	5	0	0	0	0	0	0	0	-0.50	-3.25	1.101612	4.723956	0.661550	5.176414	1	5.104531	102.406670
4995	1000	33	34	36	0	7	13	0	6	0	0	1	0	0	0	0	-0.50	-3.25	1.101612	4.725568	0.670104	5.404265	1	5.188775	102.406670
4996	1000	30	16	33	0	5	10	0	4	0	0	0	0	0	0	0	-0.50	-3.25	1.101612	4.723956	0.660124	5.137397	1	5.118925	102.406670
4997	1000	34	28	28	0	6	10	0	6	0	0	1	0	0	0	0	-0.50	-3.25	1.101612	4.727180	0.660124	5.125079	1	5.001993	102.406670
4998	1000	25	24	27	0	7	7	0	4	0	0	1	0	0	0	0	-0.50	-3.25	1.101612	4.725568	0.658698	5.092232	1	5.125079	102.406670
4999	1000	32	37	36	0	11	12	0	7	0	0	1	0	0	0	0	-0.50	-3.25	1.100806	4.722344	0.660124	5.143563	1	5.065500	102.406670
5000	1000	25	35	31	0	8	5	0	5	0	0	0	0	0	0	0	-0.50	-3.25	1.100806	4.723956	0.717154	6.698089	1	5.137397	102.406670
5001	1000	31	23	27	0	5	7	0	3	0	0	0	0	0	0	0	-0.50	-3.25	1.100000	4.719121	0.660124	5.155905	1	5.059362	102.406670
5002	1000	34	33	26	0	13	4	0	6	0	0	0	0	0	0	0	-0.50	-3.25	1.100806	4.723956	0.660124	5.137397	1	5.092232	102.406670
5003	1000	27	33	34	0	6	10	0	1	0	0	0	0	0	0	0	-0.50	-3.25	1.100000	4.722344	0.658698	5.104531	1	5.092232	102.406670
5004	1000	22	26	34	0	4	6	0	4	0	0	0	0	0	0	0	-0.50	-3.25	1.100000	4.720733	0.657273	5.071643	1	5.083942	102.406670
5005	1000	32	34	24	0	10	8	0	4	0	0	0	0	0	0	0	-0.50	-3.25	1.099194	4.719121	0.658698	5.116849	1	5.098379	102.406670
5006	1000	30	29	29	0	7	6	0	6	0	0	0	0	0	0	0	-0.50	-3.25	1.100806	4.725568	0.660124	5.131236	1	5.086088	102.406670
5007	1000	30	39	26	0	10	7	0	6	0	0	0	0	0	0	0	-0.50	-3.50	1.100000	4.725568	0.658698	5.092232	1	5.086088	102.406670
5008	1000	37	31	38	0	11	11	0	6	0	0	1	0	0	0	0	-0.50	-3.50	1.100000	4.725568	0.657273	5.053227	1	5.131236	102.406670
5009	1000	22	29	31	0	6	4	0	7	0	0	0	0	0	0	0	-0.50	-3.25	1.098388	4.715898	0.658698	5.129183	1	5.123013	102.406670
5010	1000	23	34	15	0	8	3	0	4	0	0	1	0	0	0	0	-0.50	-3.50	1.099194	4.722344	0.657273	5.065500	1	5.092232	102.406670
5011	1000	24	25	27	0	5	6	0	2	0	0	1	0	0	0	0	-0.50	-3.25	1.100000	4.723956	0.657273	5.059362	1	5.047096	102.406670
5012	1000	27	31	32	0	5	9	0	5	0	0	0	0	0	0	0	-0.50	-3.50	1.099194	4.720733	0.657273	5.071643	1	5.071643	102.406670
5013	1000	30	42	28	0	10	6	0	7	0	0	0	0	0	0	0	-0.50	-3.50	1.098388	4.719121	0.654421	4.999677	1	5.051014	102.406670
5014	1000	30	22	24	0	7	8	0	0	0	0	0	0	0	0	0	-0.50	-3.50	1.098388	4.717509	0.655847	5.044871	1	5.032599	102.406670
5015	1000	29	34	37	0	7	11	0	10	0	0	1	0	0	0	0	-0.50	-3.50	1.097582	4.719121	0.658698	5.116849	1	5.038733	102.406670
5016	1000	16	28	29	0	6	3	0	3	0	0	0	0	0	0	0	-0.50	-3.50	1.098388	4.720733	0.657273	5.071643	1	5.020345	102.406670
5017	1000	33	28	28	0	11	11	0	7	0	0	1	0	0	0	0	-0.50	-3.50	1.097582	4.720733	0.654421	4.993556	1	5.071643	102.406670
5018	1000	32	32	46	0	6	12	0	5	0	0	0	0	0	0	0	-0.50	-3.50	1.097582	4.714286	0.655847	5.057160	1	5.051014	102.406670
5019	1000	25	27	19	0	9	3	0	2	0	0	0	0	0	0	0	-0.50	-3.50	1.098388	4.723956	0.657273	5.059362	1	5.047096	102.406670
5020	1000	35	28	36	0	9	12	0	3	0	0	1	0	0	0	0	-0.50	-3.50	1.098388	4.722344	0.654421	4.987439	1	4.936215	102.406670
5021	1000	29	24	30	0	3	12	0	3	0	0	1	0	0	0	0	-0.50	-3.50	1.098388	4.725568	0.652995	4.936215	1	5.008105	102.406670
5022	1000	40	35	36	0	10	10	0	5	0	0	0	0	0	0	0	-0.50	-3.50	1.098388	4.725568	0.650144	4.858208	1	4.960619	102.406670
5023	1000	25	31	19	0	6	3	0	2	0	0	0	0	0	0	0	-0.50	-3.50	1.096777	4.717509	0.654421	5.005801	1	4.987439	102.406670
5024	1000	30	38	26	0	9	6	0	6	0	0	0	0	0	0	0	-0.50	-3.50	1.097582	4.720733	0.654421	4.993556	1	4.993556	102.406670
5025	1000	34	24	29	0	8	9	0	5	0	0	1	0	0	0	0	-0.50	-3.50	1.097582	4.723956	0.655847	5.020345	1	4.993556	102.406670
5026	1000	25	28	32	0	5	8	0	5	0	0	0	0	0	0	0	-0.50	-3.50	1.096777	4.723956	0.651570	4.903292	1	4.975220	102.406670
5027	1000	26	31	27	0	7	6	0	4	0	0	1	0	0	0	0	-0.50	-3.50	1.095971	4.714286	0.654421	5.018064	1	5.005801	102.406670
5028	1000	31	29	36	0	7	11	0	5	0	0	0	0	0	0	0	-0.50	-3.50	1.095971	4.719121	0.654421	4.999677	1	4.987439	102.406670
5029	1000	27	28	25	0	4	6	0	4	0	0	0	0	0	0	0	-0.50	-3.50	1.097582	4.723956	0.655847	5.020345	1	4.930124	102.406670
5030	1000	21	27	27	0	5	4	0	3	0	0	0	0	0	0	0	-0.50	-3.50	1.095971	4.717509	0.652995	4.966732	1	4.999677	102.406670
5031	1000	34	38	34	0	10	10	0	6	0	0	0	0	0	0	0	-0.50	-3.50	1.095971	4.717509	0.576005	2.856915	1	5.024200	102.406670
5032	1000	25	31	22	0	9	5	0	6	0	0	2	0	0	0	0	-0.50	-3.50	1.095971	4.719121	0.655847	5.038733	1	5.020345	102.406670
5033	1000	23	22	35	0	10	8	0	4	0	0	2	0	0	0	0	-0.50	-3.50	1.095971	4.720733	0.652995	4.954512	1	4.975220	102.406670
5034	1000	31	21	25	0	4	8	0	4	0	0	0	0	0	0	0	-0.50	-3.50	1.095165	4.719121	0.651570	4.921562	1	4.792286	102.406670
5035	1000	28	20	30	0	4	8	0	1	0	0	0	0	0	0	0	-0.50	-3.50	1.095971	4.720733	0.650144	4.876425	1	4.939868	102.406670
5036	1000	31	31	33	0	8	14	0	4	0	0	1	0	0	0	0	-0.50	-3.50	1.095165	4.717509	0.651570	4.927660	1	4.948410	102.406670
5037	1000	32	30	23	0	9	7	0	6	0	0	0	0	0	0	0	-0.50	-3.50	1.095165	4.719121	0.652995	4.960619	1	4.948410	102.406670
5038	1000	35	26	23	0	7	12	0	1	0	0	0	0	0	0	0	-0.50	-3.50	1.095971	4.722344	0.651570	4.909378	1	4.936215	102.406670
5039	1000	27	29	26	0	5	8	0	4	0	0	0	0	0	0	0	-0.50	-3.50	1.094359	4.714286	0.650144	4.900773	1	4.906869	102.406670
5040	1000	32	35	30	0	10	8	0	6	0	0	0	0	0	0	0	-0.50	-3.50	1.095165	4.719121	0.670104	5.429307	1	4.894679	102.406670
5041	1000	25	29	30	0	8	10	0	2	0	0	0	0	0	0	0	-0.50	-3.50	1.095165	4.717509	0.651570	4.927660	1	4.948410	102.406670
5042	1000	30	35	31	0	10	4	0	3	0	0	0	0	0	0	0	-0.50	-3.50	1.095165	4.719121	0.651570	4.921562	1	4.909378	102.406670
5043	1000	27	27	31	0	6	7	0	3	0	0	1	0	0	0	0	-0.50	-3.50	1.094359	4.715898	0.650144	4.894679	1	4.919076	102.406670
5044	1000	34	40	32	0	6	5	0	8	0	0	0	0	0	0	0	-0.50	-3.50	1.094359	4.719121	0.648718	4.843447	1	4.945979	102.406670
5045	1000	36	33	40	0	8	11	0	4	0	0	0	0	0	0	0	-0.50	-3.50	1.093553	4.717509	0.650144	4.888590	1	4.876425	102.406670
