quad V2.5
time	int	cnt1	cnt2	cnt3	cnt4	1&2	1&3	1&4	2&3	2&4	3&4	1&2&3	1&2&4	1&3&4	2&3&4	1&2&3&4	digTemp	temp	adct	adcr	adcp	pressure	PBS	CurrMeasurement	MeanMeasurement
5047	1000	31	29	26	0	7	8	0	3	0	0	0	0	0	0	0	-0.50	-3.50	1.093553	4.712674	0.651570	4.945979	1	4.933763	102.406670
5048	1000	25	38	29	0	8	10	0	4	0	0	0	0	0	0	0	-0.50	-3.50	1.093553	4.715898	0.648718	4.855594	1	4.888590	102.406670
5049	1000	35	19	28	0	6	11	0	1	0	0	0	0	0	0	0	-0.50	-3.50	1.094359	4.722344	0.650144	4.870348	1	4.837380	102.406670
5050	1000	20	23	27	0	4	6	0	2	0	0	0	0	0	0	0	-0.50	-3.50	1.093553	4.717509	0.650144	4.888590	1	4.804389	102.406670
5051	1000	24	27	26	0	9	6	0	3	0	0	0	0	0	0	0	-0.50	-3.50	1.094359	4.720733	0.648718	4.837380	1	4.870348	102.406670
5052	1000	23	27	30	0	5	4	0	4	0	0	0	0	0	0	0	-0.50	-3.50	1.093553	4.717509	0.650144	4.888590	1	4.837380	102.406670
5053	1000	25	19	36	0	3	7	0	0	0	0	0	0	0	0	0	-0.50	-3.50	1.094359	4.722344	0.648718	4.831317	1	4.864276	102.406670
5054	1000	19	21	28	0	5	4	0	2	0	0	0	0	0	0	0	-0.50	-3.50	1.093553	4.717509	0.650144	4.888590	1	4.843447	102.406670
5055	1000	44	26	30	0	13	15	0	3	0	0	1	0	0	0	0	-0.50	-3.50	1.092747	4.717509	0.650144	4.888590	1	4.843447	102.406670
5056	1000	28	31	28	0	10	5	0	5	0	0	0	0	0	0	0	-0.50	-3.50	1.093553	4.720733	0.650144	4.876425	1	4.831317	102.406670
5057	1000	24	27	26	0	5	6	0	2	0	0	0	0	0	0	0	-0.50	-3.50	1.092747	4.715898	0.647292	4.816510	1	4.867758	102.406670
5058	1000	22	22	33	0	7	5	0	4	0	0	2	0	0	0	0	-0.50	-3.50	1.091136	4.712674	0.647292	4.828647	1	4.894679	102.406670
5059	1000	25	27	25	0	10	3	0	6	0	0	0	0	0	0	0	-0.50	-3.50	1.093553	4.720733	0.648718	4.837380	1	4.753256	102.406670
5060	1000	27	24	32	0	7	8	0	4	0	0	1	0	0	0	0	-0.50	-3.50	1.092747	4.720733	0.650144	4.876425	1	4.810448	102.406670
5061	1000	35	32	30	0	13	10	0	5	0	0	1	0	0	0	0	-0.50	-3.50	1.093553	4.720733	0.644441	4.720249	1	4.816510	102.406670
5062	1000	31	38	39	0	10	12	0	4	0	0	0	0	0	0	0	-0.50	-3.50	1.091136	4.712674	0.647292	4.828647	1	4.732308	102.406670
5063	1000	31	25	42	0	6	15	0	11	0	0	4	0	0	0	0	-0.50	-3.50	1.091941	4.715898	0.648718	4.855594	1	4.765334	102.406670
5064	1000	33	32	34	0	7	10	0	2	0	0	0	0	0	0	0	-0.50	-3.50	1.091136	4.714286	0.645867	4.783480	1	4.771378	102.406670
5065	1000	30	31	29	0	5	7	0	6	0	0	0	0	0	0	0	-1.00	-3.50	1.092747	4.720733	0.647292	4.798336	1	4.759293	102.406670
5066	1000	30	20	35	0	3	11	0	3	0	0	1	0	0	0	0	-0.50	-3.50	1.091136	4.714286	0.641589	4.666186	1	4.834722	102.406670
5067	1000	32	31	34	0	10	11	0	7	0	0	3	0	0	0	0	-0.50	-3.50	1.090330	4.712674	0.645867	4.789536	1	4.816510	102.406670
5068	1000	29	32	34	0	7	8	0	6	0	0	1	0	0	0	0	-1.00	-3.50	1.091136	4.714286	0.645867	4.783480	1	4.804389	102.406670
5069	1000	21	32	22	0	10	3	0	5	0	0	1	0	0	0	0	-1.00	-3.50	1.091136	4.714286	0.645867	4.783480	1	4.777427	102.406670
5070	1000	21	27	24	0	5	6	0	5	0	0	1	0	0	0	0	-1.00	-3.50	1.091136	4.720733	0.644441	4.720249	1	4.789536	102.406670
5071	1000	30	25	27	0	7	4	0	6	0	0	0	0	0	0	0	-1.00	-3.50	1.090330	4.715898	0.647292	4.816510	1	4.804389	102.406670
5072	1000	34	36	34	0	9	9	0	4	0	0	0	0	0	0	0	-0.50	-3.50	1.091136	4.717509	0.645867	4.771378	1	4.765334	102.406670
5073	1000	21	31	26	0	5	5	0	8	0	0	0	0	0	0	0	-1.00	-3.50	1.091136	4.717509	0.645867	4.771378	1	4.804389	102.406670
5074	1000	26	29	26	0	5	7	0	6	0	0	1	0	0	0	0	-0.50	-3.50	1.090330	4.715898	0.644441	4.738343	1	4.849519	102.406670
5075	1000	32	27	32	0	5	7	0	5	0	0	1	0	0	0	0	-1.00	-3.50	1.090330	4.714286	0.643015	4.705285	1	4.744382	102.406670
5076	1000	38	38	28	0	15	7	0	4	0	0	1	0	0	0	0	-1.00	-3.50	1.090330	4.715898	0.644441	4.738343	1	4.732308	102.406670
5077	1000	34	31	32	0	6	11	0	5	0	0	1	0	0	0	0	-1.00	-3.50	1.090330	4.714286	0.644441	4.744382	1	4.726276	102.406670
5078	1000	36	47	32	0	13	11	0	10	0	0	2	0	0	0	0	-1.00	-3.50	1.090330	4.717509	0.645867	4.771378	1	4.765334	102.406670
5079	1000	19	33	29	0	7	2	0	5	0	0	0	0	0	0	0	-1.00	-3.50	1.089524	4.717509	0.564599	2.544351	1	4.762526	102.406670
5080	1000	33	33	35	0	12	8	0	10	0	0	0	0	0	0	0	-1.00	-3.50	1.089524	4.712674	0.644441	4.750427	1	4.693237	102.406670
5081	1000	26	28	29	0	4	4	0	2	0	0	0	0	0	0	0	-1.00	-3.50	1.088718	4.712674	0.644441	4.750427	1	4.789536	102.406670
5082	1000	30	29	27	0	13	2	0	5	0	0	0	0	0	0	0	-1.00	-3.50	1.088718	4.712674	0.644441	4.750427	1	4.732308	102.406670
5083	1000	26	31	32	0	6	3	0	7	0	0	1	0	0	0	0	-1.00	-3.50	1.089524	4.715898	0.644441	4.738343	1	4.732308	102.406670
5084	1000	31	27	25	0	9	9	0	4	0	0	1	0	0	0	0	-1.00	-3.50	1.088718	4.709451	0.644441	4.762526	1	4.762526	102.406670
5085	1000	32	29	29	0	6	10	0	6	0	0	0	0	0	0	0	-1.00	-3.50	1.088718	4.714286	0.644441	4.744382	1	4.726276	102.406670
5086	1000	26	24	30	0	3	10	0	5	0	0	0	0	0	0	0	-1.00	-3.50	1.089524	4.715898	0.641589	4.660172	1	4.726276	102.406670
5087	1000	33	25	26	0	10	8	0	4	0	0	1	0	0	0	0	-1.00	-3.50	1.088718	4.714286	0.644441	4.744382	1	4.738343	102.406670
5088	1000	28	29	37	0	11	13	0	4	0	0	0	0	0	0	0	-1.00	-3.50	1.088718	4.714286	0.638738	4.587991	1	4.723388	102.406670
5089	1000	35	35	31	0	10	7	0	8	0	0	1	0	0	0	0	-1.00	-3.75	1.087912	4.712674	0.641589	4.672203	1	4.699259	102.406670
5090	1000	31	24	31	0	8	13	0	1	0	0	0	0	0	0	0	-1.00	-3.75	1.087912	4.712674	0.641589	4.672203	1	4.521729	102.406670
5091	1000	26	27	32	0	5	7	0	2	0	0	0	0	0	0	0	-1.00	-3.75	1.087912	4.714286	0.643015	4.705285	1	4.576023	102.406670
5092	1000	31	30	32	0	12	7	0	8	0	0	3	0	0	0	0	-1.00	-3.75	1.088718	4.715898	0.640164	4.621089	1	4.687219	102.406670
5093	1000	23	24	24	0	4	4	0	2	0	0	0	0	0	0	0	-1.00	-3.75	1.087106	4.706227	0.640164	4.657147	1	4.684249	102.406670
5094	1000	25	30	28	0	4	3	0	5	0	0	0	0	0	0	0	-1.00	-3.75	1.087106	4.712674	0.641589	4.672203	1	4.654164	102.406670
5095	1000	24	26	30	0	6	7	0	2	0	0	0	0	0	0	0	-1.00	-3.75	1.088718	4.715898	0.643015	4.699259	1	4.687219	102.406670
5096	1000	44	41	37	0	15	11	0	7	0	0	3	0	0	0	0	-1.00	-3.75	1.087912	4.715898	0.641589	4.660172	1	4.660172	102.406670
5097	1000	39	44	40	0	8	13	0	8	0	0	1	0	0	0	0	-1.00	-3.75	1.087106	4.717509	0.641589	4.654164	1	4.690278	102.406670
5098	1000	21	29	23	0	7	1	0	5	0	0	0	0	0	0	0	-1.00	-3.75	1.087106	4.712674	0.641589	4.672203	1	4.660172	102.406670
5099	1000	37	28	24	0	7	8	0	2	0	0	0	0	0	0	0	-1.00	-3.75	1.087912	4.712674	0.641589	4.672203	1	4.672203	102.406670
5100	1000	30	34	42	0	10	9	0	4	0	0	0	0	0	0	0	-1.00	-3.75	1.087106	4.712674	0.643015	4.711315	1	4.660172	102.406670
5101	1000	33	33	34	0	7	9	0	5	0	0	0	0	0	0	0	-1.00	-3.75	1.087106	4.712674	0.640164	4.633092	1	4.587991	102.406670
5102	1000	33	37	32	0	9	10	0	9	0	0	2	0	0	0	0	-1.00	-3.75	1.086300	4.706227	0.640164	4.657147	1	4.645112	102.406670
5103	1000	35	33	26	0	9	12	0	1	0	0	0	0	0	0	0	-1.00	-3.75	1.086300	4.711062	0.640164	4.639100	1	4.627089	102.406670
5104	1000	32	33	25	0	6	8	0	4	0	0	1	0	0	0	0	-1.00	-3.75	1.087106	4.715898	0.640164	4.621089	1	4.609102	102.406670
5105	1000	38	31	32	0	8	8	0	8	0	0	1	0	0	0	0	-1.00	-3.75	1.086300	4.714286	0.640164	4.627089	1	4.582006	102.406670
5106	1000	25	30	33	0	10	7	0	7	0	0	1	0	0	0	0	-1.00	-3.75	1.085495	4.707839	0.637312	4.572826	1	4.617984	102.406670
5107	1000	26	23	23	0	7	5	0	2	0	0	0	0	0	0	0	-1.00	-3.75	1.085495	4.711062	0.640164	4.639100	1	4.627089	102.406670
5108	1000	29	27	30	0	6	9	0	4	0	0	0	0	0	0	0	-1.00	-3.75	1.086300	4.712674	0.640164	4.633092	1	4.621089	102.406670
5109	1000	31	26	33	0	2	14	0	4	0	0	0	0	0	0	0	-1.00	-3.75	1.085495	4.711062	0.640164	4.639100	1	4.593981	102.406670
5110	1000	26	32	25	0	6	8	0	4	0	0	0	0	0	0	0	-1.00	-3.75	1.085495	4.712674	0.638738	4.593981	1	4.593981	102.406670
5111	1000	31	31	30	0	8	10	0	4	0	0	1	0	0	0	0	-1.00	-3.75	1.086300	4.711062	0.640164	4.639100	1	4.672203	102.406670
5112	1000	28	25	35	0	11	10	0	3	0	0	1	0	0	0	0	-1.00	-3.75	1.084689	4.711062	0.638738	4.599976	1	4.593981	102.406670
5113	1000	32	33	38	0	9	11	0	4	0	0	0	0	0	0	0	-1.00	-3.75	1.085495	4.714286	0.641589	4.666186	1	4.615094	102.406670
5114	1000	31	29	27	0	8	8	0	2	0	0	0	0	0	0	0	-1.00	-3.75	1.085495	4.711062	0.638738	4.599976	1	4.633092	102.406670
5115	1000	52	39	33	0	21	12	0	6	0	0	3	0	0	0	0	-1.00	-3.75	1.083883	4.707839	0.633035	4.455374	1	4.578820	102.406670
5116	1000	33	24	33	0	2	9	0	3	0	0	0	0	0	0	0	-1.00	-3.75	1.084689	4.712674	0.637312	4.554871	1	4.542922	102.406670
5117	1000	42	34	35	0	10	9	0	6	0	0	0	0	0	0	0	-1.00	-3.75	1.084689	4.712674	0.637312	4.554871	1	4.503838	102.406670
5118	1000	40	37	33	0	8	13	0	4	0	0	0	0	0	0	0	-1.00	-3.75	1.083883	4.711062	0.637312	4.560852	1	4.443480	102.406670
5119	1000	34	36	34	0	8	8	0	0	0	0	0	0	0	0	0	-1.00	-3.75	1.084689	4.714286	0.637312	4.548895	1	4.572826	102.406670
5120	1000	25	28	44	0	8	9	0	7	0	0	0	0	0	0	0	-1.00	-3.75	1.083077	4.706227	0.637312	4.578820	1	4.599976	102.406670
5121	1000	28	28	27	0	7	5	0	8	0	0	0	0	0	0	0	-1.00	-3.75	1.083077	4.707839	0.637312	4.572826	1	4.560852	102.406670
5122	1000	35	25	32	0	4	12	0	4	0	0	0	0	0	0	0	-1.00	-3.75	1.084689	4.712674	0.637312	4.554871	1	4.425669	102.406670
5123	1000	39	39	34	0	12	12	0	7	0	0	2	0	0	0	0	-1.00	-3.75	1.083077	4.709451	0.637312	4.566838	1	4.521729	102.406670
5124	1000	37	24	31	0	8	11	0	3	0	0	1	0	0	0	0	-1.00	-3.75	1.083077	4.706227	0.638738	4.617984	1	4.572826	102.406670
5125	1000	32	34	25	0	11	6	0	5	0	0	0	0	0	0	0	-1.00	-3.75	1.083077	4.707839	0.637312	4.572826	1	4.560852	102.406670
5126	1000	26	16	17	0	6	5	0	2	0	0	1	0	0	0	0	-1.00	-3.75	1.083883	4.712674	0.638738	4.593981	1	4.587991	102.406670
5127	1000	24	33	25	0	6	7	0	2	0	0	0	0	0	0	0	-1.00	-3.75	1.083883	4.712674	0.635886	4.515761	1	4.494525	102.406670
5128	1000	26	35	26	0	8	6	0	6	0	0	2	0	0	0	0	-1.00	-3.75	1.083077	4.711062	0.630183	4.365232	1	4.467283	102.406670
5129	1000	26	29	28	0	6	3	0	6	0	0	0	0	0	0	0	-1.00	-3.75	1.082271	4.707839	0.635886	4.533677	1	4.521729	102.406670
5130	1000	32	31	37	0	9	8	0	6	0	0	1	0	0	0	0	-1.00	-3.75	1.083077	4.711062	0.635886	4.521729	1	4.437539	102.406670
5131	1000	41	33	36	0	10	13	0	7	0	0	4	0	0	0	0	-1.00	-3.75	1.083077	4.711062	0.634461	4.482605	1	4.470700	102.406670
5132	1000	38	27	29	0	8	9	0	5	0	0	1	0	0	0	0	-1.00	-3.75	1.082271	4.707839	0.634461	4.494525	1	4.494525	102.406670
5133	1000	29	35	30	0	7	11	0	4	0	0	1	0	0	0	0	-1.00	-3.75	1.082271	4.707839	0.657273	5.120939	1	4.494525	102.406670
5134	1000	19	23	24	0	3	7	0	2	0	0	0	0	0	0	0	-1.00	-3.75	1.080659	4.704616	0.634461	4.506463	1	4.494525	102.406670
5135	1000	29	28	27	0	7	6	0	4	0	0	0	0	0	0	0	-1.00	-3.75	1.083077	4.711062	0.634461	4.482605	1	4.470700	102.406670
5136	1000	29	21	26	0	8	6	0	2	0	0	0	0	0	0	0	-1.00	-3.75	1.083077	4.712674	0.635886	4.515761	1	4.515761	102.406670
5137	1000	31	31	33	0	9	8	0	3	0	0	0	0	0	0	0	-1.00	-3.75	1.082271	4.707839	0.627332	4.298771	1	4.512437	102.406670
5138	1000	37	27	29	0	8	7	0	4	0	0	0	0	0	0	0	-1.00	-3.75	1.080659	4.699780	0.634461	4.524399	1	4.551627	102.406670
5139	1000	29	27	29	0	7	11	0	5	0	0	3	0	0	0	0	-1.00	-3.75	1.081465	4.707839	0.635886	4.533677	1	4.494525	102.406670
5140	1000	40	39	34	0	14	8	0	5	0	0	0	0	0	0	0	-1.00	-3.75	1.082271	4.711062	0.634461	4.482605	1	4.548895	102.406670
5141	1000	32	25	25	0	4	11	0	1	0	0	0	0	0	0	0	-1.00	-3.75	1.081465	4.711062	0.634461	4.482605	1	4.521729	102.406670
5142	1000	23	30	32	0	9	6	0	9	0	0	2	0	0	0	0	-1.00	-3.75	1.080659	4.704616	0.630183	4.388929	1	4.506463	102.406670
5143	1000	36	23	26	0	9	14	0	0	0	0	0	0	0	0	0	-1.00	-3.75	1.081465	4.707839	0.634461	4.494525	1	4.443480	102.406670
5144	1000	30	31	29	0	6	7	0	5	0	0	0	0	0	0	0	-1.00	-3.75	1.079854	4.704616	0.631609	4.428106	1	4.410287	102.406670
5145	1000	34	41	25	0	12	6	0	8	0	0	1	0	0	0	0	-1.00	-3.75	1.081465	4.711062	0.634461	4.482605	1	4.443480	102.406670
5146	1000	29	30	20	0	9	3	0	6	0	0	0	0	0	0	0	-1.00	-3.75	1.082271	4.712674	0.658698	5.141533	1	4.422163	102.406670
5147	1000	27	30	30	0	7	6	0	8	0	0	0	0	0	0	0	-1.00	-3.75	1.080659	4.707839	0.633035	4.455374	1	4.443480	102.406670
5148	1000	24	30	33	0	7	8	0	8	0	0	0	0	0	0	0	-1.00	-3.75	1.080659	4.707839	0.631609	4.416222	1	4.281098	102.406670
5149	1000	31	30	24	0	10	8	0	5	0	0	0	0	0	0	0	-1.00	-3.75	1.080659	4.709451	0.633035	4.449425	1	4.437539	102.406670
5150	1000	29	25	32	0	4	7	0	8	0	0	0	0	0	0	0	-1.00	-3.75	1.079854	4.706227	0.631609	4.422163	1	4.416222	102.406670
5151	1000	33	34	29	0	9	9	0	5	0	0	0	0	0	0	0	-1.00	-3.75	1.079854	4.706227	0.630183	4.382998	1	4.382998	102.406670
5152	1000	29	25	33	0	6	9	0	4	0	0	0	0	0	0	0	-1.00	-3.75	1.079048	4.704616	0.631609	4.428106	1	4.416222	102.406670
5153	1000	32	22	28	0	8	11	0	3	0	0	0	0	0	0	0	-1.00	-3.75	1.079854	4.706227	0.631609	4.422163	1	4.410287	102.406670
5154	1000	32	29	33	0	6	8	0	3	0	0	1	0	0	0	0	-1.00	-3.75	1.079854	4.707839	0.633035	4.455374	1	4.416222	102.406670
5155	1000	17	25	30	0	4	4	0	4	0	0	0	0	0	0	0	-1.00	-3.75	1.080659	4.712674	0.628758	4.320208	1	4.461327	102.406670
5156	1000	34	26	33	0	5	9	0	4	0	0	1	0	0	0	0	-1.00	-3.75	1.079048	4.706227	0.633035	4.461327	1	4.449425	102.406670
5157	1000	22	31	37	0	7	5	0	12	0	0	0	0	0	0	0	-1.00	-3.75	1.079854	4.707839	0.631609	4.416222	1	4.337923	102.406670
5158	1000	28	37	36	0	10	6	0	9	0	0	1	0	0	0	0	-1.00	-3.75	1.080659	4.709451	0.627332	4.292876	1	4.259619	102.406670
5159	1000	30	40	33	0	10	8	0	9	0	0	0	0	0	0	0	-1.00	-3.75	1.080659	4.709451	0.628758	4.332012	1	4.365232	102.406670
5160	1000	26	26	26	0	7	7	0	6	0	0	2	0	0	0	0	-1.00	-3.75	1.079048	4.703004	0.628758	4.355673	1	4.349752	102.406670
5161	1000	24	29	31	0	5	3	0	5	0	0	0	0	0	0	0	-1.00	-3.75	1.078242	4.706227	0.630183	4.382998	1	4.332012	102.406670
5162	1000	25	25	36	0	5	7	0	5	0	0	1	0	0	0	0	-1.00	-3.75	1.079048	4.707839	0.628758	4.337923	1	4.326108	102.406670
5163	1000	28	31	35	0	6	12	0	6	0	0	1	0	0	0	0	-1.00	-3.75	1.079048	4.704616	0.631609	4.428106	1	4.343834	102.406670
5164	1000	36	39	30	0	11	11	0	3	0	0	0	0	0	0	0	-1.00	-3.75	1.078242	4.704616	0.628758	4.349752	1	4.367527	102.406670
5165	1000	29	29	42	0	8	11	0	10	0	0	0	0	0	0	0	-1.00	-3.75	1.078242	4.703004	0.628758	4.355673	1	4.343834	102.406670
5166	1000	30	28	24	0	10	7	0	1	0	0	0	0	0	0	0	-1.00	-3.75	1.077436	4.704616	0.628758	4.349752	1	4.394863	102.406670
5167	1000	25	15	40	0	4	8	0	4	0	0	0	0	0	0	0	-1.00	-3.75	1.078242	4.706227	0.628758	4.343834	1	4.332012	102.406670
5168	1000	26	27	31	0	7	8	0	4	0	0	1	0	0	0	0	-1.00	-3.75	1.078242	4.706227	0.630183	4.382998	1	4.377072	102.406670
5169	1000	24	32	22	0	6	4	0	4	0	0	0	0	0	0	0	-1.00	-3.75	1.076630	4.701392	0.627332	4.322393	1	4.394863	102.406670
5170	1000	35	35	28	0	14	7	0	5	0	0	0	0	0	0	0	-1.00	-3.75	1.078242	4.707839	0.630183	4.377072	1	4.365232	102.406670
5171	1000	27	37	27	0	4	8	0	7	0	0	1	0	0	0	0	-1.00	-3.75	1.077436	4.704616	0.630183	4.388929	1	4.343834	102.406670
5172	1000	36	30	24	0	12	8	0	5	0	0	2	0	0	0	0	-1.00	-3.75	1.077436	4.704616	0.628758	4.349752	1	4.349752	102.406670
5173	1000	22	42	34	0	8	7	0	11	0	0	1	0	0	0	0	-1.00	-3.75	1.076630	4.701392	0.631609	4.440006	1	4.334229	102.406670
5174	1000	36	30	26	0	11	5	0	6	0	0	1	0	0	0	0	-1.00	-3.75	1.075824	4.699780	0.627332	4.328309	1	4.349752	102.406670
5175	1000	26	30	29	0	6	9	0	5	0	0	0	0	0	0	0	-1.00	-3.75	1.077436	4.704616	0.627332	4.310574	1	4.298771	102.406670
5176	1000	34	40	29	0	12	9	0	6	0	0	0	0	0	0	0	-1.00	-3.75	1.076630	4.704616	0.628758	4.349752	1	4.148014	102.406670
5177	1000	29	30	36	0	8	13	0	9	0	0	1	0	0	0	0	-1.00	-3.75	1.076630	4.704616	0.627332	4.310574	1	4.265505	102.406670
5178	1000	28	29	33	0	4	6	0	3	0	0	0	0	0	0	0	-1.00	-3.75	1.077436	4.703004	0.628758	4.355673	1	4.310574	102.406670
5179	1000	35	29	31	0	8	12	0	7	0	0	2	0	0	0	0	-1.00	-3.75	1.075824	4.699780	0.627332	4.328309	1	4.277290	102.406670
5180	1000	27	29	31	0	5	9	0	6	0	0	0	0	0	0	0	-1.00	-3.75	1.077436	4.707839	0.627332	4.298771	1	4.286984	102.406670
5181	1000	34	27	18	0	6	9	0	1	0	0	0	0	0	0	0	-1.00	-3.75	1.076630	4.706227	0.627332	4.304670	1	4.298771	102.406670
5182	1000	21	24	26	0	4	1	0	7	0	0	0	0	0	0	0	-1.00	-3.75	1.077436	4.703004	0.638738	4.630009	1	4.334229	102.406670
5183	1000	31	24	27	0	7	11	0	4	0	0	1	0	0	0	0	-1.00	-3.75	1.075824	4.699780	0.628758	4.367527	1	4.349752	102.406670
5184	1000	31	37	39	0	6	13	0	8	0	0	0	0	0	0	0	-1.00	-3.75	1.076630	4.706227	0.627332	4.304670	1	4.298771	102.406670
5185	1000	30	24	19	0	8	4	0	3	0	0	0	0	0	0	0	-1.00	-3.75	1.075824	4.704616	0.625906	4.271395	1	4.214600	102.406670
5186	1000	31	21	31	0	9	11	0	4	0	0	1	0	0	0	0	-1.00	-3.75	1.076630	4.706227	0.627332	4.304670	1	4.259619	102.406670
5187	1000	38	24	28	0	8	11	0	4	0	0	1	0	0	0	0	-1.00	-3.75	1.075824	4.698169	0.624480	4.255765	1	4.277290	102.406670
5188	1000	26	33	26	0	6	8	0	5	0	0	1	0	0	0	0	-1.00	-3.75	1.075824	4.704616	0.625906	4.271395	1	4.292876	102.406670
5189	1000	33	31	34	0	8	6	0	5	0	0	0	0	0	0	0	-1.00	-3.75	1.075018	4.703004	0.623055	4.198908	1	4.271395	102.406670
5190	1000	35	25	32	0	5	12	0	3	0	0	0	0	0	0	0	-1.00	-3.75	1.075824	4.707839	0.624480	4.220468	1	4.220468	102.406670
5191	1000	23	34	26	0	10	4	0	5	0	0	1	0	0	0	0	-1.00	-3.75	1.076630	4.703004	0.624480	4.238098	1	4.249872	102.406670
5192	1000	36	39	30	0	15	12	0	5	0	0	1	0	0	0	0	-1.00	-3.75	1.074212	4.699780	0.624480	4.249872	1	4.193041	102.406670
5193	1000	15	27	28	0	3	3	0	7	0	0	0	0	0	0	0	-1.00	-3.75	1.075824	4.706227	0.625906	4.265505	1	4.214600	102.406670
5194	1000	24	22	23	0	6	3	0	5	0	0	1	0	0	0	0	-1.00	-4.00	1.075018	4.706227	0.625906	4.265505	1	4.310574	102.406670
5195	1000	23	15	28	0	2	8	0	3	0	0	0	0	0	0	0	-1.00	-4.00	1.074212	4.701392	0.621629	4.165574	1	4.306820	102.406670
5196	1000	39	37	28	0	13	6	0	5	0	0	0	0	0	0	0	-1.00	-4.00	1.074212	4.701392	0.625906	4.283187	1	4.265505	102.406670
5197	1000	34	29	41	0	5	9	0	9	0	0	0	0	0	0	0	-1.00	-4.00	1.074212	4.703004	0.625906	4.277290	1	4.108850	102.406670
5198	1000	33	25	38	0	6	8	0	9	0	0	0	0	0	0	0	-1.00	-4.00	1.075018	4.704616	0.624480	4.232217	1	4.220468	102.406670
5199	1000	30	36	31	0	6	12	0	6	0	0	0	0	0	0	0	-1.00	-4.00	1.074212	4.703004	0.624480	4.238098	1	4.271395	102.406670
5200	1000	22	23	31	0	4	4	0	8	0	0	0	0	0	0	0	-1.00	-3.75	1.075018	4.699780	0.620203	4.132219	1	4.255765	102.406670
5201	1000	28	17	20	0	7	5	0	3	0	0	0	0	0	0	0	-1.00	-4.00	1.073407	4.699780	0.625906	4.289090	1	4.232217	102.406670
5202	1000	30	25	35	0	9	8	0	4	0	0	0	0	0	0	0	-1.00	-4.00	1.073407	4.699780	0.624480	4.249872	1	4.198908	102.406670
5203	1000	32	35	27	0	8	8	0	5	0	0	0	0	0	0	0	-1.00	-4.00	1.074212	4.703004	0.623055	4.198908	1	4.277290	102.406670
5204	1000	30	36	34	0	7	10	0	6	0	0	1	0	0	0	0	-1.00	-4.00	1.074212	4.703004	0.618777	4.081335	1	4.216534	102.406670
5205	1000	31	17	25	0	8	10	0	4	0	0	1	0	0	0	0	-1.00	-4.00	1.072601	4.698169	0.623055	4.216534	1	4.204778	102.406670
5206	1000	25	37	33	0	9	9	0	8	0	0	1	0	0	0	0	-1.00	-4.00	1.073407	4.703004	0.621629	4.159717	1	4.187177	102.406670
5207	1000	35	22	26	0	4	9	0	4	0	0	0	0	0	0	0	-1.00	-4.00	1.074212	4.706227	0.621629	4.148014	1	4.181318	102.406670
5208	1000	29	31	28	0	8	7	0	8	0	0	0	0	0	0	0	-1.00	-4.00	1.073407	4.701392	0.623055	4.204778	1	4.198908	102.406670
5209	1000	27	26	27	0	8	7	0	5	0	0	2	0	0	0	0	-1.00	-3.75	1.074212	4.698169	0.618777	4.098840	1	4.189047	102.406670
5210	1000	34	34	27	0	9	7	0	10	0	0	2	0	0	0	0	-1.00	-4.00	1.072601	4.701392	0.623055	4.204778	1	4.187177	102.406670
5211	1000	23	22	28	0	6	5	0	4	0	0	0	0	0	0	0	-1.00	-4.00	1.072601	4.699780	0.621629	4.171437	1	4.159717	102.406670
5212	1000	35	27	32	0	9	10	0	4	0	0	0	0	0	0	0	-1.00	-4.00	1.074212	4.706227	0.623055	4.187177	1	4.159717	102.406670
5213	1000	25	34	27	0	9	6	0	11	0	0	1	0	0	0	0	-1.00	-4.00	1.072601	4.701392	0.620203	4.126370	1	4.189047	102.406670
5214	1000	29	35	39	0	8	11	0	5	0	0	1	0	0	0	0	-1.00	-4.00	1.071795	4.699780	0.623055	4.210654	1	4.159717	102.406670
5215	1000	24	31	32	0	8	8	0	2	0	0	0	0	0	0	0	-1.00	-4.00	1.073407	4.704616	0.623055	4.193041	1	4.181318	102.406670
5216	1000	42	39	37	0	10	10	0	5	0	0	1	0	0	0	0	-1.00	-4.00	1.072601	4.699780	0.623055	4.210654	1	4.159717	102.406670
5217	1000	39	36	37	0	14	6	0	4	0	0	0	0	0	0	0	-1.00	-4.00	1.071795	4.701392	0.621629	4.165574	1	4.198908	102.406670
5218	1000	39	33	27	0	12	5	0	3	0	0	0	0	0	0	0	-1.00	-4.00	1.071795	4.698169	0.618777	4.098840	1	4.216534	102.406670
5219	1000	26	33	31	0	4	6	0	6	0	0	0	0	0	0	0	-1.00	-4.00	1.071795	4.699780	0.620203	4.132219	1	4.081335	102.406670
5220	1000	37	40	38	0	11	12	0	5	0	0	0	0	0	0	0	-1.00	-4.00	1.070989	4.693334	0.620203	4.155653	1	4.138071	102.406670
5221	1000	23	25	28	0	9	5	0	5	0	0	1	0	0	0	0	-1.00	-4.00	1.072601	4.704616	0.620203	4.114686	1	4.108850	102.406670
5222	1000	22	22	29	0	5	6	0	3	0	0	0	0	0	0	0	-1.00	-4.00	1.071795	4.703004	0.617351	4.042143	1	4.138071	102.406670
5223	1000	30	37	23	0	10	7	0	6	0	0	1	0	0	0	0	-1.00	-4.00	1.070989	4.699780	0.620203	4.132219	1	4.120527	102.406670
5224	1000	38	30	28	0	8	10	0	0	0	0	0	0	0	0	0	-1.00	-4.00	1.070989	4.699780	0.621629	4.171437	1	4.008756	102.406670
5225	1000	26	28	23	0	8	6	0	4	0	0	0	0	0	0	0	-1.00	-4.00	1.070989	4.699780	0.621629	4.171437	1	4.120527	102.406670
5226	1000	37	37	37	0	10	13	0	9	0	0	2	0	0	0	0	-1.00	-4.00	1.071795	4.703004	0.620203	4.120527	1	4.153863	102.406670
5227	1000	31	28	27	0	7	4	0	3	0	0	0	0	0	0	0	-1.00	-4.00	1.070989	4.694945	0.617351	4.071270	1	4.177302	102.406670
5228	1000	38	28	35	0	6	6	0	1	0	0	0	0	0	0	0	-1.00	-4.00	1.070989	4.701392	0.620203	4.126370	1	4.120527	102.406670
5229	1000	39	38	18	0	14	6	0	2	0	0	1	0	0	0	0	-1.00	-4.00	1.070989	4.701392	0.620203	4.126370	1	4.075508	102.406670
5230	1000	16	30	20	0	6	2	0	4	0	0	0	0	0	0	0	-1.00	-4.00	1.070989	4.701392	0.618777	4.087166	1	4.053782	102.406670
5231	1000	30	32	30	0	8	10	0	6	0	0	0	0	0	0	0	-1.00	-4.00	1.070989	4.701392	0.627332	4.322393	1	4.143928	102.406670
5232	1000	24	23	23	0	6	6	0	2	0	0	0	0	0	0	0	-1.00	-4.00	1.068571	4.693334	0.617351	4.077108	1	4.098840	102.406670
5233	1000	37	35	27	0	11	9	0	8	0	0	1	0	0	0	0	-1.00	-4.00	1.070989	4.703004	0.617351	4.042143	1	4.030520	102.406670
5234	1000	35	28	34	0	11	8	0	3	0	0	0	0	0	0	0	-1.00	-4.00	1.070989	4.701392	0.617351	4.047961	1	4.042143	102.406670
5235	1000	25	32	31	0	5	7	0	3	0	0	0	0	0	0	0	-1.00	-4.00	1.070183	4.699780	0.617351	4.053782	1	4.047961	102.406670
5236	1000	35	30	33	0	12	8	0	5	0	0	0	0	0	0	0	-1.00	-4.00	1.069377	4.696557	0.613074	3.947702	1	4.065437	102.406670
5237	1000	37	38	42	0	7	11	0	6	0	0	0	0	0	0	0	-1.00	-4.00	1.070183	4.699780	0.618777	4.093001	1	4.042143	102.406670
5238	1000	33	32	26	0	11	8	0	5	0	0	0	0	0	0	0	-1.00	-4.00	1.070183	4.699780	0.617351	4.053782	1	4.087166	102.406670
5239	1000	27	30	26	0	8	9	0	6	0	0	1	0	0	0	0	-1.00	-4.00	1.070183	4.701392	0.618777	4.087166	1	4.075508	102.406670
5240	1000	24	30	26	0	8	5	0	5	0	0	1	0	0	0	0	-1.00	-4.00	1.070183	4.704616	0.662976	5.290016	1	4.059607	102.406670
5241	1000	34	23	33	0	7	9	0	5	0	0	2	0	0	0	0	-1.00	-4.00	1.068571	4.694945	0.617351	4.071270	1	4.132219	102.406670
5242	1000	26	33	25	0	10	5	0	5	0	0	0	0	0	0	0	-1.00	-4.00	1.069377	4.701392	0.617351	4.047961	1	4.008756	102.406670
5243	1000	18	33	23	0	8	2	0	5	0	0	1	0	0	0	0	-1.00	-4.00	1.069377	4.698169	0.618777	4.098840	1	3.891143	102.406670
5244	1000	28	26	28	0	8	8	0	2	0	0	0	0	0	0	0	-1.00	-4.00	1.068571	4.698169	0.615926	4.020376	1	4.059607	102.406670
5245	1000	24	27	28	0	6	5	0	5	0	0	0	0	0	0	0	-1.00	-4.00	1.068571	4.693334	0.615926	4.037836	1	4.065437	102.406670
5246	1000	32	27	26	0	8	8	0	4	0	0	0	0	0	0	0	-1.00	-4.00	1.067766	4.696557	0.618777	4.104682	1	4.053782	102.406670
5247	1000	24	30	28	0	5	5	0	8	0	0	0	0	0	0	0	-1.00	-4.00	1.068571	4.698169	0.614500	3.981146	1	3.936129	102.406670
5248	1000	27	21	29	0	7	6	0	4	0	0	0	0	0	0	0	-1.00	-4.00	1.069377	4.699780	0.614500	3.975346	1	3.930348	102.406670
5249	1000	29	21	36	0	5	8	0	4	0	0	1	0	0	0	0	-1.00	-4.00	1.068571	4.696557	0.613074	3.947702	1	4.032012	102.406670
5250	1000	28	28	34	0	3	8	0	5	0	0	0	0	0	0	0	-1.00	-4.00	1.067766	4.696557	0.617351	4.065437	1	4.053782	102.406670
5251	1000	33	33	31	0	10	6	0	6	0	0	1	0	0	0	0	-1.00	-4.00	1.067766	4.696557	0.617351	4.065437	1	3.981146	102.406670
5252	1000	29	32	36	0	13	7	0	10	0	0	0	0	0	0	0	-1.00	-4.00	1.068571	4.699780	0.615926	4.014564	1	4.002952	102.406670
5253	1000	29	28	17	0	8	2	0	1	0	0	0	0	0	0	0	-1.00	-4.00	1.068571	4.699780	0.614500	3.975346	1	3.975346	102.406670
5254	1000	27	24	26	0	8	7	0	2	0	0	0	0	0	0	0	-1.00	-4.00	1.068571	4.696557	0.613074	3.947702	1	3.981146	102.406670
5255	1000	28	25	14	0	9	3	0	1	0	0	0	0	0	0	0	-1.00	-4.00	1.067766	4.696557	0.615926	4.026192	1	4.014564	102.406670
5257	1000	31	39	42	0	6	11	0	10	0	0	1	0	0	0	0	-1.00	-4.00	1.067766	4.698169	0.615926	4.020376	1	4.008756	102.406670
5258	1000	35	35	25	0	15	11	0	4	0	0	2	0	0	0	0	-1.00	-4.00	1.067766	4.696557	0.615926	4.026192	1	3.941914	102.406670
5259	1000	36	27	33	0	8	9	0	5	0	0	1	0	0	0	0	-1.00	-4.00	1.068571	4.701392	0.608797	3.812733	1	4.059607	102.406670
5260	1000	37	28	34	0	14	12	0	3	0	0	2	0	0	0	0	-1.00	-4.00	1.066960	4.694945	0.615926	4.032012	1	3.975346	102.406670
5261	1000	41	33	38	0	6	12	0	3	0	0	0	0	0	0	0	-1.00	-4.00	1.067766	4.698169	0.615926	4.020376	1	4.020376	102.406670
5262	1000	29	25	38	0	7	8	0	7	0	0	0	0	0	0	0	-1.00	-4.00	1.067766	4.699780	0.615926	4.014564	1	3.930348	102.406670
5263	1000	25	35	35	0	5	3	0	10	0	0	0	0	0	0	0	-1.00	-4.00	1.066960	4.696557	0.614500	3.986948	1	3.975346	102.406670
5264	1000	19	28	32	0	2	6	0	8	0	0	1	0	0	0	0	-1.00	-4.00	1.066154	4.688498	0.614500	4.016020	1	4.010198	102.406670
5265	1000	22	23	32	0	4	10	0	6	0	0	0	0	0	0	0	-1.00	-4.00	1.066154	4.694945	0.614500	3.992754	1	4.026192	102.406670
5266	1000	34	30	37	0	6	15	0	3	0	0	0	0	0	0	0	-1.00	-4.00	1.066960	4.698169	0.615926	4.020376	1	4.008756	102.406670
5267	1000	38	28	28	0	12	13	0	5	0	0	1	0	0	0	0	-1.00	-4.00	1.066960	4.698169	0.613074	3.941914	1	3.936129	102.406670
5268	1000	31	31	26	0	10	10	0	2	0	0	1	0	0	0	0	-1.00	-4.00	1.066960	4.694945	0.624480	4.267562	1	3.965093	102.406670
5269	1000	27	24	29	0	6	8	0	3	0	0	0	0	0	0	0	-1.00	-4.00	1.065348	4.690110	0.613074	3.970899	1	3.914237	102.406670
5270	1000	30	27	36	0	7	6	0	6	0	0	0	0	0	0	0	-1.00	-4.00	1.066154	4.694945	0.611648	3.914237	1	3.941914	102.406670
5271	1000	37	29	29	0	9	11	0	3	0	0	1	0	0	0	0	-1.50	-4.00	1.066154	4.698169	0.611648	3.902682	1	3.959293	102.406670
5272	1000	25	33	38	0	3	11	0	6	0	0	0	0	0	0	0	-1.50	-4.00	1.066154	4.698169	0.608797	3.824219	1	3.931601	102.406670
5273	1000	26	19	42	0	6	8	0	6	0	0	0	0	0	0	0	-1.00	-4.00	1.064542	4.690110	0.610223	3.892302	1	3.953497	102.406670
5274	1000	22	26	23	0	3	4	0	5	0	0	0	0	0	0	0	-1.00	-4.00	1.064542	4.691722	0.613074	3.965093	1	3.841476	102.406670
5275	1000	32	36	33	0	11	10	0	6	0	0	2	0	0	0	0	-1.00	-4.00	1.065348	4.694945	0.613074	3.953497	1	3.941914	102.406670
5276	1000	32	30	28	0	12	4	0	1	0	0	0	0	0	0	0	-1.50	-4.00	1.065348	4.694945	0.611648	3.914237	1	3.947702	102.406670
5277	1000	33	28	30	0	9	7	0	2	0	0	1	0	0	0	0	-1.50	-4.00	1.065348	4.693334	0.655847	5.137449	1	3.959293	102.406670
5278	1000	22	25	27	0	5	6	0	5	0	0	0	0	0	0	0	-1.50	-4.00	1.064542	4.693334	0.611648	3.920021	1	3.947702	102.406670
5279	1000	30	28	28	0	7	7	0	9	0	0	0	0	0	0	0	-1.00	-4.00	1.065348	4.694945	0.613074	3.953497	1	3.941914	102.406670
5280	1000	29	27	19	0	11	7	0	4	0	0	1	0	0	0	0	-1.50	-4.00	1.065348	4.693334	0.610223	3.880749	1	3.953497	102.406670
5281	1000	32	35	29	0	12	6	0	3	0	0	0	0	0	0	0	-1.50	-4.00	1.064542	4.694945	0.650144	4.974215	1	3.853002	102.406670
5282	1000	25	27	31	0	7	9	0	7	0	0	1	0	0	0	0	-1.50	-4.00	1.064542	4.693334	0.607371	3.802205	1	3.908458	102.406670
5283	1000	32	25	25	0	6	6	0	3	0	0	0	0	0	0	0	-1.50	-4.00	1.065348	4.694945	0.608797	3.835720	1	3.857693	102.406670
5284	1000	32	24	29	0	4	9	0	5	0	0	0	0	0	0	0	-1.50	-4.00	1.065348	4.698169	0.611648	3.902682	1	3.851939	102.406670
5285	1000	31	32	34	0	10	7	0	6	0	0	0	0	0	0	0	-1.50	-4.00	1.065348	4.696557	0.611648	3.908458	1	3.863452	102.406670
5286	1000	28	35	28	0	12	7	0	6	0	0	1	0	0	0	0	-1.50	-4.00	1.063736	4.691722	0.608797	3.847237	1	3.853002	102.406670
5287	1000	29	27	30	0	6	6	0	5	0	0	0	0	0	0	0	-1.50	-4.00	1.063736	4.693334	0.611648	3.920021	1	3.902682	102.406670
5288	1000	39	35	29	0	11	8	0	3	0	0	0	0	0	0	0	-1.50	-4.00	1.063736	4.691722	0.608797	3.847237	1	3.874979	102.406670
5289	1000	36	37	31	0	10	13	0	4	0	0	2	0	0	0	0	-1.50	-4.00	1.064542	4.696557	0.611648	3.908458	1	3.863452	102.406670
5290	1000	28	28	44	0	3	14	0	11	0	0	2	0	0	0	0	-1.50	-4.00	1.064542	4.694945	0.607371	3.796463	1	3.892302	102.406670
5291	1000	27	23	32	0	4	7	0	6	0	0	0	0	0	0	0	-1.50	-4.25	1.062930	4.693334	0.611648	3.920021	1	3.874979	102.406670
5292	1000	26	36	28	0	9	6	0	4	0	0	1	0	0	0	0	-1.50	-4.25	1.063736	4.694945	0.610223	3.874979	1	3.745756	102.406670
5293	1000	33	27	29	0	7	9	0	5	0	0	0	0	0	0	0	-1.50	-4.00	1.063736	4.693334	0.610223	3.880749	1	3.829967	102.406670
5294	1000	30	25	23	0	11	8	0	5	0	0	1	0	0	0	0	-1.50	-4.25	1.062930	4.694945	0.611648	3.914237	1	3.874979	102.406670
5295	1000	36	33	30	0	7	13	0	11	0	0	2	0	0	0	0	-1.50	-4.25	1.062930	4.690110	0.607371	3.813703	1	3.892302	102.406670
5296	1000	38	29	28	0	11	7	0	8	0	0	0	0	0	0	0	-1.50	-4.25	1.062930	4.691722	0.605945	3.768667	1	3.874979	102.406670
5297	1000	34	31	39	0	9	9	0	8	0	0	1	0	0	0	0	-1.50	-4.25	1.062930	4.693334	0.607371	3.802205	1	3.796463	102.406670
5298	1000	30	30	42	0	5	8	0	8	0	0	1	0	0	0	0	-1.50	-4.00	1.063736	4.693334	0.607371	3.802205	1	3.802205	102.406670
5299	1000	38	26	33	0	9	12	0	9	0	0	1	0	0	0	0	-1.50	-4.25	1.063736	4.694945	0.603094	3.678688	1	3.819459	102.406670
5300	1000	32	27	22	0	8	4	0	2	0	0	0	0	0	0	0	-1.50	-4.25	1.062125	4.690110	0.608797	3.853002	1	3.841476	102.406670
5301	1000	28	25	22	0	8	3	0	3	0	0	0	0	0	0	0	-1.50	-4.25	1.062930	4.693334	0.608797	3.841476	1	3.735107	102.406670
5302	1000	33	25	24	0	3	13	0	3	0	0	0	0	0	0	0	-1.50	-4.25	1.062930	4.694945	0.608797	3.835720	1	3.790723	102.406670
5303	1000	29	32	29	0	11	10	0	8	0	0	2	0	0	0	0	-1.50	-4.25	1.062125	4.690110	0.608797	3.853002	1	3.807953	102.406670
5304	1000	40	41	38	0	13	12	0	9	0	0	0	0	0	0	0	-1.50	-4.25	1.061319	4.686887	0.605945	3.785892	1	3.819459	102.406670
5305	1000	39	24	34	0	7	13	0	3	0	0	0	0	0	0	0	-1.50	-4.25	1.062125	4.691722	0.608797	3.847237	1	3.796463	102.406670
5306	1000	19	27	26	0	4	4	0	4	0	0	0	0	0	0	0	-1.50	-4.25	1.062125	4.690110	0.607371	3.813703	1	3.802205	102.406670
5307	1000	41	38	36	0	11	14	0	7	0	0	1	0	0	0	0	-1.50	-4.25	1.061319	4.690110	0.607371	3.813703	1	3.841476	102.406670
5308	1000	37	46	31	0	16	11	0	8	0	0	2	0	0	0	0	-1.50	-4.25	1.062125	4.690110	0.607371	3.813703	1	3.825218	102.406670
5309	1000	39	33	32	0	14	11	0	4	0	0	1	0	0	0	0	-1.50	-4.25	1.062125	4.693334	0.607371	3.802205	1	3.829967	102.406670
5310	1000	22	39	27	0	11	4	0	5	0	0	2	0	0	0	0	-1.50	-4.25	1.061319	4.691722	0.607371	3.807953	1	3.841476	102.406670
5311	1000	27	28	34	0	7	8	0	3	0	0	0	0	0	0	0	-1.50	-4.25	1.061319	4.690110	0.605945	3.774405	1	3.762934	102.406670
5312	1000	33	23	20	0	7	8	0	3	0	0	0	0	0	0	0	-1.50	-4.25	1.062125	4.694945	0.605945	3.757205	1	3.757205	102.406670
5313	1000	31	22	38	0	6	13	0	5	0	0	1	0	0	0	0	-1.50	-4.25	1.061319	4.685275	0.604520	3.752302	1	3.740834	102.406670
5314	1000	33	31	30	0	10	11	0	2	0	0	2	0	0	0	0	-1.50	-4.25	1.060513	4.688498	0.604520	3.740834	1	3.723663	102.406670
5315	1000	31	27	28	0	9	10	0	7	0	0	1	0	0	0	0	-1.50	-4.25	1.061319	4.690110	0.605945	3.774405	1	3.723663	102.406670
5316	1000	33	35	29	0	13	8	0	5	0	0	2	0	0	0	0	-1.50	-4.25	1.061319	4.693334	0.605945	3.762934	1	3.717945	102.406670
5317	1000	28	28	35	0	6	10	0	5	0	0	0	0	0	0	0	-1.50	-4.00	1.062930	4.688498	0.633035	4.527081	1	3.712963	102.406670
5318	1000	34	37	26	0	12	7	0	5	0	0	2	0	0	0	0	-1.50	-4.25	1.060513	4.690110	0.605945	3.774405	1	3.762934	102.406670
5319	1000	29	27	31	0	12	10	0	8	0	0	2	0	0	0	0	-1.50	-4.25	1.060513	4.690110	0.604520	3.735107	1	3.723663	102.406670
5320	1000	30	27	32	0	5	10	0	4	0	0	1	0	0	0	0	-1.50	-4.25	1.061319	4.693334	0.604520	3.723663	1	3.594498	102.406670
5321	1000	25	22	27	0	5	4	0	3	0	0	0	0	0	0	0	-1.50	-4.25	1.060513	4.690110	0.593114	3.420713	1	3.791640	102.406670
5322	1000	28	36	26	0	8	6	0	3	0	0	1	0	0	0	0	-1.50	-4.25	1.059707	4.688498	0.605945	3.780147	1	3.729382	102.406670
5323	1000	33	30	33	0	11	9	0	6	0	0	1	0	0	0	0	-1.50	-4.25	1.060513	4.691722	0.605945	3.768667	1	3.802205	102.406670
5324	1000	36	31	37	0	8	14	0	4	0	0	0	0	0	0	0	-1.50	-4.25	1.059707	4.688498	0.604520	3.740834	1	3.774405	102.406670
5325	1000	27	26	33	0	6	6	0	5	0	0	0	0	0	0	0	-1.50	-4.25	1.060513	4.693334	0.605945	3.762934	1	3.757205	102.406670
5326	1000	40	36	41	0	11	14	0	6	0	0	3	0	0	0	0	-1.50	-4.25	1.060513	4.688498	0.603094	3.701522	1	3.791640	102.406670
5327	1000	24	32	26	0	8	5	0	7	0	0	1	0	0	0	0	-1.50	-4.25	1.058901	4.686887	0.605945	3.785892	1	3.735107	102.406670
5328	1000	24	30	27	0	4	6	0	4	0	0	0	0	0	0	0	-1.50	-4.25	1.059707	4.691722	0.605945	3.768667	1	3.684391	102.406670
5329	1000	26	28	27	0	6	6	0	3	0	0	0	0	0	0	0	-1.50	-4.25	1.059707	4.688498	0.601668	3.662207	1	3.656507	102.406670
5330	1000	32	31	25	0	13	9	0	6	0	0	0	0	0	0	0	-1.50	-4.25	1.060513	4.694945	0.598817	3.560911	1	3.701522	102.406670
5331	1000	36	31	30	0	12	6	0	4	0	0	0	0	0	0	0	-1.50	-4.25	1.058901	4.688498	0.604520	3.740834	1	3.690098	102.406670
5332	1000	28	22	28	0	7	7	0	3	0	0	0	0	0	0	0	-1.50	-4.25	1.059707	4.691722	0.603094	3.690098	1	3.645116	102.406670
5333	1000	31	22	33	0	7	9	0	5	0	0	2	0	0	0	0	-1.50	-4.25	1.058901	4.686887	0.601668	3.667912	1	3.695807	102.406670
5334	1000	22	22	30	0	5	4	0	4	0	0	1	0	0	0	0	-1.50	-4.25	1.058901	4.688498	0.603094	3.701522	1	3.701522	102.406670
5335	1000	27	26	28	0	5	8	0	5	0	0	1	0	0	0	0	-1.50	-4.25	1.058901	4.685275	0.597391	3.555604	1	3.718691	102.406670
5336	1000	35	38	27	0	9	11	0	7	0	0	2	0	0	0	0	-1.50	-4.25	1.058095	4.686887	0.603094	3.707241	1	3.695807	102.406670
5337	1000	20	14	28	0	2	3	0	2	0	0	0	0	0	0	0	-1.50	-4.25	1.058901	4.688498	0.603094	3.701522	1	3.650809	102.406670
5338	1000	28	29	21	0	7	4	0	6	0	0	0	0	0	0	0	-1.50	-4.25	1.058901	4.690110	0.603094	3.695807	1	3.690098	102.406670
5339	1000	26	40	29	0	13	5	0	7	0	0	0	0	0	0	0	-1.50	-4.25	1.058901	4.693334	0.600242	3.605845	1	3.707241	102.406670
5340	1000	21	23	25	0	3	6	0	7	0	0	1	0	0	0	0	-1.50	-4.25	1.058095	4.683663	0.603094	3.718691	1	3.695807	102.406670
5341	1000	27	19	22	0	6	3	0	2	0	0	0	0	0	0	0	-1.50	-4.25	1.058095	4.688498	0.601668	3.662207	1	3.707241	102.406670
5342	1000	29	31	33	0	8	9	0	6	0	0	0	0	0	0	0	-1.50	-4.25	1.058901	4.691722	0.603094	3.690098	1	3.605845	102.406670
5343	1000	36	36	30	0	10	6	0	4	0	0	0	0	0	0	0	-1.50	-4.25	1.058901	4.691722	0.603094	3.690098	1	3.723663	102.406670
5344	1000	27	33	30	0	8	8	0	5	0	0	0	0	0	0	0	-1.50	-4.25	1.058095	4.686887	0.595965	3.510610	1	3.707241	102.406670
5345	1000	26	35	27	0	11	5	0	4	0	0	1	0	0	0	0	-1.50	-4.25	1.056484	4.683663	0.600242	3.639983	1	3.707241	102.406670
5346	1000	26	28	28	0	8	5	0	7	0	0	0	0	0	0	0	-1.50	-4.25	1.058095	4.685275	0.603094	3.712963	1	3.707241	102.406670
5347	1000	40	26	34	0	7	7	0	7	0	0	0	0	0	0	0	-1.50	-4.25	1.057289	4.686887	0.601668	3.667912	1	3.612014	102.406670
5348	1000	21	28	30	0	8	6	0	5	0	0	1	0	0	0	0	-1.50	-4.25	1.058095	4.688498	0.595965	3.504959	1	3.639983	102.406670
5349	1000	21	23	23	0	3	3	0	3	0	0	0	0	0	0	0	-1.50	-4.25	1.057289	4.686887	0.603094	3.707241	1	3.695807	102.406670
5350	1000	27	23	28	0	5	8	0	4	0	0	1	0	0	0	0	-1.50	-4.25	1.058095	4.690110	0.600242	3.617207	1	3.611524	102.406670
5351	1000	27	39	23	0	12	5	0	8	0	0	2	0	0	0	0	-1.50	-4.25	1.057289	4.686887	0.600242	3.628587	1	3.577909	102.406670
5352	1000	30	36	28	0	6	6	0	6	0	0	1	0	0	0	0	-1.50	-4.25	1.057289	4.686887	0.600242	3.628587	1	3.622895	102.406670
5353	1000	22	23	20	0	6	3	0	4	0	0	0	0	0	0	0	-1.50	-4.25	1.056484	4.682051	0.631609	4.511750	1	3.651393	102.406670
5354	1000	23	25	23	0	5	6	0	3	0	0	0	0	0	0	0	-1.50	-4.25	1.057289	4.686887	0.600242	3.628587	1	3.650809	102.406670
5355	1000	29	27	34	0	4	9	0	5	0	0	0	0	0	0	0	-1.50	-4.25	1.056484	4.685275	0.597391	3.555604	1	3.622895	102.406670
5356	1000	25	31	32	0	7	5	0	7	0	0	0	0	0	0	0	-1.50	-4.25	1.057289	4.690110	0.598817	3.577909	1	3.605845	102.406670
5357	1000	26	30	28	0	8	6	0	3	0	0	0	0	0	0	0	-1.50	-4.25	1.057289	4.691722	0.597391	3.532954	1	3.634282	102.406670
5358	1000	28	26	32	0	4	11	0	4	0	0	0	0	0	0	0	-1.50	-4.25	1.056484	4.686887	0.600242	3.628587	1	3.656507	102.406670
5359	1000	29	29	31	0	7	5	0	8	0	0	1	0	0	0	0	-1.50	-4.25	1.055678	4.683663	0.598817	3.600630	1	3.510610	102.406670
5360	1000	30	24	32	0	4	15	0	1	0	0	0	0	0	0	0	-1.50	-4.25	1.055678	4.685275	0.600242	3.634282	1	3.628587	102.406670
5361	1000	30	27	23	0	6	11	0	3	0	0	0	0	0	0	0	-1.50	-4.25	1.056484	4.688498	0.600242	3.622895	1	3.617207	102.406670
5362	1000	40	32	26	0	13	9	0	5	0	0	1	0	0	0	0	-1.50	-4.25	1.055678	4.683663	0.600242	3.639983	1	3.634282	102.406670
5363	1000	33	28	26	0	13	7	0	4	0	0	1	0	0	0	0	-1.50	-4.25	1.056484	4.688498	0.598817	3.583584	1	3.577909	102.406670
5364	1000	23	35	33	0	5	8	0	8	0	0	1	0	0	0	0	-1.50	-4.25	1.055678	4.683663	0.598817	3.600630	1	3.549935	102.406670
5365	1000	29	35	34	0	6	5	0	5	0	0	0	0	0	0	0	-1.50	-4.25	1.056484	4.688498	0.597391	3.544270	1	3.544270	102.406670
5366	1000	29	30	17	0	6	6	0	5	0	0	2	0	0	0	0	-1.50	-4.25	1.056484	4.691722	0.661550	5.300796	1	3.561278	102.406670
5367	1000	18	26	21	0	3	3	0	7	0	0	0	0	0	0	0	-1.50	-4.25	1.054872	4.682051	0.597391	3.566954	1	3.549935	102.406670
5368	1000	35	26	23	0	9	6	0	5	0	0	0	0	0	0	0	-1.50	-4.25	1.055678	4.690110	0.598817	3.577909	1	3.622895	102.406670
5369	1000	29	26	29	0	10	10	0	5	0	0	2	0	0	0	0	-1.50	-4.25	1.055678	4.685275	0.597391	3.555604	1	3.544270	102.406670
5370	1000	28	31	31	0	10	6	0	8	0	0	1	0	0	0	0	-1.50	-4.25	1.055678	4.686887	0.597391	3.549935	1	3.583584	102.406670
5371	1000	28	28	29	0	9	8	0	2	0	0	0	0	0	0	0	-1.50	-4.25	1.054872	4.680439	0.593114	3.454492	1	3.578318	102.406670
5372	1000	33	32	25	0	7	4	0	5	0	0	0	0	0	0	0	-1.50	-4.25	1.054872	4.685275	0.597391	3.555604	1	3.544270	102.406670
5373	1000	33	27	29	0	10	10	0	6	0	0	1	0	0	0	0	-1.50	-4.25	1.054872	4.686887	0.597391	3.549935	1	3.583584	102.406670
5374	1000	28	29	33	0	8	13	0	5	0	0	0	0	0	0	0	-1.50	-4.25	1.054872	4.685275	0.597391	3.555604	1	3.544270	102.406670
5375	1000	32	30	26	0	9	6	0	3	0	0	1	0	0	0	0	-1.50	-4.25	1.054872	4.686887	0.597391	3.549935	1	3.612014	102.406670
5376	1000	32	33	26	0	12	6	0	8	0	0	2	0	0	0	0	-1.50	-4.25	1.054872	4.682051	0.597391	3.566954	1	3.549935	102.406670
5377	1000	32	24	28	0	8	6	0	4	0	0	0	0	0	0	0	-1.50	-4.25	1.054872	4.686887	0.598817	3.589261	1	3.612014	102.406670
5378	1000	29	25	31	0	7	5	0	6	0	0	1	0	0	0	0	-1.50	-4.25	1.053260	4.678828	0.597391	3.578318	1	3.561278	102.406670
5379	1000	28	27	24	0	7	4	0	4	0	0	0	0	0	0	0	-1.50	-4.25	1.054872	4.686887	0.598817	3.589261	1	3.544270	102.406670
5380	1000	34	24	37	0	7	9	0	6	0	0	0	0	0	0	0	-1.50	-4.25	1.054872	4.683663	0.593114	3.443218	1	3.561278	102.406670
5381	1000	23	24	20	0	11	5	0	5	0	0	1	0	0	0	0	-1.50	-4.25	1.054066	4.682051	0.598817	3.606319	1	3.549935	102.406670
5382	1000	28	31	27	0	9	9	0	3	0	0	0	0	0	0	0	-1.50	-4.25	1.054066	4.682051	0.594539	3.488221	1	3.476925	102.406670
5383	1000	27	26	25	0	7	8	0	2	0	0	0	0	0	0	0	-1.50	-4.25	1.054872	4.688498	0.595965	3.504959	1	3.504959	102.406670
5384	1000	32	34	31	0	8	4	0	5	0	0	0	0	0	0	0	-1.50	-4.25	1.054066	4.683663	0.635886	4.623807	1	3.460136	102.406670
5385	1000	34	35	41	0	9	13	0	8	0	0	2	0	0	0	0	-1.50	-4.25	1.054066	4.685275	0.593114	3.437585	1	3.499312	102.406670
5386	1000	34	29	26	0	14	6	0	6	0	0	0	0	0	0	0	-1.50	-4.25	1.054066	4.686887	0.597391	3.549935	1	3.504959	102.406670
5387	1000	29	31	32	0	9	9	0	3	0	0	1	0	0	0	0	-1.50	-4.25	1.054066	4.686887	0.597391	3.549935	1	3.347708	102.406670
5388	1000	26	24	27	0	6	9	0	7	0	0	2	0	0	0	0	-1.50	-4.25	1.054066	4.685275	0.595965	3.516264	1	3.471284	102.406670
5389	1000	26	24	37	0	7	7	0	7	0	0	0	0	0	0	0	-1.50	-4.25	1.053260	4.680439	0.593114	3.454492	1	3.527586	102.406670
5390	1000	29	27	25	0	8	6	0	6	0	0	1	0	0	0	0	-1.50	-4.25	1.053260	4.682051	0.595965	3.527586	1	3.476925	102.406670
5391	1000	31	31	36	0	7	8	0	6	0	0	0	0	0	0	0	-1.50	-4.25	1.053260	4.685275	0.595965	3.516264	1	3.471284	102.406670
5392	1000	32	45	29	0	12	4	0	9	0	0	1	0	0	0	0	-1.50	-4.25	1.052454	4.682051	0.595965	3.527586	1	3.476925	102.406670
5393	1000	22	33	16	0	3	7	0	4	0	0	0	0	0	0	0	-1.50	-4.25	1.053260	4.683663	0.593114	3.443218	1	3.493874	102.406670
5394	1000	40	34	29	0	11	9	0	2	0	0	0	0	0	0	0	-1.50	-4.25	1.052454	4.680439	0.594539	3.493874	1	3.482573	102.406670
5395	1000	32	27	28	0	11	7	0	1	0	0	0	0	0	0	0	-1.50	-4.25	1.052454	4.680439	0.594539	3.493874	1	3.521924	102.406670
5396	1000	32	22	26	0	14	7	0	1	0	0	0	0	0	0	0	-1.50	-4.25	1.052454	4.682051	0.594539	3.488221	1	3.443218	102.406670
5397	1000	23	21	34	0	6	5	0	3	0	0	0	0	0	0	0	-1.50	-4.25	1.053260	4.685275	0.591688	3.398246	1	3.476925	102.406670
5398	1000	33	35	22	0	13	7	0	2	0	0	0	0	0	0	0	-1.50	-4.25	1.050843	4.673993	0.594539	3.516525	1	3.465782	102.406670
5399	1000	29	27	33	0	5	10	0	4	0	0	0	0	0	0	0	-1.50	-4.25	1.052454	4.683663	0.593114	3.443218	1	3.426333	102.406670
5400	1000	38	27	26	0	9	10	0	2	0	0	0	0	0	0	0	-1.50	-4.25	1.052454	4.683663	0.593114	3.443218	1	3.431957	102.406670
5401	1000	26	23	28	0	6	7	0	5	0	0	0	0	0	0	0	-1.50	-4.25	1.053260	4.685275	0.593114	3.437585	1	3.471284	102.406670
5402	1000	22	26	22	0	10	3	0	4	0	0	0	0	0	0	0	-1.50	-4.25	1.053260	4.683663	0.595965	3.521924	1	3.448853	102.406670
5403	1000	30	26	28	0	12	6	0	5	0	0	0	0	0	0	0	-1.50	-4.50	1.051648	4.683663	0.593114	3.443218	1	3.431957	102.406670
5404	1000	28	25	29	0	9	7	0	5	0	0	0	0	0	0	0	-1.50	-4.50	1.051648	4.682051	0.593114	3.448853	1	3.403866	102.406670
5405	1000	36	29	27	0	6	9	0	3	0	0	0	0	0	0	0	-1.50	-4.25	1.052454	4.683663	0.593114	3.443218	1	3.460136	102.406670
5406	1000	25	24	32	0	4	9	0	4	0	0	0	0	0	0	0	-1.50	-4.25	1.052454	4.683663	0.591688	3.403866	1	3.460136	102.406670
5407	1000	27	28	32	0	9	10	0	5	0	0	0	0	0	0	0	-1.50	-4.50	1.051648	4.682051	0.593114	3.448853	1	3.392631	102.406670
5408	1000	31	38	27	0	11	4	0	6	0	0	0	0	0	0	0	-1.50	-4.50	1.051648	4.680439	0.593114	3.454492	1	3.403866	102.406670
5409	1000	30	31	37	0	10	8	0	7	0	0	0	0	0	0	0	-1.50	-4.50	1.051648	4.680439	0.593114	3.454492	1	3.403866	102.406670
5410	1000	39	26	30	0	10	11	0	3	0	0	1	0	0	0	0	-1.50	-4.50	1.050843	4.682051	0.593114	3.448853	1	3.403866	102.406670
5411	1000	18	29	18	0	7	2	0	4	0	0	0	0	0	0	0	-1.50	-4.25	1.052454	4.682051	0.651570	5.062882	1	3.420743	102.406670
5412	1000	27	25	31	0	7	5	0	4	0	0	0	0	0	0	0	-1.50	-4.50	1.049231	4.675604	0.588836	3.353172	1	3.341956	102.406670
5413	1000	33	37	36	0	8	10	0	4	0	0	0	0	0	0	0	-1.50	-4.50	1.051648	4.682051	0.590262	3.370121	1	3.353306	102.406670
5414	1000	26	35	22	0	10	2	0	7	0	0	0	0	0	0	0	-1.50	-4.50	1.050843	4.678828	0.590262	3.381349	1	3.296973	102.406670
5415	1000	26	22	31	0	5	6	0	5	0	0	0	0	0	0	0	-1.50	-4.50	1.050843	4.682051	0.588836	3.330755	1	3.353172	102.406670
5416	1000	25	27	23	0	10	4	0	5	0	0	1	0	0	0	0	-1.50	-4.50	1.050037	4.677216	0.590262	3.386969	1	3.375733	102.406670
5417	1000	25	20	21	0	6	4	0	3	0	0	0	0	0	0	0	-1.50	-4.50	1.051648	4.683663	0.591688	3.403866	1	3.398246	102.406670
5418	1000	26	23	25	0	8	8	0	2	0	0	0	0	0	0	0	-1.50	-4.50	1.050037	4.678828	0.590262	3.381349	1	3.370121	102.406670
5419	1000	23	26	28	0	6	7	0	4	0	0	2	0	0	0	0	-1.50	-4.50	1.050037	4.678828	0.590262	3.381349	1	3.336354	102.406670
5420	1000	37	27	31	0	10	11	0	3	0	0	0	0	0	0	0	-1.50	-4.50	1.051648	4.682051	0.585985	3.252021	1	3.375733	102.406670
5421	1000	22	24	25	0	9	5	0	3	0	0	1	0	0	0	0	-1.50	-4.50	1.050037	4.678828	0.591688	3.420743	1	3.370121	102.406670
5422	1000	27	35	35	0	6	11	0	7	0	0	0	0	0	0	0	-1.50	-4.50	1.050037	4.680439	0.590262	3.375733	1	3.403866	102.406670
5423	1000	25	28	25	0	6	6	0	3	0	0	0	0	0	0	0	-1.50	-4.50	1.050037	4.680439	0.590262	3.375733	1	3.370121	102.406670
5424	1000	27	22	23	0	7	5	0	4	0	0	0	0	0	0	0	-1.50	-4.50	1.050037	4.678828	0.588836	3.341956	1	3.313752	102.406670
5425	1000	15	26	29	0	2	3	0	2	0	0	0	0	0	0	0	-1.50	-4.50	1.049231	4.677216	0.590262	3.386969	1	3.296973	102.406670
5426	1000	29	31	32	0	8	7	0	5	0	0	0	0	0	0	0	-1.50	-4.50	1.050037	4.678828	0.590262	3.381349	1	3.291388	102.406670
5427	1000	23	35	35	0	7	7	0	4	0	0	0	0	0	0	0	-1.50	-4.50	1.050037	4.682051	0.591688	3.409486	1	3.403866	102.406670
5428	1000	38	22	27	0	9	11	0	3	0	0	1	0	0	0	0	-1.50	-4.50	1.049231	4.680439	0.590262	3.375733	1	3.370121	102.406670
5429	1000	27	31	30	0	9	7	0	5	0	0	1	0	0	0	0	-1.50	-4.50	1.049231	4.675604	0.587411	3.313752	1	3.398221	102.406670
5430	1000	32	25	25	0	7	6	0	7	0	0	0	0	0	0	0	-1.50	-4.50	1.048425	4.675604	0.590262	3.392593	1	3.381349	102.406670
5431	1000	26	23	22	0	7	6	0	2	0	0	1	0	0	0	0	-1.50	-4.50	1.049231	4.680439	0.590262	3.375733	1	3.364513	102.406670
5432	1000	34	22	39	0	7	11	0	4	0	0	0	0	0	0	0	-1.50	-4.50	1.049231	4.677216	0.590262	3.386969	1	3.341792	102.406670
5433	1000	30	29	21	0	7	5	0	5	0	0	0	0	0	0	0	-1.50	-4.50	1.049231	4.680439	0.588836	3.336354	1	3.358786	102.406670
5434	1000	32	27	29	0	8	9	0	4	0	0	0	0	0	0	0	-1.50	-4.50	1.048425	4.673993	0.585985	3.279916	1	3.347562	102.406670
5435	1000	27	23	22	0	8	9	0	3	0	0	2	0	0	0	0	-1.50	-4.50	1.048425	4.677216	0.585985	3.268746	1	3.296973	102.406670
5436	1000	35	20	33	0	6	13	0	1	0	0	1	0	0	0	0	-1.50	-4.50	1.048425	4.677216	0.588836	3.347562	1	3.296973	102.406670
5437	1000	19	26	23	0	9	4	0	3	0	0	0	0	0	0	0	-1.50	-4.50	1.049231	4.678828	0.588836	3.341956	1	3.296973	102.406670
5438	1000	20	27	32	0	6	5	0	6	0	0	1	0	0	0	0	-1.50	-4.50	1.048425	4.677216	0.583133	3.189933	1	3.313752	102.406670
5439	1000	24	24	16	0	6	3	0	4	0	0	0	0	0	0	0	-1.50	-4.50	1.048425	4.678828	0.585985	3.263167	1	3.330755	102.406670
5440	1000	32	29	37	0	10	4	0	1	0	0	0	0	0	0	0	-1.50	-4.50	1.049231	4.678828	0.587411	3.302562	1	3.291388	102.406670
5441	1000	29	31	33	0	9	8	0	7	0	0	1	0	0	0	0	-1.50	-4.50	1.048425	4.677216	0.587411	3.308155	1	3.296973	102.406670
5442	1000	29	31	23	0	9	8	0	4	0	0	0	0	0	0	0	-1.50	-4.50	1.048425	4.680439	0.585985	3.257591	1	3.319352	102.406670
5443	1000	31	27	25	0	10	6	0	5	0	0	0	0	0	0	0	-1.50	-4.50	1.047619	4.675604	0.587411	3.313752	1	3.296973	102.406670
5444	1000	35	27	37	0	7	9	0	1	0	0	0	0	0	0	0	-1.50	-4.50	1.048425	4.680439	0.588836	3.336354	1	3.133922	102.406670
5445	1000	25	20	20	0	5	5	0	3	0	0	0	0	0	0	0	-1.50	-4.50	1.047619	4.677216	0.587411	3.308155	1	3.336354	102.406670
5446	1000	32	33	27	0	8	9	0	4	0	0	0	0	0	0	0	-1.50	-4.50	1.047619	4.678828	0.587411	3.302562	1	3.375733	102.406670
5447	1000	24	25	25	0	5	1	0	2	0	0	0	0	0	0	0	-1.50	-4.50	1.046813	4.672381	0.593114	3.482747	1	3.279916	102.406670
5448	1000	27	23	30	0	7	4	0	2	0	0	1	0	0	0	0	-1.50	-4.50	1.047619	4.678828	0.588836	3.341956	1	3.330755	102.406670
5449	1000	31	30	23	0	13	7	0	4	0	0	1	0	0	0	0	-1.50	-4.50	1.047619	4.677216	0.587411	3.308155	1	3.296973	102.406670
5450	1000	33	28	31	0	6	11	0	6	0	0	0	0	0	0	0	-1.50	-4.50	1.049231	4.682051	0.585985	3.252021	1	3.246453	102.406670
5451	1000	30	31	24	0	6	4	0	5	0	0	0	0	0	0	0	-1.50	-4.50	1.047619	4.677216	0.585985	3.268746	1	3.319352	102.406670
5452	1000	31	24	22	0	4	6	0	7	0	0	1	0	0	0	0	-1.50	-4.50	1.046007	4.673993	0.584559	3.240482	1	3.229340	102.406670
5453	1000	34	29	24	0	8	12	0	1	0	0	0	0	0	0	0	-1.50	-4.50	1.046813	4.677216	0.588836	3.347562	1	3.268746	102.406670
5454	1000	25	25	19	0	4	4	0	5	0	0	1	0	0	0	0	-1.50	-4.50	1.046813	4.677216	0.585985	3.268746	1	3.218212	102.406670
5455	1000	28	17	24	0	5	8	0	3	0	0	1	0	0	0	0	-1.50	-4.50	1.047619	4.678828	0.583133	3.184380	1	3.144987	102.406670
5456	1000	42	24	33	0	9	11	0	4	0	0	0	0	0	0	0	-1.50	-4.50	1.047619	4.677216	0.581708	3.150526	1	3.223774	102.406670
5457	1000	20	26	20	0	6	2	0	1	0	0	0	0	0	0	0	-1.50	-4.50	1.046813	4.677216	0.584559	3.229340	1	3.212655	102.406670
5458	1000	31	24	25	0	9	2	0	5	0	0	0	0	0	0	0	-1.50	-4.50	1.046007	4.675604	0.584559	3.234910	1	3.150526	102.406670
5459	1000	29	30	31	0	8	6	0	6	0	0	1	0	0	0	0	-1.50	-4.50	1.047619	4.678828	0.584559	3.223774	1	3.252021	102.406670
5460	1000	28	27	24	0	7	5	0	9	0	0	0	0	0	0	0	-1.50	-4.50	1.046813	4.678828	0.574579	2.948018	1	3.279916	102.406670
5461	1000	30	35	32	0	12	7	0	5	0	0	0	0	0	0	0	-1.50	-4.50	1.046007	4.677216	0.584559	3.229340	1	3.252021	102.406670
5462	1000	31	21	29	0	4	8	0	4	0	0	0	0	0	0	0	-1.50	-4.50	1.046007	4.672381	0.583133	3.206612	1	3.240482	102.406670
5463	1000	30	37	34	0	11	6	0	10	0	0	2	0	0	0	0	-1.50	-4.50	1.046813	4.675604	0.584559	3.234910	1	3.223774	102.406670
5464	1000	24	25	23	0	9	3	0	3	0	0	1	0	0	0	0	-1.50	-4.50	1.046007	4.675604	0.583133	3.195489	1	3.189933	102.406670
5465	1000	43	38	22	0	11	11	0	5	0	0	1	0	0	0	0	-1.50	-4.50	1.046007	4.673993	0.580282	3.122180	1	3.206612	102.406670
5466	1000	19	22	24	0	5	3	0	3	0	0	1	0	0	0	0	-1.50	-4.50	1.045202	4.672381	0.583133	3.206612	1	3.195489	102.406670
5467	1000	38	36	30	0	10	8	0	8	0	0	2	0	0	0	0	-1.50	-4.50	1.046007	4.675604	0.584559	3.234910	1	3.218212	102.406670
5468	1000	27	31	24	0	5	5	0	6	0	0	0	0	0	0	0	-1.50	-4.50	1.046813	4.680439	0.584559	3.218212	1	3.133922	102.406670
5469	1000	26	25	18	0	10	3	0	3	0	0	0	0	0	0	0	-1.50	-4.50	1.046813	4.678828	0.576005	2.987412	1	3.246060	102.406670
5470	1000	27	28	27	0	7	6	0	2	0	0	0	0	0	0	0	-1.50	-4.50	1.044396	4.670769	0.581708	3.172717	1	3.077227	102.406670
5471	1000	24	28	28	0	7	5	0	4	0	0	0	0	0	0	0	-1.50	-4.50	1.045202	4.673993	0.585985	3.279916	1	3.251640	102.406670
5472	1000	29	24	27	0	7	10	0	2	0	0	1	0	0	0	0	-1.50	-4.50	1.046007	4.677216	0.581708	3.150526	1	3.055189	102.406670
5473	1000	26	26	41	0	9	13	0	9	0	0	3	0	0	0	0	-1.50	-4.50	1.046007	4.673993	0.581708	3.161614	1	3.150526	102.406670
5474	1000	37	30	30	0	12	11	0	6	0	0	1	0	0	0	0	-1.50	-4.50	1.044396	4.664322	0.577430	3.076421	1	3.138801	102.406670
5475	1000	34	36	31	0	8	11	0	11	0	0	2	0	0	0	0	-1.50	-4.50	1.045202	4.673993	0.580282	3.122180	1	3.150526	102.406670
5476	1000	31	29	33	0	6	12	0	8	0	0	1	0	0	0	0	-1.50	-4.50	1.045202	4.677216	0.581708	3.150526	1	3.178833	102.406670
5477	1000	24	26	28	0	8	5	0	3	0	0	0	0	0	0	0	-1.50	-4.50	1.045202	4.675604	0.581708	3.156067	1	3.150526	102.406670
5478	1000	31	31	37	0	9	12	0	6	0	0	2	0	0	0	0	-1.50	-4.50	1.046007	4.672381	0.578856	3.088269	1	3.212179	102.406670
5479	1000	35	31	35	0	10	9	0	6	0	0	0	0	0	0	0	-1.50	-4.50	1.045202	4.673993	0.580282	3.122180	1	3.150526	102.406670
5480	1000	40	33	31	0	12	13	0	5	0	0	1	0	0	0	0	-1.50	-4.50	1.044396	4.669158	0.578856	3.099326	1	3.183836	102.406670
5482	1000	18	17	23	0	3	6	0	7	0	0	1	0	0	0	0	-1.50	-4.50	1.045202	4.675604	0.583133	3.195489	1	3.144987	102.406670
5483	1000	28	38	29	0	6	1	0	7	0	0	0	0	0	0	0	-1.50	-4.50	1.045202	4.678828	0.583133	3.184380	1	3.178833	102.406670
5484	1000	26	27	35	0	3	5	0	8	0	0	0	0	0	0	0	-1.50	-4.50	1.044396	4.669158	0.581708	3.178276	1	3.172717	102.406670
5485	1000	26	36	28	0	8	7	0	7	0	0	1	0	0	0	0	-1.50	-4.50	1.043590	4.670769	0.581708	3.172717	1	3.116648	102.406670
5486	1000	29	27	28	0	6	5	0	7	0	0	0	0	0	0	0	-1.50	-4.50	1.044396	4.673993	0.581708	3.161614	1	3.077227	102.406670
5487	1000	25	22	23	0	7	11	0	3	0	0	1	0	0	0	0	-1.50	-4.50	1.046007	4.677216	0.580282	3.111118	1	3.184380	102.406670
5488	1000	34	27	35	0	10	12	0	5	0	0	2	0	0	0	0	-1.50	-4.50	1.044396	4.672381	0.577430	3.048818	1	3.099326	102.406670
5489	1000	20	22	22	0	6	6	0	5	0	0	2	0	0	0	0	-1.50	-4.50	1.043590	4.669158	0.578856	3.099326	1	3.161614	102.406670
5490	1000	30	33	31	0	12	10	0	8	0	0	1	0	0	0	0	-1.50	-4.50	1.045202	4.677216	0.580282	3.111118	1	3.100073	102.406670
5491	1000	20	19	14	0	6	3	0	2	0	0	0	0	0	0	0	-1.50	-4.50	1.044396	4.673993	0.578856	3.082745	1	3.122180	102.406670
5492	1000	25	19	23	0	3	6	0	2	0	0	0	0	0	0	0	-1.50	-4.50	1.044396	4.673993	0.576005	3.003875	1	3.065368	102.406670
5493	1000	35	34	38	0	12	10	0	8	0	0	1	0	0	0	0	-1.50	-4.50	1.043590	4.672381	0.578856	3.088269	1	3.116648	102.406670
5494	1000	36	23	34	0	7	13	0	6	0	0	2	0	0	0	0	-1.50	-4.50	1.043590	4.672381	0.580282	3.127716	1	3.116648	102.406670
5495	1000	32	30	25	0	9	5	0	7	0	0	1	0	0	0	0	-1.50	-4.50	1.044396	4.673993	0.580282	3.122180	1	3.032302	102.406670
5496	1000	34	34	36	0	10	13	0	9	0	0	2	0	0	0	0	-1.50	-4.50	1.044396	4.675604	0.580282	3.116648	1	3.105594	102.406670
5497	1000	29	38	22	0	9	3	0	8	0	0	0	0	0	0	0	-1.50	-4.50	1.043590	4.669158	0.577430	3.059848	1	3.059848	102.406670
5498	1000	29	13	30	0	1	9	0	2	0	0	0	0	0	0	0	-1.50	-4.50	1.043590	4.672381	0.578856	3.088269	1	3.071713	102.406670
5499	1000	27	32	40	0	4	9	0	5	0	0	1	0	0	0	0	-1.50	-4.50	1.043590	4.673993	0.580282	3.122180	1	3.111118	102.406670
5500	1000	37	28	26	0	8	10	0	3	0	0	0	0	0	0	0	-1.50	-4.50	1.044396	4.677216	0.580282	3.111118	1	3.133256	102.406670
5501	1000	33	31	27	0	7	11	0	4	0	0	0	0	0	0	0	-1.50	-4.50	1.042784	4.670769	0.576005	3.014869	1	3.115939	102.406670
5502	1000	35	31	28	0	12	8	0	5	0	0	0	0	0	0	0	-1.50	-4.50	1.042784	4.670769	0.580282	3.133256	1	3.077227	102.406670
5503	1000	32	25	24	0	12	10	0	3	0	0	1	0	0	0	0	-1.50	-4.50	1.042784	4.670769	0.578856	3.093795	1	3.043309	102.406670
5504	1000	36	28	31	0	9	10	0	5	0	0	3	0	0	0	0	-1.50	-4.50	1.043590	4.675604	0.580282	3.116648	1	3.071713	102.406670
5505	1000	35	24	29	0	10	9	0	4	0	0	0	0	0	0	0	-1.50	-4.50	1.042784	4.670769	0.577430	3.054331	1	3.009371	102.406670
5506	1000	16	22	30	0	4	7	0	3	0	0	0	0	0	0	0	-1.50	-4.50	1.041978	4.665934	0.576005	3.031390	1	3.065368	102.406670
5507	1000	40	30	29	0	11	10	0	2	0	0	1	0	0	0	0	-1.50	-4.50	1.042784	4.670769	0.578856	3.093795	1	3.043309	102.406670
5508	1000	17	26	19	0	4	4	0	2	0	0	0	0	0	0	0	-1.50	-4.50	1.042784	4.672381	0.576005	3.009371	1	3.043309	102.406670
5509	1000	32	28	23	0	5	9	0	3	0	0	0	0	0	0	0	-1.50	-4.50	1.042784	4.673993	0.577430	3.043309	1	3.043309	102.406670
5510	1000	28	23	25	0	9	9	0	4	0	0	1	0	0	0	0	-1.50	-4.50	1.042784	4.677216	0.574579	2.953489	1	3.020373	102.406670
5511	1000	29	31	30	0	13	5	0	7	0	0	1	0	0	0	0	-1.50	-4.50	1.041172	4.665934	0.574579	2.991889	1	3.054331	102.406670
5512	1000	34	44	36	0	15	9	0	10	0	0	0	0	0	0	0	-1.50	-4.50	1.041172	4.667546	0.576005	3.025881	1	3.065368	102.406670
5513	1000	20	32	24	0	9	1	0	9	0	0	0	0	0	0	0	-1.50	-4.50	1.041172	4.669158	0.576005	3.020373	1	3.048818	102.406670
5514	1000	33	24	33	0	6	7	0	5	0	0	0	0	0	0	0	-1.50	-4.50	1.043590	4.673993	0.578856	3.082745	1	3.037804	102.406670
5515	1000	29	50	33	0	12	6	0	9	0	0	1	0	0	0	0	-1.50	-4.50	1.041172	4.664322	0.571727	2.918357	1	3.076421	102.406670
5516	1000	25	33	32	0	5	8	0	9	0	0	1	0	0	0	0	-1.50	-4.50	1.041978	4.669158	0.577430	3.059848	1	3.082745	102.406670
5517	1000	27	24	27	0	6	11	0	3	0	0	2	0	0	0	0	-1.50	-4.50	1.041978	4.672381	0.577430	3.048818	1	3.037804	102.406670
5518	1000	25	15	34	0	4	11	0	7	0	0	1	0	0	0	0	-1.50	-4.50	1.041978	4.673993	0.577430	3.043309	1	3.037804	102.406670
5519	1000	32	29	36	0	10	12	0	9	0	0	1	0	0	0	0	-1.50	-4.50	1.042784	4.675604	0.576005	2.998383	1	3.054331	102.406670
5520	1000	30	29	33	0	11	7	0	5	0	0	0	0	0	0	0	-1.50	-4.50	1.041172	4.669158	0.577430	3.059848	1	2.930475	102.406670
5521	1000	26	27	37	0	7	8	0	8	0	0	1	0	0	0	0	-1.50	-4.50	1.042784	4.673993	0.577430	3.043309	1	3.054331	102.406670
5522	1000	21	24	26	0	7	6	0	4	0	0	1	0	0	0	0	-1.50	-4.50	1.041978	4.673993	0.577430	3.043309	1	3.037804	102.406670
5523	1000	22	20	23	0	5	5	0	1	0	0	0	0	0	0	0	-1.50	-4.50	1.041978	4.669158	0.578856	3.099326	1	3.009371	102.406670
5524	1000	25	31	21	0	4	5	0	2	0	0	0	0	0	0	0	-1.50	-4.50	1.041172	4.665934	0.573153	2.952386	1	3.070893	102.406670
5525	1000	21	25	20	0	6	6	0	5	0	0	1	0	0	0	0	-1.50	-4.50	1.041172	4.669158	0.576005	3.020373	1	2.964442	102.406670
5526	1000	24	20	26	0	2	5	0	3	0	0	0	0	0	0	0	-1.50	-4.50	1.041172	4.672381	0.577430	3.048818	1	2.964442	102.406670
5527	1000	23	25	25	0	9	8	0	4	0	0	1	0	0	0	0	-1.50	-4.50	1.041172	4.669158	0.574579	2.980898	1	2.896486	102.406670
5528	1000	38	31	30	0	13	11	0	3	0	0	1	0	0	0	0	-1.50	-4.50	1.041978	4.673993	0.571727	2.885573	1	2.946903	102.406670
5529	1000	28	27	23	0	9	6	0	2	0	0	0	0	0	0	0	-1.50	-4.50	1.041172	4.669158	0.574579	2.980898	1	2.969923	102.406670
5530	1000	25	30	28	0	9	4	0	5	0	0	0	0	0	0	0	-1.50	-4.50	1.041172	4.669158	0.576005	3.020373	1	3.008401	102.406670
5531	1000	27	28	32	0	8	6	0	6	0	0	1	0	0	0	0	-1.50	-4.50	1.041978	4.672381	0.576005	3.009371	1	2.722439	102.406670
5532	1000	19	25	31	0	7	9	0	5	0	0	0	0	0	0	0	-1.50	-4.50	1.041172	4.670769	0.574579	2.975408	1	2.935947	102.406670
5533	1000	30	25	30	0	7	6	0	3	0	0	1	0	0	0	0	-1.50	-4.50	1.039560	4.662711	0.573153	2.963365	1	2.952386	102.406670
5534	1000	35	30	33	0	11	9	0	6	0	0	1	0	0	0	0	-1.50	-4.75	1.040366	4.670769	0.574579	2.975408	1	3.003875	102.406670
5535	1000	29	22	26	0	6	6	0	2	0	0	1	0	0	0	0	-1.50	-4.50	1.041172	4.670769	0.573153	2.935947	1	3.003875	102.406670
5536	1000	28	19	29	0	9	5	0	2	0	0	0	0	0	0	0	-1.50	-4.75	1.040366	4.669158	0.573153	2.941422	1	3.009371	102.406670
5537	1000	27	23	21	0	10	6	0	6	0	0	2	0	0	0	0	-1.50	-4.50	1.041172	4.670769	0.570302	2.857023	1	2.946903	102.406670
5538	1000	26	26	32	0	6	8	0	8	0	0	0	0	0	0	0	-1.50	-4.75	1.040366	4.669158	0.574579	2.980898	1	2.969923	102.406670
5539	1000	26	21	21	0	7	3	0	2	0	0	0	0	0	0	0	-1.50	-4.75	1.040366	4.672381	0.574579	2.969923	1	2.964442	102.406670
5540	1000	24	27	34	0	5	9	0	7	0	0	0	0	0	0	0	-1.50	-4.75	1.040366	4.669158	0.576005	3.020373	1	2.812131	102.406670
5541	1000	31	27	33	0	8	10	0	4	0	0	2	0	0	0	0	-1.50	-4.75	1.040366	4.670769	0.576005	3.014869	1	2.969923	102.406670
5542	1000	33	36	22	0	14	5	0	5	0	0	0	0	0	0	0	-1.50	-4.50	1.037949	4.654652	0.571727	2.951278	1	2.884303	102.406670
5543	1000	25	27	43	0	1	10	0	10	0	0	1	0	0	0	0	-1.50	-4.75	1.038755	4.664322	0.574579	2.997389	1	2.946903	102.406670
5544	1000	15	37	29	0	5	6	0	6	0	0	0	0	0	0	0	-1.50	-4.50	1.041172	4.672381	0.573153	2.930475	1	2.919542	102.406670
5545	1000	18	20	20	0	5	7	0	5	0	0	0	0	0	0	0	-1.50	-4.75	1.041172	4.673993	0.573153	2.925007	1	2.846137	102.406670
5546	1000	37	34	21	0	11	10	0	1	0	0	0	0	0	0	0	-1.50	-4.75	1.040366	4.669158	0.564599	2.704572	1	2.952386	102.406670
5547	1000	20	20	25	0	6	4	0	1	0	0	0	0	0	0	0	-1.50	-4.75	1.039560	4.667546	0.571727	2.907414	1	2.935947	102.406670
5548	1000	17	30	24	0	6	4	0	5	0	0	0	0	0	0	0	-1.50	-4.75	1.040366	4.672381	0.573153	2.930475	1	2.912884	102.406670
