quad V2.5
time	int	cnt1	cnt2	cnt3	cnt4	1&2	1&3	1&4	2&3	2&4	3&4	1&2&3	1&2&4	1&3&4	2&3&4	1&2&3&4	digTemp	temp	adct	adcr	adcp	pressure	PBS	CurrMeasurement	MeanMeasurement
5549	1000	27	36	30	0	7	7	0	2	0	0	0	0	0	0	0	-1.50	-4.75	1.039560	4.670769	0.571727	2.896486	1	2.896486	102.406670
5550	1000	35	32	30	0	7	11	0	7	0	0	2	0	0	0	0	-1.50	-4.75	1.040366	4.672381	0.573153	2.930475	1	2.925007	102.406670
5551	1000	18	28	33	0	3	8	0	6	0	0	1	0	0	0	0	-1.50	-4.75	1.040366	4.670769	0.571727	2.896486	1	2.885573	102.406670
5552	1000	29	30	31	0	7	4	0	6	0	0	1	0	0	0	0	-1.50	-4.75	1.039560	4.669158	0.571727	2.901947	1	2.891027	102.406670
5553	1000	34	27	34	0	5	9	0	10	0	0	1	0	0	0	0	-1.50	-4.75	1.038755	4.667546	0.573153	2.946903	1	2.935947	102.406670
5554	1000	34	32	27	0	6	9	0	3	0	0	0	0	0	0	0	-1.50	-4.75	1.038755	4.664322	0.571727	2.918357	1	2.907414	102.406670
5555	1000	28	32	34	0	7	8	0	4	0	0	0	0	0	0	0	-1.50	-4.75	1.038755	4.667546	0.571727	2.907414	1	2.867925	102.406670
5556	1000	28	26	29	0	7	10	0	3	0	0	1	0	0	0	0	-1.50	-4.75	1.037143	4.659487	0.571727	2.934800	1	2.957874	102.406670
5557	1000	26	21	32	0	7	9	0	4	0	0	0	0	0	0	0	-1.50	-4.75	1.039560	4.669158	0.573153	2.941422	1	2.896486	102.406670
5558	1000	34	37	31	0	8	6	0	8	0	0	0	0	0	0	0	-1.50	-4.75	1.038755	4.665934	0.571727	2.912884	1	2.907414	102.406670
5559	1000	34	30	37	0	8	15	0	3	0	0	1	0	0	0	0	-1.50	-4.75	1.039560	4.667546	0.570302	2.867925	1	2.923834	102.406670
5560	1000	28	32	29	0	9	7	0	6	0	0	1	0	0	0	0	-1.50	-4.75	1.037949	4.662711	0.571727	2.923834	1	2.912884	102.406670
5561	1000	38	27	34	0	8	10	0	7	0	0	2	0	0	0	0	-1.50	-4.75	1.038755	4.667546	0.571727	2.907414	1	2.857023	102.406670
5562	1000	30	29	31	0	8	7	0	8	0	0	1	0	0	0	0	-1.50	-4.75	1.037949	4.662711	0.567450	2.805245	1	2.844774	102.406670
5563	1000	31	30	25	0	7	4	0	4	0	0	0	0	0	0	0	-1.50	-4.75	1.038755	4.669158	0.566024	2.744047	1	2.844774	102.406670
5564	1000	33	23	20	0	7	6	0	2	0	0	0	0	0	0	0	-1.50	-4.75	1.037949	4.662711	0.570302	2.884303	1	2.867925	102.406670
5565	1000	28	22	19	0	5	7	0	2	0	0	0	0	0	0	0	-1.50	-4.75	1.038755	4.669158	0.570302	2.862472	1	2.891027	102.406670
5566	1000	18	33	28	0	4	5	0	6	0	0	0	0	0	0	0	-1.50	-4.75	1.038755	4.667546	0.568876	2.828436	1	2.857023	102.406670
5567	1000	28	32	26	0	9	4	0	3	0	0	0	0	0	0	0	-1.50	-4.75	1.037949	4.667546	0.566024	2.749458	1	2.828436	102.406670
5568	1000	28	19	14	0	7	4	0	2	0	0	1	0	0	0	0	-1.50	-4.75	1.037949	4.665934	5.832760	148.677170	1	2.810685	102.406670
5569	1000	20	16	20	0	2	5	0	5	0	0	0	0	0	0	0	-1.50	-4.75	1.037949	4.665934	0.570302	2.873380	1	2.822997	102.406670
5570	1000	25	19	22	0	4	6	0	5	0	0	2	0	0	0	0	-1.50	-4.75	1.038755	4.669158	0.570302	2.862472	1	2.896486	102.406670
5571	1000	34	28	30	0	11	9	0	5	0	0	0	0	0	0	0	-2.00	-4.75	1.038755	4.669158	0.571727	2.901947	1	2.817562	102.406670
5572	1000	25	30	25	0	10	8	0	5	0	0	0	0	0	0	0	-1.50	-4.75	1.037949	4.664322	0.566024	2.760293	1	2.861147	102.406670
5573	1000	32	23	32	0	8	9	0	4	0	0	0	0	0	0	0	-1.50	-4.75	1.037143	4.661099	0.567450	2.810685	1	2.907414	102.406670
5574	1000	26	33	32	0	6	5	0	5	0	0	0	0	0	0	0	-1.50	-4.75	1.037949	4.665934	0.568876	2.833879	1	2.867925	102.406670
5575	1000	26	34	28	0	10	7	0	3	0	0	0	0	0	0	0	-1.50	-4.75	1.037143	4.664322	0.570302	2.878840	1	2.828436	102.406670
5576	1000	23	36	29	0	9	5	0	6	0	0	0	0	0	0	0	-1.50	-4.75	1.037949	4.669158	0.567450	2.783522	1	2.896486	102.406670
5577	1000	21	32	28	0	7	5	0	3	0	0	0	0	0	0	0	-1.50	-4.75	1.037949	4.664322	0.560321	2.602228	1	2.844774	102.406670
5578	1000	31	27	29	0	7	6	0	2	0	0	0	0	0	0	0	-1.50	-4.75	1.037143	4.665934	0.570302	2.873380	1	2.862472	102.406670
5579	1000	13	19	25	0	3	3	0	6	0	0	0	0	0	0	0	-2.00	-4.75	1.037143	4.665934	0.568876	2.833879	1	2.867925	102.406670
5580	1000	22	17	23	0	4	7	0	2	0	0	1	0	0	0	0	-1.50	-4.75	1.037143	4.665934	0.568876	2.833879	1	2.873380	102.406670
5581	1000	28	34	26	0	9	5	0	8	0	0	0	0	0	0	0	-2.00	-4.75	1.037143	4.665934	0.564599	2.715372	1	2.816128	102.406670
5582	1000	28	23	33	0	9	9	0	6	0	0	0	0	0	0	0	-2.00	-4.75	1.036337	4.661099	0.570302	2.889771	1	2.833879	102.406670
5583	1000	25	30	20	0	8	4	0	5	0	0	1	0	0	0	0	-1.50	-4.75	1.037143	4.665934	0.567450	2.794376	1	2.665097	102.406670
5584	1000	31	27	23	0	8	5	0	4	0	0	1	0	0	0	0	-1.50	-4.75	1.037143	4.664322	0.567450	2.799808	1	2.788947	102.406670
5585	1000	34	37	24	0	14	7	0	5	0	0	0	0	0	0	0	-2.00	-4.75	1.036337	4.664322	0.566024	2.760293	1	2.794376	102.406670
5586	1000	29	19	31	0	5	10	0	2	0	0	0	0	0	0	0	-2.00	-4.75	1.035531	4.656264	0.585985	3.341627	1	2.816128	102.406670
5587	1000	23	31	25	0	10	9	0	4	0	0	2	0	0	0	0	-1.50	-4.75	1.035531	4.659487	0.567450	2.816128	1	2.799808	102.406670
5588	1000	32	23	39	0	5	7	0	8	0	0	0	0	0	0	0	-1.50	-4.75	1.037143	4.665934	0.564599	2.715372	1	2.783522	102.406670
5589	1000	30	34	33	0	7	7	0	6	0	0	0	0	0	0	0	-2.00	-4.75	1.036337	4.665934	0.567450	2.794376	1	2.821576	102.406670
5590	1000	31	34	28	0	8	8	0	9	0	0	1	0	0	0	0	-1.50	-4.75	1.037143	4.667546	0.564599	2.709970	1	2.805245	102.406670
5591	1000	21	28	27	0	3	10	0	5	0	0	1	0	0	0	0	-2.00	-4.75	1.036337	4.664322	0.567450	2.799808	1	2.709970	102.406670
5592	1000	42	27	37	0	9	12	0	8	0	0	3	0	0	0	0	-2.00	-4.75	1.035531	4.661099	0.567450	2.810685	1	2.681261	102.406670
5593	1000	24	30	26	0	6	7	0	2	0	0	0	0	0	0	0	-2.00	-4.75	1.036337	4.662711	0.567450	2.805245	1	2.799808	102.406670
5594	1000	20	24	28	0	2	7	0	6	0	0	1	0	0	0	0	-2.00	-4.75	1.036337	4.662711	0.567450	2.805245	1	2.839325	102.406670
5595	1000	32	32	23	0	8	8	0	5	0	0	0	0	0	0	0	-1.50	-4.75	1.035531	4.661099	0.499014	0.912597	1	2.810685	102.406670
5596	1000	28	33	26	0	11	6	0	4	0	0	0	0	0	0	0	-2.00	-4.75	1.035531	4.662711	0.568876	2.844774	1	2.788947	102.406670
5597	1000	30	30	31	0	10	8	0	7	0	0	1	0	0	0	0	-2.00	-4.75	1.036337	4.664322	0.567450	2.799808	1	2.794376	102.406670
5598	1000	29	24	27	0	7	7	0	4	0	0	2	0	0	0	0	-2.00	-4.75	1.037143	4.667546	0.567450	2.788947	1	2.704572	102.406670
5599	1000	26	42	33	0	9	10	0	9	0	0	3	0	0	0	0	-2.00	-4.75	1.036337	4.665934	0.561747	2.636366	1	2.692055	102.406670
5600	1000	31	29	29	0	9	10	0	8	0	0	2	0	0	0	0	-2.00	-4.75	1.034725	4.661099	0.563173	2.692055	1	2.760293	102.406670
5601	1000	23	27	29	0	6	2	0	7	0	0	0	0	0	0	0	-2.00	-4.75	1.036337	4.665934	0.564599	2.715372	1	2.507196	102.406670
5602	1000	15	27	19	0	5	4	0	6	0	0	1	0	0	0	0	-2.00	-4.75	1.035531	4.664322	0.566024	2.760293	1	2.630991	102.406670
5603	1000	26	27	27	0	6	6	0	7	0	0	0	0	0	0	0	-2.00	-4.75	1.035531	4.664322	0.563173	2.681261	1	2.720777	102.406670
5604	1000	33	38	32	0	11	10	0	5	0	0	0	0	0	0	0	-2.00	-4.75	1.035531	4.661099	0.561747	2.652511	1	2.731598	102.406670
5605	1000	26	26	30	0	8	11	0	6	0	0	2	0	0	0	0	-2.00	-4.75	1.034725	4.662711	0.566024	2.765715	1	2.754873	102.406670
5606	1000	24	26	30	0	5	5	0	7	0	0	1	0	0	0	0	-2.00	-4.75	1.035531	4.664322	0.564599	2.720777	1	2.709970	102.406670
5607	1000	22	24	28	0	3	5	0	6	0	0	0	0	0	0	0	-2.00	-4.75	1.035531	4.665934	0.564599	2.715372	1	2.749458	102.406670
5608	1000	29	37	23	0	9	6	0	6	0	0	1	0	0	0	0	-2.00	-4.75	1.035531	4.661099	0.558896	2.573425	1	2.737015	102.406670
5609	1000	29	38	28	0	9	7	0	6	0	0	1	0	0	0	0	-2.00	-4.75	1.034725	4.661099	0.566024	2.771142	1	2.754873	102.406670
5610	1000	29	25	20	0	11	3	0	1	0	0	0	0	0	0	0	-2.00	-4.75	1.033919	4.657876	0.563173	2.702864	1	2.713689	102.406670
5611	1000	31	29	28	0	13	7	0	1	0	0	0	0	0	0	0	-2.00	-4.75	1.035531	4.665934	0.567450	2.794376	1	2.749458	102.406670
5612	1000	29	45	41	0	9	6	0	10	0	0	1	0	0	0	0	-2.00	-4.75	1.034725	4.664322	0.564599	2.720777	1	2.675869	102.406670
5613	1000	27	28	23	0	9	3	0	3	0	0	1	0	0	0	0	-2.00	-4.75	1.035531	4.662711	0.561747	2.647126	1	2.726186	102.406670
5614	1000	24	26	36	0	6	9	0	5	0	0	0	0	0	0	0	-2.00	-4.75	1.034725	4.664322	0.563173	2.681261	1	2.788947	102.406670
5615	1000	29	33	23	0	10	5	0	6	0	0	1	0	0	0	0	-2.00	-4.75	1.033919	4.659487	0.564599	2.737015	1	2.647126	102.406670
5616	1000	40	26	27	0	9	11	0	2	0	0	1	0	0	0	0	-2.00	-4.75	1.034725	4.662711	0.564599	2.726186	1	2.720777	102.406670
5617	1000	21	30	30	0	6	5	0	8	0	0	1	0	0	0	0	-2.00	-4.75	1.035531	4.665934	0.560321	2.596863	1	2.731598	102.406670
5618	1000	35	32	29	0	12	9	0	4	0	0	1	0	0	0	0	-2.00	-4.75	1.033114	4.657876	0.561747	2.663292	1	2.686657	102.406670
5619	1000	27	22	18	0	3	8	0	2	0	0	0	0	0	0	0	-2.00	-4.75	1.034725	4.661099	0.563173	2.692055	1	2.731598	102.406670
5620	1000	15	23	21	0	3	3	0	4	0	0	0	0	0	0	0	-2.00	-4.75	1.034725	4.664322	0.561747	2.641743	1	2.630991	102.406670
5621	1000	35	25	18	0	9	5	0	4	0	0	0	0	0	0	0	-2.00	-4.75	1.034725	4.662711	0.563173	2.686657	1	2.557362	102.406670
5622	1000	35	30	34	0	12	8	0	8	0	0	0	0	0	0	0	-2.00	-4.75	1.033114	4.656264	0.561747	2.668689	1	2.737015	102.406670
5623	1000	34	21	19	0	7	5	0	1	0	0	0	0	0	0	0	-2.00	-4.75	1.033919	4.659487	0.563173	2.697458	1	2.647126	102.406670
5624	1000	33	33	25	0	8	8	0	5	0	0	0	0	0	0	0	-2.00	-4.75	1.034725	4.662711	0.564599	2.726186	1	2.675869	102.406670
5625	1000	27	33	29	0	9	13	0	6	0	0	2	0	0	0	0	-2.00	-4.75	1.034725	4.664322	0.561747	2.641743	1	2.681261	102.406670
5626	1000	32	31	40	0	9	10	0	9	0	0	0	0	0	0	0	-2.00	-4.75	1.033919	4.657876	0.560321	2.623722	1	2.639883	102.406670
5627	1000	35	29	30	0	7	7	0	4	0	0	0	0	0	0	0	-2.00	-4.75	1.033919	4.661099	0.561747	2.652511	1	2.675869	102.406670
5628	1000	20	31	20	0	8	5	0	4	0	0	0	0	0	0	0	-2.00	-4.75	1.033919	4.662711	0.561747	2.647126	1	2.652511	102.406670
5629	1000	30	29	22	0	10	7	0	2	0	0	0	0	0	0	0	-2.00	-4.75	1.034725	4.662711	0.563173	2.686657	1	2.596863	102.406670
5630	1000	26	31	36	0	7	8	0	8	0	0	0	0	0	0	0	-2.00	-4.75	1.033919	4.662711	0.558896	2.568067	1	2.641743	102.406670
5631	1000	20	30	24	0	8	6	0	7	0	0	1	0	0	0	0	-2.00	-4.75	1.033114	4.654652	0.563173	2.713689	1	2.663292	102.406670
5632	1000	35	20	22	0	10	9	0	3	0	0	0	0	0	0	0	-2.00	-4.75	1.032308	4.656264	0.563173	2.708275	1	2.652511	102.406670
5633	1000	26	24	31	0	6	6	0	5	0	0	0	0	0	0	0	-2.00	-4.75	1.033919	4.661099	0.561747	2.652511	1	2.641743	102.406670
5634	1000	35	25	35	0	8	9	0	8	0	0	2	0	0	0	0	-2.00	-4.75	1.033919	4.662711	0.564599	2.726186	1	2.641743	102.406670
5635	1000	50	42	30	0	14	10	0	5	0	0	0	0	0	0	0	-2.00	-4.75	1.034725	4.661099	0.561747	2.652511	1	2.657900	102.406670
5636	1000	42	26	27	0	10	8	0	5	0	0	1	0	0	0	0	-2.00	-4.75	1.033114	4.661099	0.558896	2.573425	1	2.636366	102.406670
5637	1000	25	21	28	0	4	6	0	4	0	0	0	0	0	0	0	-2.00	-4.75	1.033919	4.661099	0.563173	2.692055	1	2.647126	102.406670
5638	1000	35	25	24	0	6	5	0	7	0	0	1	0	0	0	0	-2.00	-4.75	1.033919	4.665934	0.564599	2.715372	1	2.665097	102.406670
5639	1000	25	28	18	0	8	5	0	4	0	0	1	0	0	0	0	-2.00	-4.75	1.033919	4.662711	0.563173	2.686657	1	2.675869	102.406670
5640	1000	25	28	32	0	11	4	0	6	0	0	1	0	0	0	0	-2.00	-4.75	1.033114	4.661099	0.560321	2.612968	1	2.652511	102.406670
5641	1000	23	22	29	0	5	9	0	3	0	0	0	0	0	0	0	-2.00	-4.75	1.032308	4.659487	0.560321	2.618343	1	2.573425	102.406670
5642	1000	23	30	16	0	9	3	0	2	0	0	0	0	0	0	0	-2.00	-4.75	1.033919	4.661099	0.560321	2.612968	1	2.641743	102.406670
5643	1000	23	18	23	0	3	4	0	3	0	0	0	0	0	0	0	-2.00	-4.75	1.033919	4.662711	0.561747	2.647126	1	2.602228	102.406670
5644	1000	26	24	27	0	8	5	0	5	0	0	1	0	0	0	0	-2.00	-4.75	1.033114	4.659487	0.558896	2.578786	1	2.629105	102.406670
5645	1000	33	22	18	0	8	7	0	1	0	0	0	0	0	0	0	-2.00	-4.75	1.032308	4.657876	0.560321	2.623722	1	2.573425	102.406670
5646	1000	20	34	27	0	6	3	0	6	0	0	1	0	0	0	0	-2.00	-4.75	1.033919	4.664322	0.561747	2.641743	1	2.591503	102.406670
5647	1000	25	22	24	0	4	5	0	3	0	0	0	0	0	0	0	-2.00	-4.75	1.031502	4.656264	0.560321	2.629105	1	2.489007	102.406670
5648	1000	23	28	33	0	9	4	0	5	0	0	2	0	0	0	0	-2.00	-4.75	1.033114	4.664322	0.557470	2.523196	1	2.589522	102.406670
5649	1000	29	24	28	0	7	6	0	7	0	0	1	0	0	0	0	-2.00	-4.75	1.031502	4.656264	0.560321	2.629105	1	2.652511	102.406670
5650	1000	34	24	28	0	8	8	0	6	0	0	1	0	0	0	0	-2.00	-4.75	1.032308	4.659487	0.558896	2.578786	1	2.607595	102.406670
5651	1000	23	35	39	0	4	7	0	9	0	0	0	0	0	0	0	-2.00	-4.75	1.033114	4.662711	0.557470	2.528538	1	2.557362	102.406670
5652	1000	33	19	26	0	5	11	0	4	0	0	2	0	0	0	0	-2.00	-4.75	1.032308	4.662711	0.560321	2.607595	1	2.483681	102.406670
5653	1000	25	22	20	0	5	6	0	4	0	0	1	0	0	0	0	-2.00	-4.75	1.033114	4.662711	0.484756	0.512515	1	2.618343	102.406670
5654	1000	26	36	35	0	8	7	0	9	0	0	1	0	0	0	0	-2.00	-4.75	1.032308	4.659487	0.560321	2.618343	1	2.647126	102.406670
5655	1000	29	29	32	0	5	7	0	7	0	0	1	0	0	0	0	-2.00	-4.75	1.031502	4.657876	0.558896	2.584152	1	2.612968	102.406670
5656	1000	29	15	29	0	7	13	0	2	0	0	0	0	0	0	0	-2.00	-4.75	1.033114	4.662711	0.561747	2.647126	1	2.489007	102.406670
5657	1000	29	24	24	0	6	8	0	7	0	0	2	0	0	0	0	-2.00	-4.75	1.033114	4.662711	0.553193	2.409947	1	2.629105	102.406670
5658	1000	26	13	24	0	1	6	0	0	0	0	0	0	0	0	0	-2.00	-4.75	1.031502	4.656264	0.560321	2.629105	1	2.573425	102.406670
5659	1000	26	36	40	0	4	6	0	8	0	0	0	0	0	0	0	-2.00	-4.75	1.032308	4.659487	0.558896	2.578786	1	2.607595	102.406670
5660	1000	34	44	37	0	8	10	0	5	0	0	1	0	0	0	0	-2.00	-4.75	1.031502	4.657876	0.560321	2.623722	1	2.573425	102.406670
5661	1000	28	27	30	0	7	10	0	2	0	0	1	0	0	0	0	-2.00	-4.75	1.032308	4.659487	0.560321	2.618343	1	2.533882	102.406670
5662	1000	34	31	34	0	13	8	0	7	0	0	2	0	0	0	0	-2.00	-4.75	1.031502	4.654652	0.578856	3.149271	1	2.600271	102.406670
5663	1000	32	27	26	0	11	7	0	6	0	0	1	0	0	0	0	-2.00	-4.75	1.031502	4.656264	0.560321	2.629105	1	2.612968	102.406670
5664	1000	27	23	19	0	10	3	0	4	0	0	0	0	0	0	0	-2.00	-4.75	1.031502	4.659487	0.557470	2.539230	1	2.528538	102.406670
5665	1000	25	26	29	0	8	7	0	5	0	0	1	0	0	0	0	-2.00	-4.75	1.031502	4.656264	0.556044	2.510353	1	2.515699	102.406670
5666	1000	26	21	22	0	7	5	0	4	0	0	0	0	0	0	0	-2.00	-4.75	1.031502	4.659487	0.556044	2.499673	1	2.521048	102.406670
5667	1000	31	23	26	0	7	8	0	4	0	0	0	0	0	0	0	-2.00	-4.75	1.030696	4.654652	0.558896	2.594894	1	2.539230	102.406670
5668	1000	25	28	26	0	6	1	0	8	0	0	0	0	0	0	0	-2.00	-4.75	1.030696	4.656264	0.553193	2.431182	1	2.301888	102.406670
5669	1000	26	27	29	0	7	9	0	6	0	0	0	0	0	0	0	-2.00	-4.75	1.031502	4.661099	0.557470	2.533882	1	2.449476	102.406670
5670	1000	23	24	28	0	5	7	0	9	0	0	1	0	0	0	0	-2.00	-4.75	1.032308	4.662711	0.556044	2.489007	1	2.562713	102.406670
5671	1000	25	23	22	0	6	4	0	5	0	0	0	0	0	0	0	-2.00	-4.75	1.030696	4.657876	0.563173	2.702864	1	2.555295	102.406670
5672	1000	24	21	26	0	7	6	0	2	0	0	1	0	0	0	0	-2.00	-4.75	1.030696	4.656264	0.558896	2.589522	1	2.454793	102.406670
5673	1000	33	28	28	0	7	10	0	4	0	0	1	0	0	0	0	-2.00	-4.75	1.032308	4.662711	0.554618	2.449476	1	2.562713	102.406670
5674	1000	21	21	26	0	5	7	0	1	0	0	0	0	0	0	0	-2.00	-4.75	1.031502	4.659487	0.558896	2.578786	1	2.526400	102.406670
5675	1000	24	26	36	0	5	12	0	5	0	0	2	0	0	0	0	-2.00	-4.75	1.030696	4.659487	0.554618	2.460114	1	2.560658	102.406670
5676	1000	20	19	16	0	3	2	0	0	0	0	0	0	0	0	0	-2.00	-4.75	1.030696	4.657876	0.557470	2.544582	1	2.539230	102.406670
5677	1000	33	29	22	0	8	5	0	5	0	0	1	0	0	0	0	-2.00	-4.75	1.030696	4.659487	0.558896	2.578786	1	2.415250	102.406670
5678	1000	32	29	29	0	11	7	0	4	0	0	0	0	0	0	0	-2.00	-4.75	1.031502	4.661099	0.558896	2.573425	1	2.523196	102.406670
5679	1000	35	44	38	0	15	5	0	10	0	0	0	0	0	0	0	-2.00	-4.75	1.030696	4.657876	0.557470	2.544582	1	2.578786	102.406670
5680	1000	28	24	29	0	7	9	0	4	0	0	1	0	0	0	0	-2.00	-4.75	1.030696	4.656264	0.483331	0.491539	1	2.436500	102.406670
5681	1000	21	26	30	0	2	4	0	6	0	0	0	0	0	0	0	-2.00	-4.75	1.030696	4.657876	0.556044	2.505011	1	2.494338	102.406670
5683	1000	26	29	28	0	7	3	0	5	0	0	0	0	0	0	0	-2.00	-4.75	1.030696	4.657876	0.557470	2.544582	1	2.528538	102.406670
5684	1000	22	29	27	0	7	4	0	6	0	0	1	0	0	0	0	-2.00	-4.75	1.031502	4.659487	0.556044	2.499673	1	2.544582	102.406670
5685	1000	25	32	23	0	7	5	0	6	0	0	1	0	0	0	0	-2.00	-4.75	1.030696	4.659487	0.553193	2.420558	1	2.476099	102.406670
5686	1000	31	39	31	0	7	10	0	4	0	0	0	0	0	0	0	-2.00	-4.75	1.029890	4.654652	0.556044	2.515699	1	2.465439	102.406670
5687	1000	36	33	30	0	12	10	0	8	0	0	2	0	0	0	0	-2.00	-4.75	1.030696	4.659487	0.553193	2.420558	1	2.415250	102.406670
5688	1000	29	30	26	0	9	5	0	5	0	0	1	0	0	0	0	-2.00	-4.75	1.030696	4.657876	0.556044	2.505011	1	2.499673	102.406670
5689	1000	27	24	27	0	8	9	0	5	0	0	0	0	0	0	0	-2.00	-4.75	1.031502	4.661099	0.554618	2.454793	1	2.444163	102.406670
5690	1000	25	24	26	0	8	9	0	5	0	0	0	0	0	0	0	-2.00	-4.75	1.030696	4.656264	0.558896	2.589522	1	2.510353	102.406670
5691	1000	12	21	22	0	1	5	0	6	0	0	0	0	0	0	0	-2.00	-4.75	1.029084	4.654652	0.554618	2.476099	1	2.386298	102.406670
5692	1000	25	33	29	0	5	9	0	6	0	0	1	0	0	0	0	-2.00	-4.75	1.030696	4.659487	0.557470	2.539230	1	2.449476	102.406670
5693	1000	19	26	31	0	5	5	0	5	0	0	1	0	0	0	0	-2.00	-4.75	1.030696	4.657876	0.556044	2.505011	1	2.454793	102.406670
5694	1000	28	32	28	0	5	7	0	7	0	0	1	0	0	0	0	-2.00	-4.75	1.030696	4.661099	0.595965	3.601556	1	2.521048	102.406670
5695	1000	16	20	27	0	3	7	0	3	0	0	1	0	0	0	0	-2.00	-4.75	1.029084	4.653040	0.556044	2.521048	1	2.465439	102.406670
5696	1000	25	24	20	0	5	4	0	4	0	0	0	0	0	0	0	-2.00	-4.75	1.030696	4.656264	0.557470	2.549937	1	2.544582	102.406670
5697	1000	34	23	30	0	5	10	0	3	0	0	1	0	0	0	0	-2.00	-4.75	1.030696	4.657876	0.554618	2.465439	1	2.460114	102.406670
5698	1000	29	18	31	0	4	8	0	4	0	0	0	0	0	0	0	-2.00	-4.75	1.030696	4.657876	0.554618	2.465439	1	2.460114	102.406670
5699	1000	26	32	26	0	6	10	0	6	0	0	1	0	0	0	0	-2.00	-4.75	1.029084	4.654652	0.548915	2.317707	1	2.441823	102.406670
5700	1000	24	32	32	0	5	8	0	4	0	0	0	0	0	0	0	-2.00	-4.75	1.029084	4.653040	0.556044	2.521048	1	2.505011	102.406670
5701	1000	26	31	29	0	6	7	0	9	0	0	0	0	0	0	0	-2.00	-4.75	1.029890	4.656264	0.554618	2.470767	1	2.539230	102.406670
5702	1000	27	27	32	0	8	6	0	5	0	0	0	0	0	0	0	-2.00	-4.75	1.029890	4.656264	0.553193	2.431182	1	2.470767	102.406670
5703	1000	31	29	30	0	9	9	0	6	0	0	2	0	0	0	0	-2.00	-4.75	1.029890	4.656264	0.551767	2.391599	1	2.486774	102.406670
5704	1000	28	27	29	0	8	6	0	8	0	0	1	0	0	0	0	-2.00	-4.75	1.029084	4.651429	0.556044	2.526400	1	2.510353	102.406670
5705	1000	22	31	27	0	5	7	0	4	0	0	0	0	0	0	0	-2.00	-4.75	1.029084	4.656264	0.551767	2.391599	1	2.465439	102.406670
5706	1000	29	27	23	0	10	2	0	2	0	0	0	0	0	0	0	-2.00	-4.75	1.029890	4.659487	0.553193	2.420558	1	2.449476	102.406670
5707	1000	28	21	31	0	5	4	0	4	0	0	0	0	0	0	0	-2.00	-4.75	1.029890	4.656264	0.556044	2.510353	1	2.499673	102.406670
5708	1000	20	26	28	0	5	4	0	8	0	0	1	0	0	0	0	-2.00	-4.75	1.029890	4.654652	0.564599	2.753287	1	2.436500	102.406670
5709	1000	15	22	31	0	4	4	0	10	0	0	0	0	0	0	0	-2.00	-4.75	1.029084	4.656264	0.553193	2.431182	1	2.420558	102.406670
5710	1000	14	23	22	0	4	2	0	3	0	0	1	0	0	0	0	-2.00	-4.75	1.029084	4.656264	0.553193	2.431182	1	2.386298	102.406670
5711	1000	29	20	19	0	7	9	0	1	0	0	0	0	0	0	0	-2.00	-4.75	1.029890	4.656264	0.553193	2.431182	1	2.386298	102.406670
5712	1000	20	29	17	0	7	3	0	3	0	0	1	0	0	0	0	-2.00	-4.75	1.029890	4.661099	0.574579	3.008401	1	2.476099	102.406670
5713	1000	28	23	25	0	10	8	0	4	0	0	2	0	0	0	0	-2.00	-4.75	1.028278	4.653040	0.551767	2.402211	1	2.391599	102.406670
5714	1000	25	26	28	0	7	7	0	8	0	0	2	0	0	0	0	-2.00	-4.75	1.028278	4.653040	0.553193	2.441823	1	2.378504	102.406670
5715	1000	34	21	19	0	10	10	0	1	0	0	1	0	0	0	0	-2.00	-5.00	1.029084	4.657876	0.554618	2.465439	1	2.375707	102.406670
5716	1000	28	18	36	0	4	11	0	5	0	0	0	0	0	0	0	-2.00	-4.75	1.029890	4.657876	0.554618	2.465439	1	2.420558	102.406670
5717	1000	21	33	32	0	7	5	0	6	0	0	0	0	0	0	0	-2.00	-4.75	1.028278	4.649817	0.550341	2.373199	1	2.441823	102.406670
5718	1000	25	28	30	0	6	8	0	3	0	0	0	0	0	0	0	-2.00	-5.00	1.027473	4.651429	0.553193	2.447148	1	2.436500	102.406670
5719	1000	31	29	29	0	12	6	0	4	0	0	3	0	0	0	0	-2.00	-4.75	1.029084	4.656264	0.553193	2.431182	1	2.341444	102.406670
5720	1000	28	31	22	0	9	5	0	9	0	0	1	0	0	0	0	-2.00	-4.75	1.029084	4.656264	0.551767	2.391599	1	2.431182	102.406670
5721	1000	29	28	27	0	4	8	0	5	0	0	0	0	0	0	0	-2.00	-4.75	1.029084	4.654652	0.591688	3.505654	1	2.412838	102.406670
5722	1000	18	25	20	0	4	3	0	2	0	0	0	0	0	0	0	-2.00	-4.75	1.029084	4.654652	0.553193	2.436500	1	2.425868	102.406670
5723	1000	29	29	34	0	10	9	0	7	0	0	3	0	0	0	0	-2.00	-4.75	1.029084	4.656264	0.553193	2.431182	1	2.431182	102.406670
5724	1000	37	30	28	0	15	8	0	5	0	0	1	0	0	0	0	-2.00	-5.00	1.028278	4.654652	0.553193	2.436500	1	2.431182	102.406670
5725	1000	24	29	31	0	3	9	0	8	0	0	1	0	0	0	0	-2.00	-4.75	1.028278	4.653040	0.551767	2.402211	1	2.431182	102.406670
5726	1000	36	27	22	0	12	5	0	3	0	0	0	0	0	0	0	-2.00	-4.75	1.027473	4.648205	0.554618	2.497463	1	2.457811	102.406670
5727	1000	26	30	31	0	5	10	0	3	0	0	2	0	0	0	0	-2.00	-5.00	1.027473	4.651429	0.553193	2.447148	1	2.436500	102.406670
5728	1000	21	27	28	0	5	4	0	9	0	0	2	0	0	0	0	-2.00	-4.75	1.029890	4.657876	0.554618	2.465439	1	2.415250	102.406670
5729	1000	33	28	36	0	7	13	0	7	0	0	1	0	0	0	0	-2.00	-4.75	1.028278	4.649817	0.551767	2.412838	1	2.497463	102.406670
5730	1000	26	18	26	0	3	8	0	4	0	0	0	0	0	0	0	-2.00	-4.75	1.028278	4.651429	0.550341	2.367897	1	2.447148	102.406670
5731	1000	31	28	24	0	6	8	0	4	0	0	0	0	0	0	0	-2.00	-5.00	1.028278	4.654652	0.551767	2.396904	1	2.420558	102.406670
5732	1000	25	25	29	0	9	9	0	7	0	0	1	0	0	0	0	-2.00	-4.75	1.028278	4.651429	0.550341	2.367897	1	2.407523	102.406670
5733	1000	29	23	31	0	8	6	0	4	0	0	1	0	0	0	0	-2.00	-5.00	1.029084	4.657876	0.551767	2.386298	1	2.262331	102.406670
5734	1000	29	29	26	0	8	6	0	4	0	0	0	0	0	0	0	-2.00	-5.00	1.028278	4.654652	0.550341	2.357305	1	2.352015	102.406670
5735	1000	28	20	27	0	8	8	0	4	0	0	0	0	0	0	0	-2.00	-5.00	1.026667	4.646594	0.547490	2.304480	1	2.338852	102.406670
5736	1000	28	26	20	0	7	3	0	3	0	0	1	0	0	0	0	-2.00	-5.00	1.026667	4.648205	0.550341	2.378504	1	2.322988	102.406670
5737	1000	36	28	31	0	9	12	0	6	0	0	2	0	0	0	0	-2.00	-4.75	1.028278	4.653040	0.550341	2.362599	1	2.352015	102.406670
5738	1000	23	20	23	0	7	7	0	1	0	0	0	0	0	0	0	-2.00	-5.00	1.027473	4.653040	0.550341	2.362599	1	2.352015	102.406670
5739	1000	27	22	28	0	9	7	0	4	0	0	0	0	0	0	0	-2.00	-5.00	1.027473	4.651429	0.547490	2.288646	1	2.383813	102.406670
5740	1000	27	31	32	0	8	12	0	8	0	0	1	0	0	0	0	-2.00	-5.00	1.027473	4.651429	0.550341	2.367897	1	2.396904	102.406670
5741	1000	23	29	26	0	9	7	0	4	0	0	2	0	0	0	0	-2.00	-5.00	1.026667	4.649817	0.550341	2.373199	1	2.338852	102.406670
5742	1000	31	29	20	0	10	8	0	5	0	0	1	0	0	0	0	-2.00	-5.00	1.028278	4.656264	0.548915	2.312430	1	2.307156	102.406670
5743	1000	42	31	32	0	9	16	0	8	0	0	2	0	0	0	0	-2.00	-5.00	1.027473	4.653040	0.547490	2.283376	1	2.391599	102.406670
5744	1000	28	24	27	0	6	8	0	5	0	0	1	0	0	0	0	-2.00	-5.00	1.026667	4.649817	0.548915	2.333560	1	2.328272	102.406670
5745	1000	27	24	32	0	7	9	0	6	0	0	1	0	0	0	0	-2.00	-5.00	1.027473	4.653040	0.548915	2.322988	1	2.278108	102.406670
5746	1000	27	27	32	0	7	5	0	2	0	0	0	0	0	0	0	-2.00	-5.00	1.028278	4.656264	0.550341	2.352015	1	2.301888	102.406670
5747	1000	32	21	19	0	8	7	0	2	0	0	1	0	0	0	0	-2.00	-5.00	1.027473	4.653040	0.548915	2.322988	1	2.396904	102.406670
5748	1000	18	21	25	0	3	4	0	6	0	0	1	0	0	0	0	-2.00	-5.00	1.027473	4.656264	0.548915	2.312430	1	2.362599	102.406670
5749	1000	33	24	25	0	8	4	0	5	0	0	0	0	0	0	0	-2.00	-5.00	1.026667	4.649817	0.548915	2.333560	1	2.396904	102.406670
5750	1000	32	33	25	0	13	7	0	3	0	0	0	0	0	0	0	-2.00	-5.00	1.027473	4.653040	0.548915	2.322988	1	2.357305	102.406670
5751	1000	29	34	38	0	11	10	0	9	0	0	4	0	0	0	0	-2.00	-5.00	1.027473	4.654652	0.546064	2.238510	1	2.154089	102.406670
5752	1000	41	26	34	0	11	8	0	7	0	0	1	0	0	0	0	-2.00	-5.00	1.027473	4.654652	0.548915	2.317707	1	2.312430	102.406670
5753	1000	26	26	25	0	7	4	0	5	0	0	0	0	0	0	0	-2.00	-5.00	1.025861	4.644982	0.543212	2.190721	1	2.264812	102.406670
5754	1000	20	24	27	0	7	6	0	4	0	0	2	0	0	0	0	-2.00	-5.00	1.026667	4.649817	0.547490	2.293920	1	2.283376	102.406670
5755	1000	29	41	30	0	13	4	0	6	0	0	0	0	0	0	0	-2.00	-5.00	1.027473	4.654652	0.548915	2.317707	1	2.222772	102.406670
5756	1000	20	22	30	0	6	7	0	6	0	0	1	0	0	0	0	-2.00	-5.00	1.027473	4.656264	0.550341	2.352015	1	2.272846	102.406670
5757	1000	25	31	28	0	8	5	0	2	0	0	0	0	0	0	0	-2.00	-5.00	1.027473	4.651429	0.476202	0.307359	1	2.259544	102.406670
5758	1000	23	28	28	0	8	7	0	5	0	0	2	0	0	0	0	-2.00	-5.00	1.026667	4.649817	0.548915	2.333560	1	2.278108	102.406670
5759	1000	25	28	32	0	2	6	0	6	0	0	0	0	0	0	0	-2.00	-5.00	1.027473	4.651429	0.547490	2.288646	1	2.312430	102.406670
5760	1000	33	27	35	0	6	14	0	3	0	0	0	0	0	0	0	-2.00	-5.00	1.027473	4.653040	0.548915	2.322988	1	2.188443	102.406670
5761	1000	30	23	26	0	7	8	0	6	0	0	0	0	0	0	0	-2.00	-5.00	1.027473	4.651429	0.546064	2.249020	1	2.275359	102.406670
5762	1000	20	21	25	0	4	4	0	5	0	0	0	0	0	0	0	-2.00	-5.00	1.026667	4.649817	0.547490	2.293920	1	2.272846	102.406670
5763	1000	34	29	23	0	9	5	0	2	0	0	0	0	0	0	0	-2.00	-5.00	1.026667	4.649817	0.548915	2.333560	1	2.283376	102.406670
5764	1000	22	29	29	0	7	7	0	6	0	0	1	0	0	0	0	-2.00	-5.00	1.027473	4.654652	0.546064	2.238510	1	2.301888	102.406670
5765	1000	23	25	26	0	3	7	0	5	0	0	0	0	0	0	0	-2.00	-5.00	1.026667	4.653040	0.547490	2.283376	1	2.317707	102.406670
5766	1000	24	28	36	0	6	8	0	6	0	0	0	0	0	0	0	-2.00	-4.75	1.027473	4.648205	0.556044	2.537117	1	2.309766	102.406670
5767	1000	36	31	24	0	12	8	0	4	0	0	0	0	0	0	0	-2.00	-5.00	1.025861	4.649817	0.548915	2.333560	1	2.317707	102.406670
5768	1000	32	26	25	0	7	8	0	1	0	0	0	0	0	0	0	-2.00	-5.00	1.026667	4.651429	0.547490	2.288646	1	2.278108	102.406670
5769	1000	27	29	29	0	8	9	0	2	0	0	1	0	0	0	0	-2.00	-5.00	1.026667	4.653040	0.547490	2.283376	1	2.238510	102.406670
5770	1000	24	27	35	0	9	4	0	6	0	0	1	0	0	0	0	-2.00	-5.00	1.026667	4.653040	0.544638	2.204151	1	2.185476	102.406670
5771	1000	21	26	29	0	7	4	0	7	0	0	1	0	0	0	0	-2.00	-5.00	1.025861	4.649817	0.547490	2.293920	1	2.243763	102.406670
5772	1000	29	23	26	0	7	7	0	2	0	0	0	0	0	0	0	-2.00	-5.00	1.026667	4.651429	0.548915	2.328272	1	2.233259	102.406670
5773	1000	18	37	28	0	7	2	0	6	0	0	0	0	0	0	0	-2.00	-5.00	1.027473	4.654652	0.548915	2.317707	1	2.307156	102.406670
5774	1000	26	24	28	0	5	6	0	6	0	0	0	0	0	0	0	-2.00	-5.00	1.027473	4.654652	0.547490	2.278108	1	2.193676	102.406670
5775	1000	24	26	23	0	7	7	0	4	0	0	0	0	0	0	0	-2.00	-5.00	1.027473	4.649817	0.544638	2.214642	1	2.293920	102.406670
5776	1000	31	19	36	0	4	12	0	6	0	0	0	0	0	0	0	-2.00	-5.00	1.024249	4.646594	0.544638	2.225146	1	2.214642	102.406670
5777	1000	28	32	30	0	9	4	0	7	0	0	0	0	0	0	0	-2.00	-5.00	1.025861	4.649817	0.546064	2.254280	1	2.214642	102.406670
5778	1000	24	24	22	0	7	5	0	4	0	0	1	0	0	0	0	-2.00	-5.00	1.025055	4.648205	0.546064	2.259544	1	2.249020	102.406670
5779	1000	25	34	26	0	4	7	0	5	0	0	0	0	0	0	0	-2.00	-5.00	1.025861	4.651429	0.543212	2.169766	1	2.206474	102.406670
5780	1000	39	37	24	0	10	8	0	6	0	0	1	0	0	0	0	-2.00	-5.00	1.025055	4.648205	0.546064	2.259544	1	2.249020	102.406670
5781	1000	27	29	20	0	12	5	0	1	0	0	1	0	0	0	0	-2.00	-5.00	1.025861	4.649817	0.546064	2.254280	1	2.204151	102.406670
5782	1000	27	29	30	0	10	11	0	4	0	0	3	0	0	0	0	-2.00	-5.00	1.025055	4.649817	0.546064	2.254280	1	2.243763	102.406670
5783	1000	29	20	16	0	8	2	0	1	0	0	0	0	0	0	0	-2.00	-5.00	1.025861	4.651429	0.546064	2.249020	1	2.243763	102.406670
5784	1000	30	22	40	0	8	8	0	5	0	0	0	0	0	0	0	-2.00	-5.00	1.025861	4.648205	0.541786	2.140583	1	2.225146	102.406670
5785	1000	29	25	37	0	5	6	0	6	0	0	0	0	0	0	0	-2.00	-5.00	1.025055	4.648205	0.543212	2.180237	1	2.169766	102.406670
5786	1000	21	24	14	0	7	4	0	5	0	0	1	0	0	0	0	-2.00	-5.00	1.026667	4.653040	0.546064	2.243763	1	2.238510	102.406670
5787	1000	27	19	19	0	4	4	0	3	0	0	0	0	0	0	0	-2.00	-5.00	1.025861	4.651429	0.546064	2.249020	1	2.275359	102.406670
5788	1000	23	17	21	0	6	2	0	1	0	0	1	0	0	0	0	-2.00	-5.00	1.025861	4.651429	0.543212	2.169766	1	2.259544	102.406670
5789	1000	24	23	30	0	4	10	0	4	0	0	0	0	0	0	0	-2.00	-5.00	1.025055	4.649817	0.544638	2.214642	1	2.243763	102.406670
5790	1000	27	25	23	0	7	6	0	5	0	0	0	0	0	0	0	-2.00	-5.00	1.025055	4.648205	0.546064	2.259544	1	2.293920	102.406670
5791	1000	28	29	29	0	7	9	0	4	0	0	0	0	0	0	0	-2.00	-5.00	1.025861	4.653040	0.546064	2.243763	1	2.198912	102.406670
5792	1000	22	27	27	0	4	7	0	5	0	0	1	0	0	0	0	-2.00	-5.00	1.025055	4.649817	0.546064	2.254280	1	2.214642	102.406670
5793	1000	25	22	24	0	7	7	0	3	0	0	1	0	0	0	0	-2.00	-5.00	1.024249	4.646594	0.536083	1.987142	1	2.230404	102.406670
5794	1000	38	29	32	0	11	8	0	4	0	0	0	0	0	0	0	-2.00	-5.00	1.025055	4.648205	0.544638	2.219892	1	2.204151	102.406670
5795	1000	31	29	35	0	8	11	0	7	0	0	1	0	0	0	0	-2.00	-5.00	1.025861	4.648205	0.543212	2.180237	1	2.169766	102.406670
5796	1000	38	34	30	0	11	8	0	7	0	0	1	0	0	0	0	-2.00	-5.00	1.025055	4.651429	0.541786	2.130140	1	2.124925	102.406670
5797	1000	22	22	19	0	6	3	0	1	0	0	1	0	0	0	0	-2.00	-5.00	1.025055	4.649817	0.541786	2.135360	1	2.121803	102.406670
5798	1000	25	23	31	0	4	8	0	5	0	0	0	0	0	0	0	-2.00	-5.00	1.025055	4.649817	0.543212	2.175000	1	2.159312	102.406670
5799	1000	31	29	27	0	8	6	0	10	0	0	0	0	0	0	0	-2.00	-5.00	1.024249	4.646594	0.544638	2.225146	1	2.011265	102.406670
5800	1000	20	19	25	0	4	6	0	3	0	0	0	0	0	0	0	-2.00	-5.00	1.025055	4.651429	0.543212	2.169766	1	2.159312	102.406670
5801	1000	29	31	34	0	8	12	0	5	0	0	0	0	0	0	0	-2.00	-5.00	1.025861	4.649817	0.544638	2.214642	1	2.204151	102.406670
5802	1000	28	28	19	0	6	4	0	4	0	0	0	0	0	0	0	-2.00	-5.00	1.024249	4.644982	0.544638	2.230404	1	2.106142	102.406670
5803	1000	36	33	35	0	11	10	0	6	0	0	1	0	0	0	0	-2.00	-5.00	1.025055	4.651429	0.543212	2.169766	1	2.159312	102.406670
5804	1000	17	24	35	0	1	5	0	11	0	0	1	0	0	0	0	-2.00	-5.00	1.025055	4.649817	0.543212	2.175000	1	2.175000	102.406670
5805	1000	24	21	29	0	2	7	0	7	0	0	0	0	0	0	0	-2.00	-5.00	1.025055	4.649817	0.543212	2.175000	1	2.169766	102.406670
5806	1000	26	27	23	0	9	6	0	3	0	0	0	0	0	0	0	-2.00	-5.00	1.025055	4.649817	0.533232	1.897525	1	2.156274	102.406670
5807	1000	24	22	34	0	2	11	0	5	0	0	0	0	0	0	0	-2.00	-5.00	1.024249	4.644982	0.543212	2.190721	1	2.175000	102.406670
5808	1000	29	21	31	0	6	12	0	4	0	0	0	0	0	0	0	-2.00	-5.00	1.024249	4.648205	0.544638	2.219892	1	2.201219	102.406670
5809	1000	33	25	27	0	9	6	0	3	0	0	0	0	0	0	0	-2.00	-5.00	1.025055	4.648205	0.541786	2.140583	1	2.169766	102.406670
5810	1000	16	20	25	0	3	5	0	3	0	0	0	0	0	0	0	-2.00	-5.00	1.025055	4.651429	0.543212	2.169766	1	2.085313	102.406670
5811	1000	28	34	21	0	13	4	0	7	0	0	1	0	0	0	0	-2.00	-5.00	1.024249	4.644982	0.536083	1.992317	1	2.151039	102.406670
5812	1000	38	35	25	0	7	6	0	6	0	0	0	0	0	0	0	-2.00	-5.00	1.023443	4.644982	0.543212	2.190721	1	2.180237	102.406670
5813	1000	28	31	32	0	7	9	0	3	0	0	0	0	0	0	0	-2.00	-5.00	1.025055	4.651429	0.540361	2.090516	1	2.085313	102.406670
5814	1000	31	36	25	0	8	7	0	7	0	0	1	0	0	0	0	-2.00	-5.00	1.024249	4.649817	0.543212	2.175000	1	2.169766	102.406670
5815	1000	28	33	31	0	8	9	0	8	0	0	0	0	0	0	0	-2.00	-5.00	1.024249	4.651429	0.534658	1.932013	1	2.145810	102.406670
5816	1000	36	24	32	0	11	10	0	2	0	0	1	0	0	0	0	-2.00	-5.00	1.024249	4.646594	0.543212	2.185476	1	2.175000	102.406670
5817	1000	29	24	23	0	8	8	0	3	0	0	1	0	0	0	0	-2.00	-5.00	1.023443	4.646594	0.541786	2.145810	1	2.264812	102.406670
5818	1000	35	29	23	0	8	9	0	4	0	0	2	0	0	0	0	-2.00	-5.00	1.025055	4.651429	0.540361	2.090516	1	2.119713	102.406670
5819	1000	23	18	19	0	5	2	0	2	0	0	0	0	0	0	0	-2.00	-5.00	1.024249	4.649817	0.541786	2.135360	1	2.135360	102.406670
5820	1000	30	20	21	0	6	5	0	4	0	0	0	0	0	0	0	-2.00	-5.00	1.024249	4.644982	0.536083	1.992317	1	2.111359	102.406670
5821	1000	34	24	29	0	6	7	0	4	0	0	0	0	0	0	0	-2.00	-5.00	1.023443	4.646594	0.537509	2.026810	1	2.095721	102.406670
5822	1000	24	24	32	0	4	9	0	4	0	0	0	0	0	0	0	-2.00	-5.00	1.024249	4.648205	0.540361	2.100930	1	2.095721	102.406670
5823	1000	29	28	28	0	7	9	0	5	0	0	1	0	0	0	0	-2.00	-5.00	1.025055	4.649817	0.541786	2.135360	1	2.124925	102.406670
5824	1000	26	38	26	0	7	6	0	7	0	0	1	0	0	0	0	-2.00	-5.00	1.024249	4.651429	0.553193	2.447148	1	2.111359	102.406670
5825	1000	31	30	27	0	9	4	0	9	0	0	0	0	0	0	0	-2.00	-5.00	1.022637	4.646594	0.538935	2.066476	1	2.095721	102.406670
5826	1000	28	21	29	0	8	9	0	1	0	0	0	0	0	0	0	-2.00	-5.00	1.023443	4.644982	0.541786	2.151039	1	2.116579	102.406670
5827	1000	39	32	21	0	11	10	0	4	0	0	1	0	0	0	0	-2.00	-5.00	1.024249	4.649817	0.540361	2.095721	1	1.971637	102.406670
5828	1000	28	20	27	0	6	4	0	3	0	0	0	0	0	0	0	-2.00	-5.00	1.024249	4.648205	0.541786	2.140583	1	2.090516	102.406670
5829	1000	25	37	30	0	10	8	0	7	0	0	0	0	0	0	0	-2.00	-5.00	1.022637	4.641758	0.540361	2.121803	1	2.076885	102.406670
5830	1000	25	34	25	0	7	10	0	5	0	0	0	0	0	0	0	-2.00	-5.00	1.023443	4.649817	0.541786	2.135360	1	2.124925	102.406670
5831	1000	23	29	29	0	8	6	0	6	0	0	1	0	0	0	0	-2.00	-5.00	1.023443	4.646594	0.540361	2.106142	1	2.100930	102.406670
5832	1000	23	19	25	0	4	7	0	7	0	0	1	0	0	0	0	-2.00	-5.00	1.025055	4.651429	0.541786	2.130140	1	2.164537	102.406670
5833	1000	21	20	20	0	8	5	0	5	0	0	1	0	0	0	0	-2.00	-5.00	1.024249	4.648205	0.538935	2.061276	1	2.111359	102.406670
5834	1000	25	28	21	0	7	5	0	4	0	0	1	0	0	0	0	-2.00	-5.00	1.022637	4.644982	0.543212	2.190721	1	2.090516	102.406670
5835	1000	28	27	29	0	8	9	0	3	0	0	2	0	0	0	0	-2.00	-5.00	1.023443	4.648205	0.537509	2.021624	1	2.056082	102.406670
5836	1000	24	25	23	0	6	6	0	7	0	0	1	0	0	0	0	-2.00	-5.00	1.024249	4.648205	0.541786	2.140583	1	2.006090	102.406670
5837	1000	19	29	37	0	8	8	0	7	0	0	2	0	0	0	0	-2.00	-5.00	1.023443	4.646594	0.541786	2.145810	1	2.100930	102.406670
5838	1000	28	27	29	0	10	12	0	6	0	0	3	0	0	0	0	-2.00	-5.00	1.022637	4.641758	0.536083	2.002678	1	2.156274	102.406670
5839	1000	20	21	33	0	4	6	0	10	0	0	1	0	0	0	0	-2.00	-5.00	1.022637	4.643370	0.540361	2.116579	1	2.100930	102.406670
5840	1000	28	26	33	0	8	10	0	4	0	0	0	0	0	0	0	-2.00	-5.00	1.022637	4.644982	0.540361	2.111359	1	2.061276	102.406670
5841	1000	31	33	27	0	14	6	0	6	0	0	0	0	0	0	0	-2.00	-5.00	1.024249	4.651429	0.538935	2.050889	1	2.011265	102.406670
5842	1000	36	15	27	0	7	13	0	1	0	0	0	0	0	0	0	-2.00	-5.00	1.023443	4.644982	0.537509	2.031999	1	2.156274	102.406670
5843	1000	24	26	36	0	7	9	0	6	0	0	2	0	0	0	0	-2.00	-5.00	1.022637	4.643370	0.541786	2.156274	1	2.106142	102.406670
5844	1000	27	27	29	0	7	6	0	3	0	0	0	0	0	0	0	-2.00	-5.00	1.023443	4.648205	0.538935	2.061276	1	2.056082	102.406670
5845	1000	23	32	19	0	6	4	0	3	0	0	0	0	0	0	0	-2.00	-5.00	1.023443	4.649817	0.537509	2.016443	1	1.937163	102.406670
5846	1000	24	27	32	0	3	4	0	7	0	0	0	0	0	0	0	-2.00	-5.00	1.022637	4.646594	0.538935	2.066476	1	2.061276	102.406670
5847	1000	26	29	26	0	5	13	0	3	0	0	1	0	0	0	0	-2.00	-5.00	1.022637	4.643370	0.538935	2.076885	1	2.037191	102.406670
5848	1000	23	26	22	0	4	6	0	4	0	0	0	0	0	0	0	-2.00	-5.00	1.021832	4.644982	0.538935	2.071679	1	2.021624	102.406670
5849	1000	26	20	24	0	7	7	0	0	0	0	0	0	0	0	0	-2.00	-5.00	1.022637	4.646594	0.538935	2.066476	1	1.942318	102.406670
5850	1000	22	20	21	0	6	4	0	3	0	0	1	0	0	0	0	-2.00	-5.00	1.023443	4.649817	0.538935	2.056082	1	2.095721	102.406670
5851	1000	27	31	27	0	4	6	0	3	0	0	0	0	0	0	0	-2.00	-5.00	1.022637	4.644982	0.536083	1.992317	1	2.087309	102.406670
5852	1000	30	30	32	0	3	10	0	3	0	0	0	0	0	0	0	-2.00	-5.00	1.021832	4.641758	0.538935	2.082095	1	2.026810	102.406670
5853	1000	33	27	29	0	10	4	0	2	0	0	0	0	0	0	0	-2.00	-5.00	1.022637	4.648205	0.538935	2.061276	1	2.056082	102.406670
5854	1000	28	23	35	0	9	9	0	6	0	0	1	0	0	0	0	-2.00	-5.00	1.021832	4.644982	0.537509	2.031999	1	2.082095	102.406670
5855	1000	25	23	31	0	6	7	0	5	0	0	0	0	0	0	0	-2.00	-5.00	1.023443	4.649817	0.534658	1.937163	1	2.076885	102.406670
5856	1000	23	32	29	0	11	3	0	7	0	0	1	0	0	0	0	-2.00	-5.00	1.021832	4.643370	0.538935	2.076885	1	2.026810	102.406670
5857	1000	27	32	22	0	13	5	0	7	0	0	2	0	0	0	0	-2.00	-5.00	1.022637	4.646594	0.537509	2.026810	1	1.976802	102.406670
5858	1000	23	28	19	0	9	6	0	6	0	0	1	0	0	0	0	-2.00	-5.00	1.022637	4.648205	0.538935	2.061276	1	1.937163	102.406670
5859	1000	25	26	26	0	8	7	0	6	0	0	1	0	0	0	0	-2.00	-5.00	1.023443	4.649817	0.537509	2.016443	1	2.090516	102.406670
5860	1000	20	28	29	0	3	6	0	7	0	0	1	0	0	0	0	-2.00	-5.00	1.022637	4.643370	0.553193	2.473830	1	1.962970	102.406670
5861	1000	21	29	21	0	7	5	0	3	0	0	0	0	0	0	0	-2.00	-5.00	1.021832	4.643370	0.538935	2.076885	1	2.066476	102.406670
5862	1000	25	32	24	0	7	4	0	5	0	0	0	0	0	0	0	-2.00	-5.00	1.022637	4.646594	0.537509	2.026810	1	2.016443	102.406670
5863	1000	25	27	24	0	6	6	0	6	0	0	0	0	0	0	0	-2.00	-5.00	1.022637	4.648205	0.537509	2.021624	1	2.140583	102.406670
5864	1000	18	24	19	0	7	4	0	5	0	0	0	0	0	0	0	-2.00	-5.00	1.022637	4.644982	0.531806	1.873276	1	2.082095	102.406670
5865	1000	25	17	27	0	4	6	0	2	0	0	0	0	0	0	0	-2.00	-5.00	1.021026	4.643370	0.537509	2.037191	1	2.026810	102.406670
5866	1000	22	23	27	0	4	5	0	5	0	0	0	0	0	0	0	-2.00	-5.00	1.021832	4.646594	0.534658	1.947475	1	2.016443	102.406670
5867	1000	21	31	27	0	4	7	0	4	0	0	0	0	0	0	0	-2.00	-5.00	1.021832	4.646594	0.537509	2.026810	1	2.061276	102.406670
5868	1000	25	24	27	0	8	6	0	6	0	0	1	0	0	0	0	-2.00	-5.00	1.021832	4.644982	0.537509	2.031999	1	2.026810	102.406670
5869	1000	20	24	20	0	5	4	0	5	0	0	0	0	0	0	0	-2.00	-5.00	1.021026	4.643370	0.531806	1.878414	1	2.002678	102.406670
5870	1000	32	29	26	0	9	8	0	8	0	0	1	0	0	0	0	-2.00	-5.00	1.021832	4.643370	0.537509	2.037191	1	1.981970	102.406670
5871	1000	27	30	26	0	14	8	0	3	0	0	1	0	0	0	0	-2.00	-5.00	1.021026	4.643370	0.537509	2.037191	1	1.987142	102.406670
5872	1000	34	31	33	0	13	11	0	3	0	0	0	0	0	0	0	-2.00	-5.00	1.021832	4.644982	0.536083	1.992317	1	1.902664	102.406670
5873	1000	28	31	22	0	8	6	0	4	0	0	0	0	0	0	0	-2.00	-5.00	1.021832	4.646594	0.533232	1.907808	1	1.962970	102.406670
5874	1000	29	33	31	0	7	4	0	8	0	0	0	0	0	0	0	-2.00	-5.00	1.021026	4.640147	0.536083	2.007864	1	1.992317	102.406670
5875	1000	25	33	30	0	11	6	0	8	0	0	1	0	0	0	0	-2.00	-5.00	1.022637	4.646594	0.536083	1.987142	1	2.021624	102.406670
5876	1000	23	22	28	0	7	9	0	5	0	0	2	0	0	0	0	-2.00	-5.00	1.021832	4.646594	0.536083	1.987142	1	1.942318	102.406670
5877	1000	21	18	20	0	6	6	0	6	0	0	2	0	0	0	0	-2.00	-5.00	1.021832	4.646594	0.536083	1.987142	1	1.947475	102.406670
5878	1000	28	29	18	0	8	6	0	2	0	0	0	0	0	0	0	-2.00	-5.00	1.021026	4.638535	0.531806	1.893846	1	1.978497	102.406670
5879	1000	18	32	27	0	7	5	0	10	0	0	1	0	0	0	0	-2.00	-5.00	1.021026	4.641758	0.536083	2.002678	1	1.992317	102.406670
5880	1000	29	23	27	0	7	8	0	5	0	0	0	0	0	0	0	-2.00	-5.00	1.021832	4.646594	0.537509	2.026810	1	1.937163	102.406670
5881	1000	26	24	23	0	9	5	0	3	0	0	2	0	0	0	0	-2.00	-5.00	1.021832	4.648205	0.537509	2.021624	1	2.047587	102.406670
5882	1000	28	34	24	0	6	3	0	6	0	0	0	0	0	0	0	-2.00	-5.00	1.022637	4.648205	0.533232	1.902664	1	1.923262	102.406670
5883	1000	32	33	31	0	10	12	0	3	0	0	3	0	0	0	0	-2.00	-5.00	1.020220	4.641758	0.534658	1.962970	1	1.992317	102.406670
5884	1000	30	23	25	0	9	7	0	5	0	0	0	0	0	0	0	-2.00	-5.00	1.021832	4.648205	0.534658	1.942318	1	1.852762	102.406670
5885	1000	23	26	23	0	7	4	0	3	0	0	0	0	0	0	0	-2.00	-5.00	1.021026	4.644982	0.534658	1.952636	1	1.987142	102.406670
5886	1000	25	26	24	0	7	7	0	6	0	0	0	0	0	0	0	-2.00	-5.00	1.021832	4.646594	0.536083	1.987142	1	1.987142	102.406670
5887	1000	15	17	20	0	6	4	0	4	0	0	1	0	0	0	0	-2.00	-5.00	1.020220	4.638535	0.534658	1.973317	1	1.933582	102.406670
5888	1000	23	29	32	0	5	7	0	7	0	0	1	0	0	0	0	-2.00	-5.00	1.021026	4.643370	0.536083	1.997495	1	1.981970	102.406670
5889	1000	15	24	26	0	5	4	0	6	0	0	0	0	0	0	0	-2.00	-5.00	1.021026	4.643370	0.537509	2.037191	1	1.987142	102.406670
5890	1000	22	28	31	0	5	7	0	5	0	0	0	0	0	0	0	-2.00	-5.00	1.021026	4.644982	0.536083	1.992317	1	1.987142	102.406670
5891	1000	32	23	25	0	13	8	0	4	0	0	1	0	0	0	0	-2.00	-5.00	1.021026	4.643370	0.531806	1.878414	1	1.959446	102.406670
5892	1000	23	23	21	0	8	3	0	2	0	0	0	0	0	0	0	-2.00	-5.00	1.021026	4.643370	0.537509	2.037191	1	2.021624	102.406670
5893	1000	24	21	22	0	3	6	0	5	0	0	0	0	0	0	0	-2.00	-5.00	1.021026	4.644982	0.534658	1.952636	1	1.992317	102.406670
5894	1000	20	20	27	0	4	9	0	0	0	0	0	0	0	0	0	-2.00	-5.00	1.021026	4.643370	0.536083	1.997495	1	1.912956	102.406670
5895	1000	33	35	33	0	7	9	0	10	0	0	0	0	0	0	0	-2.00	-5.00	1.021832	4.646594	0.536083	1.987142	1	1.863012	102.406670
5896	1000	18	29	26	0	8	3	0	6	0	0	1	0	0	0	0	-2.00	-5.00	1.020220	4.640147	0.528955	1.809255	1	2.013053	102.406670
5897	1000	24	26	31	0	6	4	0	7	0	0	0	0	0	0	0	-2.00	-5.00	1.019414	4.638535	0.533232	1.933582	1	1.923262	102.406670
5898	1000	25	21	34	0	6	10	0	6	0	0	2	0	0	0	0	-2.00	-5.00	1.021026	4.644982	0.533232	1.912956	1	1.907808	102.406670
5899	1000	22	25	32	0	7	6	0	8	0	0	0	0	0	0	0	-2.00	-5.00	1.021026	4.643370	0.534658	1.957801	1	1.918108	102.406670
5900	1000	34	30	29	0	5	8	0	7	0	0	1	0	0	0	0	-2.00	-5.00	1.021026	4.644982	0.594539	3.619227	1	1.933582	102.406670
5901	1000	32	22	30	0	6	9	0	5	0	0	0	0	0	0	0	-2.00	-5.00	1.020220	4.641758	0.536083	2.002678	1	1.912956	102.406670
5902	1000	25	35	40	0	9	11	0	8	0	0	1	0	0	0	0	-2.00	-5.00	1.020220	4.643370	0.533232	1.918108	1	1.783706	102.406670
5903	1000	30	26	29	0	8	7	0	7	0	0	1	0	0	0	0	-2.00	-5.00	1.020220	4.643370	0.533232	1.918108	1	1.947475	102.406670
5904	1000	26	32	26	0	8	2	0	3	0	0	0	0	0	0	0	-2.00	-5.00	1.020220	4.643370	0.533232	1.918108	1	1.952636	102.406670
5905	1000	24	30	24	0	6	7	0	10	0	0	1	0	0	0	0	-2.00	-5.00	1.019414	4.638535	0.530380	1.854110	1	1.938747	102.406670
5906	1000	27	30	25	0	9	5	0	4	0	0	1	0	0	0	0	-2.00	-5.00	1.020220	4.643370	0.531806	1.878414	1	1.947475	102.406670
5908	1000	19	28	25	0	5	5	0	8	0	0	0	0	0	0	0	-2.00	-5.00	1.021026	4.643370	0.533232	1.918108	1	1.833596	102.406670
5909	1000	27	29	30	0	2	7	0	7	0	0	1	0	0	0	0	-2.00	-5.00	1.020220	4.643370	0.534658	1.957801	1	1.923262	102.406670
5910	1000	34	33	33	0	15	3	0	10	0	0	2	0	0	0	0	-2.00	-5.00	1.021026	4.648205	0.526103	1.704399	1	1.962970	102.406670
5911	1000	25	17	17	0	7	7	0	2	0	0	1	0	0	0	0	-2.00	-5.00	1.019414	4.638535	0.530380	1.854110	1	1.923262	102.406670
5912	1000	31	28	37	0	6	9	0	4	0	0	0	0	0	0	0	-2.00	-5.00	1.020220	4.643370	0.533232	1.918108	1	1.947475	102.406670
5913	1000	29	24	24	0	6	9	0	4	0	0	1	0	0	0	0	-2.00	-5.00	1.020220	4.641758	0.534658	1.962970	1	1.873276	102.406670
5914	1000	19	22	15	0	6	4	0	2	0	0	0	0	0	0	0	-2.00	-5.00	1.020220	4.641758	0.533232	1.923262	1	1.878414	102.406670
5915	1000	25	37	18	0	12	5	0	4	0	0	1	0	0	0	0	-2.00	-5.00	1.019414	4.638535	0.528955	1.814375	1	1.933582	102.406670
5916	1000	21	23	25	0	6	3	0	3	0	0	0	0	0	0	0	-2.00	-5.00	1.020220	4.643370	0.534658	1.957801	1	1.907808	102.406670
5917	1000	33	27	31	0	11	11	0	6	0	0	2	0	0	0	0	-2.00	-5.00	1.019414	4.641758	0.534658	1.962970	1	1.912956	102.406670
5918	1000	26	28	27	0	6	7	0	6	0	0	2	0	0	0	0	-2.00	-5.00	1.020220	4.644982	0.533232	1.912956	1	1.912956	102.406670
5919	1000	22	24	20	0	6	2	0	1	0	0	0	0	0	0	0	-2.00	-5.00	1.021026	4.643370	0.528955	1.799024	1	1.933582	102.406670
5920	1000	26	24	28	0	4	8	0	6	0	0	2	0	0	0	0	-2.00	-5.00	1.019414	4.638535	0.533232	1.933582	1	1.918108	102.406670
5921	1000	31	22	27	0	4	9	0	5	0	0	0	0	0	0	0	-2.00	-5.00	1.020220	4.643370	0.534658	1.957801	1	1.947475	102.406670
5922	1000	30	31	23	0	11	2	0	2	0	0	0	0	0	0	0	-2.00	-5.00	1.020220	4.644982	0.533232	1.912956	1	1.902664	102.406670
5923	1000	24	26	29	0	3	12	0	5	0	0	0	0	0	0	0	-2.00	-5.00	1.019414	4.641758	0.533232	1.923262	1	1.878414	102.406670
5924	1000	30	25	25	0	9	4	0	6	0	0	0	0	0	0	0	-2.00	-5.00	1.019414	4.641758	0.534658	1.962970	1	1.918108	102.406670
5925	1000	18	22	20	0	3	4	0	1	0	0	0	0	0	0	0	-2.00	-5.00	1.019414	4.643370	0.528955	1.799024	1	1.868142	102.406670
5926	1000	29	17	24	0	5	8	0	2	0	0	0	0	0	0	0	-2.00	-5.00	1.019414	4.641758	0.531806	1.883555	1	1.719635	102.406670
5927	1000	33	28	34	0	6	12	0	7	0	0	0	0	0	0	0	-2.00	-5.00	1.020220	4.643370	0.528955	1.799024	1	1.873276	102.406670
5928	1000	25	24	29	0	8	5	0	5	0	0	1	0	0	0	0	-2.00	-5.00	1.019414	4.643370	0.527529	1.759329	1	1.904153	102.406670
5929	1000	31	37	28	0	11	8	0	7	0	0	1	0	0	0	0	-2.00	-5.00	1.019414	4.640147	0.528955	1.809255	1	1.912956	102.406670
5930	1000	21	28	27	0	7	1	0	4	0	0	0	0	0	0	0	-2.00	-5.00	1.019414	4.641758	0.531806	1.883555	1	1.878414	102.406670
5931	1000	21	21	26	0	5	7	0	3	0	0	2	0	0	0	0	-2.00	-5.00	1.019414	4.643370	0.530380	1.838720	1	1.907808	102.406670
5932	1000	18	24	23	0	6	4	0	5	0	0	0	0	0	0	0	-2.00	-5.00	1.019414	4.641758	0.531806	1.883555	1	1.838720	102.406670
5933	1000	30	32	37	0	11	7	0	7	0	0	0	0	0	0	0	-2.00	-5.00	1.019414	4.638535	0.530380	1.854110	1	1.848977	102.406670
5934	1000	19	20	22	0	4	4	0	3	0	0	0	0	0	0	0	-2.00	-5.00	1.018608	4.638535	0.530380	1.854110	1	1.838720	102.406670
5935	1000	33	21	33	0	4	15	0	7	0	0	1	0	0	0	0	-2.00	-5.00	1.019414	4.641758	0.531806	1.883555	1	1.793915	102.406670
5936	1000	13	23	28	0	3	4	0	5	0	0	0	0	0	0	0	-2.00	-5.00	1.019414	4.641758	0.527529	1.764428	1	1.883555	102.406670
5937	1000	25	26	28	0	8	9	0	7	0	0	1	0	0	0	0	-2.00	-5.00	1.019414	4.641758	0.447687	-0.459233	1	1.859249	102.406670
5938	1000	22	28	27	0	5	6	0	7	0	0	1	0	0	0	0	-2.00	-5.00	1.018608	4.640147	0.527529	1.769532	1	1.878414	102.406670
5939	1000	29	29	24	0	7	5	0	4	0	0	0	0	0	0	0	-2.00	-5.00	1.018608	4.641758	0.531806	1.883555	1	1.883555	102.406670
5940	1000	23	18	21	0	7	5	0	4	0	0	0	0	0	0	0	-2.00	-5.00	1.019414	4.643370	0.531806	1.878414	1	1.704399	102.406670
5941	1000	22	23	23	0	4	8	0	1	0	0	0	0	0	0	0	-2.00	-5.00	1.017802	4.636923	0.526103	1.739999	1	1.883555	102.406670
5942	1000	17	20	25	0	5	4	0	7	0	0	1	0	0	0	0	-2.00	-5.00	1.017802	4.630476	0.530380	1.879836	1	1.909312	102.406670
5943	1000	28	40	36	0	10	7	0	11	0	0	1	0	0	0	0	-2.00	-5.00	1.017802	4.635312	0.531806	1.904153	1	1.734902	102.406670
5944	1000	26	26	30	0	6	5	0	5	0	0	1	0	0	0	0	-2.00	-5.00	1.017802	4.638535	0.530380	1.854110	1	1.883555	102.406670
5945	1000	21	29	26	0	7	6	0	3	0	0	2	0	0	0	0	-2.00	-5.00	1.019414	4.643370	0.531806	1.878414	1	1.838720	102.406670
5946	1000	22	20	14	0	5	5	0	1	0	0	0	0	0	0	0	-2.00	-5.00	1.019414	4.640147	0.523252	1.650367	1	1.893846	102.406670
5947	1000	21	25	21	0	5	1	0	5	0	0	0	0	0	0	0	-2.00	-5.00	1.018608	4.638535	0.530380	1.854110	1	1.843845	102.406670
5948	1000	26	24	19	0	8	6	0	5	0	0	1	0	0	0	0	-2.00	-5.00	1.018608	4.640147	0.531806	1.888699	1	1.843845	102.406670
5949	1000	25	22	29	0	3	4	0	5	0	0	0	0	0	0	0	-2.00	-5.00	1.019414	4.643370	0.530380	1.838720	1	1.878414	102.406670
5950	1000	23	25	26	0	6	5	0	8	0	0	0	0	0	0	0	-2.00	-5.00	1.019414	4.643370	0.531806	1.878414	1	1.754234	102.406670
5951	1000	20	25	27	0	5	7	0	4	0	0	0	0	0	0	0	-2.00	-5.00	1.016996	4.630476	0.524677	1.720616	1	1.829758	102.406670
5952	1000	22	31	25	0	10	7	0	7	0	0	2	0	0	0	0	-2.00	-5.00	1.018608	4.638535	0.531806	1.893846	1	1.878414	102.406670
5953	1000	22	21	24	0	5	7	0	3	0	0	1	0	0	0	0	-2.00	-5.00	1.017802	4.640147	0.530380	1.848977	1	1.685013	102.406670
5954	1000	27	32	32	0	13	4	0	8	0	0	1	0	0	0	0	-2.00	-5.00	1.018608	4.641758	0.530380	1.843845	1	1.799024	102.406670
5955	1000	32	35	28	0	10	6	0	5	0	0	0	0	0	0	0	-2.00	-5.00	1.019414	4.644982	0.527529	1.754234	1	1.809255	102.406670
5956	1000	15	24	22	0	1	4	0	4	0	0	0	0	0	0	0	-2.00	-5.00	1.018608	4.640147	0.528955	1.809255	1	1.804137	102.406670
5957	1000	23	25	21	0	11	4	0	8	0	0	3	0	0	0	0	-2.00	-5.00	1.017802	4.638535	0.528955	1.814375	1	1.804137	102.406670
5958	1000	21	30	17	0	7	6	0	4	0	0	1	0	0	0	0	-2.00	-5.00	1.018608	4.640147	0.530380	1.848977	1	1.819499	102.406670
5959	1000	27	35	25	0	9	7	0	8	0	0	3	0	0	0	0	-2.00	-5.00	1.018608	4.641758	0.523252	1.645305	1	1.784863	102.406670
5960	1000	35	24	34	0	6	15	0	5	0	0	0	0	0	0	0	-2.00	-5.00	1.016996	4.635312	0.527529	1.784863	1	1.764428	102.406670
5961	1000	22	27	26	0	8	5	0	7	0	0	0	0	0	0	0	-2.00	-5.00	1.017802	4.636923	0.530380	1.859249	1	1.769532	102.406670
5962	1000	20	16	26	0	4	3	0	5	0	0	0	0	0	0	0	-2.00	-5.00	1.016996	4.636923	0.528955	1.819499	1	1.690089	102.406670
5963	1000	28	30	28	0	10	8	0	8	0	0	2	0	0	0	0	-2.00	-5.00	1.016996	4.636923	0.526103	1.739999	1	1.774638	102.406670
5964	1000	26	20	30	0	6	15	0	5	0	0	4	0	0	0	0	-2.00	-5.00	1.016996	4.636923	0.521826	1.620752	1	1.834893	102.406670
5965	1000	28	21	26	0	6	7	0	3	0	0	0	0	0	0	0	-2.00	-5.00	1.016996	4.635312	0.528955	1.824628	1	1.734902	102.406670
5966	1000	25	34	22	0	9	5	0	6	0	0	0	0	0	0	0	-2.00	-5.00	1.018608	4.641758	0.530380	1.843845	1	1.724720	102.406670
5967	1000	14	17	20	0	3	1	0	6	0	0	1	0	0	0	0	-2.00	-5.00	1.017802	4.638535	0.528955	1.814375	1	1.724720	102.406670
5968	1000	32	33	32	0	14	8	0	5	0	0	1	0	0	0	0	-2.00	-5.00	1.016996	4.636923	0.523252	1.660501	1	1.795101	102.406670
5969	1000	20	23	20	0	6	6	0	4	0	0	0	0	0	0	0	-2.00	-5.00	1.016996	4.635312	0.527529	1.784863	1	1.814375	102.406670
5970	1000	32	20	32	0	3	13	0	2	0	0	0	0	0	0	0	-2.00	-5.00	1.016996	4.638535	0.528955	1.814375	1	1.690089	102.406670
5971	1000	31	30	33	0	10	7	0	4	0	0	1	0	0	0	0	-2.00	-5.00	1.016996	4.638535	0.527529	1.774638	1	1.764428	102.406670
5972	1000	22	19	24	0	5	5	0	6	0	0	1	0	0	0	0	-2.00	-5.00	1.017802	4.640147	0.527529	1.769532	1	1.799024	102.406670
5973	1000	22	26	20	0	11	4	0	7	0	0	1	0	0	0	0	-2.00	-5.00	1.017802	4.638535	0.570302	2.966715	1	1.819499	102.406670
5974	1000	20	27	26	0	4	5	0	3	0	0	0	0	0	0	0	-2.00	-5.00	1.016996	4.635312	0.528955	1.824628	1	1.848977	102.406670
5975	1000	23	33	29	0	4	9	0	6	0	0	0	0	0	0	0	-2.00	-5.00	1.017802	4.640147	0.528955	1.809255	1	1.799024	102.406670
5976	1000	14	26	28	0	4	2	0	9	0	0	0	0	0	0	0	-2.00	-5.00	1.018608	4.641758	0.530380	1.843845	1	1.769532	102.406670
5977	1000	18	27	29	0	8	4	0	7	0	0	1	0	0	0	0	-2.00	-5.00	1.018608	4.641758	0.521826	1.605597	1	1.824628	102.406670
5978	1000	20	23	25	0	3	5	0	6	0	0	0	0	0	0	0	-2.00	-5.00	1.016996	4.638535	0.524677	1.695167	1	1.804137	102.406670
5979	1000	30	26	22	0	7	8	0	3	0	0	0	0	0	0	0	-2.00	-5.00	1.016996	4.640147	0.528955	1.809255	1	1.859249	102.406670
5980	1000	22	21	22	0	5	3	0	6	0	0	0	0	0	0	0	-2.00	-5.00	1.017802	4.638535	0.528955	1.814375	1	1.809255	102.406670
5981	1000	23	32	19	0	8	5	0	4	0	0	1	0	0	0	0	-2.00	-5.00	1.016996	4.638535	0.527529	1.774638	1	1.809255	102.406670
5982	1000	24	19	20	0	5	5	0	1	0	0	0	0	0	0	0	-2.00	-5.00	1.017802	4.636923	0.556044	2.574744	1	1.819499	102.406670
5983	1000	24	27	33	0	3	5	0	9	0	0	0	0	0	0	0	-2.00	-5.00	1.016191	4.633700	0.527529	1.789979	1	1.779748	102.406670
5984	1000	25	26	27	0	4	7	0	9	0	0	0	0	0	0	0	-2.00	-5.00	1.017802	4.641758	0.527529	1.764428	1	1.645305	102.406670
5985	1000	28	16	25	0	4	6	0	3	0	0	0	0	0	0	0	-2.00	-5.00	1.017802	4.638535	0.526103	1.734902	1	1.755309	102.406670
5986	1000	20	26	22	0	5	4	0	4	0	0	1	0	0	0	0	-2.00	-5.00	1.017802	4.638535	0.524677	1.695167	1	1.750202	102.406670
5987	1000	34	27	27	0	11	9	0	3	0	0	0	0	0	0	0	-2.00	-5.00	1.017802	4.638535	0.526103	1.734902	1	1.685013	102.406670
5988	1000	21	24	21	0	6	6	0	4	0	0	0	0	0	0	0	-2.00	-5.00	1.016996	4.638535	0.521826	1.615696	1	1.764428	102.406670
5989	1000	34	34	29	0	13	6	0	4	0	0	1	0	0	0	0	-2.00	-5.00	1.017802	4.640147	0.527529	1.769532	1	1.724720	102.406670
5990	1000	29	26	22	0	7	6	0	4	0	0	0	0	0	0	0	-2.00	-5.00	1.017802	4.643370	0.527529	1.759329	1	1.754234	102.406670
5991	1000	24	27	25	0	5	6	0	5	0	0	0	0	0	0	0	-2.00	-5.00	1.016996	4.633700	0.524677	1.710427	1	1.630872	102.406670
5992	1000	22	26	25	0	6	5	0	5	0	0	0	0	0	0	0	-2.00	-5.00	1.016996	4.638535	0.524677	1.695167	1	1.724720	102.406670
5993	1000	24	28	28	0	8	6	0	6	0	0	2	0	0	0	0	-2.00	-5.00	1.017802	4.638535	0.527529	1.774638	1	1.764428	102.406670
5994	1000	31	28	35	0	11	9	0	6	0	0	2	0	0	0	0	-2.00	-5.00	1.016191	4.635312	0.526103	1.745100	1	1.705336	102.406670
5995	1000	26	25	26	0	5	8	0	5	0	0	1	0	0	0	0	-2.00	-5.00	1.016996	4.638535	0.520400	1.575959	1	1.760421	102.406670
5996	1000	25	32	21	0	10	6	0	4	0	0	1	0	0	0	0	-2.00	-5.00	1.016996	4.636923	0.527529	1.779748	1	1.724720	102.406670
5997	1000	23	22	27	0	5	6	0	2	0	0	0	0	0	0	0	-2.00	-5.00	1.016191	4.636923	0.527529	1.779748	1	1.570921	102.406670
5998	1000	16	28	24	0	6	4	0	7	0	0	0	0	0	0	0	-2.00	-5.00	1.017802	4.636923	0.527529	1.779748	1	1.729811	102.406670
5999	1000	19	14	31	0	2	6	0	3	0	0	0	0	0	0	0	-2.00	-5.00	1.016996	4.641758	0.527529	1.764428	1	1.640247	102.406670
6000	1000	32	26	34	0	6	5	0	8	0	0	0	0	0	0	0	-2.00	-5.00	1.017802	4.636923	0.526103	1.739999	1	1.814375	102.406670
6001	1000	27	22	25	0	6	6	0	6	0	0	1	0	0	0	0	-2.00	-5.25	1.015385	4.633700	0.524677	1.710427	1	1.734902	102.406670
6002	1000	28	27	26	0	10	6	0	7	0	0	0	0	0	0	0	-2.00	-5.00	1.016191	4.635312	0.526103	1.745100	1	1.734902	102.406670
6003	1000	21	24	32	0	8	8	0	6	0	0	2	0	0	0	0	-2.00	-5.25	1.016191	4.638535	0.523252	1.655431	1	1.734902	102.406670
6004	1000	23	23	23	0	10	4	0	0	0	0	0	0	0	0	0	-2.00	-5.00	1.016996	4.640147	0.523252	1.650367	1	1.745100	102.406670
6005	1000	24	24	28	0	6	9	0	4	0	0	0	0	0	0	0	-2.00	-5.00	1.016191	4.635312	0.526103	1.745100	1	1.769532	102.406670
6006	1000	19	20	26	0	6	3	0	2	0	0	0	0	0	0	0	-2.00	-5.00	1.016996	4.640147	0.527529	1.769532	1	1.795101	102.406670
6007	1000	25	19	28	0	9	8	0	6	0	0	1	0	0	0	0	-2.00	-5.00	1.016996	4.636923	0.526103	1.739999	1	1.690089	102.406670
6008	1000	23	19	27	0	8	6	0	4	0	0	1	0	0	0	0	-2.00	-5.00	1.016996	4.640147	0.527529	1.769532	1	1.724720	102.406670
6009	1000	13	16	21	0	4	5	0	4	0	0	0	0	0	0	0	-2.00	-5.00	1.016191	4.635312	0.520400	1.586044	1	1.670650	102.406670
6010	1000	25	24	28	0	2	9	0	4	0	0	0	0	0	0	0	-2.00	-5.00	1.016996	4.638535	0.521826	1.615696	1	1.685013	102.406670
6011	1000	21	23	19	0	6	6	0	3	0	0	1	0	0	0	0	-2.00	-5.00	1.016191	4.633700	0.523252	1.670650	1	1.739999	102.406670
6012	1000	29	27	29	0	6	10	0	7	0	0	1	0	0	0	0	-2.00	-5.00	1.015385	4.632088	0.518974	1.556353	1	1.705336	102.406670
6013	1000	29	25	25	0	9	9	0	6	0	0	1	0	0	0	0	-2.00	-5.00	1.016191	4.636923	0.550341	2.415745	1	1.720616	102.406670
6014	1000	21	18	19	0	7	2	0	3	0	0	0	0	0	0	0	-2.00	-5.25	1.015385	4.635312	0.524677	1.705336	1	1.575959	102.406670
6015	1000	27	32	19	0	10	4	0	3	0	0	0	0	0	0	0	-2.00	-5.00	1.016191	4.633700	0.521826	1.630872	1	1.675729	102.406670
6016	1000	27	38	26	0	7	8	0	9	0	0	1	0	0	0	0	-2.00	-5.00	1.016996	4.636923	0.524677	1.700251	1	1.690089	102.406670
6017	1000	23	32	27	0	8	9	0	6	0	0	1	0	0	0	0	-2.00	-5.00	1.016191	4.636923	0.524677	1.700251	1	1.690089	102.406670
6018	1000	31	16	26	0	4	13	0	4	0	0	1	0	0	0	0	-2.00	-5.00	1.016191	4.633700	0.536083	2.028644	1	1.715518	102.406670
6019	1000	33	33	27	0	11	9	0	5	0	0	0	0	0	0	0	-2.00	-5.25	1.015385	4.633700	0.521826	1.630872	1	1.581000	102.406670
6020	1000	25	15	12	0	3	3	0	2	0	0	1	0	0	0	0	-2.00	-5.00	1.016191	4.635312	0.523252	1.665573	1	1.660501	102.406670
6021	1000	32	30	23	0	11	5	0	7	0	0	1	0	0	0	0	-2.00	-5.00	1.016191	4.636923	0.524677	1.700251	1	1.690089	102.406670
6022	1000	33	23	29	0	9	10	0	5	0	0	1	0	0	0	0	-2.00	-5.00	1.016996	4.638535	0.520400	1.575959	1	1.720616	102.406670
6023	1000	28	26	27	0	8	6	0	3	0	0	0	0	0	0	0	-2.00	-5.25	1.015385	4.635312	0.524677	1.705336	1	1.695167	102.406670
6024	1000	21	23	27	0	6	5	0	5	0	0	0	0	0	0	0	-2.00	-5.25	1.015385	4.633700	0.524677	1.710427	1	1.591092	102.406670
6025	1000	26	22	32	0	5	10	0	7	0	0	1	0	0	0	0	-2.00	-5.00	1.016191	4.635312	0.523252	1.665573	1	1.620752	102.406670
6026	1000	23	17	26	0	6	7	0	4	0	0	0	0	0	0	0	-2.00	-5.00	1.016191	4.635312	0.520400	1.586044	1	1.700251	102.406670
6027	1000	34	38	26	0	2	7	0	7	0	0	0	0	0	0	0	-2.00	-5.00	1.016191	4.630476	0.520400	1.601199	1	1.715518	102.406670
6028	1000	32	24	23	0	8	8	0	6	0	0	1	0	0	0	0	-2.00	-5.00	1.016191	4.635312	0.526103	1.745100	1	1.729811	102.406670
6029	1000	19	19	33	0	4	4	0	1	0	0	0	0	0	0	0	-2.00	-5.25	1.015385	4.635312	0.526103	1.745100	1	1.536223	102.406670
6030	1000	26	26	15	0	6	4	0	4	0	0	1	0	0	0	0	-2.00	-5.25	1.016191	4.638535	0.524677	1.695167	1	1.650367	102.406670
6031	1000	29	23	27	0	5	9	0	4	0	0	0	0	0	0	0	-2.00	-5.00	1.016191	4.633700	0.517549	1.511538	1	1.680812	102.406670
6032	1000	26	25	24	0	10	6	0	3	0	0	0	0	0	0	0	-2.00	-5.25	1.014579	4.630476	0.521826	1.641007	1	1.705336	102.406670
6033	1000	27	23	21	0	8	9	0	2	0	0	0	0	0	0	0	-2.00	-5.00	1.016996	4.638535	0.523252	1.655431	1	1.655431	102.406670
6034	1000	27	20	32	0	3	9	0	3	0	0	0	0	0	0	0	-2.00	-5.00	1.016191	4.636923	0.521826	1.620752	1	1.690089	102.406670
6035	1000	33	26	26	0	12	8	0	5	0	0	1	0	0	0	0	-2.00	-5.00	1.016996	4.640147	0.524677	1.690089	1	1.565886	102.406670
6036	1000	22	24	28	0	6	7	0	7	0	0	0	0	0	0	0	-2.00	-5.00	1.016191	4.635312	0.523252	1.665573	1	1.700251	102.406670
6037	1000	27	19	22	0	2	7	0	3	0	0	0	0	0	0	0	-2.00	-5.00	1.015385	4.632088	0.523252	1.675729	1	1.705336	102.406670
6038	1000	32	26	28	0	6	9	0	5	0	0	0	0	0	0	0	-2.00	-5.25	1.015385	4.635312	0.523252	1.665573	1	1.695167	102.406670
6039	1000	25	27	19	0	5	7	0	5	0	0	2	0	0	0	0	-2.00	-5.00	1.016191	4.636923	0.524677	1.700251	1	1.655431	102.406670
6040	1000	28	23	30	0	6	5	0	7	0	0	2	0	0	0	0	-2.00	-5.25	1.015385	4.635312	0.518974	1.546280	1	1.715518	102.406670
6041	1000	39	28	36	0	9	12	0	5	0	0	1	0	0	0	0	-2.00	-5.25	1.014579	4.628865	0.521826	1.646080	1	1.596144	102.406670
6042	1000	28	30	28	0	5	7	0	8	0	0	0	0	0	0	0	-2.00	-5.25	1.015385	4.633700	0.520400	1.591092	1	1.641007	102.406670
6043	1000	28	20	17	0	9	4	0	5	0	0	2	0	0	0	0	-2.00	-5.25	1.015385	4.636923	0.524677	1.700251	1	1.734902	102.406670
6044	1000	26	26	23	0	9	3	0	4	0	0	0	0	0	0	0	-2.00	-5.25	1.015385	4.633700	0.521826	1.630872	1	1.591092	102.406670
6045	1000	20	22	33	0	2	8	0	5	0	0	0	0	0	0	0	-2.00	-5.00	1.015385	4.630476	0.517549	1.521590	1	1.601199	102.406670
6046	1000	14	14	22	0	1	5	0	2	0	0	0	0	0	0	0	-2.00	-5.00	1.015385	4.632088	0.521826	1.635938	1	1.586044	102.406670
6047	1000	16	24	24	0	2	5	0	1	0	0	0	0	0	0	0	-2.00	-5.00	1.016191	4.635312	0.521826	1.625810	1	1.615696	102.406670
6048	1000	21	20	19	0	4	2	0	4	0	0	1	0	0	0	0	-2.00	-5.25	1.015385	4.633700	0.518974	1.551315	1	1.625810	102.406670
6049	1000	20	24	32	0	4	4	0	5	0	0	0	0	0	0	0	-2.00	-5.25	1.015385	4.635312	0.464796	0.035269	1	1.646080	102.406670
6050	1000	25	31	20	0	9	8	0	7	0	0	1	0	0	0	0	-2.00	-5.25	1.014579	4.632088	0.520400	1.596144	1	1.625810	102.406670
