quad V2.5
time	int	cnt1	cnt2	cnt3	cnt4	1&2	1&3	1&4	2&3	2&4	3&4	1&2&3	1&2&4	1&3&4	2&3&4	1&2&3&4	digTemp	temp	adct	adcr	adcp	pressure	PBS	CurrMeasurement	MeanMeasurement
2	1000	4	24	27	0	1	0	0	4	0	0	0	0	0	0	0	0.50	-2.25	1.124176	4.624030	0.491885	0.824247	0	0.884711	0.774834
3	1000	1	26	18	0	0	0	0	3	0	0	0	0	0	0	0	0.50	-2.25	1.124176	4.627253	0.489034	0.735001	0	0.894333	0.774834
4	1000	0	19	26	0	0	0	0	7	0	0	0	0	0	0	0	0.50	-2.25	1.123370	4.624030	0.491885	0.824247	0	0.824247	0.774834
5	1000	0	23	23	0	0	0	0	3	0	0	0	0	0	0	0	0.50	-2.25	1.124982	4.627253	0.494737	0.894333	0	0.889520	0.774834
6	1000	0	16	21	0	0	0	0	4	0	0	0	0	0	0	0	0.50	-2.25	1.124982	4.627253	0.491885	0.814668	0	0.884711	0.774834
7	1000	0	27	34	0	0	0	0	7	0	0	0	0	0	0	0	0.50	-2.25	1.123370	4.622418	0.493311	0.868916	0	0.864108	0.774834
8	1000	0	21	24	0	0	0	0	6	0	0	0	0	0	0	0	0.50	-2.25	1.124176	4.627253	0.490459	0.774834	0	0.899149	0.774834
9	1000	1	26	22	0	0	0	0	3	0	0	0	0	0	0	0	0.50	-2.25	1.124982	4.622418	0.493311	0.868916	0	0.789168	0.774834
10	1000	0	19	14	0	0	0	0	0	0	0	0	0	0	0	0	0.50	-2.25	1.124982	4.625641	0.494737	0.899149	0	0.913618	0.774834
11	1000	0	27	20	0	0	0	0	4	0	0	0	0	0	0	0	0.50	-2.25	1.125788	4.627253	0.490459	0.774834	0	0.929339	0.774834
12	1000	0	27	21	0	0	0	0	5	0	0	0	0	0	0	0	0.50	-2.25	1.125788	4.627253	0.494737	0.894333	0	0.938994	0.774834
13	1000	0	23	37	0	0	0	0	6	0	0	0	0	0	0	0	0.50	-2.25	1.124982	4.624030	0.496162	0.943829	0	0.894333	0.774834
14	1000	0	19	25	0	0	0	0	6	0	0	0	0	0	0	0	0.50	-2.25	1.125788	4.627253	0.496162	0.934164	0	0.924516	0.774834
15	1000	0	12	18	0	0	0	0	3	0	0	0	0	0	0	0	0.50	-2.25	1.126593	4.627253	0.496162	0.934164	0	0.844906	0.774834
16	1000	2	25	18	0	0	2	0	3	0	0	0	0	0	0	0	0.50	-2.25	1.127399	4.628865	0.491885	0.809883	0	0.924516	0.774834
17	1000	4	24	25	0	1	0	0	4	0	0	0	0	0	0	0	0.50	-2.25	1.126593	4.628865	0.402063	-1.698706	0	0.943829	0.774834
18	1000	1	20	13	0	0	0	0	3	0	0	0	0	0	0	0	0.50	-2.25	1.125788	4.624030	0.499014	1.023548	0	0.929339	0.774834
19	1000	1	15	27	0	0	0	0	1	0	0	0	0	0	0	0	0.50	-2.25	1.126593	4.624030	0.497588	0.983689	0	0.973997	0.774834
20	1000	1	25	25	0	0	1	0	7	0	0	0	0	0	0	0	0.50	-2.25	1.128205	4.628865	0.499014	1.008975	0	0.969156	0.774834
21	1000	2	24	19	0	0	2	0	2	0	0	0	0	0	0	0	0.50	-2.25	1.126593	4.625641	0.496162	0.938994	0	0.969156	0.774834
22	1000	1	22	23	0	1	1	0	3	0	0	1	0	0	0	0	0.50	-2.25	1.128205	4.625641	0.490459	0.779608	0	0.903968	0.774834
23	1000	4	32	30	0	2	1	0	6	0	0	0	0	0	0	0	0.50	-2.25	1.127399	4.630476	0.497588	0.964320	0	1.048795	0.774834
24	1000	2	19	27	0	0	0	0	6	0	0	0	0	0	0	0	0.50	-2.25	1.127399	4.625641	0.496162	0.938994	0	1.058535	0.774834
25	1000	2	24	20	0	0	0	0	3	0	0	0	0	0	0	0	0.50	-2.25	1.127399	4.625641	0.497588	0.978841	0	0.938994	0.774834
26	1000	2	26	22	0	0	0	0	6	0	0	0	0	0	0	0	0.50	-2.25	1.129011	4.625641	0.499014	1.018687	0	1.008975	0.774834
27	1000	2	34	25	0	1	1	0	5	0	0	0	0	0	0	0	0.50	-2.25	1.129011	4.625641	0.503291	1.138228	0	1.013830	0.774834
28	1000	5	18	17	0	1	1	0	1	0	0	0	0	0	0	0	0.50	-2.25	1.127399	4.620806	0.499014	1.033283	0	0.943829	0.774834
29	1000	4	24	19	0	1	1	0	3	0	0	0	0	0	0	0	0.50	-2.25	1.129011	4.628865	0.501865	1.088614	0	0.953507	0.774834
30	1000	2	22	23	0	0	0	0	5	0	0	0	0	0	0	0	0.50	-2.25	1.129011	4.628865	0.499014	1.008975	0	1.048795	0.774834
31	1000	2	20	23	0	0	0	0	4	0	0	0	0	0	0	0	0.50	-2.25	1.128205	4.624030	0.516123	1.501875	0	1.073171	0.774834
32	1000	3	21	21	0	0	1	0	3	0	0	0	0	0	0	0	0.50	-2.25	1.129011	4.628865	0.501865	1.088614	0	0.994433	0.774834
33	1000	3	33	31	0	2	1	0	13	0	0	1	0	0	0	0	0.50	-2.25	1.129817	4.627253	0.500440	1.053664	0	1.098382	0.774834
34	1000	4	27	28	0	3	1	0	3	0	0	1	0	0	0	0	0.50	-2.25	1.130623	4.632088	0.501865	1.078861	0	1.128433	0.774834
35	1000	10	28	28	0	0	3	0	7	0	0	0	0	0	0	0	0.50	-2.00	1.131429	4.633700	0.499014	0.994433	0	1.158443	0.774834
36	1000	1	21	21	0	0	1	0	1	0	0	0	0	0	0	0	0.50	-2.25	1.130623	4.630476	0.493311	0.844906	0	1.063410	0.774834
37	1000	5	24	23	0	0	2	0	5	0	0	0	0	0	0	0	0.50	-2.00	1.129817	4.625641	0.500440	1.058535	0	1.168252	0.774834
38	1000	0	34	22	0	0	0	0	8	0	0	0	0	0	0	0	0.50	-2.25	1.130623	4.630476	0.500440	1.043930	0	1.039070	0.774834
39	1000	4	22	24	0	1	2	0	5	0	0	1	0	0	0	0	0.50	-2.00	1.131429	4.630476	0.503291	1.123540	0	1.118652	0.774834
40	1000	4	24	22	0	1	0	0	4	0	0	0	0	0	0	0	0.50	-2.00	1.131429	4.630476	0.503291	1.123540	0	1.198234	0.774834
41	1000	5	27	25	0	1	1	0	10	0	0	0	0	0	0	0	0.50	-2.00	1.131429	4.628865	0.501865	1.088614	0	1.133329	0.774834
42	1000	1	29	19	0	1	0	0	4	0	0	0	0	0	0	0	0.50	-2.00	1.131429	4.628865	0.504717	1.168252	0	1.088614	0.774834
43	1000	6	20	19	0	3	1	0	3	0	0	0	0	0	0	0	0.50	-2.00	1.131429	4.628865	0.500440	1.048795	0	1.083735	0.774834
44	1000	5	17	28	0	0	0	0	1	0	0	0	0	0	0	0	0.50	-2.00	1.133040	4.633700	0.507568	1.233098	0	1.069119	0.774834
45	1000	3	24	27	0	2	0	0	8	0	0	0	0	0	0	0	0.50	-2.00	1.132234	4.632088	0.503291	1.118652	0	1.148646	0.774834
46	1000	10	24	25	0	2	3	0	4	0	0	0	0	0	0	0	0.50	-2.00	1.131429	4.625641	0.503291	1.138228	0	1.208071	0.774834
47	1000	3	25	26	0	0	2	0	6	0	0	0	0	0	0	0	0.50	-2.00	1.132234	4.630476	0.504717	1.163345	0	1.153542	0.774834
49	1000	3	20	22	0	1	2	0	2	0	0	0	0	0	0	0	0.50	-2.00	1.132234	4.628865	0.503291	1.128433	0	1.128433	0.774834
50	1000	2	29	21	0	1	0	0	1	0	0	0	0	0	0	0	0.50	-2.00	1.133040	4.633700	0.507568	1.233098	0	1.267937	0.774834
51	1000	2	21	25	0	0	1	0	4	0	0	0	0	0	0	0	0.50	-2.00	1.132234	4.628865	0.507568	1.247889	0	1.182991	0.774834
52	1000	8	18	30	0	1	3	0	4	0	0	0	0	0	0	0	0.50	-2.00	1.131429	4.624030	0.507568	1.262713	0	1.093496	0.774834
53	1000	4	22	24	0	0	0	0	4	0	0	0	0	0	0	0	1.00	-2.00	1.133040	4.632088	0.508994	1.277816	0	1.198234	0.774834
54	1000	10	20	24	0	3	4	0	3	0	0	1	0	0	0	0	1.00	-2.00	1.133040	4.630476	0.507568	1.242956	0	1.163345	0.774834
55	1000	7	24	26	0	4	1	0	2	0	0	0	0	0	0	0	1.00	-2.00	1.134652	4.636923	0.503291	1.104005	0	1.183504	0.774834
56	1000	12	21	30	0	1	4	0	3	0	0	0	0	0	0	0	1.00	-2.00	1.134652	4.635312	0.499014	0.989593	0	1.277816	0.774834
57	1000	7	29	23	0	1	1	0	6	0	0	0	0	0	0	0	1.00	-2.00	1.133846	4.630476	0.510420	1.322564	0	1.263003	0.774834
58	1000	8	34	27	0	2	3	0	4	0	0	0	0	0	0	0	1.00	-2.00	1.133846	4.630476	0.508994	1.282760	0	1.233098	0.774834
59	1000	8	25	20	0	2	2	0	4	0	0	0	0	0	0	0	1.00	-2.00	1.136264	4.638535	0.510420	1.297808	0	1.263003	0.774834
60	1000	7	28	30	0	2	1	0	6	0	0	0	0	0	0	0	1.00	-2.00	1.136264	4.635312	0.508994	1.267937	0	1.377281	0.774834
61	1000	8	21	21	0	2	1	0	3	0	0	0	0	0	0	0	1.00	-2.00	1.136264	4.632088	0.490459	0.760531	0	1.282760	0.774834
62	1000	5	21	28	0	1	0	0	8	0	0	0	0	0	0	0	1.00	-2.00	1.135458	4.633700	0.506143	1.193321	0	1.312652	0.774834
63	1000	10	17	17	0	2	2	0	5	0	0	0	0	0	0	0	1.00	-2.00	1.135458	4.632088	0.513271	1.397190	0	1.392208	0.774834
64	1000	11	30	33	0	3	6	0	5	0	0	0	0	0	0	0	1.00	-2.00	1.136264	4.638535	0.511846	1.337544	0	1.297808	0.774834
65	1000	9	21	23	0	5	1	0	4	0	0	0	0	0	0	0	1.00	-2.00	1.136264	4.635312	0.514697	1.426992	0	1.382252	0.774834
66	1000	9	29	20	0	1	1	0	4	0	0	0	0	0	0	0	1.00	-2.00	1.136264	4.632088	0.511846	1.357398	0	1.392208	0.774834
67	1000	10	23	20	0	2	3	0	1	0	0	0	0	0	0	0	1.00	-2.00	1.137070	4.638535	0.513271	1.377281	0	1.332589	0.774834
68	1000	13	22	29	0	4	5	0	1	0	0	0	0	0	0	0	1.00	-2.00	1.137875	4.638535	0.510420	1.297808	0	1.372312	0.774834
69	1000	6	19	24	0	2	1	0	3	0	0	0	0	0	0	0	1.00	-2.00	1.137070	4.636923	0.513271	1.382252	0	1.377281	0.774834
70	1000	7	18	23	0	3	1	0	2	0	0	0	0	0	0	0	1.00	-2.00	1.137070	4.636923	0.511846	1.342502	0	1.441981	0.774834
71	1000	9	27	25	0	2	4	0	5	0	0	1	0	0	0	0	1.00	-2.00	1.138681	4.640147	0.510420	1.292868	0	1.327638	0.774834
72	1000	10	28	25	0	3	4	0	3	0	0	0	0	0	0	0	1.00	-2.00	1.137070	4.635312	0.514697	1.426992	0	1.337544	0.774834
73	1000	14	25	18	0	4	2	0	4	0	0	0	0	0	0	0	1.00	-2.00	1.139487	4.643370	0.514697	1.402079	0	1.287930	0.774834
74	1000	9	17	16	0	1	0	0	4	0	0	0	0	0	0	0	1.00	-2.00	1.138681	4.638535	0.517549	1.496488	0	1.372312	0.774834
75	1000	15	28	26	0	5	4	0	4	0	0	1	0	0	0	0	1.00	-2.00	1.137875	4.638535	0.518974	1.536223	0	1.352429	0.774834
76	1000	17	23	20	0	4	4	0	3	0	0	0	0	0	0	0	1.00	-2.00	1.137070	4.633700	0.516123	1.471761	0	1.342502	0.774834
77	1000	18	37	25	0	6	5	0	5	0	0	1	0	0	0	0	1.00	-2.00	1.139487	4.641758	0.516123	1.446763	0	1.476467	0.774834
78	1000	11	19	30	0	4	3	0	1	0	0	0	0	0	0	0	1.00	-2.00	1.139487	4.641758	0.517549	1.486470	0	1.451756	0.774834
79	1000	11	30	30	0	3	1	0	4	0	0	0	0	0	0	0	1.00	-2.00	1.140293	4.641758	0.517549	1.486470	0	1.441773	0.774834
80	1000	12	15	29	0	0	6	0	4	0	0	0	0	0	0	0	1.00	-2.00	1.141905	4.648205	0.508994	1.228561	0	1.426826	0.774834
81	1000	17	31	16	0	4	3	0	1	0	0	1	0	0	0	0	1.00	-2.00	1.141099	4.646594	0.520400	1.550805	0	1.382211	0.774834
82	1000	18	29	24	0	4	3	0	4	0	0	0	0	0	0	0	1.00	-2.00	1.142711	4.653040	0.517549	1.451522	0	1.491134	0.774834
83	1000	12	18	18	0	2	3	0	3	0	0	0	0	0	0	0	1.00	-2.00	1.142711	4.649817	0.520400	1.540768	0	1.491134	0.774834
84	1000	13	34	27	0	5	2	0	7	0	0	0	0	0	0	0	1.00	-2.00	1.145128	4.659487	0.514697	1.352512	0	1.570360	0.774834
85	1000	29	30	27	0	11	7	0	3	0	0	0	0	0	0	0	1.00	-1.75	1.144322	4.648205	0.521826	1.585439	0	1.560323	0.774834
86	1000	23	32	28	0	6	5	0	10	0	0	1	0	0	0	0	1.00	-2.00	1.144322	4.656264	0.520400	1.520735	0	1.436594	0.774834
87	1000	26	27	20	0	6	6	0	4	0	0	2	0	0	0	0	1.00	-1.75	1.144322	4.649817	0.520400	1.540768	0	1.535755	0.774834
88	1000	24	18	29	0	8	8	0	5	0	0	2	0	0	0	0	1.00	-1.75	1.145934	4.659487	0.521826	1.550299	0	1.426661	0.774834
89	1000	29	23	31	0	4	9	0	2	0	0	1	0	0	0	0	1.00	-1.75	1.145128	4.654652	0.517549	1.446542	0	1.615008	0.774834
90	1000	30	37	26	0	12	6	0	3	0	0	0	0	0	0	0	1.00	-1.75	1.144322	4.651429	0.524677	1.654633	0	1.604937	0.774834
91	1000	21	26	23	0	9	9	0	4	0	0	1	0	0	0	0	1.00	-1.75	1.145934	4.659487	0.523252	1.589856	0	1.624380	0.774834
92	1000	20	28	19	0	7	1	0	3	0	0	0	0	0	0	0	1.00	-1.75	1.145934	4.657876	0.524677	1.634451	0	1.589856	0.774834
93	1000	28	34	23	0	11	6	0	4	0	0	0	0	0	0	0	1.00	-1.75	1.146740	4.661099	0.521826	1.545294	0	1.619350	0.774834
94	1000	22	29	19	0	4	5	0	4	0	0	0	0	0	0	0	1.00	-1.75	1.145934	4.656264	0.570302	2.906196	0	1.520735	0.774834
95	1000	20	22	26	0	5	7	0	6	0	0	1	0	0	0	0	1.00	-1.75	1.145934	4.657876	0.523252	1.594880	0	1.624380	0.774834
96	1000	16	29	27	0	4	5	0	5	0	0	0	0	0	0	0	1.00	-1.75	1.147546	4.661099	0.527529	1.703467	0	1.698409	0.774834
97	1000	26	23	30	0	4	8	0	3	0	0	0	0	0	0	0	1.00	-1.75	1.148352	4.664322	0.526103	1.653839	0	1.688304	0.774834
98	1000	22	23	22	0	7	2	0	4	0	0	0	0	0	0	0	1.00	-1.75	1.147546	4.661099	0.524677	1.624380	0	1.684133	0.774834
99	1000	30	19	28	0	6	8	0	3	0	0	0	0	0	0	0	1.00	-1.75	1.148352	4.659487	0.524677	1.629413	0	1.653839	0.774834
100	1000	24	22	31	0	4	8	0	2	0	0	0	0	0	0	0	1.00	-1.75	1.148352	4.662711	0.526103	1.658880	0	1.653839	0.774834
101	1000	30	31	35	0	10	7	0	9	0	0	2	0	0	0	0	1.00	-1.75	1.147546	4.659487	0.526103	1.668970	0	1.594880	0.774834
102	1000	19	26	26	0	5	4	0	5	0	0	1	0	0	0	0	1.00	-1.75	1.148352	4.659487	0.526103	1.668970	0	1.574807	0.774834
103	1000	21	22	24	0	7	6	0	2	0	0	0	0	0	0	0	1.00	-1.75	1.148352	4.661099	0.527529	1.703467	0	1.748085	0.774834
104	1000	36	34	31	0	10	8	0	4	0	0	0	0	0	0	0	1.00	-1.75	1.147546	4.657876	0.528955	1.753163	0	1.743012	0.774834
105	1000	20	26	26	0	6	2	0	6	0	0	0	0	0	0	0	1.00	-1.75	1.148352	4.661099	0.528955	1.743012	0	1.737940	0.774834
106	1000	30	22	27	0	4	9	0	2	0	0	0	0	0	0	0	1.00	-1.75	1.149158	4.664322	0.528955	1.732873	0	1.722748	0.774834
107	1000	16	25	26	0	6	4	0	9	0	0	0	0	0	0	0	1.00	-1.75	1.149963	4.665934	0.528955	1.727809	0	1.762237	0.774834
108	1000	23	23	18	0	7	4	0	4	0	0	0	0	0	0	0	1.00	-1.75	1.149158	4.661099	0.526103	1.663923	0	1.748085	0.774834
109	1000	28	23	31	0	5	11	0	1	0	0	0	0	0	0	0	1.00	-1.75	1.148352	4.659487	0.527529	1.708526	0	1.816999	0.774834
110	1000	21	29	25	0	6	7	0	8	0	0	2	0	0	0	0	1.00	-1.75	1.149963	4.664322	0.531806	1.811905	0	1.801724	0.774834
111	1000	15	26	28	0	3	4	0	7	0	0	0	0	0	0	0	1.00	-1.75	1.149963	4.662711	0.528955	1.737940	0	1.767310	0.774834
112	1000	22	20	24	0	6	4	0	1	0	0	0	0	0	0	0	1.00	-1.75	1.149963	4.664322	0.526103	1.653839	0	1.787642	0.774834
113	1000	17	18	27	0	4	6	0	3	0	0	0	0	0	0	0	1.00	-1.75	1.149158	4.654652	0.530380	1.802928	0	1.772388	0.774834
114	1000	21	30	30	0	5	5	0	6	0	0	0	0	0	0	0	1.00	-1.75	1.149158	4.659487	0.530380	1.787642	0	1.737940	0.774834
115	1000	30	25	29	0	7	9	0	3	0	0	1	0	0	0	0	1.00	-1.75	1.150769	4.664322	0.531806	1.811905	0	1.727809	0.774834
116	1000	29	28	29	0	9	8	0	4	0	0	2	0	0	0	0	1.00	-1.75	1.150769	4.664322	0.533232	1.851420	0	1.767310	0.774834
117	1000	26	20	28	0	8	3	0	4	0	0	0	0	0	0	0	1.00	-1.75	1.150769	4.670769	0.530380	1.752098	0	1.901183	0.774834
118	1000	35	32	33	0	9	15	0	5	0	0	1	0	0	0	0	1.00	-1.75	1.150769	4.662711	0.533232	1.856529	0	1.885817	0.774834
119	1000	33	24	25	0	7	7	0	6	0	0	2	0	0	0	0	1.00	-1.75	1.151575	4.664322	0.534658	1.890936	0	1.875590	0.774834
120	1000	27	25	26	0	6	5	0	7	0	0	1	0	0	0	0	1.00	-1.75	1.150769	4.662711	0.530380	1.777469	0	1.846316	0.774834
121	1000	27	24	26	0	5	8	0	5	0	0	0	0	0	0	0	1.00	-1.75	1.150769	4.664322	0.534658	1.890936	0	1.846316	0.774834
122	1000	29	19	25	0	3	10	0	3	0	0	0	0	0	0	0	1.00	-1.75	1.150769	4.661099	0.536083	1.940726	0	1.935588	0.774834
123	1000	19	17	38	0	6	14	0	5	0	0	3	0	0	0	0	1.00	-1.75	1.150769	4.664322	0.537509	1.969968	0	1.920191	0.774834
124	1000	32	17	30	0	5	8	0	2	0	0	1	0	0	0	0	1.00	-1.75	1.152381	4.667546	0.537509	1.959680	0	1.915065	0.774834
125	1000	36	29	31	0	12	8	0	5	0	0	1	0	0	0	0	1.00	-1.75	1.151575	4.665934	0.534658	1.885817	0	1.915065	0.774834
126	1000	27	22	23	0	7	4	0	4	0	0	0	0	0	0	0	1.00	-1.75	1.152381	4.665934	0.534658	1.885817	0	1.906314	0.774834
127	1000	22	25	22	0	6	6	0	5	0	0	2	0	0	0	0	1.00	-1.75	1.152381	4.664322	0.534658	1.890936	0	1.920191	0.774834
128	1000	27	29	27	0	9	6	0	3	0	0	0	0	0	0	0	1.00	-1.75	1.152381	4.665934	0.536083	1.925320	0	1.994017	0.774834
129	1000	23	27	27	0	4	5	0	6	0	0	0	0	0	0	0	1.00	-1.75	1.153187	4.667546	0.538935	1.999169	0	1.949407	0.774834
130	1000	30	35	28	0	11	8	0	3	0	0	2	0	0	0	0	1.00	-1.75	1.152381	4.667546	0.537509	1.959680	0	1.954542	0.774834
131	1000	20	27	20	0	5	2	0	4	0	0	0	0	0	0	0	1.00	-1.75	1.153187	4.667546	0.537509	1.959680	0	2.014648	0.774834
132	1000	31	26	31	0	7	9	0	5	0	0	0	0	0	0	0	1.00	-1.75	1.152381	4.665934	0.538935	2.004325	0	1.954542	0.774834
133	1000	20	27	23	0	8	3	0	4	0	0	0	0	0	0	0	1.00	-1.75	1.153187	4.667546	0.538935	1.999169	0	1.949407	0.774834
134	1000	21	22	25	0	6	7	0	5	0	0	1	0	0	0	0	1.00	-1.75	1.152381	4.665934	0.538935	2.004325	0	1.959680	0.774834
135	1000	24	30	37	0	6	8	0	6	0	0	1	0	0	0	0	1.00	-1.75	1.153187	4.667546	0.540361	2.038658	0	1.994017	0.774834
136	1000	28	25	25	0	7	7	0	3	0	0	0	0	0	0	0	1.00	-1.75	1.153187	4.664322	0.578856	3.115939	0	2.014648	0.774834
137	1000	22	32	20	0	8	4	0	3	0	0	0	0	0	0	0	1.00	-1.75	1.153187	4.665934	0.540361	2.043827	0	2.033492	0.774834
138	1000	19	24	22	0	8	6	0	3	0	0	2	0	0	0	0	1.00	-1.75	1.153993	4.669158	0.537509	1.954542	0	2.028330	0.774834
139	1000	15	21	22	0	4	5	0	4	0	0	0	0	0	0	0	1.00	-1.75	1.153187	4.667546	0.540361	2.038658	0	2.033492	0.774834
140	1000	20	23	22	0	7	3	0	3	0	0	0	0	0	0	0	1.00	-1.75	1.154799	4.669158	0.566024	2.744047	0	2.133236	0.774834
141	1000	29	24	31	0	7	12	0	3	0	0	2	0	0	0	0	1.00	-1.75	1.153187	4.667546	0.543212	2.117634	0	2.141515	0.774834
142	1000	30	29	24	0	10	7	0	6	0	0	1	0	0	0	0	1.00	-1.75	1.154799	4.669158	0.543212	2.112441	0	2.062617	0.774834
143	1000	32	27	21	0	8	1	0	7	0	0	0	0	0	0	0	1.00	-1.75	1.155604	4.669158	0.543212	2.112441	0	2.062617	0.774834
144	1000	25	24	18	0	8	3	0	6	0	0	1	0	0	0	0	1.00	-1.75	1.154799	4.669158	0.543212	2.112441	0	2.033492	0.774834
145	1000	30	33	29	0	10	8	0	3	0	0	0	0	0	0	0	1.00	-1.75	1.154799	4.665934	0.583133	3.228904	0	2.122833	0.774834
146	1000	27	39	24	0	12	5	0	4	0	0	0	0	0	0	0	1.00	-1.75	1.154799	4.669158	0.546064	2.191394	0	2.180964	0.774834
147	1000	25	38	28	0	13	7	0	8	0	0	3	0	0	0	0	1.00	-1.75	1.154799	4.669158	0.544638	2.151919	0	2.102066	0.774834
148	1000	30	32	25	0	6	7	0	5	0	0	0	0	0	0	0	1.00	-1.75	1.154799	4.669158	0.546064	2.191394	0	2.107252	0.774834
149	1000	32	31	28	0	8	11	0	4	0	0	2	0	0	0	0	1.00	-1.75	1.154799	4.669158	0.544638	2.151919	0	2.151919	0.774834
150	1000	25	31	19	0	9	4	0	5	0	0	0	0	0	0	0	1.00	-1.75	1.155604	4.669158	0.543212	2.112441	0	2.186177	0.774834
151	1000	31	30	30	0	3	12	0	8	0	0	1	0	0	0	0	1.00	-1.75	1.154799	4.669158	0.547490	2.230871	0	2.220413	0.774834
152	1000	21	20	29	0	3	3	0	2	0	0	0	0	0	0	0	1.00	-1.75	1.156410	4.672381	0.548915	2.259860	0	2.215189	0.774834
153	1000	30	32	24	0	11	6	0	6	0	0	1	0	0	0	0	1.00	-1.75	1.156410	4.672381	0.547490	2.220413	0	2.215189	0.774834
154	1000	29	24	29	0	5	9	0	4	0	0	0	0	0	0	0	1.00	-1.75	1.156410	4.670769	0.543212	2.107252	0	2.196614	0.774834
155	1000	24	18	26	0	6	5	0	3	0	0	0	0	0	0	0	1.00	-1.75	1.154799	4.669158	0.548915	2.270346	0	2.215189	0.774834
156	1000	23	34	28	0	11	5	0	6	0	0	0	0	0	0	0	1.00	-1.75	1.157216	4.673993	0.550341	2.294057	0	2.328231	0.774834
157	1000	21	28	24	0	6	3	0	1	0	0	0	0	0	0	0	1.00	-1.75	1.157216	4.672381	0.548915	2.259860	0	2.249390	0.774834
158	1000	20	20	25	0	5	6	0	4	0	0	0	0	0	0	0	1.00	-1.75	1.156410	4.672381	0.550341	2.299308	0	2.259860	0.774834
159	1000	27	34	38	0	6	6	0	9	0	0	0	0	0	0	0	1.00	-1.75	1.157216	4.670769	0.541786	2.067791	0	2.309819	0.774834
160	1000	31	24	35	0	7	10	0	8	0	0	0	0	0	0	0	1.00	-1.75	1.156410	4.670769	0.550341	2.304563	0	2.333492	0.774834
161	1000	28	25	19	0	6	8	0	1	0	0	1	0	0	0	0	1.00	-1.75	1.156410	4.667546	0.550341	2.315082	0	2.299308	0.774834
162	1000	26	29	28	0	8	11	0	3	0	0	0	0	0	0	0	1.00	-1.75	1.156410	4.669158	0.553193	2.388770	0	2.372926	0.774834
163	1000	26	25	27	0	6	6	0	3	0	0	0	0	0	0	0	1.00	-1.75	1.156410	4.670769	0.551767	2.344024	0	2.383485	0.774834
164	1000	26	26	25	0	4	6	0	8	0	0	1	0	0	0	0	1.00	-1.75	1.154799	4.662711	0.551767	2.370417	0	2.359849	0.774834
165	1000	28	21	20	0	9	4	0	2	0	0	0	0	0	0	0	1.00	-1.75	1.156410	4.669158	0.551767	2.349294	0	2.338755	0.774834
166	1000	34	23	24	0	8	10	0	4	0	0	0	0	0	0	0	1.00	-1.75	1.157216	4.670769	0.553193	2.383485	0	2.383485	0.774834
167	1000	36	27	31	0	10	10	0	6	0	0	0	0	0	0	0	1.00	-1.75	1.157216	4.673993	0.556044	2.451796	0	2.209969	0.774834
168	1000	34	35	32	0	4	14	0	7	0	0	2	0	0	0	0	1.00	-1.75	1.157216	4.672381	0.597391	3.601092	0	2.433547	0.774834
169	1000	26	27	25	0	7	5	0	5	0	0	0	0	0	0	0	1.00	-1.75	1.156410	4.670769	0.556044	2.462409	0	2.417651	0.774834
170	1000	26	22	22	0	5	10	0	2	0	0	1	0	0	0	0	1.00	-1.75	1.157216	4.670769	0.554618	2.422946	0	2.412359	0.774834
171	1000	29	32	23	0	9	4	0	5	0	0	0	0	0	0	0	1.00	-1.75	1.158828	4.677216	0.554618	2.401787	0	2.396508	0.774834
172	1000	36	29	24	0	15	3	0	5	0	0	0	0	0	0	0	1.00	-1.75	1.158022	4.675604	0.556044	2.446494	0	2.446494	0.774834
173	1000	26	24	28	0	9	7	0	4	0	0	0	0	0	0	0	1.00	-1.50	1.158022	4.672381	0.554618	2.417651	0	2.383485	0.774834
174	1000	23	21	25	0	3	8	0	4	0	0	1	0	0	0	0	1.00	-1.50	1.157216	4.669158	0.557470	2.507196	0	2.491229	0.774834
175	1000	32	30	27	0	11	7	0	5	0	0	1	0	0	0	0	1.00	-1.75	1.158022	4.673993	0.557470	2.491229	0	2.520009	0.774834
176	1000	29	33	32	0	7	10	0	5	0	0	1	0	0	0	0	1.00	-1.50	1.158828	4.675604	0.557470	2.485914	0	2.475296	0.774834
177	1000	28	28	31	0	6	9	0	6	0	0	1	0	0	0	0	1.00	-1.75	1.158022	4.673993	0.556044	2.451796	0	2.467721	0.774834
178	1000	22	25	17	0	6	5	0	3	0	0	1	0	0	0	0	1.00	-1.50	1.159634	4.672381	0.557470	2.496547	0	2.441196	0.774834
179	1000	30	35	32	0	11	9	0	10	0	0	1	0	0	0	0	1.00	-1.75	1.158022	4.673993	0.558896	2.530663	0	2.564755	0.774834
180	1000	29	27	32	0	6	3	0	6	0	0	0	0	0	0	0	1.00	-1.50	1.158828	4.673993	0.558896	2.530663	0	2.520009	0.774834
181	1000	23	24	24	0	6	6	0	4	0	0	0	0	0	0	0	1.00	-1.50	1.159634	4.677216	0.558896	2.520009	0	2.385957	0.774834
182	1000	26	31	21	0	6	7	0	4	0	0	0	0	0	0	0	1.00	-1.50	1.158828	4.673993	0.553193	2.372926	0	2.507196	0.774834
183	1000	24	26	34	0	6	4	0	5	0	0	0	0	0	0	0	1.00	-1.50	1.158022	4.672381	0.558896	2.535995	0	2.491229	0.774834
184	1000	29	36	34	0	11	8	0	7	0	0	0	0	0	0	0	1.00	-1.50	1.158022	4.672381	0.561747	2.614891	0	2.570098	0.774834
185	1000	31	38	33	0	5	6	0	6	0	0	1	0	0	0	0	1.00	-1.50	1.158828	4.675604	0.561747	2.604176	0	2.598824	0.774834
186	1000	26	29	24	0	7	5	0	5	0	0	0	0	0	0	0	1.00	-1.50	1.159634	4.678828	0.561747	2.593475	0	2.593475	0.774834
187	1000	29	26	32	0	11	7	0	4	0	0	1	0	0	0	0	1.00	-1.50	1.158828	4.670769	0.561747	2.620254	0	2.614891	0.774834
188	1000	34	18	28	0	5	12	0	2	0	0	1	0	0	0	0	1.00	-1.50	1.158828	4.673993	0.561747	2.609531	0	2.564755	0.774834
189	1000	19	31	25	0	8	4	0	6	0	0	2	0	0	0	0	1.00	-1.50	1.159634	4.673993	0.564599	2.688401	0	2.604176	0.774834
190	1000	34	44	40	0	13	10	0	9	0	0	1	0	0	0	0	1.00	-1.50	1.158022	4.669158	0.564599	2.704572	0	2.648966	0.774834
191	1000	20	36	22	0	10	4	0	3	0	0	0	0	0	0	0	1.00	-1.50	1.159634	4.673993	0.560321	2.570098	0	2.665097	0.774834
192	1000	38	29	36	0	9	12	0	9	0	0	1	0	0	0	0	1.00	-1.50	1.159634	4.673993	0.564599	2.688401	0	2.677638	0.774834
193	1000	24	29	24	0	9	5	0	4	0	0	0	0	0	0	0	1.00	-1.50	1.158828	4.673993	0.564599	2.688401	0	2.638232	0.774834
194	1000	27	29	10	0	11	2	0	2	0	0	0	0	0	0	0	1.00	-1.50	1.159634	4.675604	0.564599	2.683018	0	2.638232	0.774834
195	1000	25	26	23	0	8	4	0	5	0	0	0	0	0	0	0	1.00	-1.50	1.160440	4.678828	0.563173	2.632869	0	2.733235	0.774834
196	1000	28	28	32	0	8	8	0	9	0	0	2	0	0	0	0	1.00	-1.50	1.162857	4.677216	0.560321	2.559416	0	2.727835	0.774834
197	1000	25	23	24	0	3	8	0	3	0	0	0	0	0	0	0	1.00	-1.50	1.158828	4.672381	0.567450	2.772684	0	2.683018	0.774834
198	1000	34	32	24	0	10	4	0	4	0	0	0	0	0	0	0	1.00	-1.50	1.159634	4.675604	0.566024	2.722439	0	2.717046	0.774834
199	1000	40	30	28	0	13	9	0	5	0	0	1	0	0	0	0	1.00	-1.50	1.159634	4.675604	0.566024	2.722439	0	2.677638	0.774834
200	1000	30	33	30	0	9	9	0	7	0	0	2	0	0	0	0	1.00	-1.50	1.160440	4.675604	0.567450	2.761859	0	2.677638	0.774834
201	1000	31	33	31	0	6	8	0	9	0	0	0	0	0	0	0	1.00	-1.50	1.158828	4.669158	0.564599	2.704572	0	2.778100	0.774834
202	1000	29	23	33	0	3	8	0	6	0	0	1	0	0	0	0	1.00	-1.50	1.159634	4.675604	0.568876	2.801280	0	2.785031	0.774834
203	1000	27	31	26	0	10	5	0	5	0	0	0	0	0	0	0	1.00	-1.50	1.160440	4.677216	0.568876	2.795860	0	2.785031	0.774834
204	1000	29	23	22	0	11	6	0	5	0	0	1	0	0	0	0	1.00	-1.50	1.160440	4.677216	0.567450	2.756453	0	2.790443	0.774834
205	1000	29	31	22	0	5	4	0	5	0	0	0	0	0	0	0	1.00	-1.50	1.160440	4.678828	0.568876	2.790443	0	2.896486	0.774834
206	1000	32	32	26	0	6	7	0	5	0	0	0	0	0	0	0	1.00	-1.50	1.160440	4.673993	0.571727	2.885573	0	2.835266	0.774834
207	1000	29	32	24	0	7	7	0	5	0	0	0	0	0	0	0	1.00	-1.50	1.160440	4.675604	0.570302	2.840700	0	2.908625	0.774834
208	1000	31	35	33	0	8	7	0	6	0	0	1	0	0	0	0	1.00	-1.50	1.160440	4.675604	0.570302	2.840700	0	2.869231	0.774834
209	1000	22	28	31	0	5	1	0	8	0	0	0	0	0	0	0	1.00	-1.50	1.161245	4.680439	0.571727	2.863791	0	2.869231	0.774834
210	1000	21	45	19	0	9	3	0	10	0	0	1	0	0	0	0	1.00	-1.50	1.159634	4.669158	0.580282	3.138801	0	2.935947	0.774834
211	1000	23	25	19	0	9	4	0	1	0	0	0	0	0	0	0	1.00	-1.50	1.160440	4.677216	0.573153	2.914082	0	2.863791	0.774834
212	1000	25	20	27	0	4	7	0	1	0	0	0	0	0	0	0	1.00	-1.50	1.159634	4.675604	0.570302	2.840700	0	2.914082	0.774834
213	1000	23	26	24	0	11	4	0	4	0	0	0	0	0	0	0	1.00	-1.50	1.160440	4.678828	0.571727	2.869231	0	2.863791	0.774834
214	1000	23	32	26	0	6	7	0	6	0	0	1	0	0	0	0	1.00	-1.50	1.160440	4.677216	0.588836	3.347562	0	2.891027	0.774834
215	1000	31	36	25	0	8	5	0	4	0	0	0	0	0	0	0	1.00	-1.50	1.160440	4.677216	0.574579	2.953489	0	2.981932	0.774834
216	1000	33	27	19	0	11	7	0	2	0	0	1	0	0	0	0	1.00	-1.50	1.159634	4.670769	0.571727	2.896486	0	2.980898	0.774834
217	1000	17	23	20	0	8	3	0	6	0	0	0	0	0	0	0	1.00	-1.50	1.161245	4.677216	0.576005	2.992895	0	2.981932	0.774834
218	1000	25	25	36	0	11	8	0	5	0	0	2	0	0	0	0	1.00	-1.50	1.160440	4.675604	0.576005	2.998383	0	2.992895	0.774834
219	1000	29	29	29	0	5	6	0	10	0	0	0	0	0	0	0	1.00	-1.50	1.161245	4.686887	0.581708	3.117351	0	2.992895	0.774834
220	1000	22	28	24	0	8	6	0	4	0	0	0	0	0	0	0	1.00	-1.50	1.161245	4.677216	0.578856	3.071713	0	3.021311	0.774834
221	1000	27	29	27	0	9	9	0	3	0	0	1	0	0	0	0	1.00	-1.50	1.159634	4.675604	0.577430	3.037804	0	3.032302	0.774834
222	1000	26	20	32	0	9	9	0	3	0	0	1	0	0	0	0	1.00	-1.50	1.159634	4.675604	0.577430	3.037804	0	3.032302	0.774834
223	1000	27	27	20	0	3	7	0	6	0	0	0	0	0	0	0	1.00	-1.50	1.161245	4.678828	0.577430	3.026805	0	3.060694	0.774834
224	1000	24	22	25	0	7	7	0	5	0	0	1	0	0	0	0	1.00	-1.50	1.161245	4.677216	0.567450	2.756453	0	3.037804	0.774834
225	1000	29	22	21	0	9	8	0	4	0	0	0	0	0	0	0	1.00	-1.50	1.160440	4.675604	0.577430	3.037804	0	3.026805	0.774834
226	1000	33	22	24	0	5	9	0	3	0	0	1	0	0	0	0	1.00	-1.50	1.161245	4.678828	0.580282	3.105594	0	3.060694	0.774834
227	1000	19	20	21	0	2	4	0	5	0	0	1	0	0	0	0	1.00	-1.50	1.162051	4.678828	0.580282	3.105594	0	3.060694	0.774834
228	1000	31	30	31	0	11	7	0	6	0	0	0	0	0	0	0	1.00	-1.50	1.161245	4.678828	0.576005	2.987412	0	3.122180	0.774834
229	1000	29	25	35	0	6	11	0	3	0	0	0	0	0	0	0	1.00	-1.50	1.160440	4.672381	0.578856	3.088269	0	3.105594	0.774834
230	1000	25	35	35	0	9	7	0	5	0	0	0	0	0	0	0	1.00	-1.50	1.160440	4.678828	0.583133	3.184380	0	3.173288	0.774834
231	1000	28	24	30	0	7	9	0	4	0	0	1	0	0	0	0	1.00	-1.50	1.161245	4.678828	0.581708	3.144987	0	3.178833	0.774834
232	1000	39	32	34	0	11	10	0	7	0	0	2	0	0	0	0	1.00	-1.50	1.161245	4.677216	0.581708	3.150526	0	3.071713	0.774834
233	1000	30	32	33	0	9	8	0	7	0	0	3	0	0	0	0	1.00	-1.50	1.161245	4.678828	0.578856	3.066200	0	3.156067	0.774834
234	1000	32	29	34	0	5	9	0	6	0	0	1	0	0	0	0	1.00	-1.50	1.160440	4.675604	0.581708	3.156067	0	3.105594	0.774834
235	1000	23	35	28	0	9	7	0	9	0	0	1	0	0	0	0	1.00	-1.50	1.162051	4.682051	0.585985	3.252021	0	3.201548	0.774834
236	1000	21	23	23	0	3	5	0	5	0	0	0	0	0	0	0	1.00	-1.50	1.160440	4.677216	0.583133	3.189933	0	3.184380	0.774834
237	1000	26	24	31	0	6	3	0	5	0	0	0	0	0	0	0	1.00	-1.50	1.160440	4.678828	0.583133	3.184380	0	3.218212	0.774834
238	1000	34	28	33	0	6	8	0	8	0	0	1	0	0	0	0	1.00	-1.50	1.160440	4.673993	0.584559	3.240482	0	3.240482	0.774834
239	1000	45	27	23	0	11	8	0	3	0	0	1	0	0	0	0	1.00	-1.50	1.161245	4.678828	0.588836	3.341956	0	3.291388	0.774834
240	1000	34	28	22	0	9	8	0	3	0	0	1	0	0	0	0	1.00	-1.50	1.162051	4.682051	0.588836	3.330755	0	3.364513	0.774834
241	1000	27	21	25	0	5	6	0	2	0	0	0	0	0	0	0	1.00	-1.50	1.160440	4.677216	0.587411	3.308155	0	3.263167	0.774834
242	1000	27	28	25	0	7	8	0	5	0	0	2	0	0	0	0	1.00	-1.50	1.161245	4.680439	0.580282	3.100073	0	3.313752	0.774834
243	1000	28	38	35	0	9	6	0	7	0	0	0	0	0	0	0	1.00	-1.50	1.158828	4.673993	0.590262	3.398221	0	3.341956	0.774834
244	1000	23	21	31	0	3	9	0	3	0	0	0	0	0	0	0	1.00	-1.50	1.162051	4.680439	0.588836	3.336354	0	3.364513	0.774834
245	1000	31	27	31	0	9	6	0	3	0	0	1	0	0	0	0	1.00	-1.50	1.161245	4.680439	0.591688	3.415113	0	3.375733	0.774834
246	1000	32	27	31	0	6	12	0	6	0	0	0	0	0	0	0	1.00	-1.50	1.162051	4.682051	0.591688	3.409486	0	3.240888	0.774834
247	1000	26	23	35	0	4	13	0	5	0	0	1	0	0	0	0	1.00	-1.50	1.161245	4.678828	0.584559	3.223774	0	3.398221	0.774834
248	1000	32	23	31	0	5	13	0	6	0	0	0	0	0	0	0	1.00	-1.50	1.161245	4.680439	0.590262	3.375733	0	3.364513	0.774834
249	1000	23	32	29	0	7	5	0	6	0	0	0	0	0	0	0	1.00	-1.50	1.161245	4.678828	0.593114	3.460136	0	3.454492	0.774834
250	1000	31	34	31	0	11	1	0	6	0	0	0	0	0	0	0	1.00	-1.50	1.162051	4.682051	0.593114	3.448853	0	3.437585	0.774834
251	1000	39	24	28	0	8	8	0	6	0	0	0	0	0	0	0	1.00	-1.50	1.161245	4.680439	0.593114	3.454492	0	3.443218	0.774834
252	1000	22	32	32	0	5	11	0	10	0	0	1	0	0	0	0	1.00	-1.50	1.161245	4.675604	0.593114	3.471434	0	3.465782	0.774834
253	1000	22	29	23	0	6	3	0	2	0	0	0	0	0	0	0	1.00	-1.50	1.160440	4.675604	0.595965	3.550276	0	3.499531	0.774834
254	1000	35	29	31	0	10	9	0	8	0	0	0	0	0	0	0	1.00	-1.50	1.162051	4.683663	0.595965	3.521924	0	3.476925	0.774834
255	1000	29	30	32	0	8	5	0	4	0	0	0	0	0	0	0	1.00	-1.50	1.161245	4.680439	0.593114	3.454492	0	3.521924	0.774834
256	1000	37	27	21	0	8	8	0	3	0	0	0	0	0	0	0	1.00	-1.50	1.161245	4.680439	0.645867	4.911557	0	3.477088	0.774834
257	1000	41	33	19	0	13	6	0	5	0	0	1	0	0	0	0	1.00	-1.50	1.160440	4.678828	0.594539	3.499531	0	3.493874	0.774834
258	1000	29	31	21	0	7	5	0	2	0	0	0	0	0	0	0	1.00	-1.50	1.160440	4.678828	0.594539	3.499531	0	3.566954	0.774834
259	1000	24	25	23	0	9	5	0	5	0	0	1	0	0	0	0	1.00	-1.50	1.162051	4.683663	0.595965	3.521924	0	3.549935	0.774834
260	1000	34	39	32	0	15	9	0	12	0	0	2	0	0	0	0	1.00	-1.50	1.162051	4.680439	0.597391	3.572633	0	3.600630	0.774834
261	1000	26	29	26	0	10	5	0	8	0	0	0	0	0	0	0	1.00	-1.50	1.161245	4.680439	0.588836	3.336354	0	3.538924	0.774834
262	1000	28	28	27	0	8	8	0	6	0	0	0	0	0	0	0	1.00	-1.50	1.160440	4.677216	0.597391	3.584004	0	3.533253	0.774834
263	1000	25	31	22	0	7	7	0	2	0	0	1	0	0	0	0	1.00	-1.50	1.160440	4.677216	0.598817	3.623412	0	3.668538	0.774834
264	1000	29	20	29	0	5	11	0	2	0	0	1	0	0	0	0	1.00	-1.50	1.161245	4.682051	0.598817	3.606319	0	3.639983	0.774834
265	1000	31	33	37	0	8	13	0	3	0	0	0	0	0	0	0	1.00	-1.50	1.161245	4.680439	0.598817	3.612014	0	3.612014	0.774834
266	1000	23	27	25	0	11	5	0	5	0	0	0	0	0	0	0	1.00	-1.50	1.160440	4.675604	0.598817	3.629117	0	3.584004	0.774834
267	1000	16	29	29	0	4	3	0	3	0	0	0	0	0	0	0	1.00	-1.50	1.161245	4.680439	0.600242	3.651393	0	3.600630	0.774834
268	1000	29	28	30	0	6	9	0	7	0	0	2	0	0	0	0	1.00	-1.50	1.160440	4.678828	0.603094	3.735893	0	3.685052	0.774834
269	1000	27	36	27	0	9	6	0	7	0	0	0	0	0	0	0	1.00	-1.50	1.161245	4.683663	0.603094	3.718691	0	3.634282	0.774834
270	1000	26	28	27	0	8	6	0	6	0	0	1	0	0	0	0	1.00	-1.50	1.161245	4.688498	0.517549	1.342774	0	3.707958	0.774834
271	1000	25	25	28	0	5	6	0	6	0	0	1	0	0	0	0	1.00	-1.50	1.159634	4.675604	0.603094	3.747382	0	3.696496	0.774834
272	1000	37	28	22	0	13	8	0	3	0	0	0	0	0	0	0	1.00	-1.50	1.160440	4.678828	0.600242	3.657104	0	3.645685	0.774834
273	1000	25	28	31	0	6	7	0	11	0	0	0	0	0	0	0	1.00	-1.50	1.161245	4.680439	0.603094	3.730155	0	3.758043	0.774834
274	1000	30	30	27	0	11	7	0	1	0	0	0	0	0	0	0	1.00	-1.50	1.160440	4.678828	0.603094	3.735893	0	3.769535	0.774834
275	1000	18	13	23	0	3	6	0	2	0	0	1	0	0	0	0	1.00	-1.50	1.160440	4.677216	0.600242	3.662819	0	3.696496	0.774834
276	1000	30	33	32	0	6	10	0	3	0	0	0	0	0	0	0	1.00	-1.50	1.160440	4.678828	0.603094	3.735893	0	3.763787	0.774834
277	1000	29	25	28	0	4	5	0	6	0	0	0	0	0	0	0	1.00	-1.50	1.161245	4.683663	0.607371	3.836748	0	3.785892	0.774834
278	1000	27	23	39	0	5	10	0	6	0	0	0	0	0	0	0	1.00	-1.50	1.160440	4.678828	0.604520	3.775286	0	3.803154	0.774834
279	1000	22	22	26	0	7	4	0	1	0	0	0	0	0	0	0	1.00	-1.50	1.160440	4.680439	0.633035	4.557135	0	3.865642	0.774834
280	1000	22	20	23	0	6	2	0	3	0	0	0	0	0	0	0	1.00	-1.75	1.158828	4.677216	0.605945	3.820450	0	3.842520	0.774834
281	1000	30	20	31	0	4	10	0	0	0	0	0	0	0	0	0	1.00	-1.50	1.160440	4.678828	0.605945	3.814680	0	3.842520	0.774834
282	1000	16	27	26	0	4	3	0	7	0	0	0	0	0	0	0	1.00	-1.50	1.160440	4.680439	0.608797	3.887674	0	3.842520	0.774834
283	1000	26	28	33	0	7	7	0	3	0	0	0	0	0	0	0	1.00	-1.50	1.161245	4.683663	0.608797	3.876101	0	3.763787	0.774834
285	1000	35	23	24	0	10	5	0	5	0	0	0	0	0	0	0	1.00	-1.50	1.161245	4.680439	0.604520	3.769535	0	3.859855	0.774834
286	1000	30	25	31	0	7	7	0	6	0	0	1	0	0	0	0	1.00	-1.50	1.160440	4.680439	0.607371	3.848294	0	3.836748	0.774834
287	1000	26	21	29	0	4	6	0	1	0	0	0	0	0	0	0	1.00	-1.50	1.160440	4.683663	0.611648	3.954808	0	3.909660	0.774834
288	1000	34	39	34	0	14	5	0	9	0	0	1	0	0	0	0	1.00	-1.50	1.161245	4.683663	0.611648	3.954808	0	3.943196	0.774834
289	1000	24	24	30	0	4	5	0	3	0	0	0	0	0	0	0	1.00	-1.50	1.161245	4.686887	0.611648	3.943196	0	3.903871	0.774834
290	1000	29	33	26	0	7	5	0	5	0	0	0	0	0	0	0	1.00	-1.50	1.159634	4.677216	0.601668	3.702226	0	3.938671	0.774834
291	1000	28	27	29	0	8	8	0	7	0	0	1	0	0	0	0	1.00	-1.50	1.159634	4.678828	0.613074	4.011648	0	3.999985	0.774834
292	1000	34	29	31	0	7	12	0	5	0	0	0	0	0	0	0	1.00	-1.50	1.160440	4.680439	0.613074	4.005816	0	3.954808	0.774834
293	1000	28	28	40	0	7	9	0	9	0	0	2	0	0	0	0	1.00	-1.50	1.159634	4.680439	0.613074	4.005816	0	3.994162	0.774834
294	1000	29	38	31	0	14	6	0	4	0	0	0	0	0	0	0	1.00	-1.50	1.160440	4.682051	0.633035	4.551116	0	4.023327	0.774834
295	1000	39	35	31	0	12	13	0	5	0	0	1	0	0	0	0	1.00	-1.75	1.158022	4.677216	0.613074	4.017485	0	4.005816	0.774834
296	1000	24	26	25	0	7	5	0	5	0	0	0	0	0	0	0	1.00	-1.75	1.159634	4.682051	0.614500	4.039352	0	4.033514	0.774834
297	1000	33	30	33	0	12	5	0	9	0	0	0	0	0	0	0	1.00	-1.75	1.160440	4.685275	0.615926	4.067017	0	4.055332	0.774834
298	1000	27	31	29	0	6	7	0	5	0	0	0	0	0	0	0	1.00	-1.50	1.159634	4.680439	0.614500	4.045195	0	4.045195	0.774834
299	1000	23	26	28	0	5	5	0	3	0	0	0	0	0	0	0	1.00	-1.50	1.159634	4.680439	0.608797	3.887674	0	4.096299	0.774834
300	1000	38	24	28	0	8	11	0	6	0	0	1	0	0	0	0	1.00	-1.75	1.158828	4.678828	0.617351	4.129828	0	4.078718	0.774834
301	1000	27	28	33	0	7	7	0	4	0	0	0	0	0	0	0	1.00	-1.75	1.158828	4.680439	0.617351	4.123954	0	4.112218	0.774834
302	1000	35	33	36	0	9	9	0	10	0	0	1	0	0	0	0	1.00	-1.75	1.160440	4.686887	0.617351	4.100499	0	4.133957	0.774834
303	1000	36	21	32	0	4	14	0	2	0	0	0	0	0	0	0	1.00	-1.50	1.160440	4.683663	0.620203	4.190925	0	4.190925	0.774834
304	1000	30	31	25	0	9	5	0	3	0	0	0	0	0	0	0	1.00	-1.75	1.158022	4.677216	0.618777	4.175114	0	4.202714	0.774834
305	1000	33	37	32	0	10	5	0	9	0	0	0	0	0	0	0	1.00	-1.75	1.158022	4.677216	0.618777	4.175114	0	4.202714	0.774834
306	1000	17	34	27	0	4	2	0	7	0	0	0	0	0	0	0	1.00	-1.75	1.159634	4.685275	0.620203	4.185035	0	4.145696	0.774834
307	1000	28	25	23	0	7	3	0	2	0	0	1	0	0	0	0	1.00	-1.75	1.159634	4.685275	0.620203	4.185035	0	4.061173	0.774834
308	1000	31	37	40	0	5	10	0	7	0	0	0	0	0	0	0	1.00	-1.50	1.158828	4.675604	0.615926	4.102168	0	4.181010	0.774834
309	1000	27	29	39	0	8	12	0	8	0	0	1	0	0	0	0	1.00	-1.75	1.158828	4.682051	0.621629	4.236184	0	4.257801	0.774834
310	1000	41	29	23	0	10	12	0	3	0	0	0	0	0	0	0	1.00	-1.75	1.157216	4.673993	0.623055	4.305211	0	4.253928	0.774834
311	1000	28	34	28	0	11	7	0	5	0	0	1	0	0	0	0	1.00	-1.75	1.158022	4.680439	0.623055	4.281475	0	4.275551	0.774834
312	1000	22	28	28	0	6	9	0	5	0	0	0	0	0	0	0	1.00	-1.75	1.158022	4.680439	0.621629	4.242094	0	4.281475	0.774834
313	1000	30	35	36	0	4	11	0	13	0	0	1	0	0	0	0	1.00	-1.75	1.158022	4.680439	0.623055	4.281475	0	4.332741	0.774834
314	1000	34	35	35	0	13	8	0	3	0	0	1	0	0	0	0	1.00	-1.75	1.158022	4.677216	0.624480	4.332741	0	4.314917	0.774834
315	1000	23	19	23	0	6	6	0	2	0	0	0	0	0	0	0	1.00	-1.75	1.158828	4.683663	0.624480	4.308984	0	4.263714	0.774834
316	1000	21	14	20	0	3	5	0	3	0	0	1	0	0	0	0	1.00	-1.75	1.158828	4.682051	0.624480	4.314917	0	4.308984	0.774834
317	1000	28	24	28	0	6	10	0	0	0	0	0	0	0	0	0	1.00	-1.75	1.158828	4.683663	0.617351	4.112218	0	4.338691	0.774834
318	1000	22	31	37	0	6	7	0	9	0	0	0	0	0	0	0	1.00	-1.75	1.158022	4.678828	0.625906	4.366189	0	4.348336	0.774834
319	1000	33	31	23	0	13	6	0	6	0	0	1	0	0	0	0	1.00	-1.75	1.158022	4.682051	0.625906	4.354283	0	4.308984	0.774834
320	1000	26	36	29	0	11	3	0	4	0	0	0	0	0	0	0	1.00	-1.75	1.159634	4.685275	0.627332	4.381732	0	4.409144	0.774834
321	1000	18	30	27	0	6	4	0	7	0	0	1	0	0	0	0	1.00	-1.75	1.158828	4.685275	0.630183	4.460410	0	4.336452	0.774834
322	1000	30	30	36	0	4	10	0	9	0	0	0	0	0	0	0	1.00	-1.75	1.158828	4.685275	0.672956	5.640594	0	4.438995	0.774834
323	1000	22	36	26	0	8	3	0	7	0	0	0	0	0	0	0	1.00	-1.75	1.158022	4.682051	0.625906	4.354283	0	4.460410	0.774834
324	1000	30	38	25	0	11	5	0	3	0	0	0	0	0	0	0	1.00	-1.75	1.158022	4.683663	0.628758	4.427042	0	4.415105	0.774834
325	1000	30	32	31	0	9	5	0	5	0	0	0	0	0	0	0	1.00	-1.75	1.158022	4.683663	0.630183	4.466395	0	4.415105	0.774834
326	1000	30	27	29	0	4	8	0	3	0	0	0	0	0	0	0	1.00	-1.75	1.158022	4.683663	0.631609	4.505749	0	4.493756	0.774834
327	1000	28	28	27	0	6	7	0	8	0	0	0	0	0	0	0	1.00	-1.75	1.157216	4.678828	0.624480	4.326796	0	4.478374	0.774834
328	1000	33	28	33	0	7	12	0	5	0	0	1	0	0	0	0	1.00	-1.75	1.156410	4.680439	0.630183	4.478374	0	4.472383	0.774834
329	1000	36	30	31	0	11	9	0	4	0	0	0	0	0	0	0	1.00	-1.75	1.156410	4.680439	0.631609	4.517754	0	4.505749	0.774834
330	1000	19	24	28	0	3	3	0	3	0	0	0	0	0	0	0	1.00	-1.75	1.158022	4.682051	0.630183	4.472383	0	4.499750	0.774834
331	1000	29	31	29	0	8	4	0	4	0	0	0	0	0	0	0	1.00	-1.75	1.157216	4.685275	0.638738	4.696447	0	4.602553	0.774834
332	1000	34	34	31	0	12	8	0	9	0	0	2	0	0	0	0	1.00	-1.75	1.156410	4.678828	0.634461	4.602553	0	4.551116	0.774834
333	1000	24	26	23	0	7	7	0	6	0	0	1	0	0	0	0	1.00	-1.75	1.156410	4.678828	0.634461	4.602553	0	4.584455	0.774834
334	1000	27	30	20	0	10	6	0	4	0	0	1	0	0	0	0	1.00	-1.75	1.158022	4.686887	0.634461	4.572409	0	4.566394	0.774834
335	1000	25	28	42	0	4	4	0	8	0	0	0	0	0	0	0	1.00	-1.75	1.157216	4.683663	0.635886	4.623807	0	4.454431	0.774834
336	1000	28	35	31	0	10	9	0	7	0	0	2	0	0	0	0	1.00	-1.75	1.156410	4.682051	0.647292	4.944782	0	4.575215	0.774834
337	1000	29	32	27	0	9	6	0	5	0	0	1	0	0	0	0	1.00	-1.75	1.156410	4.682051	0.635886	4.629850	0	4.617768	0.774834
338	1000	29	33	31	0	5	11	0	7	0	0	0	0	0	0	0	1.00	-1.75	1.156410	4.682051	0.635886	4.629850	0	4.617768	0.774834
339	1000	33	33	35	0	8	8	0	5	0	0	0	0	0	0	0	1.00	-1.75	1.157216	4.685275	0.637312	4.657107	0	4.651060	0.774834
340	1000	22	26	23	0	7	2	0	4	0	0	0	0	0	0	0	1.00	-1.75	1.156410	4.683663	0.638738	4.702513	0	4.663161	0.774834
341	1000	34	27	37	0	10	8	0	4	0	0	0	0	0	0	0	1.00	-1.75	1.155604	4.678828	0.638738	4.720733	0	4.708581	0.774834
342	1000	21	24	32	0	3	6	0	6	0	0	0	0	0	0	0	1.00	-1.75	1.156410	4.683663	0.638738	4.702513	0	4.617768	0.774834
343	1000	29	35	31	0	7	9	0	4	0	0	0	0	0	0	0	1.00	-1.75	1.155604	4.682051	0.638738	4.708581	0	4.735786	0.774834
344	1000	26	26	32	0	6	7	0	8	0	0	1	0	0	0	0	1.00	-1.75	1.156410	4.683663	0.640164	4.741866	0	4.735786	0.774834
345	1000	40	30	38	0	9	10	0	4	0	0	2	0	0	0	0	1.00	-1.75	1.155604	4.683663	0.643015	4.820574	0	4.720733	0.774834
346	1000	34	33	36	0	12	13	0	6	0	0	2	0	0	0	0	1.00	-1.75	1.155604	4.680439	0.638738	4.714655	0	4.766220	0.774834
347	1000	28	29	33	0	6	10	0	5	0	0	0	0	0	0	0	1.00	-1.75	1.155604	4.683663	0.643015	4.820574	0	4.808366	0.774834
348	1000	27	29	26	0	7	7	0	3	0	0	0	0	0	0	0	1.00	-1.75	1.156410	4.685275	0.643015	4.814467	0	4.769037	0.774834
349	1000	19	23	34	0	4	7	0	3	0	0	0	0	0	0	0	1.00	-1.75	1.155604	4.685275	0.643015	4.814467	0	4.872176	0.774834
350	1000	35	33	28	0	9	11	0	7	0	0	2	0	0	0	0	1.00	-1.75	1.157216	4.683663	0.638738	4.702513	0	4.832797	0.774834
351	1000	32	35	33	0	5	14	0	7	0	0	0	0	0	0	0	1.00	-1.75	1.153993	4.678828	0.641589	4.799518	0	4.747949	0.774834
352	1000	21	25	32	0	6	4	0	2	0	0	0	0	0	0	0	1.00	-1.75	1.154799	4.683663	0.645867	4.899280	0	4.893144	0.774834
353	1000	33	23	26	0	10	8	0	1	0	0	0	0	0	0	0	1.00	-1.75	1.153993	4.682051	0.644441	4.866049	0	4.859926	0.774834
354	1000	42	24	34	0	10	13	0	3	0	0	0	0	0	0	0	1.00	-1.75	1.153187	4.678828	0.644441	4.878308	0	4.826683	0.774834
355	1000	26	15	36	0	5	8	0	1	0	0	0	0	0	0	0	0.50	-1.75	1.153993	4.677216	0.644441	4.884443	0	4.957095	0.774834
356	1000	36	38	36	0	9	7	0	7	0	0	0	0	0	0	0	1.00	-1.75	1.153993	4.680439	0.647292	4.950937	0	4.893144	0.774834
357	1000	39	35	34	0	12	12	0	6	0	0	3	0	0	0	0	1.00	-1.75	1.154799	4.682051	0.645867	4.905416	0	4.893144	0.774834
358	1000	26	32	23	0	7	4	0	8	0	0	0	0	0	0	0	0.50	-1.75	1.153993	4.685275	0.645867	4.893144	0	4.926342	0.774834
359	1000	30	29	39	0	9	8	0	8	0	0	3	0	0	0	0	0.50	-1.75	1.154799	4.686887	0.645867	4.887017	0	5.029697	0.774834
360	1000	30	28	30	0	2	8	0	6	0	0	0	0	0	0	0	0.50	-1.75	1.153993	4.683663	0.650144	5.017338	0	5.004995	0.774834
361	1000	15	24	23	0	5	7	0	4	0	0	0	0	0	0	0	0.50	-1.75	1.154799	4.685275	0.650144	5.011164	0	4.965668	0.774834
362	1000	25	31	25	0	6	2	0	4	0	0	0	0	0	0	0	0.50	-1.75	1.153993	4.683663	0.647292	4.938631	0	5.004995	0.774834
363	1000	23	32	19	0	6	8	0	4	0	0	0	0	0	0	0	0.50	-1.75	1.153993	4.683663	0.650144	5.017338	0	5.004995	0.774834
364	1000	34	28	24	0	7	7	0	3	0	0	0	0	0	0	0	0.50	-1.75	1.153187	4.678828	0.647292	4.957095	0	5.069077	0.774834
365	1000	22	23	28	0	3	9	0	3	0	0	1	0	0	0	0	0.50	-1.75	1.153187	4.682051	0.651570	5.062882	0	5.044321	0.774834
366	1000	26	22	27	0	5	6	0	3	0	0	0	0	0	0	0	0.50	-1.75	1.153187	4.683663	0.651570	5.056691	0	5.083646	0.774834
367	1000	29	29	46	0	6	9	0	6	0	0	2	0	0	0	0	0.50	-1.75	1.153993	4.683663	0.652995	5.096045	0	5.122972	0.774834
368	1000	31	36	26	0	9	6	0	8	0	0	0	0	0	0	0	0.50	-1.75	1.152381	4.682051	0.647292	4.944782	0	5.120887	0.774834
369	1000	25	27	38	0	6	6	0	5	0	0	0	0	0	0	0	0.50	-1.75	1.152381	4.683663	0.654421	5.135396	0	5.083646	0.774834
370	1000	35	32	34	0	5	9	0	5	0	0	1	0	0	0	0	0.50	-1.75	1.152381	4.682051	0.652995	5.102248	0	5.129181	0.774834
371	1000	35	24	26	0	7	8	0	6	0	0	1	0	0	0	0	0.50	-1.75	1.153187	4.685275	0.655847	5.168520	0	5.156079	0.774834
372	1000	31	32	35	0	10	10	0	9	0	0	2	0	0	0	0	0.50	-1.75	1.153187	4.685275	0.657273	5.207860	0	5.116766	0.774834
373	1000	35	34	28	0	8	8	0	8	0	0	1	0	0	0	0	0.50	-1.75	1.153187	4.688498	0.660124	5.274016	0	5.214101	0.774834
374	1000	31	29	32	0	11	5	0	4	0	0	0	0	0	0	0	0.50	-1.75	1.151575	4.680439	0.658698	5.265978	0	5.214101	0.774834
375	1000	29	38	23	0	7	3	0	9	0	0	0	0	0	0	0	0.50	-1.75	1.151575	4.683663	0.658698	5.253457	0	5.240951	0.774834
376	1000	28	24	31	0	8	9	0	3	0	0	1	0	0	0	0	0.50	-1.75	1.152381	4.685275	0.660124	5.286539	0	5.234704	0.774834
377	1000	32	18	31	0	7	7	0	2	0	0	0	0	0	0	0	0.50	-1.75	1.152381	4.683663	0.657273	5.214101	0	5.247200	0.774834
378	1000	30	33	36	0	10	8	0	8	0	0	2	0	0	0	0	0.50	-1.75	1.151575	4.680439	0.701471	6.447378	0	5.259715	0.774834
379	1000	22	24	24	0	7	4	0	3	0	0	0	0	0	0	0	0.50	-1.75	1.151575	4.683663	0.658698	5.253457	0	5.240951	0.774834
380	1000	30	34	35	0	6	11	0	8	0	0	2	0	0	0	0	0.50	-1.75	1.153187	4.688498	0.661550	5.313328	0	5.307060	0.774834
381	1000	26	31	27	0	7	6	0	9	0	0	1	0	0	0	0	0.50	-1.75	1.151575	4.685275	0.661550	5.325879	0	5.280276	0.774834
382	1000	37	28	36	0	10	14	0	4	0	0	1	0	0	0	0	0.50	-1.75	1.150769	4.682051	0.654421	5.141615	0	5.357329	0.774834
383	1000	29	30	30	0	7	8	0	5	0	0	1	0	0	0	0	0.50	-1.75	1.150769	4.680439	0.661550	5.344737	0	5.365218	0.774834
384	1000	34	29	42	0	9	8	0	6	0	0	1	0	0	0	0	0.50	-1.75	1.151575	4.685275	0.664401	5.404556	0	5.358927	0.774834
385	1000	32	32	33	0	9	12	0	8	0	0	2	0	0	0	0	0.50	-1.75	1.151575	4.686887	0.662976	5.358927	0	5.346360	0.774834
386	1000	37	31	32	0	9	14	0	3	0	0	3	0	0	0	0	0.50	-2.00	1.150769	4.683663	0.662976	5.371513	0	5.325879	0.774834
387	1000	38	27	40	0	12	10	0	4	0	0	1	0	0	0	0	0.50	-1.75	1.150769	4.682051	0.660124	5.299080	0	5.417179	0.774834
388	1000	28	27	30	0	5	10	0	3	0	0	0	0	0	0	0	0.50	-2.00	1.149158	4.680439	0.664401	5.423496	0	5.332161	0.774834
389	1000	35	32	33	0	8	10	0	8	0	0	1	0	0	0	0	0.50	-2.00	1.149963	4.683663	0.664401	5.410867	0	5.398253	0.774834
390	1000	33	27	29	0	12	9	0	3	0	0	0	0	0	0	0	0.50	-2.00	1.149963	4.683663	0.662976	5.371513	0	5.437580	0.774834
391	1000	25	27	27	0	6	5	0	5	0	0	1	0	0	0	0	0.50	-2.00	1.150769	4.683663	0.667253	5.489575	0	5.443899	0.774834
392	1000	31	36	30	0	14	5	0	7	0	0	0	0	0	0	0	0.50	-2.00	1.149158	4.677216	0.665827	5.475553	0	5.469214	0.774834
393	1000	34	38	23	0	9	8	0	7	0	0	0	0	0	0	0	0.50	-2.00	1.149158	4.680439	0.667253	5.502258	0	5.489575	0.774834
394	1000	33	31	35	0	7	10	0	8	0	0	0	0	0	0	0	0.50	-2.00	1.149963	4.683663	0.667253	5.489575	0	5.549204	0.774834
395	1000	36	32	27	0	8	4	0	2	0	0	0	0	0	0	0	0.50	-2.00	1.150769	4.686887	0.670104	5.555557	0	5.464258	0.774834
396	1000	29	23	36	0	5	11	0	4	0	0	1	0	0	0	0	0.50	-2.00	1.149963	4.685275	0.665827	5.443899	0	5.548001	0.774834
397	1000	19	36	27	0	5	5	0	7	0	0	1	0	0	0	0	0.50	-2.00	1.149158	4.683663	0.668679	5.528927	0	5.489575	0.774834
398	1000	35	23	31	0	5	10	0	4	0	0	1	0	0	0	0	0.50	-2.00	1.149158	4.685275	0.670104	5.561915	0	5.516231	0.774834
399	1000	33	25	33	0	7	13	0	4	0	0	1	0	0	0	0	0.50	-2.00	1.149158	4.685275	0.671530	5.601255	0	5.634208	0.774834
400	1000	26	31	34	0	9	6	0	5	0	0	1	0	0	0	0	0.50	-2.00	1.149158	4.685275	0.672956	5.640594	0	5.549204	0.774834
401	1000	24	32	30	0	7	6	0	4	0	0	0	0	0	0	0	0.50	-2.00	1.148352	4.682051	0.681510	5.889580	0	5.614014	0.774834
402	1000	24	26	25	0	6	5	0	7	0	0	1	0	0	0	0	0.50	-2.00	1.148352	4.683663	0.674382	5.686340	0	5.627828	0.774834
403	1000	23	26	32	0	7	8	0	6	0	0	1	0	0	0	0	0.50	-2.00	1.148352	4.685275	0.674382	5.679934	0	5.712861	0.774834
404	1000	20	25	24	0	5	3	0	5	0	0	1	0	0	0	0	0.50	-2.00	1.148352	4.685275	0.675807	5.719274	0	5.627828	0.774834
405	1000	34	27	30	0	8	10	0	2	0	0	1	0	0	0	0	0.50	-2.00	1.148352	4.686887	0.677233	5.752186	0	5.706453	0.774834
406	1000	36	33	32	0	5	11	0	7	0	0	1	0	0	0	0	0.50	-2.00	1.147546	4.678828	0.674382	5.705575	0	5.771480	0.774834
407	1000	33	28	37	0	6	14	0	8	0	0	2	0	0	0	0	0.50	-2.00	1.146740	4.682051	0.675807	5.732114	0	5.758613	0.774834
408	1000	31	28	28	0	7	9	0	4	0	0	0	0	0	0	0	0.50	-2.00	1.147546	4.683663	0.675807	5.725692	0	5.679934	0.774834
409	1000	29	39	42	0	9	10	0	10	0	0	0	0	0	0	0	0.50	-2.00	1.147546	4.686887	0.677233	5.752186	0	5.542855	0.774834
410	1000	32	30	29	0	8	9	0	3	0	0	1	0	0	0	0	0.50	-2.00	1.148352	4.688498	0.675807	5.706453	0	5.765045	0.774834
411	1000	25	20	21	0	5	6	0	2	0	0	0	0	0	0	0	0.50	-2.00	1.145934	4.682051	0.677233	5.771480	0	5.758613	0.774834
412	1000	29	24	36	0	2	8	0	9	0	0	0	0	0	0	0	0.50	-2.00	1.146740	4.685275	0.678659	5.797952	0	5.785078	0.774834
413	1000	33	21	31	0	5	11	0	6	0	0	1	0	0	0	0	0.50	-2.00	1.146740	4.683663	0.681510	5.883104	0	5.837292	0.774834
414	1000	39	36	32	0	9	12	0	7	0	0	1	0	0	0	0	0.50	-2.00	1.147546	4.686887	0.681510	5.870165	0	5.791512	0.774834
415	1000	31	28	32	0	5	15	0	9	0	0	2	0	0	0	0	0.50	-2.00	1.145934	4.680439	0.672956	5.659778	0	5.856679	0.774834
416	1000	30	26	31	0	6	11	0	2	0	0	1	0	0	0	0	0.50	-2.00	1.145128	4.682051	0.682936	5.928945	0	5.922457	0.774834
417	1000	23	27	25	0	6	5	0	5	0	0	1	0	0	0	0	0.50	-2.00	1.147546	4.688498	0.684362	5.942328	0	5.896544	0.774834
418	1000	35	25	42	0	8	9	0	5	0	0	1	0	0	0	0	0.50	-2.00	1.145934	4.685275	0.682936	5.915971	0	5.915971	0.774834
419	1000	40	29	41	0	10	14	0	7	0	0	0	0	0	0	0	0.50	-2.00	1.146740	4.686887	0.678659	5.791512	0	6.014198	0.774834
420	1000	24	27	12	0	6	5	0	1	0	0	0	0	0	0	0	0.50	-2.00	1.145128	4.680439	0.684362	5.974819	0	6.001163	0.774834
421	1000	26	35	29	0	6	8	0	7	0	0	1	0	0	0	0	0.50	-2.00	1.145934	4.685275	0.684362	5.955310	0	5.981640	0.774834
422	1000	41	22	32	0	8	15	0	1	0	0	0	0	0	0	0	0.50	-2.00	1.145934	4.688498	0.685788	5.981640	0	5.975141	0.774834
423	1000	20	25	19	0	8	3	0	2	0	0	1	0	0	0	0	0.50	-2.00	1.145128	4.685275	0.687213	6.033988	0	5.961809	0.774834
424	1000	43	23	31	0	9	9	0	5	0	0	0	0	0	0	0	0.50	-2.00	1.145934	4.685275	0.682936	5.915971	0	6.007678	0.774834
425	1000	24	31	27	0	6	6	0	6	0	0	0	0	0	0	0	0.50	-2.00	1.143517	4.680439	0.685788	6.014198	0	6.079867	0.774834
426	1000	29	37	34	0	12	8	0	3	0	0	2	0	0	0	0	0.50	-2.00	1.145128	4.685275	0.687213	6.033988	0	5.988142	0.774834
427	1000	24	23	29	0	7	9	0	3	0	0	1	0	0	0	0	0.50	-2.00	1.145128	4.686887	0.691491	6.145446	0	6.053738	0.774834
428	1000	27	27	34	0	6	7	0	9	0	0	1	0	0	0	0	0.50	-2.00	1.145128	4.686887	0.691491	6.145446	0	6.106120	0.774834
429	1000	30	31	37	0	10	8	0	6	0	0	1	0	0	0	0	0.50	-2.00	1.142711	4.678828	0.687213	6.060117	0	6.132339	0.774834
430	1000	26	32	34	0	7	11	0	4	0	0	0	0	0	0	0	0.50	-2.00	1.142711	4.680439	0.691491	6.171720	0	6.119223	0.774834
431	1000	25	33	26	0	9	7	0	5	0	0	2	0	0	0	0	0.50	-2.00	1.144322	4.685275	0.691491	6.152006	0	6.138890	0.774834
432	1000	35	33	31	0	10	10	0	7	0	0	1	0	0	0	0	0.50	-2.00	1.143517	4.685275	0.691491	6.152006	0	6.178202	0.774834
433	1000	32	35	24	0	10	5	0	7	0	0	2	0	0	0	0	0.50	-2.00	1.144322	4.686887	0.690065	6.106120	0	6.204511	0.774834
434	1000	39	39	34	0	11	7	0	11	0	0	3	0	0	0	0	0.50	-2.00	1.142711	4.682051	0.694342	6.243877	0	6.224097	0.774834
435	1000	23	30	22	0	7	4	0	2	0	0	0	0	0	0	0	0.50	-2.00	1.142711	4.683663	0.694342	6.237279	0	6.184771	0.774834
436	1000	26	32	22	0	10	4	0	4	0	0	0	0	0	0	0	0.50	-2.00	1.142711	4.685275	0.694342	6.230685	0	6.184771	0.774834
437	1000	29	28	26	0	7	8	0	5	0	0	1	0	0	0	0	0.50	-2.00	1.142711	4.685275	0.692916	6.191346	0	6.309364	0.774834
438	1000	35	29	27	0	10	9	0	3	0	0	1	0	0	0	0	0.50	-2.00	1.139487	4.673993	0.691491	6.198063	0	6.316365	0.774834
439	1000	24	19	19	0	6	6	0	2	0	0	1	0	0	0	0	0.50	-2.00	1.141905	4.682051	0.695768	6.283243	0	6.309364	0.774834
440	1000	44	49	39	0	16	16	0	8	0	0	1	0	0	0	0	0.50	-2.00	1.141905	4.683663	0.695768	6.276633	0	6.263422	0.774834
441	1000	29	31	37	0	6	10	0	2	0	0	0	0	0	0	0	0.50	-2.00	1.142711	4.686887	0.695768	6.263422	0	6.296138	0.774834
442	1000	32	30	33	0	9	4	0	11	0	0	1	0	0	0	0	0.50	-2.00	1.141905	4.685275	0.698619	6.348703	0	6.309364	0.774834
443	1000	36	31	31	0	8	11	0	4	0	0	1	0	0	0	0	0.50	-2.00	1.141905	4.683663	0.695768	6.276633	0	6.322611	0.774834
444	1000	27	24	23	0	10	5	0	4	0	0	0	0	0	0	0	0.50	-2.00	1.141099	4.682051	0.697194	6.322611	0	6.348703	0.774834
445	1000	25	31	32	0	8	7	0	9	0	0	1	0	0	0	0	0.50	-2.00	1.141905	4.683663	0.700045	6.394691	0	6.427382	0.774834
446	1000	25	31	36	0	7	6	0	9	0	0	1	0	0	0	0	0.50	-2.25	1.141099	4.683663	0.701471	6.434045	0	6.263422	0.774834
447	1000	30	34	42	0	9	13	0	7	0	0	1	0	0	0	0	0.50	-2.25	1.141099	4.683663	0.694342	6.237279	0	6.454052	0.774834
448	1000	28	38	29	0	10	3	0	9	0	0	0	0	0	0	0	0.50	-2.25	1.141099	4.683663	0.701471	6.434045	0	6.499378	0.774834
449	1000	23	23	26	0	7	6	0	1	0	0	0	0	0	0	0	0.50	-2.25	1.141099	4.685275	0.702897	6.466722	0	6.492700	0.774834
450	1000	34	35	34	0	9	13	0	10	0	0	1	0	0	0	0	0.50	-2.25	1.141099	4.686887	0.704322	6.499378	0	6.486026	0.774834
451	1000	32	27	31	0	11	8	0	5	0	0	1	0	0	0	0	0.50	-2.25	1.140293	4.683663	0.702897	6.473396	0	6.466722	0.774834
452	1000	34	25	31	0	6	7	0	5	0	0	0	0	0	0	0	0.50	-2.25	1.141099	4.683663	0.701471	6.434045	0	6.506060	0.774834
453	1000	27	25	34	0	5	10	0	5	0	0	0	0	0	0	0	0.50	-2.25	1.138681	4.682051	0.705748	6.558810	0	6.545403	0.774834
454	1000	28	27	36	0	4	9	0	3	0	0	0	0	0	0	0	0.50	-2.25	1.140293	4.686887	0.705748	6.538706	0	6.532015	0.774834
455	1000	39	37	38	0	11	10	0	7	0	0	0	0	0	0	0	0.50	-2.25	1.140293	4.685275	0.705748	6.545403	0	6.492700	0.774834
456	1000	37	27	31	0	7	13	0	7	0	0	2	0	0	0	0	0.50	-2.25	1.139487	4.685275	0.701471	6.427382	0	6.611629	0.774834
457	1000	22	20	24	0	4	6	0	6	0	0	1	0	0	0	0	0.00	-2.25	1.137875	4.680439	0.707174	6.604901	0	6.584742	0.774834
458	1000	24	23	30	0	7	10	0	2	0	0	0	0	0	0	0	0.50	-2.25	1.137875	4.680439	0.707174	6.604901	0	6.552104	0.774834
459	1000	34	35	32	0	5	10	0	7	0	0	0	0	0	0	0	0.00	-2.25	1.137875	4.682051	0.710025	6.676910	0	6.663419	0.774834
460	1000	30	31	20	0	6	3	0	2	0	0	0	0	0	0	0	0.50	-2.25	1.138681	4.682051	0.710025	6.676910	0	6.427382	0.774834
461	1000	26	32	28	0	3	8	0	10	0	0	1	0	0	0	0	0.00	-2.25	1.138681	4.682051	0.630183	4.472383	0	6.657768	0.774834
462	1000	29	31	36	0	5	11	0	5	0	0	0	0	0	0	0	0.00	-2.25	1.137875	4.683663	0.710025	6.670163	0	6.663419	0.774834
463	1000	25	27	24	0	5	5	0	4	0	0	0	0	0	0	0	0.00	-2.25	1.137070	4.683663	0.711451	6.709517	0	6.748868	0.774834
464	1000	29	36	32	0	9	8	0	5	0	0	0	0	0	0	0	0.00	-2.25	1.137875	4.683663	0.711451	6.709517	0	6.696009	0.774834
465	1000	32	28	29	0	9	9	0	1	0	0	1	0	0	0	0	0.00	-2.25	1.137875	4.685275	0.711451	6.702759	0	6.781438	0.774834
466	1000	28	30	24	0	4	9	0	4	0	0	0	0	0	0	0	0.00	-2.25	1.137875	4.682051	0.711451	6.716276	0	6.755641	0.774834
467	1000	28	19	25	0	4	10	0	2	0	0	1	0	0	0	0	0.00	-2.25	1.137070	4.683663	0.714303	6.788223	0	6.774662	0.774834
468	1000	17	41	35	0	4	7	0	7	0	0	0	0	0	0	0	0.00	-2.25	1.137070	4.683663	0.712877	6.748868	0	6.813987	0.774834
469	1000	25	42	26	0	8	1	0	8	0	0	0	0	0	0	0	0.00	-2.25	1.137070	4.685275	0.712877	6.742098	0	6.767889	0.774834
470	1000	29	24	28	0	6	8	0	1	0	0	0	0	0	0	0	0.00	-2.25	1.136264	4.685275	0.712877	6.742098	0	6.847990	0.774834
471	1000	17	24	25	0	1	3	0	2	0	0	0	0	0	0	0	0.00	-2.25	1.135458	4.682051	0.715729	6.834376	0	6.860117	0.774834
472	1000	26	31	20	0	8	4	0	2	0	0	0	0	0	0	0	0.00	-2.25	1.136264	4.683663	0.715729	6.827575	0	6.853313	0.774834
473	1000	25	27	30	0	6	11	0	5	0	0	1	0	0	0	0	0.00	-2.25	1.135458	4.682051	0.718580	6.913109	0	6.938796	0.774834
474	1000	26	37	23	0	7	4	0	5	0	0	0	0	0	0	0	0.00	-2.25	1.136264	4.685275	0.718580	6.899456	0	6.906280	0.774834
475	1000	29	25	28	0	6	11	0	2	0	0	1	0	0	0	0	0.00	-2.25	1.134652	4.682051	0.714303	6.795010	0	6.926777	0.774834
476	1000	32	36	27	0	9	8	0	2	0	0	0	0	0	0	0	0.00	-2.25	1.134652	4.680439	0.721432	6.998701	0	6.978135	0.774834
477	1000	34	28	46	0	6	16	0	9	0	0	3	0	0	0	0	0.00	-2.25	1.135458	4.685275	0.721432	6.978135	0	6.971290	0.774834
478	1000	33	32	38	0	6	11	0	6	0	0	1	0	0	0	0	0.00	-2.25	1.133846	4.682051	0.721432	6.991842	0	6.978135	0.774834
479	1000	31	35	36	0	7	12	0	7	0	0	1	0	0	0	0	0.00	-2.25	1.135458	4.685275	0.721432	6.978135	0	6.931964	0.774834
480	1000	39	27	31	0	12	11	0	2	0	0	0	0	0	0	0	0.00	-2.25	1.133846	4.678828	0.721432	7.005565	0	7.038081	0.774834
481	1000	30	29	32	0	8	8	0	6	0	0	2	0	0	0	0	0.00	-2.25	1.133846	4.682051	0.722857	7.031209	0	7.010615	0.774834
482	1000	35	36	38	0	9	13	0	9	0	0	0	0	0	0	0	0.00	-2.25	1.134652	4.686887	0.722857	7.010615	0	6.996913	0.774834
483	1000	26	32	28	0	9	5	0	7	0	0	2	0	0	0	0	0.00	-2.25	1.134652	4.686887	0.725709	7.089266	0	7.036211	0.774834
484	1000	33	24	22	0	4	12	0	3	0	0	1	0	0	0	0	0.00	-2.25	1.134652	4.686887	0.655847	5.162298	0	7.109940	0.774834
485	1000	30	33	28	0	7	5	0	6	0	0	0	0	0	0	0	0.00	-2.25	1.131429	4.680439	0.727135	7.156221	0	7.056814	0.774834
486	1000	29	44	38	0	10	8	0	12	0	0	1	0	0	0	0	0.00	-2.25	1.133846	4.685275	0.725709	7.096154	0	7.082386	0.774834
487	1000	36	35	29	0	12	4	0	6	0	0	2	0	0	0	0	0.00	-2.25	1.133040	4.685275	0.728560	7.174831	0	7.161011	0.774834
488	1000	29	27	30	0	9	3	0	2	0	0	0	0	0	0	0	0.00	-2.25	1.132234	4.682051	0.727135	7.149307	0	7.156221	0.774834
489	1000	27	37	31	0	3	8	0	5	0	0	1	0	0	0	0	0.00	-2.25	1.133040	4.683663	0.725709	7.103045	0	7.149307	0.774834
490	1000	33	39	29	0	8	9	0	7	0	0	1	0	0	0	0	0.00	-2.25	1.131429	4.678828	0.729986	7.241929	0	7.228042	0.774834
491	1000	36	30	37	0	5	11	0	6	0	0	1	0	0	0	0	0.00	-2.50	1.131429	4.682051	0.729986	7.228042	0	7.221106	0.774834
492	1000	27	25	32	0	3	7	0	4	0	0	0	0	0	0	0	0.00	-2.50	1.132234	4.688498	0.729986	7.200325	0	7.200325	0.774834
493	1000	23	29	21	0	5	8	0	4	0	0	2	0	0	0	0	0.00	-2.50	1.131429	4.682051	0.729986	7.228042	0	7.334675	0.774834
494	1000	21	37	24	0	6	5	0	5	0	0	0	0	0	0	0	0.00	-2.25	1.131429	4.678828	0.734263	7.360107	0	7.332191	0.774834
495	1000	15	19	17	0	3	6	0	2	0	0	1	0	0	0	0	0.00	-2.50	1.130623	4.683663	0.732838	7.299812	0	7.332191	0.774834
496	1000	34	27	27	0	6	4	0	4	0	0	0	0	0	0	0	0.00	-2.50	1.130623	4.683663	0.735689	7.378517	0	7.371530	0.774834
497	1000	26	25	27	0	5	5	0	4	0	0	0	0	0	0	0	0.00	-2.50	1.130623	4.683663	0.734263	7.339164	0	7.207246	0.774834
498	1000	37	29	35	0	6	10	0	6	0	0	0	0	0	0	0	0.00	-2.50	1.130623	4.685275	0.732838	7.292851	0	7.392501	0.774834
499	1000	26	33	38	0	6	9	0	8	0	0	1	0	0	0	0	0.00	-2.50	1.129011	4.680439	0.738541	7.471263	0	7.378517	0.774834
500	1000	31	31	28	0	8	6	0	5	0	0	1	0	0	0	0	0.00	-2.50	1.129817	4.682051	0.738541	7.464241	0	7.410870	0.774834
501	1000	27	37	26	0	7	6	0	7	0	0	1	0	0	0	0	0.00	-2.50	1.129817	4.682051	0.738541	7.464241	0	7.417871	0.774834
502	1000	31	30	33	0	5	7	0	7	0	0	1	0	0	0	0	0.00	-2.50	1.128205	4.675604	0.739966	7.531777	0	7.438896	0.774834
503	1000	32	32	45	0	8	9	0	11	0	0	2	0	0	0	0	0.00	-2.50	1.128205	4.678828	0.732838	7.320714	0	7.445914	0.774834
