quad V2.5
time	int	cnt1	cnt2	cnt3	cnt4	1&2	1&3	1&4	2&3	2&4	3&4	1&2&3	1&2&4	1&3&4	2&3&4	1&2&3&4	digTemp	temp	adct	adcr	adcp	pressure	PBS	CurrMeasurement	MeanMeasurement
2	1000	8	35	8	0	6	1	0	0	0	0	0	0	0	0	0	-0.50	-3.50	1.075018	4.624030	0.471925	0.266201	1	0.217175	0.232349
3	1000	10	20	10	1	7	3	1	4	1	1	3	1	1	1	1	-0.50	-3.50	1.075824	4.627253	0.470499	0.217175	1	0.203455	0.232349
4	1000	4	36	11	0	2	0	0	2	0	0	0	0	0	0	0	-0.50	-3.50	1.073407	4.617582	0.470499	0.244706	0	0.235516	0.232349
5	1000	5	24	4	0	5	0	0	2	0	0	0	0	0	0	0	-0.50	-3.50	1.075824	4.625641	0.469073	0.181909	1	0.177343	0.232349
6	1000	6	7	0	0	5	0	0	0	0	0	0	0	0	0	0	-0.50	-3.50	1.071795	4.609524	0.467647	0.187762	1	0.178597	0.232349
7	1000	4	24	8	1	4	1	1	3	1	1	1	1	1	1	1	-0.50	-3.50	1.075018	4.624030	0.470499	0.226339	1	0.217175	0.232349
8	1000	4	16	3	0	3	1	0	3	0	0	1	0	0	0	0	-0.50	-3.50	1.076630	4.627253	0.471925	0.257010	1	0.212598	0.232349
9	1000	3	17	9	0	1	0	0	0	0	0	0	0	0	0	0	-0.00	-3.50	1.074212	4.619194	0.470499	0.240110	1	0.200208	0.232349
10	1000	8	18	15	4	5	5	4	6	4	4	4	4	4	4	4	-0.00	-3.50	1.075824	4.620806	0.470499	0.235516	0	0.261604	0.232349
11	1000	9	26	17	4	5	5	4	8	4	4	4	4	4	4	4	-0.00	-3.50	1.075018	4.622418	0.470499	0.230925	1	0.186478	0.232349
12	1000	4	19	10	1	2	1	1	2	1	1	1	1	1	1	1	-0.00	-3.50	1.075018	4.619194	0.464796	0.080501	1	0.147775	0.232349
13	1000	8	25	20	0	3	0	0	6	0	0	0	0	0	0	0	-0.00	-3.50	1.073407	4.614359	0.467647	0.174020	1	0.204790	0.232349
14	1000	7	21	26	0	3	1	0	3	0	0	0	0	0	0	0	-0.00	-3.50	1.075824	4.620806	0.470499	0.235516	1	0.146620	0.232349
15	1000	4	30	15	0	1	1	0	3	0	0	0	0	0	0	0	-0.00	-3.50	1.075824	4.622418	0.471925	0.270801	1	0.186478	0.232349
16	1000	4	24	25	0	2	1	0	4	0	0	0	0	0	0	0	-0.00	-3.50	1.075018	4.619194	0.470499	0.240110	1	0.191051	0.232349
17	1000	8	23	21	0	2	0	0	8	0	0	0	0	0	0	0	-0.00	-3.50	1.076630	4.624030	0.467647	0.146620	0	0.240110	0.232349
18	1000	4	25	15	0	1	1	0	2	0	0	0	0	0	0	0	-0.00	-3.50	1.075018	4.619194	0.469073	0.200208	1	0.230925	0.232349
19	1000	3	14	14	0	1	0	0	3	0	0	0	0	0	0	0	-0.00	-3.50	1.076630	4.624030	0.469073	0.186478	1	0.217175	0.232349
20	1000	4	21	10	0	2	0	0	3	0	0	0	0	0	0	0	-0.00	-3.50	1.075018	4.617582	0.470499	0.244706	1	0.200208	0.232349
21	1000	5	12	4	0	2	0	0	0	0	0	0	0	0	0	0	-0.00	-3.50	1.077436	4.625641	0.469073	0.181909	1	0.212598	0.232349
22	1000	5	38	7	0	2	1	0	0	0	0	0	0	0	0	0	-0.00	-3.50	1.077436	4.624030	0.466222	0.106758	1	0.218555	0.232349
23	1000	3	38	7	0	2	0	0	1	0	0	0	0	0	0	0	-0.00	-3.50	1.076630	4.620806	0.469073	0.195628	1	0.226339	0.232349
24	1000	8	27	13	0	2	2	0	2	0	0	0	0	0	0	0	-0.00	-3.50	1.078242	4.627253	0.473350	0.296842	0	0.243248	0.232349
25	1000	4	18	14	0	0	0	0	5	0	0	0	0	0	0	0	-0.00	-3.50	1.079048	4.633700	0.470499	0.198887	1	0.208026	0.232349
26	1000	2	6	11	0	1	0	0	1	0	0	0	0	0	0	0	-0.00	-3.50	1.079048	4.627253	0.469073	0.177343	1	0.212598	0.232349
27	1000	5	14	15	0	2	2	0	1	0	0	0	0	0	0	0	-0.00	-3.50	1.076630	4.615971	0.470499	0.249304	1	0.160306	0.232349
28	1000	4	22	19	0	2	1	0	6	0	0	0	0	0	0	0	-0.00	-3.50	1.075824	4.615971	0.470499	0.249304	1	0.204790	0.232349
29	1000	5	19	18	0	0	1	0	3	0	0	0	0	0	0	0	-0.00	-3.50	1.077436	4.620806	0.470499	0.235516	0	0.244706	0.232349
30	1000	3	19	21	0	1	1	0	2	0	0	0	0	0	0	0	-0.00	-3.50	1.077436	4.622418	0.471925	0.270801	0	0.266201	0.232349
31	1000	7	21	18	0	3	4	0	6	0	0	1	0	0	0	0	-0.00	-3.50	1.080659	4.632088	0.467647	0.123873	1	0.217175	0.232349
32	1000	9	14	7	0	7	0	0	1	0	0	0	0	0	0	0	-0.00	-3.50	1.077436	4.619194	0.470499	0.240110	1	0.137512	0.232349
33	1000	4	18	14	0	2	0	0	5	0	0	0	0	0	0	0	-0.00	-3.50	1.076630	4.617582	0.469073	0.204790	1	0.200208	0.232349
34	1000	3	19	18	0	1	1	0	3	0	0	0	0	0	0	0	-0.00	-3.50	1.078242	4.620806	0.470499	0.235516	1	0.191051	0.232349
35	1000	3	26	23	0	0	0	0	5	0	0	0	0	0	0	0	-0.00	-3.50	1.079048	4.624030	0.471925	0.266201	1	0.217175	0.232349
36	1000	3	18	16	0	1	1	0	0	0	0	0	0	0	0	0	-0.00	-3.50	1.079854	4.628865	0.516123	1.486802	0	0.249304	0.232349
37	1000	1	17	35	0	0	0	0	7	0	0	0	0	0	0	0	-0.00	-3.50	1.077436	4.615971	0.470499	0.249304	1	0.191051	0.232349
38	1000	3	10	22	0	1	2	0	3	0	0	0	0	0	0	0	-0.00	-3.50	1.078242	4.619194	0.470499	0.240110	1	0.191051	0.232349
39	1000	2	26	19	0	1	0	0	5	0	0	0	0	0	0	0	-0.00	-3.50	1.079048	4.622418	0.470499	0.230925	1	0.186478	0.232349
40	1000	5	14	16	0	0	1	0	3	0	0	0	0	0	0	0	-0.00	-3.50	1.079854	4.622418	0.470499	0.230925	1	0.181909	0.232349
41	1000	4	16	13	0	0	1	0	4	0	0	0	0	0	0	0	-0.00	-3.50	1.078242	4.619194	0.469073	0.200208	1	0.200208	0.232349
42	1000	3	20	16	0	0	1	0	6	0	0	0	0	0	0	0	-0.00	-3.50	1.078242	4.617582	0.467647	0.164874	1	0.164874	0.232349
43	1000	3	19	18	0	1	1	0	4	0	0	0	0	0	0	0	-0.00	-3.50	1.079048	4.617582	0.469073	0.204790	1	0.155741	0.232349
44	1000	4	26	25	0	0	1	0	6	0	0	0	0	0	0	0	-0.00	-3.50	1.080659	4.625641	0.470499	0.221756	1	0.181909	0.232349
45	1000	4	14	15	0	0	1	0	2	0	0	0	0	0	0	0	-0.00	-3.50	1.079854	4.622418	0.471925	0.270801	0	0.244706	0.232349
46	1000	8	17	16	0	1	0	0	4	0	0	0	0	0	0	0	-0.00	-3.50	1.078242	4.614359	0.469073	0.213964	0	0.244706	0.232349
47	1000	3	14	21	0	0	0	0	0	0	0	0	0	0	0	0	-0.00	-3.50	1.079854	4.622418	0.469073	0.191051	1	0.221756	0.232349
48	1000	3	28	21	0	1	0	0	8	0	0	0	0	0	0	0	-0.00	-3.25	1.079854	4.615971	0.470499	0.249304	1	0.195628	0.232349
49	1000	5	30	23	0	1	0	0	8	0	0	0	0	0	0	0	-0.00	-3.25	1.082271	4.630476	0.470499	0.208026	1	0.208026	0.232349
50	1000	2	17	9	0	0	0	0	2	0	0	0	0	0	0	0	-0.00	-3.25	1.081465	4.624030	0.466222	0.106758	1	0.200208	0.232349
51	1000	5	24	22	0	1	2	0	11	0	0	0	0	0	0	0	-0.00	-3.25	1.079854	4.615971	0.469073	0.209374	1	0.195628	0.232349
52	1000	6	15	15	0	2	0	0	2	0	0	0	0	0	0	0	-0.00	-3.25	1.081465	4.624030	0.469073	0.186478	0	0.266201	0.232349
53	1000	4	24	26	0	0	2	0	4	0	0	0	0	0	0	0	-0.00	-3.25	1.081465	4.624030	0.469073	0.186478	1	0.221756	0.232349
54	1000	5	15	10	0	2	1	0	1	0	0	0	0	0	0	0	-0.00	-3.25	1.083077	4.627253	0.469073	0.177343	1	0.212598	0.232349
55	1000	2	13	18	0	0	0	0	3	0	0	0	0	0	0	0	-0.00	-3.25	1.083883	4.628865	0.467647	0.132962	0	0.252419	0.232349
56	1000	3	13	13	0	0	0	0	3	0	0	0	0	0	0	0	-0.00	-3.25	1.082271	4.627253	0.470499	0.217175	1	0.212598	0.232349
58	1000	4	22	16	0	0	1	0	5	0	0	0	0	0	0	0	-0.00	-3.25	1.081465	4.624030	0.470499	0.226339	0	0.235516	0.232349
59	1000	4	13	17	0	0	1	0	3	0	0	0	0	0	0	0	-0.00	-3.25	1.081465	4.622418	0.469073	0.191051	1	0.226339	0.232349
60	1000	4	18	17	1	1	1	1	4	1	1	1	1	1	1	1	-0.00	-3.25	1.079854	4.614359	0.464796	0.094131	1	0.223150	0.232349
61	1000	9	20	16	0	3	2	0	4	0	0	1	0	0	0	0	-0.00	-3.25	1.080659	4.617582	0.469073	0.204790	1	0.075964	0.232349
62	1000	3	16	15	0	0	0	0	3	0	0	0	0	0	0	0	-0.00	-3.25	1.080659	4.617582	0.469073	0.204790	1	0.200208	0.232349
63	1000	3	13	19	0	1	0	0	4	0	0	0	0	0	0	0	-0.00	-3.25	1.083077	4.624030	0.467647	0.146620	1	0.146620	0.232349
64	1000	0	22	20	0	0	0	0	3	0	0	0	0	0	0	0	-0.00	-3.25	1.082271	4.617582	0.470499	0.244706	1	0.221756	0.232349
65	1000	4	22	14	0	0	0	0	4	0	0	0	0	0	0	0	-0.00	-3.25	1.082271	4.619194	0.466222	0.120403	0	0.249304	0.232349
66	1000	3	21	17	0	0	0	0	4	0	0	0	0	0	0	0	-0.00	-3.25	1.080659	4.614359	0.470499	0.253907	1	0.085041	0.232349
67	1000	8	14	6	0	4	1	0	2	0	0	0	0	0	0	0	-0.00	-3.25	1.083883	4.625641	0.469073	0.181909	1	0.217175	0.232349
68	1000	9	9	2	1	9	2	1	2	1	1	2	1	1	1	1	-0.00	-3.25	1.085495	4.632088	0.469073	0.163664	0	0.273851	0.232349
69	1000	8	8	1	0	8	1	0	1	0	0	1	0	0	0	0	-0.00	-3.25	1.086300	4.633700	0.470499	0.198887	1	0.194324	0.232349
70	1000	7	9	0	0	7	0	0	0	0	0	0	0	0	0	0	-0.00	-3.25	1.084689	4.625641	0.470499	0.221756	1	0.186478	0.232349
71	1000	8	11	12	5	6	7	5	8	5	5	6	5	5	5	5	-0.00	-3.25	1.084689	4.627253	0.470499	0.217175	0	0.252419	0.232349
72	1000	4	23	12	0	2	0	0	4	0	0	0	0	0	0	0	-0.00	-3.25	1.084689	4.625641	0.470499	0.221756	1	0.217175	0.232349
73	1000	6	24	18	0	1	1	0	2	0	0	0	0	0	0	0	-0.00	-3.25	1.082271	4.617582	0.470499	0.244706	0	0.244706	0.232349
74	1000	4	17	11	0	1	1	0	1	0	0	0	0	0	0	0	-0.00	-3.25	1.083883	4.620806	0.469073	0.195628	1	0.191051	0.232349
75	1000	6	32	13	0	1	0	0	3	0	0	0	0	0	0	0	-0.00	-3.25	1.083077	4.617582	0.466222	0.124956	0	0.253907	0.232349
76	1000	2	15	16	0	0	1	0	4	0	0	0	0	0	0	0	-0.00	-3.25	1.083077	4.614359	0.469073	0.213964	0	0.244706	0.232349
77	1000	1	17	18	0	0	0	0	5	0	0	0	0	0	0	0	-0.00	-3.25	1.083883	4.622418	0.470499	0.230925	1	0.177343	0.232349
78	1000	2	15	16	0	0	0	0	2	0	0	0	0	0	0	0	-0.00	-3.25	1.083883	4.617582	0.470499	0.244706	0	0.240110	0.232349
79	1000	1	15	19	0	0	1	0	4	0	0	0	0	0	0	0	-0.00	-3.25	1.084689	4.628865	0.470499	0.212598	0	0.249304	0.232349
80	1000	6	23	17	0	0	2	0	2	0	0	0	0	0	0	0	-0.00	-3.25	1.083077	4.612747	0.467647	0.178597	0	0.253907	0.232349
81	1000	5	17	17	0	0	0	0	3	0	0	0	0	0	0	0	-0.00	-3.25	1.084689	4.622418	0.469073	0.191051	0	0.270801	0.232349
82	1000	6	19	14	0	0	1	0	2	0	0	0	0	0	0	0	-0.00	-3.25	1.085495	4.620806	0.469073	0.195628	1	0.221756	0.232349
83	1000	6	21	18	0	0	2	0	4	0	0	0	0	0	0	0	-0.00	-3.25	1.086300	4.625641	0.470499	0.221756	0	0.257010	0.232349
84	1000	3	20	13	0	0	0	0	3	0	0	0	0	0	0	0	-0.00	-3.25	1.084689	4.619194	0.467647	0.160306	1	0.213964	0.232349
85	1000	3	12	18	0	0	0	0	2	0	0	0	0	0	0	0	-0.00	-3.25	1.086300	4.625641	0.470499	0.221756	1	0.208026	0.232349
86	1000	1	16	12	0	0	1	0	0	0	0	0	0	0	0	0	-0.00	-3.25	1.086300	4.625641	0.470499	0.221756	1	0.217175	0.232349
87	1000	5	27	17	0	1	1	0	1	0	0	0	0	0	0	0	-0.00	-3.25	1.085495	4.620806	0.470499	0.235516	1	0.186478	0.232349
88	1000	4	22	22	0	1	0	0	6	0	0	0	0	0	0	0	-0.00	-3.25	1.085495	4.620806	0.469073	0.195628	1	0.191051	0.232349
89	1000	4	13	10	0	0	1	0	3	0	0	0	0	0	0	0	-0.00	-3.25	1.087912	4.625641	0.467647	0.142064	0	0.244706	0.232349
90	1000	6	24	20	0	0	0	0	4	0	0	0	0	0	0	0	-0.00	-3.25	1.086300	4.622418	0.470499	0.230925	1	0.181909	0.232349
91	1000	6	17	17	0	0	3	0	3	0	0	0	0	0	0	0	-0.00	-3.25	1.084689	4.620806	0.470499	0.235516	1	0.186478	0.232349
92	1000	5	16	25	0	0	2	0	4	0	0	0	0	0	0	0	-0.00	-3.25	1.085495	4.619194	0.470499	0.240110	1	0.191051	0.232349
93	1000	5	15	15	0	2	1	0	2	0	0	0	0	0	0	0	-0.00	-3.25	1.087106	4.620806	0.461944	-0.003813	1	0.209374	0.232349
94	1000	2	17	17	0	1	0	0	4	0	0	0	0	0	0	0	-0.00	-3.25	1.086300	4.620806	0.473350	0.315294	1	0.186478	0.232349
95	1000	1	20	17	0	0	0	0	4	0	0	0	0	0	0	0	-0.00	-3.25	1.086300	4.617582	0.470499	0.244706	1	0.155741	0.232349
96	1000	5	19	15	0	0	1	0	1	0	0	0	0	0	0	0	-0.00	-3.25	1.088718	4.627253	0.470499	0.217175	0	0.252419	0.232349
97	1000	6	30	20	0	0	2	0	6	0	0	0	0	0	0	0	-0.00	-3.25	1.087912	4.622418	0.470499	0.230925	1	0.226339	0.232349
98	1000	4	8	13	0	0	2	0	3	0	0	0	0	0	0	0	-0.00	-3.25	1.087912	4.627253	0.464796	0.057845	0	0.244706	0.232349
99	1000	9	8	19	0	0	1	0	1	0	0	0	0	0	0	0	-0.00	-3.25	1.087912	4.620806	0.470499	0.235516	1	0.226339	0.232349
100	1000	4	20	25	0	0	3	0	3	0	0	0	0	0	0	0	-0.00	-3.25	1.087106	4.619194	0.467647	0.160306	1	0.115852	0.232349
101	1000	1	18	18	0	0	0	0	5	0	0	0	0	0	0	0	-0.00	-3.25	1.087912	4.620806	0.470499	0.235516	1	0.146620	0.232349
102	1000	7	19	25	0	0	4	0	6	0	0	0	0	0	0	0	-0.00	-3.25	1.087912	4.622418	0.470499	0.230925	1	0.111302	0.232349
103	1000	8	12	22	0	0	1	0	5	0	0	0	0	0	0	0	-0.00	-3.25	1.088718	4.619194	0.466222	0.120403	1	0.200208	0.232349
104	1000	8	18	26	0	0	2	0	6	0	0	0	0	0	0	0	-0.00	-3.25	1.087106	4.615971	0.469073	0.209374	0	0.240110	0.232349
105	1000	0	19	18	0	0	0	0	4	0	0	0	0	0	0	0	-0.00	-3.00	1.089524	4.617582	0.461944	0.005209	1	0.191051	0.232349
106	1000	6	18	20	0	2	1	0	4	0	0	0	0	0	0	0	-0.00	-3.25	1.088718	4.622418	0.467647	0.151178	1	0.102216	0.232349
107	1000	3	17	17	0	0	1	0	2	0	0	0	0	0	0	0	-0.00	-3.25	1.088718	4.620806	0.463370	0.036075	1	0.174020	0.232349
108	1000	4	26	14	0	1	0	0	5	0	0	0	0	0	0	0	-0.00	-3.25	1.088718	4.619194	0.466222	0.120403	1	0.151178	0.232349
109	1000	7	16	18	0	2	0	0	2	0	0	0	0	0	0	0	-0.00	-3.25	1.088718	4.619194	0.467647	0.160306	1	0.160306	0.232349
110	1000	4	17	16	0	1	2	0	2	0	0	0	0	0	0	0	-0.00	-3.25	1.089524	4.622418	0.461944	-0.008320	1	0.151178	0.232349
111	1000	3	20	10	0	0	1	0	4	0	0	0	0	0	0	0	-0.00	-3.00	1.090330	4.620806	0.469073	0.195628	1	0.146620	0.232349
112	1000	4	23	22	0	0	0	0	7	0	0	0	0	0	0	0	-0.00	-3.00	1.089524	4.620806	0.464796	0.075964	1	0.085041	0.232349
113	1000	2	21	14	0	0	0	0	0	0	0	0	0	0	0	0	-0.00	-3.00	1.089524	4.620806	0.469073	0.195628	1	0.151178	0.232349
114	1000	5	20	22	0	0	2	0	5	0	0	0	0	0	0	0	-0.00	-3.00	1.090330	4.620806	0.466222	0.115852	1	0.191051	0.232349
115	1000	3	25	16	0	0	0	0	6	0	0	0	0	0	0	0	-0.00	-3.00	1.090330	4.622418	0.466222	0.111302	1	0.151178	0.232349
116	1000	4	19	21	0	0	1	0	3	0	0	0	0	0	0	0	-0.00	-3.00	1.091136	4.624030	0.469073	0.186478	1	0.102216	0.232349
117	1000	1	20	20	0	0	1	0	5	0	0	0	0	0	0	0	-0.00	-3.00	1.090330	4.620806	0.469073	0.195628	1	0.204790	0.232349
118	1000	2	12	15	0	1	1	0	3	0	0	0	0	0	0	0	-0.00	-3.00	1.089524	4.619194	0.469073	0.200208	1	0.151178	0.232349
119	1000	7	27	23	0	1	2	0	6	0	0	0	0	0	0	0	-0.00	-3.00	1.091941	4.625641	0.467647	0.142064	1	0.155741	0.232349
120	1000	6	23	25	0	0	2	0	5	0	0	0	0	0	0	0	-0.00	-3.00	1.091941	4.625641	0.467647	0.142064	1	0.097678	0.232349
121	1000	8	20	18	0	0	4	0	5	0	0	0	0	0	0	0	-0.00	-3.00	1.091136	4.620806	0.464796	0.075964	1	0.085041	0.232349
122	1000	4	13	6	0	1	1	0	1	0	0	0	0	0	0	0	-0.00	-3.00	1.090330	4.619194	0.467647	0.160306	1	0.111302	0.232349
123	1000	4	15	17	0	0	1	0	2	0	0	0	0	0	0	0	-0.00	-3.00	1.091941	4.625641	0.469073	0.181909	1	0.172781	0.232349
124	1000	1	24	24	0	0	0	0	5	0	0	0	0	0	0	0	-0.00	-3.00	1.094359	4.632088	0.469073	0.163664	1	0.119333	0.232349
125	1000	3	25	18	0	0	2	0	2	0	0	0	0	0	0	0	-0.00	-3.00	1.092747	4.627253	0.469073	0.177343	1	0.132962	0.232349
126	1000	3	19	17	0	0	0	0	8	0	0	0	0	0	0	0	-0.00	-3.00	1.091941	4.620806	0.467647	0.155741	1	0.129513	0.232349
127	1000	6	17	10	0	0	1	0	2	0	0	0	0	0	0	0	-0.00	-3.00	1.091941	4.620806	0.466222	0.115852	1	0.155741	0.232349
128	1000	3	19	12	0	1	1	0	2	0	0	0	0	0	0	0	0.00	-3.00	1.092747	4.625641	0.469073	0.181909	1	0.177343	0.232349
129	1000	3	17	15	0	0	0	0	3	0	0	0	0	0	0	0	-0.00	-3.00	1.091941	4.620806	0.463370	0.036075	1	0.151178	0.232349
130	1000	7	20	19	0	2	2	0	7	0	0	1	0	0	0	0	0.00	-3.00	1.093553	4.625641	0.467647	0.142064	1	0.137512	0.232349
131	1000	2	14	15	0	0	0	0	3	0	0	0	0	0	0	0	-0.00	-3.00	1.093553	4.622418	0.383528	-2.201413	1	0.200208	0.232349
132	1000	7	14	25	0	1	3	0	3	0	0	0	0	0	0	0	0.00	-3.00	1.091941	4.614359	0.467647	0.174020	1	0.160306	0.232349
133	1000	3	21	13	0	2	0	0	5	0	0	0	0	0	0	0	-0.00	-3.00	1.095165	4.624030	0.467647	0.146620	1	0.168221	0.232349
134	1000	4	15	15	0	1	1	0	3	0	0	0	0	0	0	0	0.00	-3.00	1.093553	4.624030	0.467647	0.146620	1	0.146620	0.232349
135	1000	1	21	16	0	0	0	0	4	0	0	0	0	0	0	0	0.00	-3.00	1.095971	4.630476	0.464796	0.048805	1	0.129513	0.232349
136	1000	3	14	19	0	0	1	0	1	0	0	0	0	0	0	0	0.00	-3.00	1.095165	4.627253	0.467647	0.137512	1	0.172781	0.232349
137	1000	4	17	22	0	1	1	0	6	0	0	0	0	0	0	0	0.00	-3.00	1.094359	4.624030	0.470499	0.226339	1	0.217175	0.232349
138	1000	2	21	25	0	0	1	0	5	0	0	0	0	0	0	0	0.00	-3.00	1.095165	4.625641	0.469073	0.181909	1	0.142064	0.232349
139	1000	5	16	10	0	0	1	0	2	0	0	0	0	0	0	0	0.00	-3.00	1.096777	4.630476	0.469073	0.168221	1	0.159110	0.232349
140	1000	9	9	0	0	9	0	0	0	0	0	0	0	0	0	0	0.00	-3.00	1.097582	4.632088	0.464796	0.044291	1	0.088610	0.232349
141	1000	8	12	7	0	4	2	0	2	0	0	0	0	0	0	0	0.00	-3.00	1.094359	4.622418	0.469073	0.191051	1	0.142064	0.232349
142	1000	3	12	9	0	2	0	0	0	0	0	0	0	0	0	0	0.00	-3.00	1.094359	4.619194	0.469073	0.200208	1	0.186478	0.232349
143	1000	4	18	26	0	0	2	0	3	0	0	0	0	0	0	0	0.00	-3.00	1.094359	4.620806	0.467647	0.155741	1	0.071428	0.232349
144	1000	4	19	13	0	1	1	0	1	0	0	0	0	0	0	0	0.00	-3.00	1.095165	4.624030	0.469073	0.186478	1	0.142064	0.232349
145	1000	2	14	19	0	0	0	0	4	0	0	0	0	0	0	0	0.00	-3.00	1.095165	4.620806	0.490459	0.793953	1	0.045125	0.232349
146	1000	6	19	17	0	0	2	0	3	0	0	0	0	0	0	0	0.00	-3.00	1.094359	4.619194	0.467647	0.160306	1	0.146620	0.232349
147	1000	7	20	13	0	1	1	0	3	0	0	0	0	0	0	0	0.00	-3.00	1.095971	4.624030	0.470499	0.226339	0	0.261604	0.232349
148	1000	6	21	17	0	0	2	0	6	0	0	0	0	0	0	0	0.00	-3.00	1.095971	4.627253	0.466222	0.097678	1	0.177343	0.232349
149	1000	5	15	24	0	0	1	0	4	0	0	0	0	0	0	0	0.00	-3.00	1.095971	4.622418	0.469073	0.191051	1	0.146620	0.232349
150	1000	4	20	16	0	2	1	0	5	0	0	0	0	0	0	0	0.00	-3.00	1.095165	4.617582	0.464796	0.085041	1	0.169445	0.232349
151	1000	4	21	23	0	1	1	0	4	0	0	0	0	0	0	0	0.00	-3.00	1.096777	4.624030	0.467647	0.146620	1	0.172781	0.232349
152	1000	6	20	18	0	1	2	0	1	0	0	0	0	0	0	0	0.00	-3.00	1.096777	4.624030	0.467647	0.146620	1	0.097678	0.232349
153	1000	4	26	20	0	1	1	0	6	0	0	0	0	0	0	0	0.00	-3.00	1.096777	4.622418	0.469073	0.191051	1	0.146620	0.232349
154	1000	4	17	25	0	0	1	0	3	0	0	0	0	0	0	0	0.00	-3.00	1.096777	4.622418	0.461944	-0.008320	1	0.089584	0.232349
155	1000	3	19	17	0	0	0	0	4	0	0	0	0	0	0	0	0.00	-3.00	1.097582	4.624030	0.469073	0.186478	1	0.137512	0.232349
156	1000	5	17	13	0	1	2	0	2	0	0	0	0	0	0	0	0.00	-3.00	1.097582	4.624030	0.469073	0.186478	1	0.062370	0.232349
157	1000	6	16	10	0	1	0	0	4	0	0	0	0	0	0	0	0.00	-3.00	1.097582	4.625641	0.467647	0.142064	1	0.137512	0.232349
158	1000	5	20	20	0	1	1	0	5	0	0	0	0	0	0	0	0.00	-3.00	1.096777	4.624030	0.469073	0.186478	1	0.177343	0.232349
159	1000	8	12	16	0	1	1	0	3	0	0	0	0	0	0	0	0.00	-3.00	1.097582	4.622418	0.507568	1.267660	1	0.115852	0.232349
160	1000	8	13	20	0	1	2	0	3	0	0	1	0	0	0	0	0.00	-3.00	1.098388	4.625641	0.470499	0.221756	1	0.172781	0.232349
161	1000	2	5	21	0	0	0	0	2	0	0	0	0	0	0	0	0.00	-3.00	1.098388	4.624030	0.469073	0.186478	1	-0.012823	0.232349
162	1000	5	10	18	0	0	1	0	1	0	0	0	0	0	0	0	0.00	-3.00	1.097582	4.620806	0.469073	0.195628	1	0.151178	0.232349
163	1000	2	17	21	0	0	0	0	4	0	0	0	0	0	0	0	0.00	-3.00	1.099194	4.627253	0.469073	0.177343	1	0.181909	0.232349
164	1000	4	26	10	0	0	0	0	2	0	0	0	0	0	0	0	0.00	-3.00	1.098388	4.620806	0.480479	0.514736	1	0.115852	0.232349
165	1000	6	17	16	0	0	0	0	1	0	0	0	0	0	0	0	0.00	-3.00	1.099194	4.624030	0.469073	0.186478	1	0.132962	0.232349
166	1000	3	18	21	0	0	2	0	2	0	0	0	0	0	0	0	0.00	-2.75	1.099194	4.622418	0.467647	0.151178	1	0.146620	0.232349
167	1000	6	10	15	0	0	2	0	1	0	0	0	0	0	0	0	0.00	-3.00	1.099194	4.624030	0.469073	0.186478	1	0.181909	0.232349
168	1000	6	21	8	0	2	2	0	1	0	0	0	0	0	0	0	0.00	-2.75	1.100000	4.625641	0.463370	0.022523	1	0.195628	0.232349
169	1000	3	11	26	0	0	1	0	2	0	0	0	0	0	0	0	0.00	-3.00	1.098388	4.619194	0.466222	0.120403	1	0.151178	0.232349
170	1000	2	18	19	0	0	2	0	3	0	0	0	0	0	0	0	0.00	-2.75	1.099194	4.619194	0.469073	0.200208	1	0.146620	0.232349
171	1000	6	14	15	0	1	2	0	3	0	0	0	0	0	0	0	0.00	-2.75	1.100806	4.627253	0.469073	0.177343	1	0.177343	0.232349
172	1000	5	12	19	0	0	1	0	0	0	0	0	0	0	0	0	0.00	-2.75	1.101612	4.624030	0.467647	0.146620	1	0.177343	0.232349
173	1000	2	14	17	0	0	1	0	3	0	0	0	0	0	0	0	0.00	-2.75	1.100806	4.625641	0.466222	0.102216	1	0.195628	0.232349
174	1000	6	17	22	0	1	2	0	6	0	0	0	0	0	0	0	0.00	-2.75	1.100806	4.625641	0.467647	0.142064	1	0.172781	0.232349
175	1000	6	19	18	0	1	3	0	1	0	0	0	0	0	0	0	0.00	-2.75	1.100806	4.627253	0.469073	0.177343	1	0.132962	0.232349
176	1000	3	15	23	0	0	0	0	2	0	0	0	0	0	0	0	0.00	-2.75	1.101612	4.625641	0.467647	0.142064	1	0.137512	0.232349
177	1000	2	13	13	0	0	0	0	3	0	0	0	0	0	0	0	0.00	-2.75	1.101612	4.624030	0.467647	0.146620	1	0.181909	0.232349
178	1000	3	14	14	0	0	0	0	4	0	0	0	0	0	0	0	0.00	-2.75	1.101612	4.624030	0.491885	0.824247	1	0.155741	0.232349
179	1000	5	7	18	0	0	1	0	2	0	0	0	0	0	0	0	0.00	-2.75	1.100806	4.622418	0.469073	0.191051	1	0.142064	0.232349
180	1000	6	15	18	0	1	1	0	1	0	0	0	0	0	0	0	0.00	-2.75	1.100806	4.625641	0.466222	0.102216	1	0.142064	0.232349
181	1000	2	16	13	0	0	0	0	1	0	0	0	0	0	0	0	0.00	-2.75	1.100806	4.624030	0.469073	0.186478	1	0.146620	0.232349
182	1000	4	17	17	0	2	0	0	3	0	0	0	0	0	0	0	0.00	-2.75	1.101612	4.624030	0.467647	0.146620	1	0.142064	0.232349
183	1000	6	19	26	0	1	2	0	7	0	0	0	0	0	0	0	0.00	-2.75	1.101612	4.622418	0.469073	0.191051	1	0.142064	0.232349
184	1000	3	23	15	0	0	0	0	4	0	0	0	0	0	0	0	0.00	-2.75	1.102418	4.625641	0.466222	0.102216	1	0.172781	0.232349
185	1000	3	14	15	0	0	2	0	1	0	0	0	0	0	0	0	0.00	-2.75	1.103223	4.627253	0.466222	0.097678	1	0.168221	0.232349
186	1000	2	21	15	0	0	1	0	2	0	0	0	0	0	0	0	0.00	-2.75	1.102418	4.624030	0.467647	0.146620	1	0.102216	0.232349
187	1000	2	18	18	0	0	0	0	2	0	0	0	0	0	0	0	0.00	-2.75	1.102418	4.622418	0.466222	0.111302	1	0.124956	0.232349
188	1000	5	11	20	0	0	3	0	1	0	0	0	0	0	0	0	0.00	-2.75	1.102418	4.622418	0.469073	0.191051	1	0.102216	0.232349
189	1000	5	9	23	0	0	2	0	3	0	0	0	0	0	0	0	0.00	-2.75	1.102418	4.622418	0.469073	0.191051	1	0.146620	0.232349
190	1000	5	15	13	0	0	0	0	3	0	0	0	0	0	0	0	0.00	-2.75	1.103223	4.624030	0.467647	0.146620	1	0.137512	0.232349
191	1000	3	23	21	0	0	3	0	3	0	0	0	0	0	0	0	0.00	-2.75	1.104835	4.627253	0.467647	0.137512	0	0.266201	0.232349
192	1000	3	24	21	0	1	0	0	5	0	0	0	0	0	0	0	0.00	-2.75	1.104029	4.620806	0.463370	0.036075	0	0.244706	0.232349
193	1000	4	7	15	0	0	0	0	1	0	0	0	0	0	0	0	0.00	-2.75	1.103223	4.624030	0.471925	0.266201	0	0.257010	0.232349
194	1000	3	19	14	0	1	0	0	2	0	0	0	0	0	0	0	0.00	-2.75	1.104029	4.627253	0.470499	0.217175	1	0.172781	0.232349
195	1000	3	11	19	0	0	0	0	2	0	0	0	0	0	0	0	0.00	-2.75	1.104835	4.627253	0.470499	0.217175	1	0.212598	0.232349
196	1000	2	20	19	0	0	1	0	5	0	0	0	0	0	0	0	0.00	-2.75	1.104835	4.625641	0.470499	0.221756	1	0.217175	0.232349
197	1000	2	12	10	0	0	0	0	0	0	0	0	0	0	0	0	0.00	-2.75	1.104835	4.624030	0.471925	0.266201	0	0.306061	0.232349
198	1000	4	16	15	0	0	1	0	2	0	0	0	0	0	0	0	0.00	-2.75	1.104835	4.625641	0.471925	0.261604	1	0.168221	0.232349
199	1000	1	24	10	0	0	0	0	3	0	0	0	0	0	0	0	0.00	-2.75	1.104835	4.628865	0.469073	0.172781	1	0.212598	0.232349
200	1000	1	16	19	0	0	0	0	5	0	0	0	0	0	0	0	0.00	-2.75	1.106447	4.630476	0.471925	0.247831	0	0.238666	0.232349
201	1000	2	10	18	0	0	0	0	4	0	0	0	0	0	0	0	0.00	-2.75	1.107253	4.632088	0.471925	0.243248	1	0.212598	0.232349
202	1000	2	10	13	0	1	0	0	1	0	0	0	0	0	0	0	0.00	-2.75	1.107253	4.635312	0.473350	0.273851	0	0.264677	0.232349
203	1000	0	23	18	0	0	0	0	4	0	0	0	0	0	0	0	0.00	-2.75	1.105641	4.625641	0.470499	0.221756	0	0.261604	0.232349
204	1000	3	13	17	0	3	1	0	2	0	0	1	0	0	0	0	0.00	-2.75	1.106447	4.630476	0.470499	0.208026	1	0.177343	0.232349
205	1000	3	13	24	0	1	1	0	4	0	0	1	0	0	0	0	0.00	-2.75	1.106447	4.628865	0.469073	0.172781	0	0.252419	0.232349
206	1000	3	12	28	0	0	2	0	4	0	0	0	0	0	0	0	0.00	-2.75	1.106447	4.627253	0.469073	0.177343	1	0.195628	0.232349
207	1000	1	12	19	0	0	1	0	3	0	0	0	0	0	0	0	0.00	-2.75	1.106447	4.624030	0.467647	0.146620	1	0.217175	0.232349
208	1000	1	18	11	0	0	0	0	1	0	0	0	0	0	0	0	0.00	-2.75	1.106447	4.624030	0.469073	0.186478	0	0.296842	0.232349
209	1000	3	9	15	0	0	0	0	2	0	0	0	0	0	0	0	0.00	-2.75	1.108059	4.628865	0.474776	0.332056	0	0.296842	0.232349
210	1000	2	13	12	0	0	1	0	1	0	0	0	0	0	0	0	0.00	-2.75	1.107253	4.627253	0.473350	0.296842	0	0.247831	0.232349
211	1000	0	17	17	0	0	0	0	6	0	0	0	0	0	0	0	0.00	-2.75	1.107253	4.625641	0.473350	0.301450	0	0.257010	0.232349
212	1000	0	22	14	0	0	0	0	3	0	0	0	0	0	0	0	0.00	-2.75	1.108059	4.630476	0.471925	0.247831	0	0.322828	0.232349
213	1000	1	22	24	0	0	0	0	4	0	0	0	0	0	0	0	0.00	-2.75	1.108865	4.628865	0.470499	0.212598	0	0.257010	0.232349
214	1000	3	22	27	0	0	0	0	4	0	0	0	0	0	0	0	0.00	-2.75	1.108059	4.630476	0.471925	0.247831	0	0.243248	0.232349
215	1000	1	15	20	0	0	0	0	3	0	0	0	0	0	0	0	0.00	-2.75	1.108059	4.625641	0.467647	0.142064	0	0.310675	0.232349
216	1000	2	25	21	0	0	0	0	4	0	0	0	0	0	0	0	0.00	-2.75	1.108059	4.627253	0.473350	0.296842	0	0.247831	0.232349
217	1000	2	17	16	0	0	0	0	3	0	0	0	0	0	0	0	0.00	-2.75	1.109670	4.633700	0.471925	0.238666	0	0.318220	0.232349
218	1000	0	14	13	0	0	0	0	1	0	0	0	0	0	0	0	0.00	-2.75	1.108865	4.627253	0.470499	0.217175	0	0.336675	0.232349
219	1000	3	25	22	0	0	1	0	8	0	0	0	0	0	0	0	0.00	-2.75	1.108865	4.630476	0.474776	0.327441	0	0.327441	0.232349
220	1000	2	20	19	0	0	0	0	4	0	0	0	0	0	0	0	0.00	-2.75	1.110476	4.635312	0.454816	-0.243075	0	0.336675	0.232349
221	1000	2	19	20	0	0	0	0	5	0	0	0	0	0	0	0	0.00	-2.75	1.108865	4.627253	0.474776	0.336675	0	0.318220	0.232349
222	1000	1	23	17	0	0	0	0	5	0	0	0	0	0	0	0	0.00	-2.50	1.109670	4.627253	0.473350	0.296842	0	0.411694	0.232349
223	1000	3	26	19	0	0	1	0	2	0	0	0	0	0	0	0	0.00	-2.50	1.110476	4.632088	0.471925	0.243248	0	0.397775	0.232349
224	1000	1	22	19	0	0	0	0	4	0	0	0	0	0	0	0	0.00	-2.50	1.109670	4.627253	0.474776	0.336675	0	0.292237	0.232349
225	1000	3	21	19	0	0	0	0	2	0	0	0	0	0	0	0	0.00	-2.50	1.109670	4.624030	0.476202	0.385782	0	0.376507	0.232349
226	1000	1	34	18	0	0	0	0	6	0	0	0	0	0	0	0	0.00	-2.50	1.109670	4.624030	0.473350	0.306061	0	0.296842	0.232349
227	1000	6	165	25	0	4	1	0	7	0	0	1	0	0	0	0	0.00	-2.75	1.108059	4.622418	0.474776	0.350549	0	0.404370	0.232349
228	1000	6	103	13	0	0	1	0	3	0	0	0	0	0	0	0	0.00	-2.75	1.108865	4.625641	0.469073	0.181909	0	0.381143	0.232349
229	1000	8	85	14	0	1	2	0	2	0	0	0	0	0	0	0	0.00	-2.50	1.109670	4.624030	0.469073	0.186478	0	0.359816	0.232349
230	1000	7	72	27	0	0	2	0	7	0	0	0	0	0	0	0	0.00	-2.50	1.108865	4.622418	0.474776	0.350549	0	0.301450	0.232349
231	1000	2	61	25	0	0	1	0	1	0	0	0	0	0	0	0	0.00	-2.50	1.110476	4.624030	0.473350	0.306061	0	0.385782	0.232349
232	1000	1	60	20	0	0	1	0	5	0	0	0	0	0	0	0	0.00	-2.50	1.108865	4.620806	0.476202	0.395070	0	0.350549	0.232349
233	1000	0	51	16	0	0	0	0	4	0	0	0	0	0	0	0	0.00	-2.50	1.110476	4.624030	0.476202	0.385782	0	0.345921	0.232349
234	1000	0	47	21	0	0	0	0	2	0	0	0	0	0	0	0	0.00	-2.50	1.108865	4.615971	0.483331	0.608676	0	0.383039	0.232349
235	1000	0	48	20	0	0	0	0	5	0	0	0	0	0	0	0	0.00	-2.50	1.108059	4.614359	0.471925	0.293853	1	0.204790	0.232349
236	1000	0	43	25	0	0	0	0	3	0	0	0	0	0	0	0	0.00	-2.50	1.110476	4.624030	0.479053	0.465501	0	0.381143	0.232349
237	1000	1	38	19	0	0	0	0	3	0	0	0	0	0	0	0	0.00	-2.50	1.110476	4.624030	0.476202	0.385782	0	0.341297	0.232349
238	1000	0	37	20	0	0	0	0	5	0	0	0	0	0	0	0	0.00	-2.50	1.110476	4.617582	0.474776	0.364455	0	0.350549	0.232349
239	1000	0	38	26	0	0	0	0	4	0	0	0	0	0	0	0	0.00	-2.50	1.110476	4.617582	0.471925	0.284623	0	0.369095	0.232349
240	1000	0	44	19	0	0	0	0	6	0	0	0	0	0	0	0	0.00	-2.50	1.111282	4.622418	0.477628	0.430298	0	0.341297	0.232349
241	1000	0	33	12	0	0	0	0	1	0	0	0	0	0	0	0	0.00	-2.50	1.111282	4.624030	0.479053	0.465501	0	0.381143	0.232349
242	1000	0	28	30	0	0	0	0	3	0	0	0	0	0	0	0	0.00	-2.50	1.111282	4.624030	0.474776	0.345921	0	0.420990	0.232349
243	1000	0	32	22	0	0	0	0	6	0	0	0	0	0	0	0	0.00	-2.50	1.112088	4.622418	0.477628	0.430298	0	0.416340	0.232349
244	1000	0	32	16	0	0	0	0	2	0	0	0	0	0	0	0	0.00	-2.50	1.111282	4.620806	0.476202	0.395070	0	0.390424	0.232349
245	1000	0	30	23	0	0	0	0	6	0	0	0	0	0	0	0	0.00	-2.50	1.111282	4.620806	0.479053	0.474846	0	0.350549	0.232349
246	1000	1	39	25	0	0	0	0	4	0	0	0	0	0	0	0	0.50	-2.50	1.111282	4.622418	0.477628	0.430298	0	0.430298	0.232349
247	1000	0	23	24	0	0	0	0	4	0	0	0	0	0	0	0	0.50	-2.50	1.112894	4.625641	0.479053	0.460835	0	0.425642	0.232349
248	1000	0	26	23	0	0	0	0	2	0	0	0	0	0	0	0	0.50	-2.50	1.112088	4.625641	0.521826	1.656236	0	0.364455	0.232349
249	1000	0	23	12	0	0	0	0	0	0	0	0	0	0	0	0	0.50	-2.50	1.111282	4.617582	0.473350	0.324539	0	0.502953	0.232349
250	1000	0	28	22	0	0	0	0	6	0	0	0	0	0	0	0	0.50	-2.50	1.111282	4.617582	0.471925	0.284623	0	0.364455	0.232349
251	1000	0	30	24	0	0	0	0	5	0	0	0	0	0	0	0	0.50	-2.50	1.111282	4.617582	0.476202	0.404370	0	0.484202	0.232349
252	1000	4	22	20	0	1	2	0	4	0	0	0	0	0	0	0	0.50	-2.50	1.112088	4.620806	0.480479	0.514736	0	0.470172	0.232349
253	1000	11	20	18	0	3	3	0	2	0	0	0	0	0	0	0	0.50	-2.50	1.113700	4.624030	0.483331	0.585085	0	0.479522	0.232349
254	1000	6	29	23	0	1	2	0	6	0	0	0	0	0	0	0	0.50	-2.50	1.113700	4.624030	0.480479	0.505363	0	0.500683	0.232349
255	1000	3	19	15	0	0	1	0	2	0	0	0	0	0	0	0	0.50	-2.50	1.113700	4.622418	0.476202	0.390424	0	0.390424	0.232349
256	1000	3	25	13	0	1	1	0	6	0	0	0	0	0	0	0	0.50	-2.50	1.114506	4.625641	0.480479	0.500683	0	0.416340	0.232349
257	1000	9	21	27	0	0	1	0	7	0	0	0	0	0	0	0	0.50	-2.50	1.113700	4.619194	0.479053	0.479522	0	0.430298	0.232349
258	1000	6	25	25	0	0	2	0	3	0	0	0	0	0	0	0	0.50	-2.50	1.113700	4.622418	0.477628	0.430298	0	0.514736	0.232349
259	1000	4	17	25	0	0	1	0	3	0	0	0	0	0	0	0	0.50	-2.50	1.112894	4.617582	0.479053	0.484202	0	0.479522	0.232349
260	1000	3	22	23	0	0	1	0	7	0	0	0	0	0	0	0	0.50	-2.50	1.114506	4.624030	0.479053	0.465501	0	0.416340	0.232349
261	1000	8	18	26	0	0	3	0	6	0	0	0	0	0	0	0	0.50	-2.50	1.114506	4.624030	0.480479	0.505363	0	0.460835	0.232349
262	1000	9	23	19	0	0	2	0	2	0	0	0	0	0	0	0	0.50	-2.50	1.114506	4.622418	0.480479	0.510046	0	0.460835	0.232349
263	1000	4	14	21	0	0	2	0	3	0	0	0	0	0	0	0	0.50	-2.50	1.114506	4.620806	0.480479	0.514736	0	0.500683	0.232349
264	1000	3	14	14	0	0	0	0	1	0	0	0	0	0	0	0	0.50	-2.50	1.115311	4.624030	0.480479	0.505363	0	0.496005	0.232349
265	1000	7	22	15	0	0	1	0	3	0	0	0	0	0	0	0	0.50	-2.50	1.116117	4.624030	0.483331	0.585085	0	0.540529	0.232349
266	1000	2	29	19	0	0	1	0	5	0	0	0	0	0	0	0	0.50	-2.50	1.116117	4.624030	0.483331	0.585085	0	0.540529	0.232349
267	1000	2	30	25	0	0	0	0	6	0	0	0	0	0	0	0	0.50	-2.50	1.115311	4.622418	0.483331	0.589796	0	0.470172	0.232349
268	1000	7	30	19	0	0	1	0	2	0	0	0	0	0	0	0	0.50	-2.50	1.116923	4.624030	0.479053	0.465501	0	0.540529	0.232349
269	1000	5	32	25	0	0	1	0	5	0	0	0	0	0	0	0	0.50	-2.50	1.114506	4.615971	0.480479	0.528815	0	0.479522	0.232349
270	1000	0	16	23	0	0	0	0	4	0	0	0	0	0	0	0	0.50	-2.50	1.116117	4.624030	0.483331	0.585085	0	0.545223	0.232349
271	1000	3	21	23	0	0	1	0	6	0	0	0	0	0	0	0	0.50	-2.50	1.117729	4.625641	0.481905	0.540529	0	0.575672	0.232349
272	1000	2	29	19	0	0	1	0	8	0	0	0	0	0	0	0	0.50	-2.50	1.116923	4.620806	0.480479	0.514736	0	0.510046	0.232349
273	1000	4	22	21	0	0	2	0	4	0	0	0	0	0	0	0	0.50	-2.50	1.116117	4.620806	0.479053	0.474846	0	0.589796	0.232349
274	1000	4	20	22	0	0	1	0	6	0	0	0	0	0	0	0	0.50	-2.50	1.117729	4.625641	0.480479	0.500683	0	0.620224	0.232349
275	1000	2	21	22	0	0	2	0	5	0	0	0	0	0	0	0	0.50	-2.50	1.117729	4.625641	0.479053	0.460835	0	0.615505	0.232349
276	1000	5	12	21	0	0	2	0	2	0	0	0	0	0	0	0	0.50	-2.50	1.118535	4.625641	0.487608	0.699915	0	0.594512	0.232349
277	1000	1	18	19	0	0	0	0	5	0	0	0	0	0	0	0	0.50	-2.50	1.117729	4.624030	0.483331	0.585085	0	0.535838	0.232349
278	1000	3	23	16	0	0	1	0	4	0	0	0	0	0	0	0	0.50	-2.50	1.116923	4.622418	0.484756	0.629671	0	0.585085	0.232349
280	1000	4	22	15	0	0	0	0	2	0	0	0	0	0	0	0	0.50	-2.50	1.117729	4.624030	0.484756	0.624946	0	0.540529	0.232349
281	1000	3	19	29	0	0	1	0	4	0	0	0	0	0	0	0	0.50	-2.50	1.119341	4.628865	0.484756	0.610789	0	0.610789	0.232349
282	1000	4	19	27	0	0	1	0	4	0	0	0	0	0	0	0	0.50	-2.50	1.119341	4.630476	0.483331	0.566272	0	0.589796	0.232349
283	1000	3	23	21	0	0	2	0	0	0	0	0	0	0	0	0	0.50	-2.50	1.118535	4.622418	0.484756	0.629671	0	0.533516	0.232349
284	1000	6	27	21	0	0	2	0	3	0	0	0	0	0	0	0	0.50	-2.50	1.118535	4.624030	0.479053	0.465501	0	0.580377	0.232349
285	1000	2	16	25	0	0	0	0	4	0	0	0	0	0	0	0	0.50	-2.50	1.119341	4.624030	0.484756	0.624946	0	0.669545	0.232349
286	1000	7	32	25	0	1	2	0	5	0	0	1	0	0	0	0	0.50	-2.50	1.120147	4.625641	0.484756	0.620224	0	0.650608	0.232349
287	1000	3	13	23	0	0	0	0	4	0	0	0	0	0	0	0	0.50	-2.25	1.119341	4.619194	0.483331	0.599231	0	0.674288	0.232349
288	1000	4	15	27	0	0	2	0	3	0	0	0	0	0	0	0	0.50	-2.50	1.119341	4.624030	0.486182	0.664806	0	0.580377	0.232349
289	1000	3	22	25	0	0	1	0	5	0	0	0	0	0	0	0	0.50	-2.50	1.120147	4.624030	0.487608	0.704666	0	0.594512	0.232349
290	1000	7	17	20	0	0	1	0	4	0	0	0	0	0	0	0	0.50	-2.50	1.120147	4.625641	0.484756	0.620224	0	0.655336	0.232349
291	1000	4	18	21	0	0	3	0	4	0	0	0	0	0	0	0	0.50	-2.50	1.120147	4.624030	0.479053	0.465501	0	0.674288	0.232349
292	1000	8	30	19	0	0	3	0	3	0	0	0	0	0	0	0	0.50	-2.50	1.120147	4.624030	0.486182	0.664806	0	0.615505	0.232349
293	1000	4	13	20	0	0	2	0	4	0	0	0	0	0	0	0	0.50	-2.50	1.120147	4.624030	0.487608	0.704666	0	0.660069	0.232349
294	1000	3	21	21	0	0	0	0	2	0	0	0	0	0	0	0	0.50	-2.25	1.121758	4.630476	0.489034	0.725491	0	0.765296	0.232349
295	1000	0	18	25	0	0	0	0	3	0	0	0	0	0	0	0	0.50	-2.25	1.120952	4.625641	0.489034	0.739762	0	0.739762	0.232349
296	1000	0	10	19	0	0	0	0	3	0	0	0	0	0	0	0	0.50	-2.25	1.121758	4.628865	0.487608	0.690425	0	0.704666	0.232349
297	1000	0	16	25	0	0	0	0	3	0	0	0	0	0	0	0	0.50	-2.25	1.120952	4.622418	0.489034	0.749293	0	0.723700	0.232349
298	1000	0	26	21	0	0	0	0	6	0	0	0	0	0	0	0	0.50	-2.25	1.121758	4.627253	0.486182	0.655336	0	0.690425	0.232349
299	1000	0	25	23	0	0	0	0	7	0	0	0	0	0	0	0	0.50	-2.25	1.122564	4.627253	0.487608	0.695169	0	0.704666	0.232349
300	1000	0	19	25	0	0	0	0	4	0	0	0	0	0	0	0	0.50	-2.25	1.122564	4.627253	0.489034	0.735001	0	0.685686	0.232349
301	1000	0	26	26	0	0	0	0	5	0	0	0	0	0	0	0	0.50	-2.25	1.122564	4.625641	0.437706	-0.694715	0	0.784386	0.232349
302	1000	0	32	22	0	0	0	0	6	0	0	0	0	0	0	0	0.50	-2.25	1.122564	4.624030	0.491885	0.824247	0	0.814668	0.232349
303	1