quad V2.5
time	int	cnt1	cnt2	cnt3	cnt4	1&2	1&3	1&4	2&3	2&4	3&4	1&2&3	1&2&4	1&3&4	2&3&4	1&2&3&4	digTemp	temp	adct	adcr	adcp	pressure	PBS	CurrMeasurement	MeanMeasurement
4021	1000	0	0	0	0	0	0	0	0	0	0	0	0	0	0	0	22.00	19.00	2.208864	5.014066	4.462610	102.130585	0	102.020119	0.774834
4022	1000	0	1	1	0	0	0	0	1	0	0	0	0	0	0	0	22.00	19.00	2.208059	5.010843	4.455482	102.020699	0	102.131485	0.774834
4023	1000	2	3	2	0	2	0	0	0	0	0	0	0	0	0	0	22.00	19.00	2.208059	5.007619	4.454056	102.057869	0	102.131042	0.774834
4024	1000	0	0	0	0	0	0	0	0	0	0	0	0	0	0	0	22.00	19.00	2.210476	5.010843	4.459759	102.131042	0	102.130821	0.774834
4025	1000	1	0	0	0	0	0	0	0	0	0	0	0	0	0	0	22.00	19.00	2.210476	5.010843	4.458333	102.094254	0	101.873268	0.774834
4026	1000	0	1	1	0	0	0	0	1	0	0	0	0	0	0	0	22.00	19.25	2.212088	5.010843	4.459759	102.131042	0	101.395401	0.774834
4027	1000	0	0	0	0	0	0	0	0	0	0	0	0	0	0	0	22.00	19.25	2.212894	5.012455	4.458333	102.057266	0	102.020500	0.774834
4028	1000	1	0	0	0	0	0	0	0	0	0	0	0	0	0	0	22.00	19.25	2.214506	5.014066	4.458333	102.020302	0	102.093834	0.774834
4029	1000	1	0	1	0	0	0	0	0	0	0	0	0	0	0	0	22.00	19.25	2.214506	5.010843	4.456907	102.057472	0	102.094254	0.774834
4030	1000	1	0	1	0	0	1	0	0	0	0	0	0	0	0	0	22.00	19.25	2.216923	5.014066	4.461185	102.093834	0	101.983368	0.774834
4031	1000	0	0	0	0	0	0	0	0	0	0	0	0	0	0	0	22.00	19.25	2.218535	5.014066	4.479719	102.571709	0	102.131042	0.774834
4032	1000	0	2	2	0	0	0	0	0	0	0	0	0	0	0	0	22.00	19.25	2.219341	5.014066	4.459759	102.057068	0	102.093613	0.774834
4033	1000	1	0	0	0	0	0	0	0	0	0	0	0	0	0	0	22.00	19.25	2.219341	5.012455	4.462610	102.167587	0	102.020119	0.774834
4034	1000	0	0	0	0	0	0	0	0	0	0	0	0	0	0	0	22.00	19.25	2.221758	5.015678	4.462610	102.093613	0	102.130585	0.774834
4035	1000	0	0	0	0	0	0	0	0	0	0	0	0	0	0	0	22.00	19.25	2.221758	5.014066	4.462610	102.130585	0	102.093613	0.774834
4036	1000	2	1	0	0	1	0	0	0	0	0	0	0	0	0	0	22.50	19.25	2.222564	5.012455	4.464036	102.204346	0	102.093834	0.774834
4037	1000	1	0	1	0	0	0	0	0	0	0	0	0	0	0	0	22.50	19.25	2.224176	5.015678	4.465462	102.167114	0	102.166878	0.774834
4038	1000	1	1	0	0	0	0	0	0	0	0	0	0	0	0	0	22.50	19.25	2.224176	5.014066	4.458333	102.020302	0	102.093834	0.774834
4039	1000	1	0	0	0	0	0	0	0	0	0	0	0	0	0	0	22.50	19.50	2.226593	5.015678	4.461185	102.056870	0	101.983192	0.774834
4040	1000	0	0	3	0	0	0	0	0	0	0	0	0	0	0	0	22.50	19.25	2.227399	5.023737	4.446927	101.505516	0	102.167587	0.774834
4041	1000	0	1	1	0	0	0	0	1	0	0	0	0	0	0	0	22.50	19.50	2.227399	5.017290	4.464036	102.093399	0	102.019936	0.774834
4042	1000	0	0	0	0	0	0	0	0	0	0	0	0	0	0	0	22.50	19.50	2.230623	5.018902	4.464036	102.056450	0	101.872696	0.774834
4043	1000	1	1	1	0	1	0	0	0	0	0	0	0	0	0	0	22.50	19.50	2.229817	5.017290	4.461185	102.019936	0	102.056671	0.774834
4044	1000	0	0	1	0	0	0	0	0	0	0	0	0	0	0	0	22.50	19.50	2.229817	5.015678	4.461185	102.056870	0	102.167114	0.774834
4045	1000	0	0	0	0	0	0	0	0	0	0	0	0	0	0	0	22.50	19.50	2.229011	5.010843	4.445501	101.763199	0	102.204857	0.774834
4046	1000	2	1	2	0	1	0	0	0	0	0	0	0	0	0	0	22.50	19.50	2.232234	5.017290	4.448353	101.689316	0	102.166878	0.774834
4047	1000	0	2	1	0	0	0	0	0	0	0	0	0	0	0	0	22.50	19.50	2.233846	5.022125	4.468313	102.092758	0	102.166389	0.774834
4048	1000	2	2	0	0	1	0	0	0	0	0	0	0	0	0	0	22.50	19.50	2.236264	5.020514	4.466887	102.092972	0	101.982651	0.774834
4049	1000	2	0	0	0	0	0	0	0	0	0	0	0	0	0	0	22.50	19.50	2.236264	5.025349	4.458333	101.762238	0	102.093399	0.774834
4050	1000	2	3	0	0	2	0	0	0	0	0	0	0	0	0	0	22.50	19.50	2.235458	5.018902	4.465462	102.093178	0	102.056252	0.774834
4051	1000	0	0	1	0	0	0	0	0	0	0	0	0	0	0	0	22.50	19.50	2.237875	5.017290	4.461185	102.019936	0	102.019539	0.774834
4052	1000	1	1	0	0	0	0	0	0	0	0	0	0	0	0	0	22.50	19.50	2.239487	5.022125	4.466887	102.056061	0	101.982651	0.774834
4053	1000	1	0	0	0	0	0	0	0	0	0	0	0	0	0	0	22.50	19.50	2.240293	5.020514	4.468313	102.129684	0	102.056061	0.774834
4054	1000	0	0	0	0	0	0	0	0	0	0	0	0	0	0	0	22.50	19.75	2.239487	5.015678	4.464036	102.130363	0	102.203865	0.774834
4055	1000	0	1	2	0	0	0	0	0	0	0	0	0	0	0	0	22.50	19.75	2.241099	5.018902	4.452630	101.762657	0	102.019539	0.774834
4056	1000	0	0	0	0	0	0	0	0	0	0	0	0	0	0	0	22.50	19.75	2.242711	5.020514	4.466887	102.092972	0	102.056252	0.774834
4057	1000	1	1	0	0	0	0	0	0	0	0	0	0	0	0	0	22.50	19.75	2.245128	5.023737	4.466887	102.019173	0	102.092537	0.774834
4058	1000	1	1	0	0	0	0	0	0	0	0	0	0	0	0	0	22.50	19.75	2.243516	5.026960	4.449779	101.505478	0	102.130142	0.774834
4059	1000	0	0	2	0	0	0	0	0	0	0	0	0	0	0	0	22.50	19.75	2.244322	5.018902	4.468313	102.166634	0	102.056252	0.774834
4060	1000	0	0	1	0	0	0	0	0	0	0	0	0	0	0	0	22.50	19.75	2.245128	5.020514	4.468313	102.129684	0	102.129227	0.774834
4061	1000	0	0	0	0	0	0	0	0	0	0	0	0	0	0	0	22.50	19.75	2.247546	5.023737	4.468313	102.055862	0	101.982483	0.774834
4062	1000	0	0	0	0	0	0	0	0	0	0	0	0	0	0	0	22.50	19.75	2.248352	5.022125	4.466887	102.056061	0	102.055862	0.774834
4063	1000	0	0	2	0	0	0	0	0	0	0	0	0	0	0	0	22.50	19.75	2.248352	5.020514	4.468313	102.129684	0	101.689476	0.774834
4064	1000	0	0	1	0	0	0	0	0	0	0	0	0	0	0	0	22.50	19.75	2.248352	5.020514	4.469739	102.166389	0	102.019356	0.774834
4065	1000	0	1	0	0	0	0	0	0	0	0	0	0	0	0	0	22.50	19.75	2.250769	5.025349	4.471165	102.092331	0	102.055649	0.774834
4066	1000	0	1	1	0	0	0	0	1	0	0	0	0	0	0	0	22.50	19.75	2.251575	5.023737	4.469739	102.092537	0	102.018791	0.774834
4067	1000	0	1	1	0	0	0	0	0	0	0	0	0	0	0	0	23.00	19.75	2.252381	5.025349	4.513937	103.192657	0	101.982834	0.774834
4068	1000	1	0	1	0	0	1	0	0	0	0	0	0	0	0	0	23.00	19.75	2.253993	5.026960	4.472590	102.092133	0	102.091911	0.774834
4069	1000	0	1	1	0	0	0	0	0	0	0	0	0	0	0	0	23.00	19.75	2.253993	5.025349	4.468313	102.018982	0	102.055450	0.774834
4070	1000	1	0	1	0	0	1	0	0	0	0	0	0	0	0	0	23.00	19.75	2.254799	5.026960	4.448353	101.468819	0	102.018791	0.774834
4071	1000	0	0	1	0	0	0	0	0	0	0	0	0	0	0	0	23.00	20.00	2.254799	5.023737	4.469739	102.092537	0	101.982124	0.774834
4072	1000	0	0	0	0	0	0	0	0	0	0	0	0	0	0	0	23.00	20.00	2.255605	5.022125	4.459759	101.872559	0	101.615585	0.774834
4073	1000	0	0	1	0	0	0	0	0	0	0	0	0	0	0	0	23.00	20.00	2.257216	5.026960	4.475442	102.165451	0	102.055260	0.774834
4074	1000	1	0	0	0	0	0	0	0	0	0	0	0	0	0	0	23.00	20.00	2.258828	5.030184	4.476868	102.128342	0	101.945122	0.774834
4075	1000	2	0	0	0	0	0	0	0	0	0	0	0	0	0	0	23.00	20.00	2.261245	5.030184	4.471165	101.981773	0	102.018417	0.774834
4076	1000	1	3	1	0	0	0	0	0	0	0	0	0	0	0	0	23.00	20.00	2.259634	5.028572	4.454056	101.578766	0	102.276253	0.774834
4077	1000	0	0	1	0	0	0	0	0	0	0	0	0	0	0	0	23.00	20.00	2.260440	5.030184	4.478293	102.164986	0	102.091690	0.774834
4078	1000	1	0	0	0	0	0	0	0	0	0	0	0	0	0	0	23.00	20.00	2.262857	5.035019	4.476868	102.017853	0	102.054649	0.774834
4079	1000	0	1	1	0	0	0	0	0	0	0	0	0	0	0	0	23.00	20.00	2.262857	5.030184	4.452630	101.505432	0	102.091690	0.774834
4080	1000	1	0	0	0	0	0	0	0	0	0	0	0	0	0	0	23.00	20.00	2.261245	5.026960	4.474016	102.128784	0	102.055260	0.774834
4081	1000	1	1	0	0	1	0	0	0	0	0	0	0	0	0	0	23.00	20.00	2.263663	5.028572	4.456907	101.652069	0	101.468788	0.774834
4082	1000	1	0	0	0	0	0	0	0	0	0	0	0	0	0	0	23.00	20.00	2.263663	5.030184	4.476868	102.128342	0	101.981773	0.774834
4083	1000	0	1	0	0	0	0	0	0	0	0	0	0	0	0	0	23.00	20.00	2.264469	5.028572	4.471165	102.018600	0	101.981773	0.774834
4084	1000	1	0	0	0	0	0	0	0	0	0	0	0	0	0	0	23.00	20.00	2.267692	5.030184	4.476868	102.128342	0	102.054848	0.774834
4085	1000	0	0	0	0	0	0	0	0	0	0	0	0	0	0	0	23.00	20.00	2.266886	5.030184	4.451204	101.468788	0	102.238785	0.774834
4086	1000	1	0	0	0	0	0	0	0	0	0	0	0	0	0	0	23.00	20.00	2.266886	5.028572	4.478293	102.201866	0	102.055061	0.774834
4087	1000	2	1	0	0	1	0	0	0	0	0	0	0	0	0	0	23.00	20.00	2.268498	5.035019	4.479719	102.091072	0	102.091278	0.774834
4088	1000	1	2	0	0	1	0	0	0	0	0	0	0	0	0	0	23.00	20.00	2.270916	5.033407	4.481145	102.164513	0	101.981247	0.774834
4089	1000	2	2	2	0	1	0	0	1	0	0	0	0	0	0	0	23.00	20.00	2.270916	5.035019	4.479719	102.091072	0	102.091072	0.774834
4090	1000	0	0	0	0	0	0	0	0	0	0	0	0	0	0	0	23.00	20.25	2.271722	5.033407	4.368510	99.271645	0	102.238266	0.774834
4091	1000	0	0	0	0	0	0	0	0	0	0	0	0	0	0	0	23.00	20.00	2.271722	5.035019	4.482571	102.164276	0	102.127663	0.774834
4092	1000	1	1	0	0	1	0	0	0	0	0	0	0	0	0	0	23.00	20.00	2.269304	5.030184	4.474016	102.055061	0	101.981606	0.774834
4093	1000	0	1	2	0	0	0	0	0	0	0	0	0	0	0	0	23.00	20.00	2.274139	5.041466	4.474016	101.797745	0	101.944641	0.774834
4094	1000	0	0	0	0	0	0	0	0	0	0	0	0	0	0	0	23.00	20.25	2.274139	5.035019	4.478293	102.054466	0	102.017853	0.774834
4095	1000	0	0	0	0	0	0	0	0	0	0	0	0	0	0	0	23.00	20.25	2.273333	5.030184	4.474016	102.055061	0	102.164986	0.774834
4096	1000	0	0	0	0	0	0	0	0	0	0	0	0	0	0	0	23.00	20.25	2.275751	5.033407	4.478293	102.091278	0	101.981247	0.774834
4097	1000	1	0	0	0	0	0	0	0	0	0	0	0	0	0	0	23.00	20.25	2.277363	5.036631	4.481145	102.090851	0	102.054062	0.774834
4098	1000	0	0	1	0	0	0	0	0	0	0	0	0	0	0	0	23.00	20.25	2.278975	5.038242	4.483996	102.127228	0	101.944153	0.774834
4099	1000	0	0	0	0	0	0	0	0	0	0	0	0	0	0	0	23.00	20.25	2.279780	5.039854	4.508235	102.712158	0	102.091072	0.774834
4100	1000	0	0	0	0	0	0	0	0	0	0	0	0	0	0	0	23.00	20.25	2.279780	5.039854	4.482571	102.053864	0	102.053864	0.774834
4101	1000	0	0	0	0	0	0	0	0	0	0	0	0	0	0	0	23.00	20.25	2.278975	5.039854	4.483996	102.090439	0	101.907433	0.774834
4102	1000	0	0	0	0	0	0	0	0	0	0	0	0	0	0	0	23.00	20.25	2.283004	5.039854	4.486848	102.163574	0	102.053665	0.774834
4103	1000	0	1	1	0	0	0	0	0	0	0	0	0	0	0	0	23.00	20.25	2.281392	5.038242	4.481145	102.054062	0	102.090637	0.774834
4104	1000	0	0	1	0	0	0	0	0	0	0	0	0	0	0	0	23.00	20.25	2.281392	5.033407	4.482571	102.201134	0	102.127663	0.774834
4105	1000	1	0	1	0	0	1	0	0	0	0	0	0	0	0	0	23.00	20.25	2.282198	5.035019	4.481145	102.127663	0	101.981071	0.774834
4106	1000	2	0	1	0	0	1	0	0	0	0	0	0	0	0	0	23.00	20.25	2.284616	5.038242	4.482571	102.090637	0	102.053864	0.774834
4107	1000	0	1	2	0	0	0	0	0	0	0	0	0	0	0	0	23.00	20.25	2.285421	5.039854	4.483996	102.090439	0	101.980370	0.774834
4108	1000	0	0	0	0	0	0	0	0	0	0	0	0	0	0	0	23.00	20.50	2.287033	5.039854	4.464036	101.578430	0	102.164047	0.774834
4109	1000	1	2	1	0	1	0	0	0	0	0	0	0	0	0	0	23.50	20.50	2.287033	5.039854	4.485422	102.127007	0	102.090218	0.774834
4110	1000	2	1	1	0	1	0	0	0	0	0	0	0	0	0	0	23.50	20.50	2.287839	5.041466	4.483996	102.053665	0	102.053467	0.774834
4111	1000	0	1	0	0	0	0	0	0	0	0	0	0	0	0	0	23.50	20.50	2.290257	5.044689	4.486848	102.053261	0	102.016731	0.774834
4112	1000	0	0	0	0	0	0	0	0	0	0	0	0	0	0	0	23.50	20.50	2.291062	5.043077	4.486848	102.090012	0	101.943657	0.774834
4113	1000	2	1	0	0	1	0	0	0	0	0	0	0	0	0	0	23.50	20.50	2.289451	5.036631	4.482571	102.127457	0	102.127228	0.774834
4114	1000	1	0	0	0	0	0	0	0	0	0	0	0	0	0	0	23.50	20.50	2.290257	5.039854	4.476868	101.907570	0	102.127007	0.774834
4115	1000	0	1	1	0	0	0	0	0	0	0	0	0	0	0	0	23.50	20.50	2.291868	5.041466	4.486848	102.126778	0	102.017097	0.774834
4116	1000	0	1	0	0	0	0	0	0	0	0	0	0	0	0	0	23.50	20.50	2.291868	5.038242	4.483996	102.127228	0	102.053864	0.774834
4117	1000	1	1	0	0	0	0	0	0	0	0	0	0	0	0	0	23.50	20.50	2.293480	5.046301	4.469739	101.578247	0	102.053665	0.774834
4118	1000	0	0	1	0	0	0	0	0	0	0	0	0	0	0	0	23.50	20.50	2.294286	5.044689	4.489699	102.126343	0	102.089592	0.774834
4119	1000	0	0	0	0	0	0	0	0	0	0	0	0	0	0	0	23.50	20.50	2.296703	5.044689	4.492551	102.199402	0	102.016357	0.774834
4120	1000	0	1	1	0	0	0	0	1	0	0	0	0	0	0	0	23.50	20.50	2.295092	5.043077	4.486848	102.090012	0	101.980202	0.774834
4121	1000	0	0	1	0	0	0	0	0	0	0	0	0	0	0	0	23.50	20.50	2.295897	5.044689	4.489699	102.126343	0	102.053062	0.774834
4122	1000	1	1	1	0	1	1	0	1	0	0	1	0	0	0	0	23.50	20.50	2.294286	5.039854	4.472590	101.797867	0	102.347893	0.774834
4123	1000	0	0	1	0	0	0	0	0	0	0	0	0	0	0	0	23.50	20.50	2.296703	5.044689	4.471165	101.651367	0	102.089592	0.774834
4124	1000	1	0	2	0	0	0	0	0	0	0	0	0	0	0	0	23.50	20.50	2.299927	5.047913	4.488274	102.016357	0	101.943336	0.774834
4125	1000	0	0	0	0	0	0	0	0	0	0	0	0	0	0	0	23.50	20.50	2.299121	5.047913	4.489699	102.052879	0	102.089172	0.774834
4126	1000	1	2	0	0	0	0	0	0	0	0	0	0	0	0	0	23.50	20.75	2.300733	5.047913	4.495402	102.198921	0	102.053467	0.774834
4127	1000	0	0	0	0	0	0	0	0	0	0	0	0	0	0	0	23.50	20.75	2.299927	5.046301	4.491125	102.126122	0	102.089592	0.774834
4128	1000	0	0	0	0	0	0	0	0	0	0	0	0	0	0	0	23.50	20.75	2.301538	5.043077	4.489699	102.163109	0	102.089172	0.774834
4129	1000	0	0	0	0	0	0	0	0	0	0	0	0	0	0	0	23.50	20.75	2.303150	5.047913	4.491125	102.089386	0	101.943161	0.774834
4130	1000	1	1	0	0	0	0	0	0	0	0	0	0	0	0	0	23.50	20.75	2.303150	5.046301	4.489699	102.089592	0	102.016174	0.774834
4131	1000	0	0	1	0	0	0	0	0	0	0	0	0	0	0	0	23.50	20.75	2.301538	5.041466	4.485422	102.090218	0	102.126778	0.774834
4132	1000	0	1	1	0	0	0	0	0	0	0	0	0	0	0	0	23.50	20.75	2.305568	5.049524	4.475442	101.651146	0	102.052666	0.774834
4133	1000	0	0	0	0	0	0	0	0	0	0	0	0	0	0	0	23.50	20.75	2.306374	5.052748	4.495402	102.088753	0	102.015793	0.774834
4134	1000	1	0	1	0	0	0	0	0	0	0	0	0	0	0	0	23.50	20.75	2.304762	5.047913	4.493977	102.162407	0	102.089386	0.774834
4135	1000	0	2	0	0	0	0	0	0	0	0	0	0	0	0	0	23.50	20.75	2.306374	5.051136	4.474016	101.578110	0	102.199654	0.774834
4136	1000	2	1	1	0	1	0	0	0	0	0	0	0	0	0	0	23.50	20.75	2.306374	5.046301	4.493977	102.199173	0	102.089386	0.774834
4137	1000	0	1	0	0	0	0	0	0	0	0	0	0	0	0	0	23.50	20.75	2.310403	5.049524	4.496828	102.198677	0	102.125458	0.774834
4138	1000	1	1	0	0	1	0	0	0	0	0	0	0	0	0	0	23.50	20.75	2.309597	5.051136	4.483996	101.833534	0	102.052467	0.774834
4139	1000	0	0	1	0	0	0	0	0	0	0	0	0	0	0	0	23.50	20.75	2.308791	5.049524	4.495402	102.162186	0	102.016174	0.774834
4140	1000	0	0	0	0	0	0	0	0	0	0	0	0	0	0	0	23.50	20.75	2.308791	5.044689	4.474016	101.724442	0	101.395645	0.774834
4141	1000	0	1	1	0	0	0	0	1	0	0	0	0	0	0	0	23.50	20.75	2.311209	5.052748	4.498254	102.161705	0	102.052277	0.774834
4142	1000	1	1	1	0	1	0	0	0	0	0	0	0	0	0	0	23.50	20.75	2.309597	5.047913	4.492551	102.125885	0	102.162407	0.774834
4143	1000	0	1	1	0	0	0	0	0	0	0	0	0	0	0	0	23.50	20.75	2.312821	5.052748	4.496828	102.125237	0	102.125237	0.774834
4144	1000	0	2	2	0	0	0	0	1	0	0	0	0	0	0	0	23.50	20.75	2.312821	5.052748	4.478293	101.651024	0	102.162407	0.774834
4146	1000	2	2	0	0	1	0	0	0	0	0	0	0	0	0	0	23.50	20.75	2.313627	5.051136	4.495402	102.125458	0	102.015793	0.774834
4147	1000	0	0	0	0	0	0	0	0	0	0	0	0	0	0	0	23.50	20.75	2.315238	5.054359	4.496828	102.088547	0	102.015793	0.774834
4148	1000	2	2	0	0	1	0	0	0	0	0	0	0	0	0	0	23.50	20.75	2.315238	5.054359	4.479719	101.650948	0	102.125237	0.774834
4149	1000	1	2	0	0	1	0	0	0	0	0	0	0	0	0	0	23.50	21.00	2.316850	5.054359	4.496828	102.088547	0	102.051880	0.774834
4150	1000	1	1	0	0	1	0	0	0	0	0	0	0	0	0	0	23.50	21.00	2.316044	5.049524	4.466887	101.432152	0	102.235428	0.774834
4151	1000	1	0	0	0	0	0	0	0	0	0	0	0	0	0	0	23.50	21.00	2.316850	5.052748	4.495402	102.088753	0	102.015610	0.774834
4152	1000	2	0	2	0	0	1	0	0	0	0	0	0	0	0	0	23.50	21.00	2.317656	5.055971	4.498254	102.088333	0	102.124794	0.774834
4153	1000	1	0	1	0	0	1	0	0	0	0	0	0	0	0	0	23.50	21.00	2.317656	5.049524	4.496828	102.198677	0	102.052277	0.774834
4154	1000	0	0	0	0	0	0	0	0	0	0	0	0	0	0	0	23.50	21.00	2.316850	5.051136	4.475442	101.614594	0	102.272217	0.774834
4155	1000	1	1	1	0	1	0	0	0	0	0	0	0	0	0	0	24.00	21.00	2.319268	5.054359	4.499680	102.161484	0	102.124580	0.774834
4156	1000	1	1	0	0	1	0	0	0	0	0	0	0	0	0	0	24.00	21.00	2.319268	5.059195	4.498254	102.015053	0	102.015434	0.774834
4157	1000	1	0	0	0	0	0	0	0	0	0	0	0	0	0	0	24.00	21.00	2.320879	5.055971	4.481145	101.650871	0	102.124794	0.774834
4158	1000	1	0	0	0	0	0	0	0	0	0	0	0	0	0	0	24.00	21.00	2.320073	5.054359	4.498254	102.125000	0	102.015434	0.774834
4159	1000	0	1	1	0	0	0	0	0	0	0	0	0	0	0	0	24.00	21.00	2.319268	5.051136	4.488274	101.943001	0	102.308189	0.774834
4160	1000	2	0	0	0	0	0	0	0	0	0	0	0	0	0	0	24.00	21.00	2.320073	5.054359	4.499680	102.161484	0	102.161484	0.774834
4161	1000	0	1	1	0	0	0	0	1	0	0	0	0	0	0	0	24.00	21.00	2.321685	5.055971	4.499680	102.124794	0	102.015434	0.774834
4162	1000	0	0	1	0	0	0	0	0	0	0	0	0	0	0	0	24.00	21.00	2.323297	5.052748	4.496828	102.125237	0	101.978966	0.774834
4163	1000	0	1	0	0	0	0	0	0	0	0	0	0	0	0	0	24.00	21.00	2.323297	5.055971	4.482571	101.687332	0	102.198433	0.774834
4164	1000	1	2	1	0	1	1	0	1	0	0	1	0	0	0	0	24.00	21.00	2.324908	5.059195	4.505383	102.197220	0	102.160789	0.774834
4165	1000	0	0	1	0	0	0	0	0	0	0	0	0	0	0	0	24.00	21.00	2.325714	5.060806	4.501106	102.051300	0	102.087929	0.774834
4166	1000	1	0	2	0	0	0	0	0	0	0	0	0	0	0	0	24.00	21.00	2.325714	5.057583	4.499680	102.088127	0	102.088127	0.774834
4167	1000	0	0	0	0	0	0	0	0	0	0	0	0	0	0	0	24.00	21.00	2.325714	5.057583	4.498254	102.051682	0	102.051682	0.774834
4168	1000	0	1	0	0	0	0	0	0	0	0	0	0	0	0	0	24.00	21.00	2.325714	5.055971	4.498254	102.088333	0	102.088753	0.774834
4169	1000	0	0	2	0	0	0	0	0	0	0	0	0	0	0	0	24.00	21.00	2.324908	5.055971	4.498254	102.088333	0	102.088333	0.774834
4170	1000	0	1	0	0	0	0	0	0	0	0	0	0	0	0	0	24.00	21.00	2.326520	5.059195	4.499680	102.051483	0	101.905609	0.774834
4171	1000	0	1	2	0	0	0	0	1	0	0	0	0	0	0	0	24.00	21.00	2.328132	5.062418	4.501106	102.014694	0	102.051682	0.774834
4172	1000	0	0	0	0	0	0	0	0	0	0	0	0	0	0	0	24.00	21.00	2.328132	5.055971	4.499680	102.124794	0	102.015236	0.774834
4173	1000	0	0	1	0	0	0	0	0	0	0	0	0	0	0	0	24.00	21.25	2.328132	5.054359	4.501106	102.197960	0	102.161484	0.774834
4174	1000	0	0	0	0	0	0	0	0	0	0	0	0	0	0	0	24.00	21.25	2.330549	5.057583	4.502532	102.161026	0	102.087929	0.774834
4175	1000	0	0	1	0	0	0	0	0	0	0	0	0	0	0	0	24.00	21.25	2.330549	5.059195	4.501106	102.087929	0	102.124580	0.774834
4176	1000	0	0	0	0	0	0	0	0	0	0	0	0	0	0	0	24.00	21.25	2.330549	5.057583	4.501106	102.124580	0	102.088127	0.774834
4177	1000	0	1	1	0	0	0	0	0	0	0	0	0	0	0	0	24.00	21.25	2.332967	5.060806	4.483996	101.614258	0	102.161026	0.774834
4178	1000	0	0	2	0	0	0	0	0	0	0	0	0	0	0	0	24.00	21.25	2.333773	5.060806	4.506809	102.196991	0	102.160332	0.774834
4179	1000	2	3	2	0	2	1	0	1	0	0	1	0	0	0	0	24.00	21.25	2.332967	5.060806	4.506809	102.196991	0	102.123917	0.774834
4180	1000	0	0	0	0	0	0	0	0	0	0	0	0	0	0	0	24.00	21.25	2.334579	5.060806	4.505383	102.160553	0	102.051102	0.774834
4181	1000	0	1	2	0	0	0	0	0	0	0	0	0	0	0	0	24.00	21.25	2.336190	5.064030	4.505383	102.087296	0	102.050903	0.774834
4182	1000	0	0	0	0	0	0	0	0	0	0	0	0	0	0	0	24.00	21.25	2.334579	5.057583	4.506809	102.270355	0	102.233650	0.774834
4183	1000	1	0	0	0	0	0	0	0	0	0	0	0	0	0	0	24.00	21.25	2.336996	5.065641	4.506809	102.087105	0	102.087105	0.774834
4184	1000	0	1	2	0	0	0	0	0	0	0	0	0	0	0	0	24.00	21.25	2.338608	5.065641	4.508235	102.123474	0	102.050903	0.774834
4185	1000	1	0	2	0	0	1	0	0	0	0	0	0	0	0	0	24.00	21.25	2.336996	5.062418	4.506809	102.160332	0	102.123917	0.774834
4186	1000	0	0	0	0	0	0	0	0	0	0	0	0	0	0	0	24.00	21.25	2.338608	5.062418	4.486848	101.650589	0	102.233650	0.774834
4187	1000	1	2	0	0	1	0	0	0	0	0	0	0	0	0	0	24.00	21.25	2.339414	5.064030	4.503957	102.050903	0	101.941559	0.774834
4188	1000	0	0	0	0	0	0	0	0	0	0	0	0	0	0	0	24.00	21.25	2.338608	5.065641	4.506809	102.087105	0	102.159866	0.774834
4189	1000	1	1	0	0	0	0	0	0	0	0	0	0	0	0	0	24.00	21.25	2.341026	5.065641	4.508235	102.123474	0	102.123260	0.774834
4190	1000	0	0	0	0	0	0	0	0	0	0	0	0	0	0	0	24.00	21.25	2.341026	5.065641	4.509660	102.159866	0	101.941391	0.774834
4191	1000	1	1	0	0	0	0	0	0	0	0	0	0	0	0	0	24.00	21.25	2.341026	5.062418	4.505383	102.123917	0	102.197220	0.774834
4192	1000	0	1	0	0	0	0	0	0	0	0	0	0	0	0	0	24.00	21.25	2.342638	5.067253	4.485422	101.504890	0	102.050316	0.774834
4193	1000	0	0	0	0	0	0	0	0	0	0	0	0	0	0	0	24.00	21.25	2.344249	5.070477	4.508235	102.013771	0	101.977425	0.774834
4194	1000	0	0	1	0	0	0	0	0	0	0	0	0	0	0	0	24.00	21.25	2.342638	5.065641	4.508235	102.123474	0	102.013954	0.774834
4195	1000	2	2	0	0	2	0	0	0	0	0	0	0	0	0	0	24.00	21.25	2.344249	5.068865	4.492551	101.650322	0	102.160103	0.774834
4196	1000	2	1	1	0	1	0	0	0	0	0	0	0	0	0	0	24.00	21.25	2.343443	5.065641	4.508235	102.123474	0	102.014137	0.774834
4197	1000	0	3	0	0	0	0	0	0	0	0	0	0	0	0	0	24.00	21.25	2.346667	5.072088	4.511086	102.049919	0	102.013588	0.774834
4198	1000	0	0	0	0	0	0	0	0	0	0	0	0	0	0	0	24.00	21.25	2.346667	5.072088	4.508235	101.977242	0	102.013771	0.774834
4199	1000	1	0	1	0	0	1	0	0	0	0	0	0	0	0	0	24.00	21.25	2.345055	5.067253	4.508235	102.086876	0	102.086685	0.774834
4200	1000	0	0	0	0	0	0	0	0	0	0	0	0	0	0	0	24.00	21.50	2.344249	5.062418	4.485422	101.614197	0	102.051300	0.774834
4201	1000	1	0	0	0	0	0	0	0	0	0	0	0	0	0	0	24.00	21.25	2.345861	5.068865	4.491125	101.613960	0	102.123039	0.774834
4202	1000	3	0	0	0	0	0	0	0	0	0	0	0	0	0	0	24.00	21.50	2.346667	5.068865	4.509660	102.086685	0	102.086685	0.774834
4203	1000	2	0	2	0	0	1	0	0	0	0	0	0	0	0	0	24.00	21.25	2.345861	5.068865	4.511086	102.123039	0	102.196014	0.774834
4204	1000	2	1	0	0	1	0	0	0	0	0	0	0	0	0	0	24.00	21.50	2.346667	5.065641	4.489699	101.650467	0	102.269829	0.774834
4205	1000	3	2	1	0	2	1	0	1	0	0	1	0	0	0	0	24.00	21.50	2.349084	5.068865	4.515363	102.232124	0	102.123039	0.774834
4206	1000	3	3	0	0	2	0	0	0	0	0	0	0	0	0	0	24.00	21.50	2.349890	5.067253	4.511086	102.159630	0	101.977425	0.774834
4207	1000	1	0	0	0	0	0	0	0	0	0	0	0	0	0	0	24.00	21.50	2.352308	5.073700	4.515363	102.122383	0	102.086052	0.774834
4208	1000	0	1	0	0	0	0	0	0	0	0	0	0	0	0	0	24.00	21.50	2.351502	5.070477	4.513937	102.159164	0	102.122597	0.774834
4209	1000	1	2	2	0	0	0	0	1	0	0	0	0	0	0	0	24.00	21.50	2.349890	5.065641	4.512512	102.232643	0	102.342667	0.774834
4210	1000	1	0	0	0	0	0	0	0	0	0	0	0	0	0	0	24.00	21.50	2.352308	5.072088	4.495402	101.650185	0	102.013588	0.774834
4211	1000	0	0	1	0	0	0	0	0	0	0	0	0	0	0	0	24.00	21.50	2.353920	5.072088	4.511086	102.049919	0	102.049919	0.774834
4212	1000	0	0	1	0	0	0	0	0	0	0	0	0	0	0	0	24.00	21.50	2.354725	5.072088	4.515363	102.158943	0	102.158943	0.774834
4213	1000	2	1	1	0	0	0	0	0	0	0	0	0	0	0	0	24.00	21.50	2.355531	5.073700	4.498254	101.686432	0	102.159409	0.774834
4214	1000	1	0	0	0	0	0	0	0	0	0	0	0	0	0	0	24.00	21.50	2.353920	5.070477	4.512512	102.122818	0	102.013588	0.774834
4215	1000	0	1	0	0	0	0	0	0	0	0	0	0	0	0	0	24.50	21.50	2.354725	5.068865	4.511086	102.123039	0	102.013771	0.774834
4216	1000	0	0	0	0	0	0	0	0	0	0	0	0	0	0	0	24.50	21.50	2.355531	5.070477	4.488274	101.504852	0	102.013771	0.774834
4217	1000	0	0	0	0	0	0	0	0	0	0	0	0	0	0	0	24.50	21.50	2.355531	5.068865	4.511086	102.123039	0	102.050125	0.774834
4218	1000	0	1	1	0	0	0	0	0	0	0	0	0	0	0	0	24.50	21.50	2.357143	5.070477	4.492551	101.613899	0	101.941071	0.774834
4219	1000	0	0	2	0	0	0	0	0	0	0	0	0	0	0	0	24.50	21.50	2.357143	5.073700	4.515363	102.122383	0	102.086052	0.774834
4220	1000	1	1	2	0	0	0	0	0	0	0	0	0	0	0	0	24.50	21.50	2.358755	5.075312	4.515363	102.085846	0	102.013214	0.774834
4221	1000	0	0	0	0	0	0	0	0	0	0	0	0	0	0	0	24.50	21.50	2.360366	5.073700	4.515363	102.122383	0	101.940590	0.774834
4222	1000	1	0	1	0	0	0	0	0	0	0	0	0	0	0	0	24.50	21.50	2.358755	5.072088	5.838462	135.881790	0	102.123260	0.774834
4223	1000	0	0	0	0	0	0	0	0	0	0	0	0	0	0	0	24.50	21.50	2.357949	5.068865	4.512512	102.159409	0	102.013588	0.774834
4224	1000	0	1	2	0	0	0	0	0	0	0	0	0	0	0	0	24.50	21.50	2.360366	5.075312	4.515363	102.085846	0	102.049736	0.774834
4225	1000	0	0	1	0	0	0	0	0	0	0	0	0	0	0	0	24.50	21.50	2.361978	5.076923	4.496828	101.577370	0	102.049339	0.774834
4226	1000	1	1	0	0	0	0	0	0	0	0	0	0	0	0	0	24.50	21.50	2.361978	5.075312	4.515363	102.085846	0	101.976547	0.774834
4227	1000	0	2	1	0	0	0	0	0	0	0	0	0	0	0	0	24.50	21.75	2.361978	5.073700	4.501106	101.759109	0	102.268478	0.774834
4228	1000	1	0	0	0	0	0	0	0	0	0	0	0	0	0	0	24.50	21.75	2.361978	5.072088	4.516789	102.195274	0	102.195038	0.774834
4229	1000	1	0	1	0	0	0	0	0	0	0	0	0	0	0	0	24.50	21.75	2.364396	5.078535	4.521066	102.158020	0	102.085846	0.774834
4230	1000	0	1	0	0	0	0	0	0	0	0	0	0	0	0	0	24.50	21.75	2.366813	5.072088	4.522492	102.340630	0	102.121513	0.774834
4231	1000	0	1	0	0	0	0	0	0	0	0	0	0	0	0	0	24.50	21.75	2.365201	5.078535	4.499680	101.613617	0	102.267952	0.774834
4232	1000	1	1	1	0	0	0	0	0	0	0	0	0	0	0	0	24.50	21.75	2.364396	5.075312	4.519640	102.194794	0	102.085846	0.774834
4233	1000	1	1	3	0	0	0	0	0	0	0	0	0	0	0	0	24.50	21.75	2.366813	5.078535	4.521066	102.158020	0	102.049141	0.774834
4234	1000	0	0	1	0	0	0	0	0	0	0	0	0	0	0	0	24.50	21.75	2.366813	5.078535	4.515363	102.012848	0	102.085632	0.774834
4235	1000	0	2	0	0	0	0	0	0	0	0	0	0	0	0	0	24.50	21.75	2.366813	5.076923	4.519640	102.158249	0	101.976547	0.774834
4236	1000	2	1	0	0	1	0	0	0	0	0	0	0	0	0	0	24.50	21.75	2.367619	5.078535	5.809947	134.967041	0	102.085846	0.774834
4237	1000	1	0	0	0	0	0	0	0	0	0	0	0	0	0	0	24.50	21.75	2.367619	5.078535	4.519640	102.121719	0	102.158020	0.774834
4238	1000	0	1	0	0	0	0	0	0	0	0	0	0	0	0	0	24.50	21.75	2.367619	5.076923	4.518215	102.121941	0	102.121941	0.774834
4239	1000	0	0	0	0	0	0	0	0	0	0	0	0	0	0	0	24.50	21.75	2.370842	5.076923	4.516789	102.085632	0	101.976723	0.774834
4240	1000	0	1	0	0	0	0	0	0	0	0	0	0	0	0	0	24.50	21.75	2.369231	5.078535	4.523918	102.230606	0	102.231361	0.774834
4241	1000	0	1	0	0	0	0	0	0	0	0	0	0	0	0	0	24.50	21.75	2.368425	5.075312	4.515363	102.085846	0	102.122162	0.774834
4242	1000	1	2	1	0	0	0	0	0	0	0	0	0	0	0	0	24.50	21.75	2.370842	5.084982	4.523918	102.084602	0	102.048744	0.774834
4243	1000	0	0	0	0	0	0	0	0	0	0	0	0	0	0	0	24.50	21.75	2.372454	5.081758	4.521066	102.085014	0	102.085228	0.774834
4244	1000	1	1	1	0	0	1	0	0	0	0	0	0	0	0	0	24.50	21.75	2.371648	5.078535	4.515363	102.012848	0	101.976379	0.774834
4245	1000	0	0	0	0	0	0	0	0	0	0	0	0	0	0	0	24.50	21.75	2.373260	5.078535	4.492551	101.432137	0	102.121941	0.774834
4246	1000	0	0	0	0	0	0	0	0	0	0	0	0	0	0	0	24.50	21.75	2.372454	5.078535	4.519640	102.121719	0	102.085228	0.774834
4247	1000	0	0	0	0	0	0	0	0	0	0	0	0	0	0	0	24.50	21.75	2.370842	5.080147	4.518215	102.048943	0	101.976204	0.774834
4248	1000	1	2	0	0	0	0	0	0	0	0	0	0	0	0	0	24.50	21.75	2.375678	5.084982	4.521066	102.012108	0	102.085014	0.774834
4249	1000	1	1	1	0	0	0	0	0	0	0	0	0	0	0	0	24.50	21.75	2.375678	5.080147	4.518215	102.048943	0	102.085014	0.774834
4250	1000	0	0	0	0	0	0	0	0	0	0	0	0	0	0	0	24.50	21.75	2.374066	5.076923	4.519640	102.158249	0	102.267426	0.774834
4251	1000	2	1	0	0	0	0	0	0	0	0	0	0	0	0	0	24.50	21.75	2.376484	5.081758	4.521066	102.085014	0	102.048546	0.774834
4252	1000	1	0	0	0	0	0	0	0	0	0	0	0	0	0	0	24.50	21.75	2.378901	5.084982	4.528195	102.193329	0	102.048157	0.774834
4253	1000	0	0	0	0	0	0	0	0	0	0	0	0	0	0	0	24.50	21.75	2.378901	5.084982	4.526769	102.157089	0	102.084389	0.774834
4254	1000	1	0	2	0	0	1	0	0	0	0	0	0	0	0	0	24.50	22.00	2.378901	5.081758	4.519640	102.048744	0	102.194069	0.774834
4255	1000	0	0	0	0	0	0	0	0	0	0	0	0	0	0	0	24.50	21.75	2.378095	5.084982	4.526769	102.157089	0	102.120834	0.774834
4256	1000	1	0	1	0	0	0	0	0	0	0	0	0	0	0	0	24.50	21.75	2.378901	5.084982	4.528195	102.193329	0	102.084389	0.774834
4257	1000	1	0	0	0	0	0	0	0	0	0	0	0	0	0	0	24.50	22.00	2.379707	5.083370	4.521066	102.048546	0	102.048340	0.774834
4258	1000	0	0	1	0	0	0	0	0	0	0	0	0	0	0	0	24.50	22.00	2.380513	5.084982	4.522492	102.048340	0	102.048157	0.774834
4259	1000	0	1	0	0	0	0	0	0	0	0	0	0	0	0	0	24.50	22.00	2.378901	5.076923	4.525343	102.303459	0	102.157562	0.774834
4260	1000	0	0	0	0	0	0	0	0	0	0	0	0	0	0	0	24.50	22.00	2.380513	5.083370	4.526769	102.193588	0	102.120834	0.774834
4261	1000	0	1	3	0	0	0	0	0	0	0	0	0	0	0	0	24.50	22.00	2.382125	5.086594	4.526769	102.120621	0	102.048340	0.774834
4262	1000	1	0	1	0	0	0	0	0	0	0	0	0	0	0	0	24.50	22.00	2.382931	5.088206	4.529621	102.156624	0	102.120399	0.774834
4263	1000	1	2	0	0	0	0	0	0	0	0	0	0	0	0	0	24.50	22.00	2.383736	5.086594	4.545304	102.591682	0	102.157562	0.774834
4264	1000	0	0	1	0	0	0	0	0	0	0	0	0	0	0	0	24.50	22.00	2.382125	5.084982	4.523918	102.084602	0	102.120834	0.774834
4265	1000	0	0	0	0	0	0	0	0	0	0	0	0	0	0	0	24.50	22.00	2.380513	5.084982	4.525343	102.120834	0	102.048157	0.774834
4266	1000	0	0	1	0	0	0	0	0	0	0	0	0	0	0	0	24.50	22.00	2.384542	5.088206	4.525343	102.047958	0	102.047958	0.774834
4267	1000	0	1	3	0	0	0	0	0	0	0	0	0	0	0	0	24.50	22.00	2.382931	5.083370	4.523918	102.121071	0	101.975685	0.774834
4268	1000	0	0	0	0	0	0	0	0	0	0	0	0	0	0	0	24.50	22.00	2.382931	5.080147	4.522492	102.157784	0	102.085228	0.774834
4269	1000	1	2	1	0	0	0	0	0	0	0	0	0	0	0	0	24.50	22.00	2.385348	5.086594	4.501106	101.468384	0	101.975502	0.774834
4270	1000	1	0	0	0	0	0	0	0	0	0	0	0	0	0	0	24.50	22.00	2.385348	5.086594	4.523918	102.048157	0	102.084389	0.774834
4271	1000	0	1	0	0	0	0	0	0	0	0	0	0	0	0	0	24.50	22.00	2.386154	5.088206	4.528195	102.120399	0	101.975342	0.774834
4272	1000	0	0	0	0	0	0	0	0	0	0	0	0	0	0	0	24.50	22.00	2.387766	5.089818	4.509660	101.613213	0	102.084602	0.774834
4273	1000	0	0	0	0	0	0	0	0	0	0	0	0	0	0	0	24.50	22.00	2.387766	5.088206	4.526769	102.084183	0	102.084183	0.774834
4274	1000	1	0	3	0	0	0	0	0	0	0	0	0	0	0	0	24.50	22.00	2.389377	5.083370	4.526769	102.193588	0	102.047562	0.774834
4275	1000	0	0	0	0	0	0	0	0	0	0	0	0	0	0	0	24.50	22.00	2.389377	5.091429	4.528195	102.047562	0	102.047562	0.774834
4276	1000	1	0	0	0	0	0	0	0	0	0	0	0	0	0	0	25.00	22.00	2.388572	5.088206	4.528195	102.120399	0	102.011551	0.774834
4277	1000	0	1	0	0	0	0	0	0	0	0	0	0	0	0	0	24.50	22.00	2.387766	5.081758	4.508235	101.758591	0	101.540886	0.774834
4278	1000	1	1	3	0	0	0	0	1	0	0	0	0	0	0	0	25.00	22.00	2.390989	5.093041	4.531046	102.083565	0	102.156166	0.774834
4279	1000	0	0	0	0	0	0	0	0	0	0	0	0	0	0	0	25.00	22.00	2.392601	5.094653	4.535324	102.155708	0	102.083351	0.774834
4280	1000	1	0	0	0	0	0	0	0	0	0	0	0	0	0	0	25.00	22.00	2.391795	5.091429	4.532472	102.156166	0	102.083771	0.774834
4281	1000	0	2	1	0	0	0	0	0	0	0	0	0	0	0	0	25.00	22.00	2.390989	5.091429	4.529621	102.083771	0	102.120621	0.774834
4282	1000	1	2	1	0	0	0	0	1	0	0	0	0	0	0	0	25.00	22.00	2.393407	5.093041	4.535324	102.192131	0	102.155930	0.774834
4283	1000	1	0	0	0	0	0	0	0	0	0	0	0	0	0	0	25.00	22.00	2.393407	5.093041	4.532472	102.119751	0	102.119751	0.774834
4284	1000	0	0	2	0	0	0	0	0	0	0	0	0	0	0	0	25.00	22.00	2.394212	5.093041	4.532472	102.119751	0	102.083565	0.774834
4285	1000	0	0	0	0	0	0	0	0	0	0	0	0	0	0	0	25.00	22.00	2.394212	5.094653	4.531046	102.047165	0	101.974808	0.774834
4286	1000	0	0	0	0	0	0	0	0	0	0	0	0	0	0	0	25.00	22.25	2.394212	5.089818	4.529621	102.120193	0	102.338043	0.774834
4287	1000	0	0	2	0	0	0	0	0	0	0	0	0	0	0	0	25.00	22.00	2.395018	5.093041	4.513937	101.649284	0	102.119751	0.774834
4288	1000	0	0	1	0	0	0	0	0	0	0	0	0	0	0	0	25.00	22.25	2.395018	5.091429	4.529621	102.083771	0	102.047379	0.774834
4289	1000	0	0	0	0	0	0	0	0	0	0	0	0	0	0	0	25.00	22.00	2.393407	5.091429	4.528195	102.047562	0	101.902611	0.774834
4290	1000	1	0	1	0	0	0	0	0	0	0	0	0	0	0	0	25.00	22.25	2.397436	5.096264	4.529621	101.974648	0	102.156166	0.774834
4291	1000	1	0	0	0	0	0	0	0	0	0	0	0	0	0	0	25.00	22.25	2.396630	5.094653	4.535324	102.155708	0	102.155708	0.774834
4292	1000	3	3	0	0	3	0	0	0	0	0	0	0	0	0	0	25.00	22.25	2.397436	5.091429	4.532472	102.156166	0	101.902321	0.774834
4293	1000	3	2	0	0	1	0	0	0	0	0	0	0	0	0	0	25.00	22.25	2.397436	5.093041	4.511086	101.576904	0	102.119751	0.774834
4294	1000	0	0	0	0	0	0	0	0	0	0	0	0	0	0	0	25.00	22.25	2.398242	5.093041	4.532472	102.119751	0	101.974808	0.774834
4295	1000	1	4	1	0	1	0	0	1	0	0	0	0	0	0	0	25.00	22.25	2.398242	5.091429	4.512512	101.649361	0	102.011551	0.774834
4296	1000	0	0	1	0	0	0	0	0	0	0	0	0	0	0	0	25.00	22.25	2.399048	5.094653	4.533898	102.119530	0	102.046982	0.774834
4297	1000	1	1	1	0	0	0	0	1	0	0	0	0	0	0	0	25.00	22.25	2.399853	5.096264	4.532472	102.046982	0	101.938477	0.774834
4298	1000	0	1	0	0	0	0	0	0	0	0	0	0	0	0	0	25.00	22.25	2.400659	5.093041	4.531046	102.083565	0	102.083565	0.774834
4299	1000	2	0	3	0	0	1	0	0	0	0	0	0	0	0	0	25.00	22.25	2.400659	5.094653	4.513937	101.613037	0	102.119972	0.774834
4300	1000	0	1	0	0	0	0	0	0	0	0	0	0	0	0	0	25.00	22.25	2.401465	5.094653	4.532472	102.083351	0	102.010811	0.774834
4301	1000	0	0	1	0	0	0	0	0	0	0	0	0	0	0	0	25.00	22.25	2.401465	5.099488	4.533898	102.010445	0	102.010811	0.774834
4302	1000	2	1	1	0	0	0	0	0	0	0	0	0	0	0	0	25.00	22.25	2.402271	5.097876	4.532472	102.010635	0	102.010811	0.774834
4303	1000	1	0	0	0	0	0	0	0	0	0	0	0	0	0	0	25.00	22.25	2.403077	5.097876	4.533898	102.046783	0	102.010445	0.774834
4304	1000	1	1	0	0	0	0	0	0	0	0	0	0	0	0	0	25.00	22.25	2.404689	5.096264	5.838462	135.175858	0	102.119530	0.774834
4305	1000	0	0	0	0	0	0	0	0	0	0	0	0	0	0	0	25.00	22.25	2.403883	5.097876	4.536749	102.119095	0	102.010445	0.774834
4306	1000	2	0	2	0	0	1	0	0	0	0	0	0	0	0	0	25.00	22.25	2.405494	5.099488	4.538175	102.118881	0	102.046593	0.774834
4307	1000	0	1	0	0	0	0	0	0	0	0	0	0	0	0	0	25.00	22.25	2.405494	5.093041	4.535324	102.192131	0	101.974480	0.774834
4308	1000	1	0	0	0	0	0	0	0	0	0	0	0	0	0	0	25.00	22.25	2.406300	5.099488	4.516789	101.576714	0	102.119751	0.774834
4309	1000	0	0	0	0	0	0	0	0	0	0	0	0	0	0	0	25.00	22.25	2.405494	5.099488	4.536749	102.082741	0	101.974304	0.774834
4310	1000	0	0	0	0	0	0	0	0	0	0	0	0	0	0	0	25.00	22.25	2.407106	5.101099	4.539601	102.118660	0	102.118881	0.774834
4311	1000	2	1	1	0	0	1	0	0	0	0	0	0	0	0	0	25.00	22.25	2.407912	5.099488	4.539601	102.155022	0	102.046394	0.774834
4312	1000	0	0	0	0	0	0	0	0	0	0	0	0	0	0	0	25.00	22.25	2.407912	5.099488	4.532472	101.974304	0	101.974136	0.774834
4313	1000	1	1	0	0	0	0	0	0	0	0	0	0	0	0	0	25.00	22.25	2.407106	5.094653	4.454056	100.093544	0	102.155930	0.774834
4314	1000	0	0	0	0	0	0	0	0	0	0	0	0	0	0	0	25.00	22.25	2.406300	5.096264	4.533898	102.083145	0	102.083145	0.774834
4315	1000	0	0	0	0	0	0	0	0	0	0	0	0	0	0	0	25.00	22.25	2.407912	5.097876	4.533898	102.046783	0	101.974480	0.774834
4316	1000	0	0	2	0	0	0	0	0	0	0	0	0	0	0	0	25.00	22.25	2.408718	5.102711	4.533898	101.937836	0	102.082947	0.774834
4317	1000	0	1	1	0	0	0	0	1	0	0	0	0	0	0	0	25.00	22.25	2.410330	5.101099	4.538175	102.082527	0	101.938011	0.774834
4318	1000	0	0	0	0	0	0	0	0	0	0	0	0	0	0	0	25.00	22.25	2.408718	5.096264	4.536749	102.155479	0	102.046783	0.774834
4319	1000	0	1	0	0	0	0	0	0	0	0	0	0	0	0	0	25.00	22.25	2.409524	5.097876	4.535324	102.082947	0	101.974136	0.774834
4320	1000	0	0	0	0	0	0	0	0	0	0	0	0	0	0	0	25.00	22.50	2.411942	5.101099	4.535324	102.010269	0	101.938011	0.774834
4321	1000	0	0	0	0	0	0	0	0	0	0	0	0	0	0	0	25.00	22.50	2.411942	5.101099	4.533898	101.974136	0	101.938011	0.774834
4322	1000	0	0	0	0	0	0	0	0	0	0	0	0	0	0	0	25.00	22.50	2.412747	5.101099	4.518215	101.576675	0	102.191650	0.774834
4323	1000	0	0	1	0	0	0	0	0	0	0	0	0	0	0	0	25.00	22.50	2.411136	5.097876	4.538175	102.155258	0	102.010635	0.774834
4324	1000	1	1	0	0	1	0	0	0	0	0	0	0	0	0	0	25.00	22.50	2.412747	5.101099	4.536749	102.046394	0	101.973961	0.774834
4325	1000	0	0	1	0	0	0	0	0	0	0	0	0	0	0	0	25.00	22.50	2.416777	5.107546	4.539601	101.973442	0	102.046013	0.774834
4326	1000	1	0	1	0	0	1	0	0	0	0	0	0	0	0	0	25.00	22.50	2.415165	5.101099	4.535324	102.010269	0	101.865601	0.774834
4327	1000	2	3	0	0	2	0	0	0	0	0	0	0	0	0	0	25.00	22.50	2.412747	5.094653	4.533898	102.119530	0	102.119316	0.774834
4328	1000	1	0	0	0	0	0	0	0	0	0	0	0	0	0	0	25.00	22.50	2.415971	5.101099	4.533898	101.974136	0	101.865601	0.774834
4329	1000	0	2	0	0	0	0	0	0	0	0	0	0	0	0	0	25.00	22.50	2.415971	5.102711	4.536749	102.010086	0	102.010086	0.774834
4330	1000	0	1	0	0	0	0	0	0	0	0	0	0	0	0	0	25.00	22.50	2.417583	5.104323	4.536749	101.973785	0	101.901428	0.774834
4331	1000	0	1	0	0	0	0	0	0	0	0	0	0	0	0	0	25.00	22.50	2.416777	5.101099	4.518215	101.576675	0	102.119095	0.774834
4332	1000	1	1	0	0	1	0	0	0	0	0	0	0	0	0	0	25.00	22.50	2.415971	5.101099	4.538175	102.082527	0	102.010086	0.774834
4333	1000	0	0	0	0	0	0	0	0	0	0	0	0	0	0	0	25.00	22.50	2.416777	5.102711	4.536749	102.010086	0	101.901566	0.774834
4334	1000	0	0	0	0	0	0	0	0	0	0	0	0	0	0	0	25.00	22.50	2.418388	5.110770	4.538175	101.864914	0	101.973625	0.774834
4335	1000	1	2	1	0	1	0	0	0	0	0	0	0	0	0	0	25.00	22.50	2.419194	5.107546	4.541027	102.009544	0	101.901138	0.774834
4336	1000	0	1	0	0	0	0	0	0	0	0	0	0	0	0	0	25.00	22.50	2.417583	5.101099	4.536749	102.046394	0	101.937836	0.774834
4337	1000	0	0	0	0	0	0	0	0	0	0	0	0	0	0	0	25.00	22.50	2.419194	5.105935	4.543878	102.118011	0	102.009712	0.774834
4338	1000	1	0	1	0	0	0	0	0	0	0	0	0	0	0	0	25.00	22.50	2.418388	5.104323	4.539601	102.046013	0	102.009895	0.774834
4339	1000	0	1	0	0	0	0	0	0	0	0	0	0	0	0	0	25.00	22.50	2.419194	5.104323	4.541027	102.082123	0	101.937515	0.774834
4340	1000	2	0	1	0	0	0	0	0	0	0	0	0	0	0	0	25.00	22.50	2.420806	5.104323	4.518215	101.504372	0	102.226814	0.774834
4341	1000	0	1	1	0	0	0	0	1	0	0	0	0	0	0	0	25.00	22.50	2.418388	5.102711	4.541027	102.118454	0	102.118454	0.774834
4342	1000	1	0	0	0	0	0	0	0	0	0	0	0	0	0	0	25.00	22.50	2.419194	5.105935	4.542452	102.081909	0	101.973442	0.774834
4343	1000	1	1	0	0	0	0	0	0	0	0	0	0	0	0	0	25.00	22.50	2.421612	5.107546	4.545304	102.117798	0	102.045616	0.774834
4344	1000	1	1	0	0	0	0	0	0	0	0	0	0	0	0	0	25.00	22.50	2.420806	5.105935	4.545304	102.154106	0	102.081711	0.774834
4345	1000	1	0	0	0	0	0	0	0	0	0	0	0	0	0	0	25.00	22.50	2.420000	5.101099	4.541027	102.154800	0	102.372780	0.774834
4346	1000	0	0	0	0	0	0	0	0	0	0	0	0	0	0	0	25.00	22.50	2.420806	5.104323	4.523918	101.648804	0	102.046013	0.774834
4347	1000	1	0	2	0	0	1	0	0	0	0	0	0	0	0	0	25.00	22.50	2.423223	5.107546	4.543878	102.081711	0	102.118011	0.774834
4348	1000	0	1	1	0	0	0	0	0	0	0	0	0	0	0	0	25.00	22.50	2.424835	5.110770	4.546730	102.081306	0	102.117355	0.774834
4349	1000	0	0	1	0	0	0	0	0	0	0	0	0	0	0	0	25.00	22.50	2.424835	5.109158	4.515363	101.323929	0	102.118233	0.774834
4350	1000	2	0	0	0	0	0	0	0	0	0	0	0	0	0	0	25.00	22.50	2.424835	5.107546	4.543878	102.081711	0	101.937195	0.774834
4351	1000	0	0	0	0	0	0	0	0	0	0	0	0	0	0	0	25.50	22.50	2.425641	5.107546	4.545304	102.117798	0	101.937050	0.774834
4352	1000	0	1	1	0	0	0	0	0	0	0	0	0	0	0	0	25.50	22.50	2.426447	5.109158	4.546730	102.117577	0	101.900978	0.774834
4353	1000	0	1	0	0	0	0	0	0	0	0	0	0	0	0	0	25.50	22.50	2.427253	5.110770	4.548155	102.117355	0	102.081100	0.774834
4354	1000	0	0	0	0	0	0	0	0	0	0	0	0	0	0	0	25.50	22.50	2.427253	5.109158	4.533898	101.792900	0	101.468201	0.774834
4355	1000	1	1	0	0	1	0	0	0	0	0	0	0	0	0	0	25.50	22.50	2.426447	5.107546	4.545304	102.117798	0	102.117577	0.774834
4356	1000	0	0	0	0	0	0	0	0	0	0	0	0	0	0	0	25.50	22.50	2.427253	5.110770	4.541027	101.937050	0	102.081505	0.774834
4357	1000	0	0	0	0	0	0	0	0	0	0	0	0	0	0	0	25.50	22.50	2.426447	5.109158	4.541027	101.973282	0	101.973282	0.774834
4358	1000	0	0	1	0	0	0	0	0	0	0	0	0	0	0	0	25.50	22.75	2.427253	5.107546	4.522492	101.540405	0	102.082321	0.774834
4359	1000	0	1	1	0	0	0	0	0	0	0	0	0	0	0	0	25.50	22.75	2.428864	5.109158	4.541027	101.973282	0	101.973106	0.774834
4360	1000	1	1	2	0	0	0	0	1	0	0	0	0	0	0	0	25.50	22.75	2.430476	5.110770	4.546730	102.081306	0	101.972939	0.774834
4361	1000	0	0	0	0	0	0	0	0	0	0	0	0	0	0	0	25.50	22.75	2.431282	5.113993	4.542452	101.900681	0	101.864777	0.774834
4362	1000	0	0	0	0	0	0	0	0	0	0	0	0	0	0	0	25.50	22.75	2.431282	5.112381	4.543878	101.972939	0	101.864639	0.774834
4363	1000	1	2	0	0	0	0	0	0	0	0	0	0	0	0	0	25.50	22.75	2.429670	5.107546	4.522492	101.540405	0	102.082123	0.774834
4364	1000	1	0	1	0	0	0	0	0	0	0	0	0	0	0	0	25.50	22.75	2.431282	5.110770	4.516789	101.323952	0	102.045235	0.774834
4365	1000	2	1	0	0	1	0	0	0	0	0	0	0	0	0	0	25.50	22.75	2.433700	5.113993	4.548155	102.044853	0	101.900681	0.774834
4366	1000	0	0	0	0	0	0	0	0	0	0	0	0	0	0	0	25.50	22.75	2.433700	5.113993	4.545304	101.972763	0	101.972763	0.774834
4367	1000	0	0	2	0	0	0	0	0	0	0	0	0	0	0	0	25.50	22.75	2.434505	5.112381	4.446927	99.521339	0	102.081505	0.774834
4368	1000	1	1	0	0	0	0	0	0	0	0	0	0	0	0	0	25.50	22.75	2.432894	5.109158	4.542452	102.009354	0	101.937195	0.774834
4369	1000	1	2	0	0	1	0	0	0	0	0	0	0	0	0	0	25.50	22.75	2.435311	5.109158	4.542452	102.009354	0	101.972939	0.774834
4370	1000	0	0	0	0	0	0	0	0	0	0	0	0	0	0	0	25.50	22.75	2.436117	5.112381	4.521066	101.396103	0	102.008987	0.774834
4371	1000	1	0	0	0	0	0	0	0	0	0	0	0	0	0	0	25.50	22.75	2.435311	5.110770	4.538175	101.864914	0	101.972939	0.774834
4372	1000	1	1	0	0	0	0	0	0	0	0	0	0	0	0	0	25.50	22.75	2.436117	5.112381	4.531046	101.648460	0	102.081306	0.774834
4373	1000	0	0	0	0	0	0	0	0	0	0	0	0	0	0	0	25.50	22.75	2.437729	5.112381	4.548155	102.081100	0	102.008812	0.774834
4375	1000	0	0	2	0	0	0	0	0	0	0	0	0	0	0	0	25.50	22.75	2.439341	5.115605	4.551007	102.080681	0	102.044655	0.774834
4376	1000	0	1	0	0	0	0	0	0	0	0	0	0	0	0	0	25.50	23.00	2.439341	5.107546	4.549581	102.226059	0	102.080887	0.774834
4377	1000	1	0	1	0	0	1	0	0	0	0	0	0	0	0	0	25.50	22.75	2.439341	5.113993	4.536749	101.756516	0	102.045433	0.774834
4378	1000	2	2	1	0	2	0	0	0	0	0	0	0	0	0	0	25.50	23.00	2.438535	5.110770	4.549581	102.153427	0	102.045052	0.774834
4379	1000	0	0	0	0	0	0	0	0	0	0	0	0	0	0	0	25.50	23.00	2.440147	5.112381	4.548155	102.081100	0	102.081100	0.774834
4380	1000	0	0	0	0	0	0	0	0	0	0	0	0	0	0	0	25.50	23.00	2.440147	5.112381	4.548155	102.081100	0	102.044853	0.774834
4381	1000	0	0	0	0	0	0	0	0	0	0	0	0	0	0	0	25.50	23.00	2.440147	5.112381	4.542452	101.936890	0	101.936729	0.774834
4382	1000	0	1	0	0	0	0	0	0	0	0	0	0	0	0	0	25.50	23.00	2.442564	5.112381	4.548155	102.081100	0	102.117577	0.774834
4383	1000	1	0	2	0	0	1	0	0	0	0	0	0	0	0	0	25.50	23.00	2.441758	5.115605	4.553858	102.152740	0	102.044655	0.774834
4384	1000	1	1	0	0	1	0	0	0	0	0	0	0	0	0	0	25.50	23.00	2.441758	5.113993	4.549581	102.080887	0	102.045052	0.774834
4385	1000	0	0	0	0	0	0	0	0	0	0	0	0	0	0	0	25.50	23.00	2.441758	5.109158	4.546730	102.117577	0	101.972763	0.774834
4386	1000	1	0	0	0	0	0	0	0	0	0	0	0	0	0	0	25.50	23.00	2.443370	5.115605	4.525343	101.432152	0	101.973282	0.774834
4387	1000	0	0	0	0	0	0	0	0	0	0	0	0	0	0	0	25.50	23.00	2.442564	5.113993	4.549581	102.080887	0	102.008812	0.774834
4388	1000	0	0	1	0	0	0	0	0	0	0	0	0	0	0	0	25.50	23.00	2.444176	5.117217	4.552433	102.080482	0	101.972420	0.774834
4389	1000	0	0	0	0	0	0	0	0	0	0	0	0	0	0	0	25.50	23.00	2.445788	5.118828	4.549581	101.972260	0	101.936409	0.774834
4390	1000	0	0	0	0	0	0	0	0	0	0	0	0	0	0	0	25.50	23.00	2.445788	5.117217	4.546730	101.936409	0	101.972260	0.774834
4391	1000	1	2	0	0	1	0	0	0	0	0	0	0	0	0	0	25.50	23.00	2.446594	5.115605	4.519640	101.288025	0	102.080887	0.774834
4392	1000	0	0	0	0	0	0	0	0	0	0	0	0	0	0	0	25.50	23.00	2.445788	5.115605	4.548155	102.008629	0	102.044655	0.774834
4393	1000	0	2	0	0	0	0	0	0	0	0	0	0	0	0	0	25.50	23.00	2.446594	5.117217	4.549581	102.008446	0	101.936249	0.774834
4394	1000	0	0	0	0	0	0	0	0	0	0	0	0	0	0	0	25.50	23.00	2.448205	5.120440	4.548155	101.900085	0	101.900383	0.774834
4395	1000	0	0	0	0	0	0	0	0	0	0	0	0	0	0	0	25.50	23.00	2.449011	5.117217	4.549581	102.008446	0	101.900246	0.774834
4396	1000	0	0	1	0	0	0	0	0	0	0	0	0	0	0	0	25.50	23.00	2.446594	5.110770	4.542452	101.973106	0	101.973106	0.774834
4397	1000	0	0	0	0	0	0	0	0	0	0	0	0	0	0	0	25.50	23.00	2.449011	5.115605	4.545304	101.936569	0	101.972603	0.774834
4398	1000	2	1	1	0	0	0	0	0	0	0	0	0	0	0	0	25.50	23.00	2.452235	5.120440	4.552433	102.008087	0	101.972084	0.774834
4399	1000	0	2	1	0	0	0	0	0	0	0	0	0	0	0	0	25.50	23.00	2.451429	5.118828	4.546730	101.900246	0	101.900246	0.774834
4400	1000	0	2	1	0	0	0	0	0	0	0	0	0	0	0	0	25.50	23.00	2.453040	5.120440	4.536749	101.612122	0	101.972420	0.774834
4401	1000	0	0	0	0	0	0	0	0	0	0	0	0	0	0	0	25.50	23.00	2.452235	5.118828	4.553858	102.080269	0	101.900085	0.774834
4402	1000	1	1	1	0	1	1	0	1	0	0	1	0	0	0	0	25.50	23.00	2.453846	5.118828	4.548155	101.936249	0	101.936096	0.774834
4403	1000	1	1	1	0	1	0	0	0	0	0	0	0	0	0	0	25.50	23.00	2.454652	5.120440	4.553858	102.044075	0	102.008087	0.774834
4404	1000	1	0	1	0	0	0	0	0	0	0	0	0	0	0	0	25.50	23.00	2.454652	5.122052	4.553858	102.007904	0	101.935928	0.774834
4405	1000	1	0	1	0	0	1	0	0	0	0	0	0	0	0	0	25.50	23.00	2.453846	5.117217	4.549581	102.008446	0	102.116928	0.774834
4406	1000	1	0	1	0	0	0	0	0	0	0	0	0	0	0	0	25.50	23.00	2.455458	5.122052	4.551007	101.935928	0	101.971916	0.774834
4407	1000	1	1	1	0	1	0	0	0	0	0	0	0	0	0	0	25.50	23.00	2.455458	5.120440	4.552433	102.008087	0	102.008087	0.774834
4408	1000	0	0	1	0	0	0	0	0	0	0	0	0	0	0	0	25.50	23.25	2.456264	5.117217	4.553858	102.116493	0	102.008263	0.774834
4409	1000	0	0	0	0	0	0	0	0	0	0	0	0	0	0	0	25.50	23.00	2.456264	5.125275	4.533898	101.432152	0	102.189011	0.774834
4410	1000	1	0	1	0	0	0	0	0	0	0	0	0	0	0	0	25.50	23.25	2.457070	5.120440	4.556710	102.116058	0	102.007904	0.774834
4411	1000	0	0	0	0	0	0	0	0	0	0	0	0	0	0	0	25.50	23.25	2.460293	5.123663	4.555284	102.007713	0	101.971741	0.774834
4412	1000	0	1	1	0	0	0	0	1	0	0	0	0	0	0	0	25.50	23.25	2.458681	5.125275	4.552433	101.899658	0	101.935776	0.774834
4413	1000	1	0	0	0	0	0	0	0	0	0	0	0	0	0	0	25.50	23.25	2.457875	5.120440	4.555284	102.080070	0	101.935928	0.774834
4414	1000	0	1	0	0	0	0	0	0	0	0	0	0	0	0	0	25.50	23.25	2.456264	5.113993	4.551007	102.116928	0	102.044655	0.774834
4415	1000	1	1	0	0	0	0	0	0	0	0	0	0	0	0	0	26.00	23.25	2.460293	5.122052	4.555284	102.043892	0	101.971741	0.774834
4416	1000	1	0	1	0	0	0	0	0	0	0	0	0	0	0	0	26.00	23.25	2.461905	5.123663	4.553858	101.971741	0	101.827728	0.774834
4417	1000	1	0	0	0	0	0	0	0	0	0	0	0	0	0	0	26.00	23.25	2.462711	5.125275	4.559561	102.079460	0	101.935455	0.774834
4418	1000	2	1	2	0	0	2	0	0	0	0	0	0	0	0	0	26.00	23.25	2.461905	5.125275	4.536749	101.504074	0	102.044075	0.774834
4419	1000	0	0	1	0	0	0	0	0	0	0	0	0	0	0	0	26.00	23.25	2.460293	5.122052	4.555284	102.043892	0	102.080070	0.774834
4420	1000	0	0	3	0	0	0	0	0	0	0	0	0	0	0	0	26.00	23.25	2.461905	5.125275	4.555284	101.971581	0	101.899658	0.774834
4421	1000	0	0	1	0	0	0	0	0	0	0	0	0	0	0	0	26.00	23.25	2.462711	5.123663	4.555284	102.007713	0	101.899803	0.774834
4422	1000	0	0	0	0	0	0	0	0	0	0	0	0	0	0	0	26.00	23.25	2.463516	5.122052	4.552433	101.971916	0	102.007713	0.774834
4423	1000	0	0	0	0	0	0	0	0	0	0	0	0	0	0	0	26.00	23.25	2.462711	5.120440	4.553858	102.044075	0	101.612297	0.774834
4424	1000	2	0	0	0	0	0	0	0	0	0	0	0	0	0	0	26.00	23.25	2.462711	5.122052	4.536749	101.576088	0	101.899803	0.774834
4425	1000	1	2	0	0	1	0	0	0	0	0	0	0	0	0	0	26.00	23.25	2.463516	5.122052	4.555284	102.043892	0	101.971741	0.774834
4426	1000	0	0	0	0	0	0	0	0	0	0	0	0	0	0	0	26.00	23.25	2.463516	5.122052	4.553858	102.007904	0	101.863831	0.774834
4427	1000	1	0	3	0	0	1	0	0	0	0	0	0	0	0	0	26.00	23.25	2.465934	5.125275	4.615166	103.481987	0	102.079865	0.774834
4428	1000	0	1	0	0	0	0	0	0	0	0	0	0	0	0	0	26.00	23.25	2.466740	5.126887	4.559561	102.043312	0	101.971405	0.774834
4429	1000	0	0	0	0	0	0	0	0	0	0	0	0	0	0	0	26.00	23.25	2.468352	5.125275	4.560987	102.115433	0	101.827362	0.774834
4430	1000	0	2	4	0	0	0	0	1	0	0	0	0	0	0	0	26.00	23.25	2.468352	5.130110	4.558136	101.935135	0	102.042931	0.774834
4431	1000	1	0	1	0	0	0	0	0	0	0	0	0	0	0	0	26.00	23.25	2.466740	5.125275	4.558136	102.043510	0	102.007362	0.774834
4432	1000	0	0	0	0	0	0	0	0	0	0	0	0	0	0	0	26.00	23.25	2.466740	5.123663	4.533898	101.468124	0	101.396172	0.774834
4433	1000	0	2	0	0	0	0	0	0	0	0	0	0	0	0	0	26.00	23.25	2.467546	5.125275	4.553858	101.935616	0	101.899658	0.774834
4434	1000	0	0	0	0	0	0	0	0	0	0	0	0	0	0	0	26.00	23.25	2.468352	5.126887	4.555284	101.935455	0	101.971405	0.774834
4435	1000	0	0	0	0	0	0	0	0	0	0	0	0	0	0	0	26.00	23.25	2.469963	5.125275	4.558136	102.043510	0	101.971581	0.774834
4436	1000	1	0	0	0	0	0	0	0	0	0	0	0	0	0	0	26.00	23.25	2.470769	5.128499	4.535324	101.396210	0	102.007904	0.774834
4437	1000	0	1	0	0	0	0	0	0	0	0	0	0	0	0	0	26.00	23.25	2.469963	5.125275	4.556710	102.007530	0	101.827606	0.774834
4438	1000	0	0	1	0	0	0	0	0	0	0	0	0	0	0	0	26.00	23.25	2.471575	5.128499	4.559561	102.007172	0	101.899361	0.774834
4439	1000	1	2	0	0	0	0	0	0	0	0	0	0	0	0	0	26.00	23.25	2.471575	5.128499	4.549581	101.755608	0	101.971405	0.774834
4440	1000	1	1	1	0	1	0	0	0	0	0	0	0	0	0	0	26.00	23.50	2.472381	5.128499	4.555284	101.899361	0	101.791542	0.774834
4441	1000	1	0	1	0	0	0	0	0	0	0	0	0	0	0	0	26.00	23.50	2.472381	5.125275	4.536749	101.504074	0	101.468086	0.774834
4442	1000	0	1	2	0	0	0	0	1	0	0	0	0	0	0	0	26.00	23.50	2.472381	5.126887	4.558136	102.007362	0	101.971405	0.774834
4443	1000	0	0	0	0	0	0	0	0	0	0	0	0	0	0	0	26.00	23.50	2.473187	5.128499	4.556710	101.935295	0	101.827484	0.774834
4444	1000	0	0	1	0	0	0	0	0	0	0	0	0	0	0	0	26.00	23.50	2.472381	5.126887	4.553858	101.899506	0	102.007362	0.774834
4445	1000	0	0	1	0	0	0	0	0	0	0	0	0	0	0	0	26.00	23.50	2.474799	5.128499	4.479719	99.994568	0	101.971741	0.774834
4446	1000	2	0	1	0	0	0	0	0	0	0	0	0	0	0	0	26.00	23.50	2.473187	5.125275	4.556710	102.007530	0	101.935455	0.774834
4447	1000	2	0	2	0	0	1	0	0	0	0	0	0	0	0	0	26.00	23.50	2.473993	5.118828	4.555284	102.116287	0	101.863556	0.774834
4448	1000	0	0	0	0	0	0	0	0	0	0	0	0	0	0	0	26.00	23.50	2.474799	5.126887	4.553858	101.899506	0	101.863419	0.774834
4449	1000	0	0	1	0	0	0	0	0	0	0	0	0	0	0	0	26.00	23.50	2.474799	5.126887	4.556710	101.971405	0	101.791435	0.774834
4450	1000	3	1	1	0	1	1	0	0	0	0	0	0	0	0	0	26.00	23.50	2.477216	5.128499	4.615166	103.408813	0	101.899506	0.774834
4451	1000	0	1	0	0	0	0	0	0	0	0	0	0	0	0	0	26.00	23.50	2.475605	5.128499	4.558136	101.971237	0	101.899361	0.774834
4452	1000	0	0	1	0	0	0	0	0	0	0	0	0	0	0	0	26.00	23.50	2.478022	5.131722	4.559561	101.934975	0	101.863152	0.774834
4453	1000	0	1	1	0	0	0	0	1	0	0	0	0	0	0	0	26.00	23.50	2.478022	5.125275	4.556710	102.007530	0	101.899063	0.774834
4454	1000	0	0	1	0	0	0	0	0	0	0	0	0	0	0	0	26.00	23.50	2.478828	5.133334	4.536749	101.324432	0	102.115211	0.774834
4455	1000	0	1	1	0	0	0	0	0	0	0	0	0	0	0	0	26.00	23.50	2.477216	5.128499	4.558136	101.971237	0	101.827484	0.774834
4456	1000	0	0	0	0	0	0	0	0	0	0	0	0	0	0	0	26.00	23.50	2.478022	5.130110	4.552433	101.791435	0	101.899208	0.774834
4457	1000	1	1	0	0	0	0	0	0	0	0	0	0	0	0	0	26.00	23.50	2.478828	5.130110	4.558136	101.935135	0	101.899063	0.774834
4458	1000	0	0	0	0	0	0	0	0	0	0	0	0	0	0	0	26.00	23.50	2.478022	5.128499	4.558136	101.971237	0	101.863152	0.774834
4459	1000	0	0	0	0	0	0	0	0	0	0	0	0	0	0	0	26.00	23.50	2.478828	5.130110	4.495402	100.354294	0	101.935455	0.774834
4460	1000	0	1	0	0	0	0	0	0	0	0	0	0	0	0	0	26.00	23.50	2.478022	5.128499	4.558136	101.971237	0	101.827484	0.774834
4461	1000	0	1	0	0	0	0	0	0	0	0	0	0	0	0	0	26.00	23.50	2.477216	5.131722	4.556710	101.863152	0	101.827240	0.774834
4462	1000	0	0	0	0	0	0	0	0	0	0	0	0	0	0	0	26.00	23.50	2.479634	5.125275	4.558136	102.043510	0	101.863014	0.774834
4463	1000	1	1	0	0	1	0	0	0	0	0	0	0	0	0	0	26.00	23.50	2.479634	5.130110	4.556710	101.899208	0	101.863152	0.774834
4464	1000	0	0	0	0	0	0	0	0	0	0	0	0	0	0	0	26.00	23.50	2.478828	5.125275	4.556710	102.007530	0	101.899361	0.774834
4465	1000	1	1	0	0	1	0	0	0	0	0	0	0	0	0	0	26.00	23.50	2.480440	5.131722	4.559561	101.934975	0	101.827103	0.774834
4466	1000	0	1	0	0	0	0	0	0	0	0	0	0	0	0	0	26.00	23.50	2.480440	5.130110	4.558136	101.935135	0	101.863289	0.774834
4467	1000	0	0	0	0	0	0	0	0	0	0	0	0	0	0	0	26.00	23.50	2.480440	5.130110	4.555284	101.863289	0	101.863152	0.774834
4468	1000	1	1	0	0	1	0	0	0	0	0	0	0	0	0	0	26.00	23.50	2.483663	5.131722	4.538175	101.396233	0	101.935135	0.774834
4469	1000	0	0	0	0	0	0	0	0	0	0	0	0	0	0	0	26.00	23.50	2.482857	5.133334	4.560987	101.934830	0	101.863014	0.774834
4470	1000	0	0	1	0	0	0	0	0	0	0	0	0	0	0	0	26.00	23.50	2.484469	5.136557	4.559561	101.826851	0	101.790977	0.774834
4471	1000	0	1	0	0	0	0	0	0	0	0	0	0	0	0	0	26.00	23.50	2.484469	5.136557	4.558136	101.790977	0	101.683319	0.774834
4472	1000	0	0	0	0	0	0	0	0	0	0	0	0	0	0	0	26.00	23.50	2.484469	5.133334	4.559561	101.898918	0	101.755196	0.774834
4473	1000	0	0	1	0	0	0	0	0	0	0	0	0	0	0	0	26.00	23.50	2.481246	5.130110	4.553858	101.827362	0	101.899208	0.774834
4474	1000	0	0	0	0	0	0	0	0	0	0	0	0	0	0	0	26.00	23.50	2.483663	5.133334	4.555284	101.791199	0	101.719398	0.774834
4475	1000	1	0	0	0	0	0	0	0	0	0	0	0	0	0	0	26.00	23.50	2.483663	5.133334	4.552433	101.719398	0	101.791199	0.774834
4476	1000	0	1	1	0	0	0	0	1	0	0	0	0	0	0	0	26.00	23.50	2.486081	5.134945	4.559561	101.862877	0	101.683319	0.774834
4477	1000	0	0	0	0	0	0	0	0	0	0	0	0	0	0	0	26.00	23.50	2.485275	5.138169	4.539601	101.288658	0	101.827240	0.774834
4478	1000	0	0	0	0	0	0	0	0	0	0	0	0	0	0	0	26.00	23.50	2.484469	5.134945	4.559561	101.862877	0	101.790977	0.774834
4479	1000	1	0	2	0	0	0	0	0	0	0	0	0	0	0	0	26.00	23.50	2.488498	5.141392	4.559561	101.718941	0	101.826607	0.774834
4480	1000	0	0	0	0	0	0	0	0	0	0	0	0	0	0	0	26.00	23.50	2.488498	5.138169	4.558136	101.754990	0	101.719124	0.774834
4481	1000	0	1	0	0	0	0	0	0	0	0	0	0	0	0	0	26.00	23.50	2.486081	5.136557	4.562413	101.898621	0	101.790863	0.774834
4482	1000	1	0	1	0	0	0	0	0	0	0	0	0	0	0	0	26.00	23.50	2.484469	5.128499	4.553858	101.863419	0	102.007362	0.774834
4483	1000	1	0	0	0	0	0	0	0	0	0	0	0	0	0	0	26.00	23.50	2.486081	5.133334	4.536749	101.324432	0	101.755089	0.774834
4484	1000	2	2	0	0	1	0	0	0	0	0	0	0	0	0	0	26.00	23.50	2.486887	5.136557	4.556710	101.755089	0	101.719215	0.774834
4485	1000	1	1	0	0	1	0	0	0	0	0	0	0	0	0	0	26.00	23.50	2.486887	5.136557	4.556710	101.755089	0	101.790977	0.774834
4486	1000	0	0	0	0	0	0	0	0	0	0	0	0	0	0	0	26.00	23.50	2.487693	5.138169	4.539601	101.288658	0	101.863152	0.774834
4487	1000	1	1	0	0	0	0	0	0	0	0	0	0	0	0	0	26.00	23.75	2.487693	5.134945	4.558136	101.826988	0	101.826988	0.774834
4488	1000	0	2	0	0	0	0	0	0	0	0	0	0	0	0	0	26.00	23.75	2.489304	5.138169	4.556710	101.719124	0	101.862740	0.774834
4489	1000	0	0	0	0	0	0	0	0	0	0	0	0	0	0	0	26.00	23.75	2.489304	5.136557	4.558136	101.790977	0	101.790977	0.774834
4490	1000	1	1	0	0	0	0	0	0	0	0	0	0	0	0	0	26.00	23.75	2.488498	5.136557	4.559561	101.826851	0	101.790863	0.774834
4491	1000	1	0	1	0	0	0	0	0	0	0	0	0	0	0	0	26.00	23.75	2.489304	5.134945	4.558136	101.826988	0	101.862740	0.774834
4492	1000	1	0	1	0	0	0	0	0	0	0	0	0	0	0	0	26.00	23.75	2.489304	5.136557	4.562413	101.898621	0	101.719124	0.774834
4493	1000	1	1	0	0	1	0	0	0	0	0	0	0	0	0	0	26.00	23.75	2.489304	5.138169	4.558136	101.754990	0	101.611511	0.774834
4494	1000	0	0	0	0	0	0	0	0	0	0	0	0	0	0	0	26.00	23.75	2.490110	5.136557	4.559561	101.826851	0	101.755089	0.774834
4495	1000	0	0	0	0	0	0	0	0	0	0	0	0	0	0	0	26.00	23.75	2.490916	5.136557	4.539601	101.324493	0	101.755295	0.774834
4496	1000	0	1	1	0	0	0	0	0	0	0	0	0	0	0	0	26.00	23.75	2.492528	5.141392	4.559561	101.718941	0	101.862473	0.774834
4497	1000	0	0	0	0	0	0	0	0	0	0	0	0	0	0	0	26.00	23.75	2.492528	5.141392	4.563838	101.826500	0	101.754684	0.774834
4498	1000	1	1	1	0	1	0	0	0	0	0	0	0	0	0	0	26.00	23.75	2.490916	5.136557	4.559561	101.826851	0	101.826744	0.774834
4499	1000	3	1	1	0	1	1	0	0	0	0	0	0	0	0	0	26.00	23.75	2.494139	5.141392	4.565265	101.862358	0	101.754684	0.774834
4500	1000	0	0	0	0	0	0	0	0	0	0	0	0	0	0	0	26.00	23.75	2.492528	5.138169	4.546730	101.468025	0	101.288757	0.774834
4501	1000	2	0	1	0	0	1	0	0	0	0	0	0	0	0	0	26.50	23.75	2.492528	5.139781	4.565265	101.898346	0	101.898346	0.774834
4502	1000	0	1	0	0	0	0	0	0	0	0	0	0	0	0	0	26.00	23.75	2.493334	5.138169	4.563838	101.898483	0	101.790756	0.774834
4503	1000	1	1	1	0	1	1	0	1	0	0	1	0	0	0	0	26.50	23.75	2.494139	5.139781	4.566690	101.934204	0	101.934204	0.774834
4504	1000	1	1	0	0	1	0	0	0	0	0	0	0	0	0	0	26.00	23.75	2.494945	5.141392	4.573819	102.077438	0	101.898621	0.774834
4505	1000	0	0	0	0	0	0	0	0	0	0	0	0	0	0	0	26.50	23.75	2.494139	5.139781	4.569542	102.005928	0	101.934204	0.774834
4506	1000	0	1	0	0	0	0	0	0	0	0	0	0	0	0	0	26.50	23.75	2.495751	5.139781	4.569542	102.005928	0	101.862076	0.774834
4507	1000	0	0	2	0	0	0	0	0	0	0	0	0	0	0	0	26.50	23.75	2.496557	5.143004	4.546730	101.360474	0	101.790436	0.774834
4508	1000	0	0	0	0	0	0	0	0	0	0	0	0	0	0	0	26.50	23.75	2.496557	5.143004	4.568116	101.898056	0	101.897903	0.774834
4509	1000	1	0	1	0	0	0	0	0	0	0	0	0	0	0	0	26.50	23.75	2.494945	5.138169	4.551007	101.575630	0	101.432152	0.774834
4510	1000	0	0	0	0	0	0	0	0	0	0	0	0	0	0	0	26.50	23.75	2.495751	5.139781	4.568116	101.970062	0	101.790634	0.774834
4511	1000	1	1	0	0	1	0	0	0	0	0	0	0	0	0	0	26.50	23.75	2.496557	5.141392	4.569542	101.969894	0	101.898201	0.774834
4512	1000	1	3	0	0	1	0	0	0	0	0	0	0	0	0	0	26.50	23.75	2.497363	5.139781	4.563838	101.862473	0	101.934044	0.774834
4513	1000	0	1	0	0	0	0	0	0	0	0	0	0	0	0	0	26.50	23.75	2.496557	5.139781	4.546730	101.432152	0	102.006470	0.774834
4514	1000	2	1	0	0	1	0	0	0	0	0	0	0	0	0	0	26.50	23.75	2.496557	5.139781	4.565265	101.898346	0	101.970062	0.774834
4515	1000	1	0	1	0	0	0	0	0	0	0	0	0	0	0	0	26.50	23.75	2.499780	5.147840	4.572393	101.897606	0	101.933571	0.774834
4516	1000	0	1	1	0	0	0	0	0	0	0	0	0	0	0	0	26.50	23.75	2.498169	5.141392	4.549581	101.468002	0	101.790535	0.774834
4517	1000	1	0	1	0	0	1	0	0	0	0	0	0	0	0	0	26.50	23.75	2.498169	5.141392	4.563838	101.826500	0	101.898201	0.774834
4518	1000	2	0	1	0	0	1	0	0	0	0	0	0	0	0	0	26.50	23.75	2.496557	5.136557	4.552433	101.647446	0	101.360435	0.774834
4519	1000	1	1	1	0	1	0	0	0	0	0	0	0	0	0	0	26.50	23.75	2.498975	5.144616	4.575245	102.041214	0	102.041214	0.774834
4520	1000	0	0	0	0	0	0	0	0	0	0	0	0	0	0	0	26.50	23.75	2.500586	5.146227	4.569542	101.861938	0	101.861938	0.774834
4521	1000	1	2	0	0	1	0	0	0	0	0	0	0	0	0	0	26.50	23.75	2.502198	5.143004	4.565265	101.826385	0	101.897903	0.774834
4522	1000	1	0	0	0	0	0	0	0	0	0	0	0	0	0	0	26.50	23.75	2.501392	5.146227	4.555284	101.503777	0	102.113510	0.774834
