quad V2.5
time	int	cnt1	cnt2	cnt3	cnt4	1&2	1&3	1&4	2&3	2&4	3&4	1&2&3	1&2&4	1&3&4	2&3&4	1&2&3&4	digTemp	temp	adct	adcr	adcp	pressure	PBS	CurrMeasurement	MeanMeasurement
6030	1000	1	0	0	0	0	0	0	0	0	0	0	0	0	0	0	28.00	25.50	2.610989	5.189744	4.622294	102.213486	0	102.428741	0.774834
6031	1000	1	1	2	0	1	0	0	0	0	0	0	0	0	0	0	28.00	25.50	2.606960	5.181685	4.593780	101.681152	0	102.143112	0.774834
6032	1000	0	0	2	0	0	0	0	0	0	0	0	0	0	0	0	28.00	25.50	2.608572	5.184909	4.618017	102.214211	0	102.142899	0.774834
6033	1000	0	0	0	0	0	0	0	0	0	0	0	0	0	0	0	28.00	25.50	2.609378	5.184909	4.616591	102.178665	0	102.142899	0.774834
6034	1000	0	1	0	0	0	0	0	0	0	0	0	0	0	0	0	28.00	25.50	2.610183	5.188132	4.618017	102.142677	0	102.071617	0.774834
6035	1000	1	1	2	0	0	0	0	0	0	0	0	0	0	0	0	28.00	25.50	2.610989	5.186521	4.613740	102.071815	0	102.142677	0.774834
6036	1000	1	0	2	0	0	0	0	0	0	0	0	0	0	0	0	28.00	25.50	2.609378	5.186521	4.619443	102.213966	0	102.178436	0.774834
6037	1000	0	0	2	0	0	0	0	0	0	0	0	0	0	0	0	28.00	25.50	2.610183	5.184909	4.618017	102.214211	0	102.107780	0.774834
6038	1000	0	0	0	0	0	0	0	0	0	0	0	0	0	0	0	28.00	25.50	2.609378	5.186521	4.619443	102.213966	0	102.142899	0.774834
6039	1000	2	0	0	0	0	0	0	0	0	0	0	0	0	0	0	28.00	25.50	2.609378	5.184909	4.615166	102.143112	0	102.213966	0.774834
6040	1000	0	0	0	0	0	0	0	0	0	0	0	0	0	0	0	28.00	25.50	2.610183	5.183297	4.645107	102.925652	0	102.285843	0.774834
6041	1000	1	0	1	0	0	0	0	0	0	0	0	0	0	0	0	28.00	25.50	2.610183	5.186521	4.618017	102.178436	0	102.071617	0.774834
6042	1000	1	0	0	0	0	0	0	0	0	0	0	0	0	0	0	28.00	25.50	2.606960	5.186521	4.615166	102.107361	0	102.178200	0.774834
6043	1000	2	1	0	0	1	0	0	0	0	0	0	0	0	0	0	28.00	25.50	2.612601	5.191356	4.618017	102.071220	0	102.177963	0.774834
6044	1000	0	1	0	0	0	0	0	0	0	0	0	0	0	0	0	28.00	25.50	2.610183	5.186521	4.616591	102.142899	0	102.071617	0.774834
6045	1000	1	0	1	0	0	0	0	0	0	0	0	0	0	0	0	28.00	25.50	2.608572	5.180074	4.616591	102.286110	0	102.214455	0.774834
6046	1000	1	1	0	0	1	0	0	0	0	0	0	0	0	0	0	28.00	25.50	2.610183	5.186521	4.615166	102.107361	0	102.107361	0.774834
6047	1000	0	0	0	0	0	0	0	0	0	0	0	0	0	0	0	28.00	25.50	2.610989	5.188132	4.616591	102.107147	0	102.249512	0.774834
6048	1000	1	1	2	0	1	0	0	0	0	0	0	0	0	0	0	28.00	25.75	2.611795	5.186521	4.612314	102.036285	0	102.036087	0.774834
6049	1000	1	1	1	0	0	0	0	0	0	0	0	0	0	0	0	28.00	25.50	2.611795	5.192967	4.596631	101.503128	0	102.285568	0.774834
6050	1000	0	0	0	0	0	0	0	0	0	0	0	0	0	0	0	28.00	25.50	2.611795	5.188132	4.618017	102.142677	0	102.107147	0.774834
6051	1000	0	0	0	0	0	0	0	0	0	0	0	0	0	0	0	28.00	25.75	2.613407	5.188132	4.622294	102.249260	0	102.177963	0.774834
6052	1000	1	0	1	0	0	0	0	0	0	0	0	0	0	0	0	28.00	25.50	2.611795	5.192967	4.620869	102.106522	0	102.178200	0.774834
6053	1000	0	0	1	0	0	0	0	0	0	0	0	0	0	0	0	28.00	25.50	2.612601	5.191356	4.619443	102.106728	0	102.000221	0.774834
6054	1000	0	0	1	0	0	0	0	0	0	0	0	0	0	0	0	28.00	25.50	2.610183	5.183297	4.620869	102.321136	0	102.285309	0.774834
6055	1000	1	0	0	0	0	0	0	0	0	0	0	0	0	0	0	28.00	25.50	2.610183	5.186521	4.619443	102.213966	0	102.036087	0.774834
6056	1000	1	2	0	0	0	0	0	0	0	0	0	0	0	0	0	28.00	25.50	2.611795	5.189744	4.619443	102.142448	0	102.035912	0.774834
6057	1000	1	1	1	0	0	0	0	0	0	0	0	0	0	0	0	28.00	25.50	2.610989	5.186521	4.615166	102.107361	0	101.965050	0.774834
6059	1000	0	1	0	0	0	0	0	0	0	0	0	0	0	0	0	28.00	25.75	2.611795	5.186521	4.592354	101.538757	0	102.178665	0.774834
6060	1000	2	0	0	0	0	0	0	0	0	0	0	0	0	0	0	28.00	25.50	2.610989	5.188132	4.613740	102.036087	0	101.964874	0.774834
6061	1000	1	2	1	0	1	0	0	1	0	0	0	0	0	0	0	28.00	25.50	2.610989	5.188132	4.615166	102.071617	0	102.178200	0.774834
6062	1000	0	1	0	0	0	0	0	0	0	0	0	0	0	0	0	28.00	25.50	2.611795	5.188132	4.619443	102.178200	0	102.036087	0.774834
6063	1000	0	0	0	0	0	0	0	0	0	0	0	0	0	0	0	28.00	25.50	2.610989	5.186521	4.619443	102.213966	0	102.142677	0.774834
6064	1000	0	1	0	0	0	0	0	0	0	0	0	0	0	0	0	28.00	25.50	2.610183	5.183297	4.616591	102.214455	0	102.214455	0.774834
6065	1000	0	1	1	0	0	0	0	0	0	0	0	0	0	0	0	28.00	25.50	2.611795	5.188132	4.599483	101.680832	0	102.177963	0.774834
6066	1000	0	0	0	0	0	0	0	0	0	0	0	0	0	0	0	28.00	25.50	2.612601	5.189744	4.618017	102.106941	0	102.213730	0.774834
6067	1000	0	1	1	0	0	0	0	1	0	0	0	0	0	0	0	28.00	25.75	2.612601	5.188132	4.620869	102.213730	0	102.035912	0.774834
6068	1000	1	0	0	0	0	0	0	0	0	0	0	0	0	0	0	28.00	25.75	2.611795	5.186521	4.599483	101.716454	0	102.214455	0.774834
6069	1000	1	0	0	0	0	0	0	0	0	0	0	0	0	0	0	28.00	25.75	2.611795	5.186521	4.613740	102.071815	0	102.071617	0.774834
6070	1000	1	1	0	0	0	0	0	0	0	0	0	0	0	0	0	28.00	25.75	2.610183	5.176850	4.616591	102.357857	0	102.036285	0.774834
6071	1000	0	0	1	0	0	0	0	0	0	0	0	0	0	0	0	28.00	25.75	2.611795	5.186521	4.618017	102.178436	0	102.213966	0.774834
6072	1000	1	2	0	0	0	0	0	0	0	0	0	0	0	0	0	28.00	25.75	2.612601	5.188132	4.618017	102.142677	0	102.000397	0.774834
6073	1000	0	0	1	0	0	0	0	0	0	0	0	0	0	0	0	28.00	25.75	2.610183	5.181685	4.599483	101.823425	0	101.574387	0.774834
6074	1000	1	3	1	0	1	0	0	0	0	0	0	0	0	0	0	28.00	25.50	2.611795	5.188132	4.619443	102.178200	0	102.036087	0.774834
6075	1000	0	0	0	0	0	0	0	0	0	0	0	0	0	0	0	28.00	25.75	2.612601	5.188132	4.620869	102.213730	0	102.000397	0.774834
6076	1000	1	3	0	0	1	0	0	0	0	0	0	0	0	0	0	28.00	25.50	2.611795	5.188132	4.622294	102.249260	0	102.035912	0.774834
6077	1000	2	1	2	0	0	0	0	0	0	0	0	0	0	0	0	28.00	25.75	2.613407	5.189744	4.605186	101.787300	0	102.285309	0.774834
6078	1000	1	0	0	0	0	0	0	0	0	0	0	0	0	0	0	28.00	25.50	2.610989	5.188132	4.618017	102.142677	0	102.036087	0.774834
6079	1000	0	1	1	0	0	0	0	0	0	0	0	0	0	0	0	28.00	25.75	2.610989	5.183297	4.612314	102.107780	0	102.107567	0.774834
6080	1000	2	0	1	0	0	0	0	0	0	0	0	0	0	0	0	28.00	25.75	2.611795	5.186521	4.615166	102.107361	0	102.071617	0.774834
6081	1000	1	0	0	0	0	0	0	0	0	0	0	0	0	0	0	28.00	25.75	2.612601	5.188132	4.615166	102.071617	0	101.964874	0.774834
6082	1000	0	1	0	0	0	0	0	0	0	0	0	0	0	0	0	28.00	25.75	2.611795	5.186521	4.618017	102.178436	0	101.929825	0.774834
6083	1000	0	0	1	0	0	0	0	0	0	0	0	0	0	0	0	28.00	25.75	2.612601	5.186521	4.602334	101.787514	0	102.036087	0.774834
6084	1000	1	1	0	0	1	0	0	0	0	0	0	0	0	0	0	28.00	25.75	2.611795	5.184909	4.618017	102.214211	0	102.143112	0.774834
6085	1000	1	1	0	0	1	0	0	0	0	0	0	0	0	0	0	28.00	25.75	2.612601	5.188132	4.618017	102.142677	0	102.035912	0.774834
6086	1000	0	0	0	0	0	0	0	0	0	0	0	0	0	0	0	28.00	25.75	2.612601	5.188132	4.599483	101.680832	0	102.214455	0.774834
6087	1000	2	1	1	0	0	0	0	0	0	0	0	0	0	0	0	28.00	25.75	2.612601	5.186521	4.616591	102.142899	0	102.107147	0.774834
6088	1000	1	1	0	0	1	0	0	0	0	0	0	0	0	0	0	28.00	25.75	2.615824	5.188132	4.619443	102.178200	0	102.000397	0.774834
6089	1000	0	2	0	0	0	0	0	0	0	0	0	0	0	0	0	28.00	25.75	2.613407	5.189744	4.596631	101.574203	0	102.178200	0.774834
6090	1000	1	1	0	0	1	0	0	0	0	0	0	0	0	0	0	28.00	25.75	2.612601	5.188132	4.618017	102.142677	0	102.036087	0.774834
6091	1000	0	0	0	0	0	0	0	0	0	0	0	0	0	0	0	28.00	25.75	2.612601	5.184909	4.598057	101.716537	0	102.285309	0.774834
6092	1000	2	1	0	0	1	0	0	0	0	0	0	0	0	0	0	28.00	25.75	2.613407	5.189744	4.622294	102.213486	0	102.035912	0.774834
6093	1000	1	2	0	0	1	0	0	0	0	0	0	0	0	0	0	28.00	25.75	2.613407	5.189744	4.618017	102.106941	0	102.036087	0.774834
6094	1000	0	1	2	0	0	0	0	0	0	0	0	0	0	0	0	28.00	25.75	2.612601	5.178462	4.616591	102.321960	0	102.107147	0.774834
6095	1000	0	0	0	0	0	0	0	0	0	0	0	0	0	0	0	28.00	25.75	2.611795	5.186521	4.599483	101.716454	0	102.143555	0.774834
6096	1000	0	0	1	0	0	0	0	0	0	0	0	0	0	0	0	28.00	25.75	2.610183	5.181685	4.612314	102.143555	0	102.072220	0.774834
6097	1000	1	1	0	0	0	0	0	0	0	0	0	0	0	0	0	28.00	25.75	2.613407	5.189744	4.618017	102.106941	0	102.107147	0.774834
6098	1000	1	0	0	0	0	0	0	0	0	0	0	0	0	0	0	28.00	25.75	2.612601	5.186521	4.615166	102.107361	0	102.071815	0.774834
6099	1000	0	0	1	0	0	0	0	0	0	0	0	0	0	0	0	28.00	25.75	2.613407	5.188132	4.619443	102.178200	0	102.071434	0.774834
6100	1000	0	0	0	0	0	0	0	0	0	0	0	0	0	0	0	28.00	25.75	2.613407	5.186521	4.602334	101.787514	0	102.214455	0.774834
6101	1000	0	0	1	0	0	0	0	0	0	0	0	0	0	0	0	28.00	25.75	2.611795	5.184909	4.616591	102.178665	0	102.071815	0.774834
6102	1000	0	0	1	0	0	0	0	0	0	0	0	0	0	0	0	28.00	25.75	2.613407	5.188132	4.616591	102.107147	0	102.107147	0.774834
6103	1000	1	3	0	0	1	0	0	0	0	0	0	0	0	0	0	28.00	25.75	2.613407	5.183297	4.616591	102.214455	0	102.107147	0.774834
6104	1000	1	0	0	0	0	0	0	0	0	0	0	0	0	0	0	28.00	25.75	2.612601	5.186521	4.599483	101.716454	0	102.214706	0.774834
6105	1000	0	0	0	0	0	0	0	0	0	0	0	0	0	0	0	28.00	25.75	2.611795	5.184909	4.613740	102.107567	0	102.142899	0.774834
6106	1000	1	0	1	0	0	0	0	0	0	0	0	0	0	0	0	28.00	25.75	2.612601	5.186521	4.618017	102.178436	0	102.249512	0.774834
6107	1000	0	0	1	0	0	0	0	0	0	0	0	0	0	0	0	28.00	25.75	2.613407	5.188132	4.595205	101.574249	0	102.035912	0.774834
6108	1000	1	2	1	0	1	0	0	0	0	0	0	0	0	0	0	28.00	25.75	2.611795	5.183297	4.609463	102.036667	0	102.072021	0.774834
6109	1000	1	1	0	0	1	0	0	0	0	0	0	0	0	0	0	28.00	25.75	2.612601	5.184909	4.595205	101.645439	0	102.214211	0.774834
6110	1000	0	0	1	0	0	0	0	0	0	0	0	0	0	0	0	28.00	25.75	2.614213	5.189744	4.618017	102.106941	0	102.106941	0.774834
6111	1000	0	0	1	0	0	0	0	0	0	0	0	0	0	0	0	28.00	25.75	2.614213	5.188132	4.616591	102.107147	0	102.142677	0.774834
6112	1000	3	2	0	0	2	0	0	0	0	0	0	0	0	0	0	28.00	25.75	2.613407	5.189744	4.620869	102.177963	0	102.071815	0.774834
6113	1000	0	0	0	0	0	0	0	0	0	0	0	0	0	0	0	28.00	25.75	2.612601	5.186521	4.612314	102.036285	0	102.107361	0.774834
6114	1000	1	1	0	0	1	0	0	0	0	0	0	0	0	0	0	28.00	25.75	2.610989	5.180074	4.615166	102.250519	0	102.285843	0.774834
6115	1000	2	1	2	0	0	1	0	0	0	0	0	0	0	0	0	28.00	25.75	2.613407	5.186521	4.612314	102.036285	0	102.107147	0.774834
6116	1000	0	0	0	0	0	0	0	0	0	0	0	0	0	0	0	28.00	25.75	2.614213	5.188132	4.616591	102.107147	0	102.071617	0.774834
6117	1000	2	0	0	0	0	0	0	0	0	0	0	0	0	0	0	28.00	25.75	2.613407	5.186521	4.616591	102.142899	0	102.035912	0.774834
6118	1000	1	0	2	0	0	0	0	0	0	0	0	0	0	0	0	28.00	25.75	2.613407	5.184909	4.592354	101.574333	0	102.143555	0.774834
6119	1000	3	2	0	0	1	0	0	0	0	0	0	0	0	0	0	28.00	25.75	2.612601	5.186521	4.619443	102.213966	0	102.107361	0.774834
6120	1000	0	0	0	0	0	0	0	0	0	0	0	0	0	0	0	28.00	25.75	2.613407	5.186521	4.613740	102.071815	0	102.142677	0.774834
6121	1000	0	0	1	0	0	0	0	0	0	0	0	0	0	0	0	28.00	25.75	2.615019	5.189744	4.616591	102.071434	0	102.106941	0.774834
6122	1000	0	0	2	0	0	0	0	0	0	0	0	0	0	0	0	28.00	25.75	2.615019	5.189744	4.618017	102.106941	0	102.106941	0.774834
6123	1000	0	0	0	0	0	0	0	0	0	0	0	0	0	0	0	28.00	25.75	2.613407	5.183297	4.616591	102.214455	0	102.107361	0.774834
6124	1000	0	1	0	0	0	0	0	0	0	0	0	0	0	0	0	28.00	25.75	2.614213	5.186521	4.616591	102.142899	0	102.071617	0.774834
6125	1000	1	0	0	0	0	0	0	0	0	0	0	0	0	0	0	28.00	25.75	2.613407	5.184909	4.618017	102.214211	0	102.142899	0.774834
6126	1000	0	0	0	0	0	0	0	0	0	0	0	0	0	0	0	28.00	25.75	2.613407	5.184909	4.615166	102.143112	0	102.036285	0.774834
6127	1000	0	1	2	0	0	0	0	0	0	0	0	0	0	0	0	28.00	25.75	2.614213	5.189744	4.599483	101.645241	0	102.179123	0.774834
6128	1000	1	0	0	0	0	0	0	0	0	0	0	0	0	0	0	28.00	25.75	2.615019	5.188132	4.618017	102.142677	0	102.071617	0.774834
6129	1000	0	1	0	0	0	0	0	0	0	0	0	0	0	0	0	28.00	25.75	2.617436	5.186521	4.619443	102.213966	0	102.107147	0.774834
6130	1000	0	0	0	0	0	0	0	0	0	0	0	0	0	0	0	28.00	25.75	2.615019	5.191356	4.618017	102.071220	0	102.071434	0.774834
6131	1000	3	0	2	0	0	1	0	0	0	0	0	0	0	0	0	28.00	25.75	2.613407	5.184909	4.616591	102.178665	0	102.107361	0.774834
6132	1000	1	1	2	0	0	0	0	0	0	0	0	0	0	0	0	28.00	25.75	2.613407	5.183297	4.616591	102.214455	0	102.142899	0.774834
6133	1000	1	1	1	0	0	0	0	0	0	0	0	0	0	0	0	28.00	25.75	2.612601	5.184909	4.613740	102.107567	0	102.072021	0.774834
6134	1000	0	0	3	0	0	0	0	0	0	0	0	0	0	0	0	28.00	25.75	2.614213	5.184909	4.618017	102.214211	0	102.107361	0.774834
6135	1000	1	1	2	0	1	0	0	0	0	0	0	0	0	0	0	28.00	25.75	2.615019	5.189744	4.618017	102.106941	0	102.000397	0.774834
6136	1000	1	2	0	0	1	0	0	0	0	0	0	0	0	0	0	28.00	25.75	2.615019	5.189744	4.599483	101.645241	0	102.107780	0.774834
6137	1000	0	0	0	0	0	0	0	0	0	0	0	0	0	0	0	28.00	25.75	2.614213	5.186521	4.618017	102.178436	0	102.142899	0.774834
6138	1000	0	0	1	0	0	0	0	0	0	0	0	0	0	0	0	28.00	25.75	2.611795	5.184909	4.615166	102.143112	0	102.178665	0.774834
6139	1000	0	0	0	0	0	0	0	0	0	0	0	0	0	0	0	28.00	25.75	2.614213	5.184909	4.612314	102.072021	0	102.107567	0.774834
6140	1000	0	1	0	0	0	0	0	0	0	0	0	0	0	0	0	28.00	25.75	2.613407	5.183297	4.616591	102.214455	0	102.143112	0.774834
6141	1000	4	3	1	0	3	0	0	0	0	0	0	0	0	0	0	28.00	25.75	2.614213	5.183297	4.618017	102.250015	0	101.930283	0.774834
6142	1000	1	0	1	0	0	0	0	0	0	0	0	0	0	0	0	28.00	25.75	2.614213	5.184909	4.602334	101.823181	0	102.142899	0.774834
6143	1000	1	1	1	0	0	0	0	0	0	0	0	0	0	0	0	28.00	25.75	2.614213	5.186521	4.615166	102.107361	0	102.036285	0.774834
6144	1000	2	2	0	0	1	0	0	0	0	0	0	0	0	0	0	28.00	25.75	2.613407	5.184909	4.616591	102.178665	0	102.178665	0.774834
6145	1000	2	1	0	0	1	0	0	0	0	0	0	0	0	0	0	28.00	25.75	2.615019	5.186521	4.610888	102.000748	0	102.143333	0.774834
6146	1000	1	2	0	0	1	0	0	0	0	0	0	0	0	0	0	28.00	25.75	2.615019	5.186521	4.619443	102.213966	0	102.178200	0.774834
6147	1000	0	0	0	0	0	0	0	0	0	0	0	0	0	0	0	28.00	25.75	2.616630	5.181685	4.619443	102.321411	0	102.177963	0.774834
6148	1000	2	2	2	0	1	1	0	0	0	0	0	0	0	0	0	28.00	25.75	2.616630	5.189744	4.623720	102.249001	0	102.177963	0.774834
6149	1000	1	0	0	0	0	0	0	0	0	0	0	0	0	0	0	28.00	25.75	2.614213	5.188132	4.618017	102.142677	0	102.213730	0.774834
6150	1000	0	0	0	0	0	0	0	0	0	0	0	0	0	0	0	28.00	25.75	2.614213	5.183297	4.593780	101.645508	0	101.645363	0.774834
6151	1000	0	0	0	0	0	0	0	0	0	0	0	0	0	0	0	28.00	25.75	2.615019	5.186521	4.620869	102.249512	0	102.107147	0.774834
6152	1000	0	2	1	0	0	0	0	0	0	0	0	0	0	0	0	28.00	25.75	2.614213	5.184909	4.618017	102.214211	0	102.214211	0.774834
6153	1000	1	1	0	0	0	0	0	0	0	0	0	0	0	0	0	28.00	25.75	2.613407	5.184909	4.618017	102.214211	0	102.143112	0.774834
6154	1000	1	0	0	0	0	0	0	0	0	0	0	0	0	0	0	28.00	25.75	2.613407	5.183297	4.592354	101.609940	0	102.072815	0.774834
6155	1000	0	1	0	0	0	0	0	0	0	0	0	0	0	0	0	28.00	25.75	2.613407	5.183297	4.610888	102.072220	0	102.072021	0.774834
6156	1000	1	1	2	0	0	0	0	0	0	0	0	0	0	0	0	28.00	25.75	2.615019	5.181685	4.613740	102.179123	0	102.036476	0.774834
6157	1000	1	1	1	0	0	0	0	0	0	0	0	0	0	0	0	28.00	25.75	2.615824	5.186521	4.600908	101.751984	0	102.071617	0.774834
6158	1000	0	1	1	0	0	0	0	0	0	0	0	0	0	0	0	28.00	25.75	2.613407	5.183297	4.613740	102.143333	0	102.036285	0.774834
6159	1000	0	0	0	0	0	0	0	0	0	0	0	0	0	0	0	28.00	25.75	2.611795	5.180074	4.593780	101.716805	0	101.645508	0.774834
6160	1000	0	0	0	0	0	0	0	0	0	0	0	0	0	0	0	28.00	25.75	2.613407	5.181685	4.613740	102.179123	0	102.072220	0.774834
6161	1000	2	0	1	0	0	0	0	0	0	0	0	0	0	0	0	28.00	25.75	2.615019	5.184909	4.616591	102.178665	0	102.107361	0.774834
6162	1000	0	1	0	0	0	0	0	0	0	0	0	0	0	0	0	28.00	25.75	2.615824	5.186521	4.618017	102.178436	0	102.107361	0.774834
6163	1000	1	2	1	0	0	0	0	0	0	0	0	0	0	0	0	28.00	25.75	2.615824	5.186521	4.598057	101.680908	0	102.214706	0.774834
6164	1000	1	2	1	0	1	0	0	0	0	0	0	0	0	0	0	28.00	25.75	2.615019	5.184909	4.613740	102.107567	0	102.143112	0.774834
6165	1000	1	1	0	0	0	0	0	0	0	0	0	0	0	0	0	28.00	25.75	2.615824	5.184909	4.615166	102.143112	0	102.142899	0.774834
6166	1000	1	1	1	0	1	0	0	0	0	0	0	0	0	0	0	28.00	25.75	2.615019	5.184909	4.615166	102.143112	0	102.072021	0.774834
6167	1000	0	0	0	0	0	0	0	0	0	0	0	0	0	0	0	28.00	25.75	2.615019	5.183297	4.613740	102.143333	0	102.036285	0.774834
6168	1000	2	2	0	0	1	0	0	0	0	0	0	0	0	0	0	28.00	25.75	2.617436	5.183297	4.595205	101.681068	0	102.143791	0.774834
6169	1000	1	0	1	0	0	0	0	0	0	0	0	0	0	0	0	28.00	25.75	2.616630	5.186521	4.615166	102.107361	0	102.142899	0.774834
6170	1000	1	0	0	0	0	0	0	0	0	0	0	0	0	0	0	28.00	25.75	2.616630	5.188132	4.613740	102.036087	0	102.071617	0.774834
6171	1000	2	0	0	0	0	0	0	0	0	0	0	0	0	0	0	28.00	25.75	2.616630	5.181685	4.613740	102.179123	0	102.071617	0.774834
6172	1000	1	1	0	0	1	0	0	0	0	0	0	0	0	0	0	28.00	25.75	2.615824	5.186521	4.656513	103.137955	0	102.072418	0.774834
6173	1000	1	0	2	0	0	0	0	0	0	0	0	0	0	0	0	28.00	25.75	2.614213	5.183297	4.615166	102.178902	0	102.072220	0.774834
6174	1000	0	0	0	0	0	0	0	0	0	0	0	0	0	0	0	28.00	25.75	2.615019	5.184909	4.612314	102.072021	0	102.178902	0.774834
6175	1000	0	1	0	0	0	0	0	0	0	0	0	0	0	0	0	28.00	25.75	2.616630	5.186521	4.619443	102.213966	0	101.965050	0.774834
6176	1000	0	0	0	0	0	0	0	0	0	0	0	0	0	0	0	28.00	25.75	2.615824	5.186521	4.616591	102.142899	0	101.965050	0.774834
6177	1000	1	1	0	0	1	0	0	0	0	0	0	0	0	0	0	28.00	25.75	2.615019	5.184909	4.595205	101.645439	0	102.143333	0.774834
6178	1000	1	1	0	0	0	0	0	0	0	0	0	0	0	0	0	28.00	25.75	2.615824	5.184909	4.616591	102.178665	0	101.965210	0.774834
6179	1000	0	0	0	0	0	0	0	0	0	0	0	0	0	0	0	28.00	25.75	2.615824	5.186521	4.616591	102.142899	0	101.965210	0.774834
6180	1000	2	1	1	0	1	1	0	1	0	0	1	0	0	0	0	28.00	25.75	2.615019	5.176850	4.613740	102.286629	0	102.107567	0.774834
6181	1000	0	2	0	0	0	0	0	0	0	0	0	0	0	0	0	28.00	25.75	2.614213	5.183297	4.612314	102.107780	0	102.000923	0.774834
6182	1000	0	2	1	0	0	0	0	1	0	0	0	0	0	0	0	28.00	25.75	2.613407	5.176850	4.613740	102.286629	0	102.179359	0.774834
6183	1000	3	0	2	0	0	1	0	0	0	0	0	0	0	0	0	28.00	25.75	2.615824	5.186521	4.616591	102.142899	0	102.071815	0.774834
6184	1000	2	1	1	0	0	0	0	1	0	0	0	0	0	0	0	28.00	25.75	2.617436	5.186521	4.615166	102.107361	0	102.071617	0.774834
6185	1000	1	0	0	0	0	0	0	0	0	0	0	0	0	0	0	28.00	25.75	2.615019	5.183297	4.609463	102.036667	0	102.072021	0.774834
6186	1000	0	0	0	0	0	0	0	0	0	0	0	0	0	0	0	28.00	25.75	2.615824	5.183297	4.593780	101.645508	0	102.143555	0.774834
6187	1000	0	1	0	0	0	0	0	0	0	0	0	0	0	0	0	28.00	25.75	2.615019	5.181685	4.613740	102.179123	0	102.107780	0.774834
6188	1000	2	2	2	0	1	1	0	0	0	0	0	0	0	0	0	28.00	25.75	2.614213	5.181685	4.612314	102.143555	0	102.143333	0.774834
6189	1000	0	0	1	0	0	0	0	0	0	0	0	0	0	0	0	28.00	25.75	2.615824	5.186521	4.613740	102.071815	0	102.000923	0.774834
6190	1000	0	0	0	0	0	0	0	0	0	0	0	0	0	0	0	28.00	25.75	2.615824	5.184909	4.612314	102.072021	0	102.072021	0.774834
6191	1000	0	0	0	0	0	0	0	0	0	0	0	0	0	0	0	28.00	25.75	2.613407	5.176850	4.613740	102.286629	0	102.072617	0.774834
6192	1000	0	0	0	0	0	0	0	0	0	0	0	0	0	0	0	28.00	25.75	2.615019	5.183297	4.613740	102.143333	0	102.143333	0.774834
6193	1000	0	0	1	0	0	0	0	0	0	0	0	0	0	0	0	28.00	25.75	2.615824	5.183297	4.612314	102.107780	0	102.107780	0.774834
6194	1000	0	1	0	0	0	0	0	0	0	0	0	0	0	0	0	28.00	25.75	2.615824	5.184909	4.612314	102.072021	0	102.107780	0.774834
6195	1000	0	1	0	0	0	0	0	0	0	0	0	0	0	0	0	28.00	25.75	2.615019	5.180074	4.589502	101.610054	0	102.215187	0.774834
6196	1000	1	0	1	0	0	0	0	0	0	0	0	0	0	0	0	28.00	25.75	2.615824	5.183297	4.616591	102.214455	0	102.178665	0.774834
6197	1000	0	0	0	0	0	0	0	0	0	0	0	0	0	0	0	28.00	25.75	2.618242	5.184909	4.615166	102.143112	0	102.107361	0.774834
6198	1000	4	1	0	0	1	0	0	0	0	0	0	0	0	0	0	28.00	25.75	2.618242	5.189744	4.616591	102.071434	0	102.036087	0.774834
6199	1000	0	0	0	0	0	0	0	0	0	0	0	0	0	0	0	28.00	25.75	2.618242	5.186521	4.616591	102.142899	0	102.213486	0.774834
6200	1000	1	0	0	0	0	0	0	0	0	0	0	0	0	0	0	28.00	25.75	2.615019	5.180074	4.612314	102.179359	0	102.285843	0.774834
6201	1000	0	0	1	0	0	0	0	0	0	0	0	0	0	0	0	28.00	25.75	2.615824	5.184909	4.612314	102.072021	0	102.143333	0.774834
6202	1000	1	0	2	0	0	1	0	0	0	0	0	0	0	0	0	28.00	25.75	2.617436	5.186521	4.612314	102.036285	0	102.000748	0.774834
6203	1000	0	0	1	0	0	0	0	0	0	0	0	0	0	0	0	28.00	25.75	2.618242	5.188132	4.615166	102.071617	0	101.893982	0.774834
6204	1000	3	2	2	0	1	0	0	1	0	0	0	0	0	0	0	28.00	25.75	2.617436	5.188132	4.600908	101.716362	0	102.286110	0.774834
6205	1000	0	1	1	0	0	0	0	0	0	0	0	0	0	0	0	28.00	25.75	2.615019	5.181685	4.612314	102.143555	0	102.036835	0.774834
6206	1000	2	1	0	0	1	0	0	0	0	0	0	0	0	0	0	28.00	25.75	2.617436	5.181685	4.612314	102.143555	0	102.000923	0.774834
6207	1000	0	0	1	0	0	0	0	0	0	0	0	0	0	0	0	28.00	25.75	2.617436	5.184909	4.618017	102.214211	0	102.178436	0.774834
6208	1000	1	2	0	0	0	0	0	0	0	0	0	0	0	0	0	28.00	25.75	2.618242	5.186521	4.616591	102.142899	0	102.071434	0.774834
6209	1000	1	2	0	0	0	0	0	0	0	0	0	0	0	0	0	28.00	25.75	2.615824	5.180074	4.618017	102.321693	0	102.179359	0.774834
6210	1000	1	0	2	0	0	1	0	0	0	0	0	0	0	0	0	28.00	25.75	2.618242	5.186521	4.608037	101.929665	0	101.965050	0.774834
6211	1000	0	0	2	0	0	0	0	0	0	0	0	0	0	0	0	28.00	25.75	2.618242	5.188132	4.615166	102.071617	0	102.036087	0.774834
6212	1000	0	0	0	0	0	0	0	0	0	0	0	0	0	0	0	28.00	25.75	2.618242	5.186521	4.612314	102.036285	0	101.929512	0.774834
6213	1000	1	0	2	0	0	1	0	0	0	0	0	0	0	0	0	28.00	25.75	2.618242	5.191356	4.595205	101.503166	0	102.143555	0.774834
6214	1000	0	0	3	0	0	0	0	0	0	0	0	0	0	0	0	28.00	25.75	2.615824	5.183297	4.609463	102.036667	0	102.036667	0.774834
6215	1000	0	2	0	0	0	0	0	0	0	0	0	0	0	0	0	28.00	25.75	2.619854	5.184909	4.612314	102.072021	0	101.894279	0.774834
6216	1000	1	0	2	0	0	0	0	0	0	0	0	0	0	0	0	28.00	25.75	2.618242	5.186521	4.605186	101.858597	0	101.929665	0.774834
6217	1000	0	1	0	0	0	0	0	0	0	0	0	0	0	0	0	28.00	25.75	2.616630	5.184909	4.609463	102.000923	0	102.000923	0.774834
6218	1000	0	0	1	0	0	0	0	0	0	0	0	0	0	0	0	28.00	25.75	2.616630	5.181685	4.610888	102.107986	0	101.716896	0.774834
6219	1000	0	0	1	0	0	0	0	0	0	0	0	0	0	0	0	28.00	25.75	2.616630	5.183297	4.613740	102.143333	0	101.929985	0.774834
6220	1000	1	1	0	0	0	0	0	0	0	0	0	0	0	0	0	28.00	25.75	2.617436	5.184909	4.612314	102.072021	0	102.107780	0.774834
6221	1000	0	0	1	0	0	0	0	0	0	0	0	0	0	0	0	28.00	25.75	2.617436	5.184909	4.609463	102.000923	0	101.965370	0.774834
6222	1000	1	0	3	0	0	0	0	0	0	0	0	0	0	0	0	28.00	25.75	2.618242	5.186521	4.592354	101.538757	0	102.179359	0.774834
6223	1000	0	1	0	0	0	0	0	0	0	0	0	0	0	0	0	28.00	25.75	2.616630	5.181685	4.612314	102.143555	0	101.929985	0.774834
6224	1000	0	1	1	0	0	0	0	0	0	0	0	0	0	0	0	28.00	25.75	2.619854	5.189744	4.609463	101.893852	0	101.965050	0.774834
6225	1000	0	0	0	0	0	0	0	0	0	0	0	0	0	0	0	28.00	25.75	2.619048	5.188132	4.590928	101.467667	0	102.000565	0.774834
6226	1000	1	0	0	0	0	0	0	0	0	0	0	0	0	0	0	28.00	25.75	2.618242	5.184909	4.606611	101.929825	0	102.000748	0.774834
6227	1000	0	0	2	0	0	0	0	0	0	0	0	0	0	0	0	28.00	25.75	2.617436	5.181685	4.598057	101.787857	0	101.396584	0.774834
6228	1000	0	0	1	0	0	0	0	0	0	0	0	0	0	0	0	28.00	25.75	2.617436	5.181685	4.609463	102.072418	0	101.929985	0.774834
6229	1000	0	0	0	0	0	0	0	0	0	0	0	0	0	0	0	28.00	25.75	2.617436	5.183297	4.606611	101.965538	0	101.965538	0.774834
6230	1000	1	0	0	0	0	0	0	0	0	0	0	0	0	0	0	28.00	25.75	2.619048	5.184909	4.609463	102.000923	0	102.072021	0.774834
6231	1000	1	0	0	0	0	0	0	0	0	0	0	0	0	0	0	28.00	25.75	2.617436	5.183297	4.586651	101.467705	0	102.001625	0.774834
6232	1000	1	0	1	0	0	1	0	0	0	0	0	0	0	0	0	28.00	25.75	2.618242	5.184909	4.610888	102.036476	0	101.965370	0.774834
6233	1000	1	1	0	0	1	0	0	0	0	0	0	0	0	0	0	28.00	25.75	2.618242	5.184909	4.609463	102.000923	0	101.965538	0.774834
6234	1000	0	0	2	0	0	0	0	0	0	0	0	0	0	0	0	28.00	25.75	2.617436	5.184909	4.596631	101.680977	0	101.858727	0.774834
6235	1000	2	0	0	0	0	0	0	0	0	0	0	0	0	0	0	28.00	25.75	2.617436	5.183297	4.609463	102.036667	0	101.823181	0.774834
6236	1000	1	1	0	0	1	0	0	0	0	0	0	0	0	0	0	28.00	25.75	2.619048	5.183297	4.588077	101.503273	0	101.503250	0.774834
6237	1000	0	1	0	0	0	0	0	0	0	0	0	0	0	0	0	28.00	25.75	2.618242	5.183297	4.608037	102.001099	0	101.965370	0.774834
6238	1000	0	0	2	0	0	0	0	0	0	0	0	0	0	0	0	28.00	25.75	2.619048	5.184909	4.606611	101.929825	0	101.894279	0.774834
6239	1000	0	0	1	0	0	0	0	0	0	0	0	0	0	0	0	28.00	25.75	2.619854	5.183297	4.609463	102.036667	0	101.823181	0.774834
6240	1000	0	0	1	0	0	0	0	0	0	0	0	0	0	0	0	28.00	25.75	2.619048	5.184909	4.613740	102.107567	0	102.143997	0.774834
6241	1000	0	0	0	0	0	0	0	0	0	0	0	0	0	0	0	28.00	25.75	2.618242	5.183297	4.608037	102.001099	0	102.107780	0.774834
6242	1000	1	1	0	0	1	0	0	0	0	0	0	0	0	0	0	28.00	25.75	2.619048	5.191356	4.609463	101.858192	0	101.929825	0.774834
6243	1000	0	2	1	0	0	0	0	0	0	0	0	0	0	0	0	28.00	25.75	2.618242	5.184909	4.586651	101.432152	0	102.001099	0.774834
6244	1000	1	1	2	0	0	0	0	1	0	0	0	0	0	0	0	28.00	25.75	2.617436	5.181685	4.609463	102.072418	0	101.894417	0.774834
6245	1000	0	0	1	0	0	0	0	0	0	0	0	0	0	0	0	28.00	25.75	2.619048	5.181685	4.590928	101.609993	0	102.036835	0.774834
6246	1000	0	0	1	0	0	0	0	0	0	0	0	0	0	0	0	28.00	25.75	2.617436	5.181685	4.606611	102.001282	0	101.894417	0.774834
6247	1000	1	1	0	0	1	0	0	0	0	0	0	0	0	0	0	28.00	25.75	2.618242	5.183297	4.605186	101.929985	0	102.072418	0.774834
6248	1000	0	0	1	0	0	0	0	0	0	0	0	0	0	0	0	28.00	25.75	2.619048	5.181685	4.610888	102.107986	0	102.000748	0.774834
6249	1000	0	1	1	0	0	0	0	1	0	0	0	0	0	0	0	28.00	25.75	2.617436	5.181685	4.595205	101.716705	0	102.073021	0.774834
6250	1000	1	0	0	0	0	0	0	0	0	0	0	0	0	0	0	28.00	25.75	2.617436	5.180074	4.605186	102.001457	0	101.894417	0.774834
6251	1000	2	2	2	0	1	0	0	0	0	0	0	0	0	0	0	28.00	25.75	2.618242	5.183297	4.608037	102.001099	0	102.001099	0.774834
6252	1000	0	0	0	0	0	0	0	0	0	0	0	0	0	0	0	28.00	25.75	2.618242	5.181685	4.606611	102.001282	0	102.001282	0.774834
6253	1000	0	0	0	0	0	0	0	0	0	0	0	0	0	0	0	28.00	25.75	2.618242	5.183297	4.606611	101.965538	0	101.894417	0.774834
6254	1000	0	0	1	0	0	0	0	0	0	0	0	0	0	0	0	28.00	25.75	2.619048	5.183297	4.586651	101.467705	0	102.037033	0.774834
6255	1000	1	1	1	0	0	0	0	0	0	0	0	0	0	0	0	28.00	25.75	2.617436	5.181685	4.609463	102.072418	0	102.036667	0.774834
6256	1000	0	0	0	0	0	0	0	0	0	0	0	0	0	0	0	28.00	25.75	2.615019	5.181685	4.605186	101.965714	0	102.001099	0.774834
6257	1000	1	0	1	0	0	0	0	0	0	0	0	0	0	0	0	28.00	26.00	2.620660	5.183297	4.610888	102.072220	0	102.036285	0.774834
6258	1000	1	0	1	0	0	0	0	0	0	0	0	0	0	0	0	28.00	25.75	2.619048	5.181685	4.602334	101.894562	0	101.787636	0.774834
6259	1000	0	0	0	0	0	0	0	0	0	0	0	0	0	0	0	28.00	25.75	2.616630	5.176850	4.606611	102.108612	0	102.037231	0.774834
6260	1000	0	0	2	0	0	0	0	0	0	0	0	0	0	0	0	28.00	25.75	2.617436	5.181685	4.608037	102.036835	0	101.858856	0.774834
6261	1000	1	1	2	0	1	0	0	0	0	0	0	0	0	0	0	28.00	25.75	2.618242	5.181685	4.605186	101.965714	0	102.036667	0.774834
6262	1000	2	0	2	0	0	1	0	0	0	0	0	0	0	0	0	28.00	25.75	2.618242	5.181685	4.606611	102.001282	0	101.965538	0.774834
6263	1000	0	0	0	0	0	0	0	0	0	0	0	0	0	0	0	28.00	25.75	2.618242	5.181685	4.588077	101.538864	0	101.930443	0.774834
6264	1000	0	1	2	0	0	0	0	1	0	0	0	0	0	0	0	28.00	25.75	2.619048	5.183297	4.610888	102.072220	0	101.929825	0.774834
6265	1000	0	0	1	0	0	0	0	0	0	0	0	0	0	0	0	28.00	25.75	2.616630	5.184909	4.606611	101.929825	0	102.000748	0.774834
6266	1000	0	1	0	0	0	0	0	0	0	0	0	0	0	0	0	28.00	25.75	2.619854	5.184909	4.602334	101.823181	0	101.929985	0.774834
6267	1000	0	1	0	0	0	0	0	0	0	0	0	0	0	0	0	28.00	25.75	2.620660	5.186521	4.612314	102.036285	0	101.965210	0.774834
6268	1000	3	3	1	0	1	0	0	1	0	0	0	0	0	0	0	28.00	25.75	2.615824	5.175239	4.602334	102.037590	0	101.966209	0.774834
6269	1000	0	0	0	0	0	0	0	0	0	0	0	0	0	0	0	28.00	25.75	2.616630	5.180074	4.603760	101.965874	0	101.930130	0.774834
6270	1000	0	0	0	0	0	0	0	0	0	0	0	0	0	0	0	28.00	25.75	2.617436	5.180074	4.603760	101.965874	0	101.894562	0.774834
6271	1000	1	1	1	0	0	0	0	0	0	0	0	0	0	0	0	28.00	25.75	2.619854	5.184909	4.608037	101.965370	0	101.751884	0.774834
6272	1000	1	0	1	0	0	0	0	0	0	0	0	0	0	0	0	28.00	25.75	2.619048	5.183297	4.588077	101.503273	0	102.108406	0.774834
6273	1000	0	1	1	0	0	0	0	0	0	0	0	0	0	0	0	28.00	25.75	2.618242	5.181685	4.609463	102.072418	0	102.001282	0.774834
6274	1000	0	0	1	0	0	0	0	0	0	0	0	0	0	0	0	28.00	25.75	2.618242	5.180074	4.605186	102.001457	0	101.787857	0.774834
6275	1000	0	0	0	0	0	0	0	0	0	0	0	0	0	0	0	28.00	25.75	2.617436	5.180074	4.603760	101.965874	0	101.930130	0.774834
6276	1000	1	0	1	0	0	0	0	0	0	0	0	0	0	0	0	28.00	25.75	2.619048	5.183297	4.606611	101.965538	0	101.929825	0.774834
6277	1000	1	0	2	0	0	0	0	0	0	0	0	0	0	0	0	28.00	25.75	2.617436	5.176850	4.608037	102.144218	0	102.288506	0.774834
6278	1000	1	1	0	0	1	0	0	0	0	0	0	0	0	0	0	28.00	25.75	2.620660	5.184909	4.585225	101.396591	0	101.894135	0.774834
6279	1000	1	0	0	0	0	0	0	0	0	0	0	0	0	0	0	28.00	25.75	2.619854	5.184909	4.610888	102.036476	0	101.858727	0.774834
6280	1000	0	1	1	0	0	0	0	0	0	0	0	0	0	0	0	28.00	25.75	2.617436	5.180074	4.600908	101.894714	0	101.858994	0.774834
6281	1000	0	0	0	0	0	0	0	0	0	0	0	0	0	0	0	28.00	25.75	2.618242	5.178462	4.580948	101.432152	0	102.073402	0.774834
6282	1000	0	0	0	0	0	0	0	0	0	0	0	0	0	0	0	28.00	25.75	2.617436	5.178462	4.602334	101.966034	0	101.930283	0.774834
6283	1000	1	0	0	0	0	0	0	0	0	0	0	0	0	0	0	28.00	26.00	2.619854	5.180074	4.603760	101.965874	0	102.001282	0.774834
6284	1000	0	1	0	0	0	0	0	0	0	0	0	0	0	0	0	28.00	25.75	2.620660	5.184909	4.606611	101.929825	0	101.787636	0.774834
6285	1000	1	0	0	0	0	0	0	0	0	0	0	0	0	0	0	28.00	26.00	2.619854	5.181685	4.608037	102.036835	0	101.752182	0.774834
6286	1000	1	2	0	0	1	0	0	0	0	0	0	0	0	0	0	28.00	25.75	2.619048	5.180074	4.608037	102.072617	0	102.108406	0.774834
6287	1000	0	1	0	0	0	0	0	0	0	0	0	0	0	0	0	28.00	25.75	2.619048	5.180074	4.583799	101.467728	0	101.787857	0.774834
6289	1000	0	2	1	0	0	0	0	1	0	0	0	0	0	0	0	28.00	26.00	2.620660	5.183297	4.609463	102.036667	0	101.894279	0.774834
6290	1000	0	1	0	0	0	0	0	0	0	0	0	0	0	0	0	28.00	26.00	2.621465	5.184909	4.608037	101.965370	0	101.929665	0.774834
6291	1000	0	0	1	0	0	0	0	0	0	0	0	0	0	0	0	28.00	26.00	2.620660	5.183297	5.792839	131.551163	0	102.001457	0.774834
6292	1000	0	0	0	0	0	0	0	0	0	0	0	0	0	0	0	28.00	26.00	2.619854	5.181685	4.609463	102.072418	0	102.036667	0.774834
6293	1000	0	0	2	0	0	0	0	0	0	0	0	0	0	0	0	28.00	25.75	2.618242	5.183297	4.603760	101.894417	0	101.858856	0.774834
6294	1000	0	0	0	0	0	0	0	0	0	0	0	0	0	0	0	28.00	25.75	2.620660	5.184909	4.600908	101.787636	0	101.894279	0.774834
6295	1000	1	0	0	0	0	0	0	0	0	0	0	0	0	0	0	28.00	25.75	2.619048	5.181685	4.606611	102.001282	0	101.858856	0.774834
6296	1000	1	1	0	0	0	0	0	0	0	0	0	0	0	0	0	28.00	25.75	2.618242	5.178462	4.586651	101.574524	0	101.467728	0.774834
6297	1000	0	0	0	0	0	0	0	0	0	0	0	0	0	0	0	28.00	25.75	2.619048	5.180074	4.606611	102.037033	0	102.037033	0.774834
6298	1000	1	1	0	0	1	0	0	0	0	0	0	0	0	0	0	28.00	26.00	2.619854	5.181685	4.608037	102.036835	0	101.965714	0.774834
6299	1000	0	0	0	0	0	0	0	0	0	0	0	0	0	0	0	28.00	26.00	2.622271	5.181685	4.608037	102.036835	0	102.001282	0.774834
6300	1000	1	0	1	0	0	1	0	0	0	0	0	0	0	0	0	28.00	26.00	2.621465	5.184909	4.593780	101.609894	0	101.930283	0.774834
6301	1000	0	0	0	0	0	0	0	0	0	0	0	0	0	0	0	28.00	26.00	2.620660	5.183297	4.606611	101.965538	0	101.929825	0.774834
6302	1000	0	1	1	0	0	0	0	1	0	0	0	0	0	0	0	28.00	25.75	2.619854	5.183297	4.606611	101.965538	0	101.965714	0.774834
6303	1000	0	0	2	0	0	0	0	0	0	0	0	0	0	0	0	28.00	26.00	2.619854	5.181685	4.583799	101.432152	0	101.858994	0.774834
6304	1000	1	2	0	0	0	0	0	0	0	0	0	0	0	0	0	28.00	26.00	2.619048	5.178462	4.603760	102.001625	0	101.894714	0.774834
6305	1000	0	0	0	0	0	0	0	0	0	0	0	0	0	0	0	28.00	26.00	2.619048	5.175239	4.589502	101.717064	0	102.073219	0.774834
6306	1000	0	0	0	0	0	0	0	0	0	0	0	0	0	0	0	28.00	25.75	2.618242	5.178462	4.608037	102.108406	0	101.930443	0.774834
6307	1000	2	1	1	0	0	0	0	0	0	0	0	0	0	0	0	28.00	26.00	2.621465	5.183297	4.610888	102.072220	0	101.965370	0.774834
6308	1000	0	1	0	0	0	0	0	0	0	0	0	0	0	0	0	28.00	26.00	2.621465	5.181685	4.608037	102.036835	0	102.036835	0.774834
6309	1000	0	0	0	0	0	0	0	0	0	0	0	0	0	0	0	28.00	26.00	2.619854	5.181685	4.586651	101.503288	0	102.144440	0.774834
6310	1000	0	1	0	0	0	0	0	0	0	0	0	0	0	0	0	28.00	25.75	2.619854	5.183297	4.608037	102.001099	0	102.107780	0.774834
6311	1000	1	0	0	0	0	0	0	0	0	0	0	0	0	0	0	28.00	25.75	2.622271	5.189744	4.613740	102.000397	0	102.072021	0.774834
6312	1000	1	1	2	0	0	0	0	1	0	0	0	0	0	0	0	28.00	26.00	2.620660	5.181685	4.606611	102.001282	0	102.001282	0.774834
6313	1000	0	0	0	0	0	0	0	0	0	0	0	0	0	0	0	28.00	26.00	2.619854	5.181685	4.605186	101.965714	0	102.001282	0.774834
6314	1000	0	0	0	0	0	0	0	0	0	0	0	0	0	0	0	28.00	26.00	2.619854	5.178462	4.606611	102.072815	0	101.681610	0.774834
6315	1000	0	2	0	0	0	0	0	0	0	0	0	0	0	0	0	28.00	26.00	2.619854	5.180074	4.610888	102.143791	0	102.072418	0.774834
6316	1000	2	0	0	0	0	0	0	0	0	0	0	0	0	0	0	28.00	26.00	2.620660	5.181685	4.612314	102.143555	0	102.143555	0.774834
6317	1000	0	1	0	0	0	0	0	0	0	0	0	0	0	0	0	28.00	26.00	2.624689	5.183297	4.613740	102.143333	0	102.072220	0.774834
6318	1000	1	1	0	0	1	0	0	0	0	0	0	0	0	0	0	28.00	26.00	2.620660	5.183297	4.595205	101.681068	0	102.143997	0.774834
6319	1000	0	0	1	0	0	0	0	0	0	0	0	0	0	0	0	28.00	26.00	2.619048	5.178462	4.610888	102.179604	0	102.143555	0.774834
6320	1000	0	1	1	0	0	0	0	0	0	0	0	0	0	0	0	28.00	26.00	2.621465	5.181685	4.613740	102.179123	0	102.000923	0.774834
6321	1000	3	0	0	0	0	0	0	0	0	0	0	0	0	0	0	28.00	26.00	2.621465	5.183297	4.613740	102.143333	0	102.072220	0.774834
6322	1000	1	1	1	0	1	0	0	0	0	0	0	0	0	0	0	28.00	26.00	2.619854	5.181685	4.608037	102.036835	0	102.072418	0.774834
6323	1000	1	0	1	0	0	0	0	0	0	0	0	0	0	0	0	28.00	26.00	2.620660	5.178462	5.838462	132.825012	0	102.215187	0.774834
6324	1000	1	0	1	0	0	0	0	0	0	0	0	0	0	0	0	28.00	25.75	2.619048	5.180074	4.609463	102.108192	0	102.072617	0.774834
6325	1000	2	0	0	0	0	0	0	0	0	0	0	0	0	0	0	28.00	25.75	2.618242	5.180074	4.606611	102.037033	0	102.107986	0.774834
6326	1000	2	2	1	0	1	0	0	0	0	0	0	0	0	0	0	28.00	25.75	2.620660	5.189744	4.610888	101.929367	0	102.000923	0.774834
6327	1000	0	1	0	0	0	0	0	0	0	0	0	0	0	0	0	28.00	26.00	2.621465	5.183297	4.616591	102.214455	0	101.965210	0.774834
6328	1000	0	2	0	0	0	0	0	0	0	0	0	0	0	0	0	28.00	26.00	2.619854	5.178462	4.612314	102.215187	0	102.143791	0.774834
6329	1000	0	1	2	0	0	0	0	0	0	0	0	0	0	0	0	28.00	26.00	2.621465	5.183297	4.612314	102.107780	0	102.214706	0.774834
6330	1000	0	0	0	0	0	0	0	0	0	0	0	0	0	0	0	28.00	26.00	2.621465	5.183297	4.613740	102.143333	0	102.036667	0.774834
6331	1000	0	0	0	0	0	0	0	0	0	0	0	0	0	0	0	28.50	26.00	2.621465	5.183297	4.610888	102.072220	0	102.036667	0.774834
6332	1000	0	0	0	0	0	0	0	0	0	0	0	0	0	0	0	28.50	26.00	2.622271	5.181685	4.595205	101.716705	0	102.143997	0.774834
6333	1000	1	0	0	0	0	0	0	0	0	0	0	0	0	0	0	28.50	26.00	2.619854	5.178462	4.613740	102.250778	0	101.965714	0.774834
6334	1000	1	1	0	0	1	0	0	0	0	0	0	0	0	0	0	28.50	25.75	2.619854	5.183297	4.613740	102.143333	0	102.072021	0.774834
6335	1000	0	1	2	0	0	0	0	1	0	0	0	0	0	0	0	28.00	26.00	2.622271	5.181685	4.609463	102.072418	0	102.143333	0.774834
6336	1000	0	0	1	0	0	0	0	0	0	0	0	0	0	0	0	28.50	26.00	2.620660	5.180074	4.609463	102.108192	0	102.072418	0.774834
6337	1000	1	0	2	0	0	0	0	0	0	0	0	0	0	0	0	28.00	25.75	2.616630	5.175239	4.609463	102.215675	0	102.037590	0.774834
6338	1000	1	0	1	0	0	0	0	0	0	0	0	0	0	0	0	28.50	26.00	2.621465	5.183297	4.613740	102.143333	0	101.965538	0.774834
6339	1000	3	0	2	0	0	1	0	0	0	0	0	0	0	0	0	28.50	26.00	2.620660	5.181685	4.610888	102.107986	0	102.072418	0.774834
6340	1000	0	1	0	0	0	0	0	0	0	0	0	0	0	0	0	28.50	26.00	2.621465	5.181685	4.615166	102.214706	0	102.072220	0.774834
6341	1000	1	1	0	0	0	0	0	0	0	0	0	0	0	0	0	28.50	26.00	2.622271	5.180074	4.599483	101.859131	0	102.179359	0.774834
6342	1000	3	3	0	0	1	0	0	0	0	0	0	0	0	0	0	28.50	26.00	2.621465	5.181685	4.616591	102.250275	0	102.214706	0.774834
6343	1000	2	1	1	0	0	0	0	0	0	0	0	0	0	0	0	28.50	26.00	2.619854	5.178462	4.609463	102.143997	0	102.108192	0.774834
6344	1000	0	1	0	0	0	0	0	0	0	0	0	0	0	0	0	28.50	26.00	2.621465	5.181685	4.608037	102.036835	0	102.108192	0.774834
6345	1000	1	0	1	0	0	0	0	0	0	0	0	0	0	0	0	28.50	26.00	2.623077	5.184909	4.616591	102.178665	0	102.107567	0.774834
6346	1000	0	1	1	0	0	0	0	1	0	0	0	0	0	0	0	28.50	26.00	2.619048	5.176850	4.610888	102.215431	0	102.179825	0.774834
6347	1000	1	2	2	0	1	0	0	0	0	0	0	0	0	0	0	28.50	26.00	2.619854	5.176850	4.609463	102.179825	0	102.179604	0.774834
6348	1000	0	1	2	0	0	0	0	0	0	0	0	0	0	0	0	28.50	26.00	2.621465	5.180074	4.612314	102.179359	0	101.965714	0.774834
6349	1000	0	1	0	0	0	0	0	0	0	0	0	0	0	0	0	28.00	26.00	2.619854	5.176850	4.612314	102.251038	0	102.037033	0.774834
6350	1000	0	2	0	0	0	0	0	0	0	0	0	0	0	0	0	28.50	26.00	2.620660	5.180074	4.590928	101.645638	0	102.215912	0.774834
6351	1000	3	3	0	0	2	0	0	0	0	0	0	0	0	0	0	28.50	26.00	2.621465	5.180074	4.612314	102.179359	0	102.214706	0.774834
6352	1000	0	0	0	0	0	0	0	0	0	0	0	0	0	0	0	28.50	26.00	2.624689	5.181685	4.613740	102.179123	0	102.107780	0.774834
6353	1000	0	0	1	0	0	0	0	0	0	0	0	0	0	0	0	28.50	26.00	2.623077	5.183297	4.609463	102.036667	0	102.107780	0.774834
6354	1000	0	0	0	0	0	0	0	0	0	0	0	0	0	0	0	28.50	26.00	2.623077	5.183297	4.619443	102.285568	0	102.178665	0.774834
6355	1000	2	2	0	0	1	0	0	0	0	0	0	0	0	0	0	28.50	26.00	2.621465	5.180074	4.613740	102.214935	0	102.250778	0.774834
6356	1000	0	2	0	0	0	0	0	0	0	0	0	0	0	0	0	28.50	26.00	2.623077	5.183297	4.593780	101.645508	0	102.107567	0.774834
6357	1000	0	3	1	0	0	0	0	0	0	0	0	0	0	0	0	28.50	26.00	2.621465	5.180074	4.612314	102.179359	0	102.107986	0.774834
6358	1000	1	2	0	0	1	0	0	0	0	0	0	0	0	0	0	28.50	26.00	2.619854	5.178462	4.612314	102.215187	0	102.037231	0.774834
6359	1000	0	1	0	0	0	0	0	0	0	0	0	0	0	0	0	28.50	26.00	2.621465	5.178462	4.596631	101.823662	0	102.251297	0.774834
6360	1000	0	1	0	0	0	0	0	0	0	0	0	0	0	0	0	28.00	26.00	2.619854	5.176850	4.603760	102.037415	0	102.108406	0.774834
6361	1000	0	0	0	0	0	0	0	0	0	0	0	0	0	0	0	28.50	26.00	2.620660	5.178462	4.610888	102.179604	0	102.179604	0.774834
6362	1000	0	0	0	0	0	0	0	0	0	0	0	0	0	0	0	28.50	26.00	2.620660	5.178462	4.608037	102.108406	0	102.143997	0.774834
6363	1000	1	2	1	0	0	0	0	1	0	0	0	0	0	0	0	28.50	26.00	2.621465	5.181685	4.610888	102.107986	0	102.143555	0.774834
6364	1000	0	0	0	0	0	0	0	0	0	0	0	0	0	0	0	28.50	26.00	2.620660	5.176850	4.609463	102.179825	0	102.286629	0.774834
6365	1000	0	0	0	0	0	0	0	0	0	0	0	0	0	0	0	28.50	26.00	2.621465	5.181685	4.600908	101.858994	0	102.072418	0.774834
6366	1000	0	0	0	0	0	0	0	0	0	0	0	0	0	0	0	28.50	26.00	2.622271	5.183297	4.612314	102.107780	0	102.143555	0.774834
6367	1000	1	3	0	0	1	0	0	0	0	0	0	0	0	0	0	28.50	26.00	2.621465	5.181685	4.613740	102.179123	0	102.036667	0.774834
6368	1000	0	0	1	0	0	0	0	0	0	0	0	0	0	0	0	28.50	26.00	2.621465	5.184909	4.590928	101.538795	0	102.108612	0.774834
6369	1000	0	0	1	0	0	0	0	0	0	0	0	0	0	0	0	28.50	26.00	2.621465	5.180074	4.608037	102.072617	0	102.107986	0.774834
6370	1000	1	0	0	0	0	0	0	0	0	0	0	0	0	0	0	28.50	26.00	2.623883	5.183297	4.613740	102.143333	0	102.072021	0.774834
6371	1000	0	0	0	0	0	0	0	0	0	0	0	0	0	0	0	28.50	26.00	2.623077	5.184909	4.596631	101.680977	0	102.072021	0.774834
6372	1000	0	0	1	0	0	0	0	0	0	0	0	0	0	0	0	28.50	26.00	2.621465	5.181685	4.613740	102.179123	0	102.178902	0.774834
6373	1000	0	1	0	0	0	0	0	0	0	0	0	0	0	0	0	28.50	26.00	2.619854	5.176850	4.590928	101.716965	0	101.610054	0.774834
6374	1000	0	0	0	0	0	0	0	0	0	0	0	0	0	0	0	28.50	26.00	2.620660	5.178462	4.609463	102.143997	0	102.108192	0.774834
6375	1000	2	1	0	0	1	0	0	0	0	0	0	0	0	0	0	28.00	26.00	2.622271	5.181685	4.615166	102.214706	0	102.143555	0.774834
6376	1000	0	0	0	0	0	0	0	0	0	0	0	0	0	0	0	28.50	26.00	2.624689	5.181685	4.613740	102.179123	0	102.143333	0.774834
6377	1000	0	0	0	0	0	0	0	0	0	0	0	0	0	0	0	28.50	26.00	2.621465	5.183297	4.590928	101.574387	0	102.144218	0.774834
6378	1000	0	0	0	0	0	0	0	0	0	0	0	0	0	0	0	28.50	26.00	2.620660	5.180074	4.613740	102.214935	0	102.143791	0.774834
6379	1000	0	0	0	0	0	0	0	0	0	0	0	0	0	0	0	28.50	26.00	2.621465	5.180074	4.612314	102.179359	0	101.965714	0.774834
6380	1000	0	0	0	0	0	0	0	0	0	0	0	0	0	0	0	28.50	26.00	2.622271	5.181685	4.609463	102.072418	0	102.178902	0.774834
6381	1000	0	0	0	0	0	0	0	0	0	0	0	0	0	0	0	28.50	26.00	2.621465	5.180074	4.613740	102.214935	0	102.214455	0.774834
6382	1000	0	0	1	0	0	0	0	0	0	0	0	0	0	0	0	28.50	26.00	2.622271	5.180074	4.596631	101.787956	0	101.574333	0.774834
6383	1000	0	0	0	0	0	0	0	0	0	0	0	0	0	0	0	28.50	26.00	2.622271	5.181685	4.615166	102.214706	0	102.143333	0.774834
6384	1000	1	0	2	0	0	0	0	0	0	0	0	0	0	0	0	28.00	26.00	2.622271	5.183297	4.613740	102.143333	0	102.214706	0.774834
6385	1000	1	0	0	0	0	0	0	0	0	0	0	0	0	0	0	28.50	26.00	2.622271	5.181685	4.615166	102.214706	0	102.143333	0.774834
6386	1000	1	1	0	0	1	0	0	0	0	0	0	0	0	0	0	28.50	26.00	2.620660	5.180074	4.590928	101.645638	0	102.215675	0.774834
6387	1000	0	0	2	0	0	0	0	0	0	0	0	0	0	0	0	28.00	26.00	2.619854	5.178462	4.610888	102.179604	0	102.108192	0.774834
6388	1000	0	0	0	0	0	0	0	0	0	0	0	0	0	0	0	28.50	26.00	2.620660	5.181685	4.610888	102.107986	0	102.215187	0.774834
6389	1000	0	0	0	0	0	0	0	0	0	0	0	0	0	0	0	28.50	26.00	2.620660	5.178462	4.590928	101.681290	0	102.143791	0.774834
6390	1000	2	0	2	0	0	0	0	0	0	0	0	0	0	0	0	28.50	26.00	2.619854	5.180074	4.612314	102.179359	0	102.143791	0.774834
6391	1000	0	0	1	0	0	0	0	0	0	0	0	0	0	0	0	28.00	26.00	2.618242	5.173627	4.598057	101.966537	0	101.823921	0.774834
6392	1000	0	0	0	0	0	0	0	0	0	0	0	0	0	0	0	28.50	26.00	2.618242	5.176850	4.609463	102.179825	0	102.144218	0.774834
6393	1000	0	1	1	0	0	0	0	0	0	0	0	0	0	0	0	28.50	26.00	2.621465	5.181685	4.610888	102.107986	0	102.107986	0.774834
6394	1000	1	1	0	0	0	0	0	0	0	0	0	0	0	0	0	28.50	26.00	2.623077	5.180074	4.613740	102.214935	0	102.072418	0.774834
6395	1000	1	0	0	0	0	0	0	0	0	0	0	0	0	0	0	28.50	26.00	2.619854	5.178462	4.592354	101.716896	0	102.251541	0.774834
6396	1000	1	0	0	0	0	0	0	0	0	0	0	0	0	0	0	28.50	26.00	2.619854	5.180074	4.613740	102.214935	0	102.036835	0.774834
6397	1000	1	1	2	0	1	0	0	0	0	0	0	0	0	0	0	28.00	26.00	2.621465	5.178462	4.612314	102.215187	0	102.214935	0.774834
6398	1000	0	1	0	0	0	0	0	0	0	0	0	0	0	0	0	28.50	26.00	2.620660	5.180074	4.613740	102.214935	0	102.001457	0.774834
6399	1000	2	1	0	0	1	0	0	0	0	0	0	0	0	0	0	28.50	26.00	2.619854	5.181685	4.610888	102.107986	0	102.036667	0.774834
6400	1000	0	0	0	0	0	0	0	0	0	0	0	0	0	0	0	28.50	26.00	2.620660	5.180074	4.663641	103.460304	0	102.179825	0.774834
6401	1000	0	1	0	0	0	0	0	0	0	0	0	0	0	0	0	28.00	26.00	2.619048	5.178462	4.612314	102.215187	0	102.001625	0.774834
6402	1000	0	0	1	0	0	0	0	0	0	0	0	0	0	0	0	28.00	26.00	2.619048	5.176850	4.606611	102.108612	0	102.073021	0.774834
6403	1000	0	0	1	0	0	0	0	0	0	0	0	0	0	0	0	28.00	26.00	2.619854	5.170403	4.612314	102.394646	0	101.965874	0.774834
6404	1000	0	1	1	0	0	0	0	1	0	0	0	0	0	0	0	28.50	26.00	2.619854	5.178462	4.613740	102.250778	0	102.179359	0.774834
6405	1000	1	1	2	0	0	0	0	0	0	0	0	0	0	0	0	28.50	26.00	2.616630	5.172015	4.609463	102.287430	0	102.144676	0.774834
6406	1000	0	1	1	0	0	0	0	0	0	0	0	0	0	0	0	28.50	26.00	2.621465	5.181685	4.612314	102.143555	0	102.072220	0.774834
6407	1000	1	2	0	0	1	0	0	0	0	0	0	0	0	0	0	28.00	26.00	2.621465	5.181685	4.610888	102.107986	0	102.143555	0.774834
6408	1000	0	0	1	0	0	0	0	0	0	0	0	0	0	0	0	28.50	26.00	2.619854	5.178462	4.612314	102.215187	0	102.179604	0.774834
6409	1000	0	0	0	0	0	0	0	0	0	0	0	0	0	0	0	28.50	26.00	2.619854	5.178462	4.586651	101.574524	0	102.287170	0.774834
6410	1000	0	5	1	0	0	0	0	0	0	0	0	0	0	0	0	28.50	26.00	2.619048	5.178462	4.609463	102.143997	0	102.250778	0.774834
6411	1000	0	0	1	0	0	0	0	0	0	0	0	0	0	0	0	28.50	25.75	2.617436	5.176850	4.606611	102.108612	0	102.144218	0.774834
6412	1000	0	1	0	0	0	0	0	0	0	0	0	0	0	0	0	28.00	26.00	2.619854	5.176850	4.605186	102.073021	0	102.072815	0.774834
6413	1000	0	2	1	0	0	0	0	0	0	0	0	0	0	0	0	28.50	26.00	2.620660	5.180074	4.612314	102.179359	0	102.036835	0.774834
6414	1000	0	1	1	0	0	0	0	0	0	0	0	0	0	0	0	28.50	26.00	2.616630	5.170403	4.606611	102.252060	0	102.037788	0.774834
6415	1000	1	0	0	0	0	0	0	0	0	0	0	0	0	0	0	28.00	26.00	2.619854	5.178462	4.608037	102.108406	0	102.037033	0.774834
6416	1000	0	0	0	0	0	0	0	0	0	0	0	0	0	0	0	28.50	26.00	2.619854	5.178462	4.610888	102.179604	0	102.037033	0.774834
6417	1000	0	1	2	0	0	0	0	0	0	0	0	0	0	0	0	28.00	26.00	2.619854	5.180074	4.612314	102.179359	0	102.001282	0.774834
6418	1000	0	0	1	0	0	0	0	0	0	0	0	0	0	0	0	28.50	26.00	2.622271	5.181685	4.590928	101.609993	0	102.215187	0.774834
6419	1000	0	0	1	0	0	0	0	0	0	0	0	0	0	0	0	28.50	26.00	2.619854	5.180074	4.609463	102.108192	0	102.108192	0.774834
6420	1000	1	0	2	0	0	0	0	0	0	0	0	0	0	0	0	28.00	25.75	2.617436	5.178462	4.609463	102.143997	0	102.072617	0.774834
6421	1000	0	0	0	0	0	0	0	0	0	0	0	0	0	0	0	28.50	26.00	2.619854	5.178462	4.609463	102.143997	0	102.143791	0.774834
6422	1000	2	2	0	0	2	0	0	0	0	0	0	0	0	0	0	28.50	26.00	2.619854	5.178462	4.608037	102.108406	0	102.143791	0.774834
6423	1000	2	2	0	0	1	0	0	0	0	0	0	0	0	0	0	28.00	26.00	2.618242	5.173627	4.609463	102.251541	0	102.251541	0.774834
6424	1000	0	0	0	0	0	0	0	0	0	0	0	0	0	0	0	28.50	26.00	2.619854	5.178462	4.589502	101.645706	0	102.143997	0.774834
6425	1000	0	1	1	0	0	0	0	0	0	0	0	0	0	0	0	28.50	26.00	2.619854	5.178462	4.612314	102.215187	0	101.894714	0.774834
6426	1000	1	1	0	0	1	0	0	0	0	0	0	0	0	0	0	28.50	26.00	2.621465	5.181685	4.612314	102.143555	0	102.107780	0.774834
6427	1000	1	0	0	0	0	0	0	0	0	0	0	0	0	0	0	28.00	26.00	2.621465	5.180074	4.543878	100.471443	0	102.108612	0.774834
6428	1000	0	2	0	0	0	0	0	0	0	0	0	0	0	0	0	28.50	26.00	2.619854	5.178462	4.613740	102.250778	0	102.143791	0.774834
6429	1000	2	1	3	0	1	0	0	0	0	0	0	0	0	0	0	28.50	25.75	2.614213	5.175239	4.605186	102.108833	0	102.073021	0.774834
6430	1000	1	1	0	0	0	0	0	0	0	0	0	0	0	0	0	28.50	26.00	2.620660	5.180074	4.609463	102.108192	0	102.107986	0.774834
6431	1000	0	0	1	0	0	0	0	0	0	0	0	0	0	0	0	28.50	26.00	2.621465	5.181685	4.610888	102.107986	0	101.965538	0.774834
6432	1000	0	0	0	0	0	0	0	0	0	0	0	0	0	0	0	28.50	26.00	2.619854	5.176850	4.592354	101.752586	0	102.395248	0.774834
6433	1000	0	1	0	0	0	0	0	0	0	0	0	0	0	0	0	28.50	26.00	2.620660	5.178462	4.592354	101.716896	0	102.108192	0.774834
6434	1000	0	0	1	0	0	0	0	0	0	0	0	0	0	0	0	28.50	26.00	2.619854	5.178462	4.606611	102.072815	0	102.179825	0.774834
6435	1000	0	0	1	0	0	0	0	0	0	0	0	0	0	0	0	28.50	26.00	2.619854	5.180074	4.608037	102.072617	0	102.072617	0.774834
6436	1000	1	0	1	0	0	0	0	0	0	0	0	0	0	0	0	28.50	26.00	2.619048	5.176850	4.570968	101.218529	0	102.180763	0.774834
6437	1000	1	0	0	0	0	0	0	0	0	0	0	0	0	0	0	28.50	26.00	2.619048	5.175239	4.605186	102.108833	0	102.179825	0.774834
6438	1000	1	1	1	0	1	0	0	0	0	0	0	0	0	0	0	28.50	26.00	2.620660	5.172015	4.613740	102.394348	0	102.072617	0.774834
6439	1000	0	0	1	0	0	0	0	0	0	0	0	0	0	0	0	28.00	26.00	2.620660	5.178462	4.608037	102.108406	0	102.072815	0.774834
6440	1000	0	1	0	0	0	0	0	0	0	0	0	0	0	0	0	28.50	26.00	2.618242	5.175239	4.609463	102.215675	0	101.930443	0.774834
6441	1000	1	2	0	0	0	0	0	0	0	0	0	0	0	0	0	28.50	26.00	2.618242	5.173627	4.608037	102.215912	0	102.323914	0.774834
6442	1000	0	0	0	0	0	0	0	0	0	0	0	0	0	0	0	28.50	26.00	2.619048	5.176850	4.586651	101.610161	0	102.144218	0.774834
6443	1000	1	2	0	0	1	0	0	0	0	0	0	0	0	0	0	28.00	26.00	2.619048	5.176850	4.609463	102.179825	0	102.144218	0.774834
6444	1000	1	2	2	0	0	1	0	0	0	0	0	0	0	0	0	28.50	25.75	2.617436	5.178462	4.613740	102.250778	0	102.215187	0.774834
6445	1000	0	0	0	0	0	0	0	0	0	0	0	0	0	0	0	28.00	26.00	2.619048	5.178462	4.505383	99.545731	0	102.180527	0.774834
6446	1000	0	0	0	0	0	0	0	0	0	0	0	0	0	0	0	28.50	26.00	2.618242	5.176850	4.606611	102.108612	0	102.072815	0.774834
6447	1000	2	0	0	0	0	0	0	0	0	0	0	0	0	0	0	28.00	26.00	2.619048	5.173627	4.606611	102.180298	0	102.108406	0.774834
6448	1000	1	0	0	0	0	0	0	0	0	0	0	0	0	0	0	28.50	26.00	2.618242	5.176850	4.606611	102.108612	0	102.001801	0.774834
6449	1000	0	1	0	0	0	0	0	0	0	0	0	0	0	0	0	28.50	26.00	2.619048	5.176850	4.605186	102.073021	0	102.072815	0.774834
6450	1000	1	0	1	0	0	0	0	0	0	0	0	0	0	0	0	28.50	26.00	2.619854	5.178462	4.605186	102.037231	0	101.681374	0.774834
6451	1000	1	1	2	0	0	0	0	1	0	0	0	0	0	0	0	28.00	26.00	2.619048	5.176850	4.608037	102.144218	0	102.072815	0.774834
6452	1000	1	0	0	0	0	0	0	0	0	0	0	0	0	0	0	28.50	26.00	2.619854	5.180074	4.608037	102.072617	0	102.108406	0.774834
6453	1000	0	0	0	0	0	0	0	0	0	0	0	0	0	0	0	28.50	26.00	2.621465	5.180074	4.608037	102.072617	0	102.036835	0.774834
6454	1000	0	0	1	0	0	0	0	0	0	0	0	0	0	0	0	28.00	26.00	2.619048	5.178462	4.523918	100.008438	0	102.180298	0.774834
6455	1000	3	2	0	0	1	0	0	0	0	0	0	0	0	0	0	28.50	26.00	2.617436	5.175239	4.606611	102.144440	0	102.108833	0.774834
6456	1000	0	1	0	0	0	0	0	0	0	0	0	0	0	0	0	28.00	26.00	2.619854	5.175239	4.605186	102.108833	0	102.108406	0.774834
6457	1000	0	0	0	0	0	0	0	0	0	0	0	0	0	0	0	28.00	26.00	2.619048	5.178462	4.612314	102.215187	0	101.966034	0.774834
6458	1000	2	0	0	0	0	0	0	0	0	0	0	0	0	0	0	28.50	26.00	2.619048	5.178462	4.603760	102.001625	0	102.073021	0.774834
6459	1000	1	0	1	0	0	1	0	0	0	0	0	0	0	0	0	28.00	26.00	2.620660	5.178462	4.635127	102.784676	0	102.073021	0.774834
6460	1000	1	0	0	0	0	0	0	0	0	0	0	0	0	0	0	28.50	26.00	2.619854	5.178462	4.608037	102.108406	0	102.037231	0.774834
6461	1000	0	1	1	0	0	0	0	1	0	0	0	0	0	0	0	28.00	26.00	2.618242	5.176850	4.608037	102.144218	0	102.144218	0.774834
6462	1000	2	2	0	0	0	0	0	0	0	0	0	0	0	0	0	28.00	26.00	2.619048	5.170403	4.603760	102.180763	0	102.037415	0.774834
6463	1000	0	0	1	0	0	0	0	0	0	0	0	0	0	0	0	28.00	26.00	2.619048	5.176850	4.589502	101.681374	0	102.251785	0.774834
6464	1000	0	1	1	0	0	0	0	0	0	0	0	0	0	0	0	28.00	26.00	2.618242	5.175239	4.608037	102.180061	0	102.073021	0.774834
6465	1000	0	0	0	0	0	0	0	0	0	0	0	0	0	0	0	28.00	26.00	2.619048	5.178462	4.605186	102.037231	0	102.108406	0.774834
6466	1000	1	1	0	0	1	0	0	0	0	0	0	0	0	0	0	28.50	26.00	2.619048	5.176850	4.599483	101.930603	0	102.037231	0.774834
6467	1000	0	1	2	0	0	0	0	0	0	0	0	0	0	0	0	28.00	26.00	2.619854	5.178462	4.606611	102.072815	0	102.108192	0.774834
6468	1000	0	1	1	0	0	0	0	1	0	0	0	0	0	0	0	28.50	26.00	2.618242	5.176850	4.592354	101.752586	0	102.180061	0.774834
6469	1000	0	0	0	0	0	0	0	0	0	0	0	0	0	0	0	28.00	26.00	2.619048	5.178462	4.609463	102.143997	0	102.037231	0.774834
6470	1000	0	0	0	0	0	0	0	0	0	0	0	0	0	0	0	28.50	26.00	2.619048	5.178462	4.609463	102.143997	0	102.072617	0.774834
6471	1000	1	0	1	0	0	1	0	0	0	0	0	0	0	0	0	28.00	26.00	2.618242	5.170403	4.609463	102.323341	0	102.108612	0.774834
6472	1000	0	2	2	0	0	0	0	1	0	0	0	0	0	0	0	28.00	26.00	2.617436	5.175239	4.606611	102.144440	0	102.001801	0.774834
6473	1000	0	0	2	0	0	0	0	0	0	0	0	0	0	0	0	28.00	26.00	2.615019	5.163957	4.600908	102.253082	0	102.144890	0.774834
6474	1000	2	3	3	0	1	1	0	1	0	0	0	0	0	0	0	28.50	26.00	2.619048	5.178462	4.612314	102.215187	0	102.037231	0.774834
6475	1000	1	0	0	0	0	0	0	0	0	0	0	0	0	0	0	28.00	26.00	2.620660	5.181685	4.612314	102.143555	0	102.214706	0.774834
6476	1000	1	0	1	0	0	1	0	0	0	0	0	0	0	0	0	28.00	26.00	2.619048	5.176850	4.608037	102.144218	0	102.072815	0.774834
6477	1000	1	1	0	0	0	0	0	0	0	0	0	0	0	0	0	28.50	26.00	2.619048	5.176850	4.593780	101.788193	0	102.216156	0.774834
6478	1000	0	0	1	0	0	0	0	0	0	0	0	0	0	0	0	28.00	26.00	2.619048	5.178462	4.608037	102.108406	0	102.108406	0.774834
6479	1000	0	0	0	0	0	0	0	0	0	0	0	0	0	0	0	28.00	25.75	2.617436	5.176850	4.610888	102.215431	0	101.930283	0.774834
6480	1000	1	1	3	0	0	0	0	0	0	0	0	0	0	0	0	28.50	25.75	2.619048	5.180074	4.603760	101.965874	0	102.037231	0.774834
6481	1000	0	0	1	0	0	0	0	0	0	0	0	0	0	0	0	28.00	26.00	2.619048	5.178462	4.609463	102.143997	0	102.037231	0.774834
6482	1000	1	0	1	0	0	0	0	0	0	0	0	0	0	0	0	28.00	26.00	2.617436	5.173627	4.608037	102.215912	0	102.215675	0.774834
6483	1000	2	3	0	0	2	0	0	0	0	0	0	0	0	0	0	28.00	26.00	2.618242	5.176850	4.606611	102.108612	0	102.144218	0.774834
6484	1000	2	0	0	0	0	0	0	0	0	0	0	0	0	0	0	28.50	26.00	2.618242	5.176850	4.608037	102.144218	0	102.001801	0.774834
6485	1000	0	0	0	0	0	0	0	0	0	0	0	0	0	0	0	28.00	26.00	2.618242	5.175239	4.608037	102.180061	0	102.073021	0.774834
6486	1000	0	0	0	0	0	0	0	0	0	0	0	0	0	0	0	28.00	26.00	2.618242	5.175239	4.588077	101.681458	0	102.037788	0.774834
6487	1000	1	0	1	0	0	0	0	0	0	0	0	0	0	0	0	28.00	25.75	2.617436	5.176850	4.606611	102.108612	0	102.073021	0.774834
6488	1000	0	1	1	0	0	0	0	0	0	0	0	0	0	0	0	28.00	26.00	2.618242	5.175239	4.610888	102.251297	0	102.072815	0.774834
6489	1000	0	0	1	0	0	0	0	0	0	0	0	0	0	0	0	28.00	26.00	2.619854	5.175239	4.613740	102.322517	0	102.037033	0.774834
6490	1000	1	0	0	0	0	0	0	0	0	0	0	0	0	0	0	28.00	26.00	2.620660	5.180074	4.612314	102.179359	0	102.143791	0.774834
6491	1000	1	2	1	0	0	0	0	0	0	0	0	0	0	0	0	28.00	26.00	2.616630	5.170403	4.608037	102.287704	0	102.215912	0.774834
6492	1000	0	1	0	0	0	0	0	0	0	0	0	0	0	0	0	28.50	26.00	2.616630	5.173627	4.602334	102.073402	0	102.215912	0.774834
6493	1000	1	1	1	0	0	0	0	0	0	0	0	0	0	0	0	28.00	26.00	2.620660	5.180074	4.606611	102.037033	0	102.072617	0.774834
6494	1000	1	2	1	0	0	0	0	0	0	0	0	0	0	0	0	28.00	26.00	2.618242	5.176850	4.606611	102.108612	0	102.144218	0.774834
6495	1000	0	0	1	0	0	0	0	0	0	0	0	0	0	0	0	28.00	26.00	2.620660	5.176850	4.625146	102.571465	0	102.215912	0.774834
6496	1000	1	0	1	0	0	0	0	0	0	0	0	0	0	0	0	28.00	26.00	2.619048	5.178462	4.608037	102.108406	0	102.108612	0.774834
6497	1000	0	0	0	0	0	0	0	0	0	0	0	0	0	0	0	28.50	26.00	2.619854	5.178462	4.608037	102.108406	0	102.072617	0.774834
6498	1000	0	0	0	0	0	0	0	0	0	0	0	0	0	0	0	28.50	26.00	2.619854	5.180074	4.610888	102.143791	0	102.143791	0.774834
6499	1000	1	1	1	0	1	0	0	0	0	0	0	0	0	0	0	28.50	26.00	2.618242	5.175239	4.605186	102.108833	0	102.037415	0.774834
6500	1000	1	0	0	0	0	0	0	0	0	0	0	0	0	0	0	28.50	26.00	2.618242	5.173627	4.605186	102.144676	0	102.216156	0.774834
6501	1000	0	0	2	0	0	0	0	0	0	0	0	0	0	0	0	28.00	26.00	2.619048	5.176850	4.585225	101.574562	0	102.143997	0.774834
6502	1000	0	1	0	0	0	0	0	0	0	0	0	0	0	0	0	28.00	26.00	2.620660	5.180074	4.610888	102.143791	0	102.108192	0.774834
6503	1000	0	0	0	0	0	0	0	0	0	0	0	0	0	0	0	28.00	25.75	2.619048	5.180074	4.609463	102.108192	0	102.072418	0.774834
6504	1000	0	1	0	0	0	0	0	0	0	0	0	0	0	0	0	28.50	26.00	2.619854	5.178462	4.602334	101.966034	0	102.215912	0.774834
6505	1000	0	0	0	0	0	0	0	0	0	0	0	0	0	0	0	28.50	26.00	2.618242	5.175239	4.609463	102.215675	0	101.966034	0.774834
6506	1000	0	0	0	0	0	0	0	0	0	0	0	0	0	0	0	28.00	26.00	2.619854	5.176850	4.608037	102.144218	0	102.037231	0.774834
6507	1000	3	1	0	0	1	0	0	0	0	0	0	0	0	0	0	28.00	26.00	2.619854	5.176850	4.603760	102.037415	0	102.001457	0.774834
6508	1000	0	0	1	0	0	0	0	0	0	0	0	0	0	0	0	28.50	26.00	2.618242	5.175239	4.602334	102.037590	0	102.073021	0.774834
6509	1000	0	1	1	0	0	0	0	0	0	0	0	0	0	0	0	28.50	26.00	2.617436	5.170403	4.579522	101.574730	0	102.002701	0.774834
6510	1000	0	1	0	0	0	0	0	0	0	0	0	0	0	0	0	28.50	26.00	2.618242	5.176850	4.592354	101.752586	0	101.966034	0.774834
6511	1000	0	1	0	0	0	0	0	0	0	0	0	0	0	0	0	28.50	26.00	2.619048	5.175239	4.605186	102.108833	0	102.037415	0.774834
6512	1000	1	0	1	0	0	0	0	0	0	0	0	0	0	0	0	28.00	26.00	2.617436	5.175239	4.606611	102.144440	0	102.108612	0.774834
6513	1000	2	2	3	0	1	0	0	1	0	0	0	0	0	0	0	28.00	25.75	2.618242	5.178462	4.548155	100.613510	0	102.109245	0.774834
6514	1000	1	0	1	0	0	0	0	0	0	0	0	0	0	0	0	28.00	26.00	2.616630	5.173627	4.608037	102.215912	0	102.002167	0.774834
6515	1000	1	0	1	0	0	0	0	0	0	0	0	0	0	0	0	28.00	26.00	2.619048	5.170403	4.608037	102.287704	0	102.072815	0.774834
6517	1000	1	1	2	0	1	0	0	0	0	0	0	0	0	0	0	28.00	26.00	2.619048	5.178462	4.603760	102.001625	0	102.108406	0.774834
6518	1000	0	0	0	0	0	0	0	0	0	0	0	0	0	0	0	28.00	26.00	2.619048	5.176850	4.605186	102.073021	0	102.072617	0.774834
6519	1000	1	2	1	0	0	0	0	0	0	0	0	0	0	0	0	28.00	26.00	2.617436	5.172015	4.612314	102.358704	0	102.144890	0.774834
6520	1000	0	0	0	0	0	0	0	0	0	0	0	0	0	0	0	28.00	25.75	2.618242	5.178462	4.605186	102.037231	0	102.072815	0.774834
6521	1000	0	0	2	0	0	0	0	0	0	0	0	0	0	0	0	28.50	26.00	2.619048	5.178462	4.608037	102.108406	0	102.143997	0.774834
6522	1000	1	1	0	0	1	0	0	0	0	0	0	0	0	0	0	28.00	25.75	2.615824	5.173627	4.606611	102.180298	0	102.108833	0.774834
6523	1000	0	1	0	0	0	0	0	0	0	0	0	0	0	0	0	28.00	25.75	2.617436	5.176850	4.573819	101.289726	0	102.109245	0.774834
6524	1000	1	1	0	0	0	0	0	0	0	0	0	0	0	0	0	28.00	26.00	2.617436	5.173627	4.602334	102.073402	0	102.073219	0.774834
6525	1000	1	1	0	0	0	0	0	0	0	0	0	0	0	0	0	28.00	26.00	2.617436	5.170403	4.605186	102.216408	0	102.108612	0.774834
6526	1000	0	0	0	0	0	0	0	0	0	0	0	0	0	0	0	28.00	26.00	2.617436	5.175239	4.582374	101.539001	0	102.144218	0.774834
6527	1000	1	1	2	0	0	0	0	0	0	0	0	0	0	0	0	28.00	26.00	2.617436	5.175239	4.606611	102.144440	0	102.108833	0.774834
6528	1000	1	1	0	0	0	0	0	0	0	0	0	0	0	0	0	28.00	26.00	2.618242	5.172015	4.599483	102.037987	0	102.216156	0.774834
6529	1000	1	0	0	0	0	0	0	0	0	0	0	0	0	0	0	28.00	26.00	2.618242	5.176850	4.605186	102.073021	0	102.108406	0.774834
6530	1000	0	0	0	0	0	0	0	0	0	0	0	0	0	0	0	28.00	25.75	2.618242	5.178462	4.609463	102.143997	0	102.144218	0.774834
6531	1000	0	1	0	0	0	0	0	0	0	0	0	0	0	0	0	28.00	26.00	2.618242	5.170403	4.606611	102.252060	0	102.037415	0.774834
6532	1000	0	0	0	0	0	0	0	0	0	0	0	0	0	0	0	28.00	26.00	2.617436	5.175239	4.637978	102.927986	0	102.109673	0.774834
