quad V2.5
time	int	cnt1	cnt2	cnt3	cnt4	1&2	1&3	1&4	2&3	2&4	3&4	1&2&3	1&2&4	1&3&4	2&3&4	1&2&3&4	digTemp	temp	adct	adcr	adcp	pressure	PBS	CurrMeasurement	MeanMeasurement
3016	1000	2	1	1	0	0	0	0	0	0	0	0	0	0	0	0	4.50	1.25	1.264396	4.630476	4.117578	102.029221	0	101.909485	0.774834
3017	1000	0	0	0	0	0	0	0	0	0	0	0	0	0	0	0	4.50	1.25	1.266007	4.632088	4.119003	102.029007	0	101.909485	0.774834
3018	1000	0	0	0	0	0	0	0	0	0	0	0	0	0	0	0	4.50	1.25	1.264396	4.624030	4.116152	102.149635	0	101.949799	0.774834
3019	1000	0	0	1	0	0	0	0	0	0	0	0	0	0	0	0	4.50	1.25	1.265202	4.627253	4.114726	102.029640	0	101.909805	0.774834
3020	1000	0	0	2	0	0	0	0	0	0	0	0	0	0	0	0	4.50	1.25	1.266007	4.625641	4.111875	101.989998	0	101.949799	0.774834
3021	1000	0	0	1	0	0	0	0	0	0	0	0	0	0	0	0	4.50	1.50	1.270037	4.632088	4.116152	101.949425	0	101.909485	0.774834
3022	1000	1	1	0	0	1	0	0	0	0	0	0	0	0	0	0	4.50	1.25	1.268425	4.633700	4.116152	101.909485	0	101.869705	0.774834
3023	1000	2	1	1	0	0	0	0	0	0	0	0	0	0	0	0	4.50	1.25	1.268425	4.630476	4.114726	101.949623	0	101.869843	0.774834
3024	1000	0	0	0	0	0	0	0	0	0	0	0	0	0	0	0	4.50	1.25	1.268425	4.628865	4.116152	102.029427	0	101.949623	0.774834
3025	1000	0	0	0	0	0	0	0	0	0	0	0	0	0	0	0	4.50	1.25	1.269231	4.630476	4.116152	101.989418	0	101.949425	0.774834
3026	1000	0	0	1	0	0	0	0	0	0	0	0	0	0	0	0	4.50	1.50	1.270843	4.632088	4.097617	101.432137	0	101.989799	0.774834
3027	1000	1	2	0	0	0	0	0	0	0	0	0	0	0	0	0	4.50	1.50	1.271649	4.630476	4.120429	102.108833	0	101.949066	0.774834
3028	1000	1	1	1	0	0	0	0	0	0	0	0	0	0	0	0	4.50	1.50	1.271649	4.633700	4.119003	101.989029	0	101.988838	0.774834
3029	1000	0	2	0	0	0	0	0	0	0	0	0	0	0	0	0	4.50	1.50	1.273260	4.633700	4.119003	101.989029	0	101.909149	0.774834
3030	1000	0	0	1	0	0	0	0	0	0	0	0	0	0	0	0	4.50	1.50	1.274066	4.636923	4.121855	101.988647	0	101.750145	0.774834
3031	1000	0	1	0	0	0	0	0	0	0	0	0	0	0	0	0	4.50	1.50	1.274066	4.632088	4.097617	101.432137	0	102.069031	0.774834
3032	1000	1	2	1	0	0	0	0	0	0	0	0	0	0	0	0	4.50	1.50	1.274066	4.633700	4.120429	102.028809	0	102.028603	0.774834
3033	1000	1	1	0	0	0	0	0	0	0	0	0	0	0	0	0	4.50	1.50	1.276484	4.636923	4.119003	101.909149	0	101.869385	0.774834
3034	1000	0	1	2	0	0	0	0	0	0	0	0	0	0	0	0	4.50	1.50	1.275678	4.635312	4.119003	101.949066	0	101.988838	0.774834
3035	1000	1	1	0	0	1	0	0	0	0	0	0	0	0	0	0	4.50	1.50	1.277290	4.638535	4.101894	101.392403	0	101.989227	0.774834
3036	1000	0	0	0	0	0	0	0	0	0	0	0	0	0	0	0	4.50	1.50	1.278095	4.638535	4.123281	101.988449	0	101.948708	0.774834
3037	1000	0	0	2	0	0	0	0	0	0	0	0	0	0	0	0	4.50	1.50	1.278901	4.638535	4.124706	102.028183	0	101.829231	0.774834
3038	1000	0	1	1	0	0	0	0	0	0	0	0	0	0	0	0	4.50	1.50	1.279707	4.638535	4.124706	102.028183	0	101.988251	0.774834
3039	1000	1	0	1	0	0	0	0	0	0	0	0	0	0	0	0	4.50	1.50	1.278901	4.636923	4.121855	101.988647	0	101.869240	0.774834
3040	1000	1	0	2	0	0	0	0	0	0	0	0	0	0	0	0	4.50	1.50	1.280513	4.636923	4.101894	101.432137	0	101.988838	0.774834
3041	1000	2	1	1	0	0	1	0	0	0	0	0	0	0	0	0	4.50	1.50	1.281319	4.640147	4.127558	102.067696	0	101.987869	0.774834
3042	1000	1	1	2	0	0	0	0	1	0	0	0	0	0	0	0	4.50	1.50	1.281319	4.638535	4.123281	101.988449	0	101.948357	0.774834
3043	1000	1	1	0	0	0	0	0	0	0	0	0	0	0	0	0	4.50	1.50	1.283736	4.643370	4.127558	101.987869	0	101.947815	0.774834
3044	1000	2	1	4	0	0	0	0	0	0	0	0	0	0	0	0	4.50	1.50	1.283736	4.643370	4.127558	101.987869	0	101.908485	0.774834
3045	1000	1	1	0	0	0	0	0	0	0	0	0	0	0	0	0	4.50	1.75	1.284542	4.638535	4.134686	102.306328	0	102.028183	0.774834
3046	1000	0	2	3	0	0	0	0	0	0	0	0	0	0	0	0	4.50	1.75	1.283736	4.638535	4.126132	102.067932	0	101.908646	0.774834
3047	1000	0	2	0	0	0	0	0	0	0	0	0	0	0	0	0	4.50	1.75	1.284542	4.641758	4.126132	101.988068	0	101.868782	0.774834
3048	1000	0	0	3	0	0	0	0	0	0	0	0	0	0	0	0	4.50	1.75	1.286960	4.643370	4.128983	102.027557	0	101.868484	0.774834
3049	1000	0	1	0	0	0	0	0	0	0	0	0	0	0	0	0	4.50	1.75	1.286960	4.641758	4.104746	101.392441	0	101.988647	0.774834
3050	1000	2	0	0	0	0	0	0	0	0	0	0	0	0	0	0	4.50	1.75	1.286960	4.638535	4.127558	102.107651	0	101.987869	0.774834
3051	1000	1	0	0	0	0	0	0	0	0	0	0	0	0	0	0	4.50	1.75	1.288572	4.644982	4.127558	101.947998	0	101.828812	0.774834
3052	1000	0	0	1	0	0	0	0	0	0	0	0	0	0	0	0	5.00	1.75	1.288572	4.643370	4.128983	102.027557	0	101.868637	0.774834
3053	1000	0	1	0	0	0	0	0	0	0	0	0	0	0	0	0	4.50	1.75	1.290183	4.644982	4.131835	102.067039	0	101.392502	0.774834
3054	1000	0	1	0	0	0	0	0	0	0	0	0	0	0	0	0	5.00	1.75	1.290183	4.641758	4.109023	101.511574	0	102.028183	0.774834
3055	1000	0	1	2	0	0	0	0	0	0	0	0	0	0	0	0	5.00	1.75	1.290989	4.644982	4.131835	102.067039	0	101.947639	0.774834
3056	1000	1	1	2	0	1	0	0	0	0	0	0	0	0	0	0	5.00	1.75	1.291795	4.641758	4.127558	102.027779	0	101.908325	0.774834
3057	1000	0	1	0	0	0	0	0	0	0	0	0	0	0	0	0	5.00	1.75	1.292601	4.646594	4.130409	101.987488	0	101.947639	0.774834
3058	1000	2	0	1	0	0	0	0	0	0	0	0	0	0	0	0	5.00	1.75	1.293407	4.648205	4.111875	101.432152	0	102.067474	0.774834
3059	1000	0	1	0	0	0	0	0	0	0	0	0	0	0	0	0	5.00	1.75	1.292601	4.644982	4.130409	102.027359	0	101.987488	0.774834
3060	1000	2	1	0	0	1	0	0	0	0	0	0	0	0	0	0	5.00	2.00	1.295018	4.648205	4.134686	102.066589	0	101.868034	0.774834
3061	1000	0	1	2	0	0	0	0	0	0	0	0	0	0	0	0	5.00	2.00	1.295018	4.646594	4.131835	102.027161	0	101.907974	0.774834
3062	1000	1	0	1	0	0	0	0	0	0	0	0	0	0	0	0	5.00	2.00	1.295824	4.648205	4.134686	102.066589	0	101.907814	0.774834
3063	1000	0	3	0	0	0	0	0	0	0	0	0	0	0	0	0	5.00	2.00	1.297436	4.648205	4.113300	101.471802	0	102.027359	0.774834
3064	1000	0	1	0	0	0	0	0	0	0	0	0	0	0	0	0	5.00	2.00	1.296630	4.646594	4.131835	102.027161	0	101.828690	0.774834
3065	1000	2	2	1	0	0	1	0	0	0	0	0	0	0	0	0	5.00	2.00	1.298242	4.649817	4.134686	102.026726	0	101.907494	0.774834
3066	1000	1	0	1	0	0	0	0	0	0	0	0	0	0	0	0	5.00	2.00	1.298242	4.648205	4.130409	101.947639	0	101.947464	0.774834
3067	1000	0	1	0	0	0	0	0	0	0	0	0	0	0	0	0	5.00	2.00	1.299854	4.649817	4.134686	102.026726	0	101.907974	0.774834
3068	1000	1	2	1	0	1	0	0	0	0	0	0	0	0	0	0	5.00	2.00	1.300659	4.649817	4.116152	101.511436	0	102.066376	0.774834
3069	1000	2	1	1	0	0	1	0	0	0	0	0	0	0	0	0	5.00	2.00	1.299854	4.648205	4.134686	102.066589	0	101.947464	0.774834
3071	1000	1	0	4	0	0	0	0	0	0	0	0	0	0	0	0	5.00	2.00	1.300659	4.648205	4.131835	101.987297	0	101.907654	0.774834
3072	1000	0	0	0	0	0	0	0	0	0	0	0	0	0	0	0	5.00	2.00	1.301465	4.649817	4.133261	101.987106	0	101.868034	0.774834
3073	1000	1	1	1	0	1	0	0	0	0	0	0	0	0	0	0	5.00	2.00	1.304689	4.656264	4.201697	103.728043	0	102.106026	0.774834
3074	1000	1	1	1	0	0	0	0	0	0	0	0	0	0	0	0	5.00	2.00	1.302271	4.646594	4.133261	102.066818	0	101.987106	0.774834
3075	1000	0	1	1	0	0	0	0	0	0	0	0	0	0	0	0	5.00	2.00	1.304689	4.653040	4.138964	102.065933	0	101.946754	0.774834
3076	1000	1	0	2	0	0	0	0	0	0	0	0	0	0	0	0	5.00	2.00	1.306301	4.656264	4.138964	101.986328	0	101.946381	0.774834
3077	1000	0	1	2	0	0	0	0	0	0	0	0	0	0	0	0	5.00	2.00	1.306301	4.654652	4.137538	101.986526	0	101.986130	0.774834
3078	1000	1	0	0	0	0	0	0	0	0	0	0	0	0	0	0	5.00	2.00	1.307106	4.653040	4.124706	101.669823	0	102.106247	0.774834
3079	1000	0	1	0	0	0	0	0	0	0	0	0	0	0	0	0	5.00	2.00	1.307106	4.653040	4.137538	102.026337	0	101.907166	0.774834
3080	1000	2	1	1	0	0	0	0	0	0	0	0	0	0	0	0	5.00	2.00	1.307106	4.653040	4.137538	102.026337	0	101.907326	0.774834
3081	1000	1	0	1	0	0	0	0	0	0	0	0	0	0	0	0	5.00	2.25	1.308718	4.656264	4.136112	101.907166	0	101.867432	0.774834
3082	1000	1	0	1	0	0	0	0	0	0	0	0	0	0	0	0	5.00	2.25	1.308718	4.653040	4.138964	102.065933	0	102.026337	0.774834
3083	1000	1	4	0	0	1	0	0	0	0	0	0	0	0	0	0	5.00	2.25	1.308718	4.649817	4.137538	102.106026	0	102.065933	0.774834
3084	1000	2	1	0	0	0	0	0	0	0	0	0	0	0	0	0	5.00	2.25	1.310330	4.656264	4.138964	101.986328	0	101.906830	0.774834
3085	1000	1	0	1	0	0	1	0	0	0	0	0	0	0	0	0	5.00	2.25	1.311942	4.657876	4.140389	101.986130	0	101.946381	0.774834
3086	1000	2	2	1	0	0	0	0	0	0	0	0	0	0	0	0	5.00	2.25	1.311942	4.656264	4.138964	101.986328	0	101.907005	0.774834
3087	1000	0	1	4	0	0	0	0	1	0	0	0	0	0	0	0	5.00	2.25	1.311942	4.653040	4.117578	101.471764	0	102.066376	0.774834
3088	1000	1	0	2	0	0	1	0	0	0	0	0	0	0	0	0	5.00	2.25	1.313553	4.654652	4.137538	101.986526	0	101.946564	0.774834
3089	1000	1	0	0	0	0	0	0	0	0	0	0	0	0	0	0	5.00	2.25	1.313553	4.654652	4.140389	102.065712	0	101.907005	0.774834
3090	1000	2	1	0	0	0	0	0	0	0	0	0	0	0	0	0	5.50	2.25	1.314359	4.657876	4.138964	101.946564	0	101.946205	0.774834
3091	1000	1	0	0	0	0	0	0	0	0	0	0	0	0	0	0	5.50	2.25	1.315971	4.661099	4.143241	101.985756	0	102.065277	0.774834
3092	1000	0	1	1	0	0	0	0	0	0	0	0	0	0	0	0	5.50	2.25	1.315971	4.656264	4.123281	101.550903	0	102.025703	0.774834
3093	1000	0	1	1	0	0	0	0	0	0	0	0	0	0	0	0	5.50	2.25	1.316777	4.657876	4.141815	102.025703	0	101.946037	0.774834
3094	1000	0	3	1	0	0	0	0	0	0	0	0	0	0	0	0	5.50	2.25	1.318388	4.661099	4.144667	102.025299	0	101.866821	0.774834
3095	1000	3	0	0	0	0	0	0	0	0	0	0	0	0	0	0	5.50	2.25	1.318388	4.661099	4.144667	102.025299	0	101.906509	0.774834
3096	1000	0	1	1	0	0	0	0	0	0	0	0	0	0	0	0	5.50	2.25	1.318388	4.661099	4.123281	101.432152	0	102.025917	0.774834
3097	1000	2	2	0	0	1	0	0	0	0	0	0	0	0	0	0	5.50	2.25	1.318388	4.661099	4.140389	101.906654	0	101.827591	0.774834
3098	1000	0	1	1	0	0	0	0	1	0	0	0	0	0	0	0	5.50	2.50	1.320000	4.661099	4.143241	101.985756	0	101.866974	0.774834
3099	1000	3	0	0	0	0	0	0	0	0	0	0	0	0	0	0	5.50	2.50	1.321612	4.662711	4.143241	101.946037	0	101.827171	0.774834
3100	1000	1	2	0	0	1	0	0	0	0	0	0	0	0	0	0	5.50	2.50	1.322418	4.662711	4.144667	101.985565	0	101.906349	0.774834
3101	1000	0	1	2	0	0	0	0	0	0	0	0	0	0	0	0	5.50	2.50	1.323224	4.664322	4.134686	101.669243	0	102.104607	0.774834
3102	1000	0	1	1	0	0	0	0	0	0	0	0	0	0	0	0	5.50	2.50	1.321612	4.657876	4.143241	102.065277	0	101.946205	0.774834
3103	1000	0	0	1	0	0	0	0	0	0	0	0	0	0	0	0	5.50	2.50	1.324029	4.662711	4.144667	101.985565	0	101.906174	0.774834
3104	1000	0	1	2	0	0	0	0	0	0	0	0	0	0	0	0	5.50	2.50	1.325641	4.665934	4.147518	101.985176	0	101.945335	0.774834
3105	1000	1	2	0	0	1	0	0	0	0	0	0	0	0	0	0	5.50	2.50	1.326447	4.669158	4.148944	101.945335	0	101.945335	0.774834
3106	1000	0	0	0	0	0	0	0	0	0	0	0	0	0	0	0	5.50	2.50	1.326447	4.662711	4.148944	102.104149	0	101.985176	0.774834
3107	1000	0	0	0	0	0	0	0	0	0	0	0	0	0	0	0	5.50	2.50	1.327253	4.667546	4.148944	101.984993	0	101.945145	0.774834
3108	1000	1	0	0	0	0	0	0	0	0	0	0	0	0	0	0	5.50	2.50	1.328059	4.667546	4.147518	101.945503	0	101.945335	0.774834
3109	1000	0	0	1	0	0	0	0	0	0	0	0	0	0	0	0	5.50	2.50	1.328865	4.667546	4.148944	101.984993	0	101.906006	0.774834
3110	1000	1	0	0	0	0	0	0	0	0	0	0	0	0	0	0	5.50	2.50	1.329670	4.669158	4.131835	101.471626	0	102.024887	0.774834
3111	1000	0	1	1	0	0	0	0	0	0	0	0	0	0	0	0	5.50	2.50	1.328865	4.665934	4.148944	102.024696	0	101.905846	0.774834
3112	1000	0	0	2	0	0	0	0	0	0	0	0	0	0	0	0	5.50	2.50	1.330476	4.669158	4.150370	101.984795	0	101.984795	0.774834
3113	1000	1	0	0	0	0	0	0	0	0	0	0	0	0	0	0	5.50	2.50	1.331282	4.667546	4.146092	101.906006	0	101.826904	0.774834
3114	1000	1	0	1	0	0	0	0	0	0	0	0	0	0	0	0	5.50	2.50	1.331282	4.667546	4.150370	102.024483	0	101.511154	0.774834
3115	1000	1	1	2	0	1	0	0	0	0	0	0	0	0	0	0	5.50	2.75	1.332894	4.664322	4.128983	101.511177	0	102.025085	0.774834
3116	1000	1	0	0	0	0	0	0	0	0	0	0	0	0	0	0	5.50	2.75	1.332894	4.669158	4.150370	101.984795	0	101.984604	0.774834
3117	1000	1	0	1	0	0	0	0	0	0	0	0	0	0	0	0	5.50	2.75	1.335311	4.672381	4.151795	101.944962	0	101.905525	0.774834
3118	1000	1	0	1	0	0	0	0	0	0	0	0	0	0	0	0	5.50	2.75	1.335311	4.672381	4.154647	102.023865	0	101.905350	0.774834
3119	1000	3	0	2	0	0	1	0	0	0	0	0	0	0	0	0	5.50	2.75	1.335311	4.670769	4.131835	101.432159	0	101.985176	0.774834
3120	1000	1	0	1	0	0	0	0	0	0	0	0	0	0	0	0	5.50	2.75	1.336117	4.672381	4.154647	102.023865	0	101.944794	0.774834
3121	1000	1	1	0	0	0	0	0	0	0	0	0	0	0	0	0	5.50	2.75	1.336117	4.669158	4.151795	102.024277	0	101.905525	0.774834
3122	1000	0	1	1	0	0	0	0	0	0	0	0	0	0	0	0	5.50	2.75	1.337729	4.672381	4.154647	102.023865	0	101.944794	0.774834
3123	1000	2	2	0	0	1	0	0	0	0	0	0	0	0	0	0	5.50	2.75	1.337729	4.672381	4.151795	101.944962	0	101.905350	0.774834
3124	1000	2	0	0	0	0	0	0	0	0	0	0	0	0	0	0	5.50	2.75	1.339341	4.669158	4.187439	103.011154	0	102.024696	0.774834
3125	1000	1	0	0	0	0	0	0	0	0	0	0	0	0	0	0	5.50	2.75	1.339341	4.670769	4.156073	102.102997	0	101.944794	0.774834
3126	1000	0	0	3	0	0	0	0	0	0	0	0	0	0	0	0	6.00	2.75	1.341758	4.677216	4.156073	101.944443	0	101.904869	0.774834
3127	1000	1	0	1	0	0	0	0	0	0	0	0	0	0	0	0	6.00	2.75	1.341758	4.673993	4.150370	101.865921	0	101.865921	0.774834
3128	1000	1	2	1	0	0	0	0	0	0	0	0	0	0	0	0	6.00	2.75	1.343370	4.677216	4.157498	101.983849	0	101.904869	0.774834
3129	1000	0	0	1	0	0	0	0	0	0	0	0	0	0	0	0	6.00	3.00	1.342564	4.670769	4.150370	101.945145	0	102.023865	0.774834
3130	1000	0	0	0	0	0	0	0	0	0	0	0	0	0	0	0	6.00	3.00	1.343370	4.673993	4.160350	102.141968	0	101.983849	0.774834
3131	1000	1	0	1	0	0	0	0	0	0	0	0	0	0	0	0	6.00	3.00	1.344982	4.677216	4.157498	101.983849	0	101.865479	0.774834
3132	1000	1	2	0	0	0	0	0	0	0	0	0	0	0	0	0	6.00	3.00	1.346593	4.680439	4.158924	101.944092	0	101.944092	0.774834
3133	1000	0	0	1	0	0	0	0	0	0	0	0	0	0	0	0	6.00	3.00	1.346593	4.682051	4.164627	102.062012	0	102.023659	0.774834
3134	1000	1	0	1	0	0	0	0	0	0	0	0	0	0	0	0	6.00	3.00	1.344982	4.675604	4.157498	102.023445	0	101.944260	0.774834
3135	1000	0	0	0	0	0	0	0	0	0	0	0	0	0	0	0	6.00	3.00	1.347399	4.677216	4.157498	101.983849	0	101.983665	0.774834
3136	1000	0	2	1	0	0	0	0	1	0	0	0	0	0	0	0	6.00	3.00	1.347399	4.677216	4.157498	101.983849	0	101.904869	0.774834
3137	1000	2	0	1	0	0	0	0	0	0	0	0	0	0	0	0	6.00	3.00	1.349817	4.680439	4.160350	101.983475	0	101.510880	0.774834
3138	1000	0	2	2	0	0	0	0	1	0	0	0	0	0	0	0	6.00	3.00	1.349817	4.677216	4.134686	101.353333	0	101.984032	0.774834
3139	1000	0	0	1	0	0	0	0	0	0	0	0	0	0	0	0	6.00	3.00	1.348205	4.675604	4.157498	102.023445	0	101.904869	0.774834
3140	1000	1	1	0	0	0	0	0	0	0	0	0	0	0	0	0	6.00	3.00	1.349011	4.677216	4.158924	102.023254	0	101.944260	0.774834
3141	1000	2	5	0	0	0	0	0	0	0	0	0	0	0	0	0	6.00	3.00	1.350623	4.682051	4.157498	101.865173	0	101.825821	0.774834
3142	1000	0	0	0	0	0	0	0	0	0	0	0	0	0	0	0	6.00	3.00	1.351429	4.682051	4.160350	101.943916	0	101.865173	0.774834
3143	1000	1	1	0	0	0	0	0	0	0	0	0	0	0	0	0	6.00	3.00	1.349817	4.672381	4.154647	102.023865	0	102.023659	0.774834
3144	1000	1	0	0	0	0	0	0	0	0	0	0	0	0	0	0	6.00	3.00	1.350623	4.677216	4.161776	102.102066	0	101.944092	0.774834
3145	1000	1	0	1	0	0	0	0	0	0	0	0	0	0	0	0	6.00	3.00	1.351429	4.680439	4.160350	101.983475	0	101.865173	0.774834
3146	1000	1	0	1	0	0	1	0	0	0	0	0	0	0	0	0	6.00	3.00	1.352235	4.680439	4.161776	102.022842	0	101.983284	0.774834
3147	1000	1	1	0	0	0	0	0	0	0	0	0	0	0	0	0	6.00	3.00	1.353040	4.682051	4.140389	101.392784	0	101.984032	0.774834
3148	1000	1	1	1	0	0	1	0	0	0	0	0	0	0	0	0	6.00	3.00	1.353846	4.680439	4.161776	102.022842	0	101.943733	0.774834
3149	1000	0	0	0	0	0	0	0	0	0	0	0	0	0	0	0	6.00	3.00	1.354652	4.683663	4.164627	102.022438	0	101.864876	0.774834
3150	1000	2	1	3	0	0	1	0	0	0	0	0	0	0	0	0	6.00	3.00	1.357070	4.685275	4.166053	102.022224	0	101.864716	0.774834
3151	1000	0	3	1	0	0	0	0	0	0	0	0	0	0	0	0	6.00	3.25	1.358681	4.685275	4.167479	102.061584	0	101.982704	0.774834
3152	1000	0	1	2	0	0	0	0	0	0	0	0	0	0	0	0	6.00	3.25	1.360293	4.683663	4.161776	101.943733	0	102.061584	0.774834
3153	1000	2	0	0	0	0	0	0	0	0	0	0	0	0	0	0	6.00	3.25	1.361905	4.686887	4.167479	102.022034	0	101.864418	0.774834
3154	1000	1	0	0	0	0	0	0	0	0	0	0	0	0	0	0	6.00	3.25	1.364322	4.686887	4.167479	102.022034	0	101.903885	0.774834
3155	1000	1	0	0	0	0	0	0	0	0	0	0	0	0	0	0	6.00	3.25	1.364322	4.690110	4.168905	101.982330	0	101.903572	0.774834
3156	1000	0	1	0	0	0	0	0	0	0	0	0	0	0	0	0	6.00	3.25	1.365128	4.688498	4.228786	103.672951	0	101.983086	0.774834
3157	1000	1	0	2	0	0	1	0	0	0	0	0	0	0	0	0	6.00	3.25	1.365128	4.682051	4.164627	102.062012	0	101.943542	0.774834
3158	1000	0	1	0	0	0	0	0	0	0	0	0	0	0	0	0	6.00	3.50	1.367546	4.688498	4.164627	101.903885	0	101.982330	0.774834
3159	1000	1	2	1	0	0	0	0	0	0	0	0	0	0	0	0	6.50	3.50	1.369158	4.690110	4.167479	101.943031	0	101.824989	0.774834
3160	1000	2	0	1	0	0	1	0	0	0	0	0	0	0	0	0	6.50	3.50	1.370769	4.690110	4.168905	101.982330	0	101.864136	0.774834
3161	1000	1	1	1	0	1	0	0	0	0	0	0	0	0	0	0	6.50	3.50	1.369964	4.683663	4.148944	101.589561	0	102.101616	0.774834
3162	1000	2	1	1	0	0	0	0	0	0	0	0	0	0	0	0	6.50	3.50	1.371575	4.686887	4.168905	102.061356	0	101.982330	0.774834
3163	1000	1	1	3	0	0	0	0	0	0	0	0	0	0	0	0	6.50	3.50	1.372381	4.688498	4.168905	102.021835	0	101.864418	0.774834
3164	1000	1	0	3	0	0	0	0	0	0	0	0	0	0	0	0	6.50	3.50	1.373993	4.688498	4.168905	102.021835	0	101.943031	0.774834
3165	1000	1	1	1	0	0	0	0	0	0	0	0	0	0	0	0	6.50	3.50	1.376410	4.691722	4.173182	102.060707	0	101.903412	0.774834
3166	1000	0	0	1	0	0	0	0	0	0	0	0	0	0	0	0	6.50	3.50	1.376410	4.688498	4.153221	101.589394	0	102.021622	0.774834
3167	1000	0	0	0	0	0	0	0	0	0	0	0	0	0	0	0	6.50	3.50	1.378022	4.693334	4.174608	102.060493	0	101.863838	0.774834
3168	1000	0	1	2	0	0	0	0	0	0	0	0	0	0	0	0	6.50	3.50	1.378828	4.693334	4.171756	101.981964	0	101.863991	0.774834
3169	1000	2	0	1	0	0	0	0	0	0	0	0	0	0	0	0	6.50	3.50	1.378828	4.691722	4.167479	101.903572	0	101.864136	0.774834
3170	1000	0	1	0	0	0	0	0	0	0	0	0	0	0	0	0	6.50	3.75	1.381245	4.694945	4.153221	101.432137	0	102.061356	0.774834
3171	1000	1	0	1	0	0	0	0	0	0	0	0	0	0	0	0	6.50	3.75	1.381245	4.691722	4.173182	102.060707	0	102.021233	0.774834
3172	1000	1	1	0	0	1	0	0	0	0	0	0	0	0	0	0	6.50	3.75	1.382051	4.694945	4.171756	101.942513	0	102.021034	0.774834
3173	1000	0	2	0	0	0	0	0	0	0	0	0	0	0	0	0	6.50	3.75	1.384469	4.694945	4.173182	101.981766	0	102.020821	0.774834
3174	1000	0	0	0	0	0	0	0	0	0	0	0	0	0	0	0	6.50	3.75	1.385275	4.694945	4.174608	102.021034	0	101.981766	0.774834
3175	1000	1	2	0	0	0	0	0	0	0	0	0	0	0	0	0	6.50	3.75	1.384469	4.690110	4.148944	101.432152	0	102.021622	0.774834
3176	1000	0	0	1	0	0	0	0	0	0	0	0	0	0	0	0	6.50	3.75	1.385275	4.690110	4.171756	102.060928	0	101.903572	0.774834
3177	1000	0	0	0	0	0	0	0	0	0	0	0	0	0	0	0	6.50	3.75	1.385275	4.691722	4.167479	101.903572	0	101.903412	0.774834
3178	1000	1	1	0	0	1	0	0	0	0	0	0	0	0	0	0	6.50	3.75	1.388498	4.696557	4.174608	101.981583	0	101.981384	0.774834
3179	1000	1	1	2	0	1	1	0	1	0	0	1	0	0	0	0	6.50	3.75	1.388498	4.693334	4.151795	101.432137	0	102.021835	0.774834
3180	1000	1	0	1	0	0	0	0	0	0	0	0	0	0	0	0	6.50	3.75	1.390110	4.694945	4.173182	101.981766	0	101.902924	0.774834
3181	1000	2	1	0	0	1	0	0	0	0	0	0	0	0	0	0	7.00	4.00	1.391722	4.698169	4.178885	102.059845	0	101.902603	0.774834
3182	1000	0	1	1	0	0	0	0	1	0	0	0	0	0	0	0	7.00	4.00	1.392528	4.694945	4.174608	102.021034	0	101.903091	0.774834
3183	1000	0	2	0	0	0	0	0	0	0	0	0	0	0	0	0	7.00	4.00	1.393333	4.694945	4.176033	102.060272	0	101.942322	0.774834
3184	1000	2	2	3	0	0	0	0	0	0	0	0	0	0	0	0	7.00	4.00	1.394945	4.698169	4.156073	101.432137	0	101.981964	0.774834
3185	1000	0	0	1	0	0	0	0	0	0	0	0	0	0	0	0	7.00	4.00	1.394139	4.693334	4.174608	102.060493	0	101.942322	0.774834
3186	1000	0	0	2	0	0	0	0	0	0	0	0	0	0	0	0	7.00	4.00	1.395751	4.698169	4.176033	101.981384	0	101.902763	0.774834
3187	1000	5	2	1	0	1	0	0	0	0	0	0	0	0	0	0	7.00	4.00	1.396557	4.698169	4.176033	101.981384	0	101.902763	0.774834
3188	1000	0	1	2	0	0	0	0	0	0	0	0	0	0	0	0	7.00	4.00	1.398169	4.701392	4.177459	101.941811	0	101.981010	0.774834
3189	1000	1	1	2	0	0	1	0	0	0	0	0	0	0	0	0	7.00	4.00	1.398169	4.694945	4.158924	101.589165	0	102.021034	0.774834
3190	1000	2	0	0	0	0	0	0	0	0	0	0	0	0	0	0	7.00	4.00	1.399780	4.699780	4.178885	102.020416	0	101.941811	0.774834
3191	1000	0	1	1	0	0	0	0	0	0	0	0	0	0	0	0	7.00	4.00	1.402198	4.701392	4.180311	102.020218	0	101.902443	0.774834
3192	1000	0	1	1	0	0	0	0	0	0	0	0	0	0	0	0	7.00	4.00	1.402198	4.701392	4.180311	102.020218	0	101.863098	0.774834
3193	1000	1	0	1	0	0	0	0	0	0	0	0	0	0	0	0	7.00	4.00	1.402198	4.698169	4.157498	101.471367	0	102.021233	0.774834
3194	1000	0	0	1	0	0	0	0	0	0	0	0	0	0	0	0	7.00	4.25	1.403004	4.694945	4.176033	102.060272	0	101.981201	0.774834
3195	1000	0	2	0	0	0	0	0	0	0	0	0	0	0	0	0	7.00	4.25	1.404616	4.701392	4.178885	101.981010	0	101.981010	0.774834
3196	1000	0	1	1	0	0	0	0	0	0	0	0	0	0	0	0	7.00	4.25	1.405421	4.699780	4.177459	101.981201	0	101.902443	0.774834
3197	1000	1	0	0	0	0	0	0	0	0	0	0	0	0	0	0	7.00	4.25	1.407839	4.704616	4.180311	101.941460	0	101.706589	0.774834
3198	1000	2	1	1	0	0	0	0	0	0	0	0	0	0	0	0	7.00	4.25	1.408645	4.703004	4.160350	101.432152	0	101.981010	0.774834
3199	1000	1	0	0	0	0	0	0	0	0	0	0	0	0	0	0	7.00	4.25	1.407839	4.701392	4.177459	101.941811	0	101.902443	0.774834
3200	1000	2	1	0	0	0	0	0	0	0	0	0	0	0	0	0	7.00	4.25	1.410257	4.704616	4.183162	102.019814	0	101.862816	0.774834
3201	1000	1	0	0	0	0	0	0	0	0	0	0	0	0	0	0	7.00	4.25	1.411868	4.707839	4.184588	101.980263	0	101.941116	0.774834
3202	1000	0	0	1	0	0	0	0	0	0	0	0	0	0	0	0	7.00	4.25	1.411868	4.706227	4.086211	99.317261	0	102.020218	0.774834
3203	1000	3	1	0	0	1	0	0	0	0	0	0	0	0	0	0	7.00	4.25	1.411062	4.701392	4.180311	102.020218	0	101.941635	0.774834
3204	1000	0	0	1	0	0	0	0	0	0	0	0	0	0	0	0	7.00	4.25	1.412674	4.703004	4.178885	101.941635	0	101.902283	0.774834
3205	1000	0	2	1	0	0	0	0	0	0	0	0	0	0	0	0	7.00	4.50	1.413480	4.703004	4.181736	102.020012	0	101.863251	0.774834
3206	1000	2	1	0	0	1	0	0	0	0	0	0	0	0	0	0	7.50	4.50	1.415092	4.704616	4.181736	101.980629	0	101.862953	0.774834
3207	1000	1	1	1	0	0	0	0	1	0	0	0	0	0	0	0	7.50	4.50	1.416703	4.707839	4.176033	101.745346	0	102.098625	0.774834
3208	1000	2	0	2	0	0	0	0	0	0	0	0	0	0	0	0	7.50	4.50	1.415898	4.704616	4.184588	102.058990	0	101.901962	0.774834
3209	1000	3	0	0	0	0	0	0	0	0	0	0	0	0	0	0	7.50	4.50	1.418315	4.706227	4.186014	102.058784	0	101.901962	0.774834
3210	1000	0	2	1	0	0	0	0	0	0	0	0	0	0	0	0	7.50	4.50	1.419121	4.704616	4.183162	102.019814	0	101.902122	0.774834
3211	1000	1	1	1	0	0	0	0	0	0	0	0	0	0	0	0	7.50	4.50	1.421539	4.712674	4.187439	101.940590	0	102.019211	0.774834
3212	1000	0	1	2	0	0	0	0	1	0	0	0	0	0	0	0	7.50	4.50	1.421539	4.706227	4.163201	101.432137	0	102.019814	0.774834
3213	1000	1	0	1	0	0	0	0	0	0	0	0	0	0	0	0	7.50	4.50	1.420733	4.703004	4.181736	102.020012	0	101.862953	0.774834
3214	1000	0	0	1	0	0	0	0	0	0	0	0	0	0	0	0	7.50	4.50	1.422344	4.707839	4.184588	101.980263	0	101.940933	0.774834
3215	1000	2	0	0	0	0	0	0	0	0	0	0	0	0	0	0	7.50	4.50	1.424762	4.707839	4.186014	102.019417	0	101.940758	0.774834
3216	1000	1	0	0	0	0	0	0	0	0	0	0	0	0	0	0	7.50	4.50	1.425568	4.711062	4.167479	101.432152	0	102.137344	0.774834
3217	1000	1	0	1	0	0	1	0	0	0	0	0	0	0	0	0	7.50	4.50	1.423150	4.703004	4.184588	102.098396	0	102.019615	0.774834
3218	1000	0	2	0	0	0	0	0	0	0	0	0	0	0	0	0	7.50	4.50	1.423956	4.707839	4.186014	102.019417	0	101.862656	0.774834
3219	1000	0	0	0	0	0	0	0	0	0	0	0	0	0	0	0	7.50	4.50	1.423956	4.707839	4.183162	101.941116	0	101.862656	0.774834
3220	1000	1	0	0	0	0	0	0	0	0	0	0	0	0	0	0	7.50	4.50	1.424762	4.711062	4.188865	102.019012	0	101.353920	0.774834
3221	1000	1	0	0	0	0	0	0	0	0	0	0	0	0	0	0	7.50	4.50	1.423956	4.706227	4.163201	101.432137	0	102.019814	0.774834
3222	1000	0	0	2	0	0	0	0	0	0	0	0	0	0	0	0	7.50	4.50	1.423956	4.706227	4.184588	102.019615	0	101.941116	0.774834
3223	1000	0	0	1	0	0	0	0	0	0	0	0	0	0	0	0	7.50	4.50	1.426374	4.711062	4.187439	101.979881	0	101.940590	0.774834
3224	1000	0	0	2	0	0	0	0	0	0	0	0	0	0	0	0	7.50	4.50	1.427180	4.712674	4.187439	101.940590	0	101.940414	0.774834
3225	1000	2	0	2	0	0	1	0	0	0	0	0	0	0	0	0	7.50	4.50	1.427180	4.712674	4.191717	102.057922	0	102.018799	0.774834
3226	1000	0	0	1	0	0	0	0	0	0	0	0	0	0	0	0	7.50	4.50	1.425568	4.706227	4.181736	101.941277	0	101.980263	0.774834
3227	1000	1	0	0	0	0	0	0	0	0	0	0	0	0	0	0	7.50	4.50	1.427180	4.711062	4.190291	102.058128	0	101.940590	0.774834
3228	1000	0	1	0	0	0	0	0	0	0	0	0	0	0	0	0	7.50	4.75	1.428791	4.715898	4.191717	101.979324	0	101.861931	0.774834
3229	1000	1	2	3	0	0	1	0	0	0	0	0	0	0	0	0	7.50	4.75	1.429597	4.715898	4.193142	102.018402	0	101.901001	0.774834
3230	1000	3	2	1	0	0	1	0	0	0	0	0	0	0	0	0	7.50	4.75	1.429597	4.717509	4.170331	101.354012	0	102.058128	0.774834
3231	1000	0	1	1	0	0	0	0	0	0	0	0	0	0	0	0	7.50	4.75	1.429597	4.712674	4.194568	102.136147	0	101.979141	0.774834
3232	1000	1	0	2	0	0	0	0	0	0	0	0	0	0	0	0	7.50	4.75	1.430403	4.715898	4.191717	101.979324	0	101.901161	0.774834
3233	1000	0	0	1	0	0	0	0	0	0	0	0	0	0	0	0	7.50	4.75	1.429597	4.712674	4.190291	102.018799	0	101.940239	0.774834
3234	1000	0	2	2	0	0	0	0	0	0	0	0	0	0	0	0	7.50	4.75	1.431209	4.714286	4.190291	101.979507	0	102.176262	0.774834
3235	1000	1	0	2	0	0	0	0	0	0	0	0	0	0	0	0	7.50	4.75	1.431209	4.714286	4.168905	101.393051	0	102.019012	0.774834
3236	1000	1	2	1	0	0	0	0	0	0	0	0	0	0	0	0	7.50	4.75	1.431209	4.714286	4.193142	102.057701	0	102.018402	0.774834
3237	1000	0	1	2	0	0	0	0	0	0	0	0	0	0	0	0	7.50	4.75	1.433627	4.719121	4.195994	102.017998	0	101.978760	0.774834
3238	1000	1	0	1	0	0	0	0	0	0	0	0	0	0	0	0	7.50	4.75	1.434432	4.719121	4.195994	102.017998	0	101.861488	0.774834
3239	1000	2	2	4	0	1	0	0	0	0	0	0	0	0	0	0	7.50	4.75	1.435238	4.719121	4.173182	101.393089	0	101.979507	0.774834
3240	1000	0	1	0	0	0	0	0	0	0	0	0	0	0	0	0	7.50	4.75	1.434432	4.714286	4.193142	102.057701	0	101.783669	0.774834
3241	1000	1	1	0	0	0	0	0	0	0	0	0	0	0	0	0	7.50	4.75	1.435238	4.719121	4.195994	102.017998	0	101.939720	0.774834
3242	1000	1	1	0	0	0	0	0	0	0	0	0	0	0	0	0	7.50	4.75	1.436044	4.717509	4.195994	102.057281	0	101.861633	0.774834
3243	1000	1	1	0	0	0	0	0	0	0	0	0	0	0	0	0	7.50	4.75	1.436850	4.720733	4.194568	101.939720	0	101.900681	0.774834
3244	1000	1	2	1	0	0	0	0	0	0	0	0	0	0	0	0	7.50	4.75	1.438462	4.723956	4.177459	101.393143	0	102.056847	0.774834
3245	1000	1	0	0	0	0	0	0	0	0	0	0	0	0	0	0	8.00	4.75	1.437656	4.720733	4.197420	102.017815	0	101.900360	0.774834
3246	1000	1	2	0	0	0	0	0	0	0	0	0	0	0	0	0	8.00	5.00	1.440073	4.723956	4.200271	102.017410	0	101.900040	0.774834
3247	1000	0	1	1	0	0	0	0	0	0	0	0	0	0	0	0	8.00	4.75	1.439268	4.722344	4.197420	101.978584	0	101.900360	0.774834
3248	1000	1	1	1	0	0	1	0	0	0	0	0	0	0	0	0	8.00	5.00	1.440879	4.723956	4.201697	102.056427	0	101.939194	0.774834
3249	1000	1	0	0	0	0	0	0	0	0	0	0	0	0	0	0	8.00	5.00	1.440879	4.722344	4.203123	102.134705	0	102.017410	0.774834
3250	1000	0	0	1	0	0	0	0	0	0	0	0	0	0	0	0	8.00	5.00	1.440879	4.722344	4.200271	102.056641	0	101.939194	0.774834
3251	1000	2	1	0	0	0	0	0	0	0	0	0	0	0	0	0	8.00	5.00	1.442491	4.722344	4.198845	102.017601	0	102.017410	0.774834
3252	1000	0	0	0	0	0	0	0	0	0	0	0	0	0	0	0	8.00	5.00	1.442491	4.723956	4.198845	101.978386	0	101.900360	0.774834
3253	1000	0	1	0	0	0	0	0	0	0	0	0	0	0	0	0	8.00	5.00	1.444103	4.727180	4.238767	102.991776	0	102.095894	0.774834
3254	1000	2	2	1	0	1	0	0	0	0	0	0	0	0	0	0	8.00	5.00	1.444103	4.723956	4.203123	102.095451	0	101.938850	0.774834
3255	1000	1	0	0	0	0	0	0	0	0	0	0	0	0	0	0	8.00	5.00	1.444908	4.727180	4.204548	102.056000	0	101.899879	0.774834
3256	1000	0	0	0	0	0	0	0	0	0	0	0	0	0	0	0	8.00	5.00	1.445714	4.727180	4.203123	102.017014	0	101.938850	0.774834
3257	1000	0	2	1	0	0	0	0	0	0	0	0	0	0	0	0	8.00	5.00	1.446520	4.725568	4.201697	102.017212	0	101.276253	0.774834
3258	1000	2	3	0	0	1	0	0	0	0	0	0	0	0	0	0	8.00	5.00	1.445714	4.720733	4.178885	101.510239	0	102.017998	0.774834
3259	1000	0	0	0	0	0	0	0	0	0	0	0	0	0	0	0	8.00	5.00	1.445714	4.720733	4.198845	102.056847	0	101.900360	0.774834
3260	1000	0	0	0	0	0	0	0	0	0	0	0	0	0	0	0	8.00	5.00	1.448132	4.723956	4.198845	101.978386	0	102.017212	0.774834
3261	1000	2	0	0	0	0	0	0	0	0	0	0	0	0	0	0	8.00	5.00	1.448132	4.725568	4.198845	101.939194	0	101.900040	0.774834
3262	1000	2	1	2	0	0	0	0	0	0	0	0	0	0	0	0	8.00	5.00	1.448938	4.727180	4.184588	101.510132	0	102.134933	0.774834
3263	1000	1	1	2	0	0	1	0	0	0	0	0	0	0	0	0	8.00	5.00	1.448938	4.727180	4.203123	102.017014	0	101.939034	0.774834
3264	1000	1	0	1	0	0	1	0	0	0	0	0	0	0	0	0	8.00	5.00	1.450550	4.727180	4.203123	102.017014	0	101.977829	0.774834
3265	1000	1	1	0	0	1	0	0	0	0	0	0	0	0	0	0	8.00	5.00	1.452161	4.732015	4.208826	102.055367	0	101.899399	0.774834
3266	1000	0	1	3	0	0	0	0	0	0	0	0	0	0	0	0	8.00	5.00	1.452161	4.728791	4.204548	102.016800	0	102.016617	0.774834
3267	1000	2	3	1	0	1	0	0	0	0	0	0	0	0	0	0	8.00	5.00	1.453773	4.732015	4.247321	103.107048	0	102.055786	0.774834
3268	1000	0	1	1	0	0	0	0	0	0	0	0	0	0	0	0	8.00	5.00	1.452161	4.728791	4.203123	101.977829	0	101.977646	0.774834
3269	1000	0	1	1	0	0	0	0	0	0	0	0	0	0	0	0	8.00	5.25	1.455385	4.733626	4.207400	101.977280	0	101.938156	0.774834
3270	1000	1	1	2	0	0	1	0	0	0	0	0	0	0	0	0	8.00	5.25	1.454579	4.730403	4.205974	102.016617	0	101.899559	0.774834
3271	1000	1	1	2	0	0	0	0	0	0	0	0	0	0	0	0	8.00	5.25	1.456996	4.735238	4.213103	102.093857	0	101.938156	0.774834
3272	1000	1	2	1	0	1	0	0	0	0	0	0	0	0	0	0	8.00	5.25	1.455385	4.728791	4.187439	101.549072	0	102.094994	0.774834
3273	1000	0	0	0	0	0	0	0	0	0	0	0	0	0	0	0	8.00	5.25	1.456191	4.730403	4.204548	101.977646	0	101.860611	0.774834
3274	1000	3	2	3	0	0	1	0	0	0	0	0	0	0	0	0	8.00	5.25	1.458608	4.735238	4.211677	102.054939	0	102.015617	0.774834
3275	1000	0	1	1	0	0	0	0	0	0	0	0	0	0	0	0	8.00	5.25	1.458608	4.732015	4.210251	102.094315	0	101.977280	0.774834
3276	1000	3	2	0	0	0	0	0	0	0	0	0	0	0	0	0	8.00	5.25	1.458608	4.732015	4.188865	101.510056	0	102.017212	0.774834
3277	1000	1	0	1	0	0	1	0	0	0	0	0	0	0	0	0	8.00	5.25	1.459414	4.732015	4.207400	102.016411	0	101.938156	0.774834
3278	1000	0	1	1	0	0	0	0	0	0	0	0	0	0	0	0	8.00	5.25	1.461026	4.735238	4.211677	102.054939	0	101.976906	0.774834
3279	1000	0	1	1	0	0	0	0	1	0	0	0	0	0	0	0	8.00	5.25	1.461832	4.735238	4.208826	101.977089	0	101.976723	0.774834
3280	1000	0	0	2	0	0	0	0	0	0	0	0	0	0	0	0	8.00	5.25	1.462637	4.736850	4.213103	102.054726	0	101.704430	0.774834
3281	1000	2	2	0	0	0	0	0	0	0	0	0	0	0	0	0	8.00	5.25	1.462637	4.735238	4.190291	101.471069	0	102.055367	0.774834
3282	1000	1	1	2	0	1	0	0	0	0	0	0	0	0	0	0	8.00	5.25	1.463443	4.735238	4.210251	102.016014	0	101.937813	0.774834
3283	1000	0	0	0	0	0	0	0	0	0	0	0	0	0	0	0	8.50	5.25	1.464249	4.738461	4.213103	102.015617	0	101.820999	0.774834
3284	1000	0	1	1	0	0	0	0	1	0	0	0	0	0	0	0	8.00	5.25	1.463443	4.733626	4.208826	102.016212	0	101.977089	0.774834
3285	1000	3	1	3	0	0	1	0	0	0	0	0	0	0	0	0	8.50	5.25	1.465861	4.740073	4.213103	101.976524	0	101.859734	0.774834
3286	1000	0	0	2	0	0	0	0	0	0	0	0	0	0	0	0	8.50	5.25	1.466667	4.735238	4.211677	102.054939	0	102.054520	0.774834
3287	1000	2	1	0	0	1	0	0	0	0	0	0	0	0	0	0	8.50	5.25	1.466667	4.736850	4.210251	101.976906	0	101.937653	0.774834
3288	1000	1	1	0	0	0	0	0	0	0	0	0	0	0	0	0	8.50	5.25	1.467473	4.738461	4.213103	102.015617	0	101.898605	0.774834
3289	1000	1	0	0	0	0	0	0	0	0	0	0	0	0	0	0	8.50	5.50	1.469890	4.741685	4.214529	101.976349	0	101.976158	0.774834
3290	1000	0	0	0	0	0	0	0	0	0	0	0	0	0	0	0	8.50	5.50	1.469890	4.743297	4.193142	101.354431	0	102.054520	0.774834
3291	1000	0	0	0	0	0	0	0	0	0	0	0	0	0	0	0	8.50	5.50	1.470696	4.741685	4.215954	102.015213	0	101.976158	0.774834
3292	1000	0	2	2	0	0	0	0	0	0	0	0	0	0	0	0	8.50	5.50	1.471502	4.743297	4.215954	101.976158	0	101.975983	0.774834
3293	1000	0	0	2	0	0	0	0	0	0	0	0	0	0	0	0	8.50	5.50	1.473114	4.743297	4.217380	102.015030	0	102.014816	0.774834
3294	1000	0	0	0	0	0	0	0	0	0	0	0	0	0	0	0	8.50	5.50	1.473114	4.744908	4.218806	102.014816	0	101.820602	0.774834
3295	1000	0	0	0	0	0	0	0	0	0	0	0	0	0	0	0	8.50	5.50	1.473920	4.741685	4.194568	101.432152	0	102.015213	0.774834
3296	1000	0	2	0	0	0	0	0	0	0	0	0	0	0	0	0	8.50	5.50	1.474725	4.741685	4.218806	102.092957	0	101.936958	0.774834
3297	1000	0	1	1	0	0	0	0	0	0	0	0	0	0	0	0	8.50	5.50	1.473920	4.741685	4.215954	102.015213	0	101.937309	0.774834
3298	1000	1	2	0	0	0	0	0	0	0	0	0	0	0	0	0	8.50	5.50	1.473920	4.740073	4.215954	102.054298	0	101.859734	0.774834
3299	1000	0	0	1	0	0	0	0	0	0	0	0	0	0	0	0	8.50	5.50	1.476337	4.741685	4.193142	101.393280	0	102.132790	0.774834
3300	1000	2	0	0	0	0	0	0	0	0	0	0	0	0	0	0	8.50	5.50	1.475531	4.738461	4.215954	102.093414	0	101.976349	0.774834
3301	1000	1	0	0	0	0	0	0	0	0	0	0	0	0	0	0	8.50	5.50	1.477143	4.743297	4.220232	102.092735	0	101.937134	0.774834
3302	1000	0	1	0	0	0	0	0	0	0	0	0	0	0	0	0	8.50	5.50	1.478755	4.746520	4.220232	102.014633	0	101.897980	0.774834
3303	1000	0	0	0	0	0	0	0	0	0	0	0	0	0	0	0	8.50	5.75	1.480366	4.748132	4.221657	102.014427	0	101.820198	0.774834
3304	1000	1	0	0	0	0	0	0	0	0	0	0	0	0	0	0	8.50	5.75	1.480366	4.744908	4.201697	101.548683	0	102.132065	0.774834
3306	1000	0	2	4	0	0	0	0	0	0	0	0	0	0	0	0	8.50	5.75	1.479560	4.743297	4.221657	102.131599	0	101.937134	0.774834
3307	1000	1	2	0	0	0	0	0	0	0	0	0	0	0	0	0	8.50	5.75	1.481978	4.749743	4.221657	101.975426	0	101.936432	0.774834
3308	1000	0	0	0	0	0	0	0	0	0	0	0	0	0	0	0	8.50	5.75	1.482784	4.749743	4.221657	101.975426	0	101.897644	0.774834
3309	1000	0	2	1	0	0	0	0	0	0	0	0	0	0	0	0	8.50	5.75	1.482784	4.749743	4.221657	101.975426	0	102.014427	0.774834
3310	1000	0	1	1	0	0	0	0	1	0	0	0	0	0	0	0	8.50	5.75	1.482784	4.741685	4.218806	102.092957	0	102.053879	0.774834
3311	1000	0	0	0	0	0	0	0	0	0	0	0	0	0	0	0	8.50	5.75	1.483590	4.746520	4.221657	102.053459	0	101.897804	0.774834
3312	1000	0	1	0	0	0	0	0	0	0	0	0	0	0	0	0	8.50	5.75	1.486007	4.751356	4.223083	101.975227	0	101.897484	0.774834
3313	1000	1	0	1	0	0	0	0	0	0	0	0	0	0	0	0	8.50	5.75	1.485202	4.748132	4.223083	102.053246	0	101.820198	0.774834
3314	1000	2	0	2	0	0	0	0	0	0	0	0	0	0	0	0	8.50	5.75	1.486007	4.746520	4.247321	102.752449	0	102.092735	0.774834
3315	1000	0	1	1	0	0	0	0	0	0	0	0	0	0	0	0	8.50	5.75	1.485202	4.744908	4.220232	102.053665	0	102.053459	0.774834
3316	1000	0	2	1	0	0	0	0	0	0	0	0	0	0	0	0	8.50	5.75	1.486007	4.744908	4.218806	102.014816	0	102.014633	0.774834
3317	1000	0	1	0	0	0	0	0	0	0	0	0	0	0	0	0	8.50	5.75	1.487619	4.748132	4.220232	101.975616	0	101.897804	0.774834
3318	1000	0	2	0	0	0	0	0	0	0	0	0	0	0	0	0	8.50	5.75	1.488425	4.749743	4.223083	102.014236	0	101.742798	0.774834
3319	1000	2	4	0	0	0	0	0	0	0	0	0	0	0	0	0	8.50	5.75	1.489231	4.746520	4.201697	101.509811	0	102.053459	0.774834
3320	1000	0	1	0	0	0	0	0	0	0	0	0	0	0	0	0	8.50	5.75	1.488425	4.744908	4.220232	102.053665	0	101.975616	0.774834
3321	1000	1	0	1	0	0	1	0	0	0	0	0	0	0	0	0	9.00	6.00	1.492454	4.749743	4.228786	102.169456	0	101.975044	0.774834
3322	1000	1	2	3	0	0	0	0	0	0	0	0	0	0	0	0	9.00	5.75	1.490843	4.749743	4.224509	102.053040	0	101.975227	0.774834
3323	1000	2	0	1	0	0	1	0	0	0	0	0	0	0	0	0	9.00	6.00	1.492454	4.751356	4.205974	101.509720	0	102.131363	0.774834
3324	1000	1	1	0	0	0	0	0	0	0	0	0	0	0	0	0	9.00	5.75	1.494066	4.757802	4.231638	102.051987	0	102.013618	0.774834
3325	1000	0	1	0	0	0	0	0	0	0	0	0	0	0	0	0	9.00	6.00	1.494066	4.751356	4.225935	102.052818	0	101.936089	0.774834
3326	1000	0	0	0	0	0	0	0	0	0	0	0	0	0	0	0	9.00	6.00	1.495678	4.752967	4.225935	102.013832	0	102.013618	0.774834
3327	1000	0	0	1	0	0	0	0	0	0	0	0	0	0	0	0	9.00	6.00	1.495678	4.752967	4.224509	101.975044	0	101.897339	0.774834
3328	1000	0	1	0	0	0	0	0	0	0	0	0	0	0	0	0	9.00	6.00	1.497290	4.752967	4.200271	101.315804	0	102.014236	0.774834
3329	1000	2	2	0	0	0	0	0	0	0	0	0	0	0	0	0	9.00	6.00	1.496484	4.752967	4.228786	102.091377	0	101.974861	0.774834
3330	1000	0	3	0	0	0	0	0	0	0	0	0	0	0	0	0	9.00	6.00	1.497290	4.752967	4.225935	102.013832	0	101.936089	0.774834
3331	1000	1	0	0	0	0	0	0	0	0	0	0	0	0	0	0	9.00	6.00	1.497290	4.751356	4.225935	102.052818	0	101.975044	0.774834
3332	1000	1	0	0	0	0	0	0	0	0	0	0	0	0	0	0	9.00	6.00	1.498901	4.754579	4.225935	101.974861	0	101.974861	0.774834
3333	1000	0	0	1	0	0	0	0	0	0	0	0	0	0	0	0	9.00	6.00	1.499707	4.751356	4.227360	102.091599	0	102.013832	0.774834
3334	1000	0	0	1	0	0	0	0	0	0	0	0	0	0	0	0	9.00	6.00	1.499707	4.754579	4.227360	102.013618	0	101.974678	0.774834
3335	1000	1	0	1	0	0	1	0	0	0	0	0	0	0	0	0	9.00	6.00	1.501319	4.756191	4.227360	101.974678	0	101.935753	0.774834
3336	1000	1	0	1	0	0	0	0	0	0	0	0	0	0	0	0	9.00	6.00	1.501319	4.756191	4.230212	102.052200	0	101.974487	0.774834
3337	1000	1	0	2	0	0	0	0	0	0	0	0	0	0	0	0	9.00	6.00	1.502125	4.756191	4.204548	101.354637	0	102.053040	0.774834
3338	1000	0	0	0	0	0	0	0	0	0	0	0	0	0	0	0	9.00	6.00	1.501319	4.751356	4.227360	102.091599	0	102.013618	0.774834
3339	1000	0	0	1	0	0	0	0	0	0	0	0	0	0	0	0	9.00	6.00	1.503736	4.756191	4.230212	102.052200	0	101.935753	0.774834
3340	1000	2	1	1	0	1	0	0	0	0	0	0	0	0	0	0	9.00	6.00	1.504542	4.756191	4.230212	102.052200	0	101.974327	0.774834
3341	1000	0	0	1	0	0	0	0	0	0	0	0	0	0	0	0	9.00	6.00	1.506154	4.759414	4.231638	102.013046	0	101.664421	0.774834
3342	1000	0	2	0	0	0	0	0	0	0	0	0	0	0	0	0	9.00	6.25	1.506960	4.757802	4.208826	101.432152	0	102.052399	0.774834
3343	1000	0	0	0	0	0	0	0	0	0	0	0	0	0	0	0	9.00	6.25	1.506960	4.757802	4.231638	102.051987	0	101.935585	0.774834
3344	1000	1	0	1	0	0	1	0	0	0	0	0	0	0	0	0	9.00	6.25	1.509377	4.761026	4.234489	102.051567	0	101.935257	0.774834
3345	1000	2	0	1	0	0	1	0	0	0	0	0	0	0	0	0	9.00	6.25	1.510183	4.764249	4.234489	101.973778	0	101.935074	0.774834
3346	1000	1	3	1	0	1	0	0	0	0	0	0	0	0	0	0	9.00	6.25	1.508572	4.757802	4.208826	101.432152	0	102.169456	0.774834
3347	1000	0	2	0	0	0	0	0	0	0	0	0	0	0	0	0	9.00	6.25	1.508572	4.756191	4.228786	102.013435	0	102.013252	0.774834
3348	1000	1	1	0	0	0	0	0	0	0	0	0	0	0	0	0	9.00	6.25	1.510989	4.761026	4.234489	102.051567	0	101.896561	0.774834
3349	1000	0	2	1	0	0	0	0	0	0	0	0	0	0	0	0	9.00	6.25	1.512601	4.764249	4.234489	101.973778	0	101.857567	0.774834
3350	1000	2	2	4	0	1	0	0	0	0	0	0	0	0	0	0	9.00	6.25	1.513407	4.765861	4.237341	102.012268	0	101.896080	0.774834
3351	1000	1	0	2	0	0	0	0	0	0	0	0	0	0	0	0	9.00	6.25	1.514213	4.764249	4.214529	101.432152	0	102.013046	0.774834
3352	1000	0	0	0	0	0	0	0	0	0	0	0	0	0	0	0	9.00	6.25	1.511795	4.762638	4.233064	101.973946	0	102.051147	0.774834
3353	1000	0	0	0	0	0	0	0	0	0	0	0	0	0	0	0	9.00	6.25	1.515824	4.764249	4.235915	102.012466	0	101.896080	0.774834
3354	1000	1	0	0	0	0	0	0	0	0	0	0	0	0	0	0	9.00	6.25	1.518242	4.765861	4.237341	102.012268	0	101.895935	0.774834
3355	1000	0	0	0	0	0	0	0	0	0	0	0	0	0	0	0	9.50	6.25	1.518242	4.767473	4.240192	102.050735	0	101.896080	0.774834
3356	1000	0	0	0	0	0	0	0	0	0	0	0	0	0	0	0	9.50	6.25	1.518242	4.762638	4.238767	102.128746	0	102.012466	0.774834
3357	1000	0	0	0	0	0	0	0	0	0	0	0	0	0	0	0	9.50	6.25	1.519048	4.767473	4.241618	102.089394	0	102.011871	0.774834
3358	1000	0	1	1	0	0	0	0	0	0	0	0	0	0	0	0	9.50	6.25	1.519048	4.764249	4.237341	102.051147	0	102.012268	0.774834
3359	1000	0	0	1	0	0	0	0	0	0	0	0	0	0	0	0	9.50	6.25	1.519854	4.767473	4.238767	102.012054	0	102.011871	0.774834
3360	1000	0	0	0	0	0	0	0	0	0	0	0	0	0	0	0	9.50	6.50	1.521465	4.769084	4.247321	102.205109	0	102.090057	0.774834
3361	1000	0	0	0	0	0	0	0	0	0	0	0	0	0	0	0	9.50	6.50	1.521465	4.762638	4.240192	102.167458	0	101.973404	0.774834
3362	1000	0	0	0	0	0	0	0	0	0	0	0	0	0	0	0	9.50	6.50	1.522271	4.767473	4.241618	102.089394	0	101.973038	0.774834
3363	1000	1	1	0	0	0	0	0	0	0	0	0	0	0	0	0	9.50	6.50	1.523077	4.769084	4.238767	101.973221	0	101.818497	0.774834
3364	1000	1	0	1	0	0	0	0	0	0	0	0	0	0	0	0	9.50	6.50	1.523883	4.769084	4.240192	102.011871	0	101.895775	0.774834
3365	1000	1	0	0	0	0	0	0	0	0	0	0	0	0	0	0	9.50	6.50	1.524689	4.767473	4.217380	101.432152	0	102.167458	0.774834
3366	1000	0	1	0	0	0	0	0	0	0	0	0	0	0	0	0	9.50	6.50	1.523077	4.762638	4.238767	102.128746	0	101.934914	0.774834
3367	1000	1	1	0	0	0	0	0	0	0	0	0	0	0	0	0	9.50	6.50	1.526300	4.769084	4.243044	102.089172	0	101.934235	0.774834
3368	1000	0	0	0	0	0	0	0	0	0	0	0	0	0	0	0	9.50	6.50	1.527106	4.769084	4.240192	102.011871	0	101.895615	0.774834
3369	1000	0	0	4	0	0	0	0	0	0	0	0	0	0	0	0	9.50	6.50	1.527106	4.772308	4.241618	101.972862	0	102.011475	0.774834
3370	1000	0	1	1	0	0	0	0	0	0	0	0	0	0	0	0	9.50	6.50	1.527106	4.765861	4.238767	102.050926	0	102.050735	0.774834
3371	1000	0	0	1	0	0	0	0	0	0	0	0	0	0	0	0	9.50	6.50	1.527106	4.769084	4.241618	102.050522	0	101.973038	0.774834
3372	1000	0	1	0	0	0	0	0	0	0	0	0	0	0	0	0	9.50	6.50	1.529524	4.770696	4.241618	102.011673	0	102.011475	0.774834
3373	1000	0	1	0	0	0	0	0	0	0	0	0	0	0	0	0	9.50	6.50	1.529524	4.770696	4.240192	101.973038	0	102.050316	0.774834
3374	1000	0	1	0	0	0	0	0	0	0	0	0	0	0	0	0	9.50	6.50	1.531136	4.773920	4.224509	101.470749	0	101.973404	0.774834
3375	1000	0	0	2	0	0	0	0	0	0	0	0	0	0	0	0	9.50	6.50	1.531942	4.770696	4.241618	102.011673	0	101.934074	0.774834
3376	1000	1	1	1	0	0	0	0	0	0	0	0	0	0	0	0	9.50	6.50	1.531942	4.772308	4.243044	102.011475	0	101.972679	0.774834
3377	1000	2	0	4	0	0	2	0	0	0	0	0	0	0	0	0	9.50	6.50	1.532747	4.772308	4.243044	102.011475	0	102.050087	0.774834
3378	1000	1	3	1	0	0	1	0	0	0	0	0	0	0	0	0	9.50	6.75	1.534359	4.773920	4.245895	102.049896	0	102.049896	0.774834
3379	1000	0	0	0	0	0	0	0	0	0	0	0	0	0	0	0	9.50	6.75	1.534359	4.770696	4.225935	101.586678	0	102.050087	0.774834
3380	1000	0	0	0	0	0	0	0	0	0	0	0	0	0	0	0	9.50	6.75	1.535165	4.772308	4.248747	102.165970	0	101.933891	0.774834
3381	1000	1	0	2	0	0	0	0	0	0	0	0	0	0	0	0	9.50	6.75	1.535165	4.773920	4.247321	102.088509	0	101.972496	0.774834
3382	1000	0	1	1	0	0	0	0	0	0	0	0	0	0	0	0	9.50	6.75	1.536777	4.773920	4.244470	102.011276	0	101.895302	0.774834
3383	1000	0	1	0	0	0	0	0	0	0	0	0	0	0	0	0	9.50	6.75	1.538388	4.777143	4.187439	100.390404	0	102.050316	0.774834
3384	1000	1	1	1	0	0	0	0	0	0	0	0	0	0	0	0	9.50	6.75	1.537583	4.769084	4.244470	102.127808	0	102.011276	0.774834
3385	1000	0	1	0	0	0	0	0	0	0	0	0	0	0	0	0	9.50	6.75	1.539194	4.777143	4.247321	102.010895	0	102.010895	0.774834
3386	1000	1	3	0	0	0	0	0	0	0	0	0	0	0	0	0	9.50	6.75	1.539194	4.772308	4.244470	102.050087	0	101.895302	0.774834
3387	1000	1	0	1	0	0	1	0	0	0	0	0	0	0	0	0	9.50	6.75	1.541612	4.777143	4.245895	101.972305	0	102.010704	0.774834
3388	1000	0	0	1	0	0	0	0	0	0	0	0	0	0	0	0	9.50	6.75	1.541612	4.773920	4.248747	102.127106	0	102.088730	0.774834
3389	1000	2	0	0	0	0	0	0	0	0	0	0	0	0	0	0	9.50	6.75	1.541612	4.773920	4.247321	102.088509	0	101.895142	0.774834
3390	1000	1	0	2	0	0	1	0	0	0	0	0	0	0	0	0	9.50	6.75	1.542418	4.773920	4.245895	102.049896	0	101.933891	0.774834
3391	1000	1	0	0	0	0	0	0	0	0	0	0	0	0	0	0	10.00	6.75	1.544029	4.777143	4.247321	102.010895	0	102.010704	0.774834
3392	1000	0	1	2	0	0	0	0	0	0	0	0	0	0	0	0	10.00	7.00	1.545641	4.778755	4.250173	102.049263	0	101.894981	0.774834
3393	1000	1	2	1	0	1	0	0	0	0	0	0	0	0	0	0	10.00	7.00	1.545641	4.773920	4.225935	101.509361	0	102.011086	0.774834
3394	1000	0	1	0	0	0	0	0	0	0	0	0	0	0	0	0	10.00	7.00	1.545641	4.775531	4.248747	102.088287	0	101.933556	0.774834
3395	1000	0	2	1	0	0	0	0	0	0	0	0	0	0	0	0	10.00	7.00	1.545641	4.777143	4.248747	102.049477	0	102.010895	0.774834
3396	1000	1	1	1	0	0	0	0	0	0	0	0	0	0	0	0	10.00	7.00	1.548865	4.783590	4.250173	101.933044	0	101.971405	0.774834
3397	1000	1	0	0	0	0	0	0	0	0	0	0	0	0	0	0	10.00	7.00	1.549670	4.783590	4.230212	101.393623	0	102.088287	0.774834
3398	1000	0	2	1	0	0	0	0	0	0	0	0	0	0	0	0	10.00	7.00	1.548059	4.777143	4.248747	102.049477	0	101.933395	0.774834
3399	1000	1	1	0	0	0	0	0	0	0	0	0	0	0	0	0	10.00	7.00	1.549670	4.780366	4.251598	102.049057	0	102.010307	0.774834
3400	1000	1	0	1	0	0	0	0	0	0	0	0	0	0	0	0	10.00	7.00	1.550476	4.778755	4.253024	102.126419	0	101.894684	0.774834
3401	1000	0	0	1	0	0	0	0	0	0	0	0	0	0	0	0	10.00	7.00	1.550476	4.777143	4.248747	102.049477	0	102.010704	0.774834
3402	1000	0	0	0	0	0	0	0	0	0	0	0	0	0	0	0	10.00	7.00	1.550476	4.773920	4.243044	101.972679	0	102.049683	0.774834
3403	1000	1	1	0	0	0	0	0	0	0	0	0	0	0	0	0	10.00	7.00	1.552894	4.781978	4.254450	102.087395	0	102.087166	0.774834
3404	1000	1	1	1	0	0	1	0	0	0	0	0	0	0	0	0	10.00	7.00	1.554506	4.781978	4.251598	102.010307	0	101.856003	0.774834
3405	1000	0	1	0	0	0	0	0	0	0	0	0	0	0	0	0	10.00	7.00	1.554506	4.783590	4.254450	102.048645	0	101.971405	0.774834
3406	1000	2	0	1	0	0	0	0	0	0	0	0	0	0	0	0	10.00	7.00	1.556117	4.781978	4.251598	102.010307	0	102.088051	0.774834
3407	1000	0	0	0	0	0	0	0	0	0	0	0	0	0	0	0	10.00	7.00	1.556117	4.780366	4.253024	102.087616	0	102.010307	0.774834
3408	1000	0	0	0	0	0	0	0	0	0	0	0	0	0	0	0	10.00	7.00	1.556923	4.781978	4.251598	102.010307	0	102.010124	0.774834
3409	1000	0	0	2	0	0	0	0	0	0	0	0	0	0	0	0	10.00	7.00	1.557729	4.785202	4.253024	101.971405	0	101.971405	0.774834
3410	1000	0	0	1	0	0	0	0	0	0	0	0	0	0	0	0	10.00	7.25	1.560147	4.786813	4.257301	102.048225	0	101.470642	0.774834
3411	1000	1	3	0	0	1	0	0	0	0	0	0	0	0	0	0	10.00	7.25	1.560147	4.785202	4.234489	101.470680	0	102.010307	0.774834
3412	1000	1	0	0	0	0	0	0	0	0	0	0	0	0	0	0	10.00	7.25	1.560147	4.781978	4.253024	102.048859	0	101.932724	0.774834
3413	1000	0	0	1	0	0	0	0	0	0	0	0	0	0	0	0	10.00	7.25	1.561758	4.783590	4.253024	102.010124	0	101.971405	0.774834
3414	1000	0	0	0	0	0	0	0	0	0	0	0	0	0	0	0	10.00	7.25	1.560952	4.783590	4.253024	102.010124	0	101.932884	0.774834
3415	1000	2	0	3	0	0	2	0	0	0	0	0	0	0	0	0	10.00	7.25	1.563370	4.786813	4.233064	101.393646	0	101.971954	0.774834
3416	1000	0	2	0	0	0	0	0	0	0	0	0	0	0	0	0	10.00	7.25	1.562564	4.786813	4.253024	101.932724	0	102.009926	0.774834
3417	1000	1	2	0	0	0	0	0	0	0	0	0	0	0	0	0	10.00	7.25	1.565788	4.788425	4.260153	102.086510	0	102.047813	0.774834
3418	1000	0	1	2	0	0	0	0	0	0	0	0	0	0	0	0	10.00	7.25	1.567399	4.790037	4.263004	102.124763	0	102.086075	0.774834
3419	1000	0	1	0	0	0	0	0	0	0	0	0	0	0	0	0	10.00	7.25	1.568205	4.790037	4.258727	102.009346	0	102.009148	0.774834
3420	1000	0	0	0	0	0	0	0	0	0	0	0	0	0	0	0	10.00	7.25	1.569011	4.788425	4.234489	101.393661	0	102.086952	0.774834
3421	1000	1	0	1	0	0	0	0	0	0	0	0	0	0	0	0	10.00	7.25	1.567399	4.783590	4.258727	102.164246	0	102.009712	0.774834
3422	1000	0	0	0	0	0	0	0	0	0	0	0	0	0	0	0	10.50	7.25	1.569011	4.785202	4.253024	101.971405	0	101.971024	0.774834
3423	1000	1	0	1	0	0	1	0	0	0	0	0	0	0	0	0	10.50	7.25	1.571429	4.790037	4.258727	102.009346	0	101.893593	0.774834
3424	1000	1	0	0	0	0	0	0	0	0	0	0	0	0	0	0	10.50	7.25	1.571429	4.788425	4.257301	102.009529	0	101.893898	0.774834
3425	1000	3	2	1	0	0	0	0	0	0	0	0	0	0	0	0	10.50	7.25	1.570623	4.785202	4.255876	102.048424	0	102.086746	0.774834
3426	1000	0	0	0	0	0	0	0	0	0	0	0	0	0	0	0	10.50	7.25	1.571429	4.788425	4.258727	102.048035	0	102.009346	0.774834
3427	1000	0	0	0	0	0	0	0	0	0	0	0	0	0	0	0	10.50	7.50	1.573040	4.790037	4.258727	102.009346	0	101.932205	0.774834
3428	1000	1	0	1	0	0	0	0	0	0	0	0	0	0	0	0	10.50	7.50	1.573846	4.791648	4.258727	101.970680	0	101.932205	0.774834
3429	1000	0	0	1	0	0	0	0	0	0	0	0	0	0	0	0	10.50	7.50	1.573846	4.788425	4.255876	101.971024	0	102.009926	0.774834
3430	1000	1	0	2	0	0	0	0	0	0	0	0	0	0	0	0	10.50	7.50	1.575458	4.788425	4.261579	102.125000	0	102.009148	0.774834
3431	1000	0	0	0	0	0	0	0	0	0	0	0	0	0	0	0	10.50	7.50	1.575458	4.790037	4.258727	102.009346	0	101.970497	0.774834
3432	1000	0	0	1	0	0	0	0	0	0	0	0	0	0	0	0	10.50	7.50	1.577070	4.793260	4.260153	101.970497	0	102.008751	0.774834
3433	1000	0	0	0	0	0	0	0	0	0	0	0	0	0	0	0	10.50	7.50	1.577876	4.794872	4.264430	102.047195	0	101.932045	0.774834
3434	1000	0	1	0	0	0	0	0	0	0	0	0	0	0	0	0	10.50	7.50	1.578681	4.793260	4.244470	101.547508	0	102.047401	0.774834
3435	1000	1	0	0	0	0	0	0	0	0	0	0	0	0	0	0	10.50	7.50	1.577876	4.793260	4.267282	102.162750	0	102.008568	0.774834
3436	1000	0	2	1	0	0	0	0	0	0	0	0	0	0	0	0	10.50	7.50	1.578681	4.793260	4.264430	102.085854	0	102.085632	0.774834
3437	1000	0	1	0	0	0	0	0	0	0	0	0	0	0	0	0	10.50	7.50	1.578681	4.791648	4.263004	102.086075	0	101.931870	0.774834
3438	1000	1	0	1	0	0	0	0	0	0	0	0	0	0	0	0	10.50	7.50	1.581099	4.796484	4.245895	101.509010	0	102.124763	0.774834
3439	1000	2	0	0	0	0	0	0	0	0	0	0	0	0	0	0	10.50	7.50	1.581099	4.793260	4.267282	102.162750	0	102.085411	0.774834
3440	1000	1	1	2	0	0	1	0	1	0	0	0	0	0	0	0	10.50	7.50	1.581905	4.798095	4.268707	102.085190	0	101.931374	0.774834
3441	1000	2	1	1	0	0	1	0	0	0	0	0	0	0	0	0	10.50	7.50	1.581905	4.793260	4.264430	102.085854	0	101.970123	0.774834
3442	1000	0	0	0	0	0	0	0	0	0	0	0	0	0	0	0	10.50	7.50	1.582711	4.794872	4.263004	102.008751	0	101.470589	0.774834
3443	1000	2	1	1	0	1	0	0	0	0	0	0	0	0	0	0	10.50	7.50	1.584322	4.796484	4.240192	101.355301	0	102.085854	0.774834
3444	1000	0	0	1	0	0	0	0	0	0	0	0	0	0	0	0	10.50	7.50	1.583517	4.794872	4.264430	102.047195	0	102.046982	0.774834
3445	1000	0	0	1	0	0	0	0	0	0	0	0	0	0	0	0	10.50	7.50	1.586740	4.799707	4.268707	102.046577	0	101.892815	0.774834
3446	1000	1	1	0	0	1	0	0	0	0	0	0	0	0	0	0	10.50	7.50	1.586740	4.799707	4.265856	101.969772	0	101.816032	0.774834
3447	1000	0	0	0	0	0	0	0	0	0	0	0	0	0	0	0	10.50	7.75	1.587546	4.799707	4.247321	101.470566	0	101.970497	0.774834
3448	1000	0	0	0	0	0	0	0	0	0	0	0	0	0	0	0	10.50	7.50	1.586740	4.799707	4.265856	101.969772	0	101.892815	0.774834
3449	1000	1	0	1	0	0	0	0	0	0	0	0	0	0	0	0	10.50	7.75	1.586740	4.796484	4.264430	102.008568	0	101.893120	0.774834
3450	1000	0	0	0	0	0	0	0	0	0	0	0	0	0	0	0	10.50	7.75	1.587546	4.796484	4.264430	102.008568	0	102.008369	0.774834
3451	1000	0	0	1	0	0	0	0	0	0	0	0	0	0	0	0	10.50	7.75	1.589158	4.799707	4.270133	102.084984	0	101.969582	0.774834
3452	1000	1	1	2	0	0	1	0	0	0	0	0	0	0	0	0	10.50	7.75	1.590769	4.801319	4.247321	101.432159	0	102.161774	0.774834
3453	1000	0	0	0	0	0	0	0	0	0	0	0	0	0	0	0	10.50	7.75	1.590769	4.801319	4.271559	102.084763	0	101.969238	0.774834
3454	1000	0	1	1	0	0	0	0	0	0	0	0	0	0	0	0	10.50	7.75	1.590769	4.799707	4.268707	102.046577	0	102.046364	0.774834
3455	1000	0	1	0	0	0	0	0	0	0	0	0	0	0	0	0	10.50	7.75	1.592381	4.802930	4.271559	102.046158	0	101.854141	0.774834
3456	1000	0	1	0	0	0	0	0	0	0	0	0	0	0	0	0	10.50	7.75	1.591575	4.801319	4.267282	101.969582	0	102.007973	0.774834
3457	1000	1	0	0	0	0	0	0	0	0	0	0	0	0	0	0	10.50	7.75	1.591575	4.794872	4.263004	102.008751	0	102.046982	0.774834
3458	1000	0	0	0	0	0	0	0	0	0	0	0	0	0	0	0	10.50	7.75	1.592381	4.798095	4.267282	102.046776	0	101.892815	0.774834
3459	1000	1	0	0	0	0	0	0	0	0	0	0	0	0	0	0	10.50	7.75	1.593993	4.801319	4.268707	102.007973	0	101.969414	0.774834
3460	1000	1	0	0	0	0	0	0	0	0	0	0	0	0	0	0	10.50	7.75	1.594799	4.801319	4.267282	101.969582	0	101.854286	0.774834
3461	1000	1	1	1	0	1	0	0	0	0	0	0	0	0	0	0	10.50	7.75	1.597216	4.807765	4.257301	101.547165	0	102.084984	0.774834
3462	1000	0	1	0	0	0	0	0	0	0	0	0	0	0	0	0	10.50	7.75	1.596410	4.801319	4.267282	101.969582	0	102.007591	0.774834
3463	1000	1	0	0	0	0	0	0	0	0	0	0	0	0	0	0	10.50	7.75	1.597216	4.802930	4.268707	101.969414	0	101.892502	0.774834
3464	1000	1	0	1	0	0	1	0	0	0	0	0	0	0	0	0	10.50	7.75	1.598022	4.804542	4.270133	101.969238	0	101.853989	0.774834
3465	1000	1	0	1	0	0	1	0	0	0	0	0	0	0	0	0	10.50	8.00	1.598828	4.804542	4.267282	101.892502	0	101.969414	0.774834
3466	1000	1	0	1	0	0	1	0	0	0	0	0	0	0	0	0	10.50	8.00	1.598022	4.801319	4.245895	101.393768	0	102.007973	0.774834
3467	1000	1	0	1	0	0	0	0	0	0	0	0	0	0	0	0	11.00	8.00	1.598828	4.804542	4.270133	101.969238	0	101.853989	0.774834
3468	1000	1	1	1	0	0	1	0	0	0	0	0	0	0	0	0	11.00	8.00	1.600440	4.806154	4.272985	102.007393	0	101.892036	0.774834
3469	1000	0	0	0	0	0	0	0	0	0	0	0	0	0	0	0	11.00	8.00	1.602051	4.807765	4.274410	102.007210	0	101.930367	0.774834
3470	1000	0	0	2	0	0	0	0	0	0	0	0	0	0	0	0	11.00	8.00	1.602857	4.809377	4.255876	101.470467	0	102.123138	0.774834
3471	1000	0	0	0	0	0	0	0	0	0	0	0	0	0	0	0	11.00	8.00	1.602051	4.802930	4.271559	102.046158	0	101.892197	0.774834
3472	1000	1	0	2	0	0	0	0	0	0	0	0	0	0	0	0	11.00	8.00	1.602857	4.807765	4.272985	101.968872	0	101.892197	0.774834
3473	1000	1	0	0	0	0	0	0	0	0	0	0	0	0	0	0	11.00	8.00	1.604469	4.809377	4.272985	101.930367	0	101.891731	0.774834
3474	1000	1	1	1	0	0	1	0	0	0	0	0	0	0	0	0	11.00	8.00	1.604469	4.807765	4.272985	101.968872	0	101.508881	0.774834
3475	1000	0	0	1	0	0	0	0	0	0	0	0	0	0	0	0	11.00	8.00	1.604469	4.804542	4.250173	101.432152	0	101.931030	0.774834
3476	1000	2	0	0	0	0	0	0	0	0	0	0	0	0	0	0	11.00	8.00	1.604469	4.804542	4.271559	102.007591	0	101.853851	0.774834
3477	1000	0	0	0	0	0	0	0	0	0	0	0	0	0	0	0	11.00	8.00	1.604469	4.807765	4.270133	101.892197	0	101.930542	0.774834
3478	1000	0	0	0	0	0	0	0	0	0	0	0	0	0	0	0	11.00	8.00	1.606081	4.807765	4.270133	101.892197	0	101.777069	0.774834
3479	1000	1	0	0	0	0	0	0	0	0	0	0	0	0	0	0	11.00	8.00	1.607692	4.809377	4.255876	101.470467	0	102.045952	0.774834
3480	1000	1	0	1	0	0	1	0	0	0	0	0	0	0	0	0	11.00	8.00	1.607692	4.804542	4.274410	102.084312	0	102.007011	0.774834
3481	1000	2	3	2	0	0	1	0	0	0	0	0	0	0	0	0	11.00	8.00	1.608498	4.810989	4.280113	102.083443	0	101.891571	0.774834
3482	1000	1	0	1	0	0	1	0	0	0	0	0	0	0	0	0	11.00	8.00	1.610110	4.810989	4.280113	102.083443	0	101.929848	0.774834
3483	1000	0	0	1	0	0	0	0	0	0	0	0	0	0	0	0	11.00	8.00	1.610916	4.815825	4.281539	102.006241	0	101.929688	0.774834
3484	1000	2	1	0	0	0	0	0	0	0	0	0	0	0	0	0	11.00	8.00	1.610916	4.812601	4.261579	101.547043	0	102.083885	0.774834
3485	1000	0	1	1	0	0	0	0	0	0	0	0	0	0	0	0	11.00	8.00	1.610110	4.810989	4.275836	101.968513	0	101.891571	0.774834
3486	1000	0	0	0	0	0	0	0	0	0	0	0	0	0	0	0	11.00	8.25	1.612528	4.812601	4.274410	101.891731	0	101.814873	0.774834
3487	1000	1	0	1	0	0	0	0	0	0	0	0	0	0	0	0	11.00	8.25	1.613333	4.812601	4.278687	102.006622	0	101.853149	0.774834
3488	1000	0	0	1	0	0	0	0	0	0	0	0	0	0	0	0	11.00	8.25	1.613333	4.814213	4.275836	101.891571	0	101.700142	0.774834
3489	1000	1	0	1	0	0	0	0	0	0	0	0	0	0	0	0	11.00	8.25	1.613333	4.810989	4.260153	101.547089	0	102.006622	0.774834
3490	1000	1	0	0	0	0	0	0	0	0	0	0	0	0	0	0	11.00	8.25	1.614945	4.814213	4.278687	101.968132	0	101.853004	0.774834
3491	1000	0	0	1	0	0	0	0	0	0	0	0	0	0	0	0	11.00	8.25	1.614945	4.814213	4.277262	101.929848	0	101.853149	0.774834
3492	1000	1	0	0	0	0	0	0	0	0	0	0	0	0	0	0	11.00	8.25	1.616557	4.817436	4.278687	101.891258	0	101.891113	0.774834
3493	1000	0	0	0	0	0	0	0	0	0	0	0	0	0	0	0	11.00	8.25	1.617363	4.817436	4.260153	101.393883	0	101.968513	0.774834
3494	1000	1	0	0	0	0	0	0	0	0	0	0	0	0	0	0	11.00	8.25	1.615751	4.812601	4.278687	102.006622	0	101.891418	0.774834
3495	1000	0	1	0	0	0	0	0	0	0	0	0	0	0	0	0	11.00	8.25	1.616557	4.812601	4.277262	101.968323	0	101.776711	0.774834
3496	1000	0	0	1	0	0	0	0	0	0	0	0	0	0	0	0	11.00	8.25	1.618169	4.815825	4.277262	101.891418	0	101.929688	0.774834
3497	1000	1	1	0	0	0	0	0	0	0	0	0	0	0	0	0	11.00	8.25	1.620586	4.820660	4.282965	101.929184	0	101.852852	0.774834
3498	1000	0	0	0	0	0	0	0	0	0	0	0	0	0	0	0	11.00	8.25	1.619780	4.815825	4.272985	101.776588	0	101.929512	0.774834
3499	1000	0	0	0	0	0	0	0	0	0	0	0	0	0	0	0	11.00	8.25	1.621392	4.819048	4.282965	101.967598	0	101.967415	0.774834
3500	1000	1	1	1	0	1	0	0	0	0	0	0	0	0	0	0	11.00	8.25	1.621392	4.815825	4.278687	101.929688	0	101.853149	0.774834
3501	1000	0	0	1	0	0	0	0	0	0	0	0	0	0	0	0	11.00	8.25	1.621392	4.817436	4.282965	102.006042	0	101.891113	0.774834
3502	1000	3	1	0	0	0	0	0	0	0	0	0	0	0	0	0	11.00	8.25	1.623810	4.822271	4.264430	101.393929	0	102.044502	0.774834
3503	1000	0	1	0	0	0	0	0	0	0	0	0	0	0	0	0	11.00	8.25	1.623004	4.819048	4.282965	101.967598	0	101.852722	0.774834
3504	1000	1	0	2	0	0	1	0	0	0	0	0	0	0	0	0	11.00	8.25	1.623004	4.817436	4.281539	101.967781	0	101.891113	0.774834
3505	1000	2	0	1	0	0	1	0	0	0	0	0	0	0	0	0	11.00	8.25	1.623810	4.817436	4.280113	101.929512	0	101.929352	0.774834
3506	1000	0	1	1	0	0	0	0	0	0	0	0	0	0	0	0	11.00	8.25	1.625421	4.822271	4.288668	102.043694	0	101.623184	0.774834
3507	1000	2	0	1	0	0	0	0	0	0	0	0	0	0	0	0	11.00	8.25	1.624615	4.817436	4.268707	101.623444	0	102.121056	0.774834
3508	1000	1	0	1	0	0	0	0	0	0	0	0	0	0	0	0	11.00	8.25	1.626227	4.822271	4.288668	102.043694	0	102.043480	0.774834
3509	1000	1	3	1	0	1	0	0	0	0	0	0	0	0	0	0	11.00	8.50	1.627033	4.819048	4.284390	102.005844	0	102.044098	0.774834
3510	1000	0	1	1	0	0	0	0	0	0	0	0	0	0	0	0	11.50	8.50	1.627839	4.822271	4.292945	102.158363	0	102.005272	0.774834
3511	1000	1	0	0	0	0	0	0	0	0	0	0	0	0	0	0	11.50	8.50	1.629451	4.825495	4.274410	101.584930	0	102.120354	0.774834
3512	1000	1	1	1	0	0	0	0	0	0	0	0	0	0	0	0	11.50	8.25	1.627839	4.823883	4.285816	101.928864	0	102.082344	0.774834
3513	1000	0	0	0	0	0	0	0	0	0	0	0	0	0	0	0	11.50	8.50	1.628645	4.819048	4.285816	102.044098	0	102.043900	0.774834
3514	1000	0	0	1	0	0	0	0	0	0	0	0	0	0	0	0	11.50	8.50	1.630257	4.822271	4.290093	102.081902	0	101.928864	0.774834
3515	1000	1	2	0	0	0	0	0	0	0	0	0	0	0	0	0	11.50	8.50	1.631868	4.823883	4.291519	102.081688	0	102.043274	0.774834
3516	1000	1	0	1	0	0	0	0	0	0	0	0	0	0	0	0	11.50	8.50	1.631868	4.820660	4.327163	103.114471	0	102.159325	0.774834
3517	1000	0	0	0	0	0	0	0	0	0	0	0	0	0	0	0	11.50	8.50	1.630257	4.817436	4.287242	102.120819	0	102.005661	0.774834
