quad V2.5
time	int	cnt1	cnt2	cnt3	cnt4	1&2	1&3	1&4	2&3	2&4	3&4	1&2&3	1&2&4	1&3&4	2&3&4	1&2&3&4	digTemp	temp	adct	adcr	adcp	pressure	PBS	CurrMeasurement	MeanMeasurement
5528	1000	2	0	1	0	0	1	0	0	0	0	0	0	0	0	0	27.50	25.00	2.590037	5.194579	4.623720	102.141792	0	102.141792	0.774834
5529	1000	1	3	2	0	1	0	0	1	0	0	0	0	0	0	0	27.50	25.00	2.586813	5.186521	4.622294	102.285049	0	102.106941	0.774834
5530	1000	1	4	1	0	1	0	0	1	0	0	0	0	0	0	0	27.50	25.00	2.591649	5.196191	4.626572	102.177040	0	102.034973	0.774834
5531	1000	1	0	0	0	0	0	0	0	0	0	0	0	0	0	0	27.50	25.00	2.591649	5.196191	4.625146	102.141571	0	102.070435	0.774834
5532	1000	0	0	0	0	0	0	0	0	0	0	0	0	0	0	0	27.50	25.00	2.591649	5.196191	4.622294	102.070633	0	102.070633	0.774834
5533	1000	1	1	0	0	0	0	0	0	0	0	0	0	0	0	0	27.50	25.00	2.591649	5.196191	4.625146	102.141571	0	101.964218	0.774834
5534	1000	0	1	0	0	0	0	0	0	0	0	0	0	0	0	0	27.50	25.00	2.592454	5.197803	4.627998	102.176826	0	102.176826	0.774834
5535	1000	1	1	0	0	0	0	0	0	0	0	0	0	0	0	0	27.50	25.00	2.590843	5.194579	4.622294	102.106308	0	102.070831	0.774834
5536	1000	1	0	0	0	0	0	0	0	0	0	0	0	0	0	0	27.50	25.00	2.591649	5.196191	4.623720	102.106102	0	102.035164	0.774834
5537	1000	0	0	1	0	0	0	0	0	0	0	0	0	0	0	0	27.50	25.00	2.590037	5.194579	4.623720	102.141792	0	102.070831	0.774834
5538	1000	2	1	1	0	1	0	0	0	0	0	0	0	0	0	0	27.50	25.00	2.592454	5.196191	4.606611	101.680450	0	102.319214	0.774834
5539	1000	2	0	0	0	0	0	0	0	0	0	0	0	0	0	0	27.50	25.00	2.591649	5.196191	4.623720	102.106102	0	102.212532	0.774834
5540	1000	1	1	1	0	1	0	0	0	0	0	0	0	0	0	0	27.50	25.00	2.590037	5.192967	4.625146	102.212990	0	101.999863	0.774834
5541	1000	0	0	0	0	0	0	0	0	0	0	0	0	0	0	0	27.50	25.00	2.590037	5.194579	4.622294	102.106308	0	102.177505	0.774834
5542	1000	0	0	0	0	0	0	0	0	0	0	0	0	0	0	0	27.50	25.00	2.589231	5.191356	4.622294	102.177742	0	102.070831	0.774834
5543	1000	1	1	0	0	0	0	0	0	0	0	0	0	0	0	0	27.50	25.00	2.589231	5.189744	4.623720	102.249001	0	102.319771	0.774834
5544	1000	0	0	0	0	0	0	0	0	0	0	0	0	0	0	0	27.50	25.00	2.591649	5.194579	4.627998	102.248253	0	102.070633	0.774834
5545	1000	0	2	0	0	0	0	0	0	0	0	0	0	0	0	0	27.50	25.25	2.592454	5.194579	4.626572	102.212753	0	102.177040	0.774834
5546	1000	0	1	1	0	0	0	0	0	0	0	0	0	0	0	0	27.50	25.25	2.592454	5.194579	4.627998	102.248253	0	102.105888	0.774834
5547	1000	0	0	1	0	0	0	0	0	0	0	0	0	0	0	0	27.50	25.00	2.591649	5.197803	4.606611	101.644905	0	102.213730	0.774834
5548	1000	1	4	2	0	1	0	0	1	0	0	0	0	0	0	0	27.50	25.00	2.590037	5.191356	4.618017	102.071220	0	102.320030	0.774834
5549	1000	0	0	1	0	0	0	0	0	0	0	0	0	0	0	0	27.50	25.25	2.593260	5.192967	4.627998	102.284004	0	101.999863	0.774834
5550	1000	0	2	2	0	0	0	0	0	0	0	0	0	0	0	0	27.50	25.00	2.592454	5.197803	4.626572	102.141350	0	102.035347	0.774834
5551	1000	1	1	1	0	0	0	0	0	0	0	0	0	0	0	0	27.50	25.25	2.592454	5.194579	4.627998	102.248253	0	102.212532	0.774834
5552	1000	0	0	0	0	0	0	0	0	0	0	0	0	0	0	0	27.50	25.25	2.590843	5.189744	4.625146	102.284508	0	102.213234	0.774834
5553	1000	1	2	1	0	1	0	0	0	0	0	0	0	0	0	0	27.50	25.25	2.592454	5.194579	4.623720	102.141792	0	102.070831	0.774834
5554	1000	0	1	0	0	0	0	0	0	0	0	0	0	0	0	0	27.50	25.25	2.592454	5.194579	4.622294	102.106308	0	101.999863	0.774834
5555	1000	3	1	0	0	1	0	0	0	0	0	0	0	0	0	0	27.50	25.25	2.594066	5.197803	4.627998	102.176826	0	102.176826	0.774834
5556	1000	0	0	1	0	0	0	0	0	0	0	0	0	0	0	0	27.50	25.25	2.593260	5.194579	4.603760	101.645042	0	102.319771	0.774834
5557	1000	1	0	2	0	0	0	0	0	0	0	0	0	0	0	0	27.50	25.25	2.591649	5.192967	4.625146	102.212990	0	102.177277	0.774834
5558	1000	0	0	2	0	0	0	0	0	0	0	0	0	0	0	0	27.50	25.00	2.590037	5.192967	4.625146	102.212990	0	102.141792	0.774834
5559	1000	0	3	0	0	0	0	0	0	0	0	0	0	0	0	0	27.50	25.25	2.591649	5.191356	4.623720	102.213234	0	102.035530	0.774834
5560	1000	0	0	1	0	0	0	0	0	0	0	0	0	0	0	0	27.50	25.25	2.592454	5.192967	4.623720	102.177505	0	101.999863	0.774834
5561	1000	1	0	0	0	0	0	0	0	0	0	0	0	0	0	0	27.50	25.25	2.592454	5.191356	4.625146	102.248741	0	102.356697	0.774834
5562	1000	1	1	0	0	0	0	0	0	0	0	0	0	0	0	0	27.50	25.25	2.593260	5.194579	4.605186	101.680527	0	102.070633	0.774834
5563	1000	3	0	0	0	0	0	0	0	0	0	0	0	0	0	0	27.50	25.25	2.595678	5.197803	4.627998	102.176826	0	102.141350	0.774834
5564	1000	1	1	2	0	0	0	0	1	0	0	0	0	0	0	0	27.50	25.25	2.591649	5.192967	4.618017	102.035530	0	102.070831	0.774834
5565	1000	0	0	0	0	0	0	0	0	0	0	0	0	0	0	0	27.50	25.25	2.593260	5.194579	4.596631	101.467628	0	102.177963	0.774834
5566	1000	1	0	1	0	0	1	0	0	0	0	0	0	0	0	0	27.50	25.25	2.592454	5.192967	4.619443	102.071022	0	102.071022	0.774834
5567	1000	1	1	2	0	0	0	0	1	0	0	0	0	0	0	0	27.50	25.25	2.593260	5.191356	4.625146	102.248741	0	102.035347	0.774834
5568	1000	1	1	1	0	0	1	0	0	0	0	0	0	0	0	0	27.50	25.25	2.594066	5.194579	4.627998	102.248253	0	102.177277	0.774834
5569	1000	0	0	0	0	0	0	0	0	0	0	0	0	0	0	0	27.50	25.25	2.594066	5.196191	4.627998	102.212532	0	102.070633	0.774834
5570	1000	3	1	1	0	1	0	0	0	0	0	0	0	0	0	0	27.50	25.25	2.592454	5.189744	4.608037	101.858330	0	101.680672	0.774834
5571	1000	1	3	0	0	1	0	0	0	0	0	0	0	0	0	0	27.50	25.25	2.593260	5.192967	4.619443	102.071022	0	102.035347	0.774834
5572	1000	0	2	0	0	0	0	0	0	0	0	0	0	0	0	0	27.50	25.25	2.594066	5.194579	4.623720	102.141792	0	102.106308	0.774834
5573	1000	1	1	1	0	1	0	0	0	0	0	0	0	0	0	0	27.50	25.25	2.594872	5.194579	4.620869	102.070831	0	102.177040	0.774834
5574	1000	1	2	2	0	0	0	0	1	0	0	0	0	0	0	0	27.50	25.25	2.595678	5.196191	4.602334	101.574028	0	102.212990	0.774834
5575	1000	0	0	0	0	0	0	0	0	0	0	0	0	0	0	0	27.50	25.25	2.595678	5.196191	4.623720	102.106102	0	102.106102	0.774834
5576	1000	1	0	2	0	0	1	0	0	0	0	0	0	0	0	0	27.50	25.25	2.595678	5.194579	4.623720	102.141792	0	102.106102	0.774834
5577	1000	1	0	0	0	0	0	0	0	0	0	0	0	0	0	0	27.50	25.25	2.596484	5.197803	4.625146	102.105888	0	102.141350	0.774834
5578	1000	1	0	0	0	0	0	0	0	0	0	0	0	0	0	0	27.50	25.25	2.595678	5.196191	4.629424	102.247993	0	102.212532	0.774834
5579	1000	0	0	0	0	0	0	0	0	0	0	0	0	0	0	0	27.50	25.25	2.594872	5.192967	4.623720	102.177505	0	101.787415	0.774834
5580	1000	0	0	1	0	0	0	0	0	0	0	0	0	0	0	0	27.50	25.25	2.594872	5.192967	4.599483	101.574127	0	102.141792	0.774834
5581	1000	1	3	0	0	1	0	0	0	0	0	0	0	0	0	0	27.50	25.25	2.594872	5.194579	4.626572	102.212753	0	102.035347	0.774834
5582	1000	1	0	1	0	0	0	0	0	0	0	0	0	0	0	0	27.50	25.25	2.594066	5.192967	4.620869	102.106522	0	102.070831	0.774834
5583	1000	1	0	3	0	0	0	0	0	0	0	0	0	0	0	0	27.50	25.25	2.594872	5.192967	4.605186	101.716103	0	102.249001	0.774834
5584	1000	0	0	0	0	0	0	0	0	0	0	0	0	0	0	0	27.50	25.25	2.594872	5.191356	4.625146	102.248741	0	102.177505	0.774834
5585	1000	0	0	0	0	0	0	0	0	0	0	0	0	0	0	0	27.50	25.25	2.594872	5.189744	4.622294	102.213486	0	102.177505	0.774834
5586	1000	2	1	2	0	1	0	0	0	0	0	0	0	0	0	0	27.50	25.25	2.596484	5.196191	4.600908	101.538559	0	101.964218	0.774834
5587	1000	0	0	0	0	0	0	0	0	0	0	0	0	0	0	0	27.50	25.25	2.595678	5.196191	4.627998	102.212532	0	102.212532	0.774834
5588	1000	0	0	1	0	0	0	0	0	0	0	0	0	0	0	0	27.50	25.25	2.596484	5.194579	4.609463	101.786972	0	102.106308	0.774834
5589	1000	0	0	1	0	0	0	0	0	0	0	0	0	0	0	0	27.50	25.25	2.596484	5.194579	4.623720	102.141792	0	102.035347	0.774834
5590	1000	1	0	1	0	0	0	0	0	0	0	0	0	0	0	0	27.50	25.25	2.597290	5.194579	4.625146	102.177277	0	102.106102	0.774834
5591	1000	1	0	0	0	0	0	0	0	0	0	0	0	0	0	0	27.50	25.25	2.598095	5.191356	4.629424	102.355263	0	102.141350	0.774834
5592	1000	1	0	1	0	0	0	0	0	0	0	0	0	0	0	0	27.50	25.25	2.595678	5.194579	4.596631	101.467628	0	102.249260	0.774834
5593	1000	2	0	0	0	0	0	0	0	0	0	0	0	0	0	0	27.50	25.25	2.594872	5.192967	4.623720	102.177505	0	102.142014	0.774834
5594	1000	0	1	1	0	0	0	0	0	0	0	0	0	0	0	0	27.50	25.25	2.596484	5.194579	4.620869	102.070831	0	102.106522	0.774834
5595	1000	0	0	0	0	0	0	0	0	0	0	0	0	0	0	0	27.50	25.25	2.596484	5.194579	4.622294	102.106308	0	101.964378	0.774834
5596	1000	1	0	2	0	0	0	0	0	0	0	0	0	0	0	0	27.50	25.25	2.596484	5.196191	4.620869	102.035164	0	102.035164	0.774834
5597	1000	0	0	0	0	0	0	0	0	0	0	0	0	0	0	0	27.50	25.25	2.597290	5.191356	4.618017	102.071220	0	102.248741	0.774834
5598	1000	1	0	0	0	0	0	0	0	0	0	0	0	0	0	0	27.50	25.25	2.595678	5.192967	4.625146	102.212990	0	102.177505	0.774834
5599	1000	1	1	0	0	1	0	0	0	0	0	0	0	0	0	0	27.50	25.25	2.598901	5.197803	4.626572	102.141350	0	102.141571	0.774834
5600	1000	1	2	2	0	1	0	0	1	0	0	0	0	0	0	0	27.50	25.25	2.598095	5.192967	4.626572	102.248497	0	102.141350	0.774834
5601	1000	1	2	0	0	1	0	0	0	0	0	0	0	0	0	0	27.50	25.25	2.598095	5.196191	4.602334	101.574028	0	102.284248	0.774834
5602	1000	0	0	0	0	0	0	0	0	0	0	0	0	0	0	0	27.50	25.25	2.597290	5.194579	4.630849	102.319214	0	102.177040	0.774834
5603	1000	1	1	1	0	1	0	0	0	0	0	0	0	0	0	0	27.50	25.25	2.595678	5.191356	4.625146	102.248741	0	102.248497	0.774834
5604	1000	2	2	0	0	1	0	0	0	0	0	0	0	0	0	0	27.50	25.25	2.596484	5.192967	4.620869	102.106522	0	102.213234	0.774834
5605	1000	0	0	0	0	0	0	0	0	0	0	0	0	0	0	0	27.50	25.25	2.595678	5.192967	4.623720	102.177505	0	102.000046	0.774834
5606	1000	0	1	0	0	0	0	0	0	0	0	0	0	0	0	0	27.50	25.25	2.597290	5.191356	4.600908	101.645180	0	102.177963	0.774834
5607	1000	0	0	0	0	0	0	0	0	0	0	0	0	0	0	0	27.50	25.25	2.596484	5.194579	4.620869	102.070831	0	102.106522	0.774834
5608	1000	0	0	1	0	0	0	0	0	0	0	0	0	0	0	0	27.50	25.25	2.597290	5.194579	4.623720	102.141792	0	102.247993	0.774834
5609	1000	0	1	2	0	0	0	0	0	0	0	0	0	0	0	0	27.50	25.25	2.597290	5.196191	4.626572	102.177040	0	102.141792	0.774834
5610	1000	3	0	1	0	0	0	0	0	0	0	0	0	0	0	0	27.50	25.25	2.597290	5.194579	4.625146	102.177277	0	102.141792	0.774834
5611	1000	1	0	0	0	0	0	0	0	0	0	0	0	0	0	0	27.50	25.25	2.594872	5.186521	4.616591	102.142899	0	102.213730	0.774834
5612	1000	0	0	0	0	0	0	0	0	0	0	0	0	0	0	0	27.50	25.25	2.596484	5.191356	4.616591	102.035728	0	102.106728	0.774834
5613	1000	0	0	0	0	0	0	0	0	0	0	0	0	0	0	0	27.50	25.25	2.597290	5.191356	4.625146	102.248741	0	102.177742	0.774834
5614	1000	0	0	2	0	0	0	0	0	0	0	0	0	0	0	0	27.50	25.25	2.596484	5.191356	4.619443	102.106728	0	102.213234	0.774834
5615	1000	1	0	0	0	0	0	0	0	0	0	0	0	0	0	0	27.50	25.25	2.597290	5.192967	4.625146	102.212990	0	102.142677	0.774834
5616	1000	0	1	1	0	0	0	0	0	0	0	0	0	0	0	0	27.50	25.25	2.598095	5.194579	4.626572	102.212753	0	102.106102	0.774834
5617	1000	1	1	0	0	1	0	0	0	0	0	0	0	0	0	0	27.50	25.25	2.597290	5.192967	4.620869	102.106522	0	102.070831	0.774834
5618	1000	0	0	0	0	0	0	0	0	0	0	0	0	0	0	0	27.50	25.25	2.598095	5.194579	4.620869	102.070831	0	102.106522	0.774834
5619	1000	0	0	0	0	0	0	0	0	0	0	0	0	0	0	0	27.50	25.25	2.597290	5.192967	4.622294	102.142014	0	101.999863	0.774834
5620	1000	0	0	0	0	0	0	0	0	0	0	0	0	0	0	0	27.50	25.25	2.595678	5.188132	4.619443	102.178200	0	102.249260	0.774834
5621	1000	1	0	0	0	0	0	0	0	0	0	0	0	0	0	0	27.50	25.25	2.597290	5.194579	4.622294	102.106308	0	102.106308	0.774834
5622	1000	1	1	1	0	1	0	0	0	0	0	0	0	0	0	0	27.50	25.25	2.598095	5.194579	4.620869	102.070831	0	102.035347	0.774834
5623	1000	0	0	1	0	0	0	0	0	0	0	0	0	0	0	0	27.50	25.25	2.598901	5.194579	4.626572	102.212753	0	102.035164	0.774834
5624	1000	0	0	1	0	0	0	0	0	0	0	0	0	0	0	0	27.50	25.25	2.597290	5.196191	4.590928	101.290260	0	102.142448	0.774834
5625	1000	0	0	2	0	0	0	0	0	0	0	0	0	0	0	0	27.50	25.25	2.597290	5.191356	4.623720	102.213234	0	102.071022	0.774834
5626	1000	1	0	1	0	0	0	0	0	0	0	0	0	0	0	0	27.50	25.25	2.601319	5.194579	4.625146	102.177277	0	101.999504	0.774834
5627	1000	0	0	0	0	0	0	0	0	0	0	0	0	0	0	0	27.50	25.25	2.600513	5.199414	4.623720	102.034790	0	102.105888	0.774834
5628	1000	1	0	1	0	0	1	0	0	0	0	0	0	0	0	0	27.50	25.25	2.598901	5.192967	4.626572	102.248497	0	102.212753	0.774834
5629	1000	1	1	1	0	0	1	0	0	0	0	0	0	0	0	0	27.50	25.25	2.597290	5.191356	4.625146	102.248741	0	102.248741	0.774834
5630	1000	1	0	1	0	0	0	0	0	0	0	0	0	0	0	0	27.50	25.25	2.597290	5.191356	4.622294	102.177742	0	102.177742	0.774834
5631	1000	0	3	3	0	0	0	0	0	0	0	0	0	0	0	0	27.50	25.25	2.599707	5.196191	4.625146	102.141571	0	102.141792	0.774834
5633	1000	1	1	1	0	0	0	0	0	0	0	0	0	0	0	0	27.50	25.25	2.598095	5.192967	4.622294	102.142014	0	102.070831	0.774834
5634	1000	0	0	1	0	0	0	0	0	0	0	0	0	0	0	0	27.50	25.25	2.599707	5.199414	4.603760	101.538498	0	102.177742	0.774834
5635	1000	0	1	0	0	0	0	0	0	0	0	0	0	0	0	0	27.50	25.25	2.599707	5.194579	4.623720	102.141792	0	101.999680	0.774834
5636	1000	0	0	0	0	0	0	0	0	0	0	0	0	0	0	0	27.50	25.50	2.603736	5.196191	4.626572	102.177040	0	102.141350	0.774834
5637	1000	0	1	1	0	0	0	0	0	0	0	0	0	0	0	0	27.50	25.25	2.598901	5.194579	4.620869	102.070831	0	102.070831	0.774834
5638	1000	0	0	0	0	0	0	0	0	0	0	0	0	0	0	0	27.50	25.25	2.598095	5.192967	4.623720	102.177505	0	102.070831	0.774834
5639	1000	2	2	1	0	1	0	0	1	0	0	0	0	0	0	0	27.50	25.25	2.598901	5.191356	4.592354	101.432152	0	101.574127	0.774834
5640	1000	1	1	1	0	0	0	0	1	0	0	0	0	0	0	0	27.50	25.25	2.598901	5.191356	4.613740	101.964699	0	102.177505	0.774834
5641	1000	1	1	0	0	1	0	0	0	0	0	0	0	0	0	0	27.50	25.25	2.598901	5.194579	4.619443	102.035347	0	102.070831	0.774834
5642	1000	1	1	0	0	1	0	0	0	0	0	0	0	0	0	0	27.50	25.25	2.598901	5.192967	4.623720	102.177505	0	102.035347	0.774834
5643	1000	3	3	2	0	2	0	0	0	0	0	0	0	0	0	0	27.50	25.25	2.598901	5.194579	4.603760	101.645042	0	102.142448	0.774834
5644	1000	0	0	0	0	0	0	0	0	0	0	0	0	0	0	0	27.50	25.25	2.598901	5.192967	4.622294	102.142014	0	102.106522	0.774834
5645	1000	0	0	0	0	0	0	0	0	0	0	0	0	0	0	0	27.50	25.25	2.598901	5.189744	4.618017	102.106941	0	101.964378	0.774834
5646	1000	0	0	0	0	0	0	0	0	0	0	0	0	0	0	0	27.50	25.25	2.598901	5.194579	4.609463	101.786972	0	102.070831	0.774834
5647	1000	0	0	0	0	0	0	0	0	0	0	0	0	0	0	0	27.50	25.25	2.598901	5.192967	4.620869	102.106522	0	102.035347	0.774834
5648	1000	1	1	0	0	1	0	0	0	0	0	0	0	0	0	0	27.50	25.25	2.598095	5.189744	4.605186	101.787300	0	101.645103	0.774834
5649	1000	1	0	2	0	0	0	0	0	0	0	0	0	0	0	0	27.50	25.25	2.599707	5.194579	4.622294	102.106308	0	102.177277	0.774834
5650	1000	0	1	2	0	0	0	0	0	0	0	0	0	0	0	0	27.50	25.25	2.599707	5.194579	4.622294	102.106308	0	102.106522	0.774834
5651	1000	1	0	0	0	0	0	0	0	0	0	0	0	0	0	0	27.50	25.25	2.599707	5.191356	4.620869	102.142235	0	102.035530	0.774834
5652	1000	0	0	1	0	0	0	0	0	0	0	0	0	0	0	0	27.50	25.25	2.598901	5.192967	4.606611	101.751587	0	102.249512	0.774834
5653	1000	2	1	1	0	0	0	0	0	0	0	0	0	0	0	0	27.50	25.25	2.598095	5.191356	4.622294	102.177742	0	102.106522	0.774834
5654	1000	0	0	0	0	0	0	0	0	0	0	0	0	0	0	0	27.50	25.25	2.598901	5.196191	4.618017	101.964218	0	102.071022	0.774834
5655	1000	0	0	0	0	0	0	0	0	0	0	0	0	0	0	0	27.50	25.25	2.599707	5.192967	4.616591	102.000046	0	101.999863	0.774834
5656	1000	0	1	0	0	0	0	0	0	0	0	0	0	0	0	0	27.50	25.25	2.598901	5.191356	4.615166	102.000221	0	102.106728	0.774834
5657	1000	2	2	0	0	2	0	0	0	0	0	0	0	0	0	0	27.50	25.25	2.598095	5.188132	4.595205	101.574249	0	101.751785	0.774834
5658	1000	0	2	2	0	0	0	0	1	0	0	0	0	0	0	0	27.50	25.25	2.598095	5.191356	4.620869	102.142235	0	102.142448	0.774834
5659	1000	1	0	0	0	0	0	0	0	0	0	0	0	0	0	0	27.50	25.25	2.599707	5.192967	4.622294	102.142014	0	102.071022	0.774834
5660	1000	0	0	0	0	0	0	0	0	0	0	0	0	0	0	0	27.50	25.25	2.598095	5.192967	4.622294	102.142014	0	102.070831	0.774834
5661	1000	0	0	0	0	0	0	0	0	0	0	0	0	0	0	0	27.50	25.25	2.598901	5.192967	4.643681	102.674416	0	102.142677	0.774834
5662	1000	1	0	1	0	0	1	0	0	0	0	0	0	0	0	0	27.50	25.25	2.598095	5.191356	4.616591	102.035728	0	102.000046	0.774834
5663	1000	1	2	2	0	1	1	0	2	0	0	1	0	0	0	0	27.50	25.25	2.600513	5.192967	4.619443	102.071022	0	102.035164	0.774834
5664	1000	0	1	0	0	0	0	0	0	0	0	0	0	0	0	0	27.50	25.25	2.602125	5.196191	4.625146	102.141571	0	102.034973	0.774834
5665	1000	1	0	1	0	0	0	0	0	0	0	0	0	0	0	0	27.50	25.25	2.598901	5.192967	4.616591	102.000046	0	102.106308	0.774834
5666	1000	0	1	0	0	0	0	0	0	0	0	0	0	0	0	0	27.50	25.50	2.601319	5.189744	4.603760	101.751785	0	102.142677	0.774834
5667	1000	1	2	1	0	1	0	0	1	0	0	0	0	0	0	0	27.50	25.25	2.599707	5.194579	4.620869	102.070831	0	101.999863	0.774834
5668	1000	2	1	0	0	1	0	0	0	0	0	0	0	0	0	0	27.50	25.25	2.601319	5.196191	4.625146	102.141571	0	102.034973	0.774834
5669	1000	1	0	1	0	0	0	0	0	0	0	0	0	0	0	0	27.50	25.25	2.599707	5.189744	4.620869	102.177963	0	102.177277	0.774834
5670	1000	0	1	1	0	0	0	0	0	0	0	0	0	0	0	0	27.50	25.25	2.598901	5.192967	4.602334	101.645103	0	102.035912	0.774834
5671	1000	0	0	1	0	0	0	0	0	0	0	0	0	0	0	0	27.50	25.25	2.597290	5.188132	4.620869	102.213730	0	102.071220	0.774834
5672	1000	0	2	1	0	0	0	0	1	0	0	0	0	0	0	0	27.50	25.25	2.599707	5.192967	4.623720	102.177505	0	102.106522	0.774834
5673	1000	0	0	0	0	0	0	0	0	0	0	0	0	0	0	0	27.50	25.25	2.599707	5.192967	4.623720	102.177505	0	102.106522	0.774834
5674	1000	1	0	1	0	0	0	0	0	0	0	0	0	0	0	0	27.50	25.25	2.598901	5.192967	4.622294	102.142014	0	101.999863	0.774834
5675	1000	0	0	0	0	0	0	0	0	0	0	0	0	0	0	0	27.50	25.25	2.599707	5.191356	4.615166	102.000221	0	102.320580	0.774834
5676	1000	1	0	1	0	0	0	0	0	0	0	0	0	0	0	0	27.50	25.25	2.598901	5.192967	4.622294	102.142014	0	102.035530	0.774834
5677	1000	2	0	0	0	0	0	0	0	0	0	0	0	0	0	0	27.50	25.25	2.596484	5.192967	4.620869	102.106522	0	102.106522	0.774834
5678	1000	0	0	1	0	0	0	0	0	0	0	0	0	0	0	0	27.50	25.50	2.598901	5.183297	4.616591	102.214455	0	102.106728	0.774834
5679	1000	0	0	0	0	0	0	0	0	0	0	0	0	0	0	0	27.50	25.25	2.598901	5.191356	4.616591	102.035728	0	102.000046	0.774834
5680	1000	0	1	0	0	0	0	0	0	0	0	0	0	0	0	0	27.50	25.25	2.597290	5.184909	4.620869	102.285309	0	102.177963	0.774834
5681	1000	0	0	1	0	0	0	0	0	0	0	0	0	0	0	0	27.50	25.25	2.600513	5.192967	4.619443	102.071022	0	102.141792	0.774834
5682	1000	0	1	0	0	0	0	0	0	0	0	0	0	0	0	0	27.50	25.25	2.599707	5.192967	4.625146	102.212990	0	102.106522	0.774834
5683	1000	0	1	0	0	0	0	0	0	0	0	0	0	0	0	0	27.50	25.25	2.600513	5.194579	4.625146	102.177277	0	102.141571	0.774834
5684	1000	0	2	0	0	0	0	0	0	0	0	0	0	0	0	0	27.50	25.25	2.600513	5.192967	4.603760	101.680595	0	102.177742	0.774834
5685	1000	0	1	1	0	0	0	0	1	0	0	0	0	0	0	0	27.50	25.25	2.598095	5.189744	4.619443	102.142448	0	102.071220	0.774834
5686	1000	1	0	1	0	0	0	0	0	0	0	0	0	0	0	0	27.50	25.25	2.595678	5.194579	4.622294	102.106308	0	102.106308	0.774834
5687	1000	0	1	0	0	0	0	0	0	0	0	0	0	0	0	0	27.50	25.25	2.602125	5.199414	4.623720	102.034790	0	102.035164	0.774834
5688	1000	0	0	0	0	0	0	0	0	0	0	0	0	0	0	0	27.50	25.25	2.602125	5.194579	4.625146	102.177277	0	102.070435	0.774834
5689	1000	0	1	1	0	0	0	0	0	0	0	0	0	0	0	0	27.50	25.25	2.598095	5.186521	4.622294	102.285049	0	102.142448	0.774834
5690	1000	0	0	0	0	0	0	0	0	0	0	0	0	0	0	0	27.50	25.25	2.599707	5.191356	4.620869	102.142235	0	102.142014	0.774834
5691	1000	0	0	1	0	0	0	0	0	0	0	0	0	0	0	0	27.50	25.25	2.601319	5.194579	4.619443	102.035347	0	101.999863	0.774834
5692	1000	0	1	1	0	0	0	0	0	0	0	0	0	0	0	0	27.50	25.25	2.600513	5.194579	4.625146	102.177277	0	102.070633	0.774834
5693	1000	0	0	0	0	0	0	0	0	0	0	0	0	0	0	0	27.50	25.25	2.601319	5.194579	4.602334	101.609558	0	102.071220	0.774834
5694	1000	1	0	0	0	0	0	0	0	0	0	0	0	0	0	0	27.50	25.25	2.598901	5.191356	4.622294	102.177742	0	102.071220	0.774834
5695	1000	0	0	0	0	0	0	0	0	0	0	0	0	0	0	0	27.50	25.25	2.599707	5.192967	4.622294	102.142014	0	102.035530	0.774834
5696	1000	0	1	0	0	0	0	0	0	0	0	0	0	0	0	0	27.50	25.25	2.599707	5.191356	4.620869	102.142235	0	102.035728	0.774834
5697	1000	1	0	1	0	0	1	0	0	0	0	0	0	0	0	0	27.50	25.25	2.600513	5.194579	4.622294	102.106308	0	102.106308	0.774834
5698	1000	0	1	0	0	0	0	0	0	0	0	0	0	0	0	0	27.50	25.25	2.600513	5.191356	4.623720	102.213234	0	102.285309	0.774834
5699	1000	2	1	1	0	1	1	0	1	0	0	1	0	0	0	0	27.50	25.25	2.599707	5.192967	4.603760	101.680595	0	102.142014	0.774834
5700	1000	1	1	0	0	0	0	0	0	0	0	0	0	0	0	0	27.50	25.25	2.601319	5.192967	4.619443	102.071022	0	102.035530	0.774834
5701	1000	0	0	0	0	0	0	0	0	0	0	0	0	0	0	0	27.50	25.25	2.599707	5.191356	4.619443	102.106728	0	102.035530	0.774834
5702	1000	1	0	1	0	0	0	0	0	0	0	0	0	0	0	0	27.50	25.25	2.602125	5.197803	4.598057	101.432152	0	102.248741	0.774834
5703	1000	0	0	1	0	0	0	0	0	0	0	0	0	0	0	0	27.50	25.25	2.601319	5.192967	4.622294	102.142014	0	102.106308	0.774834
5704	1000	0	0	0	0	0	0	0	0	0	0	0	0	0	0	0	27.50	25.25	2.601319	5.196191	4.623720	102.106102	0	102.070831	0.774834
5705	1000	0	0	1	0	0	0	0	0	0	0	0	0	0	0	0	27.50	25.25	2.602931	5.197803	4.625146	102.105888	0	102.070435	0.774834
5706	1000	0	1	0	0	0	0	0	0	0	0	0	0	0	0	0	27.50	25.25	2.601319	5.194579	4.620869	102.070831	0	101.964218	0.774834
5707	1000	0	0	0	0	0	0	0	0	0	0	0	0	0	0	0	27.50	25.25	2.599707	5.189744	4.622294	102.213486	0	102.249260	0.774834
5708	1000	0	0	1	0	0	0	0	0	0	0	0	0	0	0	0	27.50	25.25	2.599707	5.192967	4.612314	101.893562	0	102.177742	0.774834
5709	1000	3	1	2	0	0	1	0	0	0	0	0	0	0	0	0	27.50	25.25	2.601319	5.192967	4.618017	102.035530	0	102.106522	0.774834
5710	1000	0	1	0	0	0	0	0	0	0	0	0	0	0	0	0	27.50	25.25	2.599707	5.191356	4.619443	102.106728	0	102.035530	0.774834
5711	1000	0	1	2	0	0	0	0	0	0	0	0	0	0	0	0	27.50	25.25	2.601319	5.199414	4.623720	102.034790	0	102.213730	0.774834
5712	1000	0	1	0	0	0	0	0	0	0	0	0	0	0	0	0	27.50	25.25	2.599707	5.189744	4.615166	102.035912	0	102.177963	0.774834
5713	1000	0	0	0	0	0	0	0	0	0	0	0	0	0	0	0	27.50	25.50	2.601319	5.189744	4.622294	102.213486	0	102.177742	0.774834
5714	1000	1	0	0	0	0	0	0	0	0	0	0	0	0	0	0	27.50	25.25	2.601319	5.192967	4.618017	102.035530	0	102.142014	0.774834
5715	1000	1	3	0	0	1	0	0	0	0	0	0	0	0	0	0	27.50	25.25	2.600513	5.191356	4.623720	102.213234	0	102.035530	0.774834
5716	1000	0	0	1	0	0	0	0	0	0	0	0	0	0	0	0	27.50	25.50	2.601319	5.189744	4.618017	102.106941	0	101.716362	0.774834
5717	1000	0	1	0	0	0	0	0	0	0	0	0	0	0	0	0	27.50	25.25	2.600513	5.191356	4.625146	102.248741	0	102.071022	0.774834
5718	1000	3	1	0	0	1	0	0	0	0	0	0	0	0	0	0	28.00	25.25	2.602931	5.197803	4.626572	102.141350	0	102.177040	0.774834
5719	1000	1	1	1	0	1	0	0	0	0	0	0	0	0	0	0	27.50	25.25	2.599707	5.191356	4.616591	102.035728	0	102.106728	0.774834
5720	1000	1	2	0	0	1	0	0	0	0	0	0	0	0	0	0	27.50	25.25	2.601319	5.192967	4.602334	101.645103	0	102.107147	0.774834
5721	1000	1	0	0	0	0	0	0	0	0	0	0	0	0	0	0	27.50	25.50	2.599707	5.188132	4.615166	102.071617	0	102.071434	0.774834
5722	1000	0	0	1	0	0	0	0	0	0	0	0	0	0	0	0	27.50	25.50	2.601319	5.191356	4.620869	102.142235	0	102.106522	0.774834
5723	1000	0	1	0	0	0	0	0	0	0	0	0	0	0	0	0	27.50	25.25	2.602125	5.194579	4.602334	101.609558	0	101.999863	0.774834
5724	1000	0	0	0	0	0	0	0	0	0	0	0	0	0	0	0	27.50	25.50	2.602125	5.192967	4.620869	102.106522	0	102.070831	0.774834
5725	1000	0	0	0	0	0	0	0	0	0	0	0	0	0	0	0	28.00	25.50	2.601319	5.191356	4.603760	101.716179	0	101.574165	0.774834
5726	1000	2	1	0	0	0	0	0	0	0	0	0	0	0	0	0	27.50	25.50	2.601319	5.191356	4.620869	102.142235	0	102.035530	0.774834
5727	1000	0	0	1	0	0	0	0	0	0	0	0	0	0	0	0	27.50	25.25	2.600513	5.191356	4.619443	102.106728	0	102.142235	0.774834
5728	1000	2	0	0	0	0	0	0	0	0	0	0	0	0	0	0	27.50	25.50	2.601319	5.189744	4.618017	102.106941	0	102.071220	0.774834
5729	1000	0	0	1	0	0	0	0	0	0	0	0	0	0	0	0	27.50	25.50	2.601319	5.191356	4.598057	101.574165	0	102.249756	0.774834
5730	1000	0	2	0	0	0	0	0	0	0	0	0	0	0	0	0	27.50	25.25	2.600513	5.191356	4.620869	102.142235	0	102.106728	0.774834
5731	1000	0	1	0	0	0	0	0	0	0	0	0	0	0	0	0	28.00	25.25	2.602125	5.196191	4.622294	102.070633	0	102.035347	0.774834
5732	1000	0	0	0	0	0	0	0	0	0	0	0	0	0	0	0	27.50	25.50	2.602931	5.194579	4.612314	101.857933	0	102.070831	0.774834
5733	1000	0	0	1	0	0	0	0	0	0	0	0	0	0	0	0	28.00	25.50	2.601319	5.191356	4.620869	102.142235	0	102.106522	0.774834
5734	1000	1	1	0	0	1	0	0	0	0	0	0	0	0	0	0	27.50	25.25	2.599707	5.189744	4.599483	101.645241	0	101.609673	0.774834
5735	1000	0	0	0	0	0	0	0	0	0	0	0	0	0	0	0	27.50	25.25	2.600513	5.191356	4.620869	102.142235	0	102.106728	0.774834
5736	1000	0	0	0	0	0	0	0	0	0	0	0	0	0	0	0	27.50	25.25	2.601319	5.192967	4.619443	102.071022	0	102.035530	0.774834
5737	1000	0	1	2	0	0	0	0	0	0	0	0	0	0	0	0	28.00	25.50	2.603736	5.192967	4.618017	102.035530	0	102.070831	0.774834
5738	1000	1	0	0	0	0	0	0	0	0	0	0	0	0	0	0	27.50	25.25	2.601319	5.192967	4.600908	101.609612	0	102.178436	0.774834
5739	1000	1	0	0	0	0	0	0	0	0	0	0	0	0	0	0	28.00	25.50	2.602125	5.191356	4.620869	102.142235	0	102.035530	0.774834
5740	1000	0	1	0	0	0	0	0	0	0	0	0	0	0	0	0	27.50	25.50	2.602125	5.188132	4.620869	102.213730	0	102.106522	0.774834
5741	1000	0	0	0	0	0	0	0	0	0	0	0	0	0	0	0	27.50	25.25	2.601319	5.192967	4.619443	102.071022	0	101.964539	0.774834
5742	1000	0	0	0	0	0	0	0	0	0	0	0	0	0	0	0	27.50	25.50	2.601319	5.191356	4.616591	102.035728	0	101.929047	0.774834
5743	1000	1	1	2	0	0	1	0	0	0	0	0	0	0	0	0	28.00	25.50	2.603736	5.191356	4.602334	101.680672	0	102.071434	0.774834
5744	1000	1	0	0	0	0	0	0	0	0	0	0	0	0	0	0	27.50	25.50	2.602125	5.191356	4.619443	102.106728	0	102.071022	0.774834
5745	1000	0	0	2	0	0	0	0	0	0	0	0	0	0	0	0	28.00	25.50	2.602931	5.194579	4.620869	102.070831	0	102.035347	0.774834
5746	1000	1	1	1	0	1	0	0	0	0	0	0	0	0	0	0	27.50	25.50	2.602125	5.186521	4.620869	102.249512	0	101.929047	0.774834
5747	1000	1	3	0	0	1	0	0	0	0	0	0	0	0	0	0	28.00	25.50	2.603736	5.194579	4.610888	101.822456	0	102.177963	0.774834
5748	1000	0	0	1	0	0	0	0	0	0	0	0	0	0	0	0	27.50	25.50	2.601319	5.191356	4.625146	102.248741	0	102.071022	0.774834
5749	1000	1	0	0	0	0	0	0	0	0	0	0	0	0	0	0	28.00	25.50	2.602125	5.192967	4.618017	102.035530	0	102.177742	0.774834
5750	1000	0	1	0	0	0	0	0	0	0	0	0	0	0	0	0	27.50	25.50	2.601319	5.191356	4.620869	102.142235	0	102.106728	0.774834
5751	1000	0	2	0	0	0	0	0	0	0	0	0	0	0	0	0	28.00	25.50	2.600513	5.189744	4.618017	102.106941	0	102.071220	0.774834
5752	1000	0	2	0	0	0	0	0	0	0	0	0	0	0	0	0	28.00	25.50	2.600513	5.188132	4.600908	101.716362	0	102.178665	0.774834
5753	1000	0	1	2	0	0	0	0	1	0	0	0	0	0	0	0	28.00	25.25	2.600513	5.191356	4.620869	102.142235	0	102.071220	0.774834
5754	1000	1	0	0	0	0	0	0	0	0	0	0	0	0	0	0	28.00	25.50	2.602125	5.192967	4.618017	102.035530	0	101.964378	0.774834
5755	1000	0	0	0	0	0	0	0	0	0	0	0	0	0	0	0	28.00	25.50	2.602931	5.191356	4.622294	102.177742	0	102.070831	0.774834
5756	1000	0	0	0	0	0	0	0	0	0	0	0	0	0	0	0	28.00	25.50	2.602931	5.192967	4.618017	102.035530	0	101.964378	0.774834
5757	1000	0	2	1	0	0	0	0	0	0	0	0	0	0	0	0	27.50	25.50	2.601319	5.189744	4.620869	102.177963	0	102.142235	0.774834
5758	1000	0	0	0	0	0	0	0	0	0	0	0	0	0	0	0	28.00	25.50	2.603736	5.194579	4.619443	102.035347	0	102.177277	0.774834
5759	1000	1	1	0	0	1	0	0	0	0	0	0	0	0	0	0	28.00	25.50	2.602125	5.192967	4.622294	102.142014	0	102.000046	0.774834
5760	1000	0	0	0	0	0	0	0	0	0	0	0	0	0	0	0	27.50	25.50	2.601319	5.191356	4.620869	102.142235	0	101.999863	0.774834
5761	1000	1	1	0	0	1	0	0	0	0	0	0	0	0	0	0	28.00	25.50	2.604542	5.192967	4.652236	102.887375	0	102.177742	0.774834
5762	1000	1	0	1	0	0	0	0	0	0	0	0	0	0	0	0	28.00	25.50	2.602125	5.189744	4.622294	102.213486	0	102.106522	0.774834
5763	1000	1	1	1	0	0	0	0	0	0	0	0	0	0	0	0	28.00	25.50	2.602931	5.194579	4.620869	102.070831	0	102.106308	0.774834
5764	1000	0	0	0	0	0	0	0	0	0	0	0	0	0	0	0	28.00	25.50	2.603736	5.192967	4.619443	102.071022	0	102.070831	0.774834
5765	1000	0	1	1	0	0	0	0	0	0	0	0	0	0	0	0	28.00	25.50	2.602931	5.192967	4.622294	102.142014	0	102.035347	0.774834
5766	1000	0	0	0	0	0	0	0	0	0	0	0	0	0	0	0	28.00	25.50	2.601319	5.188132	4.622294	102.249260	0	102.177963	0.774834
5767	1000	1	0	0	0	0	0	0	0	0	0	0	0	0	0	0	28.00	25.50	2.602125	5.191356	4.619443	102.106728	0	102.106522	0.774834
5768	1000	0	1	1	0	0	0	0	1	0	0	0	0	0	0	0	28.00	25.50	2.602125	5.191356	4.620869	102.142235	0	101.964539	0.774834
5769	1000	3	0	1	0	0	0	0	0	0	0	0	0	0	0	0	28.00	25.50	2.602125	5.191356	4.615166	102.000221	0	102.000221	0.774834
5770	1000	0	0	0	0	0	0	0	0	0	0	0	0	0	0	0	28.00	25.25	2.602125	5.194579	4.592354	101.361183	0	102.036285	0.774834
5771	1000	0	0	0	0	0	0	0	0	0	0	0	0	0	0	0	28.00	25.50	2.601319	5.191356	4.623720	102.213234	0	102.213486	0.774834
5772	1000	1	1	1	0	1	0	0	0	0	0	0	0	0	0	0	27.50	25.50	2.604542	5.192967	4.620869	102.106522	0	102.212990	0.774834
5773	1000	0	2	0	0	0	0	0	0	0	0	0	0	0	0	0	28.00	25.50	2.603736	5.192967	4.623720	102.177505	0	102.248497	0.774834
5774	1000	2	0	0	0	0	0	0	0	0	0	0	0	0	0	0	27.50	25.50	2.602931	5.194579	4.620869	102.070831	0	101.928902	0.774834
5775	1000	2	1	1	0	0	1	0	0	0	0	0	0	0	0	0	28.00	25.50	2.600513	5.183297	4.593780	101.645508	0	102.143555	0.774834
5776	1000	0	1	2	0	0	0	0	1	0	0	0	0	0	0	0	28.00	25.50	2.602125	5.189744	4.598057	101.609718	0	101.964699	0.774834
5777	1000	0	0	0	0	0	0	0	0	0	0	0	0	0	0	0	28.00	25.50	2.602931	5.192967	4.623720	102.177505	0	102.071220	0.774834
5778	1000	1	2	2	0	1	0	0	0	0	0	0	0	0	0	0	28.00	25.50	2.601319	5.191356	4.625146	102.248741	0	102.035347	0.774834
5779	1000	0	0	0	0	0	0	0	0	0	0	0	0	0	0	0	28.00	25.50	2.603736	5.192967	4.548155	100.296349	0	102.036087	0.774834
5780	1000	2	0	0	0	0	0	0	0	0	0	0	0	0	0	0	28.00	25.50	2.602931	5.192967	4.622294	102.142014	0	102.177505	0.774834
5781	1000	0	0	0	0	0	0	0	0	0	0	0	0	0	0	0	28.00	25.50	2.603736	5.191356	4.619443	102.106728	0	101.999863	0.774834
5782	1000	2	2	2	0	0	1	0	0	0	0	0	0	0	0	0	28.00	25.50	2.603736	5.192967	4.622294	102.142014	0	102.106522	0.774834
5783	1000	0	0	0	0	0	0	0	0	0	0	0	0	0	0	0	28.00	25.50	2.603736	5.192967	4.619443	102.071022	0	102.070831	0.774834
5784	1000	1	1	1	0	1	0	0	0	0	0	0	0	0	0	0	28.00	25.50	2.601319	5.184909	4.618017	102.214211	0	102.107147	0.774834
5785	1000	1	1	0	0	0	0	0	0	0	0	0	0	0	0	0	28.00	25.50	2.604542	5.194579	4.620869	102.070831	0	102.070831	0.774834
5786	1000	2	2	0	0	0	0	0	0	0	0	0	0	0	0	0	28.00	25.50	2.604542	5.196191	4.620869	102.035164	0	102.070831	0.774834
5787	1000	0	0	2	0	0	0	0	0	0	0	0	0	0	0	0	28.00	25.50	2.605348	5.196191	4.625146	102.141571	0	102.035164	0.774834
5788	1000	1	1	0	0	1	0	0	0	0	0	0	0	0	0	0	28.00	25.25	2.602931	5.196191	4.605186	101.644981	0	102.213730	0.774834
5789	1000	1	3	0	0	1	0	0	0	0	0	0	0	0	0	0	28.00	25.50	2.603736	5.192967	4.626572	102.248497	0	101.999863	0.774834
5790	1000	0	0	1	0	0	0	0	0	0	0	0	0	0	0	0	28.00	25.50	2.607766	5.191356	4.620869	102.142235	0	102.070831	0.774834
5791	1000	1	0	1	0	0	0	0	0	0	0	0	0	0	0	0	28.00	25.50	2.604542	5.194579	4.618017	101.999863	0	102.106522	0.774834
5792	1000	0	0	0	0	0	0	0	0	0	0	0	0	0	0	0	28.00	25.50	2.603736	5.194579	4.623720	102.141792	0	102.106308	0.774834
5793	1000	0	0	3	0	0	0	0	0	0	0	0	0	0	0	0	28.00	25.50	2.602125	5.188132	4.622294	102.249260	0	101.680977	0.774834
5794	1000	0	0	0	0	0	0	0	0	0	0	0	0	0	0	0	28.00	25.50	2.602931	5.191356	4.616591	102.035728	0	102.071220	0.774834
5795	1000	1	0	2	0	0	0	0	0	0	0	0	0	0	0	0	28.00	25.50	2.604542	5.192967	4.620869	102.106522	0	102.106522	0.774834
5796	1000	0	0	0	0	0	0	0	0	0	0	0	0	0	0	0	28.00	25.50	2.606960	5.194579	4.625146	102.177277	0	102.106308	0.774834
5797	1000	0	0	1	0	0	0	0	0	0	0	0	0	0	0	0	28.00	25.50	2.605348	5.194579	4.603760	101.645042	0	102.142448	0.774834
5798	1000	1	2	0	0	1	0	0	0	0	0	0	0	0	0	0	28.00	25.50	2.602931	5.191356	4.622294	102.177742	0	102.142014	0.774834
5799	1000	0	0	0	0	0	0	0	0	0	0	0	0	0	0	0	28.00	25.50	2.604542	5.191356	4.620869	102.142235	0	102.106308	0.774834
5800	1000	2	0	2	0	0	0	0	0	0	0	0	0	0	0	0	28.00	25.50	2.604542	5.194579	4.605186	101.680527	0	101.928902	0.774834
5801	1000	1	0	0	0	0	0	0	0	0	0	0	0	0	0	0	28.00	25.50	2.605348	5.194579	4.627998	102.248253	0	102.177040	0.774834
5802	1000	0	0	0	0	0	0	0	0	0	0	0	0	0	0	0	28.00	25.50	2.605348	5.191356	4.522492	99.692429	0	102.213234	0.774834
5803	1000	0	1	2	0	0	0	0	0	0	0	0	0	0	0	0	28.00	25.50	2.603736	5.192967	4.620869	102.106522	0	102.142014	0.774834
5804	1000	0	1	0	0	0	0	0	0	0	0	0	0	0	0	0	28.00	25.50	2.605348	5.196191	4.625146	102.141571	0	102.141792	0.774834
5805	1000	1	0	1	0	0	1	0	0	0	0	0	0	0	0	0	28.00	25.50	2.605348	5.191356	4.618017	102.071220	0	102.035530	0.774834
5806	1000	0	1	0	0	0	0	0	0	0	0	0	0	0	0	0	28.00	25.50	2.602125	5.189744	4.599483	101.645241	0	102.214211	0.774834
5807	1000	0	1	0	0	0	0	0	0	0	0	0	0	0	0	0	28.00	25.50	2.602931	5.191356	4.622294	102.177742	0	102.000221	0.774834
5808	1000	1	2	0	0	1	0	0	0	0	0	0	0	0	0	0	28.00	25.50	2.605348	5.191356	4.620869	102.142235	0	102.212990	0.774834
5809	1000	0	0	0	0	0	0	0	0	0	0	0	0	0	0	0	28.00	25.50	2.604542	5.192967	4.602334	101.645103	0	102.070831	0.774834
5810	1000	0	2	2	0	0	0	0	1	0	0	0	0	0	0	0	28.00	25.50	2.604542	5.192967	4.622294	102.142014	0	102.035347	0.774834
5811	1000	4	1	1	0	1	0	0	0	0	0	0	0	0	0	0	28.00	25.50	2.602931	5.189744	4.646533	102.817245	0	102.213486	0.774834
5812	1000	2	0	0	0	0	0	0	0	0	0	0	0	0	0	0	28.00	25.50	2.603736	5.191356	4.622294	102.177742	0	102.071022	0.774834
5813	1000	0	0	2	0	0	0	0	0	0	0	0	0	0	0	0	28.00	25.50	2.604542	5.194579	4.622294	102.106308	0	102.035530	0.774834
5814	1000	1	0	1	0	0	0	0	0	0	0	0	0	0	0	0	28.00	25.50	2.606154	5.188132	4.613740	102.036087	0	102.142448	0.774834
5815	1000	0	0	1	0	0	0	0	0	0	0	0	0	0	0	0	28.00	25.50	2.603736	5.191356	4.549581	100.367020	0	102.213966	0.774834
5816	1000	0	1	1	0	0	0	0	0	0	0	0	0	0	0	0	28.00	25.50	2.603736	5.189744	4.623720	102.249001	0	102.142448	0.774834
5817	1000	1	1	0	0	1	0	0	0	0	0	0	0	0	0	0	28.00	25.50	2.603736	5.192967	4.619443	102.071022	0	102.035530	0.774834
5818	1000	2	0	1	0	0	1	0	0	0	0	0	0	0	0	0	28.00	25.50	2.605348	5.194579	4.622294	102.106308	0	102.141792	0.774834
5819	1000	1	0	0	0	0	0	0	0	0	0	0	0	0	0	0	28.00	25.50	2.603736	5.191356	4.623720	102.213234	0	102.177742	0.774834
5820	1000	0	0	0	0	0	0	0	0	0	0	0	0	0	0	0	28.00	25.50	2.603736	5.189744	4.595205	101.538696	0	102.178665	0.774834
5821	1000	0	1	0	0	0	0	0	0	0	0	0	0	0	0	0	28.00	25.50	2.604542	5.191356	4.623720	102.213234	0	102.142235	0.774834
5822	1000	1	0	0	0	0	0	0	0	0	0	0	0	0	0	0	28.00	25.50	2.605348	5.194579	4.620869	102.070831	0	102.106308	0.774834
5823	1000	0	1	0	0	0	0	0	0	0	0	0	0	0	0	0	28.00	25.50	2.605348	5.199414	4.620869	101.963890	0	102.106522	0.774834
5824	1000	2	1	0	0	0	0	0	0	0	0	0	0	0	0	0	28.00	25.50	2.605348	5.194579	4.620869	102.070831	0	102.106102	0.774834
5825	1000	1	0	0	0	0	0	0	0	0	0	0	0	0	0	0	28.00	25.50	2.602931	5.188132	4.618017	102.142677	0	102.142448	0.774834
5826	1000	0	1	1	0	0	0	0	1	0	0	0	0	0	0	0	28.00	25.50	2.603736	5.188132	4.616591	102.107147	0	102.071617	0.774834
5827	1000	0	1	0	0	0	0	0	0	0	0	0	0	0	0	0	28.00	25.50	2.604542	5.191356	4.619443	102.106728	0	102.142235	0.774834
5828	1000	0	0	0	0	0	0	0	0	0	0	0	0	0	0	0	28.00	25.50	2.604542	5.191356	4.622294	102.177742	0	102.035530	0.774834
5829	1000	1	0	0	0	0	0	0	0	0	0	0	0	0	0	0	28.00	25.50	2.605348	5.191356	4.603760	101.716179	0	102.213730	0.774834
5830	1000	1	1	1	0	0	0	0	1	0	0	0	0	0	0	0	28.00	25.50	2.603736	5.189744	4.618017	102.106941	0	102.035728	0.774834
5831	1000	0	0	0	0	0	0	0	0	0	0	0	0	0	0	0	28.00	25.50	2.603736	5.191356	4.619443	102.106728	0	101.929047	0.774834
5832	1000	1	0	0	0	0	0	0	0	0	0	0	0	0	0	0	28.00	25.50	2.606154	5.191356	4.622294	102.177742	0	102.035530	0.774834
5833	1000	1	0	2	0	0	0	0	0	0	0	0	0	0	0	0	28.00	25.50	2.603736	5.191356	4.619443	102.106728	0	101.964539	0.774834
5834	1000	0	1	0	0	0	0	0	0	0	0	0	0	0	0	0	28.00	25.50	2.602931	5.186521	4.622294	102.285049	0	102.177963	0.774834
5835	1000	1	0	1	0	0	0	0	0	0	0	0	0	0	0	0	28.00	25.50	2.605348	5.191356	4.622294	102.177742	0	102.142014	0.774834
5836	1000	0	1	1	0	0	0	0	0	0	0	0	0	0	0	0	28.00	25.50	2.606154	5.192967	4.619443	102.071022	0	102.106522	0.774834
5837	1000	0	2	0	0	0	0	0	0	0	0	0	0	0	0	0	28.00	25.50	2.605348	5.191356	4.620869	102.142235	0	101.964539	0.774834
5838	1000	0	1	0	0	0	0	0	0	0	0	0	0	0	0	0	28.00	25.50	2.607766	5.192967	4.655087	102.958359	0	102.142235	0.774834
5839	1000	1	1	0	0	1	0	0	0	0	0	0	0	0	0	0	28.00	25.50	2.604542	5.189744	4.616591	102.071434	0	102.106941	0.774834
5840	1000	3	2	0	0	2	0	0	0	0	0	0	0	0	0	0	28.00	25.50	2.606960	5.191356	4.620869	102.142235	0	102.106522	0.774834
5841	1000	0	2	0	0	0	0	0	0	0	0	0	0	0	0	0	28.00	25.50	2.606154	5.192967	4.619443	102.071022	0	101.999863	0.774834
5842	1000	0	0	0	0	0	0	0	0	0	0	0	0	0	0	0	28.00	25.50	2.605348	5.192967	4.619443	102.071022	0	102.071022	0.774834
5843	1000	0	0	0	0	0	0	0	0	0	0	0	0	0	0	0	28.00	25.50	2.604542	5.188132	4.618017	102.142677	0	102.107361	0.774834
5844	1000	1	0	0	0	0	0	0	0	0	0	0	0	0	0	0	28.00	25.50	2.603736	5.189744	4.620869	102.177963	0	102.000221	0.774834
5845	1000	1	2	0	0	1	0	0	0	0	0	0	0	0	0	0	28.00	25.50	2.606154	5.192967	4.619443	102.071022	0	102.106522	0.774834
5846	1000	0	0	0	0	0	0	0	0	0	0	0	0	0	0	0	28.00	25.50	2.606154	5.191356	4.622294	102.177742	0	102.035530	0.774834
5847	1000	0	0	0	0	0	0	0	0	0	0	0	0	0	0	0	28.00	25.50	2.606154	5.199414	4.647958	102.637428	0	102.142677	0.774834
5848	1000	1	1	1	0	1	0	0	0	0	0	0	0	0	0	0	28.00	25.50	2.603736	5.189744	4.619443	102.142448	0	102.000221	0.774834
5849	1000	1	0	0	0	0	0	0	0	0	0	0	0	0	0	0	28.00	25.50	2.607766	5.191356	4.623720	102.213234	0	102.142014	0.774834
5850	1000	0	0	1	0	0	0	0	0	0	0	0	0	0	0	0	28.00	25.50	2.606960	5.194579	4.620869	102.070831	0	102.071022	0.774834
5851	1000	0	0	1	0	0	0	0	0	0	0	0	0	0	0	0	28.00	25.50	2.604542	5.191356	4.622294	102.177742	0	102.070831	0.774834
5852	1000	0	0	1	0	0	0	0	0	0	0	0	0	0	0	0	28.00	25.50	2.604542	5.191356	4.612314	101.929207	0	102.464340	0.774834
5853	1000	0	0	1	0	0	0	0	0	0	0	0	0	0	0	0	28.00	25.50	2.605348	5.191356	4.600908	101.645180	0	102.071022	0.774834
5854	1000	0	0	1	0	0	0	0	0	0	0	0	0	0	0	0	28.00	25.50	2.606960	5.194579	4.623720	102.141792	0	102.035347	0.774834
5855	1000	0	2	0	0	0	0	0	0	0	0	0	0	0	0	0	28.00	25.50	2.605348	5.192967	4.622294	102.142014	0	102.070831	0.774834
5856	1000	2	3	0	0	2	0	0	0	0	0	0	0	0	0	0	28.00	25.50	2.606154	5.192967	4.615166	101.964539	0	102.213730	0.774834
5857	1000	1	2	1	0	0	0	0	0	0	0	0	0	0	0	0	28.00	25.50	2.602931	5.186521	4.613740	102.071815	0	102.106941	0.774834
5858	1000	0	1	0	0	0	0	0	0	0	0	0	0	0	0	0	28.00	25.50	2.604542	5.188132	4.619443	102.178200	0	102.035728	0.774834
5859	1000	0	0	0	0	0	0	0	0	0	0	0	0	0	0	0	28.00	25.50	2.604542	5.191356	4.619443	102.106728	0	102.106728	0.774834
5860	1000	0	0	0	0	0	0	0	0	0	0	0	0	0	0	0	28.00	25.50	2.604542	5.191356	4.616591	102.035728	0	102.035728	0.774834
5861	1000	0	0	0	0	0	0	0	0	0	0	0	0	0	0	0	28.00	25.50	2.602125	5.186521	4.622294	102.285049	0	102.357559	0.774834
5862	1000	0	1	0	0	0	0	0	0	0	0	0	0	0	0	0	28.00	25.50	2.602931	5.188132	4.598057	101.645302	0	101.964874	0.774834
5864	1000	2	1	3	0	0	1	0	0	0	0	0	0	0	0	0	28.00	25.50	2.606154	5.192967	4.619443	102.071022	0	102.071220	0.774834
5865	1000	1	0	0	0	0	0	0	0	0	0	0	0	0	0	0	28.00	25.50	2.607766	5.192967	4.623720	102.177505	0	101.928902	0.774834
5866	1000	0	2	0	0	0	0	0	0	0	0	0	0	0	0	0	28.00	25.50	2.606960	5.197803	4.605186	101.609451	0	102.213486	0.774834
5867	1000	0	1	0	0	0	0	0	0	0	0	0	0	0	0	0	28.00	25.50	2.605348	5.191356	4.620869	102.142235	0	102.071220	0.774834
5868	1000	1	0	1	0	0	0	0	0	0	0	0	0	0	0	0	28.00	25.50	2.606960	5.189744	4.615166	102.035912	0	102.071434	0.774834
5869	1000	0	0	0	0	0	0	0	0	0	0	0	0	0	0	0	28.00	25.50	2.603736	5.189744	4.596631	101.574203	0	102.142448	0.774834
5870	1000	2	2	0	0	1	0	0	0	0	0	0	0	0	0	0	28.00	25.50	2.603736	5.188132	4.619443	102.178200	0	102.071434	0.774834
5871	1000	0	1	0	0	0	0	0	0	0	0	0	0	0	0	0	28.00	25.50	2.603736	5.188132	4.595205	101.574249	0	101.538696	0.774834
5872	1000	0	0	1	0	0	0	0	0	0	0	0	0	0	0	0	28.00	25.50	2.605348	5.191356	4.622294	102.177742	0	102.142235	0.774834
5873	1000	0	0	0	0	0	0	0	0	0	0	0	0	0	0	0	28.00	25.50	2.606154	5.192967	4.622294	102.142014	0	101.964539	0.774834
5874	1000	2	1	0	0	1	0	0	0	0	0	0	0	0	0	0	28.00	25.50	2.606960	5.189744	4.619443	102.142448	0	102.035728	0.774834
5875	1000	0	0	0	0	0	0	0	0	0	0	0	0	0	0	0	28.00	25.50	2.604542	5.191356	4.586651	101.290138	0	102.142899	0.774834
5876	1000	0	0	0	0	0	0	0	0	0	0	0	0	0	0	0	28.00	25.50	2.603736	5.189744	4.620869	102.177963	0	102.071434	0.774834
5877	1000	0	1	0	0	0	0	0	0	0	0	0	0	0	0	0	28.00	25.50	2.606154	5.199414	4.622294	101.999344	0	102.035347	0.774834
5878	1000	0	0	1	0	0	0	0	0	0	0	0	0	0	0	0	28.00	25.50	2.604542	5.189744	4.600908	101.680756	0	102.000397	0.774834
5879	1000	1	2	0	0	1	0	0	0	0	0	0	0	0	0	0	28.00	25.50	2.605348	5.191356	4.622294	102.177742	0	102.106522	0.774834
5880	1000	1	0	0	0	0	0	0	0	0	0	0	0	0	0	0	28.00	25.50	2.605348	5.186521	4.606611	101.894135	0	102.142899	0.774834
5881	1000	0	0	0	0	0	0	0	0	0	0	0	0	0	0	0	28.00	25.50	2.604542	5.189744	4.618017	102.106941	0	102.071434	0.774834
5882	1000	0	0	0	0	0	0	0	0	0	0	0	0	0	0	0	28.00	25.50	2.605348	5.189744	4.618017	102.106941	0	102.071434	0.774834
5883	1000	1	0	1	0	0	0	0	0	0	0	0	0	0	0	0	28.00	25.50	2.606960	5.184909	4.620869	102.285309	0	102.070831	0.774834
5884	1000	2	2	0	0	1	0	0	0	0	0	0	0	0	0	0	28.00	25.50	2.606960	5.192967	4.602334	101.645103	0	102.036087	0.774834
5885	1000	0	1	1	0	0	0	0	0	0	0	0	0	0	0	0	28.00	25.50	2.604542	5.188132	4.619443	102.178200	0	102.071434	0.774834
5886	1000	0	1	1	0	0	0	0	0	0	0	0	0	0	0	0	28.00	25.50	2.606960	5.194579	4.625146	102.177277	0	101.999863	0.774834
5887	1000	0	0	0	0	0	0	0	0	0	0	0	0	0	0	0	28.00	25.50	2.606960	5.194579	4.603760	101.645042	0	102.106308	0.774834
5888	1000	0	1	0	0	0	0	0	0	0	0	0	0	0	0	0	28.00	25.50	2.605348	5.191356	4.622294	102.177742	0	101.929047	0.774834
5889	1000	0	1	0	0	0	0	0	0	0	0	0	0	0	0	0	28.00	25.50	2.606154	5.191356	4.656513	103.029854	0	102.355835	0.774834
5890	1000	0	0	1	0	0	0	0	0	0	0	0	0	0	0	0	28.00	25.50	2.605348	5.191356	4.620869	102.142235	0	102.071220	0.774834
5891	1000	1	2	0	0	1	0	0	0	0	0	0	0	0	0	0	28.00	25.50	2.605348	5.189744	4.620869	102.177963	0	102.071434	0.774834
5892	1000	2	1	0	0	1	0	0	0	0	0	0	0	0	0	0	28.00	25.50	2.606960	5.188132	4.620869	102.213730	0	102.000397	0.774834
5893	1000	0	0	0	0	0	0	0	0	0	0	0	0	0	0	0	28.00	25.50	2.604542	5.188132	4.596631	101.609779	0	102.214455	0.774834
5894	1000	2	0	2	0	0	1	0	0	0	0	0	0	0	0	0	28.00	25.50	2.603736	5.186521	4.616591	102.142899	0	102.071617	0.774834
5895	1000	1	0	2	0	0	0	0	0	0	0	0	0	0	0	0	28.00	25.50	2.605348	5.188132	4.615166	102.071617	0	102.106941	0.774834
5896	1000	1	0	1	0	0	0	0	0	0	0	0	0	0	0	0	28.00	25.50	2.605348	5.191356	4.622294	102.177742	0	102.000397	0.774834
5897	1000	1	0	2	0	0	1	0	0	0	0	0	0	0	0	0	28.00	25.50	2.605348	5.191356	4.618017	102.071220	0	102.071220	0.774834
5898	1000	3	0	0	0	0	0	0	0	0	0	0	0	0	0	0	28.00	25.50	2.605348	5.189744	4.595205	101.538696	0	102.142899	0.774834
5899	1000	0	0	0	0	0	0	0	0	0	0	0	0	0	0	0	28.00	25.50	2.604542	5.188132	4.619443	102.178200	0	102.106941	0.774834
5900	1000	1	3	1	0	1	0	0	0	0	0	0	0	0	0	0	28.00	25.50	2.606154	5.191356	4.622294	102.177742	0	102.106522	0.774834
5901	1000	1	1	0	0	0	0	0	0	0	0	0	0	0	0	0	28.00	25.50	2.604542	5.192967	4.616591	102.000046	0	102.071434	0.774834
5902	1000	1	1	3	0	0	0	0	1	0	0	0	0	0	0	0	28.00	25.50	2.606960	5.192967	4.618017	102.035530	0	102.106308	0.774834
5903	1000	0	0	0	0	0	0	0	0	0	0	0	0	0	0	0	28.00	25.50	2.605348	5.188132	4.618017	102.142677	0	102.142448	0.774834
5904	1000	1	0	0	0	0	0	0	0	0	0	0	0	0	0	0	28.00	25.50	2.606154	5.191356	4.618017	102.071220	0	102.000221	0.774834
5905	1000	0	1	1	0	0	0	0	0	0	0	0	0	0	0	0	28.00	25.50	2.605348	5.188132	4.616591	102.107147	0	102.071434	0.774834
5906	1000	2	1	1	0	1	0	0	0	0	0	0	0	0	0	0	28.00	25.50	2.606154	5.191356	4.618017	102.071220	0	102.142235	0.774834
5907	1000	1	1	1	0	0	1	0	0	0	0	0	0	0	0	0	28.00	25.50	2.605348	5.189744	4.513937	99.514313	0	102.214211	0.774834
5908	1000	0	0	0	0	0	0	0	0	0	0	0	0	0	0	0	28.00	25.50	2.604542	5.188132	4.619443	102.178200	0	102.142448	0.774834
5909	1000	1	1	0	0	1	0	0	0	0	0	0	0	0	0	0	28.00	25.50	2.605348	5.189744	4.620869	102.177963	0	102.106728	0.774834
5910	1000	1	4	1	0	1	0	0	1	0	0	0	0	0	0	0	28.00	25.50	2.607766	5.192967	4.622294	102.142014	0	101.964378	0.774834
5911	1000	1	1	1	0	1	0	0	0	0	0	0	0	0	0	0	28.00	25.50	2.604542	5.188132	4.615166	102.071617	0	102.035912	0.774834
5912	1000	0	0	2	0	0	0	0	0	0	0	0	0	0	0	0	28.00	25.50	2.602931	5.181685	4.613740	102.179123	0	102.178902	0.774834
5913	1000	0	0	1	0	0	0	0	0	0	0	0	0	0	0	0	28.00	25.50	2.605348	5.188132	4.619443	102.178200	0	101.964874	0.774834
5914	1000	1	1	1	0	0	0	0	0	0	0	0	0	0	0	0	28.00	25.50	2.606960	5.191356	4.618017	102.071220	0	102.071220	0.774834
5915	1000	1	1	0	0	1	0	0	0	0	0	0	0	0	0	0	28.00	25.50	2.604542	5.186521	4.619443	102.213966	0	102.071434	0.774834
5916	1000	1	0	0	0	0	0	0	0	0	0	0	0	0	0	0	28.00	25.50	2.606154	5.191356	4.595205	101.503166	0	102.214211	0.774834
5917	1000	0	0	0	0	0	0	0	0	0	0	0	0	0	0	0	28.00	25.50	2.605348	5.188132	4.620869	102.213730	0	102.142448	0.774834
5918	1000	1	0	0	0	0	0	0	0	0	0	0	0	0	0	0	28.00	25.50	2.603736	5.186521	4.616591	102.142899	0	102.035912	0.774834
5919	1000	2	1	0	0	0	0	0	0	0	0	0	0	0	0	0	28.00	25.50	2.606960	5.189744	4.616591	102.071434	0	102.071220	0.774834
5920	1000	1	1	1	0	1	0	0	0	0	0	0	0	0	0	0	28.00	25.50	2.606960	5.191356	4.620869	102.142235	0	102.000046	0.774834
5921	1000	0	0	0	0	0	0	0	0	0	0	0	0	0	0	0	28.00	25.50	2.605348	5.186521	4.615166	102.107361	0	102.285309	0.774834
5922	1000	0	1	0	0	0	0	0	0	0	0	0	0	0	0	0	28.00	25.50	2.607766	5.192967	4.600908	101.609612	0	102.071022	0.774834
5923	1000	0	1	1	0	0	0	0	0	0	0	0	0	0	0	0	28.00	25.50	2.606960	5.189744	4.616591	102.071434	0	102.106941	0.774834
5924	1000	1	0	1	0	0	0	0	0	0	0	0	0	0	0	0	28.00	25.50	2.605348	5.188132	4.618017	102.142677	0	102.071434	0.774834
5925	1000	0	0	1	0	0	0	0	0	0	0	0	0	0	0	0	28.00	25.50	2.605348	5.188132	4.586651	101.361099	0	102.107780	0.774834
5926	1000	2	2	1	0	1	0	0	0	0	0	0	0	0	0	0	28.00	25.50	2.605348	5.188132	4.615166	102.071617	0	102.071617	0.774834
5927	1000	0	0	1	0	0	0	0	0	0	0	0	0	0	0	0	28.00	25.50	2.606154	5.180074	4.616591	102.286110	0	102.000397	0.774834
5928	1000	0	0	1	0	0	0	0	0	0	0	0	0	0	0	0	28.00	25.50	2.606960	5.191356	4.618017	102.071220	0	102.106941	0.774834
5929	1000	0	1	2	0	0	0	0	0	0	0	0	0	0	0	0	28.00	25.50	2.606960	5.191356	4.620869	102.142235	0	102.142235	0.774834
5930	1000	0	0	2	0	0	0	0	0	0	0	0	0	0	0	0	28.00	25.50	2.606154	5.188132	4.596631	101.609779	0	101.894417	0.774834
5931	1000	0	1	0	0	0	0	0	0	0	0	0	0	0	0	0	28.00	25.50	2.606154	5.189744	4.595205	101.538696	0	102.071434	0.774834
5932	1000	2	0	0	0	0	0	0	0	0	0	0	0	0	0	0	28.00	25.50	2.606960	5.189744	4.620869	102.177963	0	102.071434	0.774834
5933	1000	0	0	1	0	0	0	0	0	0	0	0	0	0	0	0	28.00	25.50	2.605348	5.186521	4.618017	102.178436	0	102.035912	0.774834
5934	1000	0	1	1	0	0	0	0	0	0	0	0	0	0	0	0	28.00	25.50	2.607766	5.189744	4.606611	101.822823	0	102.178665	0.774834
5935	1000	0	1	0	0	0	0	0	0	0	0	0	0	0	0	0	28.00	25.50	2.605348	5.186521	4.613740	102.071815	0	102.106941	0.774834
5936	1000	1	2	2	0	1	0	0	0	0	0	0	0	0	0	0	28.00	25.50	2.607766	5.184909	4.620869	102.285309	0	102.071220	0.774834
5937	1000	1	0	0	0	0	0	0	0	0	0	0	0	0	0	0	28.00	25.50	2.606960	5.189744	4.613740	102.000397	0	101.964874	0.774834
5938	1000	1	1	0	0	0	0	0	0	0	0	0	0	0	0	0	28.00	25.50	2.608572	5.192967	4.623720	102.177505	0	102.106522	0.774834
5939	1000	0	0	2	0	0	0	0	0	0	0	0	0	0	0	0	28.00	25.50	2.606960	5.188132	4.618017	102.142677	0	102.356979	0.774834
5940	1000	1	1	1	0	1	0	0	0	0	0	0	0	0	0	0	28.00	25.50	2.605348	5.188132	4.593780	101.538734	0	102.071617	0.774834
5941	1000	0	1	1	0	0	0	0	0	0	0	0	0	0	0	0	28.00	25.50	2.607766	5.191356	4.620869	102.142235	0	102.071220	0.774834
5942	1000	1	0	0	0	0	0	0	0	0	0	0	0	0	0	0	28.00	25.50	2.606960	5.192967	4.620869	102.106522	0	102.071022	0.774834
5943	1000	1	0	0	0	0	0	0	0	0	0	0	0	0	0	0	28.00	25.50	2.607766	5.191356	4.635127	102.497276	0	102.142677	0.774834
5944	1000	1	0	1	0	0	0	0	0	0	0	0	0	0	0	0	28.00	25.50	2.606960	5.189744	4.618017	102.106941	0	102.035912	0.774834
5945	1000	1	0	1	0	0	0	0	0	0	0	0	0	0	0	0	28.00	25.50	2.606960	5.184909	4.620869	102.285309	0	102.035530	0.774834
5946	1000	0	0	2	0	0	0	0	0	0	0	0	0	0	0	0	28.00	25.50	2.607766	5.191356	4.596631	101.538658	0	102.071220	0.774834
5947	1000	0	2	0	0	0	0	0	0	0	0	0	0	0	0	0	28.00	25.50	2.607766	5.191356	4.620869	102.142235	0	102.142235	0.774834
5948	1000	3	1	0	0	1	0	0	0	0	0	0	0	0	0	0	28.00	25.50	2.606154	5.188132	5.429271	122.357246	0	102.142677	0.774834
5949	1000	0	0	0	0	0	0	0	0	0	0	0	0	0	0	0	28.00	25.50	2.606960	5.189744	4.622294	102.213486	0	102.035728	0.774834
5950	1000	2	0	1	0	0	0	0	0	0	0	0	0	0	0	0	28.00	25.50	2.606960	5.188132	4.613740	102.036087	0	102.071434	0.774834
5951	1000	0	1	0	0	0	0	0	0	0	0	0	0	0	0	0	28.00	25.50	2.608572	5.189744	4.618017	102.106941	0	102.000221	0.774834
5952	1000	1	0	0	0	0	0	0	0	0	0	0	0	0	0	0	28.00	25.50	2.606960	5.188132	4.680750	103.705841	0	102.143112	0.774834
5953	1000	1	0	1	0	0	0	0	0	0	0	0	0	0	0	0	28.00	25.50	2.607766	5.191356	4.622294	102.177742	0	101.964539	0.774834
5954	1000	1	1	1	0	1	0	0	0	0	0	0	0	0	0	0	28.00	25.50	2.606154	5.194579	4.613740	101.893417	0	102.071617	0.774834
5955	1000	0	0	1	0	0	0	0	0	0	0	0	0	0	0	0	28.00	25.50	2.606960	5.188132	4.620869	102.213730	0	102.213730	0.774834
5956	1000	0	1	2	0	0	0	0	0	0	0	0	0	0	0	0	28.00	25.50	2.607766	5.191356	4.620869	102.142235	0	102.000221	0.774834
5957	1000	0	0	1	0	0	0	0	0	0	0	0	0	0	0	0	28.00	25.50	2.607766	5.188132	4.649384	102.924263	0	102.285568	0.774834
5958	1000	1	2	0	0	0	0	0	0	0	0	0	0	0	0	0	28.00	25.50	2.607766	5.189744	4.619443	102.142448	0	102.071220	0.774834
5959	1000	1	2	0	0	1	0	0	0	0	0	0	0	0	0	0	28.00	25.50	2.607766	5.189744	4.615166	102.035912	0	102.036087	0.774834
5960	1000	0	1	1	0	0	0	0	0	0	0	0	0	0	0	0	28.00	25.50	2.606960	5.183297	4.618017	102.250015	0	102.000397	0.774834
5961	1000	0	0	1	0	0	0	0	0	0	0	0	0	0	0	0	28.00	25.50	2.606154	5.186521	4.593780	101.574303	0	102.250519	0.774834
5962	1000	0	0	0	0	0	0	0	0	0	0	0	0	0	0	0	28.00	25.50	2.605348	5.184909	4.616591	102.178665	0	101.929665	0.774834
5963	1000	0	0	0	0	0	0	0	0	0	0	0	0	0	0	0	28.00	25.50	2.606960	5.186521	4.613740	102.071815	0	102.036087	0.774834
5964	1000	0	1	0	0	0	0	0	0	0	0	0	0	0	0	0	28.00	25.50	2.606960	5.188132	4.618017	102.142677	0	102.107147	0.774834
5965	1000	1	1	1	0	1	0	0	0	0	0	0	0	0	0	0	28.00	25.50	2.607766	5.189744	4.619443	102.142448	0	102.142448	0.774834
5966	1000	0	0	1	0	0	0	0	0	0	0	0	0	0	0	0	28.00	25.50	2.606154	5.186521	4.592354	101.538757	0	102.000748	0.774834
5967	1000	1	0	1	0	0	1	0	0	0	0	0	0	0	0	0	28.00	25.50	2.606960	5.186521	4.619443	102.213966	0	102.142677	0.774834
5968	1000	0	0	1	0	0	0	0	0	0	0	0	0	0	0	0	28.00	25.50	2.605348	5.184909	4.616591	102.178665	0	102.036087	0.774834
5969	1000	1	1	1	0	1	0	0	0	0	0	0	0	0	0	0	28.00	25.50	2.609378	5.197803	4.618017	101.928589	0	102.071022	0.774834
5970	1000	1	1	0	0	1	0	0	0	0	0	0	0	0	0	0	28.00	25.50	2.607766	5.188132	4.615166	102.071617	0	101.964874	0.774834
5971	1000	0	0	1	0	0	0	0	0	0	0	0	0	0	0	0	28.00	25.50	2.604542	5.181685	4.618017	102.285843	0	102.250015	0.774834
5972	1000	1	1	2	0	1	0	0	0	0	0	0	0	0	0	0	28.00	25.50	2.607766	5.189744	4.618017	102.106941	0	102.142448	0.774834
5973	1000	1	1	2	0	0	0	0	0	0	0	0	0	0	0	0	28.00	25.50	2.607766	5.186521	4.615166	102.107361	0	102.071617	0.774834
5974	1000	0	1	2	0	0	0	0	0	0	0	0	0	0	0	0	28.00	25.50	2.607766	5.188132	4.616591	102.107147	0	102.071434	0.774834
5975	1000	0	1	0	0	0	0	0	0	0	0	0	0	0	0	0	28.00	25.50	2.606960	5.184909	4.596631	101.680977	0	102.143333	0.774834
5976	1000	0	0	0	0	0	0	0	0	0	0	0	0	0	0	0	28.00	25.50	2.606154	5.186521	4.615166	102.107361	0	101.965210	0.774834
5977	1000	0	2	1	0	0	0	0	0	0	0	0	0	0	0	0	28.00	25.50	2.606960	5.188132	4.619443	102.178200	0	102.106941	0.774834
5978	1000	0	1	0	0	0	0	0	0	0	0	0	0	0	0	0	28.00	25.50	2.608572	5.192967	4.620869	102.106522	0	102.071220	0.774834
5979	1000	0	0	0	0	0	0	0	0	0	0	0	0	0	0	0	28.00	25.50	2.608572	5.191356	4.616591	102.035728	0	102.106728	0.774834
5980	1000	0	1	0	0	0	0	0	0	0	0	0	0	0	0	0	28.00	25.50	2.606154	5.183297	4.615166	102.178902	0	102.178902	0.774834
5981	1000	0	0	2	0	0	0	0	0	0	0	0	0	0	0	0	28.00	25.50	2.607766	5.186521	4.613740	102.071815	0	102.036087	0.774834
5982	1000	0	1	1	0	0	0	0	1	0	0	0	0	0	0	0	28.00	25.50	2.608572	5.188132	4.620869	102.213730	0	102.107147	0.774834
5983	1000	0	1	0	0	0	0	0	0	0	0	0	0	0	0	0	28.00	25.50	2.606960	5.186521	4.616591	102.142899	0	101.929512	0.774834
5984	1000	0	2	2	0	0	0	0	1	0	0	0	0	0	0	0	28.00	25.50	2.607766	5.184909	4.599483	101.752090	0	102.179123	0.774834
5985	1000	0	0	0	0	0	0	0	0	0	0	0	0	0	0	0	28.00	25.50	2.606960	5.184909	4.610888	102.036476	0	102.178665	0.774834
5986	1000	1	0	0	0	0	0	0	0	0	0	0	0	0	0	0	28.00	25.50	2.609378	5.188132	4.616591	102.107147	0	102.000565	0.774834
5987	1000	0	0	0	0	0	0	0	0	0	0	0	0	0	0	0	28.00	25.50	2.608572	5.196191	4.618017	101.964218	0	102.213966	0.774834
5988	1000	2	0	0	0	0	0	0	0	0	0	0	0	0	0	0	28.00	25.50	2.608572	5.188132	4.618017	102.142677	0	102.036087	0.774834
5989	1000	0	0	0	0	0	0	0	0	0	0	0	0	0	0	0	28.00	25.50	2.606960	5.183297	4.618017	102.250015	0	102.214211	0.774834
5990	1000	0	0	1	0	0	0	0	0	0	0	0	0	0	0	0	28.00	25.50	2.608572	5.188132	4.618017	102.142677	0	102.106941	0.774834
5991	1000	0	2	2	0	0	0	0	1	0	0	0	0	0	0	0	28.00	25.50	2.610183	5.189744	4.618017	102.106941	0	102.071434	0.774834
5992	1000	0	0	0	0	0	0	0	0	0	0	0	0	0	0	0	28.00	25.50	2.609378	5.189744	4.619443	102.142448	0	102.106728	0.774834
5993	1000	1	0	1	0	0	1	0	0	0	0	0	0	0	0	0	28.00	25.50	2.608572	5.184909	4.596631	101.680977	0	102.107780	0.774834
5994	1000	0	0	1	0	0	0	0	0	0	0	0	0	0	0	0	28.00	25.50	2.609378	5.188132	4.618017	102.142677	0	102.071815	0.774834
5995	1000	3	0	1	0	0	0	0	0	0	0	0	0	0	0	0	28.00	25.50	2.608572	5.186521	4.618017	102.178436	0	102.035912	0.774834
5996	1000	0	0	0	0	0	0	0	0	0	0	0	0	0	0	0	28.00	25.50	2.609378	5.188132	4.615166	102.071617	0	102.036087	0.774834
5997	1000	2	1	0	0	1	0	0	0	0	0	0	0	0	0	0	28.00	25.50	2.610183	5.189744	4.618017	102.106941	0	102.035912	0.774834
5998	1000	2	2	0	0	2	0	0	0	0	0	0	0	0	0	0	28.00	25.50	2.609378	5.184909	4.619443	102.249756	0	102.143112	0.774834
5999	1000	1	3	0	0	1	0	0	0	0	0	0	0	0	0	0	28.00	25.50	2.608572	5.183297	4.590928	101.574387	0	102.142899	0.774834
6000	1000	0	2	0	0	0	0	0	0	0	0	0	0	0	0	0	28.00	25.50	2.608572	5.186521	4.618017	102.178436	0	102.036285	0.774834
6001	1000	0	1	1	0	0	0	0	0	0	0	0	0	0	0	0	28.00	25.50	2.610183	5.189744	4.615166	102.035912	0	102.106728	0.774834
6002	1000	4	1	1	0	1	0	0	0	0	0	0	0	0	0	0	28.00	25.50	2.608572	5.186521	4.646533	102.889183	0	102.143555	0.774834
6003	1000	0	1	0	0	0	0	0	0	0	0	0	0	0	0	0	28.00	25.50	2.608572	5.184909	4.619443	102.249756	0	102.107147	0.774834
6004	1000	0	1	1	0	0	0	0	0	0	0	0	0	0	0	0	28.00	25.50	2.609378	5.184909	4.618017	102.214211	0	101.965050	0.774834
6005	1000	1	0	0	0	0	0	0	0	0	0	0	0	0	0	0	28.00	25.50	2.610989	5.189744	4.618017	102.106941	0	102.000397	0.774834
6006	1000	0	0	1	0	0	0	0	0	0	0	0	0	0	0	0	28.00	25.50	2.609378	5.188132	4.613740	102.036087	0	102.000397	0.774834
6007	1000	0	1	0	0	0	0	0	0	0	0	0	0	0	0	0	28.00	25.50	2.609378	5.186521	4.620869	102.249512	0	101.503189	0.774834
6008	1000	0	1	0	0	0	0	0	0	0	0	0	0	0	0	0	28.00	25.50	2.608572	5.186521	4.618017	102.178436	0	102.071617	0.774834
6009	1000	1	0	0	0	0	0	0	0	0	0	0	0	0	0	0	28.00	25.50	2.609378	5.186521	4.612314	102.036285	0	102.071815	0.774834
6010	1000	1	0	0	0	0	0	0	0	0	0	0	0	0	0	0	28.00	25.50	2.608572	5.188132	4.618017	102.142677	0	102.036087	0.774834
6011	1000	1	2	0	0	1	0	0	0	0	0	0	0	0	0	0	28.00	25.50	2.608572	5.186521	4.595205	101.609833	0	102.143555	0.774834
6012	1000	0	0	0	0	0	0	0	0	0	0	0	0	0	0	0	28.00	25.50	2.608572	5.184909	4.613740	102.107567	0	102.036285	0.774834
6013	1000	0	0	1	0	0	0	0	0	0	0	0	0	0	0	0	28.00	25.50	2.610183	5.186521	4.616591	102.142899	0	102.071434	0.774834
6014	1000	1	1	0	0	1	0	0	0	0	0	0	0	0	0	0	28.00	25.50	2.611795	5.191356	4.622294	102.177742	0	102.000046	0.774834
6015	1000	1	1	1	0	1	0	0	0	0	0	0	0	0	0	0	28.00	25.50	2.608572	5.184909	4.613740	102.107567	0	102.071617	0.774834
6016	1000	1	0	1	0	0	0	0	0	0	0	0	0	0	0	0	28.00	25.50	2.608572	5.186521	4.618017	102.178436	0	101.645638	0.774834
6017	1000	0	0	0	0	0	0	0	0	0	0	0	0	0	0	0	28.00	25.50	2.610183	5.188132	4.598057	101.645302	0	102.142677	0.774834
6018	1000	0	0	0	0	0	0	0	0	0	0	0	0	0	0	0	28.00	25.50	2.610183	5.189744	4.619443	102.142448	0	102.035912	0.774834
6019	1000	0	0	1	0	0	0	0	0	0	0	0	0	0	0	0	28.00	25.50	2.610183	5.186521	4.612314	102.036285	0	102.142899	0.774834
6020	1000	0	0	0	0	0	0	0	0	0	0	0	0	0	0	0	28.00	25.50	2.610183	5.188132	4.656513	103.101891	0	102.072220	0.774834
6021	1000	0	1	0	0	0	0	0	0	0	0	0	0	0	0	0	28.00	25.50	2.610183	5.186521	4.623720	102.320580	0	102.142677	0.774834
6022	1000	1	2	0	0	0	0	0	0	0	0	0	0	0	0	0	28.00	25.50	2.610183	5.186521	4.618017	102.178436	0	102.071617	0.774834
6023	1000	0	0	0	0	0	0	0	0	0	0	0	0	0	0	0	28.00	25.50	2.610183	5.188132	4.598057	101.645302	0	102.107147	0.774834
6024	1000	0	0	1	0	0	0	0	0	0	0	0	0	0	0	0	28.00	25.50	2.610989	5.188132	4.620869	102.213730	0	102.035912	0.774834
6025	1000	0	0	0	0	0	0	0	0	0	0	0	0	0	0	0	28.00	25.50	2.610989	5.188132	4.523918	99.797935	0	102.072021	0.774834
6026	1000	0	0	2	0	0	0	0	0	0	0	0	0	0	0	0	28.00	25.50	2.610183	5.188132	4.620869	102.213730	0	102.177963	0.774834
6027	1000	0	0	0	0	0	0	0	0	0	0	0	0	0	0	0	28.00	25.50	2.611795	5.189744	4.619443	102.142448	0	102.142448	0.774834
6028	1000	0	0	1	0	0	0	0	0	0	0	0	0	0	0	0	28.00	25.50	2.610183	5.183297	4.618017	102.250015	0	102.036087	0.774834
6029	1000	0	0	0	0	0	0	0	0	0	0	0	0	0	0	0	28.00	25.50	2.610183	5.186521	4.600908	101.751984	0	102.250015	0.774834
