quad V2.5
time	int	cnt1	cnt2	cnt3	cnt4	1&2	1&3	1&4	2&3	2&4	3&4	1&2&3	1&2&4	1&3&4	2&3&4	1&2&3&4	digTemp	temp	adct	adcr	adcp	pressure	PBS	CurrMeasurement	MeanMeasurement
525	1000	2	0	0	0	0	0	0	0	0	0	0	0	0	0	0	26.50	23.75	2.512674	5.167180	4.608037	102.359566	1	102.323914	102.406670
526	1000	0	0	0	0	0	0	0	0	0	0	0	0	0	0	0	26.50	23.75	2.512674	5.167180	4.609463	102.395248	1	102.395248	102.406670
527	1000	1	0	1	0	0	0	0	0	0	0	0	0	0	0	0	26.50	23.75	2.510257	5.157510	4.609463	102.611481	1	102.395851	102.406670
528	1000	1	1	0	0	0	0	0	0	0	0	0	0	0	0	0	26.50	23.75	2.514286	5.168792	4.610888	102.394951	1	102.287971	102.406670
529	1000	1	0	1	0	0	1	0	0	0	0	0	0	0	0	0	26.50	23.75	2.513480	5.167180	4.610888	102.430923	1	102.359566	102.406670
531	1000	0	0	0	0	0	0	0	0	0	0	0	0	0	0	0	26.50	24.00	2.514286	5.163957	4.610888	102.502922	0	102.430923	102.406670
532	1000	0	1	0	0	0	0	0	0	0	0	0	0	0	0	0	26.50	23.75	2.513480	5.165568	4.606611	102.359863	1	102.359863	102.406670
533	1000	2	1	0	0	1	0	0	0	0	0	0	0	0	0	0	26.50	24.00	2.515092	5.167180	4.610888	102.430923	1	102.359566	102.406670
534	1000	1	0	0	0	0	0	0	0	0	0	0	0	0	0	0	26.50	24.00	2.515898	5.168792	4.612314	102.430603	1	101.824028	102.406670
535	1000	0	1	0	0	0	0	0	0	0	0	0	0	0	0	0	26.50	24.00	2.515092	5.167180	4.610888	102.430923	0	102.466591	102.406670
536	1000	0	0	0	0	0	0	0	0	0	0	0	0	0	0	0	26.50	24.00	2.515092	5.165568	4.610888	102.466911	1	102.323914	102.406670
537	1000	0	0	0	0	0	0	0	0	0	0	0	0	0	0	0	26.50	24.00	2.513480	5.162345	4.612314	102.574669	0	102.467232	102.406670
538	1000	0	1	0	0	0	0	0	0	0	0	0	0	0	0	0	26.50	24.00	2.517509	5.168792	4.609463	102.359283	1	102.323631	102.406670
539	1000	0	0	2	0	0	0	0	0	0	0	0	0	0	0	0	26.50	24.00	2.517509	5.168792	4.609463	102.359283	1	102.394951	102.406670
540	1000	1	1	0	0	1	0	0	0	0	0	0	0	0	0	0	26.50	24.00	2.515898	5.165568	4.610888	102.466911	0	102.431236	102.406670
541	1000	1	1	0	0	0	0	0	0	0	0	0	0	0	0	0	26.50	24.00	2.517509	5.168792	4.610888	102.394951	1	102.287704	102.406670
542	1000	0	0	0	0	0	0	0	0	0	0	0	0	0	0	0	26.50	24.00	2.518315	5.168792	4.613740	102.466263	1	101.932007	102.406670
543	1000	0	1	1	0	0	0	0	0	0	0	0	0	0	0	0	26.50	24.00	2.518315	5.168792	4.613740	102.466263	1	102.394951	102.406670
544	1000	1	0	0	0	0	0	0	0	0	0	0	0	0	0	0	26.50	24.00	2.518315	5.167180	4.606611	102.323914	1	102.359283	102.406670
545	1000	0	0	0	0	0	0	0	0	0	0	0	0	0	0	0	26.50	24.00	2.518315	5.165568	4.602334	102.252815	0	102.431847	102.406670
546	1000	0	0	1	0	0	0	0	0	0	0	0	0	0	0	0	26.50	24.00	2.517509	5.163957	4.608037	102.431541	0	102.538620	102.406670
547	1000	1	0	0	0	0	0	0	0	0	0	0	0	0	0	0	26.50	24.00	2.519121	5.167180	4.610888	102.430923	1	102.395248	102.406670
548	1000	0	2	0	0	0	0	0	0	0	0	0	0	0	0	0	26.50	24.00	2.519927	5.167180	4.610888	102.430923	0	102.539650	102.406670
549	1000	2	0	1	0	0	1	0	0	0	0	0	0	0	0	0	26.50	24.00	2.520733	5.168792	4.590928	101.895714	0	102.538620	102.406670
550	1000	0	0	0	0	0	0	0	0	0	0	0	0	0	0	0	26.50	24.00	2.519927	5.167180	4.613740	102.502251	1	102.359283	102.406670
551	1000	2	0	4	0	0	1	0	0	0	0	0	0	0	0	0	26.50	24.00	2.521539	5.168792	4.610888	102.394951	1	101.717239	102.406670
552	1000	1	1	0	0	1	0	0	0	0	0	0	0	0	0	0	26.50	24.00	2.521539	5.168792	4.612314	102.430603	1	102.359001	102.406670
553	1000	0	0	0	0	0	0	0	0	0	0	0	0	0	0	0	26.50	24.00	2.521539	5.168792	4.613740	102.466263	1	102.359283	102.406670
554	1000	0	2	0	0	0	0	0	0	0	0	0	0	0	0	0	26.50	24.00	2.523956	5.167180	4.580948	101.681847	0	102.502922	102.406670
555	1000	1	1	3	0	0	0	0	0	0	0	0	0	0	0	0	26.50	24.00	2.519927	5.165568	4.612314	102.502594	1	102.359863	102.406670
556	1000	0	1	2	0	0	0	0	0	0	0	0	0	0	0	0	26.50	24.00	2.522345	5.168792	4.609463	102.359283	1	102.394951	102.406670
557	1000	3	1	2	0	0	2	0	0	0	0	0	0	0	0	0	26.50	24.00	2.521539	5.167180	4.603760	102.252563	1	101.753174	102.406670
558	1000	1	0	0	0	0	0	0	0	0	0	0	0	0	0	0	26.50	24.00	2.523150	5.167180	4.588077	101.860207	0	102.431847	102.406670
559	1000	0	0	1	0	0	0	0	0	0	0	0	0	0	0	0	26.50	24.00	2.522345	5.165568	4.608037	102.395538	1	102.252319	102.406670
560	1000	0	0	0	0	0	0	0	0	0	0	0	0	0	0	0	26.50	24.00	2.523956	5.168792	4.613740	102.466263	1	102.287971	102.406670
561	1000	1	0	1	0	0	1	0	0	0	0	0	0	0	0	0	26.50	24.00	2.522345	5.165568	4.608037	102.395538	1	102.288506	102.406670
562	1000	1	0	0	0	0	0	0	0	0	0	0	0	0	0	0	26.50	24.00	2.523956	5.167180	4.608037	102.359566	1	102.288246	102.406670
563	1000	0	0	0	0	0	0	0	0	0	0	0	0	0	0	0	26.50	24.00	2.523150	5.165568	4.589502	101.931686	0	102.539307	102.406670
564	1000	0	2	2	0	0	0	0	0	0	0	0	0	0	0	0	26.50	24.00	2.523956	5.165568	4.608037	102.395538	1	102.395248	102.406670
565	1000	0	0	0	0	0	0	0	0	0	0	0	0	0	0	0	26.50	24.00	2.524762	5.165568	4.609463	102.431236	1	102.359566	102.406670
566	1000	0	0	0	0	0	0	0	0	0	0	0	0	0	0	0	26.50	24.00	2.524762	5.167180	4.612314	102.466591	1	102.039108	102.406670
567	1000	1	1	0	0	0	0	0	0	0	0	0	0	0	0	0	26.50	24.00	2.525568	5.167180	4.589502	101.895859	0	102.539307	102.406670
568	1000	1	1	0	0	0	0	0	0	0	0	0	0	0	0	0	26.50	24.00	2.523956	5.165568	4.609463	102.431236	1	102.324196	102.406670
569	1000	1	1	0	0	0	0	0	0	0	0	0	0	0	0	0	26.50	24.00	2.526374	5.165568	4.609463	102.431236	0	102.430923	102.406670
570	1000	2	0	1	0	0	1	0	0	0	0	0	0	0	0	0	26.50	24.00	2.527180	5.168792	4.610888	102.394951	1	102.394646	102.406670
571	1000	0	1	0	0	0	0	0	0	0	0	0	0	0	0	0	26.50	24.00	2.527180	5.168792	4.615166	102.501930	1	102.395248	102.406670
572	1000	0	1	1	0	0	0	0	1	0	0	0	0	0	0	0	26.50	24.00	2.526374	5.165568	4.585225	101.824638	0	102.503258	102.406670
573	1000	1	1	0	0	0	0	0	0	0	0	0	0	0	0	0	26.50	24.00	2.526374	5.165568	4.612314	102.502594	0	102.502251	102.406670
574	1000	1	0	1	0	0	0	0	0	0	0	0	0	0	0	0	26.50	24.00	2.527180	5.167180	4.608037	102.359566	1	102.323914	102.406670
575	1000	2	0	0	0	0	0	0	0	0	0	0	0	0	0	0	26.50	24.25	2.528791	5.167180	4.612314	102.466591	0	102.575378	102.406670
576	1000	0	0	0	0	0	0	0	0	0	0	0	0	0	0	0	26.50	24.25	2.528791	5.167180	4.586651	101.824524	0	102.539307	102.406670
577	1000	2	0	0	0	0	0	0	0	0	0	0	0	0	0	0	26.50	24.25	2.527180	5.165568	4.613740	102.538269	1	102.395248	102.406670
578	1000	0	2	1	0	0	0	0	0	0	0	0	0	0	0	0	26.50	24.25	2.527986	5.165568	4.610888	102.466911	1	101.788521	102.406670
579	1000	2	1	1	0	0	1	0	0	0	0	0	0	0	0	0	26.50	24.25	2.529597	5.168792	4.615166	102.501930	1	102.323341	102.406670
580	1000	1	0	0	0	0	0	0	0	0	0	0	0	0	0	0	26.50	24.25	2.531209	5.172015	4.613740	102.394348	0	102.465630	102.406670
581	1000	2	1	0	0	1	0	0	0	0	0	0	0	0	0	0	26.50	24.25	2.529597	5.167180	4.532472	100.469040	0	102.502922	102.406670
582	1000	0	1	0	0	0	0	0	0	0	0	0	0	0	0	0	26.50	24.25	2.531209	5.168792	4.616591	102.537590	1	102.358704	102.406670
583	1000	0	0	0	0	0	0	0	0	0	0	0	0	0	0	0	26.50	24.25	2.532015	5.170403	4.616591	102.501595	0	102.429985	102.406670
584	1000	0	0	2	0	0	0	0	0	0	0	0	0	0	0	0	26.50	24.25	2.532821	5.170403	4.612314	102.394646	1	101.931229	102.406670
585	1000	0	0	0	0	0	0	0	0	0	0	0	0	0	0	0	26.50	24.25	2.533627	5.172015	4.592354	101.859795	0	102.538620	102.406670
586	1000	1	0	1	0	0	1	0	0	0	0	0	0	0	0	0	26.50	24.25	2.530403	5.165568	4.612314	102.502594	1	102.359566	102.406670
587	1000	0	1	0	0	0	0	0	0	0	0	0	0	0	0	0	26.50	24.25	2.531209	5.165568	4.612314	102.502594	0	102.466591	102.406670
588	1000	0	0	1	0	0	0	0	0	0	0	0	0	0	0	0	26.50	24.25	2.532015	5.168792	4.612314	102.430603	0	102.502251	102.406670
589	1000	1	1	2	0	0	0	0	0	0	0	0	0	0	0	0	26.50	24.25	2.534432	5.172015	4.616591	102.465630	1	102.358704	102.406670
590	1000	0	1	0	0	0	0	0	0	0	0	0	0	0	0	0	26.50	24.25	2.534432	5.165568	4.523918	100.290337	0	102.538620	102.406670
591	1000	0	0	0	0	0	0	0	0	0	0	0	0	0	0	0	26.50	24.25	2.532821	5.167180	4.613740	102.502251	1	102.394951	102.406670
592	1000	3	1	0	0	0	0	0	0	0	0	0	0	0	0	0	26.50	24.25	2.534432	5.168792	4.612314	102.430603	0	102.465942	102.406670
593	1000	1	0	1	0	0	0	0	0	0	0	0	0	0	0	0	26.50	24.25	2.534432	5.168792	4.612314	102.430603	0	102.467873	102.406670
594	1000	1	0	1	0	0	0	0	0	0	0	0	0	0	0	0	26.50	24.25	2.535238	5.170403	4.588077	101.788635	0	102.431541	102.406670
595	1000	0	1	2	0	0	0	0	0	0	0	0	0	0	0	0	26.50	24.25	2.533627	5.165568	4.608037	102.395538	1	102.287971	102.406670
596	1000	0	0	0	0	0	0	0	0	0	0	0	0	0	0	0	26.50	24.25	2.534432	5.168792	4.609463	102.359283	1	101.788750	102.406670
597	1000	1	2	0	0	1	0	0	0	0	0	0	0	0	0	0	27.00	24.25	2.535238	5.170403	4.612314	102.394646	1	102.180527	102.406670
598	1000	0	0	0	0	0	0	0	0	0	0	0	0	0	0	0	27.00	24.25	2.536850	5.168792	4.612314	102.430603	0	102.430603	102.406670
599	1000	0	0	0	0	0	0	0	0	0	0	0	0	0	0	0	27.00	24.25	2.536044	5.165568	4.590928	101.967361	1	102.395538	102.406670
600	1000	1	0	0	0	0	0	0	0	0	0	0	0	0	0	0	27.00	24.25	2.535238	5.167180	4.608037	102.359566	1	102.216652	102.406670
601	1000	0	0	0	0	0	0	0	0	0	0	0	0	0	0	0	27.00	24.25	2.536044	5.167180	4.612314	102.466591	1	102.323914	102.406670
602	1000	0	1	1	0	0	0	0	0	0	0	0	0	0	0	0	27.00	24.25	2.536850	5.167180	4.608037	102.359566	1	102.288246	102.406670
603	1000	1	0	0	0	0	0	0	0	0	0	0	0	0	0	0	27.00	24.25	2.537656	5.170403	4.590928	101.859917	0	102.502922	102.406670
604	1000	1	0	0	0	0	0	0	0	0	0	0	0	0	0	0	27.00	24.25	2.536044	5.165568	4.609463	102.431236	0	102.430923	102.406670
605	1000	0	0	0	0	0	0	0	0	0	0	0	0	0	0	0	27.00	24.25	2.537656	5.168792	4.609463	102.359283	1	101.717522	102.406670
606	1000	1	2	1	0	0	1	0	0	0	0	0	0	0	0	0	27.00	24.25	2.539268	5.170403	4.615166	102.465942	0	102.429985	102.406670
607	1000	0	3	1	0	0	0	0	0	0	0	0	0	0	0	0	27.00	24.25	2.538462	5.168792	4.610888	102.394951	1	102.323914	102.406670
608	1000	0	0	0	0	0	0	0	0	0	0	0	0	0	0	0	27.00	24.25	2.538462	5.165568	4.592354	102.003059	0	102.575027	102.406670
609	1000	0	0	0	0	0	0	0	0	0	0	0	0	0	0	0	27.00	24.25	2.537656	5.165568	4.612314	102.502594	0	102.466591	102.406670
610	1000	0	0	1	0	0	0	0	0	0	0	0	0	0	0	0	27.00	24.25	2.540073	5.168792	4.612314	102.430603	1	102.394646	102.406670
611	1000	0	0	1	0	0	0	0	0	0	0	0	0	0	0	0	27.00	24.25	2.539268	5.167180	4.615166	102.537926	0	102.575378	102.406670
612	1000	1	0	1	0	0	0	0	0	0	0	0	0	0	0	0	27.00	24.25	2.540073	5.168792	4.588077	101.824402	0	102.503258	102.406670
613	1000	0	0	0	0	0	0	0	0	0	0	0	0	0	0	0	27.00	24.25	2.538462	5.165568	4.613740	102.538269	0	102.466263	102.406670
614	1000	0	0	0	0	0	0	0	0	0	0	0	0	0	0	0	27.00	24.25	2.540879	5.168792	4.612314	102.430603	0	102.501930	102.406670
615	1000	0	1	0	0	0	0	0	0	0	0	0	0	0	0	0	27.00	24.25	2.541685	5.170403	4.616591	102.501595	0	102.430283	102.406670
616	1000	0	0	1	0	0	0	0	0	0	0	0	0	0	0	0	27.00	24.25	2.540879	5.168792	4.613740	102.466263	1	102.394951	102.406670
617	1000	0	0	0	0	0	0	0	0	0	0	0	0	0	0	0	27.00	24.50	2.540879	5.167180	5.473470	124.011589	0	102.574669	102.406670
618	1000	0	0	1	0	0	0	0	0	0	0	0	0	0	0	0	27.00	24.50	2.542491	5.168792	4.615166	102.501930	0	102.465942	102.406670
619	1000	0	0	0	0	0	0	0	0	0	0	0	0	0	0	0	27.00	24.50	2.543297	5.168792	4.615166	102.501930	1	102.394646	102.406670
620	1000	0	0	1	0	0	0	0	0	0	0	0	0	0	0	0	27.00	24.50	2.543297	5.168792	4.610888	102.394951	0	102.538971	102.406670
621	1000	0	0	0	0	0	0	0	0	0	0	0	0	0	0	0	27.00	24.50	2.543297	5.168792	4.592354	101.931374	0	102.574669	102.406670
622	1000	1	0	1	0	0	1	0	0	0	0	0	0	0	0	0	27.00	24.50	2.544103	5.170403	4.616591	102.501595	1	102.394348	102.406670
623	1000	0	0	0	0	0	0	0	0	0	0	0	0	0	0	0	27.00	24.50	2.544909	5.172015	4.612314	102.358704	1	101.823784	102.406670
624	1000	2	0	1	0	0	1	0	0	0	0	0	0	0	0	0	27.00	24.50	2.544103	5.170403	4.616591	102.501595	0	102.429985	102.406670
625	1000	0	1	2	0	0	0	0	0	0	0	0	0	0	0	0	27.00	24.50	2.544909	5.170403	4.610888	102.359001	1	102.394951	102.406670
626	1000	0	0	0	0	0	0	0	0	0	0	0	0	0	0	0	27.00	24.50	2.543297	5.165568	4.588077	101.896019	0	102.502594	102.406670
627	1000	0	2	0	0	0	0	0	0	0	0	0	0	0	0	0	27.00	24.50	2.544909	5.167180	4.609463	102.395248	1	102.287971	102.406670
628	1000	1	0	0	0	0	0	0	0	0	0	0	0	0	0	0	27.00	24.50	2.545715	5.167180	4.610888	102.430923	1	102.287971	102.406670
629	1000	0	1	0	0	0	0	0	0	0	0	0	0	0	0	0	27.00	24.50	2.546520	5.168792	4.613740	102.466263	1	102.394951	102.406670
630	1000	2	0	0	0	0	0	0	0	0	0	0	0	0	0	0	27.00	24.50	2.548132	5.168792	4.583799	101.717422	0	102.502922	102.406670
631	1000	0	0	1	0	0	0	0	0	0	0	0	0	0	0	0	27.00	24.50	2.547326	5.167180	4.615166	102.537926	1	102.394646	102.406670
632	1000	1	3	0	0	1	0	0	0	0	0	0	0	0	0	0	27.00	24.50	2.548938	5.170403	4.612314	102.394646	0	102.466263	102.406670
633	1000	0	0	0	0	0	0	0	0	0	0	0	0	0	0	0	27.00	24.50	2.548938	5.170403	4.615166	102.465942	0	102.465630	102.406670
634	1000	0	0	0	0	0	0	0	0	0	0	0	0	0	0	0	27.00	24.50	2.548938	5.172015	4.612314	102.358704	1	102.251785	102.406670
635	1000	0	0	2	0	0	0	0	0	0	0	0	0	0	0	0	27.00	24.50	2.548938	5.167180	4.583799	101.753174	0	102.430923	102.406670
636	1000	0	1	0	0	0	0	0	0	0	0	0	0	0	0	0	27.00	24.50	2.549744	5.170403	4.613740	102.430283	0	102.501259	102.406670
637	1000	0	0	0	0	0	0	0	0	0	0	0	0	0	0	0	27.00	24.50	2.550550	5.172015	4.613740	102.394348	1	102.323074	102.406670
638	1000	0	1	0	0	0	0	0	0	0	0	0	0	0	0	0	27.00	24.50	2.550550	5.170403	4.616591	102.501595	1	102.251541	102.406670
639	1000	0	0	1	0	0	0	0	0	0	0	0	0	0	0	0	27.00	24.50	2.550550	5.170403	4.515363	99.970573	0	102.574310	102.406670
640	1000	1	0	1	0	0	1	0	0	0	0	0	0	0	0	0	27.00	24.50	2.548938	5.167180	4.612314	102.466591	1	102.323631	102.406670
641	1000	0	0	0	0	0	0	0	0	0	0	0	0	0	0	0	27.00	24.50	2.550550	5.168792	4.613740	102.466263	1	101.895859	102.406670
642	1000	0	0	1	0	0	0	0	0	0	0	0	0	0	0	0	27.00	24.50	2.550550	5.167180	4.609463	102.395248	1	102.359283	102.406670
643	1000	1	1	0	0	1	0	0	0	0	0	0	0	0	0	0	27.00	24.50	2.552161	5.170403	4.613740	102.430283	1	102.323341	102.406670
644	1000	2	2	2	0	0	0	0	0	0	0	0	0	0	0	0	27.00	24.50	2.551356	5.168792	4.595205	102.002701	0	102.466911	102.406670
645	1000	1	0	1	0	0	1	0	0	0	0	0	0	0	0	0	27.00	24.50	2.552161	5.170403	4.610888	102.359001	1	102.358704	102.406670
646	1000	0	1	0	0	0	0	0	0	0	0	0	0	0	0	0	27.00	24.50	2.552161	5.168792	4.613740	102.466263	1	102.252060	102.406670
647	1000	0	0	0	0	0	0	0	0	0	0	0	0	0	0	0	27.00	24.50	2.552967	5.168792	4.615166	102.501930	1	102.359283	102.406670
648	1000	0	1	0	0	0	0	0	0	0	0	0	0	0	0	0	27.00	24.50	2.554579	5.172015	4.593780	101.895439	0	102.466911	102.406670
649	1000	0	2	2	0	0	0	0	0	0	0	0	0	0	0	0	27.00	24.50	2.552967	5.168792	4.616591	102.537590	1	102.358704	102.406670
650	1000	0	0	0	0	0	0	0	0	0	0	0	0	0	0	0	27.00	24.50	2.554579	5.172015	4.616591	102.465630	1	101.823784	102.406670
651	1000	0	0	0	0	0	0	0	0	0	0	0	0	0	0	0	27.00	24.50	2.555385	5.172015	4.615166	102.429985	1	102.394348	102.406670
652	1000	1	1	1	0	0	0	0	0	0	0	0	0	0	0	0	27.00	24.75	2.554579	5.168792	4.616591	102.537590	1	102.359001	102.406670
653	1000	0	2	1	0	0	0	0	0	0	0	0	0	0	0	0	27.00	24.75	2.554579	5.167180	4.586651	101.824524	0	102.573952	102.406670
654	1000	0	0	1	0	0	0	0	0	0	0	0	0	0	0	0	27.00	24.50	2.553773	5.168792	4.613740	102.466263	1	102.287704	102.406670
655	1000	0	0	0	0	0	0	0	0	0	0	0	0	0	0	0	27.00	24.75	2.555385	5.170403	4.612314	102.394646	0	102.465942	102.406670
656	1000	1	1	0	0	1	0	0	0	0	0	0	0	0	0	0	27.00	24.75	2.556191	5.168792	4.613740	102.466263	0	102.430603	102.406670
657	1000	1	0	0	0	0	0	0	0	0	0	0	0	0	0	0	27.00	24.75	2.556997	5.172015	4.596631	101.966698	0	102.502251	102.406670
658	1000	0	1	0	0	0	0	0	0	0	0	0	0	0	0	0	27.00	24.75	2.555385	5.168792	4.610888	102.394951	1	102.394646	102.406670
659	1000	0	0	0	0	0	0	0	0	0	0	0	0	0	0	0	27.00	24.75	2.556191	5.168792	4.613740	102.466263	1	102.394646	102.406670
660	1000	1	0	0	0	0	0	0	0	0	0	0	0	0	0	0	27.00	24.75	2.556191	5.168792	4.610888	102.394951	1	102.359001	102.406670
661	1000	1	0	1	0	0	1	0	0	0	0	0	0	0	0	0	27.00	24.75	2.557802	5.172015	4.615166	102.429985	0	102.430283	102.406670
662	1000	1	0	0	0	0	0	0	0	0	0	0	0	0	0	0	27.00	24.75	2.556191	5.165568	4.592354	102.003059	0	102.573952	102.406670
663	1000	0	0	0	0	0	0	0	0	0	0	0	0	0	0	0	27.00	24.75	2.556997	5.168792	4.615166	102.501930	1	102.323341	102.406670
664	1000	0	2	0	0	0	0	0	0	0	0	0	0	0	0	0	27.00	24.75	2.558608	5.168792	4.613740	102.466263	1	102.394646	102.406670
665	1000	1	1	1	0	1	0	0	0	0	0	0	0	0	0	0	27.00	24.75	2.559414	5.172015	4.618017	102.501259	0	102.430283	102.406670
666	1000	2	1	0	0	0	0	0	0	0	0	0	0	0	0	0	27.00	24.75	2.559414	5.172015	4.595205	101.931068	0	102.574310	102.406670
667	1000	0	1	0	0	0	0	0	0	0	0	0	0	0	0	0	27.00	24.75	2.558608	5.170403	4.615166	102.465942	1	102.358704	102.406670
668	1000	0	1	1	0	0	0	0	0	0	0	0	0	0	0	0	27.00	24.75	2.560220	5.170403	4.613740	102.430283	0	102.537926	102.406670
669	1000	0	0	2	0	0	0	0	0	0	0	0	0	0	0	0	27.00	24.75	2.560220	5.172015	4.612314	102.358704	1	102.322792	102.406670
670	1000	1	0	1	0	0	0	0	0	0	0	0	0	0	0	0	27.00	24.75	2.559414	5.168792	4.613740	102.466263	0	102.430283	102.406670
671	1000	1	0	0	0	0	0	0	0	0	0	0	0	0	0	0	27.00	24.75	2.558608	5.167180	4.592354	101.967201	0	102.466911	102.406670
672	1000	0	0	1	0	0	0	0	0	0	0	0	0	0	0	0	27.00	24.75	2.560220	5.170403	4.613740	102.430283	1	102.358704	102.406670
673	1000	0	0	0	0	0	0	0	0	0	0	0	0	0	0	0	27.50	24.75	2.561832	5.172015	4.613740	102.394348	0	102.429680	102.406670
674	1000	0	1	0	0	0	0	0	0	0	0	0	0	0	0	0	27.50	24.75	2.563443	5.173627	4.609463	102.251541	1	102.358704	102.406670
675	1000	1	1	0	0	0	0	0	0	0	0	0	0	0	0	0	27.50	24.75	2.562638	5.172015	4.589502	101.788521	0	102.610001	102.406670
676	1000	1	0	0	0	0	0	0	0	0	0	0	0	0	0	0	27.50	24.75	2.561832	5.170403	4.615166	102.465942	0	102.429985	102.406670
677	1000	2	0	1	0	0	1	0	0	0	0	0	0	0	0	0	27.50	24.75	2.562638	5.170403	4.615166	102.465942	1	102.145332	102.406670
678	1000	1	1	0	0	0	0	0	0	0	0	0	0	0	0	0	27.50	24.75	2.562638	5.170403	4.616591	102.501595	1	102.358704	102.406670
679	1000	0	0	0	0	0	0	0	0	0	0	0	0	0	0	0	27.50	24.75	2.564249	5.172015	4.615166	102.429985	0	102.465942	102.406670
680	1000	0	0	1	0	0	0	0	0	0	0	0	0	0	0	0	27.50	24.75	2.563443	5.168792	4.613740	102.466263	1	102.394951	102.406670
681	1000	0	0	0	0	0	0	0	0	0	0	0	0	0	0	0	27.50	24.75	2.564249	5.172015	4.613740	102.394348	1	102.322792	102.406670
682	1000	0	0	0	0	0	0	0	0	0	0	0	0	0	0	0	27.50	24.75	2.565861	5.173627	4.618017	102.465302	1	102.287170	102.406670
683	1000	0	2	0	0	0	0	0	0	0	0	0	0	0	0	0	27.50	24.75	2.565861	5.173627	4.610888	102.287170	1	102.358421	102.406670
684	1000	0	0	0	0	0	0	0	0	0	0	0	0	0	0	0	27.50	24.75	2.566667	5.170403	4.599483	102.073822	0	102.430923	102.406670
685	1000	0	1	0	0	0	0	0	0	0	0	0	0	0	0	0	27.50	24.75	2.565055	5.168792	4.610888	102.394951	0	102.429985	102.406670
686	1000	1	0	0	0	0	0	0	0	0	0	0	0	0	0	0	27.50	24.75	2.567473	5.173627	4.619443	102.500916	0	102.502594	102.406670
687	1000	0	0	1	0	0	0	0	0	0	0	0	0	0	0	0	27.50	24.75	2.566667	5.172015	4.613740	102.394348	1	102.323074	102.406670
688	1000	0	1	1	0	0	0	0	0	0	0	0	0	0	0	0	27.50	24.75	2.569084	5.175239	4.616591	102.393753	1	102.286903	102.406670
689	1000	1	0	1	0	0	0	0	0	0	0	0	0	0	0	0	27.50	24.75	2.566667	5.168792	4.589502	101.860054	0	102.502251	102.406670
690	1000	0	1	0	0	0	0	0	0	0	0	0	0	0	0	0	27.50	24.75	2.565861	5.168792	4.613740	102.466263	1	102.359001	102.406670
691	1000	1	0	0	0	0	0	0	0	0	0	0	0	0	0	0	27.50	25.00	2.568279	5.170403	4.615166	102.465942	1	102.394348	102.406670
692	1000	0	0	0	0	0	0	0	0	0	0	0	0	0	0	0	27.50	24.75	2.568279	5.172015	4.613740	102.394348	1	102.359001	102.406670
693	1000	0	1	0	0	0	0	0	0	0	0	0	0	0	0	0	27.50	25.00	2.569890	5.173627	4.598057	101.966537	0	102.430603	102.406670
694	1000	1	0	1	0	0	0	0	0	0	0	0	0	0	0	0	27.50	25.00	2.569084	5.172015	4.616591	102.465630	1	102.394051	102.406670
695	1000	0	0	1	0	0	0	0	0	0	0	0	0	0	0	0	27.50	25.00	2.569084	5.172015	4.613740	102.394348	0	102.646072	102.406670
696	1000	0	1	0	0	0	0	0	0	0	0	0	0	0	0	0	27.50	25.00	2.568279	5.170403	4.613740	102.430283	1	102.394646	102.406670
697	1000	0	1	0	0	0	0	0	0	0	0	0	0	0	0	0	27.50	25.00	2.569890	5.172015	4.615166	102.429985	0	102.429985	102.406670
698	1000	1	0	0	0	0	0	0	0	0	0	0	0	0	0	0	27.50	25.00	2.569084	5.168792	4.598057	102.074005	0	102.537590	102.406670
699	1000	2	0	1	0	0	1	0	0	0	0	0	0	0	0	0	27.50	25.00	2.570696	5.175239	4.616591	102.393753	1	102.358139	102.406670
700	1000	1	1	0	0	0	0	0	0	0	0	0	0	0	0	0	27.50	25.00	2.569890	5.172015	4.615166	102.429985	0	102.465630	102.406670
701	1000	0	1	0	0	0	0	0	0	0	0	0	0	0	0	0	27.50	25.00	2.572308	5.175239	4.618017	102.429359	1	102.251297	102.406670
702	1000	0	0	1	0	0	0	0	0	0	0	0	0	0	0	0	27.50	25.00	2.571502	5.172015	4.596631	101.966698	0	102.502594	102.406670
703	1000	1	0	1	0	0	1	0	0	0	0	0	0	0	0	0	27.50	25.00	2.572308	5.173627	4.618017	102.465302	0	102.429359	102.406670
704	1000	1	0	0	0	0	0	0	0	0	0	0	0	0	0	0	27.50	25.00	2.573114	5.173627	4.618017	102.465302	1	102.394348	102.406670
705	1000	2	0	0	0	0	0	0	0	0	0	0	0	0	0	0	27.50	25.00	2.573114	5.175239	4.616591	102.393753	0	102.464981	102.406670
706	1000	1	0	1	0	0	0	0	0	0	0	0	0	0	0	0	27.50	25.00	2.573920	5.175239	4.619443	102.464981	1	102.322517	102.406670
707	1000	1	0	0	0	0	0	0	0	0	0	0	0	0	0	0	27.50	25.00	2.571502	5.167180	4.615166	102.537926	0	102.537590	102.406670
708	1000	1	1	0	0	1	0	0	0	0	0	0	0	0	0	0	27.50	25.00	2.573114	5.172015	4.618017	102.501259	0	102.501259	102.406670
709	1000	0	1	0	0	0	0	0	0	0	0	0	0	0	0	0	27.50	25.00	2.573920	5.173627	4.620869	102.536545	1	102.394051	102.406670
710	1000	0	0	0	0	0	0	0	0	0	0	0	0	0	0	0	27.50	25.00	2.574726	5.175239	4.616591	102.393753	1	102.393753	102.406670
711	1000	1	0	0	0	0	0	0	0	0	0	0	0	0	0	0	27.50	25.00	2.574726	5.172015	4.598057	102.002342	0	102.537926	102.406670
712	1000	1	1	0	0	0	0	0	0	0	0	0	0	0	0	0	27.50	25.00	2.573920	5.170403	4.616591	102.501595	0	102.501259	102.406670
713	1000	0	0	0	0	0	0	0	0	0	0	0	0	0	0	0	27.50	25.00	2.574726	5.172015	4.612314	102.358704	0	102.501259	102.406670
714	1000	0	0	1	0	0	0	0	0	0	0	0	0	0	0	0	27.50	25.00	2.576337	5.173627	4.613740	102.358421	1	102.393448	102.406670
715	1000	0	0	1	0	0	0	0	0	0	0	0	0	0	0	0	27.50	25.00	2.575531	5.173627	4.619443	102.500916	0	102.429985	102.406670
716	1000	0	1	0	0	0	0	0	0	0	0	0	0	0	0	0	27.50	25.00	2.575531	5.170403	4.612314	102.394646	0	102.465942	102.406670
717	1000	3	0	0	0	0	0	0	0	0	0	0	0	0	0	0	27.50	25.00	2.575531	5.172015	4.610888	102.323074	1	102.323074	102.406670
718	1000	1	1	0	0	1	0	0	0	0	0	0	0	0	0	0	27.50	25.00	2.576337	5.172015	4.618017	102.501259	0	102.465302	102.406670
719	1000	0	0	0	0	0	0	0	0	0	0	0	0	0	0	0	27.50	25.00	2.577143	5.173627	4.615166	102.394051	1	102.394051	102.406670
720	1000	0	0	0	0	0	0	0	0	0	0	0	0	0	0	0	27.50	25.00	2.577143	5.178462	5.838462	132.825012	0	102.609276	102.406670
721	1000	0	0	1	0	0	0	0	0	0	0	0	0	0	0	0	27.50	25.00	2.577143	5.173627	4.616591	102.429680	1	102.358139	102.406670
722	1000	0	0	0	0	0	0	0	0	0	0	0	0	0	0	0	27.50	25.00	2.578755	5.175239	4.616591	102.393753	1	102.359001	102.406670
723	1000	0	0	0	0	0	0	0	0	0	0	0	0	0	0	0	27.50	25.00	2.579561	5.175239	4.618017	102.429359	1	102.286903	102.406670
724	1000	0	2	0	0	0	0	0	0	0	0	0	0	0	0	0	27.50	25.00	2.579561	5.175239	4.615166	102.358139	1	102.251297	102.406670
725	1000	2	2	1	0	0	0	0	1	0	0	0	0	0	0	0	27.50	25.00	2.577143	5.170403	4.589502	101.824280	1	102.359283	102.406670
726	1000	1	0	0	0	0	0	0	0	0	0	0	0	0	0	0	27.50	25.00	2.577143	5.170403	4.618017	102.537239	1	102.394348	102.406670
727	1000	1	1	0	0	1	0	0	0	0	0	0	0	0	0	0	27.50	25.00	2.580367	5.175239	4.615166	102.358139	1	102.358139	102.406670
728	1000	0	0	0	0	0	0	0	0	0	0	0	0	0	0	0	27.50	25.00	2.580367	5.175239	4.618017	102.429359	1	102.358139	102.406670
729	1000	0	1	1	0	0	0	0	0	0	0	0	0	0	0	0	27.50	25.00	2.580367	5.183297	4.669344	103.530159	0	102.430603	102.406670
730	1000	1	1	2	0	0	1	0	0	0	0	0	0	0	0	0	27.50	25.00	2.580367	5.173627	4.618017	102.465302	0	102.465302	102.406670
731	1000	1	1	0	0	1	0	0	0	0	0	0	0	0	0	0	27.50	25.00	2.581172	5.175239	4.618017	102.429359	1	102.358704	102.406670
732	1000	1	0	0	0	0	0	0	0	0	0	0	0	0	0	0	27.50	25.00	2.581172	5.173627	4.615166	102.394051	1	101.752670	102.406670
733	1000	1	2	1	0	0	0	0	1	0	0	0	0	0	0	0	27.50	25.00	2.581978	5.173627	4.615166	102.394051	1	102.394051	102.406670
734	1000	1	0	0	0	0	0	0	0	0	0	0	0	0	0	0	27.50	25.25	2.578755	5.165568	4.613740	102.538269	0	102.430603	102.406670
735	1000	1	0	1	0	0	0	0	0	0	0	0	0	0	0	0	27.50	25.00	2.581978	5.173627	4.619443	102.500916	0	102.500595	102.406670
736	1000	0	0	0	0	0	0	0	0	0	0	0	0	0	0	0	27.50	25.00	2.582784	5.175239	4.619443	102.464981	0	102.429054	102.406670
737	1000	0	0	0	0	0	0	0	0	0	0	0	0	0	0	0	27.50	25.25	2.583590	5.175239	4.616591	102.393753	1	102.357857	102.406670
738	1000	1	1	0	0	1	0	0	0	0	0	0	0	0	0	0	27.50	25.25	2.584396	5.175239	4.598057	101.930763	1	102.394646	102.406670
739	1000	0	1	0	0	0	0	0	0	0	0	0	0	0	0	0	27.50	25.25	2.581978	5.172015	4.619443	102.536888	1	102.394051	102.406670
740	1000	0	0	0	0	0	0	0	0	0	0	0	0	0	0	0	27.50	25.25	2.582784	5.173627	4.619443	102.500916	1	102.358421	102.406670
741	1000	0	0	1	0	0	0	0	0	0	0	0	0	0	0	0	27.50	25.25	2.582784	5.173627	4.613740	102.358421	1	102.358421	102.406670
742	1000	0	0	0	0	0	0	0	0	0	0	0	0	0	0	0	27.50	25.25	2.583590	5.173627	4.618017	102.465302	1	102.394348	102.406670
743	1000	0	0	0	0	0	0	0	0	0	0	0	0	0	0	0	27.50	25.25	2.581172	5.167180	4.595205	102.038536	0	102.501930	102.406670
744	1000	0	0	0	0	0	0	0	0	0	0	0	0	0	0	0	27.50	25.25	2.582784	5.172015	4.615166	102.429985	1	102.358704	102.406670
746	1000	0	0	1	0	0	0	0	0	0	0	0	0	0	0	0	27.50	25.25	2.584396	5.173627	4.615166	102.394051	1	102.286903	102.406670
747	1000	1	0	0	0	0	0	0	0	0	0	0	0	0	0	0	27.50	25.25	2.586008	5.176850	4.618017	102.393448	1	102.393753	102.406670
748	1000	0	1	0	0	0	0	0	0	0	0	0	0	0	0	0	27.50	25.25	2.587619	5.178462	4.599483	101.894859	0	102.572174	102.406670
749	1000	1	1	0	0	0	0	0	0	0	0	0	0	0	0	0	27.50	25.25	2.584396	5.173627	4.615166	102.394051	1	102.251297	102.406670
750	1000	1	0	0	0	0	0	0	0	0	0	0	0	0	0	0	27.50	25.25	2.586813	5.176850	4.616591	102.357857	1	102.393753	102.406670
751	1000	3	1	0	0	1	0	0	0	0	0	0	0	0	0	0	27.50	25.25	2.586813	5.176850	4.620869	102.464661	0	102.464661	102.406670
752	1000	1	0	1	0	0	1	0	0	0	0	0	0	0	0	0	27.50	25.25	2.587619	5.176850	4.620869	102.464661	0	102.500259	102.406670
753	1000	0	1	1	0	0	0	0	0	0	0	0	0	0	0	0	27.50	25.25	2.586008	5.170403	4.616591	102.501595	0	102.572533	102.406670
754	1000	0	0	0	0	0	0	0	0	0	0	0	0	0	0	0	28.00	25.25	2.587619	5.175239	4.618017	102.429359	1	102.393448	102.406670
755	1000	0	1	0	0	0	0	0	0	0	0	0	0	0	0	0	27.50	25.25	2.589231	5.178462	4.622294	102.464340	1	102.393135	102.406670
756	1000	1	2	0	0	0	0	0	0	0	0	0	0	0	0	0	27.50	25.25	2.589231	5.176850	4.619443	102.429054	1	102.357857	102.406670
757	1000	2	0	0	0	0	0	0	0	0	0	0	0	0	0	0	27.50	25.25	2.590037	5.176850	4.600908	101.966209	0	102.537239	102.406670
758	1000	0	0	0	0	0	0	0	0	0	0	0	0	0	0	0	28.00	25.25	2.588425	5.175239	4.619443	102.464981	1	102.393448	102.406670
759	1000	2	1	1	0	1	0	0	0	0	0	0	0	0	0	0	27.50	25.25	2.587619	5.173627	4.618017	102.465302	1	102.394051	102.406670
760	1000	1	1	0	0	0	0	0	0	0	0	0	0	0	0	0	28.00	25.25	2.589231	5.176850	4.619443	102.429054	1	101.787956	102.406670
761	1000	1	0	1	0	0	0	0	0	0	0	0	0	0	0	0	28.00	25.25	2.590037	5.178462	4.616591	102.321960	1	102.321960	102.406670
762	1000	1	1	2	0	0	1	0	0	0	0	0	0	0	0	0	28.00	25.25	2.587619	5.170403	4.620869	102.608536	0	102.465302	102.406670
763	1000	0	0	0	0	0	0	0	0	0	0	0	0	0	0	0	28.00	25.25	2.590037	5.176850	4.618017	102.393448	0	102.429054	102.406670
764	1000	0	1	1	0	0	0	0	0	0	0	0	0	0	0	0	28.00	25.25	2.590843	5.178462	4.620869	102.428741	1	102.286369	102.406670
765	1000	1	2	1	0	0	0	0	0	0	0	0	0	0	0	0	28.00	25.25	2.591649	5.176850	4.616591	102.357857	1	102.393448	102.406670
766	1000	0	0	0	0	0	0	0	0	0	0	0	0	0	0	0	28.00	25.25	2.594066	5.176850	4.600908	101.966209	0	102.536888	102.406670
767	1000	0	0	2	0	0	0	0	0	0	0	0	0	0	0	0	28.00	25.25	2.590843	5.176850	4.619443	102.429054	1	102.322235	102.406670
768	1000	0	0	0	0	0	0	0	0	0	0	0	0	0	0	0	28.00	25.25	2.592454	5.178462	4.620869	102.428741	1	102.286629	102.406670
769	1000	1	0	1	0	0	1	0	0	0	0	0	0	0	0	0	28.00	25.25	2.592454	5.178462	4.619443	102.393135	1	102.393135	102.406670
770	1000	0	0	2	0	0	0	0	0	0	0	0	0	0	0	0	28.00	25.25	2.592454	5.178462	4.615166	102.286369	1	102.393448	102.406670
771	1000	1	0	1	0	0	1	0	0	0	0	0	0	0	0	0	28.00	25.25	2.591649	5.172015	4.618017	102.501259	0	102.429680	102.406670
772	1000	0	0	0	0	0	0	0	0	0	0	0	0	0	0	0	28.00	25.25	2.591649	5.175239	4.620869	102.500595	0	102.429054	102.406670
773	1000	0	1	0	0	0	0	0	0	0	0	0	0	0	0	0	28.00	25.25	2.592454	5.175239	4.618017	102.429359	0	102.429359	102.406670
774	1000	0	2	0	0	0	0	0	0	0	0	0	0	0	0	0	28.00	25.25	2.593260	5.176850	4.616591	102.357857	1	102.322235	102.406670
775	1000	0	0	1	0	0	0	0	0	0	0	0	0	0	0	0	28.00	25.25	2.592454	5.173627	4.589502	101.752785	0	102.466263	102.406670
776	1000	0	1	0	0	0	0	0	0	0	0	0	0	0	0	0	28.00	25.25	2.592454	5.173627	4.616591	102.429680	1	102.286629	102.406670
777	1000	0	0	0	0	0	0	0	0	0	0	0	0	0	0	0	28.00	25.50	2.594066	5.175239	4.612314	102.286903	1	102.251297	102.406670
778	1000	2	1	0	0	1	0	0	0	0	0	0	0	0	0	0	28.00	25.50	2.593260	5.173627	4.616591	102.429680	1	102.037415	102.406670
779	1000	0	0	1	0	0	0	0	0	0	0	0	0	0	0	0	28.00	25.50	2.594872	5.176850	4.619443	102.429054	1	102.358139	102.406670
780	1000	0	0	0	0	0	0	0	0	0	0	0	0	0	0	0	28.00	25.50	2.592454	5.170403	4.615166	102.465942	0	102.501259	102.406670
781	1000	0	2	0	0	0	0	0	0	0	0	0	0	0	0	0	28.00	25.50	2.594066	5.175239	4.619443	102.464981	1	102.322235	102.406670
782	1000	0	1	0	0	0	0	0	0	0	0	0	0	0	0	0	28.00	25.50	2.595678	5.178462	4.620869	102.428741	1	102.393135	102.406670
783	1000	0	1	0	0	0	0	0	0	0	0	0	0	0	0	0	28.00	25.50	2.595678	5.176850	4.616591	102.357857	0	102.464661	102.406670
784	1000	0	0	1	0	0	0	0	0	0	0	0	0	0	0	0	28.00	25.50	2.596484	5.173627	4.626572	102.679054	0	102.608894	102.406670
785	1000	0	1	2	0	0	0	0	0	0	0	0	0	0	0	0	28.00	25.50	2.595678	5.175239	4.620869	102.500595	0	102.429054	102.406670
786	1000	1	3	2	0	1	0	0	0	0	0	0	0	0	0	0	28.00	25.50	2.596484	5.176850	4.618017	102.393448	0	102.464981	102.406670
787	1000	1	0	0	0	0	0	0	0	0	0	0	0	0	0	0	28.00	25.50	2.595678	5.175239	4.618017	102.429359	1	101.966698	102.406670
788	1000	0	0	1	0	0	0	0	0	0	0	0	0	0	0	0	28.00	25.50	2.597290	5.176850	4.599483	101.930603	1	102.357857	102.406670
789	1000	0	0	0	0	0	0	0	0	0	0	0	0	0	0	0	28.00	25.50	2.594872	5.168792	4.619443	102.608894	1	102.394348	102.406670
790	1000	1	0	0	0	0	0	0	0	0	0	0	0	0	0	0	28.00	25.50	2.597290	5.176850	4.622294	102.500259	0	102.464340	102.406670
791	1000	0	0	2	0	0	0	0	0	0	0	0	0	0	0	0	28.00	25.50	2.598095	5.176850	4.620869	102.464661	0	102.464340	102.406670
792	1000	1	0	0	0	0	0	0	0	0	0	0	0	0	0	0	28.00	25.50	2.598095	5.176850	4.620869	102.464661	1	102.358139	102.406670
793	1000	2	1	2	0	0	0	0	0	0	0	0	0	0	0	0	28.00	25.50	2.598901	5.176850	4.593780	101.788193	0	102.536545	102.406670
794	1000	2	2	1	0	1	1	0	0	0	0	0	0	0	0	0	28.00	25.50	2.598095	5.175239	4.619443	102.464981	0	102.500259	102.406670
795	1000	0	0	0	0	0	0	0	0	0	0	0	0	0	0	0	28.00	25.50	2.598901	5.176850	4.618017	102.393448	0	102.428741	102.406670
796	1000	1	0	1	0	0	0	0	0	0	0	0	0	0	0	0	28.00	25.50	2.601319	5.181685	4.623720	102.428123	0	102.429054	102.406670
797	1000	0	0	0	0	0	0	0	0	0	0	0	0	0	0	0	28.00	25.50	2.602125	5.181685	4.646533	102.997261	0	102.607437	102.406670
798	1000	0	1	0	0	0	0	0	0	0	0	0	0	0	0	0	28.00	25.50	2.600513	5.176850	4.619443	102.429054	0	102.428741	102.406670
799	1000	1	0	1	0	0	1	0	0	0	0	0	0	0	0	0	28.00	25.50	2.599707	5.175239	4.618017	102.429359	1	101.965874	102.406670
800	1000	1	0	2	0	0	0	0	0	0	0	0	0	0	0	0	28.00	25.50	2.600513	5.178462	4.618017	102.357559	1	102.286369	102.406670
801	1000	0	1	0	0	0	0	0	0	0	0	0	0	0	0	0	28.00	25.50	2.602125	5.180074	4.619443	102.357262	1	102.321693	102.406670
802	1000	0	1	1	0	0	0	0	0	0	0	0	0	0	0	0	28.00	25.50	2.602931	5.178462	4.600908	101.930443	0	102.500916	102.406670
803	1000	0	0	2	0	0	0	0	0	0	0	0	0	0	0	0	28.00	25.50	2.601319	5.178462	4.619443	102.393135	1	102.321693	102.406670
804	1000	0	0	0	0	0	0	0	0	0	0	0	0	0	0	0	28.00	25.50	2.602125	5.178462	4.620869	102.428741	1	102.357262	102.406670
805	1000	0	0	1	0	0	0	0	0	0	0	0	0	0	0	0	28.00	25.50	2.602125	5.178462	4.615166	102.286369	1	101.966377	102.406670
806	1000	1	0	0	0	0	0	0	0	0	0	0	0	0	0	0	28.00	25.50	2.602125	5.175239	4.599483	101.966377	0	102.501595	102.406670
807	1000	0	0	0	0	0	0	0	0	0	0	0	0	0	0	0	28.00	25.50	2.600513	5.173627	4.616591	102.429680	1	102.215431	102.406670
808	1000	0	0	0	0	0	0	0	0	0	0	0	0	0	0	0	28.00	25.50	2.601319	5.175239	4.622294	102.536217	1	102.393448	102.406670
809	1000	0	0	0	0	0	0	0	0	0	0	0	0	0	0	0	28.00	25.50	2.602931	5.175239	4.620869	102.500595	0	102.429054	102.406670
810	1000	0	0	0	0	0	0	0	0	0	0	0	0	0	0	0	28.00	25.50	2.602931	5.176850	4.618017	102.393448	1	102.286903	102.406670
811	1000	0	1	0	0	0	0	0	0	0	0	0	0	0	0	0	28.00	25.50	2.604542	5.176850	4.602334	102.001801	0	102.501259	102.406670
812	1000	0	1	1	0	0	0	0	0	0	0	0	0	0	0	0	28.00	25.50	2.602931	5.176850	4.615166	102.322235	1	102.357559	102.406670
813	1000	0	1	0	0	0	0	0	0	0	0	0	0	0	0	0	28.00	25.50	2.605348	5.178462	4.623720	102.499931	1	102.392853	102.406670
814	1000	1	0	1	0	0	1	0	0	0	0	0	0	0	0	0	28.00	25.50	2.606154	5.180074	4.620869	102.392853	1	101.930763	102.406670
815	1000	1	2	0	0	0	0	0	0	0	0	0	0	0	0	0	28.00	25.50	2.605348	5.180074	4.599483	101.859131	0	102.501259	102.406670
816	1000	0	0	0	0	0	0	0	0	0	0	0	0	0	0	0	28.00	25.50	2.604542	5.176850	4.618017	102.393448	0	102.464340	102.406670
817	1000	1	0	0	0	0	0	0	0	0	0	0	0	0	0	0	28.00	25.50	2.606960	5.180074	4.622294	102.428436	1	102.321693	102.406670
818	1000	0	0	0	0	0	0	0	0	0	0	0	0	0	0	0	28.00	25.50	2.606960	5.180074	4.620869	102.392853	1	102.321693	102.406670
819	1000	0	0	0	0	0	0	0	0	0	0	0	0	0	0	0	28.00	25.50	2.607766	5.180074	4.619443	102.357262	1	102.321411	102.406670
820	1000	0	0	0	0	0	0	0	0	0	0	0	0	0	0	0	28.00	25.50	2.607766	5.178462	4.606611	102.072815	0	102.535866	102.406670
821	1000	0	0	0	0	0	0	0	0	0	0	0	0	0	0	0	28.00	25.50	2.606960	5.180074	4.618017	102.321693	0	102.428123	102.406670
822	1000	0	1	0	0	0	0	0	0	0	0	0	0	0	0	0	28.00	25.50	2.606960	5.178462	4.620869	102.428741	0	102.428741	102.406670
823	1000	0	1	0	0	0	0	0	0	0	0	0	0	0	0	0	28.00	25.50	2.608572	5.180074	4.623720	102.464012	0	102.428436	102.406670
824	1000	0	1	0	0	0	0	0	0	0	0	0	0	0	0	0	28.00	25.50	2.607766	5.178462	4.599483	101.894859	0	102.465302	102.406670
825	1000	0	0	1	0	0	0	0	0	0	0	0	0	0	0	0	28.00	25.50	2.607766	5.178462	4.620869	102.428741	1	102.392853	102.406670
826	1000	1	0	0	0	0	0	0	0	0	0	0	0	0	0	0	28.00	25.75	2.608572	5.178462	4.620869	102.428741	1	101.859131	102.406670
827	1000	0	1	0	0	0	0	0	0	0	0	0	0	0	0	0	28.00	25.75	2.610183	5.180074	4.623720	102.464012	1	102.321411	102.406670
828	1000	0	0	0	0	0	0	0	0	0	0	0	0	0	0	0	28.00	25.75	2.610183	5.181685	4.620869	102.356979	1	102.357262	102.406670
829	1000	0	0	0	0	0	0	0	0	0	0	0	0	0	0	0	28.00	25.75	2.610989	5.178462	4.511086	99.688103	0	102.429054	102.406670
830	1000	0	1	1	0	0	0	0	0	0	0	0	0	0	0	0	28.00	25.75	2.607766	5.175239	4.619443	102.464981	1	102.357559	102.406670
831	1000	0	1	0	0	0	0	0	0	0	0	0	0	0	0	0	28.00	25.75	2.609378	5.178462	4.623720	102.499931	1	102.392853	102.406670
832	1000	0	1	0	0	0	0	0	0	0	0	0	0	0	0	0	28.00	25.75	2.610183	5.178462	4.619443	102.393135	1	101.681213	102.406670
833	1000	0	0	0	0	0	0	0	0	0	0	0	0	0	0	0	28.00	25.75	2.610183	5.178462	4.600908	101.930443	0	102.465942	102.406670
834	1000	0	0	0	0	0	0	0	0	0	0	0	0	0	0	0	28.00	25.75	2.608572	5.175239	4.619443	102.464981	1	102.286369	102.406670
835	1000	0	0	0	0	0	0	0	0	0	0	0	0	0	0	0	28.00	25.75	2.610183	5.176850	4.616591	102.357857	1	102.321693	102.406670
836	1000	2	1	1	0	0	1	0	0	0	0	0	0	0	0	0	28.00	25.75	2.611795	5.180074	4.620869	102.392853	1	102.356979	102.406670
837	1000	1	0	0	0	0	0	0	0	0	0	0	0	0	0	0	28.00	25.75	2.613407	5.183297	4.622294	102.356697	1	102.285568	102.406670
838	1000	0	0	0	0	0	0	0	0	0	0	0	0	0	0	0	28.00	25.75	2.614213	5.180074	4.606611	102.037033	0	102.535507	102.406670
839	1000	1	0	0	0	0	0	0	0	0	0	0	0	0	0	0	28.00	25.75	2.612601	5.178462	4.625146	102.535507	1	102.321136	102.406670
840	1000	1	0	1	0	0	1	0	0	0	0	0	0	0	0	0	28.00	25.75	2.613407	5.181685	4.626572	102.499260	1	102.392555	102.406670
841	1000	0	1	0	0	0	0	0	0	0	0	0	0	0	0	0	28.00	25.75	2.613407	5.180074	4.623720	102.464012	1	102.037415	102.406670
842	1000	0	1	1	0	0	0	0	0	0	0	0	0	0	0	0	28.00	25.75	2.615019	5.184909	4.605186	101.894279	0	102.464661	102.406670
843	1000	0	0	0	0	0	0	0	0	0	0	0	0	0	0	0	28.00	25.75	2.614213	5.181685	4.626572	102.499260	0	102.428123	102.406670
844	1000	1	2	0	0	1	0	0	0	0	0	0	0	0	0	0	28.00	25.75	2.615019	5.181685	4.625146	102.463684	0	102.427803	102.406670
845	1000	2	2	1	0	1	0	0	0	0	0	0	0	0	0	0	28.00	25.75	2.615019	5.180074	4.620869	102.392853	0	102.428436	102.406670
846	1000	0	0	1	0	0	0	0	0	0	0	0	0	0	0	0	28.50	25.75	2.615824	5.183297	4.622294	102.356697	0	102.463684	102.406670
847	1000	0	0	0	0	0	0	0	0	0	0	0	0	0	0	0	28.00	25.75	2.615019	5.180074	4.605186	102.001457	0	102.535507	102.406670
848	1000	0	1	0	0	0	0	0	0	0	0	0	0	0	0	0	28.50	25.75	2.615019	5.178462	4.622294	102.464340	0	102.428123	102.406670
849	1000	0	0	0	0	0	0	0	0	0	0	0	0	0	0	0	28.00	25.75	2.615019	5.180074	4.625146	102.499588	1	102.321411	102.406670
850	1000	0	1	0	0	0	0	0	0	0	0	0	0	0	0	0	28.50	25.75	2.617436	5.183297	4.626572	102.463371	0	102.464981	102.406670
851	1000	0	0	0	0	0	0	0	0	0	0	0	0	0	0	0	28.50	25.75	2.617436	5.183297	4.660790	103.316811	0	102.536217	102.406670
852	1000	1	0	1	0	0	1	0	0	0	0	0	0	0	0	0	28.50	25.75	2.616630	5.180074	4.627998	102.570770	1	102.356979	102.406670
853	1000	0	0	0	0	0	0	0	0	0	0	0	0	0	0	0	28.50	25.75	2.617436	5.181685	4.625146	102.463684	1	101.929825	102.406670
854	1000	0	0	0	0	0	0	0	0	0	0	0	0	0	0	0	28.50	25.75	2.617436	5.181685	4.623720	102.428123	1	102.392250	102.406670
855	1000	0	2	1	0	0	0	0	0	0	0	0	0	0	0	0	28.50	25.75	2.619854	5.184909	4.627998	102.463066	0	102.463371	102.406670
856	1000	0	0	0	0	0	0	0	0	0	0	0	0	0	0	0	28.50	25.75	2.619048	5.181685	4.642255	102.890556	0	102.464012	102.406670
857	1000	1	0	1	0	0	1	0	0	0	0	0	0	0	0	0	28.50	25.75	2.617436	5.180074	4.620869	102.392853	1	102.392853	102.406670
858	1000	0	1	0	0	0	0	0	0	0	0	0	0	0	0	0	28.50	25.75	2.616630	5.178462	4.618017	102.357559	1	102.321693	102.406670
859	1000	0	1	0	0	0	0	0	0	0	0	0	0	0	0	0	28.50	25.75	2.618242	5.180074	4.615166	102.250519	0	102.465942	102.406670
860	1000	0	0	1	0	0	0	0	0	0	0	0	0	0	0	0	28.50	25.75	2.618242	5.183297	4.592354	101.609940	1	102.251038	102.406670
861	1000	0	1	1	0	0	0	0	0	0	0	0	0	0	0	0	28.50	25.75	2.616630	5.176850	4.606611	102.108612	1	102.037033	102.406670
862	1000	0	0	0	0	0	0	0	0	0	0	0	0	0	0	0	28.50	25.75	2.618242	5.180074	4.603760	101.965874	1	101.930283	102.406670
863	1000	0	0	0	0	0	0	0	0	0	0	0	0	0	0	0	28.50	25.75	2.618242	5.178462	4.600908	101.930443	1	101.859131	102.406670
864	1000	0	1	1	0	0	0	0	0	0	0	0	0	0	0	0	28.50	25.75	2.619854	5.183297	4.602334	101.858856	1	101.823303	102.406670
865	1000	1	1	0	0	1	0	0	0	0	0	0	0	0	0	0	28.50	26.00	2.620660	5.180074	4.578096	101.325409	1	101.752487	102.406670
866	1000	0	0	2	0	0	0	0	0	0	0	0	0	0	0	0	28.50	25.75	2.619048	5.181685	4.596631	101.752281	1	101.645569	102.406670
867	1000	1	0	0	0	0	0	0	0	0	0	0	0	0	0	0	28.50	25.75	2.618242	5.181685	4.590928	101.609993	1	101.574432	102.406670
868	1000	0	1	0	0	0	0	0	0	0	0	0	0	0	0	0	28.50	25.75	2.618242	5.183297	4.592354	101.609940	1	101.824028	102.406670
869	1000	1	1	1	0	0	0	0	0	0	0	0	0	0	0	0	28.50	25.75	2.617436	5.181685	4.563838	100.934151	1	101.503387	102.406670
870	1000	0	2	0	0	0	0	0	0	0	0	0	0	0	0	0	28.50	25.75	2.615824	5.180074	4.585225	101.503311	1	101.361015	102.406670
871	1000	0	0	1	0	0	0	0	0	0	0	0	0	0	0	0	28.50	25.75	2.619048	5.183297	4.583799	101.396591	1	101.396591	102.406670
872	1000	0	2	0	0	0	0	0	0	0	0	0	0	0	0	0	28.50	25.75	2.619048	5.183297	4.576671	101.218803	1	101.147758	102.406670
873	1000	0	1	0	0	0	0	0	0	0	0	0	0	0	0	0	28.50	25.75	2.621465	5.186521	4.579522	101.218925	1	101.289963	102.406670
874	1000	0	0	0	0	0	0	0	0	0	0	0	0	0	0	0	28.50	26.00	2.620660	5.181685	4.558136	100.791870	1	101.289825	102.406670
875	1000	0	0	0	0	0	0	0	0	0	0	0	0	0	0	0	28.50	26.00	2.621465	5.184909	4.575245	101.147758	1	101.112206	102.406670
876	1000	1	0	1	0	0	0	0	0	0	0	0	0	0	0	0	28.50	26.00	2.620660	5.181685	4.566690	101.005302	1	101.041115	102.406670
877	1000	0	1	0	0	0	0	0	0	0	0	0	0	0	0	0	28.50	26.00	2.619854	5.181685	4.565265	100.969734	1	100.969574	102.406670
878	1000	0	1	0	0	0	0	0	0	0	0	0	0	0	0	0	28.50	26.00	2.621465	5.183297	4.551007	100.578720	1	101.075996	102.406670
879	1000	1	0	0	0	0	0	0	0	0	0	0	0	0	0	0	28.50	26.00	2.621465	5.180074	4.560987	100.898415	1	100.791870	102.406670
880	1000	0	0	0	0	0	0	0	0	0	0	0	0	0	0	0	28.50	26.00	2.623077	5.183297	4.560987	100.827637	1	101.040253	102.406670
881	1000	0	0	0	0	0	0	0	0	0	0	0	0	0	0	0	28.50	26.00	2.623077	5.183297	4.559561	100.792068	1	100.756508	102.406670
882	1000	1	0	1	0	0	0	0	0	0	0	0	0	0	0	0	28.50	26.00	2.623883	5.184909	4.553858	100.614517	1	100.720955	102.406670
883	1000	1	1	0	0	0	0	0	0	0	0	0	0	0	0	0	28.50	26.00	2.623077	5.181685	4.579522	101.325432	1	100.720512	102.406670
884	1000	1	0	1	0	0	1	0	0	0	0	0	0	0	0	0	28.50	26.00	2.622271	5.178462	4.552433	100.720291	1	100.614014	102.406670
885	1000	2	1	1	0	0	1	0	0	0	0	0	0	0	0	0	28.50	26.00	2.624689	5.183297	4.552433	100.614273	1	100.507889	102.406670
886	1000	2	2	0	0	2	0	0	0	0	0	0	0	0	0	0	28.50	26.00	2.624689	5.184909	4.548155	100.472328	1	100.471443	102.406670
887	1000	1	0	0	0	0	0	0	0	0	0	0	0	0	0	0	28.50	26.00	2.626301	5.186521	4.535324	100.117264	1	100.507011	102.406670
888	1000	1	1	1	0	1	0	0	0	0	0	0	0	0	0	0	28.50	26.00	2.622271	5.180074	4.541027	100.400284	1	100.364693	102.406670
889	1000	0	0	0	0	0	0	0	0	0	0	0	0	0	0	0	28.50	26.00	2.623883	5.180074	4.535324	100.257950	1	99.725830	102.406670
890	1000	0	1	0	0	0	0	0	0	0	0	0	0	0	0	0	28.50	26.00	2.623883	5.183297	4.541027	100.329796	1	100.258690	102.406670
891	1000	0	0	2	0	0	0	0	0	0	0	0	0	0	0	0	28.50	26.00	2.623883	5.183297	4.535324	100.187561	1	100.187172	102.406670
892	1000	1	2	0	0	1	0	0	0	0	0	0	0	0	0	0	28.50	26.00	2.620660	5.180074	4.512512	99.688644	1	100.293182	102.406670
893	1000	3	2	1	0	2	0	0	0	0	0	0	0	0	0	0	28.50	26.00	2.620660	5.183297	4.535324	100.187561	1	100.080879	102.406670
894	1000	2	0	1	0	0	1	0	0	0	0	0	0	0	0	0	28.50	26.00	2.621465	5.183297	4.528195	100.009758	1	99.938644	102.406670
895	1000	1	2	0	0	0	0	0	0	0	0	0	0	0	0	0	28.50	26.00	2.622271	5.184909	4.529621	100.010216	1	100.115204	102.406670
896	1000	1	1	0	0	1	0	0	0	0	0	0	0	0	0	0	28.50	26.00	2.621465	5.181685	4.502532	99.404625	1	100.113983	102.406670
897	1000	0	0	1	0	0	0	0	0	0	0	0	0	0	0	0	28.50	26.00	2.619854	5.180074	4.525343	100.008873	1	100.009323	102.406670
898	1000	0	0	0	0	0	0	0	0	0	0	0	0	0	0	0	28.50	25.75	2.619048	5.183297	4.523918	99.903091	1	99.193977	102.406670
899	1000	0	0	0	0	0	0	0	0	0	0	0	0	0	0	0	28.50	25.75	2.619048	5.181685	4.522492	99.902611	1	99.831963	102.406670
900	1000	0	1	0	0	0	0	0	0	0	0	0	0	0	0	0	28.50	25.75	2.619048	5.184909	4.522492	99.832458	1	99.761368	102.406670
901	1000	0	0	1	0	0	0	0	0	0	0	0	0	0	0	0	28.00	25.75	2.617436	5.180074	4.451204	98.158630	1	99.901657	102.406670
902	1000	0	1	0	0	0	0	0	0	0	0	0	0	0	0	0	28.00	25.75	2.617436	5.178462	4.518215	99.866066	1	99.618050	102.406670
903	1000	0	1	0	0	0	0	0	0	0	0	0	0	0	0	0	28.00	25.75	2.619854	5.183297	4.516789	99.725281	1	99.725281	102.406670
904	1000	0	0	0	0	0	0	0	0	0	0	0	0	0	0	0	28.00	26.00	2.621465	5.183297	4.515363	99.689728	1	99.758766	102.406670
905	1000	0	0	0	0	0	0	0	0	0	0	0	0	0	0	0	28.50	26.00	2.621465	5.183297	4.488274	99.014091	1	99.723694	102.406670
906	1000	2	0	1	0	0	0	0	0	0	0	0	0	0	0	0	28.50	26.00	2.621465	5.183297	4.512512	99.618614	1	99.583626	102.406670
907	1000	1	1	0	0	0	0	0	0	0	0	0	0	0	0	0	28.50	26.00	2.623077	5.184909	4.513937	99.619171	1	98.839516	102.406670
908	1000	0	0	1	0	0	0	0	0	0	0	0	0	0	0	0	28.50	26.00	2.623077	5.183297	4.503957	99.405258	1	99.476379	102.406670
909	1000	1	1	1	0	0	1	0	0	0	0	0	0	0	0	0	28.50	26.00	2.624689	5.184909	4.508235	99.476982	1	99.476982	102.406670
910	1000	0	0	0	0	0	0	0	0	0	0	0	0	0	0	0	28.50	26.00	2.624689	5.184909	4.499680	99.263687	1	99.439575	102.406670
911	1000	0	0	0	0	0	0	0	0	0	0	0	0	0	0	0	28.50	26.00	2.623077	5.183297	4.505383	99.440811	1	99.263687	102.406670
912	1000	0	0	0	0	0	0	0	0	0	0	0	0	0	0	0	28.50	26.00	2.623883	5.186521	4.503957	99.335434	1	99.299240	102.406670
913	1000	0	0	0	0	0	0	0	0	0	0	0	0	0	0	0	28.50	26.00	2.623077	5.184909	4.501106	99.299240	1	99.299240	102.406670
914	1000	1	2	0	0	1	0	0	0	0	0	0	0	0	0	0	28.50	26.00	2.624689	5.188132	4.499680	99.193977	1	99.016342	102.406670
915	1000	0	0	0	0	0	0	0	0	0	0	0	0	0	0	0	28.50	26.00	2.623077	5.183297	4.496828	99.227448	1	99.263008	102.406670
916	1000	0	0	0	0	0	0	0	0	0	0	0	0	0	0	0	28.50	26.00	2.624689	5.186521	4.498254	99.193275	1	99.051865	102.406670
917	1000	0	2	1	0	0	0	0	0	0	0	0	0	0	0	0	28.50	26.00	2.624689	5.186521	4.495402	99.122208	1	99.086670	102.406670
918	1000	0	0	0	0	0	0	0	0	0	0	0	0	0	0	0	28.50	26.00	2.625495	5.186521	4.489699	98.980064	1	98.944519	102.406670
919	1000	0	1	0	0	0	0	0	0	0	0	0	0	0	0	0	28.50	26.00	2.624689	5.189744	4.378490	96.140343	1	99.083015	102.406670
920	1000	0	0	0	0	0	0	0	0	0	0	0	0	0	0	0	28.50	26.00	2.623077	5.181685	4.489699	99.084488	1	98.908195	102.406670
921	1000	0	0	0	0	0	0	0	0	0	0	0	0	0	0	0	28.50	26.00	2.624689	5.184909	4.481145	98.801544	1	98.942200	102.406670
922	1000	0	0	2	0	0	0	0	0	0	0	0	0	0	0	0	28.50	26.00	2.624689	5.183297	4.483996	98.907417	1	98.836281	102.406670
923	1000	1	1	3	0	0	1	0	0	0	0	0	0	0	0	0	28.50	26.00	2.627106	5.188132	4.482571	98.767662	1	98.766823	102.406670
924	1000	2	1	0	0	1	0	0	0	0	0	0	0	0	0	0	28.50	26.00	2.623883	5.178462	4.462610	98.477951	1	98.799103	102.406670
925	1000	1	2	1	0	1	0	0	0	0	0	0	0	0	0	0	28.50	26.00	2.624689	5.183297	4.478293	98.765182	1	98.800743	102.406670
926	1000	1	0	0	0	0	0	0	0	0	0	0	0	0	0	0	28.50	26.00	2.624689	5.183297	4.475442	98.694046	1	98.586487	102.406670
927	1000	0	0	0	0	0	0	0	0	0	0	0	0	0	0	0	28.50	26.00	2.624689	5.181685	4.469739	98.586487	1	98.587379	102.406670
928	1000	0	0	0	0	0	0	0	0	0	0	0	0	0	0	0	28.50	26.00	2.625495	5.188132	4.452630	98.021599	1	98.690643	102.406670
929	1000	2	0	2	0	0	1	0	0	0	0	0	0	0	0	0	28.50	26.00	2.624689	5.181685	4.466887	98.515350	1	98.586487	102.406670
930	1000	0	1	0	0	0	0	0	0	0	0	0	0	0	0	0	28.50	26.00	2.626301	5.184909	4.469739	98.517166	1	98.479782	102.406670
931	1000	1	0	1	0	0	1	0	0	0	0	0	0	0	0	0	28.50	26.00	2.627912	5.188132	4.465462	98.341347	1	98.412399	102.406670
932	1000	0	1	0	0	0	0	0	0	0	0	0	0	0	0	0	28.50	26.00	2.627912	5.186521	4.471165	98.518066	1	98.446075	102.406670
933	1000	0	2	1	0	0	0	0	0	0	0	0	0	0	0	0	28.50	26.00	2.627106	5.181685	4.362807	95.918701	1	98.514442	102.406670
934	1000	0	0	0	0	0	0	0	0	0	0	0	0	0	0	0	28.50	26.00	2.626301	5.183297	4.468313	98.516251	1	98.409576	102.406670
935	1000	1	0	1	0	0	0	0	0	0	0	0	0	0	0	0	28.50	26.00	2.627106	5.184909	4.458333	98.232780	1	98.233780	102.406670
936	1000	1	1	1	0	0	1	0	0	0	0	0	0	0	0	0	28.50	26.00	2.628718	5.188132	4.464036	98.305817	1	97.700722	102.406670
937	1000	0	2	0	0	0	0	0	0	0	0	0	0	0	0	0	28.50	26.00	2.627912	5.186521	4.441224	97.771782	1	98.372116	102.406670
938	1000	0	0	1	0	0	0	0	0	0	0	0	0	0	0	0	28.50	26.00	2.627912	5.184909	4.462610	98.339424	1	98.163712	102.406670
939	1000	0	0	0	0	0	0	0	0	0	0	0	0	0	0	0	28.50	26.00	2.629524	5.188132	4.461185	98.234779	1	98.093697	102.406670
940	1000	0	0	1	0	0	0	0	0	0	0	0	0	0	0	0	28.50	26.00	2.628718	5.186521	4.456907	98.162704	1	98.162704	102.406670
941	1000	1	0	0	0	0	0	0	0	0	0	0	0	0	0	0	28.50	26.00	2.628718	5.184909	4.452630	98.090576	1	97.983932	102.406670
942	1000	2	1	2	0	0	2	0	0	0	0	0	0	0	0	0	28.50	26.00	2.627106	5.181685	4.441224	97.875084	1	98.120979	102.406670
943	1000	2	1	0	0	1	0	0	0	0	0	0	0	0	0	0	28.50	26.00	2.627106	5.183297	4.449779	98.053986	1	97.947304	102.406670
944	1000	0	1	0	0	0	0	0	0	0	0	0	0	0	0	0	28.50	26.00	2.627106	5.183297	4.444076	97.911751	1	97.875084	102.406670
945	1000	0	0	0	0	0	0	0	0	0	0	0	0	0	0	0	28.50	26.00	2.627106	5.183297	4.442650	97.876198	1	97.309799	102.406670
946	1000	0	0	0	0	0	0	0	0	0	0	0	0	0	0	0	28.50	26.00	2.627106	5.183297	4.441224	97.840630	1	97.875084	102.406670
947	1000	1	1	0	0	1	0	0	0	0	0	0	0	0	0	0	28.50	26.00	2.625495	5.180074	4.439798	97.873978	1	97.769516	102.406670
948	1000	0	2	0	0	0	0	0	0	0	0	0	0	0	0	0	28.50	26.00	2.626301	5.184909	4.441224	97.806190	1	97.771782	102.406670
949	1000	0	0	0	0	0	0	0	0	0	0	0	0	0	0	0	28.50	26.00	2.627106	5.186521	4.435521	97.629623	1	97.665161	102.406670
950	1000	1	1	1	0	0	1	0	0	0	0	0	0	0	0	0	28.50	26.00	2.627106	5.186521	4.434095	97.594086	1	97.628448	102.406670
951	1000	0	0	1	0	0	0	0	0	0	0	0	0	0	0	0	28.50	26.00	2.626301	5.183297	4.415560	97.200539	1	97.552528	102.406670
952	1000	1	0	0	0	0	0	0	0	0	0	0	0	0	0	0	28.50	26.00	2.625495	5.183297	4.426966	97.485031	1	97.486252	102.406670
953	1000	0	0	0	0	0	0	0	0	0	0	0	0	0	0	0	28.50	26.00	2.627106	5.184909	4.426966	97.450706	1	97.413902	102.406670
954	1000	0	0	1	0	0	0	0	0	0	0	0	0	0	0	0	28.50	26.00	2.627106	5.186521	4.426966	97.416405	1	97.274254	102.406670
955	1000	0	0	0	0	0	0	0	0	0	0	0	0	0	0	0	28.50	26.00	2.626301	5.186521	4.421263	97.274254	1	97.167648	102.406670
956	1000	0	0	0	0	0	0	0	0	0	0	0	0	0	0	0	28.50	26.00	2.623077	5.183297	4.389897	96.560486	1	97.271667	102.406670
957	1000	0	0	0	0	0	0	0	0	0	0	0	0	0	0	0	28.50	26.00	2.621465	5.184909	4.415560	97.166321	1	96.989952	102.406670
958	1000	0	0	1	0	0	0	0	0	0	0	0	0	0	0	0	28.50	25.75	2.619048	5.184909	4.412709	97.095215	1	97.025497	102.406670
959	1000	0	0	2	0	0	0	0	0	0	0	0	0	0	0	0	28.00	25.75	2.618242	5.186521	4.412709	97.061028	1	97.025497	102.406670
960	1000	0	1	0	0	0	0	0	0	0	0	0	0	0	0	0	28.00	25.75	2.619854	5.186521	4.335718	95.141998	1	96.985809	102.406670
961	1000	0	2	0	0	0	0	0	0	0	0	0	0	0	0	0	28.00	25.75	2.618242	5.186521	4.408432	96.954422	1	96.883347	102.406670
962	1000	0	0	0	0	0	0	0	0	0	0	0	0	0	0	0	28.00	25.75	2.619854	5.188132	4.409857	96.955803	1	96.287201	102.406670
963	1000	0	0	0	0	0	0	0	0	0	0	0	0	0	0	0	28.00	25.75	2.620660	5.188132	4.407006	96.884750	1	96.671600	102.406670
964	1000	0	1	1	0	0	0	0	0	0	0	0	0	0	0	0	28.00	25.75	2.620660	5.188132	4.404154	96.813705	1	96.707130	102.406670
965	1000	1	0	1	0	0	1	0	0	0	0	0	0	0	0	0	28.00	25.75	2.618242	5.181685	4.438373	97.803947	1	96.769493	102.406670
966	1000	1	0	0	0	0	0	0	0	0	0	0	0	0	0	0	28.00	25.75	2.619048	5.184909	4.391323	96.561996	1	96.633102	102.406670
967	1000	1	1	0	0	1	0	0	0	0	0	0	0	0	0	0	28.00	25.75	2.619854	5.186521	4.389897	96.492432	1	96.421356	102.406670
968	1000	0	0	0	0	0	0	0	0	0	0	0	0	0	0	0	28.00	25.75	2.620660	5.184909	4.391323	96.561996	1	95.993210	102.406670
969	1000	0	0	0	0	0	0	0	0	0	0	0	0	0	0	0	28.00	25.75	2.620660	5.186521	4.371362	96.030434	1	96.662712	102.406670
970	1000	1	1	0	0	1	0	0	0	0	0	0	0	0	0	0	28.00	25.75	2.619854	5.183297	4.388471	96.524925	1	96.384254	102.406670
971	1000	1	0	1	0	0	0	0	0	0	0	0	0	0	0	0	28.00	25.75	2.620660	5.184909	4.388471	96.490898	1	96.456894	102.406670
973	1000	0	1	1	0	0	0	0	1	0	0	0	0	0	0	0	28.00	25.75	2.620660	5.186521	4.387045	96.421356	1	96.208130	102.406670
974	1000	2	0	1	0	0	1	0	0	0	0	0	0	0	0	0	28.00	26.00	2.623077	5.188132	4.385620	96.351868	1	96.351868	102.406670
975	1000	1	1	0	0	1	0	0	0	0	0	0	0	0	0	0	28.00	25.75	2.620660	5.186521	4.368510	95.959373	1	96.242043	102.406670
976	1000	0	1	0	0	0	0	0	0	0	0	0	0	0	0	0	28.00	26.00	2.623077	5.188132	4.381342	96.245285	1	96.246902	102.406670
977	1000	0	0	1	0	0	0	0	0	0	0	0	0	0	0	0	28.00	26.00	2.623077	5.188132	4.382768	96.280815	1	96.209770	102.406670
978	1000	0	0	0	0	0	0	0	0	0	0	0	0	0	0	0	28.00	26.00	2.623077	5.188132	4.379917	96.209770	1	96.175865	102.406670
979	1000	1	1	0	0	1	0	0	0	0	0	0	0	0	0	0	28.00	26.00	2.621465	5.184909	4.372787	96.099854	1	96.170959	102.406670
980	1000	1	1	0	0	0	0	0	0	0	0	0	0	0	0	0	28.00	26.00	2.620660	5.183297	4.372787	96.133759	1	96.099854	102.406670
981	1000	0	0	0	0	0	0	0	0	0	0	0	0	0	0	0	28.00	25.75	2.622271	5.188132	4.371362	95.996590	1	95.890007	102.406670
982	1000	1	1	0	0	0	0	0	0	0	0	0	0	0	0	0	28.00	25.75	2.620660	5.184909	4.365659	95.922112	1	95.922112	102.406670
983	1000	1	0	1	0	0	1	0	0	0	0	0	0	0	0	0	28.00	26.00	2.623077	5.188132	4.364233	95.818962	1	95.888283	102.406670
984	1000	1	2	1	0	0	1	0	0	0	0	0	0	0	0	0	28.00	25.75	2.621465	5.188132	4.416986	97.133446	1	95.881393	102.406670
985	1000	0	1	1	0	0	0	0	0	0	0	0	0	0	0	0	28.00	26.00	2.621465	5.184909	4.362807	95.851028	1	95.676857	102.406670
986	1000	0	0	0	0	0	0	0	0	0	0	0	0	0	0	0	28.00	25.75	2.622271	5.188132	4.359956	95.712379	1	95.883118	102.406670
987	1000	1	1	1	0	1	0	0	0	0	0	0	0	0	0	0	28.00	25.75	2.621465	5.186521	4.359956	95.746132	1	95.641342	102.406670
988	1000	0	0	0	0	0	0	0	0	0	0	0	0	0	0	0	28.00	26.00	2.622271	5.186521	4.355678	95.639511	1	95.710602	102.406670
989	1000	0	0	1	0	0	0	0	0	0	0	0	0	0	0	0	28.00	26.00	2.621465	5.183297	4.389897	96.560486	1	95.669685	102.406670
990	1000	1	0	1	0	0	1	0	0	0	0	0	0	0	0	0	28.00	25.75	2.620660	5.184909	4.351401	95.566612	1	95.531067	102.406670
991	1000	1	1	2	0	0	0	0	0	0	0	0	0	0	0	0	28.00	26.00	2.623077	5.188132	4.352827	95.534744	1	95.392632	102.406670
992	1000	0	0	0	0	0	0	0	0	0	0	0	0	0	0	0	28.00	25.75	2.623077	5.189744	4.345698	95.323479	1	95.463692	102.406670
993	1000	1	0	0	0	0	0	0	0	0	0	0	0	0	0	0	28.00	25.75	2.622271	5.188132	4.324312	94.824211	1	95.525558	102.406670
994	1000	0	0	1	0	0	0	0	0	0	0	0	0	0	0	0	28.00	26.00	2.621465	5.184909	4.347124	95.459984	1	95.250526	102.406670
995	1000	0	1	0	0	0	0	0	0	0	0	0	0	0	0	0	28.00	25.75	2.622271	5.188132	4.339995	95.214996	1	94.851562	102.406670
996	1000	1	1	0	0	1	0	0	0	0	0	0	0	0	0	0	28.00	26.00	2.620660	5.183297	4.342846	95.386993	1	95.321579	102.406670
997	1000	3	0	2	0	0	2	0	0	0	0	0	0	0	0	0	28.50	25.75	2.622271	5.189744	4.335718	95.074867	1	95.179482	102.406670
998	1000	0	0	0	0	0	0	0	0	0	0	0	0	0	0	0	28.00	26.00	2.621465	5.184909	4.318609	94.749008	1	95.246681	102.406670
999	1000	1	0	0	0	0	0	0	0	0	0	0	0	0	0	0	28.00	25.75	2.623077	5.189744	4.341421	95.216934	1	95.145905	102.406670
1000	1000	0	0	0	0	0	0	0	0	0	0	0	0	0	0	0	28.00	25.75	2.623077	5.189744	4.335718	95.074867	1	94.934830	102.406670
1001	1000	1	0	0	0	0	0	0	0	0	0	0	0	0	0	0	28.00	25.75	2.623077	5.189744	4.331440	94.968323	1	95.072899	102.406670
1002	1000	1	2	1	0	1	0	0	0	0	0	0	0	0	0	0	28.00	25.75	2.622271	5.189744	4.308629	94.400078	1	94.960289	102.406670
1003	1000	0	1	1	0	0	0	0	0	0	0	0	0	0	0	0	28.00	26.00	2.621465	5.184909	4.331440	95.068939	1	94.966316	102.406670
1004	1000	0	1	0	0	0	0	0	0	0	0	0	0	0	0	0	28.00	25.75	2.623077	5.189744	4.328589	94.897301	1	94.684212	102.406670
1005	1000	1	0	1	0	0	1	0	0	0	0	0	0	0	0	0	28.00	25.75	2.621465	5.188132	4.325737	94.859734	1	94.753166	102.406670
1006	1000	0	0	0	0	0	0	0	0	0	0	0	0	0	0	0	28.00	25.75	2.621465	5.186521	4.321460	94.786621	1	94.751083	102.406670
1007	1000	0	0	0	0	0	0	0	0	0	0	0	0	0	0	0	28.00	26.00	2.623883	5.186521	4.301500	94.289108	1	94.782494	102.406670
1008	1000	1	0	1	0	0	0	0	0	0	0	0	0	0	0	0	28.00	25.75	2.622271	5.189744	4.321460	94.719727	1	94.721802	102.406670
1009	1000	0	0	0	0	0	0	0	0	0	0	0	0	0	0	0	28.00	25.75	2.623077	5.191356	4.320035	94.650795	1	94.579781	102.406670
1010	1000	1	1	1	0	0	1	0	0	0	0	0	0	0	0	0	28.00	25.75	2.621465	5.186521	4.312906	94.573395	1	93.976204	102.406670
1011	1000	1	0	2	0	0	0	0	0	0	0	0	0	0	0	0	28.00	25.75	2.621465	5.188132	4.294371	94.078163	1	94.602570	102.406670
1012	1000	1	1	0	0	0	0	0	0	0	0	0	0	0	0	0	28.00	25.75	2.620660	5.184909	4.308629	94.500168	1	94.502319	102.406670
1013	1000	0	0	0	0	0	0	0	0	0	0	0	0	0	0	0	28.00	25.75	2.621465	5.188132	4.310054	94.468948	1	94.326851	102.406670
1014	1000	0	1	1	0	0	0	0	0	0	0	0	0	0	0	0	28.00	25.75	2.621465	5.186521	4.308629	94.466789	1	94.291313	102.406670
1015	1000	2	2	1	0	1	0	0	0	0	0	0	0	0	0	0	28.00	26.00	2.621465	5.184909	4.301500	94.322433	1	94.357979	102.406670
1016	1000	1	0	1	0	0	1	0	0	0	0	0	0	0	0	0	28.00	25.75	2.622271	5.188132	4.284390	93.829460	1	94.391342	102.406670
1017	1000	2	0	1	0	0	1	0	0	0	0	0	0	0	0	0	28.00	25.75	2.619854	5.184909	4.301500	94.322433	1	94.146957	102.406670
1018	1000	0	1	1	0	0	0	0	1	0	0	0	0	0	0	0	28.00	25.75	2.622271	5.189744	4.301500	94.222511	1	94.151482	102.406670
1019	1000	0	0	0	0	0	0	0	0	0	0	0	0	0	0	0	28.00	25.75	2.622271	5.191356	4.301500	94.189247	1	93.753632	102.406670
1020	1000	0	0	0	0	0	0	0	0	0	0	0	0	0	0	0	28.00	25.75	2.622271	5.191356	4.302926	94.224739	1	94.115967	102.406670
1021	1000	1	0	0	0	0	0	0	0	0	0	0	0	0	0	0	28.00	25.75	2.618242	5.183297	4.295797	94.213547	1	94.146957	102.406670
1022	1000	1	0	1	0	0	0	0	0	0	0	0	0	0	0	0	28.00	25.75	2.620660	5.188132	4.294371	94.078163	1	94.009407	102.406670
1023	1000	0	1	2	0	0	0	0	0	0	0	0	0	0	0	0	28.00	25.75	2.619854	5.186521	4.290093	94.004784	1	93.900520	102.406670
1024	1000	0	0	1	0	0	0	0	0	0	0	0	0	0	0	0	28.00	25.75	2.620660	5.189744	4.290093	93.938370	1	93.864990	102.406670
1025	1000	0	1	0	0	0	0	0	0	0	0	0	0	0	0	0	28.00	25.75	2.622271	5.189744	4.270133	93.441162	1	94.002480	102.406670
1026	1000	1	0	0	0	0	0	0	0	0	0	0	0	0	0	0	28.00	25.75	2.619854	5.188132	4.284390	93.829460	1	93.796303	102.406670
1027	1000	0	0	0	0	0	0	0	0	0	0	0	0	0	0	0	28.00	25.75	2.620660	5.189744	4.284390	93.796303	1	93.654251	102.406670
