quad V2.5
time	int	cnt1	cnt2	cnt3	cnt4	1&2	1&3	1&4	2&3	2&4	3&4	1&2&3	1&2&4	1&3&4	2&3&4	1&2&3&4	digTemp	temp	adct	adcr	adcp	pressure	PBS	CurrMeasurement	MeanMeasurement
3037	1000	11	13	20	0	3	3	0	0	0	0	0	0	0	0	0	8.50	7.00	1.623810	5.022125	1.489913	25.424736	1	25.375742	102.406670
3038	1000	17	17	15	0	5	4	0	0	0	0	0	0	0	0	0	8.50	7.00	1.623004	5.018902	1.488487	25.412642	1	25.375742	102.406670
3039	1000	18	16	17	0	4	4	0	0	0	0	0	0	0	0	0	8.50	7.00	1.622198	5.022125	1.488487	25.388033	1	25.412432	102.406670
3040	1000	17	16	10	0	4	2	0	1	0	0	0	0	0	0	0	8.50	7.00	1.622198	5.023737	1.487061	25.339050	1	25.326778	102.406670
3041	1000	12	14	17	0	3	4	0	0	0	0	0	0	0	0	0	8.50	7.00	1.619780	5.022125	1.485636	25.314631	1	25.339050	102.406670
3042	1000	16	14	13	0	6	3	0	2	0	0	1	0	0	0	0	8.50	7.00	1.618974	5.025349	1.485636	25.290102	1	25.290102	102.406670
3043	1000	11	18	17	0	4	5	0	3	0	0	1	0	0	0	0	8.00	7.00	1.615751	5.018902	1.484210	25.302469	1	25.253483	102.406670
3044	1000	15	11	18	0	4	3	0	2	0	0	1	0	0	0	0	8.00	7.00	1.615751	5.020514	1.484210	25.290195	1	25.277931	102.406670
3045	1000	14	16	13	0	3	4	0	1	0	0	0	0	0	0	0	8.00	7.00	1.617363	5.023737	1.481358	25.192295	1	25.192295	102.406670
3046	1000	10	9	8	0	2	2	0	1	0	0	0	0	0	0	0	8.00	7.00	1.617363	5.023737	1.482784	25.228987	1	25.192295	102.406670
3047	1000	11	17	14	0	3	4	0	3	0	0	0	0	0	0	0	8.00	7.00	1.616557	5.020514	1.519854	26.208008	1	25.253548	102.406670
3048	1000	16	12	16	0	6	2	0	2	0	0	0	0	0	0	0	8.00	7.00	1.614945	5.018902	1.478507	25.155571	1	25.216772	102.406670
3049	1000	8	14	13	0	1	0	0	2	0	0	0	0	0	0	0	8.00	7.00	1.614139	5.017290	1.478507	25.167810	1	25.118847	102.406670
3050	1000	15	16	11	0	1	3	0	1	0	0	0	0	0	0	0	8.00	7.00	1.615751	5.020514	1.479933	25.180059	1	25.008854	102.406670
3051	1000	20	14	21	0	4	10	0	3	0	0	0	0	0	0	0	8.00	7.00	1.615751	5.020514	1.478507	25.143347	1	25.033209	102.406670
3052	1000	11	11	15	0	0	4	0	1	0	0	0	0	0	0	0	8.00	7.00	1.613333	5.014066	1.472804	25.045259	1	25.094337	102.406670
3053	1000	11	14	10	0	3	3	0	1	0	0	0	0	0	0	0	8.00	6.75	1.609304	5.022125	1.477081	25.094427	1	25.082232	102.406670
3054	1000	16	22	14	0	5	6	0	1	0	0	0	0	0	0	0	8.00	6.75	1.610110	5.023737	1.475655	25.045540	1	25.008854	102.406670
3055	1000	17	10	15	0	6	3	0	0	0	0	0	0	0	0	0	8.00	6.75	1.609304	5.018902	1.472804	25.008675	1	24.996494	102.406670
3056	1000	18	12	11	0	5	4	0	1	0	0	1	0	0	0	0	8.00	6.75	1.608498	5.018902	1.465675	24.825054	1	25.045259	102.406670
3057	1000	19	16	16	0	6	4	0	1	0	0	0	0	0	0	0	8.00	6.75	1.607692	5.020514	1.472804	24.996494	1	24.947622	102.406670
3058	1000	16	9	6	0	2	0	0	0	0	0	0	0	0	0	0	8.00	6.75	1.608498	5.020514	1.471378	24.959782	1	24.935472	102.406670
3059	1000	11	10	14	0	1	7	0	1	0	0	1	0	0	0	0	8.00	6.75	1.606081	5.020514	1.468527	24.886358	1	24.641962	102.406670
3060	1000	19	14	16	0	2	5	0	2	0	0	1	0	0	0	0	8.00	6.75	1.606887	5.020514	1.461398	24.702795	1	24.861464	102.406670
3061	1000	18	19	19	0	6	5	0	1	0	0	1	0	0	0	0	8.00	6.75	1.606081	5.017290	1.468527	24.910654	1	24.886358	102.406670
3062	1000	13	12	12	0	3	3	0	1	0	0	0	0	0	0	0	8.00	6.75	1.605275	5.017290	1.464249	24.800447	1	24.812935	102.406670
3063	1000	17	17	15	0	5	6	0	2	0	0	0	0	0	0	0	8.00	6.75	1.606887	5.018902	1.465675	24.825054	1	24.812935	102.406670
3064	1000	13	18	12	0	2	5	0	3	0	0	0	0	0	0	0	8.00	6.75	1.605275	5.018902	1.465675	24.825054	1	24.825054	102.406670
3065	1000	12	17	13	0	4	3	0	2	0	0	0	0	0	0	0	8.00	6.75	1.603663	5.015678	1.499893	25.731268	1	24.836843	102.406670
3066	1000	10	14	8	0	4	2	0	0	0	0	0	0	0	0	0	8.00	6.50	1.601246	5.015678	1.462824	24.775826	1	24.800447	102.406670
3067	1000	17	20	16	0	5	6	0	2	0	0	1	0	0	0	0	8.00	6.50	1.600440	5.018902	1.464249	24.788330	1	24.702795	102.406670
3068	1000	11	17	10	0	6	2	0	0	0	0	0	0	0	0	0	8.00	6.50	1.599634	5.015678	1.462824	24.775826	1	24.811836	102.406670
3069	1000	13	15	13	0	0	5	0	0	0	0	0	0	0	0	0	8.00	6.50	1.601246	5.022125	1.454269	24.507212	1	24.751183	102.406670
3070	1000	13	12	10	0	2	5	0	1	0	0	0	0	0	0	0	8.00	6.50	1.600440	5.014066	1.461398	24.751183	1	24.678156	102.406670
3071	1000	12	21	15	0	3	6	0	0	0	0	0	0	0	0	0	8.00	6.50	1.599634	5.015678	1.459972	24.702328	1	24.580029	102.406670
3072	1000	11	12	10	0	2	2	0	1	0	0	0	0	0	0	0	8.00	6.50	1.600440	5.017290	1.457121	24.616762	1	24.567980	102.406670
3073	1000	16	9	17	0	4	4	0	2	0	0	0	0	0	0	0	8.00	6.50	1.601246	5.020514	1.458546	24.629372	1	24.592653	102.406670
3074	1000	11	8	13	0	3	6	0	2	0	0	1	0	0	0	0	8.00	6.50	1.600440	5.015678	1.448566	24.408342	1	24.652981	102.406670
3075	1000	16	14	13	0	3	0	0	0	0	0	0	0	0	0	0	8.00	6.50	1.599634	5.015678	1.458546	24.665581	1	24.616762	102.406670
3076	1000	22	17	20	0	5	10	0	3	0	0	2	0	0	0	0	8.00	6.50	1.597216	5.015678	1.455695	24.592081	1	24.543293	102.406670
3077	1000	12	21	8	0	4	2	0	0	0	0	0	0	0	0	0	8.00	6.50	1.598828	5.017290	1.452843	24.506556	1	24.347635	102.406670
3078	1000	9	17	14	0	4	4	0	1	0	0	0	0	0	0	0	8.00	6.50	1.599634	5.017290	1.444289	24.286139	1	24.493189	102.406670
3079	1000	16	8	9	0	3	3	0	1	0	0	0	0	0	0	0	8.00	6.50	1.597216	5.012455	1.448566	24.432352	1	24.445091	102.406670
3080	1000	13	8	20	0	3	2	0	0	0	0	0	0	0	0	0	8.00	6.50	1.595605	5.014066	1.448566	24.420343	1	24.445091	102.406670
3081	1000	16	17	15	0	2	7	0	1	0	0	0	0	0	0	0	8.00	6.50	1.595605	5.017290	1.448566	24.396349	1	24.396349	102.406670
3082	1000	17	16	14	0	5	5	0	1	0	0	1	0	0	0	0	8.00	6.50	1.597216	5.017290	1.448566	24.396349	1	24.384359	102.406670
3083	1000	11	15	10	0	3	3	0	2	0	0	1	0	0	0	0	8.00	6.50	1.596410	5.014066	1.488487	25.449617	1	24.382803	102.406670
3084	1000	4	16	17	0	0	4	0	4	0	0	0	0	0	0	0	8.00	6.50	1.595605	5.010843	1.447140	24.407587	1	24.346825	102.406670
3085	1000	9	16	16	0	4	3	0	1	0	0	0	0	0	0	0	8.00	6.50	1.593993	5.014066	1.445715	24.346825	1	24.310062	102.406670
3086	1000	18	18	13	0	7	3	0	2	0	0	1	0	0	0	0	8.00	6.50	1.594799	5.015678	1.444289	24.298098	1	24.139193	102.406670
3087	1000	12	10	17	0	2	4	0	0	0	0	0	0	0	0	0	8.00	6.50	1.594799	5.015678	1.440012	24.187851	1	24.261353	102.406670
3088	1000	15	18	10	0	6	3	0	1	0	0	0	0	0	0	0	8.00	6.50	1.591575	5.006008	1.438586	24.222733	1	24.235619	102.406670
3089	1000	9	9	14	0	3	4	0	0	0	0	0	0	0	0	0	7.50	6.50	1.591575	5.014066	1.441437	24.236544	1	24.187851	102.406670
3090	1000	14	14	20	0	4	5	0	2	0	0	0	0	0	0	0	8.00	6.50	1.592381	5.015678	1.440012	24.187851	1	24.139193	102.406670
3091	1000	13	17	23	0	2	5	0	6	0	0	1	0	0	0	0	7.50	6.50	1.591575	5.014066	1.440012	24.199783	1	24.199783	102.406670
3092	1000	12	15	11	0	1	3	0	2	0	0	0	0	0	0	0	8.00	6.50	1.590769	5.012455	1.422902	23.770462	1	24.162029	102.406670
3093	1000	15	18	22	0	7	4	0	3	0	0	0	0	0	0	0	7.50	6.50	1.590769	5.012455	1.437160	24.138180	1	24.114357	102.406670
3094	1000	7	5	19	0	0	5	0	1	0	0	0	0	0	0	0	7.50	6.25	1.588352	5.012455	1.435734	24.101408	1	24.101408	102.406670
3095	1000	17	14	21	0	2	9	0	3	0	0	1	0	0	0	0	7.50	6.50	1.589158	5.014066	1.437160	24.126263	1	24.015985	102.406670
3096	1000	25	19	20	0	6	5	0	0	0	0	0	0	0	0	0	7.50	6.25	1.588352	5.012455	1.434309	24.064634	1	24.052744	102.406670
3097	1000	16	19	12	0	3	3	0	0	0	0	0	0	0	0	0	7.50	6.25	1.585934	5.004396	1.432883	24.087372	1	24.063547	102.406670
3098	1000	20	24	16	0	12	2	0	2	0	0	1	0	0	0	0	7.50	6.25	1.586740	5.007619	1.432883	24.063547	1	24.076536	102.406670
3099	1000	10	19	16	0	5	1	0	2	0	0	0	0	0	0	0	7.50	6.25	1.588352	5.012455	1.434309	24.064634	1	24.089504	102.406670
3100	1000	19	11	16	0	3	5	0	0	0	0	0	0	0	0	0	7.50	6.25	1.588352	5.012455	1.431457	23.991095	1	23.954321	102.406670
3101	1000	9	21	13	0	2	5	0	3	0	0	0	0	0	0	0	7.50	6.25	1.588352	5.012455	1.424328	23.807236	1	24.026739	102.406670
3102	1000	16	19	18	0	6	4	0	3	0	0	0	0	0	0	0	7.50	6.25	1.586740	5.009231	1.431457	24.014851	1	24.002966	102.406670
3103	1000	18	19	9	0	9	2	0	2	0	0	0	0	0	0	0	7.50	6.25	1.586740	5.012455	1.428606	23.917549	1	23.917549	102.406670
3104	1000	14	12	19	0	2	7	0	3	0	0	2	0	0	0	0	7.50	6.25	1.586740	5.012455	1.430031	23.954321	1	23.930618	102.406670
3105	1000	18	14	22	0	5	5	0	3	0	0	0	0	0	0	0	7.50	6.25	1.586740	5.014066	1.427180	23.868946	1	23.905708	102.406670
3106	1000	17	14	10	0	9	3	0	0	0	0	0	0	0	0	0	7.50	6.25	1.585128	5.009231	1.425754	23.867668	1	23.855833	102.406670
3107	1000	11	7	8	0	2	4	0	0	0	0	0	0	0	0	0	7.50	6.25	1.584322	5.009231	1.427180	23.904467	1	23.855833	102.406670
3108	1000	19	19	12	0	4	5	0	1	0	0	0	0	0	0	0	7.50	6.25	1.585934	5.010843	1.427180	23.892618	1	23.892618	102.406670
3109	1000	15	14	13	0	1	3	0	2	0	0	0	0	0	0	0	7.50	6.25	1.585128	5.012455	1.427180	23.880779	1	23.880779	102.406670
3110	1000	16	16	15	0	6	3	0	2	0	0	1	0	0	0	0	7.50	6.25	1.585128	5.009231	1.417199	23.646896	1	23.854542	102.406670
3111	1000	15	13	21	0	3	5	0	1	0	0	0	0	0	0	0	7.50	6.25	1.582711	5.009231	1.424328	23.830873	1	23.819050	102.406670
3112	1000	22	18	22	0	5	8	0	0	0	0	0	0	0	0	0	7.50	6.25	1.583517	5.010843	1.421477	23.745483	1	23.757282	102.406670
3113	1000	17	26	17	0	9	2	0	1	0	0	0	0	0	0	0	7.50	6.25	1.584322	5.010843	1.421477	23.745483	1	23.598351	102.406670
3114	1000	11	12	10	0	2	1	0	2	0	0	0	0	0	0	0	7.50	6.25	1.584322	5.012455	1.415774	23.586607	1	23.696920	102.406670
3115	1000	11	11	16	0	3	4	0	0	0	0	0	0	0	0	0	7.50	6.25	1.582711	5.004396	1.418625	23.719067	1	23.683693	102.406670
3116	1000	13	13	14	0	6	1	0	1	0	0	0	0	0	0	0	7.50	6.25	1.581905	5.009231	1.418625	23.683693	1	23.660147	102.406670
3118	1000	15	22	9	0	6	3	0	2	0	0	0	0	0	0	0	7.50	6.25	1.581099	5.009231	1.418625	23.683693	1	23.671919	102.406670
3119	1000	16	14	10	0	6	3	0	0	0	0	0	0	0	0	0	7.50	6.25	1.579487	5.007619	1.415774	23.621864	1	23.585056	102.406670
3120	1000	15	22	18	0	6	2	0	3	0	0	0	0	0	0	0	7.50	6.25	1.579487	5.007619	5.477747	128.485397	1	23.682234	102.406670
3121	1000	10	9	10	0	2	1	0	2	0	0	0	0	0	0	0	7.50	6.25	1.575458	5.009231	1.417199	23.646896	1	23.561567	102.406670
3122	1000	17	11	16	0	2	5	0	0	0	0	0	0	0	0	0	7.50	6.00	1.573846	5.007619	1.412922	23.548248	1	23.548248	102.406670
3123	1000	13	17	16	0	2	6	0	0	0	0	0	0	0	0	0	7.50	6.00	1.573846	5.010843	1.414348	23.561567	1	23.513062	102.406670
3124	1000	9	15	15	0	3	3	0	0	0	0	0	0	0	0	0	7.50	6.00	1.573846	5.009231	1.414348	23.573307	1	23.561567	102.406670
3125	1000	15	10	12	0	3	2	0	1	0	0	0	0	0	0	0	7.50	6.00	1.573040	5.004396	1.414348	23.608574	1	23.596811	102.406670
3126	1000	15	16	12	0	6	2	0	1	0	0	0	0	0	0	0	7.50	6.00	1.571429	5.006008	1.411497	23.523174	1	23.462919	102.406670
3127	1000	11	22	15	0	3	3	0	2	0	0	0	0	0	0	0	7.50	6.00	1.572235	5.007619	1.410071	23.474630	1	23.451212	102.406670
3128	1000	12	16	12	0	3	3	0	1	0	0	0	0	0	0	0	7.50	6.00	1.572235	5.009231	1.411497	23.499716	1	23.474630	102.406670
3129	1000	16	16	15	0	4	5	0	3	0	0	1	0	0	0	0	7.50	6.00	1.572235	5.007619	1.405793	23.364208	1	23.412712	102.406670
3130	1000	10	13	7	0	3	1	0	1	0	0	0	0	0	0	0	7.50	6.00	1.571429	5.007619	1.407219	23.401016	1	23.389328	102.406670
3131	1000	16	15	10	0	6	2	0	1	0	0	0	0	0	0	0	7.50	6.00	1.570623	5.006008	1.407219	23.412712	1	23.327404	102.406670
3132	1000	20	21	17	0	8	4	0	2	0	0	0	0	0	0	0	7.50	6.00	1.571429	5.009231	1.405793	23.352533	1	23.304081	102.406670
3133	1000	15	13	17	0	2	4	0	2	0	0	0	0	0	0	0	7.50	6.00	1.569011	5.006008	1.404368	23.339077	1	23.327404	102.406670
3134	1000	20	21	18	0	6	5	0	3	0	0	0	0	0	0	0	7.50	6.00	1.564982	5.001173	1.400090	23.263575	1	23.362442	102.406670
3135	1000	16	17	17	0	2	6	0	1	0	0	0	0	0	0	0	7.50	6.00	1.564176	5.004396	1.401516	23.277094	1	23.253788	102.406670
3136	1000	21	16	20	0	9	5	0	2	0	0	0	0	0	0	0	7.50	6.00	1.565788	5.007619	1.401516	23.253788	1	23.230515	102.406670
3137	1000	13	15	23	0	3	5	0	2	0	0	0	0	0	0	0	7.50	6.00	1.564176	5.006008	1.398665	23.191799	1	23.168558	102.406670
3138	1000	8	15	11	0	3	1	0	1	0	0	0	0	0	0	0	7.50	6.00	1.565788	5.006008	1.391536	23.007704	1	23.226721	102.406670
3139	1000	24	19	17	0	8	2	0	1	0	0	0	0	0	0	0	7.50	6.00	1.564176	5.004396	1.400090	23.240265	1	23.180174	102.406670
3140	1000	18	20	21	0	7	4	0	1	0	0	0	0	0	0	0	7.50	6.00	1.562564	5.007619	1.397239	23.143370	1	23.094967	102.406670
3141	1000	16	14	13	0	2	6	0	1	0	0	0	0	0	0	0	7.50	6.00	1.561758	5.006008	1.397239	23.154980	1	22.947786	102.406670
3142	1000	17	19	17	0	8	4	0	1	0	0	0	0	0	0	0	7.50	6.00	1.562564	5.007619	1.391536	22.996140	1	23.168558	102.406670
3143	1000	15	12	10	0	2	2	0	0	0	0	0	0	0	0	0	7.50	6.00	1.560952	4.999561	1.394387	23.127777	1	23.178228	102.406670
3144	1000	16	12	13	0	5	4	0	1	0	0	0	0	0	0	0	7.50	5.75	1.560147	5.001173	1.394387	23.116158	1	23.056107	102.406670
3145	1000	15	13	12	0	4	5	0	1	0	0	0	0	0	0	0	7.00	6.00	1.562564	5.007619	1.395813	23.106562	1	23.106562	102.406670
3146	1000	18	14	12	0	0	7	0	2	0	0	0	0	0	0	0	7.00	6.00	1.563370	5.006008	1.394387	23.081345	1	23.069756	102.406670
3147	1000	17	13	18	0	4	8	0	1	0	0	0	0	0	0	0	7.00	6.00	1.561758	5.001173	1.388684	22.968739	1	23.102524	102.406670
3148	1000	20	18	16	0	9	5	0	2	0	0	1	0	0	0	0	7.00	5.75	1.560147	5.001173	1.391536	23.042446	1	22.994017	102.406670
3149	1000	16	16	16	0	5	4	0	0	0	0	0	0	0	0	0	7.00	6.00	1.560952	5.002784	1.391536	23.030857	1	22.982445	102.406670
3150	1000	21	18	19	0	7	9	0	0	0	0	0	0	0	0	0	7.00	5.75	1.560952	5.006008	1.388684	22.934067	1	22.970884	102.406670
3151	1000	20	17	18	0	6	8	0	2	0	0	2	0	0	0	0	7.00	5.75	1.561758	5.007619	1.390110	22.959332	1	22.959332	102.406670
3152	1000	21	18	13	0	11	6	0	1	0	0	1	0	0	0	0	7.00	5.75	1.559341	4.997949	1.387259	22.955011	1	22.968739	102.406670
3153	1000	17	20	12	0	4	3	0	0	0	0	0	0	0	0	0	7.00	5.75	1.560147	5.002784	1.385833	22.883490	1	22.897247	102.406670
3154	1000	12	17	14	0	3	7	0	3	0	0	1	0	0	0	0	7.00	5.75	1.560147	5.004396	1.385833	22.871956	1	22.860428	102.406670
3155	1000	19	14	14	0	3	4	0	2	0	0	0	0	0	0	0	7.00	5.75	1.559341	5.002784	1.385833	22.883490	1	22.883490	102.406670
3156	1000	17	23	9	0	3	5	0	1	0	0	0	0	0	0	0	7.00	5.75	1.560952	5.006008	1.385833	22.860428	1	22.968739	102.406670
3157	1000	11	23	11	0	2	2	0	1	0	0	0	0	0	0	0	7.00	5.75	1.557729	4.999561	1.382981	22.832846	1	22.821321	102.406670
3158	1000	20	16	15	0	8	4	0	0	0	0	0	0	0	0	0	7.00	5.75	1.559341	5.001173	1.382981	22.821321	1	22.761465	102.406670
3159	1000	14	13	12	0	2	3	0	2	0	0	0	0	0	0	0	7.00	5.75	1.560147	5.002784	1.384407	22.846647	1	22.591261	102.406670
3160	1000	10	10	13	0	1	3	0	0	0	0	0	0	0	0	0	7.00	5.75	1.559341	5.001173	1.378704	22.710756	1	22.745247	102.406670
3161	1000	9	14	6	0	3	1	0	0	0	0	0	0	0	0	0	7.00	5.75	1.558535	5.001173	1.381556	22.784468	1	22.809803	102.406670
3162	1000	18	12	20	0	6	6	0	1	0	0	1	0	0	0	0	7.00	5.75	1.558535	5.002784	1.381556	22.772963	1	22.761465	102.406670
3163	1000	17	24	15	0	4	5	0	3	0	0	0	0	0	0	0	7.00	5.75	1.558535	5.002784	1.381556	22.772963	1	22.749975	102.406670
3164	1000	14	22	16	0	6	3	0	4	0	0	0	0	0	0	0	7.00	5.75	1.557729	5.004396	1.378704	22.687803	1	22.724632	102.406670
3165	1000	19	17	20	0	5	6	0	3	0	0	0	0	0	0	0	7.00	5.75	1.556923	5.002784	1.371575	22.515062	1	22.708353	102.406670
3166	1000	17	13	14	0	4	4	0	1	0	0	0	0	0	0	0	7.00	5.75	1.556117	5.002784	1.375853	22.625589	1	22.650969	102.406670
3167	1000	22	11	19	0	2	9	0	1	0	0	0	0	0	0	0	7.00	5.75	1.556117	4.999561	1.377278	22.685379	1	22.637047	102.406670
3168	1000	22	11	15	0	4	5	0	0	0	0	0	0	0	0	0	7.00	5.75	1.556117	5.001173	1.377278	22.673901	1	22.455423	102.406670
3169	1000	15	11	19	0	4	5	0	0	0	0	0	0	0	0	0	7.00	5.75	1.555311	5.002784	1.367298	22.404535	1	22.669022	102.406670
3170	1000	12	22	8	0	5	1	0	0	0	0	0	0	0	0	0	7.00	5.75	1.553700	4.997949	1.373001	22.586227	1	22.563339	102.406670
3171	1000	17	12	17	0	2	5	0	1	0	0	0	0	0	0	0	7.00	5.75	1.554506	4.999561	1.374427	22.611647	1	22.563339	102.406670
3172	1000	15	15	15	0	6	5	0	0	0	0	0	0	0	0	0	7.00	5.75	1.552894	5.001173	1.374427	22.600193	1	22.577307	102.406670
3173	1000	17	24	10	0	9	0	0	2	0	0	0	0	0	0	0	7.00	5.75	1.550476	5.001173	1.370150	22.489628	1	22.489628	102.406670
3174	1000	15	20	10	0	5	3	0	1	0	0	0	0	0	0	0	7.00	5.75	1.552088	4.999561	1.420051	23.791374	1	22.512470	102.406670
3175	1000	24	22	22	0	8	9	0	3	0	0	2	0	0	0	0	7.00	5.75	1.551282	4.999561	1.368724	22.464182	1	22.441378	102.406670
3176	1000	23	18	13	0	9	4	0	2	0	0	0	0	0	0	0	7.00	5.75	1.552088	5.001173	1.368724	22.452776	1	22.441378	102.406670
3177	1000	17	15	13	0	6	3	0	2	0	0	0	0	0	0	0	7.00	5.75	1.550476	4.997949	1.368724	22.475592	1	22.401838	102.406670
3178	1000	7	9	13	0	1	4	0	1	0	0	0	0	0	0	0	7.00	5.75	1.549670	5.001173	1.361595	22.268501	1	22.450125	102.406670
3179	1000	13	17	21	0	3	4	0	2	0	0	0	0	0	0	0	7.00	5.50	1.545641	4.994726	1.368724	22.498440	1	22.427317	102.406670
3180	1000	13	17	14	0	5	5	0	0	0	0	0	0	0	0	0	7.00	5.50	1.546447	4.997949	1.365872	22.401838	1	22.268501	102.406670
3181	1000	13	13	16	0	3	5	0	1	0	0	0	0	0	0	0	7.00	5.50	1.547253	4.999561	1.365872	22.390448	1	22.353580	102.406670
3182	1000	19	16	12	0	4	5	0	1	0	0	0	0	0	0	0	7.00	5.50	1.546447	4.997949	1.365872	22.401838	1	22.401838	102.406670
3183	1000	17	16	15	0	3	3	0	0	0	0	0	0	0	0	0	7.00	5.75	1.548059	4.999561	1.358744	22.206114	1	22.339455	102.406670
3184	1000	14	15	16	0	2	3	0	2	0	0	0	0	0	0	0	7.00	5.75	1.548059	4.999561	1.364447	22.353580	1	22.305357	102.406670
3185	1000	14	15	7	0	5	2	0	0	0	0	0	0	0	0	0	7.00	5.75	1.547253	4.997949	1.360169	22.254322	1	22.242979	102.406670
3186	1000	13	13	21	0	2	3	0	2	0	0	0	0	0	0	0	7.00	5.50	1.546447	4.999561	1.361595	22.279848	1	22.081221	102.406670
3187	1000	18	17	15	0	6	3	0	1	0	0	0	0	0	0	0	7.00	5.50	1.544835	4.996337	1.355892	22.155003	1	22.299763	102.406670
3188	1000	16	21	19	0	5	4	0	2	0	0	1	0	0	0	0	7.00	5.50	1.544835	4.996337	1.361595	22.302561	1	22.217443	102.406670
3189	1000	21	25	10	0	6	2	0	0	0	0	0	0	0	0	0	7.00	5.50	1.545641	4.997949	1.361595	22.291201	1	22.231647	102.406670
3190	1000	18	19	15	0	4	4	0	0	0	0	0	0	0	0	0	7.00	5.50	1.545641	4.997949	1.358744	22.217443	1	22.118111	102.406670
3191	1000	11	6	11	0	0	2	0	0	0	0	0	0	0	0	0	7.00	5.50	1.545641	4.999561	1.358744	22.206114	1	22.157940	102.406670
3192	1000	11	17	13	0	4	3	0	1	0	0	0	0	0	0	0	7.00	5.50	1.544835	4.996337	1.353041	22.081221	1	22.200329	102.406670
3193	1000	17	24	22	0	5	6	0	3	0	0	0	0	0	0	0	7.00	5.50	1.543224	4.993114	1.355892	22.177650	1	22.166323	102.406670
3194	1000	10	15	11	0	5	1	0	2	0	0	0	0	0	0	0	7.00	5.50	1.544835	4.997949	1.355892	22.143688	1	22.132381	102.406670
3195	1000	20	17	19	0	5	5	0	2	0	0	1	0	0	0	0	7.00	5.50	1.544029	4.996337	1.354466	22.118111	1	21.996178	102.406670
3196	1000	17	18	15	0	4	5	0	1	0	0	1	0	0	0	0	7.00	5.50	1.544835	4.999561	1.350189	21.984919	1	22.188986	102.406670
3197	1000	10	20	12	0	5	4	0	0	0	0	0	0	0	0	0	7.00	5.50	1.543224	4.994726	1.355892	22.166323	1	22.143688	102.406670
3198	1000	15	11	7	0	2	2	0	0	0	0	0	0	0	0	0	7.00	5.50	1.543224	4.996337	1.353041	22.081221	1	22.069933	102.406670
3199	1000	14	14	18	0	4	7	0	3	0	0	2	0	0	0	0	7.00	5.50	1.542418	4.996337	1.354466	22.118111	1	22.069933	102.406670
3200	1000	21	19	19	0	7	7	0	1	0	0	0	0	0	0	0	7.00	5.50	1.541612	4.997949	1.351615	22.033056	1	22.021784	102.406670
3201	1000	10	13	15	0	3	2	0	2	0	0	0	0	0	0	0	7.00	5.50	1.540806	4.994726	1.343060	21.834202	1	21.993082	102.406670
3202	1000	23	17	23	0	6	7	0	1	0	0	0	0	0	0	0	7.00	5.50	1.540000	4.993114	1.351615	22.066910	1	21.970552	102.406670
3203	1000	20	20	17	0	4	8	0	2	0	0	1	0	0	0	0	7.00	5.50	1.539194	4.994726	1.348763	21.981813	1	21.970552	102.406670
3204	1000	12	19	14	0	5	1	0	1	0	0	0	0	0	0	0	7.00	5.50	1.537583	4.994726	1.348763	21.981813	1	21.967432	102.406670
3205	1000	14	15	12	0	3	4	0	1	0	0	0	0	0	0	0	7.00	5.50	1.536777	4.994726	1.340209	21.760399	1	21.989983	102.406670
3206	1000	15	16	9	0	4	3	0	0	0	0	0	0	0	0	0	7.00	5.50	1.536777	4.993114	1.348763	21.993082	1	21.970552	102.406670
3207	1000	18	24	19	0	6	4	0	4	0	0	2	0	0	0	0	7.00	5.50	1.536777	4.994726	1.345912	21.908009	1	21.786100	102.406670
3208	1000	12	15	17	0	5	5	0	3	0	0	0	0	0	0	0	7.00	5.50	1.537583	4.997949	1.345912	21.885538	1	21.885538	102.406670
3209	1000	15	12	18	0	2	5	0	1	0	0	0	0	0	0	0	7.00	5.25	1.535971	4.996337	1.345912	21.896770	1	21.822989	102.406670
3210	1000	24	15	14	0	9	3	0	0	0	0	0	0	0	0	0	6.50	5.25	1.533553	4.994726	1.345912	21.908009	1	21.904823	102.406670
3211	1000	19	13	19	0	2	6	0	0	0	0	0	0	0	0	0	6.50	5.25	1.532747	4.993114	1.343060	21.845425	1	21.822989	102.406670
3212	1000	16	11	18	0	3	5	0	2	0	0	0	0	0	0	0	6.50	5.25	1.532747	4.991502	1.343060	21.856653	1	21.797302	102.406670
3213	1000	23	18	18	0	5	3	0	2	0	0	0	0	0	0	0	6.50	5.25	1.532747	4.991502	1.341635	21.819725	1	21.745876	102.406670
3214	1000	17	14	16	0	5	4	0	1	0	0	0	0	0	0	0	6.50	5.25	1.532747	4.993114	1.335932	21.660854	1	21.853416	102.406670
3215	1000	15	11	13	0	3	5	0	1	0	0	1	0	0	0	0	6.50	5.25	1.531942	4.991502	1.341635	21.819725	1	21.760399	102.406670
3216	1000	17	20	12	0	7	3	0	1	0	0	1	0	0	0	0	6.50	5.25	1.532747	4.994726	1.340209	21.760399	1	21.763718	102.406670
3217	1000	16	13	16	0	3	4	0	0	0	0	0	0	0	0	0	6.50	5.25	1.531136	4.994726	1.340209	21.760399	1	21.749210	102.406670
3218	1000	18	17	14	0	3	6	0	2	0	0	1	0	0	0	0	6.50	5.25	1.531136	4.996337	1.338783	21.712320	1	21.701151	102.406670
3219	1000	19	18	18	0	4	2	0	0	0	0	0	0	0	0	0	6.50	5.25	1.534359	4.993114	1.325951	21.402452	1	21.720137	102.406670
3220	1000	18	17	11	0	7	2	0	1	0	0	0	0	0	0	0	6.50	5.25	1.529524	4.988279	1.335932	21.694382	1	21.708948	102.406670
3221	1000	16	14	16	0	2	4	0	1	0	0	0	0	0	0	0	6.50	5.25	1.528718	4.991502	1.337357	21.708948	1	21.708948	102.406670
3222	1000	20	15	23	0	5	8	0	3	0	0	1	0	0	0	0	6.50	5.25	1.530330	4.994726	1.335932	21.649693	1	21.490976	102.406670
3223	1000	16	15	17	0	4	7	0	2	0	0	1	0	0	0	0	6.50	5.25	1.529524	4.991502	1.330228	21.524317	1	21.665190	102.406670
3224	1000	13	12	13	0	5	2	0	0	0	0	0	0	0	0	0	6.50	5.25	1.529524	4.991502	1.335932	21.672024	1	21.612793	102.406670
3225	1000	17	19	18	0	3	4	0	1	0	0	0	0	0	0	0	6.50	5.25	1.529524	4.993114	1.335932	21.660854	1	21.612793	102.406670
3226	1000	20	18	21	0	4	5	0	2	0	0	0	0	0	0	0	6.50	5.25	1.529524	4.991502	1.333080	21.598171	1	21.587027	102.406670
3227	1000	15	17	16	0	6	3	0	2	0	0	0	0	0	0	0	6.50	5.25	1.529524	4.991502	1.333080	21.598171	1	21.587027	102.406670
3228	1000	16	8	16	0	3	5	0	0	0	0	0	0	0	0	0	6.50	5.25	1.528718	4.988279	1.325951	21.435730	1	21.594688	102.406670
3229	1000	14	16	12	0	4	4	0	0	0	0	0	0	0	0	0	6.50	5.25	1.527106	4.989891	1.330228	21.535442	1	21.513195	102.406670
3230	1000	15	8	17	0	1	6	0	1	0	0	0	0	0	0	0	6.50	5.25	1.527106	4.991502	1.330228	21.524317	1	21.513195	102.406670
3231	1000	15	19	14	0	2	4	0	1	0	0	0	0	0	0	0	6.50	5.25	1.527912	4.993114	1.330228	21.513195	1	21.483797	102.406670
3232	1000	14	13	13	0	5	6	0	3	0	0	2	0	0	0	0	6.50	5.25	1.527106	4.991502	1.367298	22.484392	1	21.568869	102.406670
3233	1000	20	19	17	0	6	5	0	0	0	0	0	0	0	0	0	6.50	5.25	1.527106	4.991502	1.330228	21.524317	1	21.502081	102.406670
3234	1000	20	20	16	0	5	6	0	0	0	0	0	0	0	0	0	6.50	5.25	1.527106	4.993114	1.328803	21.476280	1	21.169964	102.406670
3235	1000	15	13	18	0	5	5	0	1	0	0	0	0	0	0	0	6.50	5.25	1.525495	4.989891	1.327377	21.461569	1	21.402452	102.406670
3236	1000	13	14	17	0	3	5	0	1	0	0	0	0	0	0	0	6.50	5.25	1.523883	4.991502	1.327377	21.450464	1	21.413540	102.406670
3237	1000	22	18	27	0	7	7	0	1	0	0	0	0	0	0	0	6.50	5.25	1.523883	4.989891	1.368724	22.532770	1	21.420977	102.406670
3238	1000	19	15	16	0	7	5	0	1	0	0	0	0	0	0	0	6.50	5.25	1.523077	4.988279	1.325951	21.435730	1	21.387691	102.406670
3239	1000	16	17	18	0	3	6	0	2	0	0	1	0	0	0	0	6.50	5.25	1.523883	4.989891	1.324525	21.387691	1	21.376612	102.406670
3240	1000	18	18	15	0	3	3	0	1	0	0	0	0	0	0	0	6.50	5.25	1.522271	4.988279	1.324525	21.398781	1	21.262028	102.406670
3241	1000	12	16	15	0	4	3	0	0	0	0	0	0	0	0	0	6.50	5.00	1.522271	4.989891	1.315971	21.166067	1	21.310055	102.406670
3242	1000	21	21	26	0	4	6	0	1	0	0	0	0	0	0	0	6.50	5.00	1.521465	4.989891	1.324525	21.387691	1	21.328625	102.406670
3243	1000	16	17	12	0	5	2	0	1	0	0	0	0	0	0	0	6.50	5.00	1.522271	4.989891	1.323100	21.350756	1	21.339687	102.406670
3244	1000	24	20	17	0	8	7	0	3	0	0	1	0	0	0	0	6.50	5.00	1.521465	4.988279	1.318823	21.250982	1	21.265835	102.406670
3245	1000	14	10	15	0	3	2	0	1	0	0	0	0	0	0	0	6.50	5.00	1.521465	4.989891	1.320248	21.276880	1	21.276880	102.406670
3246	1000	24	16	8	0	5	2	0	1	0	0	0	0	0	0	0	6.50	5.00	1.520659	4.988279	1.363021	22.396429	1	21.284143	102.406670
3247	1000	22	11	24	0	4	3	0	1	0	0	0	0	0	0	0	6.50	5.00	1.520659	4.989891	1.318823	21.239941	1	21.217884	102.406670
3248	1000	12	9	21	0	3	5	0	1	0	0	0	0	0	0	0	6.50	5.00	1.519854	4.988279	1.317397	21.214033	1	21.166067	102.406670
3249	1000	14	22	20	0	3	5	0	2	0	0	0	0	0	0	0	6.50	5.00	1.519048	4.988279	1.317397	21.214033	1	21.162159	102.406670
3250	1000	15	15	12	0	4	3	0	0	0	0	0	0	0	0	0	6.50	5.00	1.519048	4.988279	1.310268	21.029284	1	21.258215	102.406670
3251	1000	14	20	22	0	7	3	0	1	0	0	0	0	0	0	0	6.50	5.00	1.517436	4.985055	1.314545	21.162159	1	21.140131	102.406670
3252	1000	19	21	13	0	7	3	0	1	0	0	0	0	0	0	0	6.50	5.00	1.517436	4.988279	1.314545	21.140131	1	21.166067	102.406670
3253	1000	21	21	18	0	5	6	0	0	0	0	0	0	0	0	0	6.50	5.00	1.515018	4.988279	1.315971	21.177082	1	21.129128	102.406670
3254	1000	18	8	13	0	2	6	0	1	0	0	0	0	0	0	0	6.50	5.00	1.515018	4.986667	1.313119	21.114178	1	21.066233	102.406670
3255	1000	21	24	25	0	7	8	0	5	0	0	0	0	0	0	0	6.50	5.00	1.516630	4.988279	1.308842	20.992334	1	21.077217	102.406670
3256	1000	10	12	12	0	3	3	0	0	0	0	0	0	0	0	0	6.50	5.00	1.515824	4.986667	1.313119	21.114178	1	21.092190	102.406670
3257	1000	21	20	9	0	10	3	0	0	0	0	0	0	0	0	0	6.50	5.00	1.515018	4.985055	1.311694	21.088211	1	21.066233	102.406670
3258	1000	15	12	16	0	3	5	0	3	0	0	1	0	0	0	0	6.50	5.00	1.515824	4.988279	1.311694	21.066233	1	21.062229	102.406670
3259	1000	13	14	16	0	3	3	0	0	0	0	0	0	0	0	0	6.50	5.00	1.511795	4.980220	1.301713	20.862173	1	21.080235	102.406670
3260	1000	22	21	13	0	9	2	0	0	0	0	0	0	0	0	0	6.50	5.00	1.510183	4.983444	1.308842	21.025242	1	21.003298	102.406670
3261	1000	14	14	19	0	3	5	0	2	0	0	0	0	0	0	0	6.00	4.75	1.506960	4.983444	1.310268	21.062229	1	20.829397	102.406670
3262	1000	13	23	23	0	5	3	0	2	0	0	0	0	0	0	0	6.00	4.75	1.508572	4.988279	1.307416	20.955381	1	20.907503	102.406670
3263	1000	23	22	14	0	5	2	0	0	0	0	0	0	0	0	0	6.00	5.00	1.509377	4.986667	1.307416	20.966335	1	20.929375	102.406670
3264	1000	20	18	14	0	5	5	0	1	0	0	0	0	0	0	0	6.00	5.00	1.509377	4.985055	5.838462	138.479828	1	20.999229	102.406670
3265	1000	17	19	17	0	10	3	0	1	0	0	1	0	0	0	0	6.00	4.75	1.507766	4.983444	1.305991	20.951273	1	20.929375	102.406670
3266	1000	21	14	27	0	4	9	0	1	0	0	0	0	0	0	0	6.00	5.00	1.508572	4.983444	1.305991	20.951273	1	20.855452	102.406670
3267	1000	17	21	16	0	3	3	0	1	0	0	0	0	0	0	0	6.00	5.00	1.510183	4.988279	1.305991	20.918432	1	20.855452	102.406670
3268	1000	19	17	15	0	5	5	0	1	0	0	0	0	0	0	0	6.00	5.00	1.508572	4.983444	1.297436	20.729359	1	20.847025	102.406670
3269	1000	19	23	15	0	9	6	0	1	0	0	0	0	0	0	0	6.00	4.75	1.508572	4.985055	1.304565	20.903345	1	20.881483	102.406670
3270	1000	21	16	15	0	2	8	0	2	0	0	0	0	0	0	0	6.00	5.00	1.508572	4.983444	1.303139	20.877300	1	20.755449	102.406670
3271	1000	15	17	23	0	3	5	0	0	0	0	0	0	0	0	0	6.00	4.75	1.508572	4.985055	1.303139	20.866371	1	20.818489	102.406670
3272	1000	16	16	24	0	5	7	0	2	0	0	1	0	0	0	0	6.00	4.75	1.507766	4.986667	1.303139	20.855452	1	20.818489	102.406670
3273	1000	20	11	22	0	3	7	0	1	0	0	0	0	0	0	0	6.00	4.75	1.506960	4.983444	1.296010	20.692371	1	20.851240	102.406670
3274	1000	25	22	17	0	6	6	0	3	0	0	0	0	0	0	0	6.00	4.75	1.505348	4.981832	1.301713	20.851240	1	20.840317	102.406670
3275	1000	17	22	15	0	7	6	0	0	0	0	0	0	0	0	0	6.00	4.75	1.506960	4.985055	1.300288	20.792427	1	20.770636	102.406670
3276	1000	15	10	13	0	0	4	0	2	0	0	0	0	0	0	0	6.00	4.75	1.506154	4.981832	1.298862	20.777243	1	20.772953	102.406670
3277	1000	28	27	15	0	11	5	0	1	0	0	0	0	0	0	0	6.00	4.75	1.505348	4.985055	1.293159	20.607557	1	20.809988	102.406670
3278	1000	16	11	13	0	3	1	0	1	0	0	0	0	0	0	0	6.00	4.75	1.503736	4.980220	1.297436	20.751141	1	20.692371	102.406670
3279	1000	15	11	20	0	4	6	0	2	0	0	1	0	0	0	0	6.00	4.75	1.504542	4.981832	1.297436	20.740244	1	20.607557	102.406670
3280	1000	18	18	20	0	3	5	0	2	0	0	0	0	0	0	0	6.00	4.75	1.505348	4.983444	1.296010	20.692371	1	20.681501	102.406670
3281	1000	18	16	23	0	2	7	0	2	0	0	0	0	0	0	0	6.00	4.75	1.505348	4.983444	1.297436	20.729359	1	20.681501	102.406670
3282	1000	17	19	12	0	6	4	0	0	0	0	0	0	0	0	0	6.00	4.75	1.504542	4.980220	1.288882	20.529083	1	20.677122	102.406670
3283	1000	27	19	21	0	8	13	0	1	0	0	1	0	0	0	0	6.00	4.75	1.502125	4.978609	1.294585	20.688002	1	20.666250	102.406670
3284	1000	18	19	20	0	6	5	0	1	0	0	1	0	0	0	0	6.00	4.75	1.502931	4.981832	1.294585	20.666250	1	20.644527	102.406670
3285	1000	18	19	17	0	5	5	0	1	0	0	0	0	0	0	0	6.00	4.75	1.502125	4.983444	1.294585	20.655386	1	20.655386	102.406670
3286	1000	30	23	20	0	9	10	0	1	0	0	1	0	0	0	0	6.00	4.75	1.502125	4.985055	1.287456	20.459661	1	20.603104	102.406670
3287	1000	17	14	21	0	5	2	0	2	0	0	1	0	0	0	0	6.00	4.75	1.500513	4.978609	1.291733	20.613958	1	20.592257	102.406670
3288	1000	16	19	18	0	6	3	0	2	0	0	0	0	0	0	0	6.00	4.75	1.500513	4.980220	1.290307	20.566095	1	20.439655	102.406670
3289	1000	19	13	20	0	1	11	0	1	0	0	0	0	0	0	0	6.00	4.75	1.500513	4.983444	1.291733	20.581417	1	20.607557	102.406670
3290	1000	19	15	20	0	5	4	0	1	0	0	1	0	0	0	0	6.00	4.75	1.499707	4.978609	1.290307	20.576939	1	20.603104	102.406670
3291	1000	16	13	10	0	5	2	0	0	0	0	0	0	0	0	0	6.00	4.75	1.498901	4.976997	1.298862	20.809988	1	20.561598	102.406670
3292	1000	19	17	14	0	3	6	0	3	0	0	0	0	0	0	0	6.00	4.75	1.498095	4.978609	1.288882	20.539915	1	20.492077	102.406670
3293	1000	14	22	15	0	6	2	0	1	0	0	0	0	0	0	0	6.00	4.75	1.498901	4.981832	1.290307	20.555258	1	20.470457	102.406670
3294	1000	22	22	10	0	7	4	0	0	0	0	0	0	0	0	0	6.00	4.75	1.498901	4.981832	1.286030	20.444265	1	20.518263	102.406670
3295	1000	11	14	15	0	4	3	0	0	0	0	0	0	0	0	0	6.00	4.50	1.496484	4.980220	1.278901	20.270014	1	20.461279	102.406670
3296	1000	14	14	12	0	5	3	0	1	0	0	0	0	0	0	0	6.00	4.50	1.493260	4.975385	1.286030	20.487509	1	20.502895	102.406670
3297	1000	18	17	18	0	5	6	0	0	0	0	0	0	0	0	0	6.00	4.50	1.492454	4.978609	1.286030	20.465876	1	20.248541	102.406670
3298	1000	17	25	14	0	7	2	0	1	0	0	0	0	0	0	0	6.00	4.50	1.490843	4.980220	1.283179	20.381044	1	20.333269	102.406670
3299	1000	20	19	17	0	8	4	0	3	0	0	1	0	0	0	0	6.00	4.50	1.492454	4.983444	1.284604	20.396488	1	20.433475	102.406670
3300	1000	15	11	15	0	4	1	0	1	0	0	0	0	0	0	0	6.00	4.50	1.490037	4.973773	1.276050	20.238930	1	20.397959	102.406670
3301	1000	16	19	25	0	2	8	0	3	0	0	1	0	0	0	0	6.00	4.50	1.491648	4.978609	1.284604	20.428852	1	20.370268	102.406670
3302	1000	21	18	25	0	6	5	0	1	0	0	0	0	0	0	0	6.00	4.50	1.492454	4.980220	1.281753	20.344032	1	20.322514	102.406670
3303	1000	23	14	17	0	3	5	0	0	0	0	0	0	0	0	0	6.00	4.50	1.492454	4.980220	1.281753	20.344032	1	20.354805	102.406670
3304	1000	13	17	21	0	2	4	0	2	0	0	0	0	0	0	0	6.00	4.50	1.491648	4.978609	1.274624	20.169699	1	20.360889	102.406670
3305	1000	16	18	22	0	5	4	0	2	0	0	0	0	0	0	0	6.00	4.50	1.490843	4.975385	1.277476	20.265230	1	20.291515	102.406670
3306	1000	25	19	20	0	9	3	0	1	0	0	0	0	0	0	0	6.00	4.50	1.490037	4.976997	1.278901	20.291515	1	20.169699	102.406670
3307	1000	21	23	24	0	9	7	0	0	0	0	0	0	0	0	0	6.00	4.50	1.490037	4.976997	1.277476	20.254482	1	20.307026	102.406670
3308	1000	14	17	12	0	2	6	0	2	0	0	0	0	0	0	0	6.00	4.50	1.490843	4.980220	1.278901	20.270014	1	20.296270	102.406670
3309	1000	15	17	19	0	5	6	0	2	0	0	0	0	0	0	0	6.00	4.50	1.489231	4.972162	1.278901	20.323820	1	20.275988	102.406670
3310	1000	21	19	18	0	5	7	0	2	0	0	0	0	0	0	0	6.00	4.50	1.490843	4.978609	1.277476	20.243742	1	20.222277	102.406670
3311	1000	21	28	15	0	8	5	0	5	0	0	1	0	0	0	0	6.00	4.50	1.490037	4.976997	1.276050	20.217451	1	20.195995	102.406670
3312	1000	17	14	22	0	5	5	0	1	0	0	1	0	0	0	0	6.00	4.50	1.489231	4.980220	1.276050	20.195995	1	20.195995	102.406670
3313	1000	18	16	16	0	4	6	0	1	0	0	1	0	0	0	0	6.00	4.50	1.488425	4.975385	1.301713	20.895010	1	20.201874	102.406670
3314	1000	16	19	21	0	3	5	0	0	0	0	0	0	0	0	0	6.00	4.50	1.486007	4.976997	1.276050	20.217451	1	20.233006	102.406670
3315	1000	12	13	16	0	2	3	0	1	0	0	0	0	0	0	0	6.00	4.50	1.486813	4.980220	1.273198	20.121977	1	20.132675	102.406670
3316	1000	25	27	21	0	7	5	0	4	0	0	0	0	0	0	0	5.50	4.50	1.485202	4.975385	1.271773	20.117052	1	20.106350	102.406670
3317	1000	19	16	23	0	3	9	0	2	0	0	0	0	0	0	0	6.00	4.50	1.486813	4.978609	1.274624	20.169699	1	20.132675	102.406670
3318	1000	23	18	18	0	3	8	0	1	0	0	0	0	0	0	0	6.00	4.50	1.485202	4.972162	1.267495	20.027262	1	20.138474	102.406670
3319	1000	16	12	19	0	3	3	0	1	0	0	1	0	0	0	0	6.00	4.50	1.484396	4.970550	1.268921	20.075031	1	20.080004	102.406670
3320	1000	16	12	20	0	3	6	0	1	0	0	1	0	0	0	0	6.00	4.50	1.485202	4.973773	1.267495	20.016584	1	20.069315	102.406670
3321	1000	18	19	21	0	7	6	0	2	0	0	1	0	0	0	0	6.00	4.50	1.486007	4.976997	1.270347	20.069315	1	20.021612	102.406670
3322	1000	18	21	14	0	7	6	0	2	0	0	0	0	0	0	0	5.50	4.50	1.484396	4.975385	1.344486	22.006376	1	20.122831	102.406670
3323	1000	21	10	22	0	3	8	0	1	0	0	0	0	0	0	0	5.50	4.50	1.484396	4.973773	1.271773	20.127758	1	20.069315	102.406670
3324	1000	19	16	17	0	4	7	0	1	0	0	0	0	0	0	0	5.50	4.50	1.483590	4.972162	1.267495	20.027262	1	20.075031	102.406670
3325	1000	22	22	24	0	4	5	0	4	0	0	0	0	0	0	0	5.50	4.50	1.483590	4.973773	1.267495	20.016584	1	20.005911	102.406670
3326	1000	22	15	15	0	2	4	0	3	0	0	1	0	0	0	0	5.50	4.50	1.484396	4.976997	1.266070	19.958214	1	19.921181	102.406670
3327	1000	11	16	23	0	2	5	0	1	0	0	0	0	0	0	0	5.50	4.50	1.483590	4.972162	1.273198	20.175543	1	19.990192	102.406670
3328	1000	19	13	12	0	6	4	0	0	0	0	0	0	0	0	0	5.50	4.25	1.481978	4.970550	1.264644	19.963787	1	19.942471	102.406670
3329	1000	15	11	18	0	3	5	0	2	0	0	1	0	0	0	0	5.50	4.25	1.483590	4.976997	1.266070	19.958214	1	19.958214	102.406670
3330	1000	14	19	17	0	8	2	0	2	0	0	1	0	0	0	0	5.50	4.25	1.482784	4.975385	1.266070	19.968866	1	19.979527	102.406670
3331	1000	15	12	21	0	4	5	0	1	0	0	0	0	0	0	0	5.50	4.25	1.481978	4.973773	1.257515	19.757181	1	19.995811	102.406670
3332	1000	18	18	21	0	6	5	0	2	0	0	0	0	0	0	0	5.50	4.25	1.481172	4.968938	1.263218	19.937361	1	19.905411	102.406670
3333	1000	15	17	18	0	3	4	0	1	0	0	0	0	0	0	0	5.50	4.25	1.482784	4.976997	1.263218	19.884146	1	19.714872	102.406670
3334	1000	14	18	20	0	4	2	0	0	0	0	0	0	0	0	0	5.50	4.25	1.482784	4.976997	1.263218	19.884146	1	19.921181	102.406670
3335	1000	17	26	17	0	4	6	0	2	0	0	0	0	0	0	0	5.50	4.25	1.481172	4.973773	1.263218	19.905411	1	19.894777	102.406670
3336	1000	18	11	18	0	4	6	0	1	0	0	0	0	0	0	0	5.50	4.25	1.479560	4.967327	1.257515	19.799603	1	19.863174	102.406670
3337	1000	21	19	15	0	7	4	0	1	0	0	0	0	0	0	0	5.50	4.25	1.480366	4.973773	1.260367	19.831295	1	19.847113	102.406670
3338	1000	14	17	18	0	3	6	0	0	0	0	0	0	0	0	0	5.50	4.25	1.480366	4.973773	1.260367	19.831295	1	19.810081	102.406670
3339	1000	15	16	19	0	2	2	0	0	0	0	0	0	0	0	0	5.50	4.25	1.479560	4.970550	1.260367	19.852541	1	19.804848	102.406670
3340	1000	20	19	12	0	7	6	0	1	0	0	0	0	0	0	0	5.50	4.25	1.479560	4.973773	1.261792	19.868353	1	19.762495	102.406670
3341	1000	20	17	20	0	4	7	0	1	0	0	0	0	0	0	0	5.50	4.25	1.477949	4.967327	1.257515	19.799603	1	19.778378	102.406670
3342	1000	16	20	20	0	4	5	0	1	0	0	0	0	0	0	0	5.50	4.25	1.478755	4.970550	1.257515	19.778378	1	19.714802	102.406670
3344	1000	31	24	16	0	9	8	0	0	0	0	0	0	0	0	0	5.50	4.25	1.478755	4.972162	1.258941	19.804848	1	19.757181	102.406670
3345	1000	15	11	17	0	3	6	0	1	0	0	1	0	0	0	0	5.50	4.25	1.478755	4.973773	1.256089	19.720125	1	19.746593	102.406670
3346	1000	21	20	16	0	6	6	0	1	0	0	0	0	0	0	0	5.50	4.25	1.477143	4.967327	1.256089	19.762495	1	19.741297	102.406670
3347	1000	15	16	13	0	4	5	0	0	0	0	0	0	0	0	0	5.50	4.25	1.477143	4.968938	1.256089	19.751892	1	19.730709	102.406670
3348	1000	20	27	14	0	9	1	0	3	0	0	0	0	0	0	0	5.50	4.25	1.477143	4.968938	1.256089	19.751892	1	19.693640	102.406670
3349	1000	20	14	21	0	4	7	0	2	0	0	0	0	0	0	0	5.50	4.25	1.477143	4.972162	1.254664	19.693640	1	19.693640	102.406670
3350	1000	24	20	29	0	8	7	0	1	0	0	0	0	0	0	0	5.50	4.25	1.476337	4.972162	1.250386	19.582428	1	19.682919	102.406670
3351	1000	28	18	17	0	6	6	0	1	0	0	0	0	0	0	0	5.50	4.25	1.474725	4.967327	1.253238	19.688286	1	19.640610	102.406670
3352	1000	22	18	16	0	6	7	0	1	0	0	1	0	0	0	0	5.50	4.25	1.475531	4.968938	1.251812	19.640610	1	19.682919	102.406670
3353	1000	13	22	22	0	5	4	0	2	0	0	1	0	0	0	0	5.50	4.25	1.475531	4.972162	1.254664	19.693640	1	19.646009	102.406670
3354	1000	26	26	28	0	7	11	0	4	0	0	0	0	0	0	0	5.50	4.25	1.474725	4.972162	1.250386	19.582428	1	19.545359	102.406670
3355	1000	22	18	18	0	6	7	0	1	0	0	1	0	0	0	0	5.50	4.25	1.473114	4.965715	1.243258	19.439047	1	19.614073	102.406670
3356	1000	20	25	20	0	9	4	0	2	0	0	1	0	0	0	0	5.50	4.25	1.474725	4.972162	1.251812	19.619497	1	19.571894	102.406670
3357	1000	16	22	15	0	5	4	0	2	0	0	1	0	0	0	0	5.50	4.25	1.473920	4.970550	1.248960	19.555887	1	19.497778	102.406670
3358	1000	20	19	14	0	7	3	0	1	0	0	0	0	0	0	0	5.50	4.25	1.473920	4.968938	1.248960	19.566425	1	19.518805	102.406670
3359	1000	24	24	15	0	5	7	0	1	0	0	0	0	0	0	0	5.50	4.25	1.473114	4.972162	1.241832	19.360010	1	19.571495	102.406670
3360	1000	19	30	20	0	8	7	0	3	0	0	0	0	0	0	0	5.50	4.00	1.469890	4.965715	1.247535	19.550402	1	19.529331	102.406670
3361	1000	20	20	21	0	5	5	0	2	0	0	0	0	0	0	0	5.50	4.00	1.469890	4.967327	1.246109	19.502756	1	19.550402	102.406670
3362	1000	8	16	16	0	4	1	0	1	0	0	0	0	0	0	0	5.50	4.00	1.469084	4.967327	1.244683	19.465651	1	19.306770	102.406670
3363	1000	17	28	14	0	8	4	0	0	0	0	0	0	0	0	0	5.50	4.00	1.469890	4.968938	1.244683	19.455143	1	19.407562	102.406670
3364	1000	24	20	26	0	8	6	0	4	0	0	0	0	0	0	0	5.50	4.00	1.469084	4.962492	1.243258	19.460072	1	19.449554	102.406670
3365	1000	16	13	21	0	2	5	0	2	0	0	0	0	0	0	0	5.50	4.00	1.469084	4.967327	1.246109	19.502756	1	19.407562	102.406670
3366	1000	24	20	19	0	6	6	0	0	0	0	0	0	0	0	0	5.50	4.00	1.469084	4.968938	1.241832	19.380959	1	19.370481	102.406670
3367	1000	13	13	17	0	1	3	0	3	0	0	0	0	0	0	0	5.50	4.00	1.467473	4.967327	1.241832	19.391439	1	19.391439	102.406670
3368	1000	21	22	18	0	2	5	0	1	0	0	0	0	0	0	0	5.50	4.00	1.467473	4.970550	1.142029	16.774767	1	19.412426	102.406670
3369	1000	37	18	31	0	8	10	0	4	0	0	1	0	0	0	0	5.50	4.00	1.465861	4.964103	1.240406	19.375296	1	19.364813	102.406670
3370	1000	20	15	29	0	5	7	0	2	0	0	0	0	0	0	0	5.50	4.00	1.466667	4.968938	1.241832	19.380959	1	19.380959	102.406670
3371	1000	28	26	22	0	10	5	0	2	0	0	1	0	0	0	0	5.50	4.00	1.465861	4.968938	1.238980	19.306770	1	19.259235	102.406670
3372	1000	27	18	15	0	10	5	0	0	0	0	0	0	0	0	0	5.50	4.00	1.465861	4.968938	1.238980	19.306770	1	19.306770	102.406670
3373	1000	24	22	22	0	6	4	0	3	0	0	0	0	0	0	0	5.50	4.00	1.465055	4.962492	1.233277	19.200077	1	19.301037	102.406670
3374	1000	14	20	21	0	2	3	0	3	0	0	0	0	0	0	0	5.50	4.00	1.464249	4.967327	1.237555	19.280125	1	19.259235	102.406670
3375	1000	19	13	24	0	5	11	0	2	0	0	0	0	0	0	0	5.50	4.00	1.464249	4.965715	1.236129	19.253460	1	19.243017	102.406670
3376	1000	19	16	28	0	6	4	0	6	0	0	0	0	0	0	0	5.50	4.00	1.464249	4.968938	1.236129	19.232584	1	19.158394	102.406670
3377	1000	18	18	18	0	2	4	0	1	0	0	0	0	0	0	0	5.50	4.00	1.463443	4.968938	1.231851	19.121302	1	19.247669	102.406670
3378	1000	19	25	23	0	7	6	0	3	0	0	0	0	0	0	0	5.50	4.00	1.461832	4.962492	1.233277	19.200077	1	19.179222	102.406670
3379	1000	19	19	22	0	4	6	0	0	0	0	0	0	0	0	0	5.50	4.00	1.462637	4.965715	1.233277	19.179222	1	19.179222	102.406670
3380	1000	14	15	14	0	0	5	0	2	0	0	0	0	0	0	0	5.50	4.00	1.461026	4.967327	1.233277	19.168804	1	19.131701	102.406670
3381	1000	20	25	22	0	7	4	0	1	0	0	1	0	0	0	0	5.00	3.75	1.458608	4.965715	1.231851	19.142107	1	19.168804	102.406670
3382	1000	20	14	20	0	5	6	0	1	0	0	0	0	0	0	0	5.00	3.75	1.456191	4.959268	1.223297	18.960800	1	19.136208	102.406670
3383	1000	20	23	22	0	7	5	0	2	0	0	1	0	0	0	0	5.00	3.75	1.457802	4.964103	1.231851	19.152519	1	19.121302	102.406670
3384	1000	25	22	15	0	4	7	0	2	0	0	0	0	0	0	0	5.00	3.75	1.457802	4.965715	1.231851	19.142107	1	19.131701	102.406670
3385	1000	26	19	27	0	7	12	0	3	0	0	2	0	0	0	0	5.00	3.75	1.457802	4.962492	1.230426	19.125795	1	19.125795	102.406670
3386	1000	31	22	24	0	9	10	0	1	0	0	0	0	0	0	0	5.00	4.00	1.458608	4.964103	1.226148	19.004000	1	19.082701	102.406670
3387	1000	13	18	15	0	6	4	0	2	0	0	0	0	0	0	0	5.00	4.00	1.457802	4.960880	1.229000	19.099054	1	19.030754	102.406670
3388	1000	18	16	24	0	5	6	0	2	0	0	0	0	0	0	0	5.50	3.75	1.457802	4.964103	1.229000	19.078259	1	19.030754	102.406670
3389	1000	19	22	20	0	5	6	0	1	0	0	0	0	0	0	0	5.50	3.75	1.458608	4.965715	1.227574	19.030754	1	18.888422	102.406670
3390	1000	21	17	17	0	5	4	0	2	0	0	0	0	0	0	0	5.50	3.75	1.457802	4.964103	1.227574	19.041128	1	19.004000	102.406670
3391	1000	20	25	29	0	6	7	0	1	0	0	0	0	0	0	0	5.00	3.75	1.454579	4.957656	1.223297	18.971165	1	19.035130	102.406670
3392	1000	22	24	18	0	8	4	0	0	0	0	0	0	0	0	0	5.00	3.75	1.452967	4.960880	1.224723	18.987593	1	18.966869	102.406670
3393	1000	23	22	16	0	6	5	0	5	0	0	1	0	0	0	0	5.00	3.75	1.454579	4.964103	1.226148	19.004000	1	18.956518	102.406670
3394	1000	24	20	25	0	6	9	0	2	0	0	1	0	0	0	0	5.00	3.75	1.453773	4.964103	1.226148	19.004000	1	18.966869	102.406670
3395	1000	17	14	23	0	4	5	0	2	0	0	1	0	0	0	0	5.00	3.75	1.454579	4.962492	1.219020	18.828661	1	18.971165	102.406670
3396	1000	22	21	22	0	6	6	0	0	0	0	0	0	0	0	0	5.00	3.75	1.453773	4.962492	1.224723	18.977228	1	18.966869	102.406670
3397	1000	10	17	20	0	2	5	0	1	0	0	0	0	0	0	0	5.00	3.75	1.453773	4.960880	1.223297	18.950441	1	18.940088	102.406670
3398	1000	27	20	16	0	8	6	0	2	0	0	0	0	0	0	0	5.00	3.75	1.454579	4.964103	1.223297	18.929741	1	18.946173	102.406670
3399	1000	19	19	22	0	7	1	0	4	0	0	0	0	0	0	0	5.00	3.75	1.454579	4.964103	1.223297	18.929741	1	18.919401	102.406670
3400	1000	17	23	27	0	5	7	0	1	0	0	0	0	0	0	0	5.00	3.75	1.452161	4.956045	1.219020	18.869968	1	18.886471	102.406670
3401	1000	13	18	19	0	3	5	0	0	0	0	0	0	0	0	0	5.00	3.75	1.452161	4.960880	1.220446	18.876133	1	18.876133	102.406670
3402	1000	15	18	17	0	4	6	0	0	0	0	0	0	0	0	0	5.00	3.75	1.451355	4.960880	1.220446	18.876133	1	18.855482	102.406670
3403	1000	18	26	26	0	6	6	0	6	0	0	1	0	0	0	0	5.00	3.75	1.450550	4.960880	1.220446	18.876133	1	18.865805	102.406670
3404	1000	17	22	13	0	8	2	0	0	0	0	0	0	0	0	0	5.00	3.75	1.449744	4.959268	1.213317	18.700640	1	18.859631	102.406670
3405	1000	19	22	19	0	3	5	0	1	0	0	0	0	0	0	0	5.00	3.75	1.448132	4.957656	1.217594	18.822453	1	18.801825	102.406670
3406	1000	26	21	23	0	5	8	0	2	0	0	1	0	0	0	0	5.00	3.75	1.449744	4.962492	1.219020	18.828661	1	18.855482	102.406670
3407	1000	18	19	21	0	5	6	0	2	0	0	0	0	0	0	0	5.00	3.75	1.448938	4.960880	1.217594	18.801825	1	18.838976	102.406670
3408	1000	20	19	13	0	7	4	0	1	0	0	0	0	0	0	0	5.00	3.75	1.449744	4.962492	1.217594	18.791517	1	18.733810	102.406670
3409	1000	16	27	22	0	5	6	0	4	0	0	1	0	0	0	0	5.00	3.75	1.448132	4.962492	1.214742	18.717234	1	18.754377	102.406670
3410	1000	20	26	22	0	7	2	0	1	0	0	0	0	0	0	0	5.00	3.75	1.447326	4.957656	1.216168	18.785276	1	18.764668	102.406670
3411	1000	22	24	27	0	7	9	0	2	0	0	0	0	0	0	0	5.00	3.75	1.447326	4.959268	1.216168	18.774969	1	18.717234	102.406670
3412	1000	26	14	27	0	3	10	0	0	0	0	0	0	0	0	0	5.00	3.75	1.447326	4.959268	1.216168	18.774969	1	18.717234	102.406670
3413	1000	16	18	16	0	6	2	0	0	0	0	0	0	0	0	0	5.00	3.50	1.447326	4.960880	1.214742	18.727516	1	18.754377	102.406670
3414	1000	22	23	17	0	5	5	0	2	0	0	0	0	0	0	0	5.00	3.50	1.446520	4.960880	1.214742	18.727516	1	18.680094	102.406670
3415	1000	13	21	21	0	3	5	0	2	0	0	0	0	0	0	0	5.00	3.50	1.446520	4.959268	1.213317	18.700640	1	18.690363	102.406670
3416	1000	16	22	18	0	4	5	0	4	0	0	1	0	0	0	0	5.00	3.50	1.445714	4.959268	1.211891	18.663471	1	18.725195	102.406670
3417	1000	15	16	22	0	7	6	0	1	0	0	1	0	0	0	0	5.00	3.50	1.445714	4.960880	1.206188	18.504593	1	18.694305	102.406670
3418	1000	23	25	15	0	9	7	0	2	0	0	0	0	0	0	0	5.00	3.50	1.444908	4.957656	1.211891	18.673740	1	18.616055	102.406670
3419	1000	21	18	25	0	5	6	0	2	0	0	0	0	0	0	0	5.00	3.50	1.446520	4.960880	1.211891	18.653208	1	18.558443	102.406670
3420	1000	25	21	17	0	5	4	0	1	0	0	0	0	0	0	0	5.00	3.50	1.444908	4.957656	1.210465	18.636564	1	18.599386	102.406670
3421	1000	18	18	22	0	4	5	0	2	0	0	0	0	0	0	0	5.00	3.50	1.444103	4.957656	1.209039	18.599386	1	18.599386	102.406670
3422	1000	22	20	14	0	4	4	0	1	0	0	0	0	0	0	0	5.00	3.50	1.443297	4.956045	1.234703	19.279060	1	18.677668	102.406670
3423	1000	15	15	21	0	4	3	0	1	0	0	0	0	0	0	0	5.00	3.50	1.443297	4.959268	1.209039	18.589142	1	18.531527	102.406670
3424	1000	26	25	21	0	6	5	0	6	0	0	1	0	0	0	0	5.00	3.50	1.442491	4.957656	1.209039	18.599386	1	18.562208	102.406670
3425	1000	26	25	25	0	9	8	0	2	0	0	0	0	0	0	0	5.00	3.50	1.443297	4.960880	1.209039	18.578901	1	18.616055	102.406670
3426	1000	24	14	24	0	3	10	0	0	0	0	0	0	0	0	0	5.00	3.50	1.442491	4.959268	1.201911	18.403307	1	18.572449	102.406670
3427	1000	19	17	21	0	6	4	0	3	0	0	0	0	0	0	0	5.00	3.50	1.440073	4.951209	1.203336	18.491531	1	18.460876	102.406670
3428	1000	23	30	30	0	7	9	0	4	0	0	0	0	0	0	0	5.00	3.50	1.440879	4.957656	1.204762	18.487854	1	18.328978	102.406670
3429	1000	16	19	18	0	3	8	0	4	0	0	1	0	0	0	0	5.00	3.50	1.441685	4.957656	1.206188	18.525032	1	18.504593	102.406670
3430	1000	16	26	25	0	5	4	0	5	0	0	1	0	0	0	0	5.00	3.50	1.441685	4.959268	1.206188	18.514809	1	18.504593	102.406670
3431	1000	19	21	18	0	7	4	0	0	0	0	0	0	0	0	0	5.00	3.50	1.442491	4.954432	1.199059	18.359482	1	18.501760	102.406670
3432	1000	21	17	22	0	4	5	0	1	0	0	0	0	0	0	0	5.00	3.50	1.440073	4.957656	1.204762	18.487854	1	18.440472	102.406670
3433	1000	17	17	23	0	4	8	0	3	0	0	1	0	0	0	0	5.00	3.50	1.440073	4.954432	1.201911	18.433886	1	18.423687	102.406670
3434	1000	22	12	26	0	3	9	0	1	0	0	0	0	0	0	0	5.00	3.50	1.439268	4.954432	1.203336	18.471087	1	18.359482	102.406670
3435	1000	26	19	26	0	6	11	0	2	0	0	0	0	0	0	0	5.00	3.50	1.439268	4.956045	1.197633	18.312115	1	18.501760	102.406670
3436	1000	22	18	20	0	6	4	0	2	0	0	0	0	0	0	0	5.00	3.50	1.438462	4.952821	1.200485	18.406879	1	18.386494	102.406670
3437	1000	16	14	15	0	2	3	0	2	0	0	0	0	0	0	0	5.00	3.50	1.438462	4.957656	1.200485	18.376316	1	18.376316	102.406670
3438	1000	20	25	20	0	5	5	0	3	0	0	1	0	0	0	0	5.00	3.50	1.438462	4.954432	1.200485	18.396683	1	18.339136	102.406670
3439	1000	29	22	24	0	7	10	0	1	0	0	0	0	0	0	0	5.00	3.50	1.438462	4.957656	1.200485	18.376316	1	18.376316	102.406670
3440	1000	16	19	19	0	4	4	0	3	0	0	0	0	0	0	0	5.00	3.50	1.437656	4.954432	1.193356	18.210672	1	18.332451	102.406670
3441	1000	16	21	26	0	7	5	0	1	0	0	1	0	0	0	0	5.00	3.50	1.436850	4.952821	1.197633	18.332451	1	18.274925	102.406670
3442	1000	26	23	14	0	9	6	0	1	0	0	0	0	0	0	0	5.00	3.50	1.436850	4.954432	1.199059	18.359482	1	18.301958	102.406670
3443	1000	19	16	23	0	4	6	0	0	0	0	0	0	0	0	0	5.00	3.50	1.437656	4.957656	1.199059	18.339136	1	18.315569	102.406670
3444	1000	27	24	33	0	8	10	0	1	0	0	0	0	0	0	0	5.00	3.50	1.436850	4.956045	1.190505	18.126165	1	18.278330	102.406670
3445	1000	25	25	24	0	8	7	0	0	0	0	0	0	0	0	0	5.00	3.50	1.434432	4.949597	1.194782	18.278330	1	18.258022	102.406670
3446	1000	17	21	14	0	5	3	0	1	0	0	1	0	0	0	0	5.00	3.50	1.436044	4.954432	1.196208	18.285078	1	18.004534	102.406670
3447	1000	15	23	14	0	8	4	0	1	0	0	1	0	0	0	0	5.00	3.50	1.434432	4.952821	1.194782	18.258022	1	18.285078	102.406670
3448	1000	27	29	23	0	8	9	0	1	0	0	0	0	0	0	0	5.00	3.50	1.435238	4.956045	1.193356	18.200544	1	18.190426	102.406670
3449	1000	26	17	21	0	11	8	0	3	0	0	2	0	0	0	0	5.00	3.50	1.432821	4.949597	1.186227	18.054899	1	18.241095	102.406670
3450	1000	24	26	27	0	6	9	0	2	0	0	1	0	0	0	0	5.00	3.25	1.432821	4.952821	1.193356	18.220808	1	18.200544	102.406670
3451	1000	19	8	18	0	4	7	0	0	0	0	0	0	0	0	0	5.00	3.25	1.432821	4.952821	1.193356	18.220808	1	18.173471	102.406670
3452	1000	19	23	11	0	7	5	0	0	0	0	0	0	0	0	0	5.00	3.25	1.432015	4.956045	1.193356	18.200544	1	18.156494	102.406670
3453	1000	11	18	14	0	3	2	0	3	0	0	0	0	0	0	0	4.50	3.25	1.432015	4.952821	1.187653	18.071951	1	18.186878	102.406670
3454	1000	25	17	20	0	8	6	0	2	0	0	0	0	0	0	0	4.50	3.25	1.429597	4.947986	1.186227	18.064991	1	18.146379	102.406670
3455	1000	20	17	22	0	5	4	0	2	0	0	0	0	0	0	0	4.50	3.25	1.431209	4.952821	1.189079	18.109165	1	18.088976	102.406670
3456	1000	23	21	18	0	4	6	0	2	0	0	0	0	0	0	0	4.50	3.25	1.429597	4.949597	1.190505	18.166616	1	18.109165	102.406670
3457	1000	25	16	19	0	5	8	0	0	0	0	0	0	0	0	0	4.50	3.25	1.431209	4.954432	1.191930	18.173471	1	18.126165	102.406670
3458	1000	15	14	17	0	4	3	0	1	0	0	0	0	0	0	0	4.50	3.25	1.429597	4.947986	1.183376	17.990492	1	18.122471	102.406670
3459	1000	27	22	26	0	6	4	0	4	0	0	0	0	0	0	0	4.50	3.25	1.427985	4.949597	1.187653	18.092138	1	18.034737	102.406670
3460	1000	19	19	18	0	6	3	0	1	0	0	1	0	0	0	0	4.50	3.25	1.427985	4.952821	1.187653	18.071951	1	18.034737	102.406670
3461	1000	20	24	26	0	8	6	0	2	0	0	0	0	0	0	0	4.50	3.25	1.427180	4.951209	1.187653	18.082039	1	18.122471	102.406670
3462	1000	19	24	19	0	8	4	0	2	0	0	0	0	0	0	0	4.50	3.25	1.427985	4.956045	1.181950	17.903025	1	18.102242	102.406670
3463	1000	25	26	19	0	11	8	0	3	0	0	1	0	0	0	0	4.50	3.25	1.426374	4.947986	1.184802	18.027739	1	18.017660	102.406670
3464	1000	18	15	26	0	4	6	0	2	0	0	0	0	0	0	0	4.50	3.25	1.426374	4.949597	1.184802	18.017660	1	17.868708	102.406670
3465	1000	21	19	16	0	4	10	0	1	0	0	1	0	0	0	0	4.50	3.25	1.427180	4.952821	1.184802	17.997522	1	18.014593	102.406670
3466	1000	19	24	29	0	8	5	0	4	0	0	0	0	0	0	0	4.50	3.25	1.427180	4.952821	1.184802	17.997522	1	18.034737	102.406670
3467	1000	22	21	19	0	7	8	0	0	0	0	1	0	0	0	0	4.50	3.25	1.425568	4.943151	1.177673	17.871584	1	18.020733	102.406670
3468	1000	23	30	18	0	8	6	0	2	0	0	0	0	0	0	0	4.50	3.25	1.425568	4.947986	1.183376	17.990492	1	17.943182	102.406670
3469	1000	18	19	16	0	4	3	0	2	0	0	0	0	0	0	0	4.50	3.25	1.427180	4.949597	1.183376	17.980421	1	17.913057	102.406670
3470	1000	18	24	23	0	6	4	0	1	0	0	1	0	0	0	0	4.50	3.25	1.427180	4.952821	1.183376	17.960308	1	17.950260	102.406670
3471	1000	11	16	15	0	2	3	0	0	0	0	0	0	0	0	0	4.50	3.25	1.425568	4.956045	1.176247	17.754263	1	17.973370	102.406670
3472	1000	25	29	18	0	13	2	0	0	0	0	0	0	0	0	0	4.50	3.25	1.423956	4.946374	1.179099	17.888777	1	17.905947	102.406670
3473	1000	16	21	22	0	6	4	0	2	0	0	0	0	0	0	0	4.50	3.25	1.424762	4.949597	1.180524	17.905947	1	17.858681	102.406670
3474	1000	20	26	11	0	8	5	0	3	0	0	2	0	0	0	0	4.50	3.25	1.424762	4.949597	1.180524	17.905947	1	17.875854	102.406670
3475	1000	20	20	20	0	6	4	0	0	0	0	0	0	0	0	0	4.50	3.25	1.424762	4.952821	1.180524	17.885880	1	17.838654	102.406670
3476	1000	25	30	35	0	6	7	0	3	0	0	0	0	0	0	0	4.50	3.25	1.423150	4.944762	1.171970	17.712444	1	17.946159	102.406670
3477	1000	17	16	17	0	4	5	0	0	0	0	0	0	0	0	0	4.50	3.25	1.423150	4.949597	1.177673	17.831469	1	17.821455	102.406670
3478	1000	25	16	18	0	7	7	0	0	0	0	0	0	0	0	0	4.50	3.25	1.423150	4.949597	1.176247	17.794230	1	17.821455	102.406670
3479	1000	26	15	17	0	6	8	0	1	0	0	1	0	0	0	0	4.50	3.25	1.422344	4.946374	1.173396	17.739725	1	17.786997	102.406670
3480	1000	19	26	22	0	4	7	0	3	0	0	0	0	0	0	0	4.50	3.25	1.423150	4.947986	1.169118	17.617985	1	17.797010	102.406670
3481	1000	19	21	14	0	2	4	0	1	0	0	0	0	0	0	0	4.50	3.25	1.421539	4.944762	1.174821	17.786997	1	17.766987	102.406670
3482	1000	20	17	25	0	6	4	0	1	0	0	0	0	0	0	0	4.50	3.00	1.421539	4.947986	1.174821	17.766987	1	17.645273	102.406670
3483	1000	29	22	27	0	7	14	0	1	0	0	0	0	0	0	0	4.50	3.00	1.421539	4.946374	1.174821	17.776989	1	17.756990	102.406670
3484	1000	24	26	20	0	5	7	0	1	0	0	1	0	0	0	0	4.50	3.00	1.421539	4.947986	1.173396	17.729734	1	17.804237	102.406670
3485	1000	22	20	19	0	3	8	0	2	0	0	0	0	0	0	0	4.50	3.00	1.420733	4.946374	1.164841	17.516150	1	17.786997	102.406670
3486	1000	26	33	17	0	8	6	0	1	0	0	0	0	0	0	0	4.50	3.00	1.419121	4.946374	1.171970	17.702461	1	17.719755	102.406670
3487	1000	18	17	22	0	5	7	0	2	0	0	1	0	0	0	0	4.50	3.00	1.417509	4.946374	1.171970	17.702461	1	17.692484	102.406670
3488	1000	23	20	18	0	7	2	0	1	0	0	0	0	0	0	0	4.50	3.00	1.416703	4.944762	1.170544	17.675171	1	17.637896	102.406670
3489	1000	23	23	28	0	6	6	0	4	0	0	0	0	0	0	0	4.50	3.00	1.417509	4.947986	1.164841	17.506231	1	17.695135	102.406670
3490	1000	28	33	21	0	8	5	0	3	0	0	0	0	0	0	0	4.50	3.00	1.417509	4.946374	1.171970	17.702461	1	17.627937	102.406670
3491	1000	14	20	20	0	3	2	0	1	0	0	0	0	0	0	0	4.50	3.00	1.417509	4.947986	1.170544	17.655233	1	17.523645	102.406670
3492	1000	27	23	21	0	10	3	0	3	0	0	1	0	0	0	0	4.50	3.00	1.417509	4.946374	1.169118	17.627937	1	17.655233	102.406670
3493	1000	12	19	14	0	3	2	0	2	0	0	0	0	0	0	0	4.50	3.00	1.415898	4.944762	1.169118	17.637896	1	17.600618	102.406670
3494	1000	22	18	20	0	5	7	0	1	0	0	0	0	0	0	0	4.50	3.00	1.414286	4.939927	1.166267	17.593191	1	17.630505	102.406670
3495	1000	19	26	23	0	4	9	0	3	0	0	0	0	0	0	0	4.50	3.00	1.415898	4.946374	1.167693	17.590673	1	17.580732	102.406670
3496	1000	21	14	19	0	3	7	0	1	0	0	0	0	0	0	0	4.50	3.00	1.415092	4.943151	1.166267	17.573286	1	17.590673	102.406670
3497	1000	22	21	24	0	7	5	0	2	0	0	0	0	0	0	0	4.50	3.00	1.415092	4.944762	1.166267	17.563347	1	17.553410	102.406670
3498	1000	20	18	20	0	4	3	0	0	0	0	0	0	0	0	0	4.50	3.00	1.415092	4.947986	1.163415	17.468983	1	17.593191	102.406670
3499	1000	19	21	19	0	6	5	0	5	0	0	1	0	0	0	0	4.50	3.00	1.413480	4.944762	1.166267	17.563347	1	17.590673	102.406670
3500	1000	18	19	21	0	4	5	0	0	0	0	0	0	0	0	0	4.50	3.00	1.413480	4.946374	1.164841	17.516150	1	17.498713	102.406670
3501	1000	18	23	21	0	3	4	0	1	0	0	1	0	0	0	0	4.50	3.00	1.413480	4.946374	1.164841	17.516150	1	17.506231	102.406670
3502	1000	16	15	25	0	3	7	0	2	0	0	0	0	0	0	0	4.50	3.00	1.413480	4.946374	1.164841	17.516150	1	17.506231	102.406670
3503	1000	15	22	20	0	7	2	0	1	0	0	0	0	0	0	0	4.50	3.00	1.411868	4.939927	1.160564	17.443949	1	17.518572	102.406670
3504	1000	28	21	20	0	8	10	0	0	0	0	0	0	0	0	0	4.50	3.00	1.411062	4.939927	1.164841	17.555882	1	17.508640	102.406670
3505	1000	16	25	29	0	2	7	0	2	0	0	0	0	0	0	0	4.50	3.00	1.411868	4.946374	1.161990	17.441622	1	17.431730	102.406670
3506	1000	32	30	27	0	5	10	0	3	0	0	1	0	0	0	0	4.50	3.00	1.411062	4.941538	1.161990	17.471340	1	17.461428	102.406670
3507	1000	18	17	18	0	6	6	0	0	0	0	0	0	0	0	0	4.50	3.00	1.411062	4.943151	1.156286	17.312275	1	17.501114	102.406670
3508	1000	18	27	20	0	6	3	0	2	0	0	0	0	0	0	0	4.50	3.00	1.409451	4.939927	1.160564	17.443949	1	17.461428	102.406670
3509	1000	15	21	29	0	6	6	0	4	0	0	1	0	0	0	0	4.50	3.00	1.410257	4.944762	1.161990	17.451521	1	17.424139	102.406670
3510	1000	15	18	21	0	2	7	0	2	0	0	0	0	0	0	0	4.50	3.00	1.409451	4.941538	1.159138	17.396742	1	17.359444	102.406670
3511	1000	14	21	20	0	5	4	0	2	0	0	1	0	0	0	0	4.50	3.00	1.409451	4.943151	1.159138	17.386850	1	17.386850	102.406670
3512	1000	11	12	14	0	1	2	0	3	0	0	0	0	0	0	0	4.50	3.00	1.408645	4.939927	1.173396	17.779749	1	17.416536	102.406670
3513	1000	19	22	20	0	3	7	0	3	0	0	0	0	0	0	0	4.50	2.75	1.407033	4.941538	1.159138	17.396742	1	17.386850	102.406670
3514	1000	19	20	19	0	4	3	0	0	0	0	0	0	0	0	0	4.50	2.75	1.408645	4.944762	1.159138	17.376972	1	17.367098	102.406670
3515	1000	19	16	22	0	5	4	0	1	0	0	1	0	0	0	0	4.00	2.75	1.407839	4.943151	1.156286	17.312275	1	17.265142	102.406670
3516	1000	23	20	14	0	2	6	0	2	0	0	0	0	0	0	0	4.50	2.75	1.407839	4.951209	1.152009	17.151379	1	17.332010	102.406670
3517	1000	26	17	21	0	3	7	0	1	0	0	0	0	0	0	0	4.50	2.75	1.406227	4.939927	1.156286	17.332010	1	17.322140	102.406670
3518	1000	29	22	26	0	12	6	0	1	0	0	0	0	0	0	0	4.50	2.75	1.404616	4.933480	1.156286	17.371552	1	17.286961	102.406670
3519	1000	32	24	31	0	8	13	0	3	0	0	1	0	0	0	0	4.00	2.75	1.405421	4.941538	1.154861	17.284840	1	17.098347	102.406670
3520	1000	19	21	17	0	6	3	0	2	0	0	0	0	0	0	0	4.00	2.75	1.406227	4.943151	1.153435	17.237701	1	17.227869	102.406670
3521	1000	15	13	18	0	0	4	0	1	0	0	0	0	0	0	0	4.00	2.75	1.403810	4.933480	1.153435	17.296829	1	17.286961	102.406670
3522	1000	13	28	17	0	5	4	0	2	0	0	1	0	0	0	0	4.00	2.75	1.405421	4.939927	1.154861	17.294697	1	17.274986	102.406670
3523	1000	27	15	20	0	6	9	0	1	0	0	0	0	0	0	0	4.00	2.75	1.405421	4.941538	1.153435	17.247543	1	17.227869	102.406670
3524	1000	22	20	19	0	7	6	0	2	0	0	0	0	0	0	0	4.00	2.75	1.404616	4.941538	1.150584	17.172945	1	17.210241	102.406670
3525	1000	24	29	24	0	10	5	0	1	0	0	0	0	0	0	0	4.00	2.75	1.403810	4.939927	1.216168	18.899096	1	17.231966	102.406670
3526	1000	19	26	23	0	6	6	0	3	0	0	0	0	0	0	0	4.00	2.75	1.403810	4.938315	1.152009	17.229916	1	17.237701	102.406670
3527	1000	26	26	23	0	5	7	0	3	0	0	0	0	0	0	0	4.00	2.75	1.403004	4.938315	1.152009	17.229916	1	17.229916	102.406670
3528	1000	22	22	15	0	2	6	0	1	0	0	0	0	0	0	0	4.00	2.75	1.403810	4.941538	1.152009	17.210241	1	17.200413	102.406670
3529	1000	23	25	30	0	4	6	0	4	0	0	1	0	0	0	0	4.00	2.75	1.403810	4.943151	1.149158	17.125839	1	17.088551	102.406670
3530	1000	21	19	25	0	5	6	0	5	0	0	1	0	0	0	0	4.00	2.75	1.402198	4.935091	1.146306	17.100220	1	17.174917	102.406670
3531	1000	23	24	25	0	6	5	0	4	0	0	0	0	0	0	0	4.00	2.75	1.402198	4.936703	1.149158	17.165089	1	17.108141	102.406670
3532	1000	30	30	22	0	8	5	0	2	0	0	0	0	0	0	0	4.00	2.75	1.402198	4.938315	1.149158	17.155268	1	17.135643	102.406670
3533	1000	27	22	20	0	7	2	0	2	0	0	0	0	0	0	0	4.00	2.75	1.402198	4.939927	1.149158	17.145454	1	17.135643	102.406670
3534	1000	21	29	30	0	5	10	0	1	0	0	0	0	0	0	0	4.00	2.75	1.401392	4.943151	1.190505	18.207169	1	17.137569	102.406670
3535	1000	20	19	16	0	8	5	0	1	0	0	0	0	0	0	0	4.00	2.75	1.399780	4.936703	1.146306	17.090420	1	17.117947	102.406670
3536	1000	27	27	20	0	9	7	0	4	0	0	2	0	0	0	0	4.00	2.75	1.400586	4.939927	1.146306	17.070831	1	17.137569	102.406670
3537	1000	17	25	14	0	6	4	0	2	0	0	0	0	0	0	0	4.00	2.75	1.399780	4.938315	1.146306	17.080620	1	16.884274	102.406670
3538	1000	14	16	17	0	5	3	0	3	0	0	0	0	0	0	0	4.00	2.75	1.399780	4.936703	1.146306	17.090420	1	17.043299	102.406670
