quad V2.5
time	int	cnt1	cnt2	cnt3	cnt4	1&2	1&3	1&4	2&3	2&4	3&4	1&2&3	1&2&4	1&3&4	2&3&4	1&2&3&4	digTemp	temp	adct	adcr	adcp	pressure	PBS	CurrMeasurement	MeanMeasurement
3540	1000	19	20	33	0	4	8	0	4	0	0	1	0	0	0	0	4.00	2.75	1.399780	4.938315	1.143455	17.005974	1	17.033518	102.406670
3541	1000	20	18	29	0	2	8	0	2	0	0	0	0	0	0	0	4.00	2.75	1.398169	4.936703	1.143455	17.015747	1	16.968651	102.406670
3542	1000	20	25	20	0	6	6	0	4	0	0	0	0	0	0	0	4.00	2.75	1.398169	4.939927	1.143455	16.996208	0	140.012711	102.406670
3543	1000	20	18	22	0	5	7	0	3	0	0	1	0	0	0	0	4.00	2.75	1.398169	4.939927	1.143455	16.996208	1	16.986448	102.406670
3544	1000	23	20	27	0	5	9	0	0	0	0	0	0	0	0	0	4.00	2.75	1.396557	4.933480	1.140603	16.960588	1	16.978413	102.406670
3545	1000	19	19	17	0	6	3	0	4	0	0	1	0	0	0	0	4.00	2.75	1.397363	4.935091	1.140603	16.950827	1	16.978413	102.406670
3546	1000	29	18	25	0	6	9	0	2	0	0	1	0	0	0	0	4.00	2.50	1.396557	4.935091	1.142029	16.988176	1	16.968651	102.406670
3547	1000	18	23	25	0	7	4	0	5	0	0	1	0	0	0	0	4.00	2.50	1.396557	4.936703	1.142029	16.978413	1	16.997950	102.406670
3548	1000	25	24	16	0	5	8	0	3	0	0	0	0	0	0	0	4.00	2.50	1.396557	4.938315	1.140603	16.931326	1	16.884274	102.406670
3549	1000	18	20	22	0	2	9	0	1	0	0	0	0	0	0	0	4.00	2.50	1.396557	4.938315	1.139177	16.894001	1	16.894001	102.406670
3550	1000	13	15	13	0	1	2	0	0	0	0	0	0	0	0	0	4.00	2.75	1.396557	4.933480	1.053632	14.681614	1	16.942745	102.406670
3551	1000	20	21	19	0	5	4	0	2	0	0	0	0	0	0	0	4.00	2.50	1.394139	4.933480	1.139177	16.923229	1	16.903736	102.406670
3552	1000	27	23	27	0	5	5	0	3	0	0	0	0	0	0	0	4.00	2.50	1.394945	4.936703	1.137752	16.866402	1	16.819357	102.406670
3553	1000	29	26	27	0	8	11	0	4	0	0	1	0	0	0	0	4.00	2.50	1.394139	4.933480	1.134900	16.811148	1	16.832123	102.406670
3554	1000	19	21	30	0	4	10	0	4	0	0	0	0	0	0	0	4.00	2.50	1.394945	4.938315	1.129197	16.632738	1	16.858238	102.406670
3555	1000	23	19	19	0	5	6	0	0	0	0	0	0	0	0	0	4.00	2.50	1.393333	4.931868	1.137752	16.895613	1	16.838783	102.406670
3556	1000	25	25	23	0	11	7	0	1	0	0	0	0	0	0	0	4.00	2.50	1.394139	4.935091	1.136326	16.838783	1	16.829065	102.406670
3557	1000	30	23	19	0	11	6	0	0	0	0	0	0	0	0	0	4.00	2.50	1.394139	4.935091	1.136326	16.838783	1	16.829065	102.406670
3558	1000	16	13	19	0	3	4	0	3	0	0	0	0	0	0	0	4.00	2.50	1.394139	4.935091	1.136326	16.838783	1	16.829065	102.406670
3559	1000	17	19	19	0	5	5	0	3	0	0	0	0	0	0	0	4.00	2.50	1.394139	4.931868	1.127771	16.634007	1	16.765530	102.406670
3560	1000	26	27	22	0	9	3	0	3	0	0	0	0	0	0	0	4.00	2.50	1.392528	4.931868	1.133474	16.783495	1	16.754396	102.406670
3561	1000	20	23	20	0	6	4	0	1	0	0	0	0	0	0	0	4.00	2.50	1.392528	4.933480	1.133474	16.773788	1	16.726742	102.406670
3562	1000	27	15	20	0	7	6	0	1	0	0	0	0	0	0	0	4.00	2.50	1.393333	4.936703	1.133474	16.754396	1	16.689392	102.406670
3563	1000	38	31	26	0	10	13	0	4	0	0	1	0	0	0	0	4.00	2.50	1.391722	4.933480	1.126346	16.586990	1	16.728132	102.406670
3564	1000	17	15	18	0	3	4	0	1	0	0	0	0	0	0	0	4.00	2.50	1.390110	4.930256	1.129197	16.681055	1	16.652046	102.406670
3565	1000	24	21	13	0	7	4	0	1	0	0	0	0	0	0	0	4.00	2.50	1.390110	4.928645	1.130623	16.728132	1	16.671377	102.406670
3566	1000	20	23	19	0	6	7	0	5	0	0	1	0	0	0	0	4.00	2.50	1.390916	4.935091	1.132049	16.726742	1	16.679724	102.406670
3567	1000	25	29	25	0	10	9	0	4	0	0	2	0	0	0	0	4.00	2.50	1.390110	4.933480	1.132049	16.736429	1	16.661709	102.406670
3568	1000	18	16	20	0	6	5	0	2	0	0	0	0	0	0	0	4.00	2.50	1.388498	4.928645	1.167693	17.700455	1	16.663015	102.406670
3569	1000	23	19	29	0	8	6	0	1	0	0	1	0	0	0	0	4.00	2.50	1.388498	4.930256	1.129197	16.681055	1	16.577349	102.406670
3570	1000	17	14	14	0	5	6	0	0	0	0	0	0	0	0	0	4.00	2.50	1.388498	4.935091	1.129197	16.652046	1	16.632738	102.406670
3571	1000	20	25	28	0	6	3	0	0	0	0	0	0	0	0	0	4.00	2.50	1.386887	4.935091	1.127771	16.614698	1	16.718439	102.406670
3572	1000	20	19	24	0	6	8	0	2	0	0	2	0	0	0	0	4.00	2.50	1.387692	4.933480	1.120643	16.437548	1	16.578545	102.406670
3573	1000	18	21	17	0	5	5	0	3	0	0	1	0	0	0	0	4.00	2.50	1.386081	4.927033	1.126346	16.625607	1	16.559259	102.406670
3574	1000	27	21	34	0	10	8	0	2	0	0	0	0	0	0	0	4.00	2.50	1.386081	4.930256	1.124920	16.568897	1	16.297653	102.406670
3575	1000	21	16	24	0	4	9	0	1	0	0	1	0	0	0	0	4.00	2.50	1.386887	4.933480	1.126346	16.586990	1	16.577349	102.406670
3576	1000	25	24	23	0	6	7	0	2	0	0	0	0	0	0	0	4.00	2.50	1.386081	4.931868	1.123494	16.521889	1	16.521889	102.406670
3577	1000	18	20	21	0	4	5	0	2	0	0	0	0	0	0	0	4.00	2.50	1.384469	4.927033	1.116365	16.363745	1	16.550787	102.406670
3578	1000	19	22	16	0	3	3	0	2	0	0	1	0	0	0	0	4.00	2.50	1.383663	4.930256	1.123494	16.531513	1	16.549627	102.406670
3579	1000	24	25	25	0	9	5	0	2	0	0	1	0	0	0	0	4.00	2.50	1.383663	4.930256	1.123494	16.531513	1	16.512266	102.406670
3580	1000	15	26	27	0	6	5	0	1	0	0	0	0	0	0	0	4.00	2.25	1.381245	4.927033	1.120643	16.475969	1	16.503752	102.406670
3581	1000	24	21	19	0	9	3	0	3	0	0	1	0	0	0	0	4.00	2.25	1.382051	4.931868	1.116365	16.335028	1	16.513378	102.406670
3582	1000	21	21	23	0	4	6	0	2	0	0	0	0	0	0	0	4.00	2.25	1.379634	4.925421	1.117791	16.410748	1	16.428957	102.406670
3583	1000	25	20	16	0	9	4	0	2	0	0	0	0	0	0	0	4.00	2.25	1.380440	4.927033	1.120643	16.475969	1	16.288923	102.406670
3584	1000	24	23	17	0	8	4	0	1	0	0	0	0	0	0	0	4.00	2.25	1.382051	4.931868	1.119217	16.409771	1	16.474907	102.406670
3585	1000	19	26	14	0	6	3	0	1	0	0	0	0	0	0	0	4.00	2.25	1.382857	4.933480	1.120643	16.437548	1	16.437548	102.406670
3586	1000	18	23	26	0	3	3	0	4	0	0	0	0	0	0	0	4.00	2.25	1.381245	4.927033	1.154861	17.373789	1	16.410748	102.406670
3587	1000	15	14	19	0	5	3	0	0	0	0	0	0	0	0	0	4.00	2.25	1.379634	4.925421	1.119217	16.448172	1	16.401154	102.406670
3588	1000	29	26	26	0	5	12	0	2	0	0	0	0	0	0	0	4.00	2.25	1.380440	4.927033	1.117791	16.401154	1	16.381975	102.406670
3589	1000	22	23	17	0	3	6	0	1	0	0	0	0	0	0	0	4.00	2.25	1.381245	4.931868	1.117791	16.372398	1	16.457785	102.406670
3590	1000	15	24	14	0	5	2	0	4	0	0	0	0	0	0	0	4.00	2.25	1.381245	4.930256	1.112088	16.232439	1	16.410748	102.406670
3591	1000	17	19	19	0	5	6	0	1	0	0	0	0	0	0	0	4.00	2.25	1.378828	4.925421	1.117791	16.410748	1	16.391562	102.406670
3592	1000	18	24	16	0	4	1	0	1	0	0	0	0	0	0	0	4.00	2.25	1.379634	4.927033	1.114940	16.326332	1	16.344591	102.406670
3593	1000	25	20	20	0	6	4	0	3	0	0	0	0	0	0	0	4.00	2.25	1.379634	4.925421	1.114940	16.335905	1	16.279373	102.406670
3594	1000	19	26	19	0	8	4	0	3	0	0	0	0	0	0	0	4.00	2.25	1.379634	4.930256	1.116365	16.344591	1	16.297653	102.406670
3595	1000	20	17	20	0	7	6	0	1	0	0	0	0	0	0	0	4.00	2.25	1.379634	4.927033	1.142029	17.037106	1	16.335905	102.406670
3596	1000	18	28	24	0	3	7	0	1	0	0	0	0	0	0	0	4.00	2.25	1.378828	4.928645	1.116365	16.354164	1	16.260281	102.406670
3597	1000	28	21	25	0	5	10	0	2	0	0	0	0	0	0	0	4.00	2.25	1.378022	4.925421	1.112088	16.261065	1	16.316769	102.406670
3598	1000	26	24	24	0	5	8	0	3	0	0	0	0	0	0	0	4.00	2.25	1.378022	4.927033	1.112088	16.251516	1	16.205286	102.406670
3599	1000	13	24	14	0	7	1	0	4	0	0	1	0	0	0	0	4.00	2.25	1.377216	4.923810	1.104959	16.083450	1	16.271418	102.406670
3600	1000	28	27	24	0	12	5	0	3	0	0	0	0	0	0	0	4.00	2.25	1.377216	4.923810	1.112088	16.270618	1	16.214108	102.406670
3601	1000	22	18	19	0	5	5	0	2	0	0	1	0	0	0	0	4.00	2.25	1.377216	4.927033	1.112088	16.251516	1	16.082899	102.406670
3602	1000	22	14	23	0	2	5	0	3	0	0	0	0	0	0	0	3.50	2.25	1.377216	4.923810	1.112088	16.270618	1	16.241974	102.406670
3603	1000	20	20	20	0	5	6	0	1	0	0	0	0	0	0	0	3.50	2.25	1.377216	4.927033	1.109237	16.176695	1	16.176695	102.406670
3604	1000	20	22	14	0	3	2	0	1	0	0	0	0	0	0	0	3.50	2.25	1.375605	4.920586	1.102108	16.027540	1	16.214828	102.406670
3605	1000	15	23	25	0	3	4	0	3	0	0	0	0	0	0	0	3.50	2.25	1.375605	4.925421	1.110662	16.223644	1	16.167177	102.406670
3606	1000	24	22	27	0	9	6	0	4	0	0	1	0	0	0	0	4.00	2.25	1.375605	4.925421	1.110662	16.223644	1	16.176695	102.406670
3607	1000	22	19	32	0	7	7	0	2	0	0	1	0	0	0	0	3.50	2.25	1.375605	4.927033	1.107811	16.139288	1	16.139288	102.406670
3608	1000	16	20	18	0	3	2	0	0	0	0	0	0	0	0	0	3.50	2.25	1.375605	4.930256	1.117791	16.381975	1	16.167841	102.406670
3609	1000	22	20	29	0	4	7	0	2	0	0	1	0	0	0	0	3.50	2.25	1.375605	4.927033	1.107811	16.139288	1	16.167177	102.406670
3610	1000	30	33	28	0	9	9	0	3	0	0	0	0	0	0	0	3.50	2.25	1.374799	4.927033	1.107811	16.139288	1	16.158316	102.406670
3611	1000	25	24	26	0	5	10	0	4	0	0	1	0	0	0	0	3.50	2.25	1.374799	4.925421	1.106385	16.111378	1	16.064470	102.406670
3612	1000	23	26	18	0	4	7	0	2	0	0	0	0	0	0	0	3.50	2.25	1.374799	4.925421	1.104959	16.073957	1	16.027061	102.406670
3613	1000	23	18	21	0	9	5	0	0	0	0	0	0	0	0	0	3.50	2.25	1.372381	4.917363	1.096405	15.896589	1	16.037025	102.406670
3614	1000	21	23	24	0	7	8	0	3	0	0	0	0	0	0	0	3.50	2.25	1.373187	4.923810	1.104959	16.083450	1	16.064470	102.406670
3615	1000	23	25	18	0	10	5	0	3	0	0	1	0	0	0	0	3.50	2.25	1.372381	4.922198	1.104959	16.092949	1	16.073957	102.406670
3616	1000	26	21	26	0	6	6	0	3	0	0	0	0	0	0	0	3.50	2.25	1.373187	4.923810	1.104959	16.083450	1	16.083450	102.406670
3617	1000	24	26	27	0	9	7	0	2	0	0	0	0	0	0	0	3.50	2.25	1.373187	4.927033	1.096405	15.840016	1	15.990082	102.406670
3618	1000	26	28	21	0	9	8	0	2	0	0	0	0	0	0	0	3.50	2.00	1.370769	4.920586	1.102108	16.027540	1	15.971150	102.406670
3619	1000	13	21	13	0	4	4	0	1	0	0	0	0	0	0	0	3.50	2.00	1.371575	4.925421	1.103534	16.036537	1	15.830609	102.406670
3620	1000	16	28	16	0	2	4	0	1	0	0	0	0	0	0	0	3.50	2.25	1.372381	4.923810	1.102108	16.008583	1	16.027061	102.406670
3621	1000	24	26	22	0	7	7	0	4	0	0	0	0	0	0	0	3.50	2.00	1.370769	4.923810	1.103534	16.046017	1	15.999115	102.406670
3622	1000	20	22	19	0	4	6	0	1	0	0	0	0	0	0	0	3.50	2.00	1.369158	4.917363	1.089276	15.709174	1	15.934072	102.406670
3623	1000	28	22	14	0	6	4	0	3	0	0	0	0	0	0	0	3.50	2.00	1.369158	4.918974	1.100682	15.999557	1	15.971150	102.406670
3624	1000	18	20	18	0	4	3	0	1	0	0	0	0	0	0	0	3.50	2.00	1.369964	4.922198	1.099256	15.943168	1	15.933715	102.406670
3625	1000	22	22	22	0	8	6	0	3	0	0	0	0	0	0	0	3.50	2.00	1.369158	4.922198	1.099256	15.943168	1	15.952623	102.406670
3626	1000	22	22	18	0	6	6	0	1	0	0	1	0	0	0	0	3.50	2.00	1.369158	4.922198	1.093553	15.793383	1	15.990510	102.406670
3627	1000	30	31	27	0	12	4	0	4	0	0	0	0	0	0	0	3.50	2.00	1.368352	4.922198	1.097831	15.905722	1	15.849429	102.406670
3628	1000	16	17	13	0	2	3	0	2	0	0	0	0	0	0	0	3.50	2.00	1.367546	4.922198	1.096405	15.868274	1	15.802790	102.406670
3629	1000	26	26	19	0	10	2	0	1	0	0	0	0	0	0	0	3.50	2.00	1.368352	4.922198	1.097831	15.905722	1	15.886850	102.406670
3630	1000	16	30	20	0	6	6	0	3	0	0	0	0	0	0	0	3.50	2.00	1.368352	4.922198	1.097831	15.905722	1	15.896281	102.406670
3631	1000	20	17	19	0	3	6	0	1	0	0	0	0	0	0	0	3.50	2.00	1.366740	4.915751	1.094979	15.868545	1	15.887146	102.406670
3632	1000	30	24	21	0	10	7	0	3	0	0	0	0	0	0	0	3.50	2.00	1.367546	4.922198	1.097831	15.905722	1	15.924271	102.406670
3633	1000	27	21	23	0	7	7	0	1	0	0	0	0	0	0	0	3.50	2.00	1.365934	4.920586	1.093553	15.802790	1	15.765331	102.406670
3634	1000	15	24	25	0	2	0	0	2	0	0	0	0	0	0	0	3.50	2.00	1.366740	4.922198	1.094979	15.830828	1	15.793383	102.406670
3635	1000	22	29	29	0	4	7	0	2	0	0	1	0	0	0	0	3.50	2.00	1.366740	4.920586	1.090702	15.727874	1	15.831047	102.406670
3636	1000	25	25	30	0	5	12	0	3	0	0	1	0	0	0	0	3.50	2.00	1.364322	4.915751	1.093553	15.831047	1	15.774733	102.406670
3637	1000	20	30	18	0	7	4	0	2	0	0	0	0	0	0	0	3.50	2.00	1.364322	4.917363	1.094979	15.859107	1	15.849675	102.406670
3638	1000	26	22	24	0	2	11	0	2	0	0	0	0	0	0	0	3.50	2.00	1.363517	4.917363	1.092128	15.784139	1	15.737262	102.406670
3639	1000	29	26	31	0	7	9	0	5	0	0	1	0	0	0	0	3.50	2.00	1.363517	4.922198	1.092128	15.755938	1	15.793383	102.406670
3640	1000	23	23	28	0	3	9	0	4	0	0	0	0	0	0	0	3.50	2.00	1.362711	4.915751	1.093553	15.831047	1	15.746656	102.406670
3641	1000	20	18	18	0	6	3	0	0	0	0	0	0	0	0	0	3.50	2.00	1.362711	4.918974	1.092128	15.774733	1	15.718492	102.406670
3642	1000	22	14	24	0	4	8	0	2	0	0	0	0	0	0	0	3.50	2.00	1.362711	4.920586	1.092128	15.765331	1	15.755938	102.406670
3643	1000	18	24	23	0	4	3	0	0	0	0	0	0	0	0	0	3.50	2.00	1.361905	4.918974	1.092128	15.774733	1	15.765331	102.406670
3644	1000	20	19	20	0	9	6	0	3	0	0	1	0	0	0	0	3.50	2.00	1.361099	4.922198	1.013711	13.696408	1	15.699835	102.406670
3645	1000	20	27	25	0	4	9	0	5	0	0	1	0	0	0	0	3.50	2.00	1.361099	4.915751	1.089276	15.718562	1	15.652952	102.406670
3646	1000	24	22	23	0	3	5	0	2	0	0	0	0	0	0	0	3.50	2.00	1.361099	4.917363	1.089276	15.709174	1	15.709174	102.406670
3647	1000	26	27	22	0	9	7	0	1	0	0	0	0	0	0	0	3.50	2.00	1.361099	4.915751	1.089276	15.718562	1	15.662315	102.406670
3648	1000	24	21	34	0	7	10	0	2	0	0	0	0	0	0	0	3.50	2.00	1.361099	4.917363	1.089276	15.709174	1	15.662315	102.406670
3649	1000	24	23	18	0	9	6	0	2	0	0	1	0	0	0	0	3.50	2.00	1.360293	4.910916	1.079296	15.484042	1	15.671701	102.406670
3650	1000	26	28	18	0	8	4	0	2	0	0	0	0	0	0	0	3.50	2.00	1.359487	4.914139	1.086424	15.652940	1	15.634206	102.406670
3651	1000	24	31	17	0	11	5	0	4	0	0	0	0	0	0	0	3.50	2.00	1.361099	4.918974	1.086424	15.624846	1	15.615494	102.406670
3652	1000	29	25	32	0	5	11	0	4	0	0	0	0	0	0	0	3.50	2.00	1.359487	4.918974	1.086424	15.624846	1	15.615494	102.406670
3653	1000	24	26	32	0	5	13	0	1	0	0	0	0	0	0	0	3.50	2.00	1.359487	4.917363	2.905687	63.462151	1	15.662315	102.406670
3654	1000	31	19	34	0	3	11	0	3	0	0	0	0	0	0	0	3.50	2.00	1.357876	4.915751	1.084999	15.606075	1	15.549906	102.406670
3655	1000	27	30	20	0	8	4	0	3	0	0	0	0	0	0	0	3.50	2.00	1.358681	4.918974	1.084999	15.587376	1	15.549906	102.406670
3656	1000	30	22	16	0	8	6	0	3	0	0	1	0	0	0	0	3.50	2.00	1.359487	4.920586	1.083573	15.540579	1	15.484277	102.406670
3657	1000	25	26	19	0	9	5	0	2	0	0	0	0	0	0	0	3.50	1.75	1.357876	4.917363	1.084999	15.596724	1	15.559241	102.406670
3658	1000	16	27	18	0	3	2	0	2	0	0	0	0	0	0	0	3.50	2.00	1.357070	4.907692	1.082147	15.577814	1	15.634170	102.406670
3659	1000	22	24	16	0	8	2	0	2	0	0	0	0	0	0	0	3.50	1.75	1.356264	4.914139	1.083573	15.577926	1	15.531086	102.406670
3660	1000	21	21	18	0	3	6	0	2	0	0	1	0	0	0	0	3.50	1.75	1.357876	4.917363	1.084999	15.596724	1	15.587376	102.406670
3661	1000	25	24	26	0	5	8	0	3	0	0	0	0	0	0	0	3.50	1.75	1.357070	4.915751	1.080721	15.493590	1	15.456096	102.406670
3662	1000	29	16	19	0	3	8	0	0	0	0	0	0	0	0	0	3.50	1.75	1.357876	4.917363	1.076444	15.371829	1	15.540419	102.406670
3663	1000	21	18	30	0	5	7	0	5	0	0	0	0	0	0	0	3.50	1.75	1.356264	4.914139	1.080721	15.502912	1	15.474965	102.406670
3664	1000	17	17	20	0	2	5	0	1	0	0	0	0	0	0	0	3.50	1.75	1.355458	4.915751	1.080721	15.493590	1	15.446794	102.406670
3665	1000	22	22	30	0	2	9	0	1	0	0	0	0	0	0	0	3.50	1.75	1.355458	4.917363	1.080721	15.484277	1	15.362555	102.406670
3666	1000	20	24	25	0	4	7	0	4	0	0	0	0	0	0	0	3.50	1.75	1.354652	4.915751	1.080721	15.493590	1	15.493590	102.406670
3667	1000	23	21	30	0	4	10	0	2	0	0	0	0	0	0	0	3.50	1.75	1.353846	4.907692	1.077870	15.465145	1	15.446510	102.406670
3668	1000	25	29	25	0	11	5	0	3	0	0	0	0	0	0	0	3.50	1.75	1.353040	4.910916	1.079296	15.484042	1	15.418601	102.406670
3669	1000	24	24	16	0	9	4	0	3	0	0	1	0	0	0	0	3.50	1.75	1.353040	4.910916	1.077870	15.446510	1	15.418601	102.406670
3670	1000	27	20	26	0	8	9	0	2	0	0	1	0	0	0	0	3.50	1.75	1.353846	4.914139	1.077870	15.427897	1	15.418601	102.406670
3671	1000	21	23	29	0	7	6	0	4	0	0	1	0	0	0	0	3.50	1.75	1.353846	4.915751	1.073593	15.306117	1	15.446510	102.406670
3672	1000	22	23	22	0	8	4	0	1	0	0	0	0	0	0	0	3.50	1.75	1.351429	4.909304	1.075019	15.380736	1	15.362164	102.406670
3673	1000	29	25	22	0	8	6	0	4	0	0	1	0	0	0	0	3.50	1.75	1.353040	4.912528	1.075019	15.362164	1	15.352882	102.406670
3674	1000	19	24	17	0	5	1	0	1	0	0	0	0	0	0	0	3.50	1.75	1.353846	4.917363	1.077870	15.409311	1	15.325085	102.406670
3675	1000	36	24	22	0	10	8	0	2	0	0	1	0	0	0	0	3.50	1.75	1.353846	4.917363	1.075019	15.334347	1	15.362555	102.406670
3676	1000	27	33	12	0	13	2	0	0	0	0	0	0	0	0	0	3.50	1.75	1.351429	4.907692	1.073593	15.352476	1	15.380736	102.406670
3677	1000	23	25	20	0	8	4	0	1	0	0	0	0	0	0	0	3.50	1.75	1.352235	4.914139	1.073593	15.315375	1	15.268619	102.406670
3678	1000	21	30	20	0	6	6	0	2	0	0	0	0	0	0	0	3.50	1.75	1.351429	4.914139	1.072167	15.277868	1	15.268619	102.406670
3679	1000	26	32	26	0	9	5	0	7	0	0	0	0	0	0	0	3.50	1.75	1.351429	4.914139	1.072167	15.277868	1	15.231124	102.406670
3680	1000	20	16	29	0	3	3	0	2	0	0	0	0	0	0	0	3.50	1.75	1.350623	4.910916	1.136326	16.985319	1	15.324197	102.406670
3681	1000	19	19	21	0	3	9	0	1	0	0	0	0	0	0	0	3.50	1.75	1.349817	4.910916	1.072167	15.296380	1	15.315375	102.406670
3682	1000	22	19	31	0	5	8	0	1	0	0	1	0	0	0	0	3.50	1.75	1.350623	4.912528	1.072167	15.287121	1	15.268619	102.406670
3683	1000	24	19	19	0	5	6	0	1	0	0	0	0	0	0	0	3.50	1.75	1.350623	4.912528	1.070741	15.249601	1	15.164694	102.406670
3684	1000	22	24	25	0	6	8	0	3	0	0	2	0	0	0	0	3.50	1.75	1.349817	4.910916	1.063612	15.071190	1	15.220737	102.406670
3685	1000	23	24	17	0	7	3	0	2	0	0	1	0	0	0	0	3.50	1.75	1.348205	4.907692	1.069315	15.239806	1	15.183784	102.406670
3686	1000	25	19	28	0	6	9	0	0	0	0	0	0	0	0	0	3.00	1.75	1.349817	4.914139	1.067890	15.165347	1	15.193629	102.406670
3687	1000	24	30	19	0	8	3	0	0	0	0	0	0	0	0	0	3.50	1.75	1.349011	4.912528	1.066464	15.137043	1	15.156135	102.406670
3688	1000	19	36	25	0	4	7	0	6	0	0	0	0	0	0	0	3.00	1.75	1.349011	4.914139	1.070741	15.240361	1	15.174562	102.406670
3689	1000	16	19	15	0	4	3	0	2	0	0	1	0	0	0	0	3.00	1.75	1.347399	4.906081	1.059335	14.986078	1	15.145575	102.406670
3690	1000	19	20	29	0	8	5	0	1	0	0	0	0	0	0	0	3.00	1.75	1.347399	4.907692	1.067890	15.202250	1	15.174562	102.406670
3691	1000	22	26	21	0	4	4	0	1	0	0	0	0	0	0	0	3.00	1.75	1.347399	4.909304	1.066464	15.155472	1	15.146253	102.406670
3692	1000	19	20	16	0	8	3	0	1	0	0	0	0	0	0	0	3.00	1.75	1.347399	4.909304	1.066464	15.155472	1	15.183156	102.406670
3693	1000	28	33	27	0	8	10	0	6	0	0	0	0	0	0	0	3.50	1.75	1.347399	4.910916	1.059335	14.958597	1	15.107994	102.406670
3694	1000	24	20	30	0	8	6	0	4	0	0	1	0	0	0	0	3.00	1.75	1.346593	4.907692	1.066464	15.164694	1	15.137043	102.406670
3695	1000	19	20	20	0	5	4	0	2	0	0	0	0	0	0	0	3.00	1.50	1.346593	4.912528	1.065038	15.099524	1	14.893671	102.406670
3696	1000	23	29	21	0	9	3	0	1	0	0	0	0	0	0	0	3.00	1.50	1.344176	4.907692	1.065038	15.127137	1	15.089581	102.406670
3697	1000	41	37	27	0	17	8	0	3	0	0	0	0	0	0	0	3.00	1.50	1.345788	4.912528	1.065038	15.099524	1	15.052826	102.406670
3698	1000	22	24	22	0	8	6	0	2	0	0	0	0	0	0	0	3.00	1.50	1.344176	4.910916	1.059335	14.958597	1	15.136353	102.406670
3699	1000	27	27	23	0	9	1	0	2	0	0	0	0	0	0	0	3.00	1.50	1.343370	4.904469	1.062187	15.070413	1	15.014468	102.406670
3700	1000	24	24	22	0	5	6	0	5	0	0	2	0	0	0	0	3.00	1.50	1.344176	4.906081	1.060761	15.023646	1	15.042839	102.406670
3701	1000	20	20	28	0	3	9	0	3	0	0	0	0	0	0	0	3.00	1.50	1.344176	4.907692	1.062187	15.052025	1	14.995251	102.406670
3702	1000	24	24	24	0	12	7	0	3	0	0	1	0	0	0	0	3.00	1.50	1.343370	4.906081	1.057909	14.948509	1	15.022808	102.406670
3703	1000	19	28	24	0	6	3	0	1	0	0	1	0	0	0	0	3.00	1.50	1.342564	4.904469	1.062187	15.070413	1	15.014468	102.406670
3704	1000	23	26	27	0	5	9	0	4	0	0	0	0	0	0	0	3.00	1.50	1.341758	4.899634	1.062187	15.098044	1	15.032831	102.406670
3705	1000	26	29	27	0	7	6	0	3	0	0	0	0	0	0	0	3.00	1.50	1.343370	4.907692	1.059335	14.976912	1	15.033661	102.406670
3706	1000	16	24	21	0	6	4	0	1	0	0	0	0	0	0	0	3.00	1.50	1.343370	4.910916	1.062187	15.033661	1	15.033661	102.406670
3707	1000	22	15	33	0	1	11	0	1	0	0	0	0	0	0	0	3.00	1.50	1.340953	4.904469	1.046503	14.657021	1	14.985190	102.406670
3708	1000	19	24	28	0	4	6	0	4	0	0	0	0	0	0	0	3.00	1.50	1.341758	4.904469	1.059335	14.995251	1	14.976912	102.406670
3709	1000	19	21	18	0	6	5	0	2	0	0	0	0	0	0	0	3.00	1.50	1.341758	4.907692	1.059335	14.976912	1	14.930207	102.406670
3710	1000	33	23	24	0	7	10	0	3	0	0	0	0	0	0	0	3.00	1.50	1.341758	4.906081	1.056484	14.910940	1	14.760665	102.406670
3711	1000	18	23	21	0	5	6	0	2	0	0	0	0	0	0	0	3.00	1.50	1.342564	4.910916	1.052206	14.770935	1	14.957669	102.406670
3712	1000	24	19	26	0	9	7	0	0	0	0	0	0	0	0	0	3.00	1.50	1.340147	4.904469	1.056484	14.920089	1	14.901795	102.406670
3713	1000	29	25	22	0	9	6	0	4	0	0	0	0	0	0	0	3.00	1.50	1.340953	4.906081	1.056484	14.910940	1	14.921065	102.406670
3714	1000	17	22	22	0	6	5	0	1	0	0	0	0	0	0	0	3.00	1.50	1.340953	4.909304	1.056484	14.892660	1	14.883531	102.406670
3715	1000	26	20	29	0	6	10	0	2	0	0	0	0	0	0	0	3.00	1.50	1.340147	4.907692	1.056484	14.901795	1	14.939355	102.406670
3716	1000	22	25	24	0	7	8	0	5	0	0	1	0	0	0	0	3.00	1.50	1.338535	4.902857	1.049355	14.741276	1	14.900797	102.406670
3717	1000	24	19	24	0	4	6	0	2	0	0	0	0	0	0	0	3.00	1.50	1.339341	4.904469	1.053632	14.844926	1	14.817572	102.406670
3718	1000	20	21	26	0	6	4	0	2	0	0	0	0	0	0	0	3.00	1.50	1.339341	4.906081	1.055058	14.873372	1	14.826683	102.406670
3719	1000	23	27	18	0	6	6	0	3	0	0	0	0	0	0	0	3.00	1.50	1.339341	4.904469	1.053632	14.844926	1	14.798234	102.406670
3720	1000	23	22	17	0	10	4	0	1	0	0	1	0	0	0	0	3.00	1.50	1.339341	4.909304	1.046503	14.629851	1	14.854055	102.406670
3721	1000	13	26	17	0	6	3	0	2	0	0	0	0	0	0	0	3.00	1.50	1.337729	4.901246	1.050781	14.787980	1	14.760665	102.406670
3722	1000	28	25	24	0	8	8	0	2	0	0	0	0	0	0	0	3.00	1.50	1.336923	4.901246	1.050781	14.787980	1	14.562346	102.406670
3723	1000	21	26	21	0	10	4	0	2	0	0	0	0	0	0	0	3.00	1.50	1.337729	4.906081	1.050781	14.760665	1	14.742483	102.406670
3724	1000	27	27	24	0	15	3	0	2	0	0	0	0	0	0	0	3.00	1.50	1.336923	4.906081	1.052206	14.798234	1	14.751573	102.406670
3725	1000	20	16	18	0	5	5	0	0	0	0	0	0	0	0	0	3.00	1.50	1.336117	4.902857	1.060761	15.042026	1	14.787980	102.406670
3726	1000	27	25	21	0	6	6	0	4	0	0	1	0	0	0	0	3.00	1.50	1.336117	4.901246	1.052206	14.825585	1	14.769764	102.406670
3727	1000	28	22	22	0	6	5	0	1	0	0	0	0	0	0	0	3.00	1.50	1.336117	4.902857	1.050781	14.778869	1	14.769764	102.406670
3728	1000	23	28	26	0	8	7	0	2	0	0	0	0	0	0	0	3.00	1.50	1.335311	4.901246	1.047929	14.712769	1	14.721861	102.406670
3729	1000	19	28	32	0	5	6	0	6	0	0	1	0	0	0	0	3.00	1.50	1.336117	4.904469	1.042226	14.544277	1	14.730959	102.406670
3730	1000	34	27	36	0	10	16	0	2	0	0	2	0	0	0	0	3.00	1.50	1.335311	4.901246	1.049355	14.750374	1	14.685528	102.406670
3731	1000	31	18	27	0	9	11	0	3	0	0	1	0	0	0	0	3.00	1.50	1.336117	4.904469	1.047929	14.694602	1	14.638904	102.406670
3732	1000	29	25	21	0	6	11	0	2	0	0	0	0	0	0	0	3.00	1.50	1.335311	4.902857	1.047929	14.703682	1	14.723097	102.406670
3733	1000	25	19	29	0	6	8	0	1	0	0	0	0	0	0	0	3.00	1.50	1.335311	4.904469	1.046503	14.657021	1	14.647959	102.406670
3734	1000	21	23	31	0	4	5	0	2	0	0	0	0	0	0	0	3.00	1.50	1.333700	4.898022	1.039375	14.505171	1	14.655699	102.406670
3735	1000	25	26	23	0	9	4	0	4	0	0	1	0	0	0	0	3.00	1.50	1.333700	4.901246	1.046503	14.675162	1	14.657021	102.406670
3736	1000	23	23	31	0	5	8	0	1	0	0	0	0	0	0	0	3.00	1.50	1.334506	4.904469	1.046503	14.657021	1	14.647959	102.406670
3737	1000	22	17	31	0	3	8	0	2	0	0	0	0	0	0	0	3.00	1.50	1.334506	4.904469	1.046503	14.657021	1	14.657021	102.406670
3738	1000	20	17	33	0	2	10	0	1	0	0	1	0	0	0	0	3.00	1.50	1.333700	4.902857	1.040800	14.515709	1	14.664776	102.406670
3739	1000	23	25	21	0	9	5	0	2	0	0	1	0	0	0	0	3.00	1.25	1.331282	4.898022	1.046503	14.693329	1	14.628495	102.406670
3740	1000	28	21	25	0	10	8	0	0	0	0	0	0	0	0	0	3.00	1.25	1.332088	4.901246	1.043652	14.599951	1	14.449522	102.406670
3741	1000	23	16	25	0	6	8	0	0	0	0	0	0	0	0	0	3.00	1.25	1.332894	4.904469	1.043652	14.581859	1	14.610391	102.406670
3742	1000	31	28	23	0	9	5	0	6	0	0	0	0	0	0	0	3.00	1.25	1.331282	4.901246	1.043652	14.599951	1	14.515709	102.406670
3743	1000	19	23	25	0	6	5	0	1	0	0	0	0	0	0	0	3.00	1.25	1.331282	4.898022	1.040800	14.542801	1	14.609007	102.406670
3744	1000	23	26	28	0	5	9	0	5	0	0	2	0	0	0	0	3.00	1.25	1.331282	4.899634	1.043652	14.609007	1	14.590901	102.406670
3745	1000	21	32	19	0	10	2	0	2	0	0	0	0	0	0	0	3.00	1.25	1.331282	4.901246	1.040800	14.524734	1	14.515709	102.406670
3746	1000	19	16	28	0	4	9	0	1	0	0	1	0	0	0	0	3.00	1.25	1.330476	4.899634	1.040800	14.533764	1	14.533764	102.406670
3747	1000	24	27	21	0	6	5	0	1	0	0	0	0	0	0	0	3.00	1.25	1.330476	4.904469	1.033672	14.318788	1	14.560890	102.406670
3748	1000	18	23	17	0	4	5	0	1	0	0	0	0	0	0	0	3.00	1.25	1.328865	4.896410	1.040800	14.551845	1	14.496146	102.406670
3749	1000	26	28	31	0	7	7	0	2	0	0	0	0	0	0	0	3.00	1.25	1.329670	4.899634	1.040800	14.533764	1	14.589490	102.406670
3750	1000	24	30	25	0	6	8	0	3	0	0	0	0	0	0	0	3.00	1.25	1.329670	4.896410	1.039375	14.514201	1	14.533764	102.406670
3751	1000	23	21	21	0	5	10	0	1	0	0	0	0	0	0	0	3.00	1.25	1.329670	4.902857	1.039375	14.478118	1	14.478118	102.406670
3752	1000	25	29	25	0	5	11	0	3	0	0	0	0	0	0	0	3.00	1.25	1.328059	4.894799	1.033672	14.372615	1	14.456944	102.406670
3753	1000	25	33	20	0	10	4	0	3	0	0	0	0	0	0	0	3.00	1.25	1.328059	4.898022	1.039375	14.505171	1	14.487127	102.406670
3754	1000	21	20	25	0	2	3	0	1	0	0	0	0	0	0	0	3.00	1.25	1.328865	4.899634	1.037949	14.458528	1	14.478118	102.406670
3755	1000	27	21	27	0	4	10	0	1	0	0	0	0	0	0	0	3.00	1.25	1.327253	4.898022	1.037949	14.467540	1	14.458528	102.406670
3756	1000	21	24	19	0	6	7	0	2	0	0	0	0	0	0	0	3.00	1.25	1.328059	4.901246	1.030820	14.261497	1	14.410270	102.406670
3757	1000	21	26	24	0	5	8	0	2	0	0	0	0	0	0	0	3.00	1.25	1.327253	4.898022	1.036523	14.429910	1	14.411916	102.406670
3758	1000	21	24	23	0	7	5	0	2	0	0	0	0	0	0	0	3.00	1.25	1.327253	4.898022	1.035097	14.392280	1	14.437301	102.406670
3760	1000	25	27	23	0	9	8	0	3	0	0	0	0	0	0	0	3.00	1.25	1.325641	4.893187	1.036523	14.456944	1	14.420910	102.406670
3761	1000	22	15	32	0	4	9	0	3	0	0	1	0	0	0	0	3.00	1.25	1.327253	4.901246	1.035097	14.374310	1	14.383292	102.406670
3762	1000	34	32	27	0	12	6	0	6	0	0	0	0	0	0	0	3.00	1.25	1.325641	4.891575	1.030820	14.315247	1	14.419276	102.406670
3763	1000	17	21	18	0	6	1	0	1	0	0	0	0	0	0	0	3.00	1.25	1.325641	4.893187	1.033672	14.381609	1	14.308056	102.406670
3764	1000	20	25	18	0	10	2	0	3	0	0	0	0	0	0	0	3.00	1.25	1.325641	4.894799	1.032246	14.334960	1	14.325988	102.406670
3765	1000	33	33	22	0	9	3	0	3	0	0	1	0	0	0	0	3.00	1.25	1.326447	4.898022	1.035097	14.392280	1	14.345674	102.406670
3766	1000	26	16	16	0	9	2	0	0	0	0	0	0	0	0	0	3.00	1.25	1.326447	4.901246	1.020840	13.998253	1	14.343939	102.406670
3767	1000	31	26	25	0	9	10	0	1	0	0	0	0	0	0	0	3.00	1.25	1.324835	4.896410	1.033672	14.363630	1	14.345674	102.406670
3768	1000	26	28	19	0	9	3	0	4	0	0	0	0	0	0	0	3.00	1.25	1.324835	4.896410	1.033672	14.363630	1	14.334960	102.406670
3769	1000	23	24	23	0	8	8	0	3	0	0	1	0	0	0	0	3.00	1.25	1.325641	4.899634	1.032246	14.308056	1	14.035858	102.406670
3770	1000	14	26	25	0	3	6	0	3	0	0	1	0	0	0	0	3.00	1.25	1.324835	4.898022	1.030820	14.279388	1	14.270437	102.406670
3771	1000	22	30	21	0	7	3	0	4	0	0	0	0	0	0	0	3.00	1.25	1.323224	4.893187	1.030820	14.306271	1	14.259650	102.406670
3772	1000	23	26	23	0	10	5	0	2	0	0	0	0	0	0	0	3.00	1.25	1.323224	4.893187	1.030820	14.306271	1	14.288345	102.406670
3773	1000	27	27	22	0	7	6	0	4	0	0	1	0	0	0	0	3.00	1.25	1.323224	4.894799	1.030820	14.297305	1	14.241757	102.406670
3774	1000	24	25	28	0	3	5	0	4	0	0	0	0	0	0	0	3.00	1.25	1.323224	4.896410	1.030820	14.288345	1	14.270437	102.406670
3775	1000	28	23	20	0	7	8	0	2	0	0	1	0	0	0	0	3.00	1.25	1.324029	4.893187	1.093553	15.963664	1	14.286532	102.406670
3776	1000	27	33	24	0	10	7	0	3	0	0	1	0	0	0	0	3.00	1.25	1.321612	4.893187	1.027969	14.230936	1	14.213057	102.406670
3777	1000	28	24	27	0	5	7	0	1	0	0	0	0	0	0	0	3.00	1.25	1.322418	4.896410	1.027969	14.213057	1	14.204127	102.406670
3778	1000	21	28	28	0	5	4	0	4	0	0	0	0	0	0	0	3.00	1.25	1.323224	4.898022	1.027969	14.204127	1	14.157583	102.406670
3779	1000	20	31	28	0	5	8	0	2	0	0	1	0	0	0	0	3.00	1.25	1.322418	4.896410	1.030820	14.288345	1	14.157583	102.406670
3780	1000	14	24	17	0	2	3	0	2	0	0	0	0	0	0	0	3.00	1.25	1.320806	4.889964	1.026543	14.211148	1	14.211148	102.406670
3781	1000	21	22	21	0	9	6	0	2	0	0	1	0	0	0	0	3.00	1.25	1.320806	4.893187	1.026543	14.193269	1	14.175414	102.406670
3782	1000	24	25	22	0	7	4	0	4	0	0	0	0	0	0	0	3.00	1.25	1.321612	4.896410	1.026543	14.175414	1	14.166497	102.406670
3783	1000	21	26	21	0	5	5	0	1	0	0	1	0	0	0	0	3.00	1.25	1.321612	4.896410	1.026543	14.175414	1	14.175414	102.406670
3784	1000	23	30	28	0	8	6	0	4	0	0	1	0	0	0	0	3.00	1.25	1.320806	4.893187	1.020840	14.042596	1	14.182388	102.406670
3785	1000	25	29	33	0	8	10	0	3	0	0	0	0	0	0	0	3.00	1.00	1.319194	4.889964	1.023691	14.135758	1	14.071371	102.406670
3786	1000	26	26	21	0	10	7	0	1	0	0	0	0	0	0	0	3.00	1.00	1.320000	4.891575	1.023691	14.126842	1	14.089162	102.406670
3787	1000	30	28	25	0	8	8	0	2	0	0	1	0	0	0	0	3.00	1.00	1.320806	4.896410	1.025117	14.137771	1	14.091233	102.406670
3788	1000	33	20	28	0	8	11	0	1	0	0	0	0	0	0	0	3.00	1.00	1.320000	4.893187	1.022266	14.080263	1	14.071371	102.406670
3789	1000	25	10	27	0	6	8	0	1	0	0	0	0	0	0	0	3.00	1.00	1.318388	4.888352	1.022266	14.106977	1	14.098066	102.406670
3790	1000	24	25	25	0	8	7	0	1	0	0	1	0	0	0	0	3.00	1.00	1.319194	4.894799	1.023691	14.109027	1	14.100128	102.406670
3791	1000	23	19	21	0	4	7	0	1	0	0	0	0	0	0	0	2.50	1.00	1.318388	4.891575	1.023691	14.126842	1	14.080263	102.406670
3792	1000	23	24	19	0	4	7	0	1	0	0	0	0	0	0	0	2.50	1.00	1.319194	4.894799	1.020840	14.033716	1	14.033716	102.406670
3793	1000	28	24	34	0	9	12	0	4	0	0	0	0	0	0	0	2.50	1.00	1.319194	4.893187	1.006582	13.665916	1	14.031569	102.406670
3794	1000	28	27	26	0	9	7	0	2	0	0	0	0	0	0	0	3.00	1.00	1.318388	4.893187	1.020840	14.042596	1	14.024839	102.406670
3795	1000	25	33	24	0	10	5	0	1	0	0	0	0	0	0	0	2.50	1.00	1.317582	4.891575	1.017988	13.976123	1	14.004929	102.406670
3796	1000	17	16	27	0	4	6	0	4	0	0	0	0	0	0	0	2.50	1.00	1.317582	4.891575	1.019414	14.013803	1	13.920752	102.406670
3797	1000	16	25	25	0	6	2	0	2	0	0	0	0	0	0	0	2.50	1.00	1.318388	4.894799	1.016563	13.920752	1	14.062486	102.406670
3798	1000	18	24	17	0	7	2	0	0	0	0	0	0	0	0	0	2.50	1.00	1.316777	4.886740	1.017988	14.002744	1	13.984990	102.406670
3799	1000	26	30	21	0	8	7	0	1	0	0	0	0	0	0	0	2.50	1.00	1.317582	4.891575	1.017988	13.976123	1	13.949554	102.406670
3800	1000	21	26	18	0	8	5	0	2	0	0	1	0	0	0	0	2.50	1.00	1.317582	4.893187	1.017988	13.967261	1	13.949554	102.406670
3801	1000	22	30	26	0	5	6	0	2	0	0	1	0	0	0	0	2.50	1.00	1.316777	4.893187	1.017988	13.967261	1	13.967261	102.406670
3802	1000	25	26	25	0	4	3	0	2	0	0	0	0	0	0	0	2.50	1.00	1.315971	4.891575	1.010860	13.787721	1	13.993864	102.406670
3803	1000	33	25	30	0	4	12	0	7	0	0	1	0	0	0	0	2.50	1.00	1.314359	4.886740	1.017988	14.002744	1	13.909606	102.406670
3804	1000	20	26	28	0	7	7	0	4	0	0	1	0	0	0	0	2.50	1.00	1.315165	4.886740	1.016563	13.965024	1	13.947298	102.406670
3805	1000	26	21	27	0	6	6	0	4	0	0	0	0	0	0	0	2.50	1.00	1.315971	4.891575	1.015137	13.900764	1	13.976123	102.406670
3806	1000	24	21	24	0	4	9	0	2	0	0	0	0	0	0	0	2.50	1.00	1.315165	4.891575	1.009434	13.750041	1	13.945033	102.406670
3807	1000	25	16	22	0	3	5	0	2	0	0	0	0	0	0	0	2.50	1.00	1.314359	4.886740	1.015137	13.927307	1	13.900764	102.406670
3808	1000	23	20	25	0	5	11	0	3	0	0	1	0	0	0	0	2.50	1.00	1.314359	4.885128	1.015137	13.936169	1	13.729927	102.406670
3809	1000	25	31	31	0	7	7	0	5	0	0	0	0	0	0	0	2.50	1.00	1.315971	4.893187	1.015137	13.891927	1	13.874269	102.406670
3810	1000	31	30	24	0	9	6	0	3	0	0	1	0	0	0	0	2.50	1.00	1.315165	4.889964	1.012285	13.834219	1	13.825404	102.406670
3811	1000	27	30	29	0	6	7	0	5	0	0	0	0	0	0	0	2.50	1.00	1.314359	4.888352	1.020840	14.069273	1	13.851873	102.406670
3812	1000	21	22	23	0	5	9	0	2	0	0	1	0	0	0	0	2.50	1.00	1.313553	4.888352	1.012285	13.843043	1	13.825404	102.406670
3813	1000	24	24	24	0	7	5	0	3	0	0	1	0	0	0	0	2.50	1.00	1.314359	4.889964	1.012285	13.834219	1	13.816592	102.406670
3814	1000	26	22	24	0	5	6	0	4	0	0	1	0	0	0	0	2.50	1.00	1.314359	4.889964	1.013711	13.871914	1	13.787721	102.406670
3815	1000	24	15	19	0	5	7	0	2	0	0	1	0	0	0	0	2.50	1.00	1.312747	4.888352	1.008008	13.729927	1	13.840642	102.406670
3816	1000	24	24	28	0	6	9	0	0	0	0	0	0	0	0	0	2.50	1.00	1.311942	4.883517	1.009434	13.794061	1	13.738717	102.406670
3817	1000	32	15	35	0	6	11	0	2	0	0	1	0	0	0	0	2.50	1.00	1.312747	4.889964	1.010860	13.796527	1	13.787721	102.406670
3818	1000	21	19	27	0	5	7	0	2	0	0	0	0	0	0	0	2.50	1.00	1.311942	4.885128	1.006582	13.709788	1	13.736177	102.406670
3819	1000	31	29	25	0	8	10	0	4	0	0	0	0	0	0	0	2.50	1.00	1.312747	4.889964	1.009434	13.758832	1	13.750041	102.406670
3820	1000	32	28	20	0	10	6	0	0	0	0	0	0	0	0	0	2.50	1.00	1.312747	4.888352	1.003731	13.616811	1	13.831805	102.406670
3821	1000	17	24	15	0	2	4	0	2	0	0	0	0	0	0	0	2.50	1.00	1.311136	4.886740	1.009434	13.776437	1	13.758832	102.406670
3822	1000	28	26	26	0	10	9	0	4	0	0	1	0	0	0	0	2.50	1.00	1.311942	4.888352	1.009434	13.767632	1	13.674679	102.406670
3823	1000	29	23	19	0	10	2	0	1	0	0	0	0	0	0	0	2.50	1.00	1.311136	4.886740	1.008008	13.738717	1	13.634327	102.406670
3824	1000	26	22	30	0	7	6	0	4	0	0	1	0	0	0	0	2.50	1.00	1.311942	4.886740	1.000879	13.550131	1	13.698412	102.406670
3825	1000	29	26	31	0	7	10	0	2	0	0	0	0	0	0	0	2.50	1.00	1.309524	4.881905	1.008008	13.765128	1	13.701000	102.406670
3826	1000	20	22	38	0	3	6	0	4	0	0	0	0	0	0	0	2.50	1.00	1.310330	4.886740	1.008008	13.738717	1	13.729927	102.406670
3827	1000	26	21	22	0	6	2	0	2	0	0	0	0	0	0	0	2.50	1.00	1.311136	4.888352	1.005157	13.654518	1	13.683448	102.406670
3828	1000	16	20	29	0	5	6	0	2	0	0	0	0	0	0	0	2.50	1.00	1.311136	4.889964	1.005157	13.645756	1	13.674679	102.406670
3829	1000	30	20	26	0	4	8	0	2	0	0	1	0	0	0	0	2.50	1.00	1.310330	4.885128	1.002305	13.596598	1	13.680837	102.406670
3830	1000	20	30	37	0	4	6	0	4	0	0	0	0	0	0	0	2.50	1.00	1.309524	4.885128	1.005157	13.672056	1	13.645756	102.406670
3831	1000	20	25	24	0	4	4	0	4	0	0	0	0	0	0	0	2.50	1.00	1.309524	4.885128	1.005157	13.672056	1	13.579106	102.406670
3832	1000	18	24	15	0	5	3	0	0	0	0	0	0	0	0	0	2.50	1.00	1.309524	4.888352	1.005157	13.654518	1	13.616811	102.406670
3833	1000	18	32	20	0	11	3	0	1	0	0	0	0	0	0	0	2.50	1.00	1.308718	4.888352	1.002305	13.579106	1	13.651864	102.406670
3834	1000	22	28	16	0	6	6	0	3	0	0	0	0	0	0	0	2.50	1.00	1.307106	4.881905	1.002305	13.614111	1	13.587851	102.406670
3835	1000	21	24	30	0	5	8	0	2	0	0	0	0	0	0	0	2.50	1.00	1.307912	4.885128	1.003731	13.634327	1	13.558868	102.406670
3836	1000	20	22	29	0	3	5	0	3	0	0	1	0	0	0	0	2.50	1.00	1.307106	4.883517	1.000879	13.567610	1	13.550131	102.406670
3837	1000	24	28	28	0	4	7	0	2	0	0	0	0	0	0	0	2.50	1.00	1.307106	4.883517	1.000879	13.567610	1	13.596598	102.406670
3838	1000	23	27	18	0	6	4	0	4	0	0	1	0	0	0	0	2.50	1.00	1.307912	4.883517	0.986622	13.190184	1	13.538600	102.406670
3839	1000	28	20	27	0	3	13	0	2	0	0	0	0	0	0	0	2.50	1.00	1.307106	4.885128	1.000879	13.558868	1	13.503697	102.406670
3840	1000	22	34	25	0	7	8	0	6	0	0	0	0	0	0	0	2.50	1.00	1.307106	4.885128	1.000879	13.558868	1	13.512414	102.406670
3841	1000	21	23	26	0	3	6	0	2	0	0	0	0	0	0	0	2.50	1.00	1.306301	4.881905	0.999454	13.538600	1	13.518307	102.406670
3842	1000	32	39	18	0	11	4	0	2	0	0	0	0	0	0	0	2.50	1.00	1.306301	4.883517	0.992325	13.341152	1	13.527048	102.406670
3843	1000	22	20	18	0	5	4	0	1	0	0	0	0	0	0	0	2.50	1.00	1.305495	4.878681	0.998028	13.518307	1	13.492121	102.406670
3844	1000	17	23	21	0	4	4	0	2	0	0	0	0	0	0	0	2.50	1.00	1.307106	4.885128	0.998028	13.483404	1	13.352874	102.406670
3845	1000	29	26	33	0	10	8	0	3	0	0	1	0	0	0	0	2.50	0.75	1.305495	4.881905	0.996602	13.463090	1	13.445676	102.406670
3846	1000	17	28	20	0	8	5	0	1	0	0	1	0	0	0	0	2.50	1.00	1.306301	4.883517	0.998028	13.492121	1	13.445676	102.406670
3847	1000	34	29	32	0	9	10	0	2	0	0	1	0	0	0	0	2.50	0.75	1.305495	4.881905	1.056484	15.048798	1	13.480529	102.406670
3848	1000	18	19	29	0	4	7	0	3	0	0	1	0	0	0	0	2.50	0.75	1.304689	4.883517	0.996602	13.454379	1	13.483404	102.406670
3849	1000	19	27	33	0	3	6	0	5	0	0	0	0	0	0	0	2.50	0.75	1.304689	4.881905	0.996602	13.463090	1	13.454379	102.406670
3850	1000	23	23	25	0	5	7	0	3	0	0	1	0	0	0	0	2.50	0.75	1.305495	4.883517	0.996602	13.454379	1	13.436977	102.406670
3851	1000	21	14	19	0	6	2	0	2	0	0	0	0	0	0	0	2.50	0.75	1.303883	4.881905	0.988047	13.236562	1	13.393275	102.406670
3852	1000	22	29	23	0	6	6	0	6	0	0	0	0	0	0	0	2.50	0.75	1.303883	4.880293	0.995176	13.434037	1	13.416638	102.406670
3853	1000	24	19	27	0	6	6	0	1	0	0	0	0	0	0	0	2.50	0.75	1.303077	4.880293	0.993751	13.396271	1	13.312072	102.406670
3854	1000	32	34	30	0	10	11	0	1	0	0	0	0	0	0	0	2.50	0.75	1.303077	4.880293	0.995176	13.434037	1	13.378897	102.406670
3855	1000	23	26	19	0	5	5	0	2	0	0	0	0	0	0	0	2.50	0.75	1.303883	4.883517	0.995176	13.416638	1	13.370217	102.406670
3856	1000	23	23	23	0	8	3	0	2	0	0	0	0	0	0	0	2.50	0.75	1.302271	4.875458	0.993751	13.422380	1	13.451464	102.406670
3857	1000	20	33	27	0	6	4	0	3	0	0	0	0	0	0	0	2.50	0.75	1.302271	4.878681	0.992325	13.367190	1	13.312072	102.406670
3858	1000	31	26	28	0	8	9	0	3	0	0	1	0	0	0	0	2.50	0.75	1.303077	4.881905	0.992325	13.349826	1	13.294756	102.406670
3859	1000	17	21	16	0	5	7	0	2	0	0	1	0	0	0	0	2.50	0.75	1.303077	4.883517	0.992325	13.341152	1	13.341152	102.406670
3860	1000	19	24	36	0	5	8	0	1	0	0	1	0	0	0	0	2.50	0.75	1.303883	4.888352	0.993751	13.352874	1	13.367190	102.406670
3861	1000	19	23	24	0	10	4	0	1	0	0	0	0	0	0	0	2.50	0.75	1.301465	4.878681	0.992325	13.367190	1	13.349826	102.406670
3862	1000	33	33	22	0	11	6	0	2	0	0	0	0	0	0	0	2.50	0.75	1.302271	4.883517	0.992325	13.341152	1	13.346771	102.406670
3863	1000	26	25	26	0	7	9	0	1	0	0	0	0	0	0	0	2.50	0.75	1.302271	4.881905	0.990899	13.312072	1	13.303411	102.406670
3864	1000	30	25	19	0	9	8	0	3	0	0	2	0	0	0	0	2.50	0.75	1.302271	4.881905	0.989473	13.274315	1	13.265670	102.406670
3865	1000	23	31	19	0	12	7	0	2	0	0	2	0	0	0	0	2.50	0.75	1.300659	4.875458	0.982345	13.119944	1	13.271162	102.406670
3866	1000	24	23	28	0	3	7	0	1	0	0	0	0	0	0	0	2.50	0.75	1.300659	4.878681	0.989473	13.291631	1	13.274315	102.406670
3867	1000	24	27	26	0	4	8	0	3	0	0	0	0	0	0	0	2.50	0.75	1.300659	4.878681	0.989473	13.291631	1	13.274315	102.406670
3868	1000	20	23	22	0	4	4	0	1	0	0	0	0	0	0	0	2.50	0.75	1.300659	4.880293	0.989473	13.282969	1	13.291631	102.406670
3869	1000	34	31	34	0	10	12	0	3	0	0	1	0	0	0	0	2.50	0.75	1.299854	4.880293	0.976641	12.943064	1	13.279826	102.406670
3870	1000	21	29	27	0	6	5	0	1	0	0	1	0	0	0	0	2.50	0.75	1.299048	4.877069	0.988047	13.262505	1	13.245201	102.406670
3871	1000	29	29	19	0	11	6	0	3	0	0	0	0	0	0	0	2.50	0.75	1.299048	4.878681	0.988047	13.253853	1	13.056364	102.406670
3872	1000	16	18	28	0	5	6	0	1	0	0	0	0	0	0	0	2.50	0.75	1.299048	4.878681	0.986622	13.216071	1	13.236562	102.406670
3873	1000	22	24	32	0	7	5	0	3	0	0	0	0	0	0	0	2.50	0.75	1.299048	4.878681	0.988047	13.253853	1	13.207435	102.406670
3874	1000	23	26	20	0	4	8	0	1	0	0	0	0	0	0	0	2.50	0.75	1.298242	4.875458	0.979493	13.044332	1	13.166374	102.406670
3875	1000	26	21	22	0	7	8	0	0	0	0	0	0	0	0	0	2.50	0.75	1.298242	4.878681	0.986622	13.216071	1	13.161051	102.406670
3876	1000	21	28	18	0	5	4	0	4	0	0	0	0	0	0	0	2.50	0.75	1.298242	4.878681	0.985196	13.178292	1	13.131900	102.406670
3877	1000	29	26	23	0	8	9	0	2	0	0	0	0	0	0	0	2.50	0.75	1.297436	4.875458	0.985196	13.195553	1	13.178292	102.406670
3878	1000	22	29	22	0	4	9	0	3	0	0	0	0	0	0	0	2.50	0.75	1.298242	4.880293	0.979493	13.018596	1	13.145801	102.406670
3879	1000	27	22	22	0	7	6	0	1	0	0	0	0	0	0	0	2.50	0.75	1.296630	4.872234	0.985196	13.212834	1	13.157747	102.406670
3880	1000	28	20	35	0	3	9	0	2	0	0	0	0	0	0	0	2.50	0.75	1.297436	4.877069	0.983770	13.149126	1	13.230142	102.406670
3881	1000	16	16	21	0	6	2	0	2	0	0	0	0	0	0	0	2.50	0.75	1.296630	4.873846	0.982345	13.128555	1	12.922371	102.406670
3882	1000	23	38	22	0	12	1	0	4	0	0	0	0	0	0	0	2.50	0.75	1.297436	4.877069	0.982345	13.111336	1	13.102733	102.406670
3883	1000	34	28	22	0	13	5	0	3	0	0	0	0	0	0	0	2.50	0.75	1.295824	4.870623	0.980919	13.107957	1	13.099342	102.406670
3884	1000	19	25	17	0	5	3	0	0	0	0	0	0	0	0	0	2.50	0.75	1.296630	4.875458	0.982345	13.119944	1	13.111336	102.406670
3885	1000	25	29	31	0	4	13	0	5	0	0	1	0	0	0	0	2.50	0.75	1.296630	4.875458	0.980919	13.082134	1	13.073542	102.406670
3886	1000	33	24	23	0	10	9	0	1	0	0	0	0	0	0	0	2.50	0.75	1.296630	4.877069	0.982345	13.111336	1	13.064952	102.406670
3887	1000	24	32	25	0	11	5	0	1	0	0	0	0	0	0	0	2.50	0.75	1.295018	4.873846	0.973790	12.901651	1	13.040864	102.406670
3888	1000	23	27	28	0	5	8	0	4	0	0	1	0	0	0	0	2.50	0.75	1.295824	4.875458	0.979493	13.044332	1	13.027170	102.406670
3889	1000	27	28	20	0	8	5	0	6	0	0	0	0	0	0	0	2.50	0.75	1.295018	4.875458	0.978067	13.006526	1	13.035748	102.406670
3890	1000	23	25	32	0	7	9	0	5	0	0	0	0	0	0	0	2.50	0.75	1.295018	4.875458	0.978067	13.006526	1	12.997957	102.406670
3891	1000	23	23	23	0	6	5	0	4	0	0	1	0	0	0	0	2.50	0.75	1.295018	4.877069	0.979493	13.035748	1	13.064952	102.406670
3892	1000	20	26	19	0	5	5	0	0	0	0	0	0	0	0	0	2.50	0.75	1.294213	4.870623	0.978067	13.032271	1	13.023685	102.406670
3893	1000	26	22	23	0	6	5	0	2	0	0	0	0	0	0	0	2.50	0.75	1.295018	4.875458	0.979493	13.044332	1	12.997957	102.406670
3894	1000	25	24	26	0	8	6	0	3	0	0	0	0	0	0	0	2.50	0.50	1.295018	4.878681	0.976641	12.951611	1	12.943064	102.406670
3895	1000	31	27	23	0	13	9	0	1	0	0	0	0	0	0	0	2.50	0.75	1.294213	4.873846	0.975216	12.939469	1	12.977284	102.406670
3896	1000	31	35	36	0	9	11	0	4	0	0	0	0	0	0	0	2.50	0.75	1.295018	4.873846	1.035097	14.527797	1	12.956588	102.406670
3897	1000	30	31	24	0	11	8	0	3	0	0	0	0	0	0	0	2.50	0.50	1.292601	4.870623	0.976641	12.994428	1	12.939469	102.406670
3898	1000	17	29	25	0	4	3	0	2	0	0	0	0	0	0	0	2.50	0.50	1.293407	4.875458	0.976641	12.968722	1	12.968722	102.406670
3899	1000	26	21	24	0	5	5	0	0	0	0	0	0	0	0	0	2.50	0.50	1.293407	4.873846	0.976641	12.977284	1	12.884579	102.406670
3900	1000	20	25	25	0	5	5	0	4	0	0	0	0	0	0	0	2.50	0.50	1.293407	4.875458	0.976641	12.968722	1	12.968722	102.406670
3901	1000	27	24	29	0	9	11	0	4	0	0	0	0	0	0	0	2.50	0.50	1.292601	4.872234	0.972364	12.872366	1	12.939469	102.406670
3902	1000	23	26	23	0	4	6	0	3	0	0	1	0	0	0	0	2.50	0.50	1.291795	4.872234	0.973790	12.910195	1	12.901651	102.406670
3903	1000	21	29	22	0	5	2	0	4	0	0	0	0	0	0	0	2.50	0.50	1.291795	4.873846	0.973790	12.901651	1	12.893112	102.406670
3904	1000	21	29	21	0	6	4	0	5	0	0	0	0	0	0	0	2.50	0.50	1.292601	4.875458	0.973790	12.893112	1	12.922371	102.406670
3905	1000	22	25	22	0	5	8	0	5	0	0	1	0	0	0	0	2.50	0.50	1.291795	4.872234	1.016563	14.045090	1	12.935861	102.406670
3906	1000	31	25	20	0	10	6	0	2	0	0	0	0	0	0	0	2.50	0.50	1.291795	4.873846	0.975216	12.939469	1	12.884579	102.406670
3907	1000	23	23	22	0	4	6	0	0	0	0	0	0	0	0	0	2.50	0.50	1.290989	4.872234	0.970938	12.834537	1	12.826017	102.406670
3908	1000	19	21	14	0	6	1	0	2	0	0	0	0	0	0	0	2.50	0.50	1.291795	4.875458	0.972364	12.855308	1	12.733412	102.406670
3909	1000	24	18	25	0	5	5	0	1	0	0	1	0	0	0	0	2.50	0.50	1.291795	4.875458	0.965235	12.666283	1	12.855308	102.406670
3910	1000	22	13	22	0	3	6	0	2	0	0	0	0	0	0	0	2.50	0.50	1.289377	4.865788	0.970938	12.868669	1	12.851592	102.406670
3911	1000	25	32	23	0	9	6	0	2	0	0	0	0	0	0	0	2.50	0.50	1.290183	4.870623	0.970938	12.843060	1	12.788200	102.406670
3912	1000	32	30	37	0	8	13	0	3	0	0	0	0	0	0	0	2.50	0.50	1.290183	4.870623	0.968087	12.767377	1	12.796706	102.406670
3913	1000	29	25	26	0	7	10	0	4	0	0	1	0	0	0	0	2.50	0.50	1.290183	4.873846	0.969513	12.788200	1	12.741894	102.406670
3914	1000	18	25	24	0	3	4	0	3	0	0	0	0	0	0	0	2.50	0.50	1.290183	4.869011	0.963810	12.662314	1	12.755030	102.406670
3915	1000	16	19	22	0	6	5	0	3	0	0	1	0	0	0	0	2.50	0.50	1.289377	4.870623	0.969513	12.805219	1	12.788200	102.406670
3916	1000	20	28	28	0	5	7	0	4	0	0	1	0	0	0	0	2.50	0.50	1.290183	4.872234	0.969513	12.796706	1	12.741894	102.406670
3917	1000	24	24	29	0	3	7	0	3	0	0	0	0	0	0	0	2.50	0.50	1.290183	4.875458	0.969513	12.779698	1	12.843060	102.406670
3918	1000	23	27	16	0	7	6	0	1	0	0	0	0	0	0	0	2.50	0.50	1.289377	4.872234	0.963810	12.645386	1	12.755030	102.406670
3919	1000	22	28	29	0	5	7	0	3	0	0	0	0	0	0	0	2.50	0.50	1.287766	4.865788	0.965235	12.717149	1	12.700171	102.406670
3920	1000	25	26	23	0	6	5	0	5	0	0	1	0	0	0	0	2.50	0.50	1.288572	4.872234	0.965235	12.683215	1	12.552868	102.406670
3921	1000	32	35	33	0	11	10	0	3	0	0	2	0	0	0	0	2.50	0.50	1.287766	4.872234	0.966661	12.721047	1	12.750382	102.406670
3922	1000	32	28	32	0	11	10	0	4	0	0	0	0	0	0	0	2.50	0.50	1.287766	4.872234	0.966661	12.721047	1	12.674746	102.406670
3923	1000	30	29	33	0	8	12	0	1	0	0	0	0	0	0	0	2.00	0.50	1.286960	4.865788	0.888245	10.671626	1	12.759690	102.406670
3924	1000	24	30	22	0	7	6	0	3	0	0	0	0	0	0	0	2.50	0.50	1.286154	4.869011	0.966661	12.738028	1	12.683215	102.406670
3925	1000	32	25	24	0	8	7	0	3	0	0	0	0	0	0	0	2.00	0.50	1.286960	4.872234	0.963810	12.645386	1	12.636929	102.406670
3926	1000	23	33	21	0	11	3	0	5	0	0	0	0	0	0	0	2.00	0.50	1.286154	4.869011	0.962384	12.624461	1	12.548752	102.406670
3927	1000	17	22	26	0	4	4	0	4	0	0	0	0	0	0	0	2.00	0.50	1.286960	4.870623	0.959532	12.540322	1	12.687752	102.406670
3928	1000	24	23	18	0	9	6	0	1	0	0	0	0	0	0	0	2.00	0.50	1.286154	4.869011	0.963810	12.662314	1	12.645386	102.406670
3929	1000	16	24	18	0	4	1	0	0	0	0	0	0	0	0	0	2.00	0.50	1.286960	4.870623	0.965235	12.691689	1	12.636929	102.406670
3930	1000	28	27	23	0	4	5	0	2	0	0	0	0	0	0	0	2.00	0.50	1.286154	4.869011	0.963810	12.662314	1	12.645386	102.406670
3931	1000	36	33	24	0	10	7	0	5	0	0	1	0	0	0	0	2.50	0.50	1.286960	4.873846	0.963810	12.636929	1	12.674746	102.406670
3932	1000	30	33	26	0	9	6	0	4	0	0	0	0	0	0	0	2.50	0.50	1.285348	4.867399	0.955255	12.443583	1	12.687752	102.406670
3933	1000	25	31	19	0	10	3	0	0	0	0	0	0	0	0	0	2.00	0.50	1.284542	4.867399	0.962384	12.632921	1	12.540322	102.406670
3934	1000	29	27	36	0	9	10	0	4	0	0	1	0	0	0	0	2.00	0.50	1.284542	4.867399	0.962384	12.632921	1	12.578163	102.406670
3935	1000	29	24	28	0	7	9	0	1	0	0	0	0	0	0	0	2.00	0.50	1.284542	4.867399	0.960958	12.595056	1	12.620433	102.406670
3936	1000	31	18	25	0	7	11	0	1	0	0	0	0	0	0	0	2.00	0.50	1.285348	4.869011	0.955255	12.435185	1	12.582528	102.406670
3937	1000	23	21	26	0	5	10	0	1	0	0	0	0	0	0	0	2.00	0.50	1.284542	4.865788	0.960958	12.603508	1	12.624461	102.406670
3938	1000	27	32	24	0	10	8	0	3	0	0	1	0	0	0	0	2.00	0.50	1.284542	4.869011	0.959532	12.548752	1	12.380575	102.406670
3939	1000	33	29	26	0	12	11	0	3	0	0	2	0	0	0	0	2.00	0.50	1.283736	4.867399	0.958107	12.519319	1	12.510895	102.406670
3940	1000	20	27	19	0	8	3	0	2	0	0	0	0	0	0	0	2.00	0.50	1.283736	4.867399	0.959532	12.557188	1	12.510895	102.406670
3941	1000	24	26	23	0	4	5	0	5	0	0	1	0	0	0	0	2.00	0.50	1.283736	4.865788	0.952404	12.376227	1	12.498288	102.406670
3942	1000	22	34	21	0	7	4	0	4	0	0	0	0	0	0	0	2.00	0.50	1.282930	4.864176	0.958107	12.536180	1	12.519319	102.406670
3943	1000	32	19	24	0	8	11	0	2	0	0	0	0	0	0	0	2.00	0.50	1.282930	4.865788	0.958107	12.527746	1	12.519319	102.406670
3944	1000	14	20	21	0	5	2	0	3	0	0	0	0	0	0	0	2.00	0.50	1.282930	4.865788	0.956681	12.489866	1	12.443583	102.406670
3945	1000	26	30	35	0	7	9	0	3	0	0	1	0	0	0	0	2.00	0.50	1.282125	4.870623	0.950978	12.313267	1	12.447728	102.406670
3946	1000	18	29	30	0	5	5	0	7	0	0	0	0	0	0	0	2.00	0.50	1.282125	4.862564	0.955255	12.468812	1	12.489866	102.406670
3947	1000	27	22	28	0	6	10	0	1	0	0	0	0	0	0	0	2.00	0.50	1.282125	4.867399	0.955255	12.443583	1	12.489866	102.406670
3948	1000	29	25	23	0	9	6	0	3	0	0	0	0	0	0	0	2.00	0.50	1.282125	4.865788	0.956681	12.489866	1	12.443583	102.406670
3949	1000	24	38	31	0	6	7	0	7	0	0	0	0	0	0	0	2.00	0.50	1.281319	4.864176	0.955255	12.460396	1	12.422503	102.406670
3950	1000	26	22	21	0	5	8	0	4	0	0	0	0	0	0	0	2.00	0.50	1.280513	4.860952	0.999454	13.652681	1	12.477233	102.406670
3951	1000	30	32	30	0	8	10	0	2	0	0	1	0	0	0	0	2.00	0.50	1.280513	4.862564	0.952404	12.393001	1	12.405717	102.406670
3952	1000	29	20	33	0	7	11	0	2	0	0	0	0	0	0	0	2.00	0.50	1.281319	4.864176	0.952404	12.384611	1	12.405717	102.406670
3953	1000	24	31	19	0	8	5	0	1	0	0	0	0	0	0	0	2.00	0.50	1.282125	4.869011	0.953829	12.397330	1	12.359476	102.406670
3954	1000	26	27	31	0	10	7	0	3	0	0	1	0	0	0	0	2.00	0.50	1.281319	4.865788	0.949552	12.300467	1	12.409798	102.406670
3955	1000	29	27	24	0	6	5	0	2	0	0	0	0	0	0	0	2.00	0.50	1.279707	4.860952	0.952404	12.401397	1	12.422503	102.406670
3956	1000	25	27	22	0	6	6	0	2	0	0	0	0	0	0	0	2.00	0.25	1.279707	4.864176	0.949552	12.308826	1	12.333939	102.406670
3957	1000	27	26	26	0	6	6	0	4	0	0	0	0	0	0	0	2.00	0.50	1.279707	4.862564	0.952404	12.393001	1	12.376227	102.406670
3958	1000	32	39	31	0	10	10	0	2	0	0	1	0	0	0	0	2.00	0.25	1.279707	4.864176	0.950978	12.346719	1	12.329981	102.406670
3959	1000	31	32	25	0	8	9	0	6	0	0	1	0	0	0	0	2.00	0.50	1.279707	4.860952	0.943849	12.173893	1	12.333939	102.406670
3960	1000	31	22	31	0	7	8	0	2	0	0	0	0	0	0	0	2.00	0.50	1.279707	4.862564	0.950978	12.355097	1	12.329981	102.406670
3961	1000	24	14	19	0	7	6	0	1	0	0	0	0	0	0	0	2.00	0.25	1.279707	4.864176	0.950978	12.346719	1	12.376227	102.406670
3962	1000	23	36	30	0	11	5	0	7	0	0	1	0	0	0	0	2.00	0.25	1.279707	4.864176	0.950978	12.346719	1	12.308826	102.406670
3963	1000	31	40	27	0	9	10	0	4	0	0	0	0	0	0	0	2.00	0.25	1.279707	4.865788	0.945275	12.186829	1	12.350706	102.406670
3964	1000	20	36	23	0	8	3	0	4	0	0	0	0	0	0	0	2.00	0.25	1.278095	4.860952	0.948126	12.287644	1	12.270936	102.406670
3965	1000	29	21	21	0	7	10	0	2	0	0	1	0	0	0	0	2.00	0.25	1.278901	4.864176	0.949552	12.308826	1	12.102777	102.406670
3966	1000	28	26	30	0	8	9	0	3	0	0	0	0	0	0	0	2.00	0.25	1.278901	4.864176	0.948126	12.270936	1	12.140646	102.406670
3967	1000	28	34	35	0	9	7	0	5	0	0	0	0	0	0	0	2.00	0.25	1.275678	4.852894	0.948126	12.329515	1	12.274796	102.406670
3968	1000	22	17	20	0	3	3	0	0	0	0	0	0	0	0	0	2.00	0.25	1.277290	4.859341	0.949552	12.333939	1	12.287644	102.406670
3969	1000	25	29	29	0	10	9	0	3	0	0	0	0	0	0	0	2.00	0.25	1.277290	4.860952	0.945275	12.211810	1	12.270936	102.406670
3970	1000	29	20	27	0	6	13	0	0	0	0	0	0	0	0	0	2.00	0.25	1.277290	4.860952	0.945275	12.211810	1	12.195151	102.406670
3971	1000	23	19	23	0	7	6	0	1	0	0	0	0	0	0	0	2.00	0.25	1.277290	4.864176	0.946701	12.233044	1	12.186829	102.406670
3972	1000	28	28	24	0	9	6	0	1	0	0	1	0	0	0	0	2.00	0.25	1.278095	4.864176	0.939572	12.043578	1	12.228491	102.406670
3973	1000	17	28	30	0	7	6	0	0	0	0	0	0	0	0	0	2.00	0.25	1.276484	4.862564	0.946701	12.241383	1	12.186829	102.406670
3974	1000	35	33	31	0	10	14	0	5	0	0	1	0	0	0	0	2.00	0.25	1.276484	4.859341	0.945275	12.220147	1	12.203478	102.406670
3975	1000	21	30	19	0	10	4	0	1	0	0	0	0	0	0	0	2.00	0.25	1.277290	4.864176	0.946701	12.233044	1	12.224710	102.406670
3976	1000	28	18	26	0	6	10	0	2	0	0	1	0	0	0	0	2.00	0.25	1.276484	4.862564	0.945275	12.203478	1	12.233044	102.406670
3977	1000	28	34	27	0	7	6	0	4	0	0	0	0	0	0	0	2.00	0.25	1.276484	4.856117	0.942423	12.160928	1	12.160928	102.406670
3978	1000	29	29	26	0	9	5	0	1	0	0	0	0	0	0	0	2.00	0.25	1.274872	4.857729	0.943849	12.190549	1	12.135973	102.406670
3979	1000	31	39	27	0	12	8	0	4	0	0	1	0	0	0	0	2.00	0.25	1.275678	4.862564	0.943849	12.165573	1	12.195151	102.406670
3980	1000	26	29	19	0	8	6	0	2	0	0	1	0	0	0	0	2.00	0.25	1.276484	4.862564	0.943849	12.165573	1	12.157259	102.406670
3981	1000	26	36	29	0	10	9	0	4	0	0	1	0	0	0	0	2.00	0.25	1.276484	4.862564	0.938146	12.013950	1	12.152604	102.406670
3982	1000	30	31	35	0	9	12	0	4	0	0	1	0	0	0	0	2.00	0.25	1.274066	4.856117	0.942423	12.160928	1	12.182218	102.406670
3983	1000	30	26	25	0	8	4	0	2	0	0	0	0	0	0	0	2.00	0.25	1.274872	4.862564	0.942423	12.127665	1	12.135973	102.406670
3985	1000	30	20	24	0	9	9	0	3	0	0	1	0	0	0	0	2.00	0.25	1.275678	4.862564	0.943849	12.165573	1	11.967793	102.406670
3986	1000	27	26	29	0	4	10	0	3	0	0	0	0	0	0	0	2.00	0.25	1.274066	4.857729	0.939572	12.076719	1	12.106357	102.406670
3987	1000	26	34	43	0	6	10	0	9	0	0	1	0	0	0	0	2.00	0.25	1.274066	4.852894	0.955255	12.519419	1	12.093322	102.406670
3988	1000	24	30	21	0	9	3	0	3	0	0	0	0	0	0	0	2.00	0.25	1.272454	4.854506	0.939572	12.093322	1	12.038776	102.406670
3989	1000	24	21	25	0	2	5	0	3	0	0	0	0	0	0	0	2.00	0.25	1.274066	4.859341	0.940998	12.106357	1	12.089760	102.406670
3990	1000	27	36	24	0	6	8	0	3	0	0	0	0	0	0	0	2.00	0.25	1.274872	4.862564	0.940998	12.089760	1	12.043578	102.406670
3991	1000	30	19	28	0	4	7	0	2	0	0	0	0	0	0	0	2.00	0.25	1.274066	4.859341	0.938146	12.030496	1	12.093322	102.406670
3992	1000	21	22	29	0	4	6	0	6	0	0	2	0	0	0	0	2.00	0.25	1.272454	4.852894	0.939572	12.101631	1	12.114661	102.406670
3993	1000	34	24	29	0	7	12	0	3	0	0	1	0	0	0	0	2.00	0.25	1.272454	4.857729	0.936720	12.000833	1	12.000833	102.406670
3994	1000	23	27	30	0	4	5	0	4	0	0	0	0	0	0	0	2.00	0.25	1.273260	4.862564	0.938146	12.013950	1	11.929903	102.406670
3995	1000	16	24	21	0	4	3	0	0	0	0	0	0	0	0	0	2.00	0.25	1.273260	4.860952	0.935295	11.946386	1	12.051855	102.406670
3996	1000	15	26	21	0	3	4	0	3	0	0	0	0	0	0	0	2.00	0.25	1.271649	4.852894	0.938146	12.063651	1	12.085018	102.406670
3997	1000	25	27	30	0	6	6	0	2	0	0	0	0	0	0	0	2.00	0.25	1.271649	4.857729	0.938146	12.038776	1	12.068425	102.406670
3998	1000	24	27	26	0	6	6	0	2	0	0	0	0	0	0	0	2.00	0.25	1.272454	4.859341	0.938146	12.030496	1	12.013950	102.406670
3999	1000	24	35	26	0	11	4	0	2	0	0	1	0	0	0	0	2.00	0.25	1.272454	4.859341	0.938146	12.030496	1	11.992565	102.406670
4000	1000	20	27	19	0	10	5	0	3	0	0	2	0	0	0	0	2.00	0.25	1.272454	4.856117	0.838343	9.390182	1	12.017385	102.406670
4001	1000	22	39	25	0	8	3	0	4	0	0	0	0	0	0	0	2.00	0.25	1.271649	4.856117	0.935295	11.971151	1	11.984303	102.406670
4002	1000	28	24	30	0	5	9	0	3	0	0	1	0	0	0	0	2.00	0.25	1.270843	4.857729	0.936720	12.000833	1	11.984303	102.406670
4003	1000	27	25	27	0	4	9	0	3	0	0	0	0	0	0	0	2.00	0.25	1.270843	4.857729	0.936720	12.000833	1	11.979418	102.406670
4004	1000	13	18	23	0	2	2	0	3	0	0	0	0	0	0	0	2.00	0.25	1.271649	4.860952	0.925314	11.680961	1	11.971151	102.406670
4005	1000	26	25	19	0	7	7	0	3	0	0	1	0	0	0	0	2.00	0.25	1.270037	4.854506	0.932443	11.903481	1	11.895239	102.406670
4006	1000	29	31	32	0	9	8	0	5	0	0	1	0	0	0	0	2.00	0.25	1.270037	4.856117	0.935295	11.971151	1	11.887003	102.406670
4007	1000	27	25	36	0	5	9	0	5	0	0	0	0	0	0	0	2.00	0.25	1.270037	4.856117	0.932443	11.895239	1	11.924947	102.406670
4008	1000	20	27	29	0	2	6	0	5	0	0	0	0	0	0	0	2.00	0.25	1.270843	4.860952	0.933869	11.908466	1	11.916703	102.406670
4009	1000	26	26	29	0	1	8	0	2	0	0	0	0	0	0	0	2.00	0.25	1.270037	4.856117	0.926740	11.743418	1	11.957973	102.406670
4010	1000	27	29	24	0	10	7	0	2	0	0	0	0	0	0	0	2.00	0.25	1.268425	4.851282	0.933869	11.957973	1	11.903481	102.406670
4011	1000	23	27	31	0	6	9	0	4	0	0	1	0	0	0	0	2.00	0.25	1.270037	4.859341	0.933869	11.916703	1	11.908466	102.406670
4012	1000	31	34	26	0	9	7	0	4	0	0	0	0	0	0	0	2.00	0.25	1.269231	4.857729	0.933869	11.924947	1	11.756796	102.406670
4013	1000	29	26	30	0	7	7	0	4	0	0	0	0	0	0	0	2.00	0.25	1.270037	4.859341	0.928166	11.764982	1	11.911727	102.406670
4014	1000	34	32	32	0	9	8	0	3	0	0	0	0	0	0	0	2.00	0.25	1.268425	4.854506	0.931017	11.865513	1	11.802914	102.406670
4015	1000	20	23	30	0	4	5	0	2	0	0	0	0	0	0	0	2.00	0.25	1.268425	4.854506	0.931017	11.865513	1	11.887003	102.406670
4016	1000	32	39	34	0	11	8	0	4	0	0	0	0	0	0	0	2.00	0.25	1.269231	4.859341	0.931017	11.840843	1	11.764982	102.406670
4017	1000	32	24	34	0	5	10	0	6	0	0	0	0	0	0	0	2.00	0.25	1.269231	4.857729	0.931017	11.849062	1	11.802914	102.406670
4018	1000	29	36	28	0	13	11	0	3	0	0	1	0	0	0	0	2.00	0.25	1.270037	4.854506	0.925314	11.713641	1	11.843993	102.406670
4019	1000	32	24	31	0	7	12	0	2	0	0	0	0	0	0	0	2.00	0.25	1.267619	4.851282	0.931017	11.881987	1	11.827545	102.406670
4020	1000	28	30	26	0	11	7	0	4	0	0	1	0	0	0	0	2.00	0.00	1.267619	4.854506	0.928166	11.789577	1	11.743418	102.406670
4021	1000	19	14	33	0	7	4	0	3	0	0	0	0	0	0	0	2.00	0.00	1.268425	4.857729	0.929592	11.811118	1	11.643044	102.406670
4022	1000	22	19	26	0	5	6	0	3	0	0	0	0	0	0	0	2.00	0.00	1.267619	4.856117	0.923889	11.667508	1	11.746409	102.406670
4023	1000	27	32	32	0	9	5	0	4	0	0	1	0	0	0	0	2.00	0.00	1.266007	4.849670	0.926740	11.776214	1	11.797787	102.406670
4024	1000	15	22	18	0	5	4	0	0	0	0	0	0	0	0	0	2.00	0.00	1.266813	4.854506	0.928166	11.789577	1	11.781374	102.406670
4025	1000	21	36	24	0	7	4	0	3	0	0	0	0	0	0	0	2.00	0.00	1.266813	4.852894	0.926740	11.759806	1	11.789577	102.406670
4026	1000	26	28	35	0	7	8	0	4	0	0	0	0	0	0	0	2.00	0.00	1.266007	4.851282	0.926740	11.768007	1	11.768007	102.406670
4027	1000	23	24	26	0	4	8	0	2	0	0	0	0	0	0	0	2.00	0.00	1.266813	4.851282	0.919611	11.578042	1	11.700203	102.406670
4028	1000	24	26	24	0	6	8	0	3	0	0	1	0	0	0	0	2.00	0.00	1.265202	4.851282	0.925314	11.730015	1	11.675673	102.406670
4029	1000	27	19	15	0	5	4	0	2	0	0	0	0	0	0	0	2.00	0.00	1.266007	4.854506	0.925314	11.713641	1	11.743418	102.406670
4030	1000	26	25	22	0	7	5	0	3	0	0	0	0	0	0	0	2.00	0.00	1.266007	4.854506	0.925314	11.713641	1	11.759806	102.406670
4031	1000	30	25	24	0	8	7	0	3	0	0	0	0	0	0	0	2.00	0.00	1.266813	4.856117	0.921037	11.591598	1	11.746409	102.406670
4032	1000	24	28	22	0	9	7	0	3	0	0	0	0	0	0	0	2.00	0.00	1.264396	4.851282	0.925314	11.730015	1	11.713641	102.406670
4033	1000	21	26	24	0	8	9	0	4	0	0	1	0	0	0	0	2.00	0.00	1.266007	4.856117	0.926740	11.743418	1	11.697290	102.406670
4034	1000	28	17	18	0	4	5	0	1	0	0	0	0	0	0	0	2.00	0.00	1.266007	4.854506	0.923889	11.675673	1	11.659348	102.406670
4035	1000	28	20	25	0	5	10	0	2	0	0	1	0	0	0	0	2.00	0.00	1.265202	4.854506	0.922463	11.637707	1	11.675673	102.406670
4036	1000	28	18	18	0	6	7	0	1	0	0	0	0	0	0	0	2.00	0.00	1.265202	4.851282	0.856878	9.906338	1	11.670372	102.406670
4037	1000	26	30	24	0	9	3	0	4	0	0	0	0	0	0	0	2.00	0.00	1.263590	4.849670	0.922463	11.662198	1	11.654029	102.406670
4038	1000	18	31	30	0	9	3	0	2	0	0	1	0	0	0	0	2.00	0.00	1.264396	4.854506	0.922463	11.637707	1	11.667508	102.406670
4039	1000	20	26	28	0	5	5	0	3	0	0	0	0	0	0	0	2.00	0.00	1.264396	4.852894	0.922463	11.645865	1	11.607883	102.406670
4040	1000	29	30	29	0	3	10	0	4	0	0	0	0	0	0	0	2.00	0.00	1.264396	4.852894	0.919611	11.569903	1	11.670372	102.406670
4041	1000	29	36	17	0	10	8	0	1	0	0	0	0	0	0	0	2.00	0.00	1.262784	4.849670	0.922463	11.662198	1	11.645865	102.406670
