quad V2.5
time	int	cnt1	cnt2	cnt3	cnt4	1&2	1&3	1&4	2&3	2&4	3&4	1&2&3	1&2&4	1&3&4	2&3&4	1&2&3&4	digTemp	temp	adct	adcr	adcp	pressure	PBS	CurrMeasurement	MeanMeasurement
4042	1000	18	22	24	0	5	8	0	1	0	0	0	0	0	0	0	2.00	0.00	1.263590	4.852894	0.919611	11.569903	1	11.607883	102.406670
4043	1000	30	20	28	0	4	10	0	2	0	0	0	0	0	0	0	2.00	0.00	1.263590	4.851282	0.915334	11.464061	1	11.586186	102.406670
4044	1000	33	31	25	0	11	9	0	2	0	0	1	0	0	0	0	2.00	0.00	1.261978	4.849670	0.919611	11.586186	1	11.569903	102.406670
4045	1000	27	25	17	0	6	6	0	4	0	0	0	0	0	0	0	2.00	0.00	1.263590	4.852894	0.919611	11.569903	1	10.833963	102.406670
4046	1000	30	25	28	0	4	12	0	2	0	0	0	0	0	0	0	2.00	0.00	1.261978	4.846447	0.919611	11.602491	1	11.578042	102.406670
4047	1000	28	33	26	0	7	5	0	3	0	0	0	0	0	0	0	2.00	0.00	1.262784	4.851282	0.921037	11.616035	1	11.599739	102.406670
4048	1000	21	16	23	0	4	9	0	1	0	0	0	0	0	0	0	2.00	0.00	1.262784	4.852894	0.918186	11.531921	1	11.447865	102.406670
4049	1000	26	27	33	0	4	5	0	4	0	0	0	0	0	0	0	2.00	0.00	1.261978	4.849670	0.916760	11.510172	1	11.510172	102.406670
4050	1000	31	30	27	0	13	7	0	3	0	0	0	0	0	0	0	2.00	0.00	1.262784	4.852894	0.918186	11.531921	1	11.523800	102.406670
4051	1000	23	26	23	0	4	4	0	4	0	0	0	0	0	0	0	2.00	0.00	1.261978	4.849670	0.916760	11.510172	1	11.510172	102.406670
4052	1000	26	23	30	0	4	11	0	1	0	0	0	0	0	0	0	2.00	0.00	1.261978	4.849670	0.913908	11.434162	1	11.542702	102.406670
4053	1000	35	32	27	0	8	8	0	2	0	0	0	0	0	0	0	2.00	0.00	1.261172	4.849670	0.918186	11.548179	1	11.531921	102.406670
4054	1000	19	30	23	0	7	3	0	1	0	0	0	0	0	0	0	2.00	0.00	1.261978	4.849670	0.918186	11.548179	1	11.493941	102.406670
4055	1000	43	34	30	0	12	12	0	2	0	0	0	0	0	0	0	2.00	0.00	1.261978	4.851282	0.915334	11.464061	1	11.295991	102.406670
4056	1000	30	24	31	0	6	8	0	3	0	0	0	0	0	0	0	2.00	0.00	1.261978	4.852894	0.908205	11.266055	1	11.488397	102.406670
4057	1000	30	31	26	0	5	10	0	3	0	0	0	0	0	0	0	2.00	0.00	1.260366	4.848059	0.915334	11.480280	1	11.502053	102.406670
4058	1000	29	24	36	0	11	8	0	3	0	0	1	0	0	0	0	2.00	0.00	1.260366	4.849670	0.915334	11.472167	1	11.426068	102.406670
4059	1000	26	27	26	0	7	10	0	3	0	0	2	0	0	0	0	2.00	0.00	1.260366	4.846447	0.912483	11.412334	1	11.428533	102.406670
4060	1000	27	31	25	0	6	8	0	1	0	0	0	0	0	0	0	2.00	0.00	1.259561	4.848059	0.915334	11.480280	1	11.472167	102.406670
4061	1000	24	30	22	0	9	4	0	0	0	0	0	0	0	0	0	2.00	0.00	1.260366	4.846447	0.935295	12.020833	1	11.428533	102.406670
4062	1000	21	33	25	0	3	9	0	0	0	0	0	0	0	0	0	2.00	0.00	1.259561	4.848059	0.912483	11.404242	1	11.388074	102.406670
4063	1000	32	27	24	0	6	7	0	1	0	0	0	0	0	0	0	2.00	0.00	1.260366	4.848059	0.912483	11.404242	1	11.388074	102.406670
4064	1000	33	26	38	0	4	12	0	4	0	0	0	0	0	0	0	2.00	0.00	1.260366	4.849670	0.912483	11.396156	1	11.388074	102.406670
4065	1000	30	27	35	0	6	11	0	4	0	0	0	0	0	0	0	2.00	0.00	1.259561	4.851282	0.911057	11.350081	1	11.420431	102.406670
4066	1000	29	31	32	0	8	5	0	5	0	0	1	0	0	0	0	2.00	0.00	1.257949	4.841612	0.912483	11.436642	1	11.420431	102.406670
4067	1000	22	23	25	0	6	8	0	4	0	0	1	0	0	0	0	2.00	0.00	1.258755	4.849670	0.913908	11.434162	1	11.274094	102.406670
4068	1000	23	27	18	0	9	5	0	2	0	0	1	0	0	0	0	2.00	0.00	1.258755	4.848059	0.908205	11.290186	1	11.396156	102.406670
4069	1000	27	26	33	0	8	9	0	4	0	0	1	0	0	0	0	2.00	0.00	1.257949	4.846447	0.912483	11.412334	1	11.404242	102.406670
4070	1000	32	20	29	0	4	7	0	2	0	0	1	0	0	0	0	2.00	0.00	1.257949	4.844835	0.902502	11.154124	1	11.352418	102.406670
4071	1000	20	27	19	0	6	4	0	2	0	0	0	0	0	0	0	2.00	0.00	1.257143	4.844835	0.908205	11.306298	1	11.290186	102.406670
4072	1000	25	28	28	0	9	8	0	2	0	0	0	0	0	0	0	2.00	0.00	1.257949	4.848059	0.908205	11.290186	1	11.320142	102.406670
4073	1000	29	29	26	0	11	6	0	4	0	0	0	0	0	0	0	2.00	0.00	1.256337	4.844835	0.908205	11.306298	1	11.238250	102.406670
4074	1000	29	28	29	0	7	8	0	2	0	0	0	0	0	0	0	2.00	0.00	1.257949	4.848059	0.903928	11.176131	1	11.322432	102.406670
4075	1000	20	28	17	0	8	1	0	4	0	0	1	0	0	0	0	2.00	0.00	1.256337	4.843224	0.909631	11.352418	1	11.298240	102.406670
4076	1000	27	22	24	0	2	7	0	1	0	0	0	0	0	0	0	2.00	0.00	1.256337	4.844835	0.908205	11.306298	1	11.336269	102.406670
4077	1000	20	31	26	0	8	8	0	3	0	0	1	0	0	0	0	2.00	0.00	1.256337	4.846447	0.906780	11.260208	1	11.252167	102.406670
4078	1000	25	36	27	0	5	7	0	3	0	0	0	0	0	0	0	2.00	0.00	1.257143	4.846447	0.905354	11.222178	1	11.244132	102.406670
4079	1000	21	29	41	0	9	7	0	2	0	0	0	0	0	0	0	2.00	0.00	1.255531	4.841612	0.963810	12.807131	1	11.270460	102.406670
4080	1000	35	32	36	0	11	12	0	3	0	0	1	0	0	0	0	2.00	0.00	1.255531	4.844835	0.905354	11.230211	1	11.260208	102.406670
4081	1000	26	40	25	0	11	6	0	3	0	0	0	0	0	0	0	2.00	0.00	1.256337	4.848059	0.906780	11.252167	1	11.206125	102.406670
4082	1000	35	24	25	0	6	8	0	3	0	0	0	0	0	0	0	2.00	0.00	1.254725	4.843224	0.905354	11.238250	1	11.238250	102.406670
4083	1000	22	18	26	0	8	9	0	2	0	0	0	0	0	0	0	2.00	0.00	1.254725	4.843224	0.902502	11.162138	1	11.232353	102.406670
4084	1000	25	24	28	0	7	8	0	2	0	0	1	0	0	0	0	2.00	0.00	1.254725	4.843224	0.903928	11.200193	1	11.154124	102.406670
4085	1000	26	32	40	0	7	9	0	6	0	0	0	0	0	0	0	2.00	0.00	1.254725	4.844835	0.903928	11.192167	1	11.062077	102.406670
4086	1000	33	36	26	0	10	7	0	6	0	0	0	0	0	0	0	2.00	0.00	1.254725	4.841612	0.901076	11.132088	1	11.232353	102.406670
4087	1000	21	20	28	0	3	6	0	2	0	0	0	0	0	0	0	1.50	0.00	1.254725	4.844835	0.903928	11.192167	1	11.184146	102.406670
4088	1000	27	28	26	0	8	8	0	1	0	0	0	0	0	0	0	2.00	0.00	1.253114	4.836777	0.896799	11.041819	1	11.194246	102.406670
4089	1000	30	28	32	0	7	6	0	1	0	0	0	0	0	0	0	2.00	0.00	1.253919	4.841612	0.903928	11.208226	1	11.124081	102.406670
4090	1000	20	30	26	0	4	3	0	3	0	0	0	0	0	0	0	1.50	0.00	1.253919	4.843224	0.902502	11.162138	1	11.154124	102.406670
4091	1000	25	24	34	0	5	6	0	2	0	0	0	0	0	0	0	1.50	0.00	1.253919	4.844835	0.901076	11.116080	1	11.116080	102.406670
4092	1000	20	14	33	0	6	7	0	3	0	0	0	0	0	0	0	1.50	-0.25	1.253919	4.846447	0.895374	10.955961	1	11.102018	102.406670
4093	1000	18	17	26	0	3	9	0	1	0	0	0	0	0	0	0	1.50	-0.25	1.253114	4.843224	0.901076	11.124081	1	11.100094	102.406670
4094	1000	23	24	24	0	11	7	0	2	0	0	1	0	0	0	0	1.50	-0.25	1.253919	4.846447	0.901076	11.108084	1	11.009913	102.406670
4095	1000	25	27	22	0	7	7	0	4	0	0	1	0	0	0	0	2.00	0.00	1.253919	4.844835	0.901076	11.116080	1	11.138112	102.406670
4096	1000	24	26	27	0	6	6	0	4	0	0	0	0	0	0	0	1.50	-0.25	1.253114	4.843224	0.901076	11.124081	1	11.124081	102.406670
4097	1000	27	23	29	0	6	10	0	3	0	0	0	0	0	0	0	1.50	0.00	1.253114	4.840000	0.891096	10.873527	1	11.041819	102.406670
4098	1000	30	27	31	0	9	10	0	5	0	0	2	0	0	0	0	1.50	-0.25	1.251502	4.836777	0.899651	11.118032	1	11.094018	102.406670
4099	1000	30	32	27	0	8	10	0	2	0	0	1	0	0	0	0	1.50	-0.25	1.252308	4.841612	0.898225	11.055950	1	11.001949	102.406670
4100	1000	18	23	25	0	4	6	0	4	0	0	0	0	0	0	0	1.50	-0.25	1.252308	4.843224	0.898225	11.047969	1	11.039992	102.406670
4101	1000	30	26	29	0	6	7	0	2	0	0	0	0	0	0	0	1.50	-0.25	1.253114	4.844835	0.895374	10.963905	1	11.071928	102.406670
4102	1000	32	26	32	0	7	8	0	2	0	0	0	0	0	0	0	1.50	-0.25	1.251502	4.841612	0.899651	11.094018	1	11.039992	102.406670
4103	1000	28	27	26	0	7	7	0	4	0	0	1	0	0	0	0	1.50	-0.25	1.251502	4.841612	0.898225	11.055950	1	10.941742	102.406670
4104	1000	27	27	27	0	6	8	0	3	0	0	0	0	0	0	0	1.50	-0.25	1.252308	4.844835	0.898225	11.039992	1	11.032022	102.406670
4105	1000	25	11	22	0	6	5	0	0	0	0	0	0	0	0	0	1.50	-0.25	1.250696	4.841612	0.895374	10.979813	1	10.979813	102.406670
4106	1000	28	30	23	0	9	9	0	3	0	0	0	0	0	0	0	1.50	-0.25	1.250696	4.836777	0.893948	10.965602	1	11.003712	102.406670
4107	1000	27	31	30	0	6	6	0	4	0	0	1	0	0	0	0	1.50	-0.25	1.250696	4.841612	0.896799	11.017880	1	11.001949	102.406670
4108	1000	37	31	30	0	13	7	0	4	0	0	0	0	0	0	0	1.50	-0.25	1.250696	4.840000	0.896799	11.025854	1	10.971856	102.406670
4109	1000	28	31	29	0	7	11	0	1	0	0	0	0	0	0	0	1.50	-0.25	1.250696	4.841612	0.896799	11.017880	1	11.047969	102.406670
4110	1000	23	24	32	0	3	10	0	1	0	0	0	0	0	0	0	1.50	-0.25	1.250696	4.843224	0.909631	11.352418	1	10.995740	102.406670
4111	1000	27	23	28	0	6	9	0	2	0	0	0	0	0	0	0	1.50	-0.25	1.249084	4.836777	0.895374	11.003712	1	10.987774	102.406670
4112	1000	35	33	27	0	14	7	0	4	0	0	0	0	0	0	0	1.50	-0.25	1.250696	4.843224	0.893948	10.933797	1	10.895741	102.406670
4113	1000	33	32	33	0	9	9	0	2	0	0	0	0	0	0	0	1.50	-0.25	1.249890	4.840000	0.893948	10.949689	1	10.857686	102.406670
4114	1000	35	33	33	0	15	7	0	3	0	0	0	0	0	0	0	1.50	-0.25	1.249890	4.843224	0.892522	10.895741	1	10.925860	102.406670
4115	1000	24	21	27	0	5	7	0	0	0	0	0	0	0	0	0	1.50	-0.25	1.248278	4.833553	0.891096	10.905272	1	10.911607	102.406670
4116	1000	28	29	17	0	7	8	0	1	0	0	0	0	0	0	0	1.50	-0.25	1.248278	4.838388	0.893948	10.957643	1	10.933797	102.406670
4117	1000	33	28	29	0	7	4	0	3	0	0	1	0	0	0	0	1.50	-0.25	1.248278	4.840000	0.892522	10.911607	1	10.903672	102.406670
4118	1000	25	26	18	0	10	2	0	1	0	0	0	0	0	0	0	1.50	-0.25	1.248278	4.840000	0.892522	10.911607	1	10.949689	102.406670
4119	1000	21	23	24	0	6	7	0	3	0	0	0	0	0	0	0	1.50	-0.25	1.248278	4.836777	0.899651	11.118032	1	10.859208	102.406670
4120	1000	25	29	39	0	4	12	0	5	0	0	1	0	0	0	0	1.50	-0.25	1.247473	4.838388	0.891096	10.881454	1	10.865603	102.406670
4121	1000	25	15	36	0	5	7	0	0	0	0	0	0	0	0	0	1.50	-0.25	1.248278	4.840000	0.891096	10.873527	1	10.819629	102.406670
4122	1000	30	29	34	0	11	10	0	3	0	0	1	0	0	0	0	1.50	-0.25	1.248278	4.840000	0.889670	10.835444	1	10.843360	102.406670
4123	1000	37	26	25	0	9	9	0	2	0	0	0	0	0	0	0	1.50	-0.25	1.247473	4.838388	0.885393	10.729076	1	10.875075	102.406670
4124	1000	20	31	30	0	4	6	0	2	0	0	0	0	0	0	0	1.50	-0.25	1.247473	4.838388	0.892522	10.919548	1	10.873527	102.406670
4125	1000	30	21	26	0	11	8	0	1	0	0	0	0	0	0	0	1.50	-0.25	1.246667	4.838388	0.891096	10.881454	1	10.889387	102.406670
4126	1000	23	25	23	0	7	6	0	3	0	0	0	0	0	0	0	1.50	-0.25	1.247473	4.840000	0.891096	10.873527	1	10.865603	102.406670
4127	1000	35	26	35	0	9	10	0	4	0	0	1	0	0	0	0	1.50	-0.25	1.245861	4.833553	0.885393	10.752742	1	10.722496	102.406670
4128	1000	28	26	26	0	11	5	0	2	0	0	0	0	0	0	0	1.50	-0.25	1.246667	4.836777	0.919611	11.651535	1	10.821088	102.406670
4129	1000	29	32	31	0	8	10	0	5	0	0	1	0	0	0	0	1.50	-0.25	1.245861	4.836777	0.889670	10.851281	1	10.789465	102.406670
4130	1000	34	19	32	0	7	11	0	2	0	0	0	0	0	0	0	1.50	-0.25	1.245861	4.836777	0.886819	10.775067	1	10.729076	102.406670
4131	1000	26	22	26	0	4	8	0	3	0	0	1	0	0	0	0	1.50	-0.25	1.246667	4.838388	0.888245	10.805265	1	10.767171	102.406670
4132	1000	36	33	29	0	9	13	0	2	0	0	2	0	0	0	0	1.50	-0.25	1.245861	4.838388	0.883967	10.690984	1	10.798785	102.406670
4133	1000	29	36	24	0	11	3	0	6	0	0	0	0	0	0	0	1.50	-0.25	1.244249	4.835165	0.888245	10.821088	1	10.805265	102.406670
4134	1000	27	31	35	0	4	11	0	6	0	0	1	0	0	0	0	1.50	-0.25	1.245055	4.836777	0.888245	10.813174	1	10.698853	102.406670
4135	1000	43	25	28	0	7	8	0	3	0	0	1	0	0	0	0	1.50	-0.25	1.245861	4.840000	0.886819	10.759282	1	10.789465	102.406670
4136	1000	28	28	32	0	6	8	0	5	0	0	1	0	0	0	0	1.50	-0.25	1.245861	4.841612	0.885393	10.713326	1	10.751396	102.406670
4137	1000	41	28	31	0	10	12	0	5	0	0	2	0	0	0	0	1.50	-0.25	1.244249	4.830330	0.879690	10.615912	1	10.722496	102.406670
4138	1000	20	32	25	0	3	4	0	3	0	0	1	0	0	0	0	1.50	-0.25	1.244249	4.835165	0.885393	10.744848	1	10.729076	102.406670
4139	1000	23	32	31	0	7	3	0	3	0	0	0	0	0	0	0	1.50	-0.25	1.245055	4.838388	0.885393	10.729076	1	10.759282	102.406670
4140	1000	41	23	35	0	11	13	0	2	0	0	0	0	0	0	0	1.50	-0.25	1.244249	4.836777	0.885393	10.736961	1	10.729076	102.406670
4141	1000	36	25	41	0	5	16	0	4	0	0	0	0	0	0	0	1.50	-0.25	1.244249	4.835165	0.876839	10.516129	1	10.654072	102.406670
4142	1000	23	21	21	0	4	5	0	4	0	0	0	0	0	0	0	1.50	-0.25	1.243443	4.833553	0.882542	10.676477	1	10.652890	102.406670
4143	1000	27	32	32	0	9	10	0	9	0	0	2	0	0	0	0	1.50	-0.25	1.242638	4.835165	0.881116	10.630490	1	10.714609	102.406670
4144	1000	34	32	34	0	9	12	0	3	0	0	0	0	0	0	0	1.50	-0.25	1.242638	4.835165	0.882542	10.668609	1	10.508317	102.406670
4145	1000	23	27	27	0	8	5	0	8	0	0	2	0	0	0	0	1.50	-0.25	1.243443	4.838388	0.875413	10.462416	1	10.614796	102.406670
4146	1000	28	22	24	0	5	7	0	0	0	0	0	0	0	0	0	1.50	-0.25	1.241832	4.830330	0.883967	10.730387	1	10.714609	102.406670
4147	1000	26	24	26	0	9	6	0	1	0	0	0	0	0	0	0	1.50	-0.25	1.242638	4.835165	0.882542	10.668609	1	10.690984	102.406670
4148	1000	30	30	20	0	11	6	0	2	0	0	0	0	0	0	0	1.50	-0.25	1.242638	4.836777	0.882542	10.660747	1	10.645037	102.406670
4149	1000	32	25	22	0	9	7	0	4	0	0	0	0	0	0	0	1.50	-0.50	1.241832	4.835165	0.881116	10.630490	1	10.622640	102.406670
4150	1000	29	29	21	0	9	5	0	5	0	0	0	0	0	0	0	1.50	-0.25	1.242638	4.835165	0.882542	10.668609	1	10.600212	102.406670
4151	1000	22	30	23	0	7	7	0	2	0	0	0	0	0	0	0	1.50	-0.50	1.239414	4.827106	0.879690	10.631635	1	10.608061	102.406670
4152	1000	22	26	27	0	6	5	0	4	0	0	1	0	0	0	0	1.50	-0.50	1.241832	4.836777	0.879690	10.584533	1	10.614796	102.406670
4153	1000	28	25	32	0	9	8	0	2	0	0	1	0	0	0	0	1.50	-0.25	1.241832	4.833553	0.881116	10.638345	1	10.638345	102.406670
4154	1000	25	28	34	0	7	8	0	5	0	0	0	0	0	0	0	1.50	-0.50	1.241832	4.835165	0.875413	10.478008	1	10.661942	102.406670
4155	1000	29	35	24	0	14	4	0	4	0	0	0	0	0	0	0	1.50	-0.50	1.241026	4.833553	0.878264	10.562078	1	10.584533	102.406670
4156	1000	19	23	28	0	4	7	0	2	0	0	0	0	0	0	0	1.50	-0.50	1.241026	4.835165	0.881116	10.630490	1	10.454627	102.406670
4157	1000	36	43	27	0	18	8	0	5	0	0	1	0	0	0	0	1.50	-0.50	1.241026	4.835165	0.879690	10.592370	1	10.546423	102.406670
4158	1000	42	34	31	0	14	10	0	6	0	0	1	0	0	0	0	1.50	-0.50	1.241026	4.836777	0.879690	10.584533	1	10.538604	102.406670
4159	1000	32	33	31	0	5	10	0	2	0	0	0	0	0	0	0	1.50	-0.50	1.239414	4.828718	0.875413	10.509257	1	10.555266	102.406670
4160	1000	27	18	27	0	6	9	0	2	0	0	0	0	0	0	0	1.50	-0.50	1.239414	4.831942	0.876839	10.531768	1	10.554248	102.406670
4161	1000	28	34	30	0	9	8	0	5	0	0	0	0	0	0	0	1.50	-0.50	1.240220	4.833553	0.878264	10.562078	1	10.554248	102.406670
4162	1000	31	31	28	0	13	5	0	2	0	0	0	0	0	0	0	1.50	-0.50	1.240220	4.836777	0.876839	10.508317	1	10.508317	102.406670
4163	1000	38	37	24	0	12	8	0	1	0	0	0	0	0	0	0	1.50	-0.50	1.240220	4.836777	0.871136	10.355886	1	10.555266	102.406670
4164	1000	33	33	26	0	10	6	0	3	0	0	0	0	0	0	0	1.50	-0.50	1.238608	4.830330	0.876839	10.539595	1	10.485814	102.406670
4165	1000	22	28	28	0	4	7	0	3	0	0	0	0	0	0	0	1.50	-0.50	1.239414	4.833553	0.875413	10.485814	1	10.348129	102.406670
4166	1000	26	28	18	0	12	3	0	1	0	0	0	0	0	0	0	1.50	-0.50	1.239414	4.835165	0.876839	10.516129	1	10.478008	102.406670
4167	1000	25	29	25	0	9	6	0	2	0	0	1	0	0	0	0	1.50	-0.50	1.239414	4.833553	0.875413	10.485814	1	10.523945	102.406670
4168	1000	20	20	27	0	2	11	0	1	0	0	0	0	0	0	0	1.50	-0.50	1.238608	4.828718	0.893948	11.005477	1	10.509257	102.406670
4169	1000	29	25	25	0	3	7	0	3	0	0	0	0	0	0	0	1.50	-0.50	1.237802	4.830330	0.875413	10.501437	1	10.485814	102.406670
4170	1000	26	22	28	0	6	6	0	2	0	0	1	0	0	0	0	1.50	-0.50	1.237802	4.831942	0.875413	10.493623	1	10.523945	102.406670
4171	1000	29	17	24	0	3	12	0	3	0	0	0	0	0	0	0	1.50	-0.50	1.237802	4.831942	0.872561	10.417333	1	10.409548	102.406670
4172	1000	33	31	23	0	12	11	0	6	0	0	2	0	0	0	0	1.50	-0.50	1.236191	4.823883	0.872561	10.456331	1	10.471967	102.406670
4173	1000	36	38	27	0	15	8	0	4	0	0	2	0	0	0	0	1.50	-0.50	1.236996	4.828718	0.872561	10.432916	1	10.417333	102.406670
4174	1000	31	28	27	0	5	10	0	4	0	0	0	0	0	0	0	1.50	-0.50	1.238608	4.835165	0.873987	10.439889	1	10.401769	102.406670
4175	1000	36	31	23	0	9	10	0	3	0	0	1	0	0	0	0	1.50	-0.50	1.236996	4.830330	0.872561	10.425122	1	10.295148	102.406670
4176	1000	26	33	24	0	6	6	0	1	0	0	0	0	0	0	0	1.50	-0.50	1.236996	4.833553	0.871136	10.371414	1	10.409548	102.406670
4177	1000	23	21	22	0	8	2	0	2	0	0	0	0	0	0	0	1.50	-0.50	1.234579	4.822271	0.871136	10.425922	1	10.402530	102.406670
4178	1000	28	35	24	0	8	7	0	3	0	0	0	0	0	0	0	1.50	-0.50	1.235385	4.828718	0.872561	10.432916	1	10.417333	102.406670
4179	1000	35	30	34	0	9	11	0	3	0	0	2	0	0	0	0	1.50	-0.50	1.236191	4.831942	0.869710	10.341041	1	10.371414	102.406670
4180	1000	24	33	33	0	8	8	0	3	0	0	0	0	0	0	0	1.50	-0.50	1.236191	4.833553	0.869710	10.333281	1	10.379186	102.406670
4181	1000	27	31	28	0	9	8	0	6	0	0	2	0	0	0	0	1.50	-0.50	1.236191	4.830330	0.868284	10.310645	1	10.356573	102.406670
4182	1000	25	27	33	0	6	7	0	3	0	0	0	0	0	0	0	1.50	-0.50	1.234579	4.827106	0.869710	10.364347	1	10.348804	102.406670
4183	1000	33	25	28	0	12	8	0	2	0	0	0	0	0	0	0	1.50	-0.50	1.235385	4.830330	0.871136	10.386962	1	10.379186	102.406670
4184	1000	29	21	31	0	5	7	0	2	0	0	0	0	0	0	0	1.50	-0.50	1.235385	4.831942	0.869710	10.341041	1	10.333931	102.406670
4185	1000	32	38	26	0	8	7	0	8	0	0	1	0	0	0	0	1.50	-0.50	1.235385	4.831942	0.866858	10.264750	1	10.341703	102.406670
4187	1000	33	29	29	0	7	7	0	4	0	0	0	0	0	0	0	1.50	-0.50	1.233773	4.825495	0.866858	10.295735	1	10.280232	102.406670
4188	1000	33	23	35	0	3	13	0	2	0	0	0	0	0	0	0	1.50	-0.50	1.234579	4.830330	0.868284	10.310645	1	10.226605	102.406670
4189	1000	29	25	39	0	5	15	0	2	0	0	0	0	0	0	0	1.50	-0.50	1.234579	4.830330	0.868284	10.310645	1	10.264750	102.406670
4190	1000	23	23	18	0	7	5	0	3	0	0	1	0	0	0	0	1.50	-0.50	1.234579	4.828718	0.866858	10.280232	1	10.310645	102.406670
4191	1000	38	26	30	0	13	7	0	1	0	0	0	0	0	0	0	1.50	-0.50	1.232967	4.825495	0.876839	10.563108	1	10.303493	102.406670
4192	1000	29	23	37	0	6	12	0	2	0	0	0	0	0	0	0	1.50	-0.50	1.232967	4.828718	0.868284	10.318401	1	10.302896	102.406670
4193	1000	30	31	36	0	7	10	0	5	0	0	0	0	0	0	0	1.50	-0.50	1.232967	4.827106	0.866858	10.287981	1	10.272488	102.406670
4194	1000	30	31	24	0	7	10	0	4	0	0	1	0	0	0	0	1.50	-0.50	1.233773	4.831942	0.868284	10.302896	1	10.310645	102.406670
4195	1000	23	38	32	0	8	5	0	3	0	0	0	0	0	0	0	1.50	-0.50	1.233773	4.831942	0.861155	10.112169	1	10.257540	102.406670
4196	1000	21	21	26	0	5	7	0	3	0	0	1	0	0	0	0	1.50	-0.50	1.232161	4.825495	0.865433	10.257540	1	10.249797	102.406670
4197	1000	22	19	31	0	5	7	0	3	0	0	0	0	0	0	0	1.50	-0.50	1.232161	4.825495	0.865433	10.257540	1	10.188867	102.406670
4198	1000	28	27	39	0	7	11	0	1	0	0	0	0	0	0	0	1.50	-0.50	1.232161	4.828718	0.865433	10.242061	1	10.234330	102.406670
4199	1000	20	20	29	0	5	9	0	2	0	0	0	0	0	0	0	1.50	-0.50	1.232161	4.825495	0.865433	10.257540	1	10.211615	102.406670
4200	1000	34	37	41	0	12	13	0	5	0	0	1	0	0	0	0	1.50	-0.50	1.232161	4.825495	0.861155	10.142950	1	10.227077	102.406670
4201	1000	23	31	24	0	5	7	0	2	0	0	0	0	0	0	0	1.50	-0.50	1.232161	4.827106	0.865433	10.249797	1	10.242061	102.406670
4202	1000	32	24	34	0	8	9	0	2	0	0	0	0	0	0	0	1.50	-0.50	1.232161	4.828718	0.865433	10.242061	1	10.188460	102.406670
4203	1000	27	36	23	0	10	6	0	0	0	0	0	0	0	0	0	1.50	-0.50	1.231355	4.825495	0.862581	10.181146	1	10.135247	102.406670
4204	1000	29	31	25	0	12	9	0	3	0	0	1	0	0	0	0	1.50	-0.50	1.232161	4.827106	0.859730	10.097064	1	10.188867	102.406670
4205	1000	32	36	34	0	11	11	0	3	0	0	1	0	0	0	0	1.50	-0.50	1.231355	4.827106	0.862581	10.173431	1	10.158015	102.406670
4206	1000	36	22	32	0	11	10	0	2	0	0	1	0	0	0	0	1.50	-0.50	1.232161	4.830330	0.864007	10.196173	1	10.158015	102.406670
4207	1000	27	36	28	0	9	4	0	5	0	0	0	0	0	0	0	1.50	-0.50	1.231355	4.828718	0.862581	10.165720	1	10.035879	102.406670
4208	1000	33	39	31	0	12	10	0	6	0	0	1	0	0	0	0	1.50	-0.50	1.230549	4.825495	0.859730	10.104753	1	10.135247	102.406670
4209	1000	31	37	29	0	13	8	0	4	0	0	1	0	0	0	0	1.50	-0.50	1.229744	4.820660	0.861155	10.166091	1	10.150659	102.406670
4210	1000	24	22	26	0	4	7	0	1	0	0	0	0	0	0	0	1.50	-0.75	1.229744	4.825495	0.861155	10.142950	1	10.165720	102.406670
4211	1000	33	25	34	0	6	9	0	4	0	0	0	0	0	0	0	1.50	-0.75	1.230549	4.827106	0.861155	10.135247	1	10.081699	102.406670
4212	1000	22	28	33	0	4	12	0	2	0	0	0	0	0	0	0	1.50	-0.50	1.230549	4.825495	0.859730	10.104753	1	10.097064	102.406670
4213	1000	32	25	33	0	7	9	0	2	0	0	0	0	0	0	0	1.50	-0.75	1.229744	4.825495	0.873987	10.486717	1	10.150659	102.406670
4214	1000	28	24	37	0	4	11	0	1	0	0	0	0	0	0	0	1.50	-0.75	1.229744	4.823883	0.861155	10.150659	1	10.127550	102.406670
4215	1000	41	20	29	0	8	10	0	3	0	0	0	0	0	0	0	1.50	-0.75	1.229744	4.827106	0.858304	10.058882	1	10.089380	102.406670
4216	1000	27	36	25	0	7	8	0	3	0	0	0	0	0	0	0	1.50	-0.75	1.229744	4.827106	0.859730	10.097064	1	10.127550	102.406670
4217	1000	28	27	23	0	5	4	0	0	0	0	0	0	0	0	0	1.50	-0.75	1.229744	4.825495	0.861155	10.142950	1	10.089622	102.406670
4218	1000	24	21	26	0	5	6	0	1	0	0	0	0	0	0	0	1.50	-0.75	1.228938	4.825495	0.858304	10.066558	1	10.051208	102.406670
4219	1000	28	31	39	0	8	5	0	5	0	0	0	0	0	0	0	1.50	-0.75	1.228938	4.825495	0.856878	10.028362	1	9.822184	102.406670
4220	1000	31	28	30	0	9	9	0	2	0	0	1	0	0	0	0	1.50	-0.75	1.228132	4.822271	0.855452	10.005483	1	10.074242	102.406670
4221	1000	37	32	32	0	8	11	0	3	0	0	0	0	0	0	0	1.50	-0.75	1.228132	4.825495	0.856878	10.028362	1	9.990165	102.406670
4222	1000	24	32	33	0	11	7	0	5	0	0	1	0	0	0	0	1.50	-0.75	1.228132	4.822271	0.856878	10.043707	1	10.051388	102.406670
4223	1000	33	30	29	0	10	9	0	5	0	0	0	0	0	0	0	1.50	-0.75	1.225714	4.819048	0.856878	10.059072	1	10.005483	102.406670
4224	1000	34	32	32	0	12	11	0	1	0	0	0	0	0	0	0	1.50	-0.75	1.227326	4.822271	0.856878	10.043707	1	10.043707	102.406670
4225	1000	30	36	39	0	13	10	0	7	0	0	0	0	0	0	0	1.50	-0.75	1.225714	4.815825	0.854027	9.997910	1	9.990240	102.406670
4226	1000	41	27	36	0	11	14	0	2	0	0	0	0	0	0	0	1.50	-0.75	1.228132	4.827106	0.864007	10.211615	1	9.967262	102.406670
4227	1000	28	32	25	0	4	6	0	3	0	0	0	0	0	0	0	1.50	-0.75	1.226520	4.820660	0.855452	10.013150	1	9.997821	102.406670
4228	1000	24	37	35	0	7	11	0	4	0	0	1	0	0	0	0	1.50	-0.75	1.227326	4.823883	0.855452	9.997821	1	9.745843	102.406670
4229	1000	36	23	33	0	8	12	0	3	0	0	0	0	0	0	0	1.50	-0.75	1.227326	4.823883	0.854027	9.959612	1	9.944329	102.406670
4230	1000	31	32	31	0	9	8	0	5	0	0	1	0	0	0	0	1.50	-0.75	1.227326	4.825495	0.855452	9.990165	1	9.990165	102.406670
4231	1000	23	29	25	0	7	6	0	4	0	0	0	0	0	0	0	1.50	-0.75	1.225714	4.819048	0.862581	10.212062	1	10.036183	102.406670
4232	1000	30	29	23	0	9	7	0	4	0	0	1	0	0	0	0	1.50	-0.75	1.226520	4.823883	0.855452	9.997821	1	9.990165	102.406670
4233	1000	21	42	15	0	10	3	0	4	0	0	1	0	0	0	0	1.50	-0.75	1.225714	4.822271	0.852601	9.929040	1	9.959612	102.406670
4234	1000	25	31	30	0	8	12	0	3	0	0	1	0	0	0	0	1.50	-0.75	1.225714	4.822271	0.852601	9.929040	1	9.921404	102.406670
4235	1000	23	31	26	0	3	7	0	4	0	0	0	0	0	0	0	1.50	-0.75	1.224908	4.822271	0.846898	9.776155	1	9.967300	102.406670
4236	1000	43	35	26	0	14	6	0	5	0	0	0	0	0	0	0	1.50	-0.75	1.224908	4.820660	0.852601	9.936683	1	9.929040	102.406670
4237	1000	34	31	28	0	8	9	0	3	0	0	0	0	0	0	0	1.00	-0.75	1.225714	4.823883	0.854027	9.959612	1	9.867834	102.406670
4238	1000	27	32	20	0	10	3	0	2	0	0	0	0	0	0	0	1.50	-0.75	1.224908	4.820660	0.851175	9.898448	1	9.921404	102.406670
4239	1000	34	30	29	0	8	12	0	6	0	0	1	0	0	0	0	1.50	-0.75	1.225714	4.823883	0.854027	9.959612	1	9.913773	102.406670
4240	1000	24	20	32	0	5	7	0	3	0	0	0	0	0	0	0	1.50	-0.75	1.224908	4.819048	0.846898	9.791340	1	9.898448	102.406670
4241	1000	41	30	40	0	6	11	0	11	0	0	1	0	0	0	0	1.00	-0.75	1.224908	4.822271	0.849749	9.852597	1	9.844986	102.406670
4242	1000	34	34	31	0	7	11	0	5	0	0	1	0	0	0	0	1.00	-0.75	1.224908	4.823883	0.849749	9.844986	1	9.837380	102.406670
4243	1000	38	34	27	0	10	6	0	3	0	0	0	0	0	0	0	1.00	-0.75	1.224908	4.825495	0.851175	9.875576	1	9.875576	102.406670
4244	1000	33	27	33	0	8	11	0	3	0	0	0	0	0	0	0	1.00	-0.75	1.223297	4.817436	0.908205	11.444127	1	9.890728	102.406670
4245	1000	21	25	29	0	3	5	0	5	0	0	0	0	0	0	0	1.00	-0.75	1.224103	4.820660	0.849749	9.860213	1	9.844986	102.406670
4246	1000	38	31	33	0	11	8	0	1	0	0	0	0	0	0	0	1.50	-0.75	1.223297	4.820660	0.849749	9.860213	1	9.860213	102.406670
4247	1000	23	35	27	0	7	8	0	6	0	0	3	0	0	0	0	1.00	-0.75	1.224103	4.823883	0.849749	9.844986	1	9.844986	102.406670
4248	1000	27	30	40	0	9	10	0	4	0	0	0	0	0	0	0	1.00	-0.75	1.224908	4.823883	0.849749	9.844986	1	9.837380	102.406670
4249	1000	32	32	27	0	10	8	0	4	0	0	0	0	0	0	0	1.00	-0.75	1.223297	4.817436	0.839769	9.607642	1	9.837202	102.406670
4250	1000	35	23	35	0	9	8	0	6	0	0	0	0	0	0	0	1.00	-0.75	1.222491	4.817436	0.846898	9.798941	1	9.783744	102.406670
4251	1000	23	23	29	0	8	7	0	3	0	0	0	0	0	0	0	1.00	-0.75	1.223297	4.820660	0.846898	9.783744	1	9.722793	102.406670
4252	1000	29	36	24	0	13	6	0	2	0	0	0	0	0	0	0	1.00	-0.75	1.222491	4.819048	0.846898	9.791340	1	9.753094	102.406670
4253	1000	24	32	35	0	10	8	0	3	0	0	0	0	0	0	0	1.00	-0.75	1.223297	4.822271	0.842621	9.661489	1	9.806546	102.406670
4254	1000	22	27	19	0	8	3	0	4	0	0	1	0	0	0	0	1.00	-0.75	1.220879	4.814213	0.846898	9.814157	1	9.760682	102.406670
4255	1000	30	25	38	0	5	14	0	5	0	0	1	0	0	0	0	1.00	-0.75	1.221685	4.820660	0.846898	9.783744	1	9.714847	102.406670
4256	1000	28	29	24	0	8	5	0	2	0	0	0	0	0	0	0	1.00	-0.75	1.221685	4.817436	0.846898	9.798941	1	9.791340	102.406670
4257	1000	27	33	23	0	12	4	0	4	0	0	1	0	0	0	0	1.00	-0.75	1.222491	4.823883	0.845472	9.730359	1	9.692151	102.406670
4258	1000	20	27	33	0	5	5	0	2	0	0	0	0	0	0	0	1.00	-0.75	1.220879	4.814213	0.838343	9.584442	1	9.775872	102.406670
4259	1000	30	23	27	0	9	7	0	2	0	0	0	0	0	0	0	1.00	-0.75	1.221685	4.819048	0.845472	9.753094	1	9.737932	102.406670
4260	1000	32	33	24	0	6	9	0	3	0	0	1	0	0	0	0	1.00	-0.75	1.221685	4.820660	0.845472	9.745510	1	9.737932	102.406670
4261	1000	29	33	29	0	10	7	0	7	0	0	0	0	0	0	0	1.00	-0.75	1.220879	4.819048	0.844046	9.714847	1	9.722421	102.406670
4262	1000	30	27	26	0	5	4	0	4	0	0	0	0	0	0	0	1.00	-0.75	1.220073	4.815825	0.839769	9.615183	1	9.760375	102.406670
4263	1000	34	30	25	0	8	10	0	1	0	0	0	0	0	0	0	1.00	-0.75	1.219267	4.815825	0.844046	9.730001	1	9.714847	102.406670
4264	1000	31	32	23	0	11	6	0	3	0	0	0	0	0	0	0	1.00	-0.75	1.220073	4.817436	0.839769	9.607642	1	9.622731	102.406670
4265	1000	23	35	40	0	7	10	0	10	0	0	3	0	0	0	0	1.00	-0.75	1.220879	4.819048	0.842621	9.676599	1	9.630808	102.406670
4266	1000	23	26	27	0	8	5	0	4	0	0	0	0	0	0	0	1.00	-0.75	1.220879	4.822271	0.842621	9.661489	1	9.661489	102.406670
4267	1000	32	32	32	0	12	8	0	0	0	0	0	0	0	0	0	1.00	-0.75	1.220879	4.815825	0.842621	9.691729	1	9.645901	102.406670
4268	1000	23	20	31	0	6	7	0	1	0	0	1	0	0	0	0	1.00	-1.00	1.218462	4.815825	0.841195	9.653456	1	9.676599	102.406670
4269	1000	30	33	22	0	10	7	0	2	0	0	1	0	0	0	0	1.00	-0.75	1.218462	4.814213	0.841195	9.661016	1	9.653456	102.406670
4270	1000	27	29	35	0	9	6	0	5	0	0	0	0	0	0	0	1.00	-0.75	1.220073	4.820660	0.842621	9.669043	1	9.669043	102.406670
4271	1000	31	32	33	0	12	9	0	6	0	0	2	0	0	0	0	1.00	-1.00	1.218462	4.819048	0.771333	7.764226	1	9.676153	102.406670
4272	1000	29	29	25	0	5	9	0	2	0	0	0	0	0	0	0	1.00	-1.00	1.218462	4.815825	0.839769	9.615183	1	9.600104	102.406670
4273	1000	36	25	30	0	9	12	0	2	0	0	1	0	0	0	0	1.00	-1.00	1.219267	4.820660	0.841195	9.630808	1	9.531119	102.406670
4274	1000	24	20	36	0	5	9	0	4	0	0	1	0	0	0	0	1.00	-0.75	1.219267	4.819048	0.839769	9.600104	1	9.585047	102.406670
4275	1000	35	34	30	0	13	10	0	2	0	0	0	0	0	0	0	1.00	-1.00	1.218462	4.819048	0.839769	9.600104	1	9.600104	102.406670
4276	1000	24	25	27	0	3	7	0	4	0	0	0	0	0	0	0	1.00	-1.00	1.216850	4.810989	0.834066	9.484593	1	9.607077	102.406670
4277	1000	33	30	33	0	7	9	0	8	0	0	1	0	0	0	0	1.00	-1.00	1.217656	4.815825	0.838343	9.576908	1	9.600104	102.406670
4278	1000	24	35	34	0	9	6	0	5	0	0	0	0	0	0	0	1.00	-1.00	1.218462	4.820660	0.841195	9.630808	1	9.585047	102.406670
4279	1000	36	38	30	0	9	10	0	5	0	0	0	0	0	0	0	1.00	-1.00	1.218462	4.819048	0.839769	9.600104	1	9.585047	102.406670
4280	1000	35	22	35	0	5	13	0	3	0	0	0	0	0	0	0	1.00	-1.00	1.216850	4.815825	0.836918	9.538635	1	9.607077	102.406670
4281	1000	30	25	31	0	9	12	0	0	0	0	0	0	0	0	0	1.00	-1.00	1.216044	4.810989	0.836918	9.561216	1	9.538635	102.406670
4282	1000	21	26	21	0	5	4	0	1	0	0	0	0	0	0	0	1.00	-1.00	1.216044	4.815825	0.835492	9.500361	1	9.454599	102.406670
4283	1000	18	16	30	0	1	8	0	1	0	0	1	0	0	0	0	1.00	-1.00	1.216850	4.815825	0.836918	9.538635	1	9.485361	102.406670
4284	1000	40	27	34	0	5	13	0	1	0	0	0	0	0	0	0	1.00	-1.00	1.216850	4.817436	0.838343	9.569378	1	9.523607	102.406670
4285	1000	42	31	28	0	10	12	0	4	0	0	0	0	0	0	0	1.00	-1.00	1.216044	4.810989	0.834066	9.484593	1	9.530429	102.406670
4286	1000	15	23	26	0	3	3	0	4	0	0	1	0	0	0	0	1.00	-1.00	1.215238	4.812601	0.835492	9.515386	1	9.507872	102.406670
4287	1000	31	33	32	0	10	9	0	2	0	0	0	0	0	0	0	1.00	-1.00	1.216044	4.814213	0.836918	9.546157	1	9.500361	102.406670
4288	1000	26	20	21	0	5	7	0	3	0	0	0	0	0	0	0	1.00	-1.00	1.216044	4.815825	0.836918	9.538635	1	9.523607	102.406670
4289	1000	25	18	21	0	7	5	0	2	0	0	1	0	0	0	0	1.00	-1.00	1.215238	4.812601	0.832640	9.438790	1	9.507141	102.406670
4290	1000	25	24	37	0	8	9	0	3	0	0	0	0	0	0	0	1.00	-1.00	1.215238	4.814213	0.834066	9.469584	1	9.531119	102.406670
4291	1000	22	29	28	0	6	2	0	4	0	0	0	0	0	0	0	1.00	-1.00	1.215238	4.817436	0.835492	9.492858	1	9.248458	102.406670
4292	1000	22	20	22	0	7	4	0	2	0	0	0	0	0	0	0	1.00	-1.00	1.216044	4.817436	0.834066	9.454599	1	9.439633	102.406670
4293	1000	22	33	30	0	5	6	0	8	0	0	1	0	0	0	0	1.00	-1.00	1.215238	4.815825	0.834066	9.462090	1	9.454599	102.406670
4294	1000	33	28	20	0	11	5	0	3	0	0	0	0	0	0	0	1.00	-1.00	1.213626	4.807765	0.831215	9.422943	1	9.499620	102.406670
4295	1000	17	25	29	0	4	3	0	7	0	0	1	0	0	0	0	1.00	-1.00	1.213626	4.810989	0.835492	9.522905	1	9.462090	102.406670
4296	1000	27	29	20	0	6	10	0	2	0	0	0	0	0	0	0	1.00	-1.00	1.213626	4.810989	0.834066	9.484593	1	9.438790	102.406670
4297	1000	29	21	32	0	6	9	0	2	0	0	0	0	0	0	0	1.00	-1.00	1.214432	4.814213	0.834066	9.469584	1	9.454599	102.406670
4298	1000	23	30	27	0	5	4	0	2	0	0	0	0	0	0	0	1.00	-1.00	1.214432	4.817436	0.824086	9.186777	1	9.537957	102.406670
4299	1000	28	30	30	0	8	7	0	4	0	0	0	0	0	0	0	1.00	-1.00	1.212821	4.810989	0.832640	9.446283	1	9.393012	102.406670
4300	1000	45	38	31	0	17	14	0	4	0	0	0	0	0	0	0	1.00	-1.00	1.213626	4.815825	0.832640	9.423818	1	9.446283	102.406670
4301	1000	29	28	30	0	10	7	0	0	0	0	0	0	0	0	0	1.00	-1.00	1.213626	4.812601	0.832640	9.438790	1	9.385541	102.406670
4302	1000	17	25	18	0	3	5	0	2	0	0	0	0	0	0	0	1.00	-1.00	1.212821	4.812601	0.831215	9.400490	1	9.393012	102.406670
4303	1000	38	30	33	0	17	6	0	1	0	0	2	0	0	0	0	1.00	-1.00	1.212821	4.810989	0.831215	9.407969	1	9.415454	102.406670
4304	1000	29	30	33	0	12	5	0	3	0	0	0	0	0	0	0	1.00	-1.00	1.211209	4.807765	0.831215	9.422943	1	9.407969	102.406670
4305	1000	25	25	26	0	5	6	0	1	0	0	0	0	0	0	0	1.00	-1.00	1.212821	4.814213	0.831215	9.393012	1	9.385541	102.406670
4306	1000	21	28	30	0	5	8	0	6	0	0	1	0	0	0	0	1.00	-1.00	1.212821	4.812601	0.831215	9.400490	1	9.468791	102.406670
4307	1000	22	29	21	0	5	1	0	3	0	0	0	0	0	0	0	1.00	-1.00	1.212821	4.812601	0.824086	9.208997	1	9.392089	102.406670
4308	1000	28	27	22	0	7	4	0	3	0	0	0	0	0	0	0	1.00	-1.00	1.211209	4.809377	0.828363	9.338806	1	9.354727	102.406670
4309	1000	15	23	20	0	3	5	0	1	0	0	0	0	0	0	0	1.00	-1.00	1.211209	4.810989	0.829789	9.369658	1	9.323893	102.406670
4310	1000	27	24	32	0	5	9	0	2	0	0	0	0	0	0	0	1.00	-1.00	1.212015	4.810989	0.831215	9.407969	1	9.354727	102.406670
4311	1000	29	37	33	0	8	11	0	3	0	0	1	0	0	0	0	1.00	-1.00	1.212015	4.812601	0.826937	9.285594	1	9.354727	102.406670
4312	1000	29	32	29	0	7	7	0	3	0	0	0	0	0	0	0	1.00	-1.00	1.212015	4.810989	0.727135	6.611232	1	9.346272	102.406670
4313	1000	29	29	35	0	7	14	0	2	0	0	0	0	0	0	0	1.00	-1.00	1.210403	4.809377	0.828363	9.338806	1	9.323893	102.406670
4314	1000	33	32	38	0	5	10	0	4	0	0	0	0	0	0	0	1.00	-1.00	1.210403	4.809377	0.829789	9.377130	1	9.331347	102.406670
4315	1000	29	22	26	0	3	7	0	3	0	0	0	0	0	0	0	1.00	-1.00	1.210403	4.810989	0.826937	9.293036	1	9.376178	102.406670
4316	1000	37	33	24	0	7	8	0	3	0	0	0	0	0	0	0	1.00	-1.00	1.210403	4.810989	0.821234	9.139791	1	9.291943	102.406670
4317	1000	32	33	31	0	9	8	0	4	0	0	0	0	0	0	0	1.00	-1.00	1.209597	4.807765	0.825512	9.269597	1	9.300482	102.406670
4318	1000	27	19	21	0	8	6	0	0	0	0	0	0	0	0	0	1.00	-1.00	1.210403	4.812601	0.826937	9.285594	1	9.239869	102.406670
4319	1000	27	30	26	0	9	6	0	4	0	0	1	0	0	0	0	1.00	-1.00	1.210403	4.809377	0.825512	9.262158	1	9.285594	102.406670
4320	1000	25	32	24	0	11	6	0	4	0	0	1	0	0	0	0	1.00	-1.00	1.210403	4.812601	0.828363	9.323893	1	9.285594	102.406670
4321	1000	26	30	24	0	7	7	0	2	0	0	1	0	0	0	0	1.00	-1.00	1.210403	4.807765	0.831215	9.422943	1	9.315391	102.406670
4322	1000	26	30	32	0	7	7	0	4	0	0	1	0	0	0	0	1.00	-1.00	1.208791	4.807765	0.826937	9.307933	1	9.293036	102.406670
4323	1000	29	28	26	0	9	9	0	2	0	0	0	0	0	0	0	1.00	-1.00	1.208791	4.809377	0.824086	9.223834	1	9.216413	102.406670
4324	1000	18	27	33	0	4	5	0	6	0	0	0	0	0	0	0	1.00	-1.00	1.208791	4.809377	0.824086	9.223834	1	9.261013	102.406670
4325	1000	26	22	25	0	4	6	0	1	0	0	0	0	0	0	0	1.00	-1.00	1.207985	4.807765	0.818383	9.077913	1	9.176817	102.406670
4326	1000	29	31	37	0	4	9	0	5	0	0	0	0	0	0	0	1.00	-1.00	1.208791	4.809377	0.825512	9.262158	1	9.208997	102.406670
4327	1000	25	24	35	0	7	9	0	2	0	0	0	0	0	0	0	1.00	-1.00	1.208791	4.809377	0.824086	9.223834	1	9.101480	102.406670
4328	1000	33	28	28	0	9	8	0	3	0	0	0	0	0	0	0	1.00	-1.00	1.209597	4.810989	0.825512	9.254724	1	9.208997	102.406670
4329	1000	18	30	20	0	2	3	0	8	0	0	0	0	0	0	0	1.00	-1.00	1.208791	4.810989	0.824086	9.216413	1	9.216413	102.406670
4330	1000	30	20	24	0	2	11	0	3	0	0	0	0	0	0	0	1.00	-1.00	1.208791	4.810989	0.818383	9.063168	1	9.200340	102.406670
4331	1000	16	18	27	0	5	4	0	0	0	0	0	0	0	0	0	1.00	-1.00	1.207985	4.809377	0.824086	9.223834	1	9.247296	102.406670
4332	1000	28	33	29	0	9	10	0	4	0	0	1	0	0	0	0	1.00	-1.00	1.207985	4.807765	0.821234	9.154587	1	9.108863	102.406670
4333	1000	34	32	19	0	11	7	0	2	0	0	1	0	0	0	0	1.00	-1.00	1.208791	4.810989	0.821234	9.139791	1	8.979204	102.406670
4334	1000	35	35	32	0	8	10	0	6	0	0	0	0	0	0	0	1.00	-1.00	1.207985	4.810989	0.818383	9.063168	1	9.169401	102.406670
4335	1000	25	23	36	0	4	9	0	4	0	0	0	0	0	0	0	1.00	-1.00	1.206374	4.802930	0.821234	9.176817	1	9.147186	102.406670
4336	1000	24	37	15	0	8	4	0	3	0	0	1	0	0	0	0	1.00	-1.25	1.206374	4.810989	0.821234	9.139791	1	9.139791	102.406670
4337	1000	28	28	32	0	6	7	0	2	0	0	0	0	0	0	0	1.00	-1.25	1.207180	4.809377	0.822660	9.185511	1	9.101480	102.406670
4338	1000	49	27	21	0	14	8	0	1	0	0	0	0	0	0	0	1.00	-1.25	1.206374	4.807765	0.821234	9.154587	1	9.147186	102.406670
4339	1000	27	39	32	0	8	9	0	6	0	0	2	0	0	0	0	1.00	-1.00	1.208791	4.809377	0.814106	8.955564	1	9.169401	102.406670
4340	1000	31	22	35	0	6	11	0	1	0	0	0	0	0	0	0	1.00	-1.25	1.205568	4.804542	0.821234	9.169401	1	9.154587	102.406670
4341	1000	26	37	27	0	9	6	0	1	0	0	0	0	0	0	0	1.00	-1.25	1.206374	4.806154	0.819809	9.123642	1	9.077913	102.406670
4342	1000	30	32	28	0	8	7	0	3	0	0	1	0	0	0	0	1.00	-1.25	1.205568	4.807765	0.818383	9.077913	1	8.993888	102.406670
4343	1000	29	25	32	0	11	5	0	2	0	0	0	0	0	0	0	1.00	-1.25	1.207180	4.810989	0.814106	8.948233	1	9.131039	102.406670
4344	1000	30	25	22	0	7	8	0	1	0	0	0	0	0	0	0	1.00	-1.25	1.204762	4.804542	0.819809	9.131039	1	9.116249	102.406670
4345	1000	31	20	32	0	5	7	0	0	0	0	0	0	0	0	0	1.00	-1.25	1.204762	4.806154	0.818383	9.085292	1	9.070538	102.406670
4346	1000	39	23	42	0	10	14	0	3	0	0	0	0	0	0	0	1.00	-1.25	1.206374	4.807765	0.818383	9.077913	1	9.032213	102.406670
4347	1000	31	31	27	0	9	11	0	6	0	0	1	0	0	0	0	1.00	-1.25	1.204762	4.804542	0.819809	9.131039	1	9.085292	102.406670
4348	1000	28	38	30	0	7	10	0	6	0	0	2	0	0	0	0	1.00	-1.00	1.206374	4.802930	0.839769	9.675703	1	9.122262	102.406670
4349	1000	29	21	24	0	7	7	0	1	0	0	0	0	0	0	0	1.00	-1.25	1.203956	4.806154	0.819809	9.123642	1	9.123642	102.406670
4350	1000	39	42	30	0	15	9	0	2	0	0	1	0	0	0	0	1.00	-1.25	1.203956	4.806154	0.815531	9.008590	1	8.993888	102.406670
4351	1000	25	28	20	0	9	5	0	1	0	0	0	0	0	0	0	1.00	-1.25	1.204762	4.809377	0.816957	9.032213	1	9.114859	102.406670
4352	1000	40	37	35	0	7	15	0	6	0	0	1	0	0	0	0	1.00	-1.25	1.204762	4.807765	0.811254	8.886226	1	9.030680	102.406670
4353	1000	32	34	30	0	10	9	0	4	0	0	1	0	0	0	0	1.00	-1.25	1.203150	4.802930	0.816957	9.061689	1	9.008590	102.406670
4354	1000	28	31	26	0	9	6	0	3	0	0	1	0	0	0	0	1.00	-1.25	1.204762	4.807765	0.818383	9.077913	1	9.024858	102.406670
4355	1000	27	33	33	0	8	6	0	7	0	0	0	0	0	0	0	1.00	-1.25	1.203150	4.802930	0.815531	9.023312	1	9.008590	102.406670
4356	1000	40	23	32	0	9	11	0	6	0	0	1	0	0	0	0	1.00	-1.25	1.203956	4.804542	0.815531	9.015948	1	9.046942	102.406670
4357	1000	27	36	26	0	10	4	0	3	0	0	0	0	0	0	0	1.00	-1.25	1.203956	4.804542	0.812680	8.939223	1	8.992292	102.406670
4358	1000	32	31	32	0	9	11	0	3	0	0	0	0	0	0	0	1.00	-1.25	1.202344	4.801319	0.814106	8.992292	1	9.015948	102.406670
4359	1000	20	30	40	0	8	7	0	6	0	0	1	0	0	0	0	1.00	-1.25	1.202344	4.802930	0.815531	9.023312	1	8.946561	102.406670
4360	1000	24	28	33	0	7	4	0	7	0	0	0	0	0	0	0	1.00	-1.25	1.203150	4.806154	0.815531	9.008590	1	8.809551	102.406670
4361	1000	30	19	26	0	7	11	0	1	0	0	0	0	0	0	0	1.00	-1.25	1.203956	4.807765	0.814106	8.962899	1	8.955564	102.406670
4362	1000	21	16	26	0	4	6	0	1	0	0	0	0	0	0	0	1.00	-1.25	1.202344	4.799707	0.811254	8.922850	1	8.961252	102.406670
4363	1000	27	27	31	0	5	7	0	3	0	0	1	0	0	0	0	1.00	-1.25	1.201538	4.802930	0.812680	8.946561	1	8.970240	102.406670
4364	1000	24	20	21	0	4	6	0	1	0	0	0	0	0	0	0	1.00	-1.25	1.202344	4.804542	0.812680	8.939223	1	8.917238	102.406670
4365	1000	27	36	34	0	6	8	0	5	0	0	0	0	0	0	0	1.00	-1.25	1.200733	4.794872	0.814106	9.021765	1	9.007018	102.406670
4366	1000	40	23	34	0	6	10	0	3	0	0	1	0	0	0	0	1.00	-1.25	1.201538	4.804542	0.809828	8.862497	1	8.968605	102.406670
4367	1000	28	33	28	0	11	6	0	6	0	0	1	0	0	0	0	1.00	-1.25	1.200733	4.799707	0.811254	8.922850	1	8.908186	102.406670
4368	1000	30	31	23	0	7	6	0	2	0	0	0	0	0	0	0	1.00	-1.25	1.200733	4.802930	0.811254	8.908186	1	8.869810	102.406670
4369	1000	35	39	32	0	9	9	0	4	0	0	1	0	0	0	0	1.00	-1.25	1.201538	4.802930	0.811254	8.908186	1	8.846047	102.406670
4370	1000	33	37	29	0	11	6	0	7	0	0	1	0	0	0	0	1.00	-1.25	1.201538	4.804542	0.809828	8.862497	1	8.893541	102.406670
4371	1000	30	34	34	0	15	12	0	4	0	0	1	0	0	0	0	1.00	-1.25	1.200733	4.798095	0.809828	8.891775	1	8.915516	102.406670
4372	1000	28	31	34	0	5	6	0	7	0	0	0	0	0	0	0	1.00	-1.25	1.199927	4.799707	0.812680	8.961252	1	8.869810	102.406670
4373	1000	25	24	31	0	4	8	0	7	0	0	1	0	0	0	0	1.00	-1.25	1.199927	4.802930	0.811254	8.908186	1	8.862497	102.406670
4374	1000	24	21	33	0	4	11	0	5	0	0	1	0	0	0	0	1.00	-1.25	1.201538	4.807765	0.811254	8.886226	1	8.886226	102.406670
4375	1000	27	23	20	0	5	2	0	2	0	0	0	0	0	0	0	1.00	-1.25	1.200733	4.799707	0.724283	6.580356	1	8.930190	102.406670
4376	1000	27	25	37	0	8	7	0	4	0	0	0	0	0	0	0	1.00	-1.25	1.199927	4.801319	0.811254	8.915516	1	8.893541	102.406670
4377	1000	36	37	37	0	15	8	0	4	0	0	2	0	0	0	0	1.00	-1.25	1.199927	4.804542	0.809828	8.862497	1	8.824135	102.406670
4378	1000	29	30	24	0	8	5	0	2	0	0	0	0	0	0	0	1.00	-1.25	1.199927	4.802930	0.808403	8.831435	1	8.670682	102.406670
4379	1000	31	40	29	0	10	3	0	2	0	0	0	0	0	0	0	1.00	-1.25	1.199121	4.802930	0.806977	8.793057	1	8.831435	102.406670
4380	1000	25	38	35	0	12	7	0	7	0	0	1	0	0	0	0	1.00	-1.25	1.198315	4.794872	0.808403	8.868004	1	8.860681	102.406670
4381	1000	26	26	29	0	3	9	0	4	0	0	0	0	0	0	0	1.00	-1.25	1.197509	4.796484	0.808403	8.860681	1	8.800348	102.406670
4382	1000	33	28	30	0	5	8	0	3	0	0	0	0	0	0	0	1.00	-1.25	1.199121	4.801319	0.806977	8.800348	1	8.831435	102.406670
4383	1000	26	32	30	0	9	9	0	5	0	0	1	0	0	0	0	1.00	-1.25	1.199121	4.801319	0.808403	8.838738	1	8.838738	102.406670
4384	1000	25	26	21	0	6	3	0	4	0	0	0	0	0	0	0	1.00	-1.25	1.198315	4.801319	0.805551	8.761959	1	8.860681	102.406670
4385	1000	35	18	31	0	4	13	0	0	0	0	0	0	0	0	0	1.00	-1.25	1.197509	4.796484	0.805551	8.783823	1	8.800348	102.406670
4386	1000	29	30	22	0	11	8	0	2	0	0	0	0	0	0	0	1.00	-1.25	1.197509	4.798095	0.805551	8.776530	1	8.783823	102.406670
4387	1000	19	17	24	0	6	7	0	2	0	0	0	0	0	0	0	1.00	-1.25	1.198315	4.802930	0.806977	8.793057	1	8.747407	102.406670
4388	1000	37	29	36	0	12	9	0	4	0	0	0	0	0	0	0	1.00	-1.25	1.197509	4.798095	0.806977	8.814945	1	8.769242	102.406670
4389	1000	24	33	33	0	7	3	0	4	0	0	0	0	0	0	0	1.00	-1.25	1.197509	4.798095	0.801274	8.661287	1	8.822250	102.406670
4390	1000	29	33	33	0	9	9	0	9	0	0	2	0	0	0	0	1.00	-1.25	1.196703	4.798095	0.806977	8.814945	1	8.761959	102.406670
4391	1000	24	16	27	0	5	10	0	0	0	0	0	0	0	0	0	1.00	-1.25	1.197509	4.801319	0.806977	8.800348	1	8.747407	102.406670
4392	1000	32	30	35	0	8	8	0	3	0	0	0	0	0	0	0	1.00	-1.25	1.196703	4.799707	0.805551	8.769242	1	8.761959	102.406670
4393	1000	29	21	39	0	4	12	0	3	0	0	0	0	0	0	0	1.00	-1.25	1.197509	4.802930	0.805551	8.754681	1	8.783823	102.406670
4394	1000	25	26	25	0	7	7	0	7	0	0	1	0	0	0	0	1.00	-1.25	1.196703	4.798095	0.806977	8.814945	1	8.761959	102.406670
4395	1000	21	27	22	0	7	5	0	1	0	0	0	0	0	0	0	0.50	-1.25	1.195897	4.796484	0.802700	8.706970	1	8.706970	102.406670
4396	1000	21	33	21	0	9	3	0	5	0	0	1	0	0	0	0	1.00	-1.25	1.196703	4.802930	0.804125	8.716306	1	8.625091	102.406670
4397	1000	28	20	23	0	7	5	0	0	0	0	0	0	0	0	0	0.50	-1.25	1.196703	4.801319	0.804125	8.723571	1	8.716306	102.406670
4398	1000	33	27	25	0	8	7	0	4	0	0	1	0	0	0	0	1.00	-1.25	1.195092	4.791648	0.804125	8.767267	1	8.714241	102.406670
4399	1000	26	21	22	0	9	5	0	2	0	0	2	0	0	0	0	0.50	-1.25	1.195897	4.799707	0.804125	8.730842	1	8.716306	102.406670
4400	1000	33	33	32	0	12	7	0	6	0	0	3	0	0	0	0	0.50	-1.25	1.195897	4.801319	0.801274	8.646793	1	8.716306	102.406670
4401	1000	27	32	36	0	8	11	0	8	0	0	0	0	0	0	0	0.50	-1.25	1.195092	4.799707	0.802700	8.692441	1	8.692441	102.406670
4402	1000	25	29	36	0	5	7	0	3	0	0	0	0	0	0	0	0.50	-1.25	1.196703	4.802930	0.856878	10.136210	1	8.738117	102.406670
4403	1000	30	29	26	0	7	7	0	4	0	0	0	0	0	0	0	0.50	-1.25	1.195092	4.796484	0.804125	8.745398	1	8.692441	102.406670
4404	1000	40	30	39	0	9	12	0	5	0	0	1	0	0	0	0	0.50	-1.25	1.195092	4.798095	0.804125	8.738117	1	8.738117	102.406670
4405	1000	33	29	34	0	8	6	0	6	0	0	1	0	0	0	0	0.50	-1.25	1.194286	4.796484	0.801274	8.668543	1	8.654038	102.406670
4406	1000	29	21	41	0	5	4	0	3	0	0	0	0	0	0	0	0.50	-1.25	1.195092	4.801319	0.801274	8.646793	1	8.646793	102.406670
4407	1000	29	27	36	0	6	8	0	2	0	0	0	0	0	0	0	0.50	-1.25	1.194286	4.794872	0.801274	8.675801	1	8.668543	102.406670
4408	1000	28	22	29	0	6	8	0	1	0	0	0	0	0	0	0	0.50	-1.25	1.193480	4.794872	0.801274	8.675801	1	8.622874	102.406670
4409	1000	31	25	27	0	10	4	0	1	0	0	0	0	0	0	0	0.50	-1.25	1.194286	4.798095	0.801274	8.661287	1	8.654038	102.406670
4410	1000	35	32	28	0	10	12	0	2	0	0	0	0	0	0	0	0.50	-1.25	1.193480	4.798095	0.801274	8.661287	1	8.661287	102.406670
4411	1000	25	25	24	0	6	4	0	2	0	0	0	0	0	0	0	0.50	-1.25	1.195092	4.802930	0.792719	8.409302	1	8.668543	102.406670
4412	1000	27	30	20	0	7	4	0	4	0	0	0	0	0	0	0	0.50	-1.25	1.193480	4.796484	0.801274	8.668543	1	8.622874	102.406670
4413	1000	29	37	35	0	10	9	0	4	0	0	0	0	0	0	0	0.50	-1.25	1.193480	4.796484	0.798422	8.591689	1	8.567708	102.406670
4415	1000	32	23	40	0	6	13	0	1	0	0	0	0	0	0	0	0.50	-1.25	1.193480	4.798095	0.799848	8.622874	1	8.608407	102.406670
4416	1000	33	35	30	0	9	10	0	6	0	0	1	0	0	0	0	0.50	-1.25	1.192674	4.793260	0.798422	8.606159	1	8.591689	102.406670
4417	1000	31	33	44	0	6	12	0	8	0	0	0	0	0	0	0	0.50	-1.25	1.192674	4.793260	0.792719	8.452348	1	8.567708	102.406670
4418	1000	32	23	31	0	5	13	0	0	0	0	0	0	0	0	0	0.50	-1.50	1.192674	4.796484	0.798422	8.591689	1	8.577236	102.406670
4419	1000	28	26	24	0	7	11	0	4	0	0	1	0	0	0	0	0.50	-1.25	1.193480	4.798095	0.798422	8.584459	1	8.615638	102.406670
4420	1000	21	32	27	0	6	3	0	5	0	0	0	0	0	0	0	0.50	-1.50	1.191868	4.794872	0.798422	8.598921	1	8.591689	102.406670
4421	1000	34	39	26	0	9	7	0	6	0	0	0	0	0	0	0	0.50	-1.50	1.192674	4.798095	0.795571	8.507631	1	8.543693	102.406670
4422	1000	26	28	33	0	9	9	0	6	0	0	2	0	0	0	0	0.50	-1.50	1.191868	4.794872	0.798422	8.598921	1	8.584459	102.406670
4423	1000	42	35	31	0	13	9	0	2	0	0	0	0	0	0	0	0.50	-1.50	1.191062	4.791648	0.798422	8.613402	1	8.550920	102.406670
4424	1000	37	33	33	0	11	11	0	4	0	0	2	0	0	0	0	0.50	-1.50	1.191868	4.799707	0.796996	8.538836	1	8.493240	102.406670
4425	1000	30	31	28	0	8	7	0	6	0	0	0	0	0	0	0	0.50	-1.50	1.192674	4.799707	0.796996	8.538836	1	8.538836	102.406670
4426	1000	23	34	26	0	7	7	0	9	0	0	0	0	0	0	0	0.50	-1.50	1.191062	4.790037	0.795571	8.543693	1	8.543693	102.406670
4427	1000	31	31	37	0	10	14	0	2	0	0	1	0	0	0	0	0.50	-1.50	1.191062	4.794872	0.795571	8.522042	1	8.514834	102.406670
4428	1000	22	25	20	0	7	3	0	3	0	0	0	0	0	0	0	0.50	-1.50	1.191062	4.794872	0.796996	8.560482	1	8.469218	102.406670
4429	1000	37	26	37	0	11	9	0	3	0	0	1	0	0	0	0	0.50	-1.50	1.191062	4.796484	0.795571	8.514834	1	8.514834	102.406670
4430	1000	34	29	33	0	5	11	0	2	0	0	1	0	0	0	0	0.50	-1.50	1.191062	4.794872	0.785590	8.252959	1	8.543693	102.406670
4431	1000	20	27	27	0	6	5	0	5	0	0	1	0	0	0	0	0.50	-1.50	1.189451	4.791648	0.795571	8.536471	1	8.514834	102.406670
4432	1000	25	22	31	0	5	7	0	3	0	0	0	0	0	0	0	0.50	-1.50	1.190256	4.794872	0.792719	8.445162	1	8.466736	102.406670
4433	1000	28	40	21	0	7	6	0	2	0	0	0	0	0	0	0	0.50	-1.50	1.191062	4.796484	0.792719	8.437980	1	8.469218	102.406670
4434	1000	35	39	34	0	12	14	0	4	0	0	2	0	0	0	0	0.50	-1.50	1.191062	4.794872	0.792719	8.445162	1	8.437980	102.406670
4435	1000	33	28	39	0	5	15	0	5	0	0	0	0	0	0	0	0.50	-1.50	1.190256	4.791648	0.789868	8.382606	1	8.466736	102.406670
4436	1000	25	21	34	0	3	10	0	3	0	0	0	0	0	0	0	0.50	-1.50	1.187839	4.788425	0.792719	8.473937	1	8.459540	102.406670
4437	1000	20	34	34	0	9	6	0	3	0	0	0	0	0	0	0	0.50	-1.50	1.188645	4.793260	0.792719	8.452348	1	8.490801	102.406670
4438	1000	27	26	34	0	7	5	0	2	0	0	0	0	0	0	0	0.50	-1.50	1.188645	4.794872	0.791293	8.406719	1	8.452348	102.406670
4439	1000	31	28	34	0	9	12	0	5	0	0	1	0	0	0	0	0.50	-1.50	1.188645	4.793260	0.788442	8.336987	1	8.449833	102.406670
4440	1000	36	32	30	0	9	8	0	3	0	0	0	0	0	0	0	0.50	-1.50	1.187033	4.788425	0.792719	8.473937	1	8.459540	102.406670
4441	1000	37	36	34	0	13	14	0	5	0	0	1	0	0	0	0	0.50	-1.50	1.188645	4.793260	0.791293	8.413893	1	8.358459	102.406670
4442	1000	33	29	35	0	11	10	0	2	0	0	0	0	0	0	0	0.50	-1.50	1.189451	4.794872	0.791293	8.406719	1	8.399549	102.406670
4443	1000	26	32	34	0	5	9	0	4	0	0	0	0	0	0	0	0.50	-1.50	1.188645	4.794872	0.791293	8.406719	1	8.361124	102.406670
4444	1000	35	29	35	0	5	11	0	4	0	0	0	0	0	0	0	0.50	-1.50	1.187033	4.788425	0.818383	9.166792	1	8.449833	102.406670
4445	1000	30	35	27	0	8	7	0	7	0	0	2	0	0	0	0	0.50	-1.50	1.187839	4.793260	0.791293	8.413893	1	8.399549	102.406670
4446	1000	27	21	40	0	6	7	0	3	0	0	0	0	0	0	0	0.50	-1.50	1.187033	4.793260	0.789868	8.375440	1	8.375440	102.406670
4447	1000	28	25	27	0	8	11	0	2	0	0	0	0	0	0	0	0.50	-1.50	1.187033	4.793260	0.791293	8.413893	1	8.375440	102.406670
4448	1000	28	22	27	0	5	11	0	2	0	0	1	0	0	0	0	0.50	-1.50	1.187839	4.794872	0.785590	8.252959	1	8.358459	102.406670
4449	1000	25	18	27	0	3	7	0	1	0	0	0	0	0	0	0	0.50	-1.50	1.187033	4.791648	0.791293	8.421071	1	8.368279	102.406670
4450	1000	24	27	32	0	6	9	0	4	0	0	0	0	0	0	0	0.50	-1.50	1.187033	4.791648	0.791293	8.421071	1	8.344140	102.406670
4451	1000	39	34	29	0	9	16	0	3	0	0	1	0	0	0	0	0.50	-1.50	1.187033	4.791648	0.791293	8.421071	1	8.336987	102.406670
4452	1000	28	35	28	0	11	4	0	6	0	0	1	0	0	0	0	0.50	-1.50	1.187033	4.793260	0.788442	8.336987	1	8.329840	102.406670
4453	1000	28	26	18	0	5	3	0	3	0	0	0	0	0	0	0	0.50	-1.50	1.186227	4.786813	0.787016	8.327122	1	8.351296	102.406670
4454	1000	34	28	29	0	11	8	0	3	0	0	1	0	0	0	0	0.50	-1.50	1.183810	4.785202	0.788442	8.372798	1	8.327122	102.406670
4455	1000	24	32	34	0	5	7	0	6	0	0	0	0	0	0	0	0.50	-1.50	1.186227	4.790037	0.788442	8.351296	1	8.336987	102.406670
4456	1000	41	30	31	0	18	6	0	5	0	0	0	0	0	0	0	0.50	-1.50	1.187033	4.794872	0.788442	8.329840	1	8.322698	102.406670
4457	1000	28	30	22	0	7	7	0	2	0	0	1	0	0	0	0	0.50	-1.50	1.186227	4.793260	0.848324	9.952021	1	8.327122	102.406670
4458	1000	20	19	22	0	3	6	0	2	0	0	0	0	0	0	0	0.50	-1.50	1.185421	4.788425	0.788442	8.358459	1	8.305675	102.406670
4459	1000	37	30	44	0	8	19	0	9	0	0	2	0	0	0	0	0.50	-1.50	1.184615	4.790037	0.785590	8.274340	1	8.319968	102.406670
4460	1000	26	34	27	0	8	8	0	6	0	0	1	0	0	0	0	0.50	-1.50	1.184615	4.788425	0.785590	8.281476	1	8.312819	102.406670
4461	1000	30	40	28	0	9	7	0	8	0	0	1	0	0	0	0	0.50	-1.50	1.184615	4.788425	0.787016	8.319968	1	8.274340	102.406670
4462	1000	28	28	34	0	5	7	0	2	0	0	0	0	0	0	0	0.50	-1.50	1.184615	4.783590	0.781313	8.187320	1	8.264380	102.406670
4463	1000	26	24	31	0	7	9	0	3	0	0	0	0	0	0	0	0.50	-1.50	1.183810	4.786813	0.785590	8.288617	1	8.274340	102.406670
4464	1000	25	25	30	0	8	6	0	1	0	0	0	0	0	0	0	0.50	-1.50	1.185421	4.793260	0.785590	8.260081	1	8.284270	102.406670
4465	1000	31	28	38	0	4	14	0	2	0	0	0	0	0	0	0	0.50	-1.50	1.185421	4.793260	0.785590	8.260081	1	8.267208	102.406670
4466	1000	22	22	23	0	8	5	0	2	0	0	0	0	0	0	0	0.50	-1.50	1.183810	4.786813	0.785590	8.288617	1	8.271523	102.406670
4467	1000	21	36	30	0	7	8	0	6	0	0	1	0	0	0	0	0.50	-1.50	1.183810	4.788425	0.785590	8.281476	1	8.267208	102.406670
4468	1000	25	23	31	0	9	8	0	2	0	0	0	0	0	0	0	0.50	-1.50	1.183810	4.788425	0.785590	8.281476	1	8.144721	102.406670
4469	1000	30	29	24	0	7	8	0	0	0	0	0	0	0	0	0	0.50	-1.50	1.183810	4.791648	0.785590	8.267208	1	8.260081	102.406670
4470	1000	41	33	29	0	10	9	0	3	0	0	0	0	0	0	0	0.50	-1.50	1.183810	4.790037	0.784165	8.235860	1	8.235860	102.406670
4471	1000	29	35	22	0	8	7	0	2	0	0	0	0	0	0	0	0.50	-1.50	1.183004	4.786813	0.787016	8.327122	1	8.187320	102.406670
4472	1000	32	29	33	0	9	11	0	3	0	0	0	0	0	0	0	0.50	-1.50	1.182198	4.786813	0.784165	8.250110	1	8.197380	102.406670
4473	1000	37	37	31	0	11	7	0	9	0	0	0	0	0	0	0	0.50	-1.50	1.181392	4.783590	0.782739	8.225850	1	8.211606	102.406670
4474	1000	23	29	34	0	4	5	0	2	0	0	0	0	0	0	0	0.50	-1.50	1.182198	4.786813	0.782739	8.211606	1	8.211606	102.406670
4475	1000	33	27	28	0	10	7	0	3	0	0	0	0	0	0	0	0.50	-1.50	1.183810	4.791648	0.778462	8.074877	1	8.225850	102.406670
4476	1000	32	24	21	0	6	6	0	3	0	0	0	0	0	0	0	0.50	-1.50	1.182198	4.788425	0.782739	8.204491	1	8.228742	102.406670
4477	1000	36	36	31	0	11	8	0	3	0	0	0	0	0	0	0	0.50	-1.50	1.182198	4.790037	0.782739	8.197380	1	7.983877	102.406670
4478	1000	28	26	27	0	7	7	0	5	0	0	2	0	0	0	0	0.50	-1.50	1.183004	4.791648	0.779887	8.113343	1	8.144721	102.406670
4479	1000	22	35	21	0	5	7	0	2	0	0	0	0	0	0	0	0.50	-1.50	1.182198	4.788425	0.779887	8.127507	1	8.165998	102.406670
4480	1000	30	35	31	0	14	8	0	6	0	0	0	0	0	0	0	0.50	-1.50	1.182198	4.786813	0.789868	8.404132	1	8.218726	102.406670
4481	1000	28	37	37	0	8	6	0	9	0	0	0	0	0	0	0	0.50	-1.50	1.180586	4.781978	0.781313	8.194437	1	8.134598	102.406670
4482	1000	20	25	34	0	5	10	0	3	0	0	1	0	0	0	0	0.50	-1.50	1.182198	4.788425	0.779887	8.127507	1	8.113343	102.406670
4483	1000	40	31	31	0	11	6	0	4	0	0	0	0	0	0	0	0.50	-1.75	1.181392	4.790037	0.779887	8.120422	1	8.165998	102.406670
4484	1000	37	33	33	0	12	8	0	4	0	0	0	0	0	0	0	0.50	-1.75	1.180586	4.786813	0.778462	8.096092	1	8.155892	102.406670
4485	1000	24	39	26	0	9	7	0	4	0	0	0	0	0	0	0	0.50	-1.75	1.178974	4.781978	0.779887	8.155892	1	8.141691	102.406670
4486	1000	31	35	32	0	10	9	0	3	0	0	0	0	0	0	0	0.50	-1.75	1.180586	4.788425	0.778462	8.089015	1	7.889550	102.406670
4487	1000	31	21	33	0	7	9	0	2	0	0	0	0	0	0	0	0.50	-1.75	1.179780	4.786813	0.778462	8.096092	1	8.050525	102.406670
4488	1000	33	35	31	0	9	11	0	8	0	0	1	0	0	0	0	0.50	-1.75	1.180586	4.786813	0.777036	8.057588	1	8.089015	102.406670
4489	1000	31	31	31	0	4	5	0	2	0	0	0	0	0	0	0	0.50	-1.75	1.179780	4.785202	0.767056	7.795029	1	8.078805	102.406670
4490	1000	29	31	32	0	9	5	0	6	0	0	0	0	0	0	0	0.50	-1.75	1.179780	4.786813	0.778462	8.096092	1	8.081944	102.406670
4491	1000	14	21	21	0	4	5	0	4	0	0	0	0	0	0	0	0.50	-1.75	1.179780	4.786813	0.778462	8.096092	1	8.050525	102.406670
4492	1000	33	29	29	0	11	8	0	2	0	0	0	0	0	0	0	0.50	-1.75	1.179780	4.788425	0.778462	8.089015	1	8.033196	102.406670
4493	1000	35	32	32	0	8	9	0	5	0	0	0	0	0	0	0	0.50	-1.75	1.178974	4.785202	0.775610	8.026137	1	8.117350	102.406670
4494	1000	26	20	20	0	11	4	0	2	0	0	1	0	0	0	0	0.50	-1.75	1.178974	4.786813	0.779887	8.134598	1	8.089015	102.406670
4495	1000	26	33	36	0	8	8	0	5	0	0	1	0	0	0	0	0.50	-1.75	1.178974	4.785202	0.779887	8.141691	1	8.050525	102.406670
4496	1000	33	34	26	0	8	6	0	5	0	0	1	0	0	0	0	0.50	-1.75	1.178974	4.785202	0.777036	8.064655	1	8.050525	102.406670
4497	1000	40	30	27	0	9	12	0	2	0	0	1	0	0	0	0	0.50	-1.75	1.178974	4.785202	0.775610	8.026137	1	8.019082	102.406670
4498	1000	14	30	28	0	4	3	0	8	0	0	0	0	0	0	0	0.50	-1.75	1.178169	4.780366	0.762778	7.700317	1	8.022901	102.406670
4499	1000	36	25	29	0	8	7	0	4	0	0	0	0	0	0	0	0.50	-1.75	1.177363	4.783590	0.777036	8.071729	1	8.019082	102.406670
4500	1000	21	23	28	0	1	5	0	1	0	0	0	0	0	0	0	0.50	-1.75	1.178169	4.786813	0.775610	8.019082	1	8.012032	102.406670
4501	1000	32	26	35	0	6	14	0	3	0	0	1	0	0	0	0	0.50	-1.75	1.178169	4.785202	0.775610	8.026137	1	8.001717	102.406670
4502	1000	32	36	24	0	12	5	0	4	0	0	2	0	0	0	0	0.50	-1.75	1.178169	4.785202	0.769907	7.872066	1	8.022901	102.406670
4503	1000	33	32	34	0	8	8	0	1	0	0	0	0	0	0	0	0.50	-1.75	1.175751	4.778755	0.774184	8.015835	1	8.001717	102.406670
4504	1000	23	24	33	0	4	11	0	6	0	0	0	0	0	0	0	0.50	-1.75	1.177363	4.785202	0.775610	8.026137	1	8.012032	102.406670
4505	1000	27	31	34	0	7	10	0	6	0	0	3	0	0	0	0	0.50	-1.75	1.177363	4.785202	0.772759	7.949101	1	8.019082	102.406670
4506	1000	40	25	40	0	8	14	0	2	0	0	0	0	0	0	0	0.50	-1.75	1.177363	4.785202	0.772759	7.949101	1	7.949101	102.406670
4507	1000	26	29	26	0	9	8	0	4	0	0	1	0	0	0	0	0.50	-1.75	1.177363	4.783590	0.784165	8.264380	1	7.963174	102.406670
4508	1000	32	24	26	0	9	10	0	2	0	0	0	0	0	0	0	0.50	-1.75	1.176557	4.783590	0.774184	7.994666	1	7.949101	102.406670
4509	1000	21	31	19	0	3	6	0	3	0	0	0	0	0	0	0	0.50	-1.75	1.176557	4.783590	0.772759	7.956136	1	7.903568	102.406670
4510	1000	31	32	34	0	10	9	0	6	0	0	1	0	0	0	0	0.50	-1.75	1.176557	4.781978	0.772759	7.963174	1	7.917604	102.406670
4511	1000	33	29	30	0	12	9	0	2	0	0	0	0	0	0	0	0.50	-1.75	1.177363	4.786813	0.767056	7.788050	1	7.970217	102.406670
4512	1000	26	30	23	0	7	6	0	3	0	0	0	0	0	0	0	0.50	-1.75	1.175751	4.783590	0.772759	7.956136	1	7.942072	102.406670
4513	1000	41	43	37	0	17	17	0	6	0	0	3	0	0	0	0	0.50	-1.75	1.174945	4.780366	0.771333	7.931660	1	7.840543	102.406670
4514	1000	26	22	32	0	6	10	0	4	0	0	0	0	0	0	0	0.50	-1.75	1.175751	4.781978	0.772759	7.963174	1	7.994666	102.406670
4515	1000	41	33	34	0	9	14	0	3	0	0	0	0	0	0	0	0.50	-1.75	1.176557	4.785202	0.774184	7.987619	1	7.949101	102.406670
4516	1000	27	36	25	0	8	4	0	2	0	0	0	0	0	0	0	0.50	-1.75	1.175751	4.781978	0.832640	9.582018	1	7.893104	102.406670
4517	1000	36	37	34	0	10	9	0	9	0	0	1	0	0	0	0	0.50	-1.75	1.174945	4.780366	0.769907	7.893104	1	7.917604	102.406670
4518	1000	31	33	38	0	7	8	0	5	0	0	0	0	0	0	0	0.50	-1.75	1.175751	4.786813	0.771333	7.903568	1	7.896556	102.406670
4519	1000	25	37	27	0	6	5	0	7	0	0	0	0	0	0	0	0.50	-1.75	1.174945	4.780366	0.769907	7.893104	1	7.914184	102.406670
4520	1000	21	36	38	0	6	9	0	3	0	0	0	0	0	0	0	0.50	-1.75	1.174945	4.783590	0.765630	7.763479	1	7.907152	102.406670
4521	1000	38	38	37	0	11	12	0	6	0	0	1	0	0	0	0	0.50	-1.75	1.174139	4.778755	0.771333	7.938695	1	7.879074	102.406670
4522	1000	30	24	27	0	7	6	0	2	0	0	1	0	0	0	0	0.50	-1.75	1.174139	4.781978	0.771333	7.924630	1	7.886087	102.406670
4523	1000	28	32	26	0	9	7	0	3	0	0	0	0	0	0	0	0.50	-1.75	1.173333	4.777143	0.767056	7.829985	1	7.808997	102.406670
4524	1000	23	26	26	0	6	7	0	6	0	0	2	0	0	0	0	0.50	-1.75	1.174139	4.780366	0.769907	7.893104	1	7.854547	102.406670
4525	1000	33	34	42	0	6	17	0	8	0	0	2	0	0	0	0	0.50	-1.75	1.174139	4.778755	0.764204	7.745844	1	7.875589	102.406670
4526	1000	34	23	25	0	7	10	0	4	0	0	1	0	0	0	0	0.50	-1.75	1.173333	4.781978	0.767056	7.808997	1	7.795029	102.406670
4527	1000	27	24	25	0	5	6	0	1	0	0	0	0	0	0	0	0.50	-1.75	1.172528	4.773920	0.765630	7.805392	1	7.805392	102.406670
4528	1000	25	34	26	0	9	5	0	6	0	0	0	0	0	0	0	0.50	-1.75	1.174139	4.783590	0.768481	7.840543	1	7.802010	102.406670
4529	1000	35	30	35	0	10	14	0	6	0	0	0	0	0	0	0	0.50	-1.75	1.174139	4.783590	0.764204	7.724949	1	7.829985	102.406670
4530	1000	29	27	33	0	6	10	0	1	0	0	0	0	0	0	0	0.50	-1.75	1.172528	4.777143	0.767056	7.829985	1	7.854547	102.406670
4531	1000	38	34	33	0	8	10	0	6	0	0	1	0	0	0	0	0.50	-1.75	1.173333	4.781978	0.768481	7.847543	1	7.840543	102.406670
4532	1000	33	40	30	0	9	8	0	7	0	0	1	0	0	0	0	0.50	-1.75	1.172528	4.780366	0.767056	7.815987	1	7.847543	102.406670
4533	1000	34	38	24	0	13	12	0	5	0	0	0	0	0	0	0	0.50	-1.75	1.172528	4.780366	0.768481	7.854547	1	7.808997	102.406670
4534	1000	37	23	35	0	8	10	0	6	0	0	1	0	0	0	0	0.50	-1.75	1.172528	4.780366	0.761353	7.661761	1	7.861556	102.406670
4535	1000	32	15	28	0	9	10	0	0	0	0	0	0	0	0	0	0.50	-1.75	1.171722	4.775531	0.768481	7.875589	1	7.815987	102.406670
4536	1000	29	27	25	0	8	7	0	0	0	0	0	0	0	0	0	0.50	-1.75	1.172528	4.781978	0.765630	7.770452	1	7.763479	102.406670
4537	1000	31	34	29	0	10	6	0	4	0	0	0	0	0	0	0	0.50	-1.75	1.172528	4.781978	0.765630	7.770452	1	7.752820	102.406670
4538	1000	36	33	29	0	15	11	0	4	0	0	1	0	0	0	0	0.50	-1.75	1.172528	4.781978	0.761353	7.654823	1	7.752820	102.406670
4539	1000	30	27	26	0	9	7	0	4	0	0	1	0	0	0	0	0.50	-1.75	1.171722	4.778755	0.764204	7.745844	1	7.724949	102.406670
4540	1000	29	26	38	0	6	6	0	7	0	0	1	0	0	0	0	0.50	-1.75	1.171722	4.781978	0.765630	7.770452	1	7.609356	102.406670
4541	1000	30	21	26	0	5	9	0	3	0	0	0	0	0	0	0	0.50	-1.75	1.171722	4.778755	0.765630	7.784415	1	7.777431	102.406670
4542	1000	26	21	25	0	7	9	0	5	0	0	0	0	0	0	0	0.50	-1.75	1.171722	4.778755	0.764204	7.745844	1	7.777431	102.406670
4543	1000	20	27	25	0	5	6	0	4	0	0	0	0	0	0	0	0.50	-1.75	1.171722	4.777143	0.824086	9.373303	1	7.766783	102.406670
