time	cnt1	cnt2	cnt3	cnt4	1&2	1&3	1&4	2&3	2&4	3&4	1&2&3	1&2&4	1&3&4	2&3&4	1&2&3&4	adcr	adcp1	adcp2	adcp3	adcntc	ntcT	digT	p1	p2	p3	hvstate	pbsstate	ethstate	listpbs	sdstate	looptime
1	0	2	0	0	0	0	0	0	0	0	0	0	0	0	0	4.944762	4.295796	4.282964	4.281538	2.096044	17.250000	-59.500000	99.307449	99.009239	99.009239	0	0	1	1	-1	0
2	0	0	3	0	0	0	0	0	0	0	0	0	0	0	0	4.943151	4.290093	4.275836	4.278687	2.094432	17.250000	18.000000	99.269463	98.933891	98.971169	0	0	0	1	141	1351494
3	1	0	1	0	0	1	0	0	0	0	0	0	0	0	0	4.944762	4.288667	4.277261	4.275836	2.095238	17.250000	18.000000	99.195625	98.934700	98.934700	0	0	0	1	147	1367636
5	1	1	1	0	0	0	0	0	0	0	0	0	0	0	0	4.943151	4.282964	4.280113	4.272984	2.095238	17.250000	18.000000	99.232185	98.971169	98.933891	0	0	1	1	147	1303263
6	1	0	0	1	0	0	0	0	0	0	0	0	0	0	0	4.941538	4.288667	4.275836	4.275836	2.095238	17.250000	18.000000	99.268776	99.007675	98.970383	0	0	1	1	147	1151018
7	1	1	2	0	0	0	0	0	0	0	0	0	0	0	0	4.943151	4.288667	4.275836	4.275836	2.095238	17.250000	18.000000	99.232185	98.971169	99.008469	0	0	1	1	147	1151000
8	0	3	0	0	0	0	0	0	0	0	0	0	0	0	0	4.941538	4.288667	4.274410	4.274410	2.095238	17.250000	18.000000	99.268776	98.933075	99.007675	0	0	1	1	147	1169970
9	0	1	0	2	0	0	0	0	0	0	0	0	0	0	0	4.941538	4.287241	4.274410	4.272984	2.095238	17.250000	18.000000	99.231468	98.895782	98.933075	0	0	1	1	147	1151015
11	1	1	2	0	0	1	0	0	0	0	0	0	0	0	0	4.943151	4.287241	4.272984	4.272984	2.095238	17.250000	18.000000	99.194893	98.896599	98.896599	0	0	1	1	147	1151000
12	1	0	2	3	0	0	0	0	0	1	0	0	0	0	0	4.941538	4.287241	4.274410	4.271558	2.095238	17.250000	18.000000	99.268776	98.933075	98.933075	0	0	1	1	148	1151006
13	2	1	3	2	0	1	0	0	0	0	0	0	0	0	0	4.943151	4.290093	4.278687	4.277261	2.094432	17.250000	18.000000	99.306763	99.008469	98.971169	0	0	1	1	148	1164594
14	1	2	0	2	0	0	1	0	0	0	0	0	0	0	0	4.944762	4.288667	4.275836	4.272984	2.096044	17.250000	18.000000	99.158348	98.487404	99.046524	0	0	1	1	148	1152165
15	1	1	0	0	0	0	0	0	0	0	0	0	0	0	0	4.943151	4.287241	4.275836	4.272984	2.096044	17.250000	18.000000	99.194893	98.859314	98.859314	0	0	1	1	148	1150973
17	1	1	1	0	0	1	0	0	0	0	0	0	0	0	0	4.941538	4.288667	4.275836	4.272984	2.095238	17.250000	18.000000	99.194176	98.858490	98.895782	0	0	1	1	148	1164584
18	0	1	1	0	0	0	0	0	0	0	0	0	0	0	0	4.941538	4.274410	4.267281	4.265855	2.094432	17.250000	18.000000	99.119583	98.560097	98.933075	0	0	1	1	148	1151014
19	1	1	3	1	0	1	0	0	0	0	0	0	0	0	0	4.941538	4.290093	4.275836	4.274410	2.095238	17.250000	18.000000	99.306068	98.970383	98.933075	0	0	1	1	148	1150965
20	0	0	0	1	0	0	0	0	0	0	0	0	0	0	0	4.943151	4.287241	4.277261	4.278687	2.095238	17.250000	18.000000	99.157608	98.859314	98.896599	0	0	1	1	148	1150965
21	1	0	0	2	0	0	0	0	0	0	0	0	0	0	0	4.941538	4.287241	4.272984	4.272984	2.096044	17.250000	18.000000	99.231468	98.895782	98.895782	0	0	1	1	148	1164618
23	0	0	1	2	0	0	0	0	0	0	0	0	0	0	0	4.944762	4.285816	4.272984	4.272984	2.096044	17.250000	18.000000	99.083794	98.487404	98.561943	0	0	1	1	148	1151013
24	0	1	0	0	0	0	0	0	0	0	0	0	0	0	0	4.943151	4.285816	4.274410	4.277261	2.096044	17.250000	18.000000	99.083031	98.822021	98.859314	0	0	1	1	148	1150964
25	3	1	0	2	0	0	1	0	0	0	0	0	0	0	0	4.939927	4.287241	4.277261	4.278687	2.096044	17.250000	18.000000	99.268059	99.006889	99.044197	0	0	1	1	148	1164604
26	1	1	0	0	0	0	0	0	0	0	0	0	0	0	0	4.943151	4.284390	4.272984	4.277261	2.096850	17.250000	18.000000	99.157608	98.859314	98.896599	0	0	1	1	148	1152260
27	1	1	0	0	0	0	0	0	0	0	0	0	0	0	0	4.941538	4.284390	4.272984	4.263004	2.096850	17.250000	18.000000	99.044983	98.895782	98.933075	0	0	1	1	148	1150967
29	0	1	0	0	0	0	0	0	0	0	0	0	0	0	0	4.943151	4.284390	4.272984	4.275836	2.097656	17.250000	18.000000	99.120316	98.822021	98.933891	0	0	1	1	148	1150978
30	1	0	2	0	0	0	0	0	0	0	0	0	0	0	0	4.941538	4.285816	4.272984	4.274410	2.098462	17.500000	18.000000	99.194176	98.895782	98.970383	0	0	1	1	148	1164596
31	1	0	1	1	0	1	0	0	0	0	0	0	0	0	0	4.941538	4.281538	4.274410	4.277261	2.097656	17.500000	18.000000	99.156868	98.858490	98.933075	0	0	1	1	148	1151020
32	1	0	1	1	0	0	0	0	0	0	0	0	0	0	0	4.941538	4.285816	4.272984	4.275836	2.098462	17.500000	18.000000	99.194176	98.933075	99.007675	0	0	1	1	148	1150981
33	2	3	2	1	0	0	0	0	0	0	0	0	0	0	0	4.941538	4.284390	4.274410	4.278687	2.098462	17.500000	18.000000	99.156868	98.895782	98.858490	0	0	1	1	148	1164605
35	0	0	0	1	0	0	0	0	0	0	0	0	0	0	0	4.941538	4.284390	4.272984	4.275836	2.098462	17.500000	18.000000	99.156868	98.895782	98.933075	0	0	1	1	148	1151020
36	0	1	1	0	0	0	0	0	0	0	0	0	0	0	0	4.943151	4.287241	4.274410	4.267281	2.097656	17.250000	18.000000	99.306763	98.747452	98.896599	0	0	1	1	148	1150982
37	1	0	1	1	0	0	0	0	0	0	0	0	0	0	0	4.941538	4.290093	4.275836	4.280113	2.098462	17.500000	18.000000	99.268776	98.933075	99.007675	0	0	1	1	148	1150978
38	1	0	1	0	0	0	0	0	0	0	0	0	0	0	0	4.939927	4.285816	4.272984	4.274410	2.101685	17.500000	18.000000	99.230751	98.932274	98.969566	0	0	1	1	148	1165845
39	2	0	0	0	0	0	0	0	0	0	0	0	0	0	0	4.939927	4.285816	4.272984	4.277261	2.101685	17.500000	18.000000	99.230751	98.932274	98.894958	0	0	1	1	148	1151015
41	3	0	0	1	0	0	0	0	0	0	0	0	0	0	0	4.941538	4.285816	4.272984	4.263004	2.100073	17.500000	18.000000	99.231468	98.858490	98.933075	0	0	1	1	148	1150968
42	0	1	0	1	0	0	0	0	0	0	0	0	0	0	0	4.941538	4.285816	4.274410	4.277261	2.101685	17.500000	18.500000	99.231468	98.895782	98.933075	0	0	1	1	148	1164584
43	1	0	0	0	0	0	0	0	0	0	0	0	0	0	0	4.941538	4.287241	4.272984	4.274410	2.102491	17.500000	18.500000	99.231468	98.933075	98.933075	0	0	1	1	148	1151010
44	0	1	0	1	0	0	0	0	0	0	0	0	0	0	0	4.941538	4.282964	4.271558	4.274410	2.104103	17.500000	18.500000	99.231468	98.895782	98.933075	0	0	1	1	148	1150965
45	1	0	1	0	0	0	0	0	0	0	0	0	0	0	0	4.941538	4.287241	4.274410	4.275836	2.104103	17.500000	18.500000	98.933075	99.156868	98.858490	0	0	1	1	148	1164580
47	0	0	0	0	0	0	0	0	0	0	0	0	0	0	0	4.943151	4.287241	4.272984	4.275836	2.105714	17.500000	18.500000	99.194893	98.859314	98.822021	0	0	1	1	148	1151010
48	0	0	0	0	0	0	0	0	0	0	0	0	0	0	0	4.941538	4.288667	4.275836	4.272984	2.106520	17.500000	18.500000	99.231468	98.858490	98.858490	0	0	1	1	148	1150964
49	2	1	1	0	0	0	0	0	0	0	0	0	0	0	0	4.941538	4.290093	4.277261	4.271558	2.105714	17.500000	18.500000	99.306068	98.933075	98.970383	0	0	1	1	148	1150967
50	1	2	1	0	0	0	0	1	0	0	0	0	0	0	0	4.941538	4.288667	4.274410	4.274410	2.106520	17.500000	18.500000	99.044983	98.933075	98.821190	0	0	1	1	148	1165835
51	3	0	2	2	0	1	0	0	0	0	0	0	0	0	0	4.943151	4.288667	4.277261	4.274410	2.108132	17.500000	18.500000	99.194893	98.859314	98.822021	0	0	1	1	148	1151010
53	1	3	0	1	0	0	0	0	0	0	0	0	0	0	0	4.939927	4.287241	4.272984	4.272984	2.108132	17.500000	18.500000	99.268059	98.969566	98.894958	0	0	1	1	148	1150978
54	1	2	0	0	0	0	0	0	0	0	0	0	0	0	0	4.939927	4.288667	4.272984	4.270133	2.108938	17.500000	18.500000	99.268059	98.932274	98.857651	0	0	1	1	148	1164609
55	3	1	1	1	0	0	0	0	0	0	0	0	0	0	0	4.941538	4.288667	4.272984	4.270133	2.109744	17.500000	18.500000	99.007675	98.448196	98.522797	0	0	1	1	148	1151023
56	0	0	1	1	0	0	0	0	0	0	0	0	0	0	0	4.938315	4.288667	4.275836	4.272984	2.109744	17.750000	18.500000	99.379326	99.006096	98.968781	0	0	1	1	148	1150978
57	1	1	1	2	0	0	0	0	0	0	0	0	0	0	0	4.936703	4.290093	4.271558	4.272984	2.111355	17.750000	18.500000	99.303986	99.005310	99.042641	0	0	1	1	148	1150978
59	0	0	1	2	0	0	0	0	0	0	0	0	0	0	0	4.943151	4.277261	4.282964	4.267281	2.111355	17.750000	18.500000	99.194893	98.822021	98.822021	0	0	1	1	148	1164617
60	1	1	0	2	0	0	0	0	0	0	0	0	0	0	0	4.941538	4.287241	4.272984	4.272984	2.112161	17.750000	18.500000	99.231468	98.895782	98.858490	0	0	1	1	148	1151020
61	0	0	0	1	0	0	0	0	0	0	0	0	0	0	0	4.938315	4.291519	4.277261	4.277261	2.112161	17.750000	18.500000	99.379326	99.043419	99.043419	0	0	1	1	148	1150978
62	2	3	1	0	1	0	0	0	0	0	0	0	0	0	0	4.939927	4.287241	4.272984	4.272984	2.114579	17.750000	18.500000	99.230751	98.932274	98.894958	0	0	1	1	148	1165844
63	0	0	0	0	0	0	0	0	0	0	0	0	0	0	0	4.936703	4.294370	4.268707	4.271558	2.114579	17.750000	18.500000	99.303986	99.005310	99.005310	0	0	1	1	148	1151019
65	0	0	1	2	0	0	0	0	0	0	0	0	0	0	0	4.939927	4.285816	4.271558	4.271558	2.115385	17.750000	18.500000	99.230751	98.894958	98.932274	0	0	1	1	148	1150962
66	0	1	0	0	0	0	0	0	0	0	0	0	0	0	0	4.941538	4.287241	4.272984	4.271558	2.116996	17.750000	18.500000	99.194176	98.895782	98.933075	0	0	1	1	148	1150965
67	0	0	1	0	0	0	0	0	0	0	0	0	0	0	0	4.939927	4.288667	4.272984	4.272984	2.117802	17.750000	18.500000	99.230751	98.894958	98.894958	0	0	1	1	148	1164584
68	1	0	1	0	0	1	0	0	0	0	0	0	0	0	0	4.939927	4.285816	4.272984	4.271558	2.118608	17.750000	19.000000	99.268059	98.969566	98.969566	0	0	1	1	148	1151013
69	0	1	1	0	0	0	0	0	0	0	0	0	0	0	0	4.939927	4.288667	4.272984	4.272984	2.119414	17.750000	19.000000	99.193443	98.894958	98.857651	0	0	1	1	148	1150965
71	0	0	0	0	0	0	0	0	0	0	0	0	0	0	0	4.941538	4.287241	4.272984	4.272984	2.120220	17.750000	19.000000	99.156868	98.858490	98.821190	0	0	1	1	148	1164568
72	0	1	1	0	0	0	0	0	0	0	0	0	0	0	0	4.941538	4.288667	4.274410	4.271558	2.121026	17.750000	19.000000	98.895782	99.044983	98.746590	0	0	1	1	148	1151013
73	0	2	0	1	0	0	0	0	1	0	0	0	0	0	0	4.939927	4.290093	4.278687	4.274410	2.120220	17.750000	19.000000	99.380005	98.932274	98.969566	0	0	1	1	148	1150965
74	1	0	0	0	0	0	0	0	0	0	0	0	0	0	0	4.939927	4.287241	4.274410	4.271558	2.122638	18.000000	19.000000	99.230751	98.932274	98.894958	0	0	1	1	148	1152215
75	1	1	0	1	0	0	0	0	0	0	0	0	0	0	0	4.939927	4.288667	4.274410	4.272984	2.123443	18.000000	19.000000	99.230751	98.857651	98.894958	0	0	1	1	148	1164611
77	1	0	0	2	0	0	0	0	0	0	0	0	0	0	0	4.943151	4.274410	4.284390	4.272984	2.123443	18.000000	19.000000	99.232185	98.822021	98.896599	0	0	1	1	148	1151023
78	1	1	1	2	0	0	1	0	0	0	0	0	0	0	0	4.941538	4.285816	4.274410	4.270133	2.124249	18.000000	19.000000	99.194176	99.007675	98.858490	0	0	1	1	148	1150978
79	0	2	0	0	0	0	0	0	0	0	0	0	0	0	0	4.939927	4.288667	4.272984	4.272984	2.126667	18.000000	19.000000	99.230751	98.894958	98.857651	0	0	1	1	148	1164598
80	0	1	4	1	0	0	0	0	0	1	0	0	0	0	0	4.939927	4.285816	4.271558	4.271558	2.125861	18.000000	19.000000	99.193443	98.894958	98.857651	0	0	1	1	148	1151020
81	1	1	0	0	0	0	0	0	0	0	0	0	0	0	0	4.939927	4.288667	4.272984	4.272984	2.127473	18.000000	19.000000	99.230751	98.894958	98.857651	0	0	1	1	148	1150981
83	0	2	2	0	0	0	0	0	0	0	0	0	0	0	0	4.939927	4.285816	4.275836	4.272984	2.128278	18.000000	19.000000	99.193443	98.969566	98.894958	0	0	1	1	148	1150978
84	0	0	0	1	0	0	0	0	0	0	0	0	0	0	0	4.939927	4.287241	4.272984	4.272984	2.129084	18.000000	19.000000	99.305382	98.932274	98.932274	0	0	1	1	148	1164635
85	1	1	1	0	0	0	0	0	0	0	0	0	0	0	0	4.938315	4.288667	4.278687	4.275836	2.129890	18.000000	19.000000	99.342010	99.043419	98.968781	0	0	1	1	148	1151023
86	1	0	1	1	0	0	0	0	0	0	0	0	0	0	0	4.943151	4.287241	4.271558	4.271558	2.131502	18.000000	19.000000	99.157608	98.486443	98.561020	0	0	1	1	148	1152231
87	2	1	1	0	1	0	0	0	0	0	0	0	0	0	0	4.941538	4.287241	4.275836	4.275836	2.131502	18.000000	19.000000	99.194176	98.933075	98.933075	0	0	1	1	148	1164588
89	1	0	2	0	0	0	0	0	0	0	0	0	0	0	0	4.941538	4.288667	4.275836	4.274410	2.132308	18.000000	19.000000	99.194176	98.933075	98.933075	0	0	1	1	148	1151010
90	0	1	2	0	0	0	0	0	0	0	0	0	0	0	0	4.939927	4.272984	4.265855	4.275836	2.133114	18.000000	19.500000	99.230751	98.969566	98.932274	0	0	1	1	148	1150968
91	1	1	2	1	0	0	0	0	0	0	0	0	0	0	0	4.941538	4.288667	4.275836	4.271558	2.133919	18.000000	19.500000	99.156868	98.858490	98.858490	0	0	1	1	148	1164587
92	0	2	2	1	0	0	0	0	0	0	0	0	0	0	0	4.941538	4.285816	4.274410	4.272984	2.134725	18.250000	19.500000	99.194176	98.933075	98.933075	0	0	1	1	148	1151010
93	2	0	1	2	0	0	0	0	0	0	0	0	0	0	0	4.936703	4.288667	4.277261	4.277261	2.134725	18.250000	19.500000	99.341316	99.117302	99.042641	0	0	1	1	148	1151069
95	0	0	1	1	0	0	0	0	0	0	0	0	0	0	0	4.939927	4.287241	4.272984	4.263004	2.134725	18.250000	19.500000	99.305382	98.894958	99.006889	0	0	1	1	148	1151071
96	0	0	0	1	0	0	0	0	0	0	0	0	0	0	0	4.939927	4.285816	4.272984	4.277261	2.137949	18.250000	19.500000	99.230751	98.894958	98.932274	0	0	1	1	148	1164576
97	3	0	0	0	0	0	0	0	0	0	0	0	0	0	0	4.939927	4.288667	4.275836	4.277261	2.137143	18.250000	19.500000	99.305382	99.006889	99.006889	0	0	1	1	148	1151010
98	0	0	0	0	0	0	0	0	0	0	0	0	0	0	0	4.938315	4.288667	4.274410	4.275836	2.138755	18.250000	19.500000	99.342010	98.968781	99.043419	0	0	1	1	148	1152214
99	1	2	1	1	0	0	0	1	1	0	0	0	0	0	0	4.941538	4.287241	4.272984	4.274410	2.139560	18.250000	19.500000	99.194176	98.858490	98.933075	0	0	1	1	148	1164585
101	1	0	0	1	0	0	0	0	0	0	0	0	0	0	0	4.939927	4.285816	4.272984	4.275836	2.141172	18.250000	19.500000	99.268059	98.932274	98.932274	0	0	1	1	148	1151022
102	0	2	2	1	0	0	0	0	0	0	0	0	0	0	0	4.939927	4.285816	4.274410	4.277261	2.141978	18.250000	19.500000	99.230751	98.969566	98.932274	0	0	1	1	149	1150984
103	1	0	0	0	0	0	0	0	0	0	0	0	0	0	0	4.939927	4.282964	4.271558	4.275836	2.141978	18.250000	19.500000	99.268059	98.857651	98.969566	0	0	1	1	149	1150975
104	1	0	0	3	0	0	0	0	0	0	0	0	0	0	0	4.941538	4.287241	4.275836	4.272984	2.143590	18.250000	19.500000	98.783882	98.933075	98.783882	0	0	1	1	149	1164593
105	1	0	1	3	0	0	0	0	0	0	0	0	0	0	0	4.941538	4.288667	4.272984	4.272984	2.144396	18.250000	19.500000	99.156868	98.895782	98.895782	0	0	1	1	149	1151026
107	1	0	0	1	0	0	0	0	0	0	0	0	0	0	0	4.941538	4.285816	4.274410	4.274410	2.146007	18.250000	19.500000	99.194176	98.970383	98.933075	0	0	1	1	149	1150975
108	1	1	2	0	0	0	0	0	0	0	0	0	0	0	0	4.939927	4.285816	4.272984	4.274410	2.146813	18.500000	19.500000	99.230751	98.857651	98.932274	0	0	1	1	149	1164605
109	0	1	0	0	0	0	0	0	0	0	0	0	0	0	0	4.939927	4.294370	4.277261	4.274410	2.146813	18.500000	19.500000	99.268059	98.969566	99.006889	0	0	1	1	149	1151028
110	4	1	1	0	1	0	0	0	0	0	0	0	0	0	0	4.941538	4.284390	4.270133	4.274410	2.148425	18.500000	19.500000	99.194176	98.858490	98.970383	0	0	1	1	149	1152225
111	0	0	1	0	0	0	0	0	0	0	0	0	0	0	0	4.939927	4.284390	4.272984	4.274410	2.148425	18.500000	20.000000	99.268059	98.894958	98.894958	0	0	1	1	149	1150970
113	0	1	1	0	0	0	0	0	0	0	0	0	0	0	0	4.939927	4.285816	4.272984	4.274410	2.150037	18.500000	20.000000	99.193443	98.857651	98.894958	0	0	1	1	149	1164690
114	0	0	2	0	0	0	0	0	0	0	0	0	0	0	0	4.938315	4.277261	4.275836	4.270133	2.150843	18.500000	20.000000	99.304680	98.968781	98.968781	0	0	1	1	149	1151019
115	0	1	0	3	0	0	0	0	0	0	0	0	0	0	0	4.941538	4.285816	4.272984	4.274410	2.151649	18.500000	20.000000	99.194176	98.858490	98.895782	0	0	1	1	149	1150965
116	5	2	0	1	0	0	0	0	0	0	0	0	0	0	0	4.941538	4.285816	4.270133	4.274410	2.153260	18.500000	20.000000	99.194176	98.895782	98.895782	0	0	1	1	149	1176703
117	1	1	3	3	0	0	0	0	0	1	0	0	0	0	0	4.939927	4.287241	4.271558	4.272984	2.152454	18.500000	20.000000	99.268059	98.932274	98.969566	0	0	1	1	149	1151016
119	0	4	3	0	0	0	0	0	0	0	0	0	0	0	0	4.939927	4.285816	4.271558	4.261578	2.153260	18.500000	20.000000	99.193443	98.894958	99.006889	0	0	1	1	149	1150968
120	0	1	1	0	0	0	0	1	0	0	0	0	0	0	0	4.941538	4.287241	4.272984	4.272984	2.156484	18.500000	20.000000	99.194176	98.858490	98.933075	0	0	1	1	149	1150965
121	0	0	1	1	0	0	0	0	0	0	0	0	0	0	0	4.938315	4.288667	4.274410	4.277261	2.155678	18.500000	20.000000	99.342010	99.043419	99.043419	0	0	1	1	149	1164686
122	2	0	1	1	0	0	0	0	0	0	0	0	0	0	0	4.939927	4.285816	4.272984	4.275836	2.157290	18.500000	20.000000	99.268059	98.932274	98.932274	0	0	1	1	149	1152162
123	1	0	1	0	0	0	0	0	0	0	0	0	0	0	0	4.941538	4.285816	4.271558	4.255875	2.158095	18.500000	20.000000	99.231468	98.783882	98.858490	0	0	1	1	149	1150968
125	0	0	1	1	0	0	0	0	0	0	0	0	0	0	0	4.941538	4.285816	4.272984	4.275836	2.159707	18.750000	20.000000	99.194176	98.597389	99.231468	0	0	1	1	149	1164606
126	1	0	0	3	0	0	0	0	0	0	0	0	0	0	0	4.941538	4.285816	4.272984	4.274410	2.159707	18.750000	20.000000	99.194176	98.895782	98.895782	0	0	1	1	149	1151026
127	0	1	2	2	0	0	0	0	0	1	0	0	0	0	0	4.939927	4.285816	4.272984	4.278687	2.160513	18.750000	20.000000	99.230751	98.932274	98.969566	0	0	1	1	149	1150975
128	5	0	2	1	0	1	0	0	0	0	0	0	0	0	0	4.941538	4.287241	4.271558	4.272984	2.161319	18.750000	20.000000	99.231468	98.858490	98.895782	0	0	1	1	149	1164613
129	2	0	0	1	0	0	0	0	0	0	0	0	0	0	0	4.939927	4.287241	4.274410	4.272984	2.162125	18.750000	20.000000	99.230751	98.894958	98.932274	0	0	1	1	149	1151028
131	1	0	1	0	0	0	0	0	0	0	0	0	0	0	0	4.939927	4.288667	4.272984	4.274410	2.163736	18.750000	20.000000	99.230751	98.894958	98.932274	0	0	1	1	149	1150975
132	1	1	1	0	0	0	0	0	0	0	0	0	0	0	0	4.943151	4.295796	4.268707	4.271558	2.163736	18.750000	20.000000	99.157608	98.822021	98.896599	0	0	1	1	149	1150978
133	1	1	0	0	0	0	0	0	0	0	0	0	0	0	0	4.941538	4.285816	4.275836	4.280113	2.165348	18.750000	20.500000	99.268776	98.933075	98.970383	0	0	1	1	149	1164503
134	2	1	0	0	0	0	0	0	0	0	0	0	0	0	0	4.939927	4.288667	4.274410	4.272984	2.166154	18.750000	20.500000	99.230751	98.894958	98.894958	0	0	1	1	149	1152171
135	0	0	1	1	0	0	0	0	0	0	0	0	0	0	0	4.939927	4.285816	4.271558	4.272984	2.166154	18.750000	20.500000	99.230751	98.932274	98.894958	0	0	1	1	149	1150970
137	1	1	2	2	1	0	0	0	0	1	0	0	0	0	0	4.939927	4.285816	4.271558	4.275836	2.167766	18.750000	20.500000	99.193443	98.857651	98.932274	0	0	1	1	149	1164729
138	3	0	0	1	0	0	0	0	0	0	0	0	0	0	0	4.938315	4.274410	4.261578	4.263004	2.166960	18.750000	20.500000	99.192719	98.819481	98.894127	0	0	1	1	149	1151020
139	2	1	3	0	0	1	0	0	0	0	0	0	0	0	0	4.938315	4.288667	4.274410	4.272984	2.169377	18.750000	20.500000	99.342010	98.968781	98.931450	0	0	1	1	149	1150965
140	0	1	1	0	0	0	0	0	0	0	0	0	0	0	0	4.939927	4.285816	4.272984	4.275836	2.170183	18.750000	20.500000	99.305382	98.932274	98.894958	0	0	1	1	149	1150965
141	3	1	1	0	0	0	0	0	0	0	0	0	0	0	0	4.939927	4.285816	4.272984	4.272984	2.171795	19.000000	20.500000	99.230751	98.894958	98.857651	0	0	1	1	149	1164588
143	0	0	0	2	0	0	0	0	0	0	0	0	0	0	0	4.941538	4.285816	4.271558	4.274410	2.171795	19.000000	20.500000	99.194176	98.522797	99.156868	0	0	1	1	149	1151019
144	0	3	1	4	0	0	0	0	1	0	0	0	0	0	0	4.939927	4.285816	4.271558	4.274410	2.172601	19.000000	20.500000	99.230751	98.894958	98.857651	0	0	1	1	149	1151070
145	1	2	1	0	0	0	0	0	0	0	0	0	0	0	0	4.938315	4.288667	4.275836	4.280113	2.172601	19.000000	20.500000	99.342010	99.043419	99.006096	0	0	1	1	149	1164588
146	3	1	2	2	0	1	0	0	1	0	0	0	0	0	0	4.941538	4.285816	4.272984	4.271558	2.175018	19.000000	20.500000	99.194176	98.858490	98.858490	0	0	1	1	149	1152265
147	0	0	0	2	0	0	0	0	0	0	0	0	0	0	0	4.939927	4.284390	4.271558	4.271558	2.175018	19.000000	20.500000	99.268059	98.894958	98.894958	0	0	1	1	149	1151069
149	0	1	0	0	0	0	0	0	0	0	0	0	0	0	0	4.941538	4.285816	4.274410	4.255875	2.175824	19.000000	20.500000	98.933075	98.597389	98.485497	0	0	1	1	149	1150978
150	0	0	1	0	0	0	0	0	0	0	0	0	0	0	0	4.941538	4.285816	4.271558	4.272984	2.176630	19.000000	20.500000	99.194176	98.933075	98.858490	0	0	1	1	149	1164602
151	2	3	0	1	0	0	0	0	1	0	0	0	0	0	0	4.939927	4.287241	4.272984	4.271558	2.178242	19.000000	20.500000	99.230751	98.894958	98.820328	0	0	1	1	149	1151025
152	0	2	1	0	0	0	0	1	0	0	0	0	0	0	0	4.941538	4.292944	4.268707	4.270133	2.179048	19.000000	20.500000	99.156868	98.858490	98.821190	0	0	1	1	149	1150977
153	2	3	0	1	0	0	0	0	0	0	0	0	0	0	0	4.941538	4.285816	4.271558	4.258727	2.178242	19.000000	20.500000	99.156868	98.821190	98.858490	0	0	1	1	149	1164615
155	1	1	0	1	0	0	0	0	0	0	0	0	0	0	0	4.939927	4.287241	4.272984	4.271558	2.179853	19.000000	20.500000	99.230751	98.894958	98.894958	0	0	1	1	149	1151025
156	0	1	3	2	0	0	0	1	0	0	0	0	0	0	0	4.939927	4.285816	4.272984	4.271558	2.180659	19.000000	21.000000	99.193443	98.894958	98.857651	0	0	1	1	149	1151079
157	0	0	0	1	0	0	0	0	0	0	0	0	0	0	0	4.939927	4.290093	4.275836	4.277261	2.180659	19.000000	21.000000	99.305382	98.932274	99.044197	0	0	1	1	149	1150977
158	1	0	2	2	0	0	0	0	0	0	0	0	0	0	0	4.938315	4.285816	4.272984	4.271558	2.182271	19.000000	21.000000	99.267357	98.931450	98.856796	0	0	1	1	149	1165854
159	1	1	1	1	0	0	0	1	0	0	0	0	0	0	0	4.939927	4.285816	4.272984	4.274410	2.183883	19.250000	21.000000	99.230751	98.969566	98.484535	0	0	1	1	149	1151023
161	2	0	0	0	0	0	0	0	0	0	0	0	0	0	0	4.939927	4.285816	4.272984	4.271558	2.183883	19.250000	21.000000	99.230751	98.894958	98.857651	0	0	1	1	149	1150966
162	2	0	0	3	0	0	0	0	0	0	0	0	0	0	0	4.941538	4.285816	4.271558	4.272984	2.185495	19.250000	21.000000	99.194176	98.858490	98.821190	0	0	1	1	149	1164589
163	0	1	0	0	0	0	0	0	0	0	0	0	0	0	0	4.939927	4.284390	4.271558	4.271558	2.185495	19.250000	21.000000	99.268059	98.969566	98.894958	0	0	1	1	149	1151016
164	4	0	1	2	0	0	1	0	0	0	0	0	0	0	0	4.941538	4.285816	4.272984	4.274410	2.187106	19.250000	21.000000	99.194176	98.895782	98.858490	0	0	1	1	149	1150968
165	2	0	0	1	0	0	0	0	0	0	0	0	0	0	0	4.941538	4.287241	4.275836	4.271558	2.187912	19.250000	21.000000	99.268776	98.933075	98.858490	0	0	1	1	149	1164581
167	0	1	1	0	0	0	0	0	0	0	0	0	0	0	0	4.939927	4.285816	4.271558	4.271558	2.187912	19.250000	21.000000	99.268059	98.894958	98.894958	0	0	1	1	149	1151016
168	4	3	1	1	0	0	0	0	1	0	0	0	0	0	0	4.941538	4.287241	4.272984	4.272984	2.188718	19.250000	21.000000	99.156868	98.858490	98.709282	0	0	1	1	149	1150968
169	0	0	0	1	0	0	0	0	0	0	0	0	0	0	0	4.938315	4.288667	4.275836	4.274410	2.188718	19.250000	21.000000	99.342010	99.006096	98.968781	0	0	1	1	149	1150965
170	0	0	1	1	0	0	0	0	0	0	0	0	0	0	0	4.941538	4.285816	4.274410	4.272984	2.191136	19.250000	21.000000	99.156868	98.895782	98.821190	0	0	1	1	149	1165833
171	1	3	1	1	0	0	0	0	0	0	0	0	0	0	0	4.939927	4.288667	4.272984	4.271558	2.191136	19.250000	21.000000	99.193443	98.894958	98.894958	0	0	1	1	149	1151016
173	2	2	2	1	0	0	0	0	0	0	0	0	0	0	0	4.941538	4.287241	4.277261	4.271558	2.191941	19.250000	21.000000	99.231468	98.933075	98.858490	0	0	1	1	149	1150978
174	0	1	0	1	0	0	0	0	0	0	0	0	0	0	0	4.939927	4.285816	4.272984	4.271558	2.191941	19.250000	21.000000	99.118820	98.633781	98.596466	0	0	1	1	149	1164600
175	0	1	0	0	0	0	0	0	0	0	0	0	0	0	0	4.936703	4.288667	4.274410	4.272984	2.193553	19.250000	21.000000	99.415993	99.005310	99.005310	0	0	1	1	149	1151026
176	0	1	1	0	0	0	0	0	0	0	0	0	0	0	0	4.939927	4.288667	4.271558	4.272984	2.193553	19.250000	21.000000	99.230751	98.932274	98.932274	0	0	1	1	149	1150975
177	1	0	0	3	0	0	1	0	0	0	0	0	0	0	0	4.939927	4.288667	4.274410	4.272984	2.195971	19.500000	21.000000	99.193443	98.894958	98.783020	0	0	1	1	149	1150975
179	1	1	0	1	0	0	0	0	0	0	0	0	0	0	0	4.938315	4.285816	4.272984	4.272984	2.195971	19.500000	21.000000	99.267357	98.968781	98.931450	0	0	1	1	149	1164605
180	0	2	1	3	0	0	0	0	0	0	0	0	0	0	0	4.939927	4.287241	4.272984	4.271558	2.195971	19.500000	21.500000	99.193443	98.894958	98.857651	0	0	1	1	149	1151025
181	1	2	0	0	0	0	0	0	0	0	0	0	0	0	0	4.938315	4.290093	4.275836	4.275836	2.196777	19.500000	21.500000	99.379326	99.006096	99.006096	0	0	1	1	149	1150977
182	3	1	3	2	0	0	0	0	0	0	0	0	0	0	0	4.939927	4.285816	4.272984	4.271558	2.198388	19.500000	21.500000	99.230751	98.894958	98.894958	0	0	1	1	149	1200613
183	1	0	1	0	0	0	0	0	0	0	0	0	0	0	0	4.941538	4.285816	4.270133	4.271558	2.198388	19.500000	21.500000	99.231468	98.858490	98.858490	0	0	1	1	149	1151021
185	1	0	1	1	0	0	0	0	0	0	0	0	0	0	0	4.939927	4.282964	4.272984	4.274410	2.199194	19.500000	21.500000	99.230751	98.857651	98.969566	0	0	1	1	149	1150965
186	0	1	2	0	0	0	0	0	0	0	0	0	0	0	0	4.939927	4.285816	4.272984	4.272984	2.200000	19.500000	21.500000	99.230751	98.932274	98.932274	0	0	1	1	149	1150967
187	2	0	0	2	0	0	0	0	0	0	0	0	0	0	0	4.943151	4.288667	4.272984	4.275836	2.201612	19.500000	21.500000	99.157608	98.822021	98.859314	0	0	1	1	149	1164583
188	2	2	0	0	1	0	0	0	0	0	0	0	0	0	0	4.939927	4.287241	4.272984	4.275836	2.201612	19.500000	21.500000	99.230751	98.894958	98.932274	0	0	1	1	149	1151016
189	0	1	0	1	0	0	0	0	1	0	0	0	0	0	0	4.941538	4.285816	4.272984	4.274410	2.203223	19.500000	21.500000	99.194176	98.821190	98.522797	0	0	1	1	149	1150968
191	1	1	1	1	0	0	0	0	1	0	0	0	0	0	0	4.939927	4.285816	4.270133	4.272984	2.202418	19.500000	21.500000	98.932274	98.521835	98.521835	0	0	1	1	149	1164590
192	0	0	0	0	0	0	0	0	0	0	0	0	0	0	0	4.936703	4.288667	4.272984	4.277261	2.203223	19.500000	21.500000	99.378662	99.042641	99.042641	0	0	1	1	149	1151016
193	2	2	1	1	1	0	0	0	1	0	0	0	0	0	0	4.938315	4.288667	4.274410	4.277261	2.204029	19.500000	21.500000	99.342010	99.006096	99.043419	0	0	1	1	149	1150965
194	0	2	0	2	0	0	0	0	0	0	0	0	0	0	0	4.939927	4.285816	4.271558	4.274410	2.205641	19.500000	21.500000	99.193443	98.932274	98.932274	0	0	1	1	149	1165896
195	0	0	0	2	0	0	0	0	0	0	0	0	0	0	0	4.941538	4.275836	4.265855	4.263004	2.204835	19.500000	21.500000	98.858490	98.560097	98.597389	0	0	1	1	149	1151019
197	0	0	1	2	0	0	0	0	0	0	0	0	0	0	0	4.938315	4.288667	4.272984	4.277261	2.205641	19.500000	21.500000	99.304680	99.006096	99.006096	0	0	1	1	149	1150975
198	0	0	0	0	0	0	0	0	0	0	0	0	0	0	0	4.939927	4.285816	4.274410	4.274410	2.206447	19.500000	21.500000	99.268059	98.894958	98.969566	0	0	1	1	149	1150975
199	1	0	0	1	0	0	0	0	0	0	0	0	0	0	0	4.941538	4.287241	4.258727	4.285816	2.208059	19.500000	21.500000	99.119583	98.858490	98.933075	0	0	1	1	149	1164581
200	3	0	0	2	0	0	1	0	0	0	0	0	0	0	0	4.939927	4.285816	4.271558	4.272984	2.208864	19.750000	21.500000	99.193443	98.894958	98.932274	0	0	1	1	149	1151025
201	0	0	1	1	0	0	0	0	0	0	0	0	0	0	0	4.939927	4.284390	4.271558	4.274410	2.208864	19.750000	21.500000	99.193443	98.894958	98.932274	0	0	1	1	149	1150975
203	2	2	1	3	0	0	0	0	0	0	0	0	0	0	0	4.938315	4.284390	4.271558	4.272984	2.209670	19.750000	21.500000	99.267357	98.931450	98.968781	0	0	1	1	149	1164586
204	1	1	0	0	0	0	0	0	0	0	0	0	0	0	0	4.941538	4.285816	4.271558	4.275836	2.210476	19.750000	21.500000	99.194176	98.821190	98.858490	0	0	1	1	149	1151028
205	2	1	1	0	0	1	0	0	0	0	0	0	0	0	0	4.938315	4.287241	4.275836	4.277261	2.211282	19.750000	21.500000	99.342010	98.968781	99.006096	0	0	1	1	149	1150975
206	1	1	0	0	0	0	0	0	0	0	0	0	0	0	0	4.939927	4.287241	4.272984	4.272984	2.212088	19.750000	22.000000	99.268059	98.857651	98.932274	0	0	1	1	149	1152121
207	2	0	1	1	0	0	0	0	0	0	0	0	0	0	0	4.939927	4.285816	4.272984	4.275836	2.212894	19.750000	22.000000	99.230751	98.857651	98.932274	0	0	1	1	149	1164589
209	0	1	0	1	0	0	0	0	0	0	0	0	0	0	0	4.939927	4.284390	4.270133	4.278687	2.213700	19.750000	22.000000	99.193443	98.857651	98.894958	0	0	1	1	149	1151036
210	1	1	1	1	0	0	0	0	0	0	0	0	0	0	0	4.938315	4.285816	4.272984	4.275836	2.214506	19.750000	22.000000	99.267357	98.931450	98.931450	0	0	1	1	149	1151069
211	1	0	1	0	0	0	0	0	0	0	0	0	0	0	0	4.938315	4.285816	4.272984	4.274410	2.215312	19.750000	22.000000	99.267357	98.856796	98.931450	0	0	1	1	149	1164582
212	0	2	1	0	0	0	0	0	0	0	0	0	0	0	0	4.939927	4.277261	4.272984	4.270133	2.215312	19.750000	22.000000	99.230751	98.857651	98.894958	0	0	1	1	149	1151019
213	0	1	1	0	0	0	0	0	0	0	0	0	0	0	0	4.939927	4.285816	4.271558	4.272984	2.216117	19.750000	22.000000	99.230751	98.894958	98.894958	0	0	1	1	149	1150965
215	0	0	0	1	0	0	0	0	0	0	0	0	0	0	0	4.939927	4.285816	4.271558	4.274410	2.216923	19.750000	22.000000	99.230751	98.857651	98.932274	0	0	1	1	149	1150965
216	1	0	1	2	0	0	1	0	0	0	0	0	0	0	0	4.939927	4.287241	4.271558	4.272984	2.217729	19.750000	22.000000	99.193443	98.894958	98.969566	0	0	1	1	149	1164586
217	0	2	0	2	0	0	0	0	0	0	0	0	0	0	0	4.938315	4.285816	4.274410	4.277261	2.217729	19.750000	22.000000	99.342010	99.006096	99.043419	0	0	1	1	149	1151020
218	1	0	0	0	0	0	0	0	0	0	0	0	0	0	0	4.939927	4.285816	4.272984	4.274410	2.218535	19.750000	22.000000	99.230751	98.857651	98.894958	0	0	1	1	149	1152218
219	1	1	2	0	0	1	0	0	0	0	0	0	0	0	0	4.939927	4.285816	4.272984	4.274410	2.219341	19.750000	22.000000	99.230751	98.894958	98.932274	0	0	1	1	149	1164587
221	1	1	2	1	0	0	0	0	0	0	0	0	0	0	0	4.939927	4.287241	4.272984	4.274410	2.220953	20.000000	22.000000	99.193443	98.894958	98.894958	0	0	1	1	149	1151025
222	1	0	1	0	0	0	0	0	0	0	0	0	0	0	0	4.941538	4.285816	4.255875	4.263004	2.218535	19.750000	22.000000	99.082275	98.858490	98.895782	0	0	1	1	149	1150978
223	2	1	0	3	0	0	0	0	1	0	0	0	0	0	0	4.941538	4.287241	4.272984	4.274410	2.222564	20.000000	22.000000	98.746590	98.858490	98.858490	0	0	1	1	149	1164601
224	2	1	0	2	0	0	0	0	0	0	0	0	0	0	0	4.939927	4.284390	4.272984	4.274410	2.222564	20.000000	22.000000	99.193443	98.857651	98.932274	0	0	1	1	149	1151026
225	1	2	0	4	0	0	1	0	1	0	0	0	0	0	0	4.939927	4.285816	4.270133	4.274410	2.222564	20.000000	22.000000	99.230751	98.894958	98.969566	0	0	1	1	149	1150975
227	0	0	0	1	0	0	0	0	0	0	0	0	0	0	0	4.941538	4.287241	4.274410	4.272984	2.224176	20.000000	22.000000	99.194176	98.821190	98.858490	0	0	1	1	149	1150977
228	1	1	1	1	0	0	0	0	1	0	0	0	0	0	0	4.939927	4.285816	4.271558	4.274410	2.223370	20.000000	22.000000	99.081512	98.297974	98.783020	0	0	1	1	149	1164601
229	0	0	0	0	0	0	0	0	0	0	0	0	0	0	0	4.939927	4.288667	4.278687	4.278687	2.224176	20.000000	22.000000	99.305382	99.006889	99.044197	0	0	1	1	149	1151026
230	0	2	0	1	0	0	0	0	0	0	0	0	0	0	0	4.941538	4.287241	4.271558	4.277261	2.225788	20.000000	22.000000	99.194176	98.858490	98.895782	0	0	1	1	149	1152225
231	0	1	0	2	0	0	0	0	0	0	0	0	0	0	0	4.939927	4.282964	4.272984	4.272984	2.225788	20.000000	22.000000	99.156143	98.857651	98.894958	0	0	1	1	149	1164597
233	0	1	0	0	0	0	0	0	0	0	0	0	0	0	0	4.939927	4.292944	4.260152	4.263004	2.224982	20.000000	22.000000	98.820328	98.745705	98.596466	0	0	1	1	149	1151019
234	3	1	0	1	0	0	0	0	0	0	0	0	0	0	0	4.939927	4.284390	4.272984	4.275836	2.226593	20.000000	22.000000	99.268059	98.969566	98.969566	0	0	1	1	149	1150965
235	0	1	1	0	0	0	0	0	0	0	0	0	0	0	0	4.941538	4.285816	4.272984	4.271558	2.228205	20.000000	22.000000	99.231468	98.895782	98.858490	0	0	1	1	149	1151069
236	0	1	3	0	0	0	0	0	0	0	0	0	0	0	0	4.939927	4.287241	4.274410	4.272984	2.228205	20.000000	22.500000	99.193443	98.932274	98.894958	0	0	1	1	149	1164615
237	0	1	1	0	0	0	0	0	0	0	0	0	0	0	0	4.941538	4.284390	4.272984	4.272984	2.229817	20.000000	22.500000	99.156868	98.634682	99.156868	0	0	1	1	149	1151019
239	0	0	2	0	0	0	0	0	0	0	0	0	0	0	0	4.941538	4.282964	4.270133	4.272984	2.229817	20.000000	22.500000	99.119583	98.858490	98.895782	0	0	1	1	149	1150965
240	3	2	1	0	0	0	0	0	0	0	0	0	0	0	0	4.939927	4.284390	4.275836	4.274410	2.229817	20.000000	22.500000	99.156143	98.932274	98.894958	0	0	1	1	149	1164579
241	1	1	0	0	0	0	0	0	0	0	0	0	0	0	0	4.936703	4.285816	4.277261	4.277261	2.229011	20.000000	22.500000	99.303986	99.117302	99.042641	0	0	1	1	149	1151018
242	1	2	2	0	0	0	0	1	0	0	0	0	0	0	0	4.941538	4.287241	4.274410	4.274410	2.231429	20.000000	22.500000	99.156868	98.597389	99.119583	0	0	1	1	149	1152218
243	1	0	0	0	0	0	0	0	0	0	0	0	0	0	0	4.939927	4.282964	4.274410	4.272984	2.232234	20.000000	22.500000	99.193443	98.894958	98.932274	0	0	1	1	149	1151069
245	1	1	0	2	0	0	0	0	1	0	0	0	0	0	0	4.939927	4.285816	4.272984	4.274410	2.233040	20.250000	22.500000	99.268059	98.969566	98.932274	0	0	1	1	149	1164588
246	2	1	1	1	0	0	0	0	0	1	0	0	0	0	0	4.939927	4.285816	4.275836	4.274410	2.233040	20.250000	22.500000	99.156143	98.894958	98.894958	0	0	1	1	149	1151026
247	2	1	2	1	0	0	0	0	0	0	0	0	0	0	0	4.939927	4.287241	4.271558	4.272984	2.233846	20.250000	22.500000	99.230751	98.932274	99.006889	0	0	1	1	149	1150977
248	1	0	2	2	0	0	1	0	0	0	0	0	0	0	0	4.941538	4.284390	4.274410	4.272984	2.234652	20.250000	22.500000	99.119583	98.858490	98.858490	0	0	1	1	149	1164592
249	0	2	0	0	0	0	0	0	0	0	0	0	0	0	0	4.939927	4.282964	4.271558	4.274410	2.234652	20.250000	22.500000	99.193443	98.932274	98.932274	0	0	1	1	149	1151026
251	0	0	1	0	0	0	0	0	0	0	0	0	0	0	0	4.939927	4.285816	4.274410	4.272984	2.235458	20.250000	22.500000	99.230751	98.857651	98.633781	0	0	1	1	149	1150979
252	1	0	0	0	0	0	0	0	0	0	0	0	0	0	0	4.939927	4.284390	4.272984	4.272984	2.237070	20.250000	22.500000	99.156143	98.857651	98.894958	0	0	1	1	149	1150975
253	0	1	1	1	0	0	0	0	1	0	0	0	0	0	0	4.938315	4.285816	4.274410	4.277261	2.236264	20.250000	22.500000	99.304680	99.006096	99.043419	0	0	1	1	149	1164642
254	0	2	0	1	0	0	0	0	0	0	0	0	0	0	0	4.939927	4.282964	4.275836	4.270133	2.237070	20.250000	22.500000	99.156143	98.894958	98.894958	0	0	1	1	149	1152171
255	0	0	0	2	0	0	0	0	0	0	0	0	0	0	0	4.939927	4.282964	4.272984	4.274410	2.237875	20.250000	22.500000	99.268059	98.969566	98.894958	0	0	1	1	149	1150996
257	1	0	1	0	0	0	0	0	0	0	0	0	0	0	0	4.939927	4.282964	4.272984	4.274410	2.238681	20.250000	22.500000	99.156143	98.894958	98.820328	0	0	1	1	149	1164590
258	0	0	0	2	0	0	0	0	0	0	0	0	0	0	0	4.941538	4.282964	4.270133	4.272984	2.238681	20.250000	22.500000	99.119583	98.858490	98.933075	0	0	1	1	149	1151015
259	1	2	0	0	0	0	0	0	0	0	0	0	0	0	0	4.939927	4.282964	4.258727	4.281538	2.240293	20.250000	22.500000	99.118820	98.894958	98.932274	0	0	1	1	149	1150968
260	0	0	1	1	0	0	0	0	0	0	0	0	0	0	0	4.941538	4.284390	4.275836	4.274410	2.239487	20.250000	22.500000	99.156868	98.895782	98.821190	0	0	1	1	149	1164578
261	0	0	3	1	0	0	0	0	0	0	0	0	0	0	0	4.941538	4.285816	4.271558	4.274410	2.241099	20.250000	22.500000	99.156868	98.858490	98.895782	0	0	1	1	149	1151016
263	1	2	0	0	0	0	0	0	0	0	0	0	0	0	0	4.939927	4.282964	4.271558	4.274410	2.241099	20.250000	22.500000	99.193443	98.894958	98.969566	0	0	1	1	149	1150964
264	2	2	2	0	0	0	0	0	0	0	0	0	0	0	0	4.939927	4.281538	4.274410	4.271558	2.241905	20.250000	22.500000	99.193443	98.932274	98.559158	0	0	1	1	149	1151073
265	0	0	0	0	0	0	0	0	0	0	0	0	0	0	0	4.939927	4.288667	4.275836	4.278687	2.241099	20.250000	22.500000	99.305382	98.894958	98.745705	0	0	1	1	149	1164501
266	0	1	2	2	0	0	0	1	0	0	0	0	0	0	0	4.939927	4.282964	4.271558	4.271558	2.243516	20.250000	22.500000	99.193443	98.894958	98.894958	0	0	1	1	149	1152162
267	3	2	1	1	0	0	0	0	0	0	0	0	0	0	0	4.941538	4.282964	4.272984	4.272984	2.243516	20.250000	22.500000	99.156868	98.858490	98.895782	0	0	1	1	149	1150965
269	2	0	0	1	0	0	0	0	0	0	0	0	0	0	0	4.939927	4.284390	4.271558	4.271558	2.243516	20.250000	22.500000	99.156143	98.932274	98.894958	0	0	1	1	149	1204835
270	0	1	0	1	0	0	0	0	0	0	0	0	0	0	0	4.939927	4.187439	4.258727	4.261578	2.242711	20.250000	23.000000	98.820328	98.447212	98.633781	0	0	1	1	149	1151028
271	0	0	0	0	0	0	0	0	0	0	0	0	0	0	0	4.938315	4.285816	4.274410	4.272984	2.245128	20.500000	23.000000	99.267357	99.006096	98.931450	0	0	1	1	149	1150975
272	1	0	1	2	0	1	1	0	0	1	0	0	1	0	0	4.939927	4.284390	4.272984	4.272984	2.245128	20.250000	23.000000	99.193443	98.969566	98.894958	0	0	1	1	149	1150975
273	0	1	2	2	0	0	0	0	0	0	0	0	0	0	0	4.939927	4.282964	4.272984	4.275836	2.246740	20.500000	23.000000	99.156143	98.857651	98.894958	0	0	1	1	149	1169918
275	0	1	1	0	0	0	0	0	0	0	0	0	0	0	0	4.939927	4.281538	4.271558	4.272984	2.246740	20.500000	23.000000	99.118820	98.857651	98.894958	0	0	1	1	149	1151026
276	0	1	1	0	0	0	0	0	0	0	0	0	0	0	0	4.941538	4.284390	4.274410	4.274410	2.246740	20.500000	23.000000	99.119583	98.858490	98.858490	0	0	1	1	149	1150977
277	0	0	1	0	0	0	0	0	0	0	0	0	0	0	0	4.939927	4.285816	4.275836	4.275836	2.247546	20.500000	23.000000	98.932274	98.708397	98.969566	0	0	1	1	149	1164599
278	1	1	1	0	0	0	0	0	0	0	0	0	0	0	0	4.941538	4.285816	4.272984	4.271558	2.248352	20.500000	23.000000	99.119583	98.821190	98.821190	0	0	1	1	149	1152276
279	2	2	1	0	0	0	0	0	0	0	0	0	0	0	0	4.939927	4.282964	4.271558	4.274410	2.248352	20.500000	23.000000	99.193443	98.932274	98.932274	0	0	1	1	149	1150970
281	2	0	2	2	0	0	1	0	0	0	0	0	0	0	0	4.939927	4.282964	4.272984	4.275836	2.248352	20.500000	23.000000	99.156143	98.894958	98.932274	0	0	1	1	149	1150968
282	0	1	1	1	0	0	0	0	0	0	0	0	0	0	0	4.941538	4.284390	4.271558	4.272984	2.249964	20.500000	23.000000	99.119583	98.858490	98.895782	0	0	1	1	149	1164585
283	1	1	1	1	0	0	0	0	0	0	0	0	0	0	0	4.941538	4.284390	4.271558	4.274410	2.250769	20.500000	23.000000	99.156868	98.858490	98.895782	0	0	1	1	149	1151016
284	1	1	0	1	0	0	0	0	0	0	0	0	0	0	0	4.939927	4.284390	4.271558	4.271558	2.250769	20.500000	23.000000	99.156143	98.857651	98.894958	0	0	1	1	149	1151069
285	0	0	1	1	0	0	0	0	0	0	0	0	0	0	0	4.938315	4.285816	4.264430	4.280113	2.249158	20.500000	23.000000	99.155388	98.968781	99.006096	0	0	1	1	149	1164588
287	1	0	0	0	0	0	0	0	0	0	0	0	0	0	0	4.938315	4.285816	4.274410	4.272984	2.251575	20.500000	23.000000	99.267357	98.931450	98.931450	0	0	1	1	149	1151015
288	3	1	2	1	0	1	0	0	0	0	0	0	0	0	0	4.939927	4.285816	4.272984	4.271558	2.252381	20.500000	23.000000	99.230751	98.894958	98.820328	0	0	1	1	149	1150965
289	2	2	1	2	0	0	0	0	0	0	0	0	0	0	0	4.939927	4.287241	4.274410	4.275836	2.251575	20.500000	23.000000	99.230751	98.932274	98.969566	0	0	1	1	149	1164698
290	0	0	0	0	0	0	0	0	0	0	0	0	0	0	0	4.938315	4.285816	4.271558	4.271558	2.252381	20.500000	23.000000	99.342010	98.931450	99.006096	0	0	1	1	149	1152162
291	2	0	2	0	0	0	0	0	0	0	0	0	0	0	0	4.938315	4.285816	4.272984	4.274410	2.252381	20.500000	23.000000	99.267357	98.968781	98.707512	0	0	1	1	149	1150968
293	2	1	1	0	0	0	0	0	0	0	0	0	0	0	0	4.941538	4.282964	4.272984	4.272984	2.253993	20.500000	23.000000	99.156868	98.895782	98.858490	0	0	1	1	149	1150975
294	1	1	2	0	0	1	0	0	0	0	0	0	0	0	0	4.939927	4.282964	4.271558	4.270133	2.253993	20.500000	23.000000	99.156143	98.894958	98.894958	0	0	1	1	149	1164590
295	0	1	2	0	0	0	0	0	0	0	0	0	0	0	0	4.941538	4.282964	4.260152	4.264430	2.253993	20.500000	23.000000	99.007675	98.821190	98.858490	0	0	1	1	149	1151028
296	1	1	0	2	0	0	0	0	1	0	0	0	0	0	0	4.939927	4.282964	4.271558	4.274410	2.255605	20.750000	23.000000	99.156143	98.894958	98.894958	0	0	1	1	149	1150974
297	1	0	1	1	0	0	0	0	0	0	0	0	0	0	0	4.939927	4.282964	4.271558	4.272984	2.256410	20.750000	23.000000	99.156143	98.894958	98.932274	0	0	1	1	149	1164597
299	1	2	1	0	0	0	0	0	0	0	0	0	0	0	0	4.939927	4.284390	4.274410	4.274410	2.256410	20.750000	23.000000	99.118820	98.857651	98.894958	0	0	1	1	149	1151026
300	1	1	1	0	1	0	0	0	0	0	0	0	0	0	0	4.939927	4.281538	4.277261	4.271558	2.257216	20.750000	23.000000	99.156143	98.857651	98.745705	0	0	1	1	149	1150995
301	0	1	1	0	0	0	0	0	0	0	0	0	0	0	0	4.936703	4.288667	4.274410	4.277261	2.257216	20.750000	23.000000	99.079971	98.818626	98.967964	0	0	1	1	149	1151079
302	0	0	1	2	0	0	0	0	0	0	0	0	0	0	0	4.939927	4.282964	4.271558	4.277261	2.258022	20.750000	23.000000	99.156143	98.894958	98.894958	0	0	1	1	149	1165841
303	0	0	1	1	0	0	0	0	0	0	0	0	0	0	0	4.939927	4.284390	4.272984	4.272984	2.258022	20.750000	23.000000	99.156143	98.894958	98.894958	0	0	1	1	149	1151021
305	1	1	2	1	0	0	0	0	0	0	0	0	0	0	0	4.939927	4.284390	4.271558	4.263004	2.257216	20.750000	23.000000	99.380005	98.783020	98.894958	0	0	1	1	149	1150968
306	1	0	0	0	0	0	0	0	0	0	0	0	0	0	0	4.939927	4.282964	4.271558	4.272984	2.258828	20.750000	23.000000	99.193443	98.857651	98.932274	0	0	1	1	149	1164582
307	0	1	1	0	0	0	0	0	0	0	0	0	0	0	0	4.939927	4.282964	4.271558	4.274410	2.259634	20.750000	23.000000	99.156143	98.894958	98.894958	0	0	1	1	149	1151016
308	0	0	0	0	0	0	0	0	0	0	0	0	0	0	0	4.944762	4.280113	4.270133	4.274410	2.259634	20.750000	23.500000	99.009239	98.711044	98.822884	0	0	1	1	149	1150965
309	1	3	0	1	1	0	0	0	0	0	0	0	0	0	0	4.939927	4.282964	4.274410	4.275836	2.260440	20.750000	23.000000	99.118820	98.857651	98.894958	0	0	1	1	149	1151071
311	0	1	1	0	0	0	0	0	0	0	0	0	0	0	0	4.939927	4.282964	4.272984	4.274410	2.261245	20.750000	23.500000	99.156143	98.894958	98.894958	0	0	1	1	149	1164581
312	0	2	1	0	0	0	0	0	0	0	0	0	0	0	0	4.939927	4.282964	4.271558	4.274410	2.260440	20.750000	23.500000	99.193443	98.857651	98.969566	0	0	1	1	149	1151016
313	0	1	2	1	0	0	0	1	0	0	0	0	0	0	0	4.936703	4.287241	4.275836	4.275836	2.261245	20.750000	23.500000	99.303986	99.005310	99.079971	0	0	1	1	149	1150968
314	0	0	0	0	0	0	0	0	0	0	0	0	0	0	0	4.939927	4.277261	4.260152	4.278687	2.262857	20.750000	23.500000	99.156143	98.894958	98.932274	0	0	1	1	149	1165834
315	0	3	1	1	0	0	0	0	1	0	0	0	0	0	0	4.939927	4.282964	4.271558	4.272984	2.262857	20.750000	23.500000	99.156143	98.894958	98.857651	0	0	1	1	149	1151016
317	1	0	0	2	0	0	0	0	0	0	0	0	0	0	0	4.939927	4.284390	4.271558	4.272984	2.262857	20.750000	23.500000	99.193443	98.894958	98.969566	0	0	1	1	149	1150975
318	2	1	0	0	0	0	0	0	0	0	0	0	0	0	0	4.939927	4.287241	4.272984	4.272984	2.263663	20.750000	23.500000	98.894958	99.118820	98.820328	0	0	1	1	149	1150977
319	4	1	1	1	0	0	0	0	0	0	0	0	0	0	0	4.939927	4.282964	4.274410	4.274410	2.263663	20.750000	23.500000	99.156143	98.857651	98.596466	0	0	1	1	149	1164596
320	1	0	0	1	0	0	1	0	0	0	0	0	0	0	0	4.939927	4.288667	4.272984	4.272984	2.264469	20.750000	23.500000	99.230751	98.894958	98.894958	0	0	1	1	149	1151025
321	1	0	1	0	0	0	0	0	0	0	0	0	0	0	0	4.939927	4.284390	4.275836	4.272984	2.265275	20.750000	23.500000	99.156143	98.932274	98.894958	0	0	1	1	149	1150974
323	1	1	3	0	1	0	0	0	0	0	0	0	0	0	0	4.941538	4.281538	4.265855	4.260152	2.263663	20.750000	23.500000	98.970383	98.373596	98.485497	0	0	1	1	149	1164593
324	0	0	0	2	0	0	0	0	0	0	0	0	0	0	0	4.938315	4.284390	4.275836	4.277261	2.265275	20.750000	23.500000	99.230042	99.006096	99.006096	0	0	1	1	149	1151025
325	1	1	1	0	0	0	0	0	0	0	0	0	0	0	0	4.938315	4.285816	4.275836	4.277261	2.265275	20.750000	23.500000	99.304680	99.080734	99.080734	0	0	1	1	149	1150975
326	1	0	1	0	0	0	0	0	0	0	0	0	0	0	0	4.939927	4.285816	4.271558	4.272984	2.266081	20.750000	23.500000	99.230751	98.894958	98.969566	0	0	1	1	149	1176150
327	0	1	0	0	0	0	0	0	0	0	0	0	0	0	0	4.936703	4.288667	4.274410	4.274410	2.265275	20.750000	23.500000	99.378662	99.005310	99.005310	0	0	1	1	149	1151021
329	1	0	0	0	0	0	0	0	0	0	0	0	0	0	0	4.939927	4.284390	4.272984	4.265855	2.266886	20.750000	23.500000	99.156143	98.894958	98.932274	0	0	1	1	149	1150968
330	0	1	2	0	0	0	0	0	0	0	0	0	0	0	0	4.939927	4.285816	4.274410	4.274410	2.269304	21.000000	23.500000	99.268059	98.969566	98.969566	0	0	1	1	149	1150965
331	1	1	2	2	0	0	0	0	0	0	0	0	0	0	0	4.941538	4.285816	4.270133	4.275836	2.267692	20.750000	23.500000	99.194176	98.858490	98.858490	0	0	1	1	149	1164574
332	0	1	1	0	0	0	0	0	0	0	0	0	0	0	0	4.938315	4.282964	4.271558	4.272984	2.269304	21.000000	23.500000	99.267357	98.931450	99.006096	0	0	1	1	149	1151016
333	1	0	1	0	0	0	0	0	0	0	0	0	0	0	0	4.939927	4.284390	4.274410	4.274410	2.269304	21.000000	23.500000	99.230751	99.044197	98.596466	0	0	1	1	149	1150968
335	1	1	2	1	0	0	0	0	0	0	0	0	0	0	0	4.941538	4.285816	4.272984	4.274410	2.269304	21.000000	23.500000	99.156868	98.821190	98.858490	0	0	1	1	149	1164570
336	1	0	0	1	0	0	0	0	0	0	0	0	0	0	0	4.939927	4.285816	4.271558	4.274410	2.269304	21.000000	23.500000	99.230751	98.894958	98.969566	0	0	1	1	149	1151016
337	0	1	1	1	0	0	0	0	0	0	0	0	0	0	0	4.935091	4.297222	4.271558	4.275836	2.269304	21.000000	23.500000	99.377983	99.041862	99.116554	0	0	1	1	149	1150968
338	0	0	1	1	0	0	0	0	0	0	0	0	0	0	0	4.939927	4.284390	4.271558	4.274410	2.270110	21.000000	23.500000	99.193443	98.969566	98.484535	0	0	1	1	149	1152217
339	0	1	0	3	0	0	0	0	1	0	0	0	0	0	0	4.941538	4.284390	4.272984	4.274410	2.270110	21.000000	23.500000	99.231468	98.933075	98.895782	0	0	1	1	149	1164593
341	2	0	0	1	0	0	0	0	0	0	0	0	0	0	0	4.939927	4.284390	4.272984	4.274410	2.270916	21.000000	23.500000	99.193443	98.857651	98.894958	0	0	1	1	149	1151025
342	0	0	0	0	0	0	0	0	0	0	0	0	0	0	0	4.939927	4.285816	4.271558	4.272984	2.270916	21.000000	23.500000	99.156143	98.857651	98.857651	0	0	1	1	149	1150978
343	0	1	1	0	0	0	0	0	0	0	0	0	0	0	0	4.939927	4.285816	4.271558	4.272984	2.271722	21.000000	23.500000	99.305382	98.857651	98.932274	0	0	1	1	149	1164588
344	0	1	0	0	0	0	0	0	0	0	0	0	0	0	0	4.938315	4.285816	4.271558	4.275836	2.271722	21.000000	23.500000	99.230042	98.894127	98.968781	0	0	1	1	149	1151026
345	0	0	0	0	0	0	0	0	0	0	0	0	0	0	0	4.938315	4.288667	4.268707	4.274410	2.272527	21.000000	23.500000	99.230042	98.931450	98.931450	0	0	1	1	149	1150975
347	0	1	5	0	0	0	0	0	0	0	0	0	0	0	0	4.938315	4.285816	4.272984	4.272984	2.272527	21.000000	23.500000	99.267357	98.931450	98.894127	0	0	1	1	149	1150975
348	1	1	0	1	0	0	0	0	0	0	0	0	0	0	0	4.941538	4.287241	4.272984	4.274410	2.273333	21.000000	23.500000	99.194176	98.821190	98.858490	0	0	1	1	149	1164590
349	0	1	0	1	0	0	0	0	0	0	0	0	0	0	0	4.938315	4.288667	4.274410	4.274410	2.271722	21.000000	23.500000	99.267357	98.894127	98.968781	0	0	1	1	149	1151026
350	1	1	0	1	0	0	1	0	0	0	0	0	0	0	0	4.941538	4.284390	4.271558	4.274410	2.274139	21.000000	23.500000	99.156868	98.821190	98.858490	0	0	1	1	149	1152225
351	1	1	1	0	0	0	0	0	0	0	0	0	0	0	0	4.941538	4.285816	4.271558	4.274410	2.274945	21.000000	23.500000	99.119583	98.671989	98.970383	0	0	1	1	149	1164588
353	3	1	1	2	0	0	0	0	0	0	0	0	0	0	0	4.939927	4.287241	4.270133	4.274410	2.275751	21.000000	23.500000	99.230751	98.857651	98.894958	0	0	1	1	149	1151016
354	3	0	2	0	0	0	0	0	0	0	0	0	0	0	0	4.939927	4.285816	4.272984	4.275836	2.274945	21.000000	23.500000	99.193443	98.894958	98.932274	0	0	1	1	149	1150965
355	3	0	0	1	0	0	0	0	0	0	0	0	0	0	0	4.939927	4.285816	4.271558	4.272984	2.275751	21.000000	23.500000	99.230751	98.894958	98.932274	0	0	1	1	149	1201110
356	1	0	1	1	0	0	0	0	0	0	0	0	0	0	0	4.941538	4.285816	4.274410	4.275836	2.276557	21.000000	24.000000	99.231468	98.933075	98.933075	0	0	1	1	149	1151016
357	3	0	0	0	0	0	0	0	0	0	0	0	0	0	0	4.943151	4.284390	4.270133	4.274410	2.276557	21.000000	24.000000	99.157608	98.523727	99.120316	0	0	1	1	149	1150968
359	0	1	0	0	0	0	0	0	0	0	0	0	0	0	0	4.939927	4.284390	4.272984	4.274410	2.276557	21.000000	24.000000	99.230751	98.894958	98.894958	0	0	1	1	149	1150965
360	3	1	1	1	1	0	0	0	0	0	0	0	0	0	0	4.938315	4.285816	4.272984	4.274410	2.277363	21.000000	24.000000	99.267357	98.894127	98.931450	0	0	1	1	149	1164604
361	0	0	1	0	0	0	0	0	0	0	0	0	0	0	0	4.938315	4.288667	4.274410	4.277261	2.276557	21.000000	24.000000	99.342010	99.006096	99.043419	0	0	1	1	149	1151016
362	1	1	0	1	0	0	0	0	1	0	0	0	0	0	0	4.939927	4.285816	4.258727	4.281538	2.278169	21.000000	24.000000	99.156143	98.932274	98.932274	0	0	1	1	149	1152218
363	0	0	1	1	0	0	0	0	0	0	0	0	0	0	0	4.939927	4.284390	4.270133	4.272984	2.276557	21.000000	24.000000	98.969566	98.932274	98.783020	0	0	1	1	149	1164595
365	0	0	0	0	0	0	0	0	0	0	0	0	0	0	0	4.941538	4.285816	4.271558	4.275836	2.278975	21.000000	24.000000	99.156868	98.858490	98.895782	0	0	1	1	149	1151026
366	3	0	0	1	0	0	0	0	0	0	0	0	0	0	0	4.939927	4.287241	4.274410	4.274410	2.278975	21.000000	24.000000	99.193443	98.894958	98.894958	0	0	1	1	149	1150975
367	0	2	0	1	0	0	0	0	0	0	0	0	0	0	0	4.939927	4.284390	4.274410	4.272984	2.278975	21.000000	24.000000	99.193443	98.857651	98.894958	0	0	1	1	149	1150978
368	1	1	2	0	0	0	0	0	0	0	0	0	0	0	0	4.941538	4.285816	4.272984	4.272984	2.280586	21.250000	24.000000	99.156868	98.783882	98.858490	0	0	1	1	149	1164590
369	0	0	0	1	0	0	0	0	0	0	0	0	0	0	0	4.939927	4.288667	4.274410	4.272984	2.278975	21.000000	24.000000	99.230751	98.894958	98.932274	0	0	1	1	149	1151026
371	2	1	1	0	0	0	0	0	0	0	0	0	0	0	0	4.941538	4.285816	4.270133	4.255875	2.280586	21.250000	24.000000	99.194176	98.746590	98.858490	0	0	1	1	149	1150977
372	2	1	1	2	0	0	1	0	1	0	0	0	0	0	0	4.941538	4.284390	4.271558	4.274410	2.279780	21.000000	24.000000	99.156868	98.522797	99.194176	0	0	1	1	149	1164603
373	0	0	0	0	0	0	0	0	0	0	0	0	0	0	0	4.938315	4.290093	4.274410	4.275836	2.280586	21.250000	24.000000	99.379326	99.006096	99.006096	0	0	1	1	149	1151026
374	3	1	0	0	0	0	0	0	0	0	0	0	0	0	0	4.938315	4.287241	4.272984	4.272984	2.282198	21.250000	24.000000	99.230042	98.894127	98.931450	0	0	1	1	149	1152225
375	1	0	0	2	0	0	0	0	0	0	0	0	0	0	0	4.943151	4.281538	4.268707	4.274410	2.281392	21.250000	24.000000	99.194893	98.822021	98.859314	0	0	1	1	149	1150970
377	2	1	1	0	0	0	0	0	0	0	0	0	0	0	0	4.941538	4.285816	4.272984	4.274410	2.282198	21.250000	24.000000	99.044983	98.597389	98.933075	0	0	1	1	149	1164582
378	0	2	3	2	0	0	0	1	0	0	0	0	0	0	0	4.941538	4.285816	4.274410	4.275836	2.283004	21.250000	24.000000	99.194176	98.821190	98.858490	0	0	1	1	149	1151016
379	0	1	1	1	0	0	0	0	0	0	0	0	0	0	0	4.939927	4.285816	4.272984	4.272984	2.283004	21.250000	24.000000	99.230751	98.894958	98.932274	0	0	1	1	149	1150965
380	2	0	0	0	0	0	0	0	0	0	0	0	0	0	0	4.939927	4.287241	4.272984	4.275836	2.282198	21.250000	24.000000	99.230751	98.894958	98.932274	0	0	1	1	149	1164606
381	1	0	0	0	0	0	0	0	0	0	0	0	0	0	0	4.943151	4.287241	4.272984	4.275836	2.284616	21.250000	24.000000	99.157608	98.822021	98.859314	0	0	1	1	149	1151019
383	1	1	2	1	0	0	0	0	0	0	0	0	0	0	0	4.939927	4.285816	4.271558	4.275836	2.283810	21.250000	24.000000	99.230751	98.894958	98.932274	0	0	1	1	149	1150965
384	1	0	0	1	0	0	0	0	0	0	0	0	0	0	0	4.935091	4.288667	4.268707	4.271558	2.283810	21.250000	24.000000	99.377983	99.004509	99.041862	0	0	1	1	149	1150968
385	0	0	1	0	0	0	0	0	0	0	0	0	0	0	0	4.938315	4.288667	4.275836	4.277261	2.283810	21.250000	24.000000	99.342010	99.006096	99.006096	0	0	1	1	149	1164590
386	0	0	2	1	0	0	0	0	0	0	0	0	0	0	0	4.941538	4.287241	4.272984	4.274410	2.285421	21.250000	24.000000	99.231468	98.821190	98.933075	0	0	1	1	149	1152165
387	0	0	2	1	0	0	0	0	0	0	0	0	0	0	0	4.943151	4.285816	4.271558	4.274410	2.285421	21.250000	24.000000	99.157608	98.822021	98.822021	0	0	1	1	149	1150965
389	3	0	2	3	0	0	1	0	0	0	0	0	0	0	0	4.939927	4.285816	4.271558	4.274410	2.285421	21.250000	24.000000	99.230751	98.894958	98.894958	0	0	1	1	149	1164601
390	0	1	2	0	0	0	0	0	0	0	0	0	0	0	0	4.936703	4.281538	4.267281	4.265855	2.282198	21.250000	24.000000	99.490669	98.855957	99.005310	0	0	1	1	149	1151029
391	1	0	0	1	0	0	0	0	0	0	0	0	0	0	0	4.939927	4.288667	4.272984	4.274410	2.285421	21.250000	24.000000	99.230751	98.894958	98.894958	0	0	1	1	149	1151082
392	1	1	2	0	0	0	0	0	0	0	0	0	0	0	0	4.939927	4.284390	4.271558	4.272984	2.286227	21.250000	24.000000	99.230751	98.857651	98.894958	0	0	1	1	149	1164590
393	0	0	1	3	0	0	0	0	0	0	0	0	0	0	0	4.939927	4.285816	4.272984	4.275836	2.286227	21.250000	24.000000	99.230751	98.857651	98.894958	0	0	1	1	149	1151025
395	3	1	2	1	0	0	1	0	0	0	0	0	0	0	0	4.941538	4.285816	4.270133	4.274410	2.286227	21.250000	24.000000	99.268776	98.597389	98.597389	0	0	1	1	149	1150978
396	2	0	2	1	0	1	0	0	0	0	0	0	0	0	0	4.939927	4.284390	4.271558	4.272984	2.287033	21.250000	24.000000	99.230751	98.857651	98.932274	0	0	1	1	149	1150974
397	1	2	1	3	0	0	0	0	0	0	0	0	0	0	0	4.938315	4.288667	4.274410	4.277261	2.286227	21.250000	24.000000	99.304680	98.968781	99.006096	0	0	1	1	149	1164509
398	0	1	1	0	0	0	0	0	0	0	0	0	0	0	0	4.939927	4.287241	4.271558	4.272984	2.287839	21.250000	24.000000	99.230751	98.894958	98.932274	0	0	1	1	149	1152171
399	1	1	0	1	0	0	0	0	0	0	0	0	0	0	0	4.939927	4.285816	4.272984	4.272984	2.287839	21.250000	24.000000	99.193443	98.894958	98.894958	0	0	1	1	149	1150974
401	2	0	0	1	0	0	0	0	0	0	0	0	0	0	0	4.939927	4.285816	4.272984	4.272984	2.287839	21.250000	24.000000	99.193443	98.857651	98.932274	0	0	1	1	149	1164704
402	2	0	0	1	0	0	0	0	0	0	0	0	0	0	0	4.938315	4.285816	4.271558	4.272984	2.288645	21.250000	24.000000	99.267357	98.931450	99.006096	0	0	1	1	149	1151015
403	1	1	1	2	0	0	0	0	1	0	0	0	0	0	0	4.939927	4.287241	4.272984	4.272984	2.288645	21.250000	24.000000	99.193443	98.857651	98.894958	0	0	1	1	149	1150964
404	2	0	0	2	0	0	0	0	0	0	0	0	0	0	0	4.939927	4.285816	4.272984	4.272984	2.289451	21.250000	24.000000	99.268059	98.894958	98.894958	0	0	1	1	149	1150967
405	1	2	2	0	0	0	0	1	0	0	0	0	0	0	0	4.939927	4.285816	4.272984	4.274410	2.289451	21.250000	24.000000	99.193443	98.820328	98.894958	0	0	1	1	149	1164608
407	0	0	1	2	0	0	0	0	0	0	0	0	0	0	0	4.939927	4.287241	4.272984	4.274410	2.289451	21.250000	24.000000	99.193443	98.857651	98.894958	0	0	1	1	149	1151016
408	1	1	0	0	0	0	0	0	0	0	0	0	0	0	0	4.941538	4.285816	4.271558	4.263004	2.289451	21.250000	24.000000	99.119583	98.783882	98.895782	0	0	1	1	149	1150967
409	2	2	0	0	0	0	0	0	0	0	0	0	0	0	0	4.938315	4.288667	4.275836	4.277261	2.288645	21.250000	24.000000	99.379326	98.968781	99.006096	0	0	1	1	149	1164588
410	1	0	3	0	0	0	0	0	0	0	0	0	0	0	0	4.939927	4.282964	4.271558	4.277261	2.291062	21.250000	24.000000	99.156143	98.857651	98.932274	0	0	1	1	149	1152268
411	0	0	0	0	0	0	0	0	0	0	0	0	0	0	0	4.938315	4.285816	4.272984	4.274410	2.291062	21.250000	24.000000	99.192719	98.856796	98.931450	0	0	1	1	149	1150965
413	0	2	1	0	0	0	0	0	0	0	0	0	0	0	0	4.939927	4.287241	4.270133	4.275836	2.291062	21.250000	24.000000	99.193443	98.857651	98.894958	0	0	1	1	149	1150975
414	0	1	0	1	0	0	0	0	0	0	0	0	0	0	0	4.939927	4.284390	4.258727	4.285816	2.291062	21.250000	24.500000	99.081512	98.857651	98.894958	0	0	1	1	149	1164617
415	1	1	0	0	0	0	0	0	0	0	0	0	0	0	0	4.939927	4.287241	4.272984	4.274410	2.291868	21.250000	24.000000	99.230751	98.857651	98.894958	0	0	1	1	149	1151025
416	0	2	1	0	0	0	0	0	0	0	0	0	0	0	0	4.938315	4.282964	4.271558	4.274410	2.291868	21.500000	24.500000	99.192719	98.931450	98.968781	0	0	1	1	149	1150975
417	0	1	2	0	0	0	0	0	0	0	0	0	0	0	0	4.939927	4.285816	4.272984	4.275836	2.291868	21.250000	24.500000	99.230751	98.894958	98.932274	0	0	1	1	149	1164589
419	0	0	2	0	0	0	0	0	0	0	0	0	0	0	0	4.941538	4.284390	4.272984	4.274410	2.291868	21.250000	24.500000	99.194176	98.858490	98.895782	0	0	1	1	149	1151028
420	0	2	1	1	0	0	0	0	0	0	0	0	0	0	0	4.941538	4.287241	4.271558	4.274410	2.292674	21.250000	24.500000	99.268776	98.895782	98.895782	0	0	1	1	149	1150975
421	0	1	0	0	0	0	0	0	0	0	0	0	0	0	0	4.938315	4.288667	4.280113	4.278687	2.291868	21.500000	24.500000	99.379326	99.118073	99.118073	0	0	1	1	149	1164595
422	1	1	1	0	0	0	0	0	0	0	0	0	0	0	0	4.939927	4.285816	4.274410	4.274410	2.293480	21.500000	24.500000	99.193443	98.894958	98.932274	0	0	1	1	149	1152171
423	0	1	1	1	0	0	0	0	0	0	0	0	0	0	0	4.939927	4.284390	4.274410	4.272984	2.294286	21.500000	24.500000	99.230751	98.969566	98.820328	0	0	1	1	149	1150973
425	1	1	1	2	0	0	0	0	1	0	0	0	0	0	0	4.939927	4.282964	4.272984	4.275836	2.294286	21.500000	24.500000	99.156143	98.932274	98.932274	0	0	1	1	149	1150965
426	0	0	0	2	0	0	0	0	0	0	0	0	0	0	0	4.938315	4.284390	4.274410	4.274410	2.293480	21.500000	24.500000	99.192719	98.931450	98.931450	0	0	1	1	149	1164584
427	1	2	3	0	0	0	0	0	0	0	0	0	0	0	0	4.941538	4.275836	4.263004	4.263004	2.292674	21.250000	24.500000	98.821190	98.485497	98.560097	0	0	1	1	149	1151019
428	0	0	0	2	0	0	0	0	0	0	0	0	0	0	0	4.936703	4.285816	4.274410	4.277261	2.294286	21.500000	24.500000	99.266655	99.005310	99.042641	0	0	1	1	149	1150965
429	2	1	1	0	0	0	0	0	0	0	0	0	0	0	0	4.939927	4.285816	4.275836	4.272984	2.295092	21.500000	24.500000	99.193443	98.894958	98.894958	0	0	1	1	149	1164582
431	0	1	1	1	0	0	0	0	1	0	0	0	0	0	0	4.935091	4.288667	4.270133	4.272984	2.295092	21.500000	24.500000	99.265953	99.041862	99.004509	0	0	1	1	149	1151018
432	1	2	1	3	0	0	0	0	1	0	0	0	0	0	0	4.939927	4.287241	4.274410	4.272984	2.295897	21.500000	24.500000	99.230751	98.969566	98.932274	0	0	1	1	149	1151069
433	1	1	3	0	0	0	0	1	0	0	0	0	0	0	0	4.936703	4.288667	4.280113	4.280113	2.295092	21.500000	24.500000	99.378662	99.117302	99.079971	0	0	1	1	149	1150965
434	1	1	3	0	0	0	0	0	0	0	0	0	0	0	0	4.939927	4.285816	4.274410	4.274410	2.295897	21.500000	24.500000	99.193443	98.932274	98.894958	0	0	1	1	149	1165830
435	0	1	0	2	0	0	0	0	0	0	0	0	0	0	0	4.938315	4.285816	4.274410	4.274410	2.295092	21.500000	24.500000	99.230042	98.968781	98.931450	0	0	1	1	149	1151016
437	1	0	1	3	0	0	0	0	0	1	0	0	0	0	0	4.939927	4.285816	4.274410	4.272984	2.295092	21.500000	24.500000	99.230751	98.932274	98.894958	0	0	1	1	149	1150977
438	1	0	1	0	0	0	0	0	0	0	0	0	0	0	0	4.939927	4.285816	4.274410	4.274410	2.296703	21.500000	24.500000	99.230751	98.969566	98.969566	0	0	1	1	149	1164595
439	0	2	1	0	0	0	0	0	0	0	0	0	0	0	0	4.941538	4.285816	4.274410	4.272984	2.297509	21.500000	24.500000	99.194176	98.933075	98.970383	0	0	1	1	149	1151025
440	1	0	3	0	0	0	0	0	0	0	0	0	0	0	0	4.941538	4.274410	4.263004	4.278687	2.296703	21.500000	24.500000	99.082275	98.858490	98.858490	0	0	1	1	149	1150978
441	0	0	0	0	0	0	0	0	0	0	0	0	0	0	0	4.939927	4.285816	4.274410	4.274410	2.297509	21.500000	24.500000	99.193443	98.894958	98.932274	0	0	1	1	149	1150974
443	1	0	0	1	0	0	1	0	0	0	0	0	0	0	0	4.939927	4.284390	4.275836	4.274410	2.297509	21.500000	24.500000	99.118820	98.894958	98.894958	0	0	1	1	149	1164592
444	1	1	0	0	0	0	0	0	0	0	0	0	0	0	0	4.941538	4.281538	4.271558	4.274410	2.296703	21.500000	24.500000	99.119583	98.821190	98.895782	0	0	1	1	149	1151025
445	1	2	2	0	0	0	0	1	0	0	0	0	0	0	0	4.938315	4.285816	4.275836	4.265855	2.294286	21.500000	24.500000	99.491310	98.931450	99.043419	0	0	1	1	149	1150977
446	0	0	1	2	0	0	0	0	0	0	0	0	0	0	0	4.943151	4.270133	4.281538	4.272984	2.297509	21.500000	24.500000	99.083031	98.784737	98.859314	0	0	1	1	149	1177953
447	0	0	0	1	0	0	0	0	0	0	0	0	0	0	0	4.938315	4.284390	4.272984	4.275836	2.298315	21.500000	24.500000	99.192719	98.931450	99.006096	0	0	1	1	149	1151021
449	2	0	0	0	0	0	0	0	0	0	0	0	0	0	0	4.939927	4.284390	4.274410	4.271558	2.298315	21.500000	24.500000	99.156143	98.932274	98.820328	0	0	1	1	149	1150965
450	1	3	0	0	0	0	0	0	0	0	0	0	0	0	0	4.939927	4.282964	4.274410	4.272984	2.298315	21.500000	24.500000	99.156143	98.894958	98.969566	0	0	1	1	149	1164612
451	4	0	0	2	0	0	0	0	0	0	0	0	0	0	0	4.939927	4.282964	4.274410	4.274410	2.300733	21.500000	24.500000	98.857651	99.006889	98.820328	0	0	1	1	149	1151019
452	1	1	2	0	0	0	0	0	0	0	0	0	0	0	0	4.941538	4.285816	4.275836	4.274410	2.299121	21.500000	24.500000	99.082275	98.895782	98.858490	0	0	1	1	149	1150965
453	1	1	0	0	0	0	0	0	0	0	0	0	0	0	0	4.939927	4.282964	4.275836	4.272984	2.299927	21.500000	24.500000	99.156143	98.932274	98.894958	0	0	1	1	149	1150965
455	0	0	0	1	0	0	0	0	0	0	0	0	0	0	0	4.939927	4.282964	4.274410	4.272984	2.299927	21.500000	24.500000	99.193443	98.932274	98.894958	0	0	1	1	149	1164592
456	1	0	4	0	0	1	0	0	0	0	0	0	0	0	0	4.939927	4.287241	4.274410	4.275836	2.300733	21.500000	24.500000	99.230751	98.969566	98.969566	0	0	1	1	149	1151016
457	1	0	3	0	0	1	0	0	0	0	0	0	0	0	0	4.938315	4.284390	4.277261	4.277261	2.299121	21.500000	24.500000	99.304680	99.080734	99.080734	0	0	1	1	149	1150965
458	1	1	0	1	0	0	0	0	0	0	0	0	0	0	0	4.941538	4.284390	4.272984	4.274410	2.300733	21.500000	24.500000	99.119583	98.821190	98.858490	0	0	1	1	149	1165827
459	3	2	0	0	1	0	0	0	0	0	0	0	0	0	0	4.941538	4.282964	4.271558	4.275836	2.300733	21.500000	24.500000	99.119583	98.858490	98.895782	0	0	1	1	149	1151016
461	1	1	0	1	0	0	0	0	0	0	0	0	0	0	0	4.939927	4.282964	4.272984	4.274410	2.299927	21.500000	24.500000	99.193443	98.932274	98.894958	0	0	1	1	149	1150977
462	1	3	2	1	0	0	0	0	0	0	0	0	0	0	0	4.939927	4.284390	4.272984	4.274410	2.300733	21.500000	24.500000	99.156143	98.820328	98.932274	0	0	1	1	149	1150975
463	1	1	2	1	0	0	0	0	0	0	0	0	0	0	0	4.939927	4.285816	4.274410	4.275836	2.302344	21.500000	24.500000	99.156143	98.894958	98.932274	0	0	1	1	149	1164590
464	0	1	0	1	0	0	0	0	0	0	0	0	0	0	0	4.941538	4.287241	4.274410	4.272984	2.302344	21.500000	24.500000	99.119583	98.671989	98.970383	0	0	1	1	149	1151028
465	1	1	0	1	0	0	0	0	0	0	0	0	0	0	0	4.941538	4.284390	4.272984	4.274410	2.301538	21.500000	24.500000	99.119583	98.821190	98.858490	0	0	1	1	149	1150975
467	0	1	2	0	0	0	0	1	0	0	0	0	0	0	0	4.939927	4.282964	4.270133	4.272984	2.301538	21.500000	24.500000	99.156143	98.894958	98.932274	0	0	1	1	149	1164598
468	0	1	0	1	0	0	0	0	0	0	0	0	0	0	0	4.935091	4.272984	4.260152	4.282964	2.299927	21.500000	24.500000	99.265953	99.079208	99.079208	0	0	1	1	149	1151025
469	1	1	1	3	0	0	0	0	0	0	0	0	0	0	0	4.939927	4.285816	4.274410	4.260152	2.301538	21.500000	24.500000	99.305382	98.894958	99.044197	0	0	1	1	149	1150977
470	1	2	1	2	0	0	0	0	1	0	0	0	0	0	0	4.939927	4.282964	4.271558	4.272984	2.302344	21.500000	24.500000	99.193443	98.857651	98.969566	0	0	1	1	149	1152224
471	1	0	0	1	0	0	0	0	0	0	0	0	0	0	0	4.939927	4.284390	4.272984	4.275836	2.302344	21.500000	24.500000	99.118820	98.857651	98.894958	0	0	1	1	149	1164596
473	1	0	1	0	0	1	0	0	0	0	0	0	0	0	0	4.935091	4.285816	4.274410	4.275836	2.301538	21.500000	24.500000	99.340637	99.079208	99.079208	0	0	1	1	149	1151016
474	1	0	1	0	0	0	0	0	0	0	0	0	0	0	0	4.939927	4.284390	4.275836	4.274410	2.303150	21.500000	24.500000	99.230751	99.044197	98.633781	0	0	1	1	149	1150969
475	0	0	0	2	0	0	0	0	0	0	0	0	0	0	0	4.938315	4.282964	4.271558	4.275836	2.302344	21.500000	24.500000	99.192719	98.894127	98.931450	0	0	1	1	149	1164591
476	0	1	1	0	0	0	0	0	0	0	0	0	0	0	0	4.939927	4.284390	4.272984	4.274410	2.303150	21.500000	24.500000	99.156143	98.857651	98.932274	0	0	1	1	149	1151016
477	0	1	1	1	0	0	0	0	1	0	0	0	0	0	0	4.939927	4.280113	4.271558	4.272984	2.303150	21.500000	24.500000	99.193443	98.894958	98.969566	0	0	1	1	149	1150965
479	1	0	2	0	0	0	0	0	0	0	0	0	0	0	0	4.939927	4.284390	4.272984	4.272984	2.303956	21.500000	24.500000	99.156143	98.932274	98.559158	0	0	1	1	149	1150967
480	1	1	1	0	0	0	0	0	0	0	0	0	0	0	0	4.939927	4.282964	4.274410	4.274410	2.303956	21.500000	24.500000	99.118820	98.857651	98.894958	0	0	1	1	149	1164589
481	1	0	0	0	0	0	0	0	0	0	0	0	0	0	0	4.938315	4.285816	4.275836	4.277261	2.303956	21.750000	24.500000	99.230042	98.968781	99.006096	0	0	1	1	149	1151016
482	1	0	0	0	0	0	0	0	0	0	0	0	0	0	0	4.939927	4.284390	4.274410	4.272984	2.304762	21.750000	24.500000	99.156143	98.932274	98.894958	0	0	1	1	149	1152215
483	1	0	1	1	0	0	0	0	0	0	0	0	0	0	0	4.938315	4.284390	4.272984	4.272984	2.303956	21.750000	24.500000	99.192719	98.894127	98.931450	0	0	1	1	149	1164584
485	1	1	2	2	0	0	0	0	0	0	0	0	0	0	0	4.939927	4.284390	4.271558	4.271558	2.304762	21.750000	24.500000	99.156143	98.857651	98.857651	0	0	1	1	149	1151028
486	0	2	0	2	0	0	0	0	1	0	0	0	0	0	0	4.939927	4.282964	4.272984	4.274410	2.304762	21.750000	24.500000	99.118820	98.857651	98.894958	0	0	1	1	149	1150975
487	3	1	0	2	1	0	0	0	0	0	0	0	0	0	0	4.939927	4.284390	4.271558	4.274410	2.305568	21.750000	24.500000	99.156143	98.820328	98.894958	0	0	1	1	149	1164597
488	0	0	0	1	0	0	0	0	0	0	0	0	0	0	0	4.941538	4.270133	4.281538	4.268707	2.304762	21.500000	24.500000	99.119583	98.858490	98.895782	0	0	1	1	149	1151028
489	0	1	4	0	0	0	0	0	0	0	0	0	0	0	0	4.939927	4.282964	4.270133	4.274410	2.306374	21.750000	24.500000	99.156143	98.894958	98.932274	0	0	1	1	149	1150974
491	1	0	2	0	0	0	0	0	0	0	0	0	0	0	0	4.938315	4.282964	4.271558	4.272984	2.305568	21.750000	24.500000	99.192719	98.931450	98.931450	0	0	1	1	149	1150974
492	0	0	0	1	0	0	0	0	0	0	0	0	0	0	0	4.936703	4.282964	4.275836	4.272984	2.306374	21.750000	24.500000	99.229324	98.930634	98.967964	0	0	1	1	149	1164599
493	1	0	2	1	0	0	0	0	0	0	0	0	0	0	0	4.936703	4.281538	4.275836	4.275836	2.306374	21.750000	24.500000	99.303986	99.005310	99.005310	0	0	1	1	149	1151028
494	2	1	0	2	0	0	0	0	0	0	0	0	0	0	0	4.939927	4.282964	4.271558	4.272984	2.305568	21.750000	24.500000	99.193443	98.894958	98.932274	0	0	1	1	149	1152227
495	0	0	0	0	0	0	0	0	0	0	0	0	0	0	0	4.939927	4.282964	4.271558	4.274410	2.307179	21.750000	24.500000	99.193443	98.894958	98.857651	0	0	1	1	149	1164593
497	2	3	0	1	0	0	0	0	0	0	0	0	0	0	0	4.941538	4.284390	4.271558	4.271558	2.307985	21.750000	24.500000	99.156868	98.895782	98.783882	0	0	1	1	149	1151015
498	1	2	2	0	1	0	0	0	0	0	0	0	0	0	0	4.939927	4.281538	4.258727	4.278687	2.307179	21.750000	24.500000	99.081512	98.894958	98.932274	0	0	1	1	149	1150968
499	0	1	2	0	0	0	0	0	0	0	0	0	0	0	0	4.939927	4.284390	4.272984	4.272984	2.307985	21.750000	24.500000	99.156143	98.820328	98.894958	0	0	1	1	149	1150966
500	1	1	0	2	0	0	0	0	0	0	0	0	0	0	0	4.941538	4.282964	4.272984	4.275836	2.307985	21.750000	25.000000	99.156868	98.858490	98.858490	0	0	1	1	149	1164582
501	0	2	0	2	0	0	0	0	1	0	0	0	0	0	0	4.939927	4.282964	4.271558	4.272984	2.307985	21.750000	25.000000	99.193443	98.857651	98.969566	0	0	1	1	149	1151016
503	1	3	0	3	0	0	0	0	0	0	0	0	0	0	0	4.939927	4.281538	4.272984	4.274410	2.307179	21.750000	25.000000	99.193443	98.932274	98.894958	0	0	1	1	149	1150968
504	0	0	1	1	0	0	0	0	0	0	0	0	0	0	0	4.938315	4.285816	4.271558	4.272984	2.307985	21.750000	25.000000	99.230042	98.931450	98.894127	0	0	1	1	149	1164591
505	0	3	3	2	0	0	0	0	2	0	0	0	0	0	0	4.938315	4.287241	4.275836	4.275836	2.307179	21.750000	25.000000	99.267357	99.006096	99.043419	0	0	1	1	149	1151016
506	0	1	2	0	0	0	0	0	0	0	0	0	0	0	0	4.939927	4.282964	4.274410	4.271558	2.307985	21.750000	25.000000	99.156143	98.894958	98.820328	0	0	1	1	149	1152215
507	0	0	1	1	0	0	0	0	0	0	0	0	0	0	0	4.939927	4.282964	4.274410	4.274410	2.307985	21.750000	25.000000	99.156143	98.857651	98.932274	0	0	1	1	149	1150968
509	0	0	0	1	0	0	0	0	0	0	0	0	0	0	0	4.939927	4.287241	4.271558	4.272984	2.308791	21.750000	25.000000	99.193443	98.820328	98.857651	0	0	1	1	149	1164590
510	0	0	0	0	0	0	0	0	0	0	0	0	0	0	0	4.936703	4.285816	4.274410	4.275836	2.306374	21.750000	25.000000	99.266655	98.967964	99.005310	0	0	1	1	149	1151026
511	2	1	2	2	0	0	0	0	0	0	0	0	0	0	0	4.939927	4.284390	4.271558	4.257301	2.309597	21.750000	25.000000	99.230751	98.857651	98.969566	0	0	1	1	149	1150977
512	1	2	1	0	0	0	0	0	0	0	0	0	0	0	0	4.939927	4.284390	4.272984	4.274410	2.309597	21.750000	25.000000	99.230751	98.857651	98.932274	0	0	1	1	149	1164588
513	0	2	0	0	0	0	0	0	0	0	0	0	0	0	0	4.939927	4.285816	4.272984	4.274410	2.308791	21.750000	25.000000	99.230751	98.857651	98.932274	0	0	1	1	149	1151026
515	1	0	0	1	0	0	0	0	0	0	0	0	0	0	0	4.938315	4.281538	4.270133	4.272984	2.309597	21.750000	25.000000	99.230042	98.931450	98.968781	0	0	1	1	149	1150975
516	0	0	1	1	0	0	0	0	0	0	0	0	0	0	0	4.939927	4.285816	4.271558	4.274410	2.309597	21.750000	25.000000	98.783020	98.820328	98.857651	0	0	1	1	149	1164590
517	0	0	1	1	0	0	0	0	0	0	0	0	0	0	0	4.938315	4.287241	4.274410	4.272984	2.307985	21.750000	25.000000	99.379326	98.968781	98.968781	0	0	1	1	149	1151026
518	1	0	1	1	0	0	1	0	0	0	0	0	0	0	0	4.939927	4.288667	4.272984	4.274410	2.309597	21.750000	25.000000	99.230751	98.820328	98.894958	0	0	1	1	149	1152225
519	1	1	0	0	0	0	0	0	0	0	0	0	0	0	0	4.939927	4.280113	4.271558	4.275836	2.310403	21.750000	25.000000	99.156143	98.894958	98.894958	0	0	1	1	149	1150970
521	0	0	0	1	0	0	0	0	0	0	0	0	0	0	0	4.941538	4.272984	4.281538	4.268707	2.310403	21.750000	25.000000	99.231468	98.821190	98.858490	0	0	1	1	149	1164589
522	1	0	2	1	0	0	0	0	0	0	0	0	0	0	0	4.941538	4.285816	4.271558	4.274410	2.311209	21.750000	25.000000	99.194176	98.858490	98.970383	0	0	1	1	149	1151016
523	0	2	1	0	0	0	0	0	0	0	0	0	0	0	0	4.941538	4.284390	4.271558	4.274410	2.310403	21.750000	25.000000	99.194176	98.858490	98.858490	0	0	1	1	149	1150965
524	0	1	1	0	0	0	0	0	0	0	0	0	0	0	0	4.938315	4.290093	4.274410	4.275836	2.309597	21.750000	25.000000	99.342010	98.968781	99.006096	0	0	1	1	149	1200750
525	0	2	0	0	0	0	0	0	0	0	0	0	0	0	0	4.946374	4.282964	4.270133	4.275836	2.310403	21.750000	25.000000	99.121826	98.786461	98.823723	0	0	1	1	149	1151016
527	0	0	2	0	0	0	0	0	0	0	0	0	0	0	0	4.939927	4.287241	4.271558	4.275836	2.311209	21.750000	25.000000	99.230751	98.894958	99.044197	0	0	1	1	149	1150965
528	3	1	1	1	0	0	0	0	0	0	0	0	0	0	0	4.939927	4.284390	4.271558	4.274410	2.311209	21.750000	25.000000	99.230751	98.894958	98.894958	0	0	1	1	149	1150965
529	3	0	1	2	0	0	0	0	0	0	0	0	0	0	0	4.935091	4.291519	4.278687	4.278687	2.308791	21.750000	25.000000	99.452682	99.079208	99.153893	0	0	1	1	149	1164513
530	1	1	0	3	0	0	0	0	1	0	0	0	0	0	0	4.939927	4.288667	4.272984	4.263004	2.310403	21.750000	25.000000	99.230751	98.820328	98.969566	0	0	1	1	149	1152164
531	1	1	1	3	0	0	0	0	0	0	0	0	0	0	0	4.941538	4.285816	4.272984	4.277261	2.311209	21.750000	25.000000	99.156868	98.858490	98.895782	0	0	1	1	149	1150965
533	0	0	0	3	0	0	0	0	0	0	0	0	0	0	0	4.939927	4.288667	4.272984	4.274410	2.311209	21.750000	25.000000	99.305382	98.894958	98.969566	0	0	1	1	149	1194320
534	2	0	1	0	0	0	0	0	0	0	0	0	0	0	0	4.941538	4.285816	4.271558	4.274410	2.312015	21.750000	25.000000	99.156868	98.671989	98.597389	0	0	1	1	149	1151028
535	0	0	1	0	0	0	0	0	0	0	0	0	0	0	0	4.939927	4.287241	4.272984	4.272984	2.312821	21.750000	25.000000	99.268059	98.857651	98.894958	0	0	1	1	149	1150974
536	0	0	1	0	0	0	0	0	0	0	0	0	0	0	0	4.938315	4.272984	4.272984	4.271558	2.310403	21.750000	25.000000	99.267357	98.968781	99.006096	0	0	1	1	149	1150974
537	2	1	1	3	0	0	0	0	1	0	0	0	0	0	0	4.939927	4.285816	4.271558	4.272984	2.312015	21.750000	25.000000	99.268059	98.894958	98.969566	0	0	1	1	149	1169914
539	0	0	0	0	0	0	0	0	0	0	0	0	0	0	0	4.941538	4.292944	4.268707	4.271558	2.312821	21.750000	25.000000	99.194176	98.821190	98.895782	0	0	1	1	149	1151028
540	0	0	1	0	0	0	0	0	0	0	0	0	0	0	0	4.943151	4.285816	4.272984	4.274410	2.312015	21.750000	25.000000	99.157608	98.784737	98.859314	0	0	1	1	149	1150972
541	0	1	2	0	0	0	0	0	0	0	0	0	0	0	0	4.939927	4.290093	4.275836	4.274410	2.312015	21.750000	25.000000	99.305382	98.932274	98.969566	0	0	1	1	149	1164588
542	3	1	0	1	0	0	0	0	1	0	0	0	0	0	0	4.941538	4.287241	4.272984	4.274410	2.312821	21.750000	25.000000	99.156868	98.858490	98.858490	0	0	1	1	149	1152171
543	0	2	2	2	0	0	0	0	1	0	0	0	0	0	0	4.939927	4.287241	4.271558	4.263004	2.312015	21.750000	25.000000	99.454628	98.745705	98.894958	0	0	1	1	149	1150972
545	0	1	0	1	0	0	0	0	0	0	0	0	0	0	0	4.938315	4.288667	4.272984	4.272984	2.312821	21.750000	25.000000	99.267357	98.894127	98.931450	0	0	1	1	149	1150965
546	0	0	0	0	0	0	0	0	0	0	0	0	0	0	0	4.938315	4.288667	4.274410	4.274410	2.312015	21.750000	25.000000	99.304680	98.931450	99.006096	0	0	1	1	149	1164591
547	1	0	1	2	0	0	0	0	0	0	0	0	0	0	0	4.939927	4.288667	4.272984	4.272984	2.313627	21.750000	25.000000	99.230751	98.857651	98.820328	0	0	1	1	149	1151016
548	0	0	2	1	0	0	0	0	0	0	0	0	0	0	0	4.939927	4.285816	4.274410	4.275836	2.314432	21.750000	25.000000	99.230751	98.894958	98.932274	0	0	1	1	149	1150968
549	0	0	1	0	0	0	0	0	0	0	0	0	0	0	0	4.938315	4.284390	4.271558	4.272984	2.313627	21.750000	25.000000	99.267357	99.006096	98.931450	0	0	1	1	149	1164580
551	0	2	0	1	0	0	0	0	0	0	0	0	0	0	0	4.938315	4.285816	4.271558	4.271558	2.313627	21.750000	25.000000	99.267357	98.931450	98.856796	0	0	1	1	149	1151016
552	1	3	1	0	0	1	0	0	0	0	0	0	0	0	0	4.939927	4.214528	4.258727	4.260152	2.312821	21.750000	25.000000	98.894958	98.745705	98.745705	0	0	1	1	149	1150968
553	2	1	0	0	1	0	0	0	0	0	0	0	0	0	0	4.935091	4.288667	4.271558	4.277261	2.312821	21.750000	25.000000	99.415337	99.041862	99.079208	0	0	1	1	149	1164594
554	0	1	2	2	0	0	0	0	0	0	0	0	0	0	0	4.938315	4.285816	4.271558	4.268707	2.314432	21.750000	25.000000	99.267357	98.894127	98.931450	0	0	1	1	149	1152162
555	0	1	0	0	0	0	0	0	0	0	0	0	0	0	0	4.938315	4.284390	4.270133	4.272984	2.314432	21.750000	25.000000	99.230042	98.931450	98.968781	0	0	1	1	149	1150965
557	0	0	2	1	0	0	0	0	0	0	0	0	0	0	0	4.939927	4.274410	4.233063	4.264430	2.314432	21.750000	25.000000	98.857651	98.596466	98.633781	0	0	1	1	149	1150978
558	1	0	0	0	0	0	0	0	0	0	0	0	0	0	0	4.938315	4.282964	4.271558	4.274410	2.314432	21.750000	25.000000	99.267357	98.931450	98.931450	0	0	1	1	149	1175058
559	0	0	1	0	0	0	0	0	0	0	0	0	0	0	0	4.939927	4.285816	4.271558	4.272984	2.314432	21.750000	25.000000	99.118820	98.783020	98.857651	0	0	1	1	149	1151028
560	1	1	2	1	0	0	0	0	0	0	0	0	0	0	0	4.939927	4.285816	4.271558	4.272984	2.314432	21.750000	25.000000	99.268059	98.932274	98.932274	0	0	1	1	149	1150975
561	0	0	0	0	0	0	0	0	0	0	0	0	0	0	0	4.941538	4.285816	4.271558	4.274410	2.314432	21.750000	25.000000	99.156868	98.821190	98.858490	0	0	1	1	149	1164601
563	1	0	1	0	0	0	0	0	0	0	0	0	0	0	0	4.938315	4.284390	4.272984	4.272984	2.315238	21.750000	25.000000	99.230042	98.931450	98.931450	0	0	1	1	149	1151026
564	0	0	1	1	0	0	0	0	0	0	0	0	0	0	0	4.939927	4.287241	4.271558	4.274410	2.314432	21.750000	25.000000	99.230751	98.894958	98.894958	0	0	1	1	149	1150978
565	0	1	0	0	0	0	0	0	0	0	0	0	0	0	0	4.938315	4.288667	4.274410	4.275836	2.315238	21.750000	25.000000	99.379326	98.968781	99.080734	0	0	1	1	149	1150975
566	3	1	1	1	1	0	0	0	0	0	0	0	0	0	0	4.939927	4.284390	4.271558	4.274410	2.315238	21.750000	25.000000	99.193443	98.894958	98.932274	0	0	1	1	149	1165838
567	0	0	1	0	0	0	0	0	0	0	0	0	0	0	0	4.939927	4.287241	4.271558	4.274410	2.315238	21.750000	25.000000	99.230751	98.894958	98.932274	0	0	1	1	149	1151021
569	0	0	0	3	0	0	0	0	0	0	0	0	0	0	0	4.939927	4.284390	4.272984	4.272984	2.316044	21.750000	25.000000	99.193443	98.894958	98.894958	0	0	1	1	149	1150968
570	2	1	2	0	0	0	0	0	0	0	0	0	0	0	0	4.939927	4.284390	4.272984	4.275836	2.316044	21.750000	25.000000	99.230751	98.932274	98.932274	0	0	1	1	149	1164595
571	0	2	0	1	0	0	0	0	0	0	0	0	0	0	0	4.939927	4.285816	4.272984	4.274410	2.315238	21.750000	25.000000	99.193443	98.894958	98.932274	0	0	1	1	149	1151016
572	0	3	2	0	0	0	0	1	0	0	0	0	0	0	0	4.939927	4.275836	4.272984	4.268707	2.315238	21.750000	25.000000	99.268059	98.894958	98.932274	0	0	1	1	149	1150969
573	2	1	0	0	1	0	0	0	0	0	0	0	0	0	0	4.938315	4.285816	4.270133	4.272984	2.316044	21.750000	25.000000	99.267357	98.894127	98.968781	0	0	1	1	149	1150965
575	3	0	1	0	0	1	0	0	0	0	0	0	0	0	0	4.939927	4.288667	4.272984	4.272984	2.317656	22.000000	25.000000	99.193443	98.857651	98.857651	0	0	1	1	149	1164583
576	1	0	0	1	0	0	0	0	0	0	0	0	0	0	0	4.939927	4.287241	4.272984	4.274410	2.316044	21.750000	25.000000	99.230751	98.894958	98.894958	0	0	1	1	149	1151016
577	1	2	0	3	0	0	1	0	0	0	0	0	0	0	0	4.938315	4.285816	4.261578	4.282964	2.315238	21.750000	25.000000	99.304680	99.006096	99.006096	0	0	1	1	149	1150968
578	0	1	0	1	0	0	0	0	1	0	0	0	0	0	0	4.941538	4.285816	4.271558	4.260152	2.315238	21.750000	25.000000	99.231468	98.783882	98.858490	0	0	1	1	149	1165846
579	4	1	1	1	1	0	0	0	0	0	0	0	0	0	0	4.939927	4.285816	4.271558	4.274410	2.316850	22.000000	25.000000	99.193443	98.969566	98.932274	0	0	1	1	149	1151015
581	1	0	0	3	0	0	0	0	0	0	0	0	0	0	0	4.939927	4.284390	4.272984	4.274410	2.316850	22.000000	25.000000	99.193443	98.857651	98.894958	0	0	1	1	149	1150974
582	1	1	1	0	0	0	0	0	0	0	0	0	0	0	0	4.936703	4.282964	4.272984	4.274410	2.315238	21.750000	25.000000	99.303986	99.042641	99.042641	0	0	1	1	149	1164639
583	1	1	0	1	0	0	0	0	0	0	0	0	0	0	0	4.938315	4.287241	4.274410	4.274410	2.317656	22.000000	25.000000	99.304680	98.931450	98.520905	0	0	1	1	149	1151028
584	2	0	1	2	0	0	0	0	0	0	0	0	0	0	0	4.941538	4.285816	4.272984	4.270133	2.316850	21.750000	25.000000	99.194176	98.858490	98.858490	0	0	1	1	149	1150974
585	1	1	1	0	0	1	0	0	0	0	0	0	0	0	0	4.939927	4.284390	4.272984	4.275836	2.317656	22.000000	25.000000	99.230751	98.894958	98.932274	0	0	1	1	149	1150975
587	0	1	0	1	0	0	0	0	0	0	0	0	0	0	0	4.941538	4.278687	4.274410	4.270133	2.317656	22.000000	25.000000	99.156868	98.821190	98.858490	0	0	1	1	149	1164601
588	0	1	1	0	0	0	0	0	0	0	0	0	0	0	0	4.941538	4.285816	4.272984	4.272984	2.318462	22.000000	25.000000	99.194176	98.858490	98.522797	0	0	1	1	149	1151029
589	0	0	1	0	0	0	0	0	0	0	0	0	0	0	0	4.939927	4.288667	4.275836	4.281538	2.317656	22.000000	25.000000	99.305382	99.006889	99.044197	0	0	1	1	149	1150975
590	0	0	0	2	0	0	0	0	0	0	0	0	0	0	0	4.939927	4.287241	4.271558	4.272984	2.318462	22.000000	25.000000	99.193443	98.820328	98.969566	0	0	1	1	149	1165842
591	0	1	1	0	0	0	0	0	0	0	0	0	0	0	0	4.938315	4.284390	4.271558	4.274410	2.318462	22.000000	25.000000	99.230042	98.894127	98.931450	0	0	1	1	149	1151021
593	0	0	1	0	0	0	0	0	0	0	0	0	0	0	0	4.939927	4.284390	4.271558	4.274410	2.318462	22.000000	25.000000	99.193443	98.969566	98.969566	0	0	1	1	149	1150967
594	1	2	1	1	1	0	0	0	0	0	0	0	0	0	0	4.938315	4.287241	4.272984	4.275836	2.317656	22.000000	25.000000	99.304680	98.968781	99.006096	0	0	1	1	149	1150965
595	0	1	1	2	0	0	0	0	1	0	0	0	0	0	0	4.939927	4.285816	4.272984	4.274410	2.318462	22.000000	25.000000	99.193443	98.857651	98.894958	0	0	1	1	149	1164575
596	1	2	1	0	0	0	0	0	0	0	0	0	0	0	0	4.939927	4.285816	4.272984	4.272984	2.319268	22.000000	25.000000	99.230751	98.857651	98.596466	0	0	1	1	149	1151019
597	2	2	3	0	1	1	0	1	0	0	1	0	0	0	0	4.939927	4.285816	4.271558	4.272984	2.318462	22.000000	25.000000	99.230751	98.894958	98.969566	0	0	1	1	149	1150965
599	1	1	0	0	0	0	0	0	0	0	0	0	0	0	0	4.939927	4.287241	4.271558	4.272984	2.317656	22.000000	25.000000	99.230751	98.857651	98.932274	0	0	1	1	149	1164569
600	0	0	0	1	0	0	0	0	0	0	0	0	0	0	0	4.939927	4.284390	4.271558	4.261578	2.317656	22.000000	25.000000	99.156143	98.820328	98.894958	0	0	1	1	149	1151019
601	1	1	3	4	0	0	0	0	1	0	0	0	0	0	0	4.938315	4.290093	4.275836	4.275836	2.318462	22.000000	25.000000	99.342010	98.968781	99.006096	0	0	1	1	149	1150965
602	1	3	0	2	0	0	0	0	0	0	0	0	0	0	0	4.939927	4.285816	4.271558	4.274410	2.319268	22.000000	25.000000	99.268059	98.894958	98.932274	0	0	1	1	149	1152215
603	1	3	4	1	0	0	0	0	0	0	0	0	0	0	0	4.939927	4.287241	4.271558	4.272984	2.318462	22.000000	25.000000	99.193443	98.820328	98.894958	0	0	1	1	149	1164594
605	1	0	0	0	0	0	0	0	0	0	0	0	0	0	0	4.939927	4.288667	4.268707	4.272984	2.318462	22.000000	25.000000	99.193443	98.857651	98.894958	0	0	1	1	149	1151026
606	0	1	0	3	0	0	0	0	0	0	0	0	0	0	0	4.938315	4.285816	4.272984	4.274410	2.319268	22.000000	25.000000	99.230042	98.894127	98.894127	0	0	1	1	149	1150975
607	2	0	2	0	0	0	0	0	0	0	0	0	0	0	0	4.941538	4.285816	4.270133	4.274410	2.320073	22.000000	25.000000	99.194176	98.821190	98.895782	0	0	1	1	149	1164596
608	1	1	1	2	0	0	0	0	1	0	0	0	0	0	0	4.939927	4.285816	4.271558	4.274410	2.319268	22.000000	25.000000	99.193443	98.857651	98.932274	0	0	1	1	149	1151025
609	0	2	0	0	0	0	0	0	0	0	0	0	0	0	0	4.939927	4.287241	4.271558	4.272984	2.320879	22.000000	25.000000	98.857651	99.081512	98.820328	0	0	1	1	149	1150977
611	0	0	0	0	0	0	0	0	0	0	0	0	0	0	0	4.939927	4.284390	4.271558	4.272984	2.320073	22.000000	25.000000	99.230751	98.894958	98.932274	0	0	1	1	149	1150975
612	1	4	0	1	0	0	0	0	0	0	0	0	0	0	0	4.939927	4.288667	4.272984	4.274410	2.320879	22.000000	25.000000	99.230751	98.857651	98.932274	0	0	1	1	149	1164606
613	1	1	0	1	1	0	0	0	0	0	0	0	0	0	0	4.938315	4.288667	4.275836	4.277261	2.318462	22.000000	25.000000	99.304680	98.968781	99.006096	0	0	1	1	149	1151025
614	0	0	0	0	0	0	0	0	0	0	0	0	0	0	0	4.946374	4.272984	4.277261	4.270133	2.320073	22.000000	25.000000	99.084572	98.711937	98.749191	0	0	1	1	149	1152227
615	0	1	0	1	0	0	0	0	0	0	0	0	0	0	0	4.939927	4.287241	4.272984	4.257301	2.320879	22.000000	25.000000	99.268059	98.783020	98.932274	0	0	1	1	149	1164616
617	0	0	2	0	0	0	0	0	0	0	0	0	0	0	0	4.939927	4.285816	4.272984	4.274410	2.320073	22.000000	25.000000	99.230751	98.894958	98.932274	0	0	1	1	149	1151016
618	1	1	1	1	0	0	0	1	0	0	0	0	0	0	0	4.939927	4.287241	4.271558	4.272984	2.320879	22.000000	25.000000	99.230751	98.857651	98.932274	0	0	1	1	149	1150965
619	1	0	0	1	0	0	0	0	0	0	0	0	0	0	0	4.935091	4.284390	4.272984	4.275836	2.318462	22.000000	25.000000	99.415337	99.004509	99.041862	0	0	1	1	149	1164604
620	2	1	2	2	0	0	1	0	0	0	0	0	0	0	0	4.939927	4.288667	4.274410	4.275836	2.320879	22.000000	25.000000	99.268059	98.932274	98.596466	0	0	1	1	149	1151018
621	2	2	1	0	0	0	0	1	0	0	0	0	0	0	0	4.941538	4.285816	4.272984	4.274410	2.320879	22.000000	25.000000	99.194176	98.858490	98.858490	0	0	1	1	149	1150965
623	3	1	0	2	0	0	0	0	1	0	0	0	0	0	0	4.939927	4.284390	4.271558	4.272984	2.320879	22.000000	25.000000	99.230751	98.857651	98.894958	0	0	1	1	149	1150966
624	1	1	0	0	0	0	0	0	0	0	0	0	0	0	0	4.939927	4.285816	4.272984	4.274410	2.320879	22.000000	25.000000	99.268059	98.783020	98.820328	0	0	1	1	149	1164582
625	4	1	0	1	0	0	0	0	0	0	0	0	0	0	0	4.939927	4.288667	4.275836	4.281538	2.319268	22.000000	25.000000	99.342690	98.969566	99.044197	0	0	1	1	149	1151016
626	1	0	1	0	0	0	0	0	0	0	0	0	0	0	0	4.939927	4.287241	4.272984	4.274410	2.321685	22.000000	25.000000	99.230751	98.894958	98.932274	0	0	1	1	149	1152216
627	0	1	0	1	0	0	0	0	0	0	0	0	0	0	0	4.939927	4.285816	4.271558	4.274410	2.320879	22.000000	25.000000	99.268059	98.894958	98.932274	0	0	1	1	149	1164589
629	1	0	1	2	0	0	1	0	0	0	0	0	0	0	0	4.939927	4.281538	4.272984	4.274410	2.321685	22.000000	25.000000	99.193443	98.894958	98.894958	0	0	1	1	149	1151026
630	1	0	1	0	0	0	0	0	0	0	0	0	0	0	0	4.939927	4.285816	4.272984	4.274410	2.321685	22.000000	25.000000	99.193443	98.932274	98.484535	0	0	1	1	149	1150977
631	1	0	0	0	0	0	0	0	0	0	0	0	0	0	0	4.936703	4.287241	4.272984	4.275836	2.320879	22.000000	25.000000	99.341316	99.005310	99.042641	0	0	1	1	149	1150975
632	0	0	1	0	0	0	0	0	0	0	0	0	0	0	0	4.938315	4.284390	4.271558	4.274410	2.321685	22.000000	25.500000	99.267357	98.931450	98.968781	0	0	1	1	149	1164589
633	0	0	0	0	0	0	0	0	0	0	0	0	0	0	0	4.938315	4.285816	4.274410	4.274410	2.320879	22.000000	25.000000	99.230042	98.894127	98.931450	0	0	1	1	149	1151028
635	1	0	0	2	0	0	0	0	0	0	0	0	0	0	0	4.939927	4.285816	4.272984	4.272984	2.320879	22.000000	25.500000	99.230751	98.857651	98.932274	0	0	1	1	149	1150975
636	0	1	0	2	0	0	0	0	1	0	0	0	0	0	0	4.939927	4.285816	4.271558	4.274410	2.321685	22.000000	25.000000	99.193443	98.857651	98.894958	0	0	1	1	149	1164604
637	0	1	3	3	0	0	0	0	0	0	0	0	0	0	0	4.938315	4.288667	4.275836	4.277261	2.320073	22.000000	25.500000	99.304680	98.968781	99.006096	0	0	1	1	149	1151026
638	1	2	1	3	0	0	0	0	1	0	0	0	0	0	0	4.939927	4.284390	4.271558	4.272984	2.321685	22.000000	25.500000	99.454628	98.820328	98.894958	0	0	1	1	149	1152227
639	1	0	0	0	0	0	0	0	0	0	0	0	0	0	0	4.939927	4.284390	4.271558	4.274410	2.320879	22.000000	25.500000	99.230751	98.894958	98.932274	0	0	1	1	149	1150970
641	0	3	2	2	0	0	0	1	0	0	0	0	0	0	0	4.939927	4.285816	4.270133	4.274410	2.322491	22.000000	25.500000	99.230751	98.820328	98.894958	0	0	1	1	149	1164585
642	1	1	1	1	0	0	0	0	0	0	0	0	0	0	0	4.946374	4.281538	4.271558	4.275836	2.321685	22.000000	25.500000	99.047302	98.711937	98.749191	0	0	1	1	149	1151016
643	1	1	3	0	0	0	0	0	0	0	0	0	0	0	0	4.939927	4.285816	4.271558	4.272984	2.322491	22.000000	25.500000	99.230751	98.857651	99.006889	0	0	1	1	149	1150965
644	2	1	1	2	0	0	0	0	0	0	0	0	0	0	0	4.939927	4.285816	4.272984	4.271558	2.322491	22.000000	25.500000	99.193443	98.820328	98.894958	0	0	1	1	149	1164602
645	1	1	0	1	0	0	0	0	0	0	0	0	0	0	0	4.938315	4.288667	4.271558	4.272984	2.322491	22.000000	25.500000	99.230042	98.931450	98.931450	0	0	1	1	149	1151016
647	1	0	2	0	0	0	0	0	0	0	0	0	0	0	0	4.941538	4.285816	4.271558	4.275836	2.324103	22.000000	25.500000	98.858490	98.895782	98.783882	0	0	1	1	149	1150968
648	1	1	1	0	0	0	0	0	0	0	0	0	0	0	0	4.941538	4.288667	4.271558	4.274410	2.322491	22.000000	25.500000	99.156868	98.821190	98.895782	0	0	1	1	149	1164578
649	1	0	1	0	0	0	0	0	0	0	0	0	0	0	0	4.938315	4.287241	4.274410	4.275836	2.321685	22.000000	25.500000	99.342010	99.006096	99.080734	0	0	1	1	149	1151016
650	2	1	0	0	0	0	0	0	0	0	0	0	0	0	0	4.939927	4.284390	4.270133	4.272984	2.321685	22.000000	25.500000	99.193443	98.894958	98.932274	0	0	1	1	149	1152215
651	0	2	3	1	0	0	0	1	1	1	0	0	0	1	0	4.939927	4.284390	4.270133	4.274410	2.323297	22.000000	25.500000	98.857651	99.193443	98.820328	0	0	1	1	149	1150968
653	1	1	1	1	1	0	0	0	0	0	0	0	0	0	0	4.939927	4.274410	4.281538	4.275836	2.322491	22.000000	25.500000	99.305382	98.932274	98.932274	0	0	1	1	149	1173846
654	0	1	0	1	0	0	0	0	0	0	0	0	0	0	0	4.939927	4.285816	4.272984	4.274410	2.323297	22.000000	25.500000	99.230751	98.894958	98.820328	0	0	1	1	149	1151026
655	2	2	0	2	0	0	1	0	1	0	0	0	0	0	0	4.939927	4.287241	4.275836	4.274410	2.324103	22.000000	25.500000	99.230751	98.857651	98.894958	0	0	1	1	149	1150975
656	1	0	2	1	0	0	0	0	0	0	0	0	0	0	0	4.939927	4.285816	4.271558	4.272984	2.322491	22.000000	25.500000	99.230751	98.820328	98.894958	0	0	1	1	149	1164588
657	0	0	0	0	0	0	0	0	0	0	0	0	0	0	0	4.939927	4.288667	4.272984	4.260152	2.322491	22.000000	25.500000	98.894958	98.521835	98.447212	0	0	1	1	149	1151029
659	1	0	0	2	0	0	0	0	0	0	0	0	0	0	0	4.938315	4.287241	4.274410	4.275836	2.322491	22.000000	25.500000	99.304680	98.968781	99.006096	0	0	1	1	149	1150975
660	1	0	1	1	0	0	0	0	0	0	0	0	0	0	0	4.938315	4.288667	4.270133	4.274410	2.323297	22.000000	25.500000	99.342010	98.968781	98.968781	0	0	1	1	149	1150975
661	3	0	1	0	0	0	0	0	0	0	0	0	0	0	0	4.939927	4.284390	4.274410	4.277261	2.323297	22.000000	25.500000	99.305382	98.969566	99.044197	0	0	1	1	149	1164513
662	4	0	0	0	0	0	0	0	0	0	0	0	0	0	0	4.939927	4.285816	4.271558	4.274410	2.324103	22.000000	25.500000	99.193443	98.820328	98.671089	0	0	1	1	149	1152175
663	1	0	2	1	0	0	0	0	0	0	0	0	0	0	0	4.936703	4.288667	4.272984	4.275836	2.321685	22.000000	25.500000	99.378662	99.005310	99.042641	0	0	1	1	149	1150970
665	1	1	2	2	0	0	0	0	0	0	0	0	0	0	0	4.939927	4.285816	4.270133	4.272984	2.324103	22.000000	25.500000	99.193443	98.857651	98.932274	0	0	1	1	149	1164657
666	2	1	0	1	0	0	0	0	0	0	0	0	0	0	0	4.939927	4.285816	4.272984	4.260152	2.322491	22.000000	25.500000	99.417313	98.783020	98.820328	0	0	1	1	149	1151018
667	0	1	1	1	0	0	0	0	0	0	0	0	0	0	0	4.939927	4.288667	4.271558	4.274410	2.324103	22.000000	25.500000	99.193443	98.857651	98.894958	0	0	1	1	149	1150965
668	0	1	2	0	0	0	0	0	0	0	0	0	0	0	0	4.938315	4.284390	4.271558	4.272984	2.324103	22.000000	25.500000	99.267357	98.931450	99.006096	0	0	1	1	149	1150965
669	2	1	0	1	0	0	0	0	1	0	0	0	0	0	0	4.939927	4.287241	4.272984	4.272984	2.324103	22.000000	25.500000	99.193443	98.894958	98.894958	0	0	1	1	149	1164604
671	1	0	1	0	0	0	0	0	0	0	0	0	0	0	0	4.939927	4.285816	4.272984	4.274410	2.324103	22.000000	25.500000	99.156143	98.894958	98.894958	0	0	1	1	149	1151019
672	3	1	1	1	0	1	0	0	1	0	0	0	0	0	0	4.939927	4.287241	4.271558	4.272984	2.324103	22.000000	25.500000	99.230751	98.894958	98.932274	0	0	1	1	149	1150965
673	0	0	0	0	0	0	0	0	0	0	0	0	0	0	0	4.936703	4.287241	4.275836	4.277261	2.321685	22.000000	25.500000	99.378662	99.005310	99.042641	0	0	1	1	149	1164583
674	0	1	0	0	0	0	0	0	0	0	0	0	0	0	0	4.946374	4.282964	4.270133	4.274410	2.323297	22.000000	25.500000	99.047302	98.711937	98.749191	0	0	1	1	149	1152162
675	0	0	1	1	0	0	0	0	0	0	0	0	0	0	0	4.941538	4.288667	4.272984	4.274410	2.324908	22.000000	25.500000	99.156868	98.783882	98.783882	0	0	1	1	149	1150965
677	0	2	1	1	0	0	0	0	0	1	0	0	0	0	0	4.941538	4.285816	4.271558	4.271558	2.324103	22.000000	25.500000	99.268776	98.821190	98.895782	0	0	1	1	149	1164593
678	1	0	0	0	0	0	0	0	0	0	0	0	0	0	0	4.938315	4.285816	4.271558	4.272984	2.324103	22.000000	25.500000	99.230042	98.894127	98.931450	0	0	1	1	149	1151026
679	0	0	0	0	0	0	0	0	0	0	0	0	0	0	0	4.938315	4.285816	4.272984	4.272984	2.324908	22.000000	25.500000	99.267357	98.894127	98.931450	0	0	1	1	149	1150978
680	2	1	1	1	0	0	0	0	0	0	0	0	0	0	0	4.939927	4.285816	4.271558	4.272984	2.324103	22.000000	25.500000	99.230751	98.932274	98.932274	0	0	1	1	149	1150975
681	0	0	0	2	0	0	0	0	0	0	0	0	0	0	0	4.941538	4.285816	4.271558	4.272984	2.324908	22.000000	25.500000	99.194176	98.821190	98.933075	0	0	1	1	149	1164624
683	0	0	0	1	0	0	0	0	0	0	0	0	0	0	0	4.941538	4.292944	4.270133	4.271558	2.324103	22.000000	25.500000	99.194176	98.783882	98.858490	0	0	1	1	149	1151028
684	1	1	0	2	0	0	0	0	1	0	0	0	0	0	0	4.939927	4.285816	4.272984	4.274410	2.325714	22.000000	25.500000	99.193443	98.894958	98.932274	0	0	1	1	149	1150972
685	0	0	1	1	0	0	0	0	0	0	0	0	0	0	0	4.938315	4.290093	4.275836	4.278687	2.324908	22.000000	25.500000	99.342010	98.968781	99.043419	0	0	1	1	149	1164632
686	2	1	3	0	0	0	0	0	0	0	0	0	0	0	0	4.939927	4.288667	4.272984	4.274410	2.325714	22.000000	25.500000	99.193443	98.820328	98.932274	0	0	1	1	149	1152171
687	5	0	1	2	0	1	0	0	0	0	0	0	0	0	0	4.936703	4.288667	4.268707	4.272984	2.324103	22.000000	25.500000	99.266655	98.930634	98.967964	0	0	1	1	149	1150973
689	0	0	2	1	0	0	0	0	0	0	0	0	0	0	0	4.939927	4.285816	4.271558	4.272984	2.325714	22.000000	25.500000	99.230751	98.857651	98.894958	0	0	1	1	149	1150962
690	0	0	1	0	0	0	0	0	0	0	0	0	0	0	0	4.938315	4.285816	4.271558	4.274410	2.324908	22.000000	25.500000	99.230042	98.931450	98.968781	0	0	1	1	149	1203217
691	1	2	0	1	0	0	0	0	0	0	0	0	0	0	0	4.939927	4.285816	4.264430	4.261578	2.324103	22.000000	25.500000	98.857651	98.559158	98.447212	0	0	1	1	149	1151019
692	0	0	1	0	0	0	0	0	0	0	0	0	0	0	0	4.938315	4.287241	4.274410	4.275836	2.324908	22.000000	25.500000	99.342010	98.931450	98.968781	0	0	1	1	149	1150965
1444454084	0	1	2	1	0	0	0	0	1	0	0	0	0	0	0	4.938315	4.288667	4.272984	4.277261	2.324908	22.000000	25.500000	99.304680	98.968781	99.043419	0	0	1	1	149	1196889
1444454085	1	0	0	1	0	0	0	0	0	0	0	0	0	0	0	4.941538	4.288667	4.274410	4.274410	2.324908	22.000000	25.500000	99.194176	98.858490	98.895782	0	0	1	1	156	1167443
1444454086	0	0	0	0	0	0	0	0	0	0	0	0	0	0	0	4.939927	4.285816	4.272984	4.274410	2.324908	22.000000	25.500000	99.230751	98.894958	98.894958	0	0	1	1	156	1167435
1444454087	1	3	0	2	0	0	0	0	0	0	0	0	0	0	0	4.938315	4.284390	4.272984	4.275836	2.324103	22.000000	25.500000	99.379326	99.006096	99.043419	0	0	1	1	156	1167436
1444454088	0	1	1	0	0	0	0	0	0	0	0	0	0	0	0	4.941538	4.274410	4.281538	4.270133	2.325714	22.000000	25.500000	99.268776	98.858490	98.933075	0	0	1	1	156	1165838
1444454090	1	0	0	1	0	0	0	0	0	0	0	0	0	0	0	4.939927	4.288667	4.272984	4.271558	2.324908	22.000000	25.500000	99.230751	98.932274	98.894958	0	0	1	1	156	1167416
1444454091	1	1	0	0	0	0	0	0	0	0	0	0	0	0	0	4.939927	4.285816	4.272984	4.275836	2.326520	22.000000	25.500000	99.193443	98.857651	98.894958	0	0	1	1	156	1167445
1444454092	0	1	1	1	0	0	0	0	0	0	0	0	0	0	0	4.941538	4.285816	4.271558	4.274410	2.324908	22.000000	25.500000	99.194176	98.858490	98.895782	0	0	1	1	156	1164703
1444454093	0	0	0	3	0	0	0	0	0	0	0	0	0	0	0	4.935091	4.288667	4.268707	4.275836	2.323297	22.000000	25.500000	99.340637	99.004509	99.079208	0	0	1	1	156	1167425
1444454094	1	2	0	1	0	0	0	0	1	0	0	0	0	0	0	4.939927	4.285816	4.272984	4.274410	2.325714	22.000000	25.500000	99.305382	98.596466	99.156143	0	0	1	1	156	1167444
1444454096	1	0	1	1	0	0	0	0	0	0	0	0	0	0	0	4.941538	4.285816	4.272984	4.272984	2.326520	22.000000	25.500000	99.156868	98.522797	99.156868	0	0	1	1	156	1164703
1444454097	1	1	0	1	0	0	0	0	0	0	0	0	0	0	0	4.939927	4.285816	4.270133	4.272984	2.325714	22.000000	25.500000	99.230751	98.894958	98.932274	0	0	1	1	156	1167426
1444454098	0	0	1	2	0	0	0	0	0	0	0	0	0	0	0	4.939927	4.285816	4.271558	4.271558	2.325714	22.000000	25.500000	99.230751	98.932274	98.932274	0	0	1	1	156	1167445
1444454099	0	0	0	0	0	0	0	0	0	0	0	0	0	0	0	4.938315	4.287241	4.274410	4.277261	2.324908	22.000000	25.500000	99.342010	98.968781	99.006096	0	0	1	1	156	1164755
1444454100	0	0	0	1	0	0	0	0	0	0	0	0	0	0	0	4.939927	4.284390	4.274410	4.274410	2.325714	22.000000	25.500000	99.193443	98.857651	98.894958	0	0	1	1	156	1168571
1444454102	0	1	4	1	0	0	0	0	0	0	0	0	0	0	0	4.939927	4.285816	4.271558	4.272984	2.326520	22.000000	25.500000	98.857651	99.081512	98.783020	0	0	1	1	156	1167440
1444454103	1	0	3	0	0	0	0	0	0	0	0	0	0	0	0	4.941538	4.287241	4.272984	4.274410	2.326520	22.000000	25.500000	99.156868	98.821190	98.858490	0	0	1	1	156	1167436
1444454104	1	1	0	0	0	0	0	0	0	0	0	0	0	0	0	4.938315	4.285816	4.271558	4.274410	2.325714	22.000000	25.500000	99.267357	98.931450	98.968781	0	0	1	1	156	1164700
1444454105	1	0	2	2	0	0	0	0	0	1	0	0	0	0	0	4.939927	4.287241	4.271558	4.272984	2.326520	22.000000	25.500000	99.305382	98.894958	98.932274	0	0	1	1	156	1167419
1444454106	0	1	1	1	0	0	0	0	0	0	0	0	0	0	0	4.939927	4.282964	4.271558	4.272984	2.325714	22.000000	25.500000	99.268059	98.894958	98.969566	0	0	1	1	156	1167435
1444454108	0	1	0	1	0	0	0	0	0	0	0	0	0	0	0	4.939927	4.281538	4.271558	4.275836	2.324908	22.000000	25.500000	99.230751	98.894958	98.894958	0	0	1	1	156	1164698
1444454109	1	1	0	0	0	0	0	0	0	0	0	0	0	0	0	4.941538	4.284390	4.271558	4.272984	2.326520	22.000000	25.500000	99.194176	98.858490	98.858490	0	0	1	1	156	1167413
1444454110	0	1	1	0	0	0	0	0	0	0	0	0	0	0	0	4.939927	4.285816	4.272984	4.274410	2.326520	22.000000	25.500000	99.193443	98.894958	98.894958	0	0	1	1	156	1167435
