time	cnt1	cnt2	cnt3	cnt4	1&2	1&3	1&4	2&3	2&4	3&4	1&2&3	1&2&4	1&3&4	2&3&4	1&2&3&4	adcr	adcp1	adcp2	adcp3	adcntc	ntcT	digT	p1	p2	p3	hvstate	pbsstate	ethstate	listpbs	sdstate	looptime
1	2	0	2	2	0	0	0	0	0	0	0	0	0	0	0	4.949597	4.287241	4.275836	4.275836	1.524689	5.500000	-59.500000	99.086098	98.601990	98.899902	0	0	1	1	-1	0
2	2	0	0	1	0	0	1	0	0	0	0	0	0	0	0	4.946374	4.290093	4.272984	4.271558	1.523077	5.250000	6.500000	99.196342	98.823723	98.860992	0	0	0	1	140	1351163
3	0	2	2	1	0	0	0	0	0	0	0	0	0	0	0	4.943151	4.207399	4.263004	4.281538	1.523077	5.500000	6.500000	99.157608	98.896599	98.896599	0	0	0	1	145	1367530
5	0	0	0	0	0	0	0	0	0	0	0	0	0	0	0	4.946374	4.287241	4.272984	4.274410	1.523883	5.500000	6.500000	99.121826	98.823723	98.898247	0	0	1	1	145	1279905
6	1	0	0	0	0	0	0	0	0	0	0	0	0	0	0	4.946374	4.285816	4.271558	4.274410	1.523883	5.500000	6.500000	99.084572	98.823723	98.898247	0	0	1	1	145	1151007
7	1	1	0	3	0	0	0	0	0	0	0	0	0	0	0	4.943151	4.288667	4.274410	4.275836	1.523077	5.500000	6.500000	99.194893	98.896599	98.971169	0	0	1	1	145	1151002
8	0	0	0	1	0	0	0	0	0	0	0	0	0	0	0	4.944762	4.285816	4.271558	4.274410	1.523883	5.500000	6.500000	99.158348	98.860153	98.897430	0	0	1	1	145	1169940
9	0	1	0	0	0	0	0	0	0	0	0	0	0	0	0	4.944762	4.287241	4.272984	4.272984	1.523883	5.500000	6.500000	99.083794	98.785599	98.785599	0	0	1	1	145	1151004
11	1	0	0	1	0	0	0	0	0	0	0	0	0	0	0	4.944762	4.287241	4.272984	4.272984	1.523883	5.500000	6.500000	99.121078	98.822884	98.822884	0	0	1	1	145	1150999
12	0	1	0	1	0	0	0	0	0	0	0	0	0	0	0	4.946374	4.285816	4.271558	4.270133	1.522271	5.250000	6.500000	99.121826	98.786461	98.786461	0	0	1	1	146	1151004
13	0	0	0	0	0	0	0	0	0	0	0	0	0	0	0	4.944762	4.288667	4.277261	4.274410	1.523077	5.500000	6.500000	99.158348	98.860153	98.711044	0	0	1	1	146	1164594
14	1	1	2	1	1	0	0	0	0	0	0	0	0	0	0	4.943151	4.285816	4.272984	4.274410	1.523883	5.500000	6.500000	99.157608	98.859314	98.449150	0	0	1	1	146	1152156
15	1	1	1	1	0	0	0	0	0	0	0	0	0	0	0	4.944762	4.285816	4.272984	4.271558	1.523883	5.500000	6.500000	99.121078	98.785599	98.785599	0	0	1	1	146	1150995
17	1	0	0	2	0	0	0	0	0	0	0	0	0	0	0	4.944762	4.285816	4.271558	4.271558	1.523077	5.500000	6.500000	99.083794	98.860153	98.785599	0	0	1	1	146	1164565
18	1	0	0	0	0	0	0	0	0	0	0	0	0	0	0	4.947986	4.275836	4.281538	4.267281	1.523883	5.500000	6.500000	99.010818	98.750084	98.712822	0	0	1	1	146	1151003
19	0	1	2	1	0	0	0	0	0	0	0	0	0	0	0	4.943151	4.282964	4.272984	4.271558	1.523077	5.500000	6.500000	99.045746	98.859314	98.822021	0	0	1	1	146	1150967
20	1	2	3	0	0	0	0	0	0	0	0	0	0	0	0	4.943151	4.282964	4.272984	4.272984	1.524689	5.500000	6.500000	99.045746	98.822021	98.784737	0	0	1	1	146	1150967
21	0	0	0	0	0	0	0	0	0	0	0	0	0	0	0	4.943151	4.282964	4.268707	4.271558	1.524689	5.500000	6.500000	99.083031	98.784737	98.859314	0	0	1	1	146	1164561
23	0	1	1	1	0	0	0	0	0	0	0	0	0	0	0	4.944762	4.282964	4.271558	4.271558	1.524689	5.500000	6.500000	99.083794	98.785599	98.785599	0	0	1	1	146	1151000
24	1	1	4	1	0	0	0	1	0	0	0	0	0	0	0	4.944762	4.281538	4.270133	4.270133	1.525495	5.500000	6.500000	99.046524	98.785599	98.822884	0	0	1	1	146	1150967
25	3	1	0	0	0	0	0	0	0	0	0	0	0	0	0	4.944762	4.287241	4.274410	4.275836	1.525495	5.500000	6.500000	99.083794	98.822884	98.860153	0	0	1	1	146	1164573
26	0	2	1	1	0	0	0	0	1	0	0	0	0	0	0	4.944762	4.281538	4.271558	4.270133	1.525495	5.500000	6.500000	99.009239	98.785599	98.785599	0	0	1	1	146	1152149
27	0	1	1	0	0	0	0	0	0	0	0	0	0	0	0	4.943151	4.282964	4.267281	4.270133	1.526300	5.500000	6.500000	99.157608	98.784737	98.822021	0	0	1	1	146	1150967
28	1	0	0	0	0	0	0	0	0	0	0	0	0	0	0	4.944762	4.285816	4.270133	4.275836	1.526300	5.500000	6.500000	99.083794	98.748329	98.860153	0	0	1	1	146	1151000
30	1	3	0	1	0	0	0	0	0	0	0	0	0	0	0	4.943151	4.287241	4.257301	4.281538	1.527106	5.500000	6.500000	99.083031	98.747452	98.784737	0	0	1	1	146	1164598
31	4	1	1	0	1	0	0	0	0	0	0	0	0	0	0	4.943151	4.282964	4.271558	4.274410	1.527912	5.500000	6.500000	99.120316	98.822021	98.896599	0	0	1	1	146	1151009
32	2	0	2	0	0	0	0	0	0	0	0	0	0	0	0	4.943151	4.285816	4.270133	4.274410	1.527912	5.500000	6.500000	99.120316	98.747452	98.859314	0	0	1	1	146	1151000
33	0	2	0	2	0	0	0	0	0	0	0	0	0	0	0	4.944762	4.284390	4.255875	4.282964	1.527912	5.500000	6.500000	99.046524	98.711044	98.822884	0	0	1	1	146	1164603
34	0	0	0	0	0	0	0	0	0	0	0	0	0	0	0	4.944762	4.284390	4.267281	4.271558	1.527106	5.500000	6.500000	99.083794	98.711044	98.785599	0	0	1	1	146	1151009
36	1	2	1	1	0	0	0	0	0	0	0	0	0	0	0	4.944762	4.285816	4.270133	4.275836	1.528718	5.500000	6.500000	99.083794	98.711044	98.860153	0	0	1	1	146	1151000
37	1	0	1	1	0	0	0	0	0	0	0	0	0	0	0	4.941538	4.288667	4.272984	4.275836	1.529524	5.500000	6.500000	99.231468	98.858490	98.933075	0	0	1	1	146	1151003
38	0	0	1	1	0	0	0	0	0	0	0	0	0	0	0	4.943151	4.284390	4.271558	4.272984	1.529524	5.500000	6.500000	99.194893	98.859314	98.896599	0	0	1	1	146	1165737
39	0	1	0	1	0	0	0	0	0	0	0	0	0	0	0	4.946374	4.285816	4.270133	4.271558	1.530330	5.500000	6.500000	99.047302	98.525627	98.451096	0	0	1	1	146	1151007
40	1	2	0	1	0	0	1	0	0	0	0	0	0	0	0	4.944762	4.287241	4.271558	4.270133	1.530330	5.500000	6.500000	99.158348	98.785599	98.822884	0	0	1	1	146	1150968
42	1	0	0	0	0	0	0	0	0	0	0	0	0	0	0	4.943151	4.285816	4.270133	4.271558	1.531136	5.500000	6.500000	99.194893	98.859314	98.859314	0	0	1	1	146	1164564
43	0	0	0	1	0	0	0	0	0	0	0	0	0	0	0	4.946374	4.282964	4.258727	4.278687	1.531942	5.500000	6.500000	99.047302	98.749191	98.749191	0	0	1	1	146	1151002
44	0	1	0	1	0	0	0	0	1	0	0	0	0	0	0	4.946374	4.284390	4.271558	4.271558	1.531942	5.500000	6.500000	99.084572	98.749191	98.749191	0	0	1	1	146	1150967
45	1	0	1	1	0	0	0	0	0	0	0	0	0	0	0	4.943151	4.284390	4.271558	4.270133	1.533553	5.750000	7.000000	99.120316	98.822021	98.784737	0	0	1	1	146	1150968
46	2	1	1	0	0	0	0	0	0	0	0	0	0	0	0	4.939927	4.272984	4.258727	4.263004	1.531942	5.750000	7.000000	99.230751	98.894958	98.932274	0	0	1	1	146	1164586
48	1	0	0	1	0	0	0	0	0	0	0	0	0	0	0	4.943151	4.287241	4.271558	4.271558	1.534359	5.750000	7.000000	99.157608	98.933891	98.859314	0	0	1	1	146	1151000
49	1	0	2	0	0	0	0	0	0	0	0	0	0	0	0	4.944762	4.285816	4.274410	4.274410	1.535165	5.750000	7.000000	99.158348	98.860153	98.860153	0	0	1	1	146	1150967
50	1	0	0	1	0	0	0	0	0	0	0	0	0	0	0	4.944762	4.282964	4.271558	4.272984	1.535971	5.750000	7.000000	99.083794	98.785599	98.748329	0	0	1	1	146	1165847
51	1	1	3	2	0	0	0	1	0	0	0	0	0	0	0	4.941538	4.284390	4.270133	4.270133	1.536777	5.750000	7.000000	99.194176	98.895782	98.933075	0	0	1	1	146	1150999
52	2	0	0	1	0	0	0	0	0	0	0	0	0	0	0	4.943151	4.282964	4.270133	4.271558	1.537583	5.750000	7.000000	99.157608	98.822021	98.784737	0	0	1	1	146	1151000
54	1	0	0	1	0	0	0	0	0	0	0	0	0	0	0	4.946374	4.285816	4.274410	4.271558	1.537583	5.750000	7.000000	99.047302	98.749191	98.711937	0	0	1	1	146	1151000
55	2	0	0	1	0	0	0	0	0	0	0	0	0	0	0	4.943151	4.285816	4.271558	4.270133	1.539194	5.750000	7.000000	99.120316	98.822021	98.822021	0	0	1	1	146	1164616
56	1	0	1	0	0	0	0	0	0	0	0	0	0	0	0	4.943151	4.284390	4.270133	4.271558	1.539194	5.750000	7.000000	99.120316	98.822021	98.784737	0	0	1	1	146	1151010
57	0	2	0	1	0	0	0	0	0	0	0	0	0	0	0	4.943151	4.284390	4.271558	4.270133	1.540000	5.750000	7.000000	99.157608	98.784737	98.822021	0	0	1	1	146	1151000
58	2	1	2	0	0	0	0	0	0	0	0	0	0	0	0	4.943151	4.285816	4.271558	4.270133	1.540806	5.750000	7.000000	99.120316	98.784737	98.822021	0	0	1	1	146	1164617
59	0	0	3	3	0	0	0	0	0	0	0	0	0	0	0	4.944762	4.284390	4.270133	4.270133	1.541612	5.750000	7.000000	99.158348	98.785599	98.822884	0	0	1	1	146	1151010
61	0	1	1	2	0	0	0	0	0	0	0	0	0	0	0	4.941538	4.291519	4.272984	4.274410	1.541612	5.750000	7.000000	99.231468	98.858490	98.671989	0	0	1	1	146	1150999
62	1	0	2	1	0	0	0	0	0	0	0	0	0	0	0	4.941538	4.284390	4.270133	4.270133	1.543224	5.750000	7.000000	99.194176	98.895782	98.522797	0	0	1	1	146	1152146
63	0	1	2	1	0	0	0	0	0	0	0	0	0	0	0	4.943151	4.285816	4.268707	4.271558	1.544029	5.750000	7.000000	99.120316	98.747452	98.784737	0	0	1	1	146	1164613
64	0	2	1	0	0	0	0	0	0	0	0	0	0	0	0	4.944762	4.284390	4.268707	4.270133	1.544835	5.750000	7.000000	99.083794	98.748329	98.748329	0	0	1	1	146	1151000
65	0	0	0	1	0	0	0	0	0	0	0	0	0	0	0	4.944762	4.270133	4.277261	4.270133	1.545641	6.000000	7.000000	99.083794	98.711044	98.785599	0	0	1	1	146	1150970
67	1	0	2	0	0	0	0	0	0	0	0	0	0	0	0	4.944762	4.288667	4.270133	4.272984	1.546447	6.000000	7.000000	99.046524	98.711044	98.412849	0	0	1	1	146	1164559
68	1	0	2	1	0	0	0	0	0	0	0	0	0	0	0	4.944762	4.284390	4.267281	4.270133	1.547253	6.000000	7.000000	99.121078	98.711044	98.785599	0	0	1	1	146	1151000
69	0	2	1	0	0	0	0	0	0	0	0	0	0	0	0	4.943151	4.282964	4.270133	4.272984	1.548059	6.000000	7.000000	99.120316	98.784737	98.859314	0	0	1	1	146	1150967
70	0	0	0	1	0	0	0	0	0	0	0	0	0	0	0	4.943151	4.284390	4.268707	4.270133	1.548865	6.000000	7.500000	99.120316	98.784737	98.822021	0	0	1	1	146	1150970
71	2	2	2	1	1	0	0	0	0	0	0	0	0	0	0	4.939927	4.287241	4.270133	4.271558	1.548865	6.000000	7.500000	99.156143	98.820328	98.894958	0	0	1	1	146	1164552
73	0	1	1	1	0	0	0	0	0	0	0	0	0	0	0	4.943151	4.285816	4.274410	4.272984	1.550476	6.000000	7.500000	99.120316	98.896599	98.896599	0	0	1	1	146	1151000
74	0	0	1	0	0	0	0	0	0	0	0	0	0	0	0	4.943151	4.284390	4.268707	4.268707	1.551282	6.000000	7.500000	99.120316	98.859314	98.822021	0	0	1	1	146	1152217
75	1	2	0	3	0	0	0	0	1	0	0	0	0	0	0	4.943151	4.272984	4.255875	4.258727	1.552088	6.000000	7.500000	99.940659	98.300011	98.523727	0	0	1	1	146	1164570
76	1	1	1	1	0	0	0	0	0	0	0	0	0	0	0	4.946374	4.281538	4.267281	4.270133	1.552894	6.000000	7.500000	99.047302	98.674675	98.749191	0	0	1	1	146	1151009
77	1	0	2	0	0	0	0	0	0	0	0	0	0	0	0	4.941538	4.284390	4.267281	4.270133	1.554506	6.000000	7.500000	99.194176	98.783882	98.933075	0	0	1	1	146	1150999
79	1	1	0	0	0	0	0	0	0	0	0	0	0	0	0	4.943151	4.284390	4.268707	4.272984	1.555311	6.000000	7.500000	99.120316	98.747452	98.822021	0	0	1	1	146	1151018
80	1	0	1	0	0	0	0	0	0	0	0	0	0	0	0	4.943151	4.281538	4.268707	4.270133	1.556117	6.000000	7.500000	99.120316	98.784737	98.896599	0	0	1	1	146	1164594
81	0	2	1	2	0	0	0	1	2	1	0	0	0	1	0	4.943151	4.284390	4.270133	4.272984	1.556923	6.250000	7.500000	99.120316	98.747452	98.822021	0	0	1	1	146	1151012
82	3	1	0	2	0	0	0	0	0	0	0	0	0	0	0	4.941538	4.284390	4.267281	4.272984	1.557729	6.250000	7.500000	99.119583	98.783882	98.895782	0	0	1	1	146	1151001
83	2	0	1	1	0	1	0	0	0	0	0	0	0	0	0	4.944762	4.280113	4.270133	4.270133	1.558535	6.250000	7.500000	99.083794	98.711044	98.822884	0	0	1	1	146	1164594
85	0	0	0	1	0	0	0	0	0	0	0	0	0	0	0	4.939927	4.285816	4.270133	4.275836	1.558535	6.250000	7.500000	99.268059	98.894958	99.044197	0	0	1	1	146	1151012
86	2	0	1	1	0	0	0	0	0	0	0	0	0	0	0	4.943151	4.282964	4.268707	4.274410	1.560147	6.250000	7.500000	99.120316	98.747452	98.859314	0	0	1	1	146	1152146
87	0	0	1	5	0	0	0	0	0	0	0	0	0	0	0	4.943151	4.284390	4.261578	4.264430	1.560952	6.250000	7.500000	99.045746	98.822021	98.859314	0	0	1	1	146	1150998
88	2	0	0	2	0	0	0	0	0	0	0	0	0	0	0	4.943151	4.285816	4.268707	4.274410	1.560952	6.250000	7.500000	99.157608	98.822021	98.896599	0	0	1	1	146	1164563
89	1	0	0	1	0	0	0	0	0	0	0	0	0	0	0	4.944762	4.281538	4.271558	4.270133	1.563370	6.250000	7.500000	99.083794	98.748329	98.785599	0	0	1	1	146	1150999
91	2	1	1	0	0	0	0	0	0	0	0	0	0	0	0	4.944762	4.281538	4.270133	4.272984	1.564176	6.250000	7.500000	99.046524	98.785599	98.860153	0	0	1	1	146	1150967
92	2	1	0	0	1	0	0	0	0	0	0	0	0	0	0	4.944762	4.282964	4.270133	4.270133	1.564982	6.250000	8.000000	99.009239	98.785599	98.711044	0	0	1	1	146	1150970
93	1	0	0	0	0	0	0	0	0	0	0	0	0	0	0	4.943151	4.281538	4.270133	4.272984	1.564982	6.250000	8.000000	99.045746	98.822021	98.822021	0	0	1	1	146	1164586
94	1	1	0	1	0	0	0	0	0	0	0	0	0	0	0	4.938315	4.285816	4.272984	4.272984	1.565788	6.250000	8.000000	99.230042	98.968781	98.931450	0	0	1	1	146	1151000
95	0	2	1	0	0	0	0	1	0	0	0	0	0	0	0	4.943151	4.284390	4.271558	4.272984	1.567399	6.250000	8.000000	99.120316	98.859314	98.598305	0	0	1	1	146	1150971
97	0	2	1	0	0	0	0	0	0	0	0	0	0	0	0	4.943151	4.284390	4.274410	4.275836	1.567399	6.250000	8.000000	99.120316	98.486443	99.045746	0	0	1	1	146	1164567
98	3	2	2	0	0	0	0	0	0	0	0	0	0	0	0	4.944762	4.284390	4.270133	4.270133	1.568205	6.250000	8.000000	99.083794	98.748329	98.748329	0	0	1	1	146	1152145
99	0	2	4	1	0	0	0	0	0	0	0	0	0	0	0	4.943151	4.285816	4.270133	4.270133	1.570623	6.500000	8.000000	99.120316	98.784737	98.784737	0	0	1	1	146	1150967
100	1	0	1	0	0	0	0	0	0	0	0	0	0	0	0	4.941538	4.284390	4.270133	4.270133	1.571429	6.500000	8.000000	99.082275	98.821190	98.821190	0	0	1	1	146	1151000
101	1	0	1	0	0	0	0	0	0	0	0	0	0	0	0	4.943151	4.280113	4.270133	4.270133	1.571429	6.500000	8.000000	99.045746	98.784737	98.747452	0	0	1	1	147	1164637
102	1	1	1	0	0	0	0	1	0	0	0	0	0	0	0	4.941538	4.282964	4.270133	4.270133	1.573040	6.500000	8.000000	99.082275	98.821190	98.821190	0	0	1	1	147	1151015
104	1	1	1	0	0	1	0	0	0	0	0	0	0	0	0	4.943151	4.282964	4.270133	4.268707	1.574652	6.500000	8.000000	99.083031	98.822021	98.859314	0	0	1	1	147	1151000
105	1	0	1	1	0	0	0	0	0	0	0	0	0	0	0	4.943151	4.281538	4.268707	4.270133	1.574652	6.500000	8.000000	99.045746	98.784737	98.747452	0	0	1	1	147	1164609
106	0	1	0	0	0	0	0	0	0	0	0	0	0	0	0	4.941538	4.282964	4.268707	4.268707	1.574652	6.500000	8.000000	99.156868	98.933075	98.858490	0	0	1	1	147	1151015
107	0	0	0	3	0	0	0	0	0	0	0	0	0	0	0	4.943151	4.281538	4.271558	4.270133	1.576264	6.500000	8.000000	99.008469	98.822021	98.822021	0	0	1	1	147	1151000
108	1	1	3	0	0	1	0	0	0	0	0	0	0	0	0	4.943151	4.285816	4.272984	4.272984	1.577070	6.500000	8.000000	99.194893	98.859314	98.859314	0	0	1	1	147	1164610
110	0	2	3	1	0	0	0	0	0	0	0	0	0	0	0	4.941538	4.281538	4.270133	4.270133	1.578681	6.500000	8.000000	99.119583	98.858490	98.821190	0	0	1	1	147	1152161
111	0	0	0	1	0	0	0	0	0	0	0	0	0	0	0	4.943151	4.284390	4.258727	4.278687	1.579487	6.500000	8.000000	99.120316	98.822021	98.784737	0	0	1	1	147	1150976
112	1	0	1	1	0	0	0	0	0	0	0	0	0	0	0	4.943151	4.281538	4.270133	4.270133	1.580293	6.500000	8.000000	99.045746	98.822021	98.747452	0	0	1	1	147	1150968
113	1	2	3	0	0	1	0	1	0	0	0	0	0	0	0	4.943151	4.281538	4.270133	4.268707	1.580293	6.500000	8.500000	99.045746	98.822021	98.784737	0	0	1	1	147	1164588
114	1	0	1	2	0	1	0	0	0	0	0	0	0	0	0	4.943151	4.281538	4.270133	4.272984	1.582711	6.750000	8.500000	99.083031	98.822021	98.896599	0	0	1	1	147	1151005
116	0	0	1	2	0	0	0	0	0	0	0	0	0	0	0	4.943151	4.282964	4.271558	4.270133	1.581905	6.750000	8.500000	99.083031	98.784737	98.747452	0	0	1	1	147	1150971
117	1	1	0	3	0	0	0	0	0	0	0	0	0	0	0	4.943151	4.284390	4.270133	4.270133	1.584322	6.750000	8.500000	99.157608	98.784737	98.747452	0	0	1	1	147	1164577
118	2	1	1	2	0	0	0	0	0	0	0	0	0	0	0	4.941538	4.285816	4.270133	4.268707	1.585128	6.750000	8.500000	99.156868	98.821190	98.858490	0	0	1	1	147	1151472
119	2	1	3	0	0	0	0	1	0	0	0	0	0	0	0	4.941538	4.281538	4.271558	4.268707	1.585934	6.750000	8.500000	99.082275	98.821190	98.858490	0	0	1	1	147	1151029
120	1	0	1	0	0	1	0	0	0	0	0	0	0	0	0	4.939927	4.284390	4.272984	4.272984	1.586740	6.750000	8.500000	99.230751	98.932274	98.969566	0	0	1	1	147	1150971
122	1	2	2	0	0	0	0	0	0	0	0	0	0	0	0	4.943151	4.268707	4.280113	4.265855	1.587546	6.750000	8.500000	99.045746	98.859314	98.822021	0	0	1	1	147	1165813
123	1	1	2	2	0	0	0	1	0	0	0	0	0	0	0	4.939927	4.275836	4.257301	4.278687	1.586740	6.750000	8.500000	99.118820	98.932274	98.857651	0	0	1	1	147	1151005
124	1	1	0	0	0	0	0	0	0	0	0	0	0	0	0	4.943151	4.281538	4.270133	4.271558	1.589158	6.750000	8.500000	99.045746	98.822021	98.747452	0	0	1	1	147	1151000
125	0	3	0	1	0	0	0	0	0	0	0	0	0	0	0	4.941538	4.270133	4.277261	4.271558	1.589963	6.750000	8.500000	99.082275	98.858490	98.821190	0	0	1	1	147	1164606
126	2	1	1	1	0	0	0	0	1	0	0	0	0	0	0	4.941538	4.280113	4.271558	4.270133	1.591575	7.000000	8.500000	99.082275	98.858490	98.821190	0	0	1	1	147	1151014
128	1	2	1	1	0	0	0	0	0	0	0	0	0	0	0	4.941538	4.281538	4.267281	4.268707	1.592381	7.000000	8.500000	99.082275	98.783882	98.858490	0	0	1	1	147	1151000
129	1	0	2	1	0	0	0	0	0	0	0	0	0	0	0	4.941538	4.281538	4.270133	4.271558	1.593187	7.000000	8.500000	99.082275	98.895782	98.933075	0	0	1	1	147	1151003
130	0	2	1	2	0	0	0	0	0	0	0	0	0	0	0	4.938315	4.321460	4.255875	4.258727	1.590769	7.000000	8.500000	99.118073	98.931450	99.080734	0	0	1	1	147	1164610
131	0	1	1	0	0	0	0	0	0	0	0	0	0	0	0	4.941538	4.281538	4.268707	4.274410	1.593993	7.000000	8.500000	99.082275	98.783882	98.895782	0	0	1	1	147	1151014
132	0	2	0	2	0	0	0	0	0	0	0	0	0	0	0	4.941538	4.282964	4.272984	4.275836	1.595605	7.000000	9.000000	99.156868	98.858490	98.970383	0	0	1	1	147	1151003
133	2	2	0	1	0	0	0	0	0	0	0	0	0	0	0	4.939927	4.281538	4.267281	4.271558	1.596410	7.000000	9.000000	99.193443	98.857651	98.932274	0	0	1	1	147	1165663
135	0	0	2	0	0	0	0	0	0	0	0	0	0	0	0	4.943151	4.281538	4.267281	4.272984	1.597216	7.000000	9.000000	99.008469	98.710175	98.822021	0	0	1	1	147	1151013
136	1	0	2	0	0	0	0	0	0	0	0	0	0	0	0	4.943151	4.281538	4.268707	4.271558	1.598022	7.000000	9.000000	99.045746	98.672874	98.822021	0	0	1	1	147	1150969
137	0	2	2	1	0	0	0	0	1	0	0	0	0	0	0	4.944762	4.291519	4.267281	4.268707	1.598828	7.000000	9.000000	98.971970	98.711044	98.785599	0	0	1	1	147	1150971
138	2	0	0	0	0	0	0	0	0	0	0	0	0	0	0	4.943151	4.280113	4.254449	4.261578	1.598828	7.000000	9.000000	98.933891	98.747452	98.822021	0	0	1	1	147	1164687
139	0	1	1	0	0	0	0	0	0	0	0	0	0	0	0	4.943151	4.281538	4.267281	4.271558	1.601246	7.000000	9.000000	99.083031	98.710175	98.822021	0	0	1	1	147	1151005
141	0	1	1	1	0	0	0	0	0	0	0	0	0	0	0	4.941538	4.281538	4.271558	4.272984	1.601246	7.000000	9.000000	99.082275	98.821190	98.858490	0	0	1	1	147	1150968
142	2	1	1	2	0	0	1	1	0	0	0	0	0	0	0	4.941538	4.281538	4.268707	4.271558	1.602857	7.000000	9.000000	99.119583	98.895782	98.895782	0	0	1	1	147	1164566
143	1	0	2	1	0	0	0	0	0	0	0	0	0	0	0	4.941538	4.281538	4.270133	4.272984	1.602051	7.000000	9.000000	99.082275	98.821190	98.858490	0	0	1	1	147	1151005
144	0	1	0	0	0	0	0	0	0	0	0	0	0	0	0	4.941538	4.282964	4.272984	4.272984	1.602857	7.000000	9.000000	99.194176	98.933075	98.895782	0	0	1	1	147	1150968
145	0	0	3	3	0	0	0	0	0	0	0	0	0	0	0	4.943151	4.281538	4.270133	4.271558	1.605275	7.250000	9.000000	99.045746	98.822021	98.859314	0	0	1	1	147	1152218
147	2	0	1	0	0	0	0	0	0	0	0	0	0	0	0	4.943151	4.280113	4.270133	4.272984	1.606081	7.250000	9.000000	99.045746	98.747452	98.822021	0	0	1	1	147	1164571
148	0	1	0	0	0	0	0	0	0	0	0	0	0	0	0	4.943151	4.284390	4.270133	4.270133	1.606081	7.250000	9.000000	99.194893	98.822021	98.784737	0	0	1	1	147	1151016
149	1	0	2	2	0	0	0	0	0	0	0	0	0	0	0	4.943151	4.282964	4.271558	4.272984	1.607692	7.250000	9.000000	99.045746	98.784737	98.859314	0	0	1	1	147	1151002
150	0	0	1	2	0	0	0	0	0	0	0	0	0	0	0	4.943151	4.285816	4.270133	4.271558	1.608498	7.250000	9.000000	99.083031	98.747452	98.859314	0	0	1	1	147	1164703
151	0	1	0	1	0	0	0	0	0	0	0	0	0	0	0	4.943151	4.285816	4.268707	4.270133	1.610110	7.250000	9.000000	99.120316	98.822021	98.784737	0	0	1	1	147	1151018
153	1	1	2	0	0	0	0	0	0	0	0	0	0	0	0	4.941538	4.282964	4.270133	4.270133	1.610110	7.250000	9.500000	99.156868	98.821190	98.783882	0	0	1	1	147	1151003
154	1	1	0	1	0	0	0	0	0	0	0	0	0	0	0	4.941538	4.284390	4.271558	4.274410	1.610916	7.250000	9.500000	99.231468	98.895782	98.933075	0	0	1	1	147	1151004
155	2	1	1	1	0	0	0	0	0	0	0	0	0	0	0	4.943151	4.282964	4.268707	4.272984	1.611722	7.250000	9.500000	99.157608	98.822021	98.859314	0	0	1	1	147	1164603
156	2	1	0	1	1	0	0	0	0	0	0	0	0	0	0	4.944762	4.288667	4.272984	4.275836	1.612528	7.250000	9.500000	99.158348	98.785599	98.748329	0	0	1	1	147	1151018
157	0	2	1	2	0	0	0	0	0	0	0	0	0	0	0	4.946374	4.285816	4.271558	4.267281	1.614139	7.250000	9.500000	99.047302	98.637421	98.637421	0	0	1	1	147	1152145
159	1	1	0	1	0	0	0	0	0	0	0	0	0	0	0	4.941538	4.271558	4.257301	4.255875	1.613333	7.250000	9.500000	99.567169	98.522797	99.044983	0	0	1	1	147	1164577
160	0	2	0	0	0	0	0	0	0	0	0	0	0	0	0	4.939927	4.285816	4.272984	4.270133	1.614945	7.250000	9.500000	99.230751	98.969566	98.894958	0	0	1	1	147	1151006
161	0	1	1	1	0	0	0	0	0	0	0	0	0	0	0	4.943151	4.285816	4.270133	4.270133	1.615751	7.250000	9.500000	99.157608	98.822021	98.784737	0	0	1	1	147	1150968
162	1	3	1	0	0	0	0	0	0	0	0	0	0	0	0	4.944762	4.284390	4.270133	4.270133	1.617363	7.500000	9.500000	99.083794	98.375580	98.934700	0	0	1	1	147	1150970
163	1	1	0	1	0	0	0	0	0	0	0	0	0	0	0	4.943151	4.282964	4.270133	4.270133	1.618169	7.500000	9.500000	99.083031	98.784737	98.784737	0	0	1	1	147	1164561
165	0	1	0	2	0	0	0	0	0	0	0	0	0	0	0	4.943151	4.284390	4.270133	4.268707	1.618974	7.500000	9.500000	99.157608	98.784737	98.822021	0	0	1	1	147	1151006
166	0	0	1	1	0	0	0	0	0	0	0	0	0	0	0	4.941538	4.270133	4.257301	4.261578	1.617363	7.500000	9.500000	98.858490	98.858490	98.709282	0	0	1	1	147	1150970
167	2	0	1	0	0	0	0	0	0	0	0	0	0	0	0	4.943151	4.285816	4.270133	4.267281	1.620586	7.500000	9.500000	99.083031	98.784737	98.486443	0	0	1	1	147	1164560
168	0	0	1	1	0	0	0	0	0	0	0	0	0	0	0	4.941538	4.285816	4.272984	4.272984	1.621392	7.500000	9.500000	99.194176	98.970383	98.895782	0	0	1	1	147	1151005
169	0	2	0	0	0	0	0	0	0	0	0	0	0	0	0	4.943151	4.284390	4.271558	4.268707	1.622198	7.500000	9.500000	99.083031	98.784737	98.747452	0	0	1	1	147	1152218
171	0	1	1	0	0	0	0	1	0	0	0	0	0	0	0	4.943151	4.284390	4.270133	4.271558	1.623004	7.500000	9.500000	99.083031	98.784737	98.784737	0	0	1	1	147	1150970
172	1	0	1	1	0	0	0	0	0	0	0	0	0	0	0	4.936703	4.285816	4.271558	4.271558	1.623004	7.500000	9.500000	99.266655	99.005310	98.967964	0	0	1	1	147	1164598
173	0	2	1	0	0	0	0	0	0	0	0	0	0	0	0	4.941538	4.282964	4.270133	4.268707	1.624615	7.500000	9.500000	99.156868	98.858490	98.821190	0	0	1	1	147	1151018
174	3	1	1	0	0	0	0	0	0	0	0	0	0	0	0	4.943151	4.284390	4.270133	4.272984	1.625421	7.500000	9.500000	99.083031	98.747452	98.747452	0	0	1	1	147	1151003
175	3	2	0	2	0	0	0	0	1	0	0	0	0	0	0	4.939927	4.282964	4.268707	4.270133	1.625421	7.500000	10.000000	99.193443	98.894958	98.820328	0	0	1	1	147	1164602
177	1	0	0	0	0	0	0	0	0	0	0	0	0	0	0	4.943151	4.282964	4.268707	4.261578	1.624615	7.500000	10.000000	99.269463	98.672874	98.784737	0	0	1	1	148	1151023
178	0	0	0	0	0	0	0	0	0	0	0	0	0	0	0	4.941538	4.282964	4.267281	4.268707	1.627033	7.500000	10.000000	99.119583	98.746590	98.783882	0	0	1	1	148	1150978
179	1	2	1	0	0	0	0	0	0	0	0	0	0	0	0	4.939927	4.282964	4.268707	4.270133	1.628645	7.750000	10.000000	99.230751	98.894958	98.820328	0	0	1	1	148	1150978
180	3	3	1	1	0	0	1	0	0	0	0	0	0	0	0	4.941538	4.285816	4.274410	4.272984	1.628645	7.750000	10.000000	99.194176	98.895782	98.895782	0	0	1	1	148	1164580
181	2	0	3	2	0	0	1	0	0	0	0	0	0	0	0	4.943151	4.287241	4.270133	4.268707	1.630257	7.750000	10.000000	99.083031	98.710175	98.561020	0	0	1	1	148	1152169
183	1	0	0	0	0	0	0	0	0	0	0	0	0	0	0	4.943151	4.284390	4.271558	4.270133	1.631062	7.750000	10.000000	99.120316	98.710175	98.784737	0	0	1	1	148	1150973
184	0	1	0	2	0	0	0	0	0	0	0	0	0	0	0	4.943151	4.282964	4.267281	4.270133	1.631868	7.750000	10.000000	99.157608	98.747452	98.784737	0	0	1	1	148	1164686
185	0	0	1	1	0	0	0	0	0	0	0	0	0	0	0	4.943151	4.281538	4.265855	4.270133	1.631868	7.750000	10.000000	99.120316	98.710175	98.784737	0	0	1	1	148	1151010
186	3	0	0	1	0	0	0	0	0	0	0	0	0	0	0	4.943151	4.282964	4.270133	4.272984	1.633480	7.750000	10.000000	99.083031	98.672874	98.859314	0	0	1	1	148	1150967
187	0	0	1	2	0	0	0	0	0	0	0	0	0	0	0	4.941538	4.282964	4.270133	4.271558	1.634286	7.750000	10.000000	99.156868	98.858490	98.858490	0	0	1	1	148	1150964
189	0	0	1	1	0	0	0	0	0	0	0	0	0	0	0	4.941538	4.284390	4.270133	4.270133	1.634286	7.750000	10.000000	99.119583	98.783882	98.783882	0	0	1	1	148	1164579
190	0	1	0	1	0	0	0	0	0	0	0	0	0	0	0	4.941538	4.284390	4.271558	4.270133	1.635898	7.750000	10.000000	99.156868	98.821190	98.522797	0	0	1	1	148	1151013
191	0	0	1	1	0	0	0	0	0	0	0	0	0	0	0	4.943151	4.284390	4.271558	4.272984	1.636703	7.750000	10.000000	99.120316	98.784737	98.859314	0	0	1	1	148	1151069
192	0	0	0	1	0	0	0	0	0	0	0	0	0	0	0	4.941538	4.285816	4.272984	4.275836	1.637509	7.750000	10.000000	99.231468	98.895782	98.970383	0	0	1	1	148	1164563
193	0	0	1	0	0	0	0	0	0	0	0	0	0	0	0	4.943151	4.284390	4.271558	4.271558	1.638315	7.750000	10.000000	99.120316	98.822021	98.859314	0	0	1	1	148	1152156
195	2	1	2	0	0	0	0	1	0	0	0	0	0	0	0	4.943151	4.282964	4.271558	4.272984	1.639121	8.000000	10.000000	99.120316	98.822021	98.859314	0	0	1	1	148	1150967
196	1	1	2	2	0	0	0	0	0	0	0	0	0	0	0	4.943151	4.282964	4.268707	4.270133	1.639121	8.000000	10.000000	99.120316	98.859314	98.859314	0	0	1	1	148	1150978
197	2	2	1	2	0	0	0	0	1	0	0	0	0	0	0	4.939927	4.287241	4.272984	4.272984	1.640733	8.000000	10.000000	99.268059	98.932274	99.006889	0	0	1	1	148	1164690
198	0	3	0	1	0	0	0	0	1	0	0	0	0	0	0	4.939927	4.288667	4.268707	4.274410	1.639121	8.000000	10.000000	99.193443	98.894958	98.932274	0	0	1	1	148	1151021
199	1	0	0	2	0	0	0	0	0	0	0	0	0	0	0	4.943151	4.284390	4.272984	4.272984	1.642344	8.000000	10.000000	99.120316	98.784737	98.859314	0	0	1	1	148	1150978
201	2	0	1	0	0	0	0	0	0	0	0	0	0	0	0	4.941538	4.282964	4.268707	4.271558	1.642344	8.000000	10.500000	99.156868	98.858490	98.895782	0	0	1	1	148	1164571
202	1	1	0	0	0	0	0	0	0	0	0	0	0	0	0	4.939927	4.282964	4.268707	4.271558	1.643150	8.000000	10.500000	99.156143	98.857651	98.969566	0	0	1	1	148	1151020
203	1	1	0	1	0	0	0	0	0	0	0	0	0	0	0	4.941538	5.838461	4.250172	4.260152	1.641539	8.000000	10.500000	98.821190	98.522797	98.560097	0	0	1	1	148	1151085
204	0	1	1	0	0	0	0	0	0	0	0	0	0	0	0	4.939927	4.287241	4.272984	4.274410	1.644762	8.000000	10.500000	99.491936	98.857651	99.044197	0	0	1	1	148	1164568
205	2	2	1	1	0	0	0	0	0	0	0	0	0	0	0	4.941538	4.284390	4.270133	4.271558	1.645568	8.000000	10.500000	99.119583	98.821190	98.858490	0	0	1	1	148	1152166
207	1	0	1	4	0	0	0	0	0	0	0	0	0	0	0	4.941538	4.282964	4.270133	4.272984	1.646374	8.000000	10.500000	99.119583	98.783882	98.895782	0	0	1	1	148	1150974
208	1	0	2	1	0	0	0	0	0	0	0	0	0	0	0	4.943151	4.284390	4.272984	4.258727	1.647180	8.000000	10.500000	98.784737	98.449150	98.486443	0	0	1	1	148	1150968
209	2	0	2	2	0	0	0	0	0	0	0	0	0	0	0	4.941538	4.282964	4.270133	4.272984	1.647180	8.000000	10.500000	99.156868	98.821190	98.895782	0	0	1	1	148	1164568
210	1	1	1	2	0	0	1	1	0	0	0	0	0	0	0	4.939927	4.281538	4.268707	4.271558	1.648791	8.000000	10.500000	99.118820	98.857651	98.894958	0	0	1	1	148	1151011
211	1	0	1	0	0	0	0	0	0	0	0	0	0	0	0	4.943151	4.282964	4.268707	4.274410	1.648791	8.000000	10.500000	99.381340	98.710175	98.784737	0	0	1	1	148	1150967
213	0	0	2	1	0	0	0	0	0	0	0	0	0	0	0	4.939927	4.284390	4.268707	4.271558	1.648791	8.000000	10.500000	99.193443	98.894958	98.932274	0	0	1	1	148	1164560
214	0	1	2	2	0	0	0	0	0	0	0	0	0	0	0	4.941538	4.284390	4.268707	4.271558	1.651209	8.250000	10.500000	99.194176	98.858490	98.895782	0	0	1	1	148	1151010
215	1	0	2	1	0	0	0	0	0	0	0	0	0	0	0	4.941538	4.278687	4.268707	4.270133	1.651209	8.250000	10.500000	99.044983	98.783882	98.783882	0	0	1	1	148	1150965
216	1	1	1	2	0	0	0	0	0	0	0	0	0	0	0	4.941538	4.287241	4.272984	4.271558	1.652015	8.250000	10.500000	99.119583	98.709282	98.970383	0	0	1	1	148	1150965
217	1	0	0	0	0	0	0	0	0	0	0	0	0	0	0	4.941538	4.280113	4.270133	4.272984	1.652015	8.250000	10.500000	99.044983	98.821190	98.895782	0	0	1	1	148	1165813
219	0	0	0	3	0	0	0	0	0	0	0	0	0	0	0	4.943151	4.282964	4.268707	4.270133	1.653626	8.250000	10.500000	99.008469	98.710175	98.747452	0	0	1	1	148	1151011
220	1	0	0	1	0	0	1	0	0	0	0	0	0	0	0	4.938315	4.284390	4.265855	4.268707	1.655238	8.250000	10.500000	99.155388	98.931450	98.931450	0	0	1	1	148	1150978
221	0	0	0	0	0	0	0	0	0	0	0	0	0	0	0	4.943151	4.281538	4.268707	4.268707	1.656044	8.250000	10.500000	99.083031	98.449150	98.971169	0	0	1	1	148	1164572
222	2	0	0	1	0	0	0	0	0	0	0	0	0	0	0	4.941538	4.281538	4.270133	4.270133	1.656044	8.250000	10.500000	99.044983	98.858490	98.746590	0	0	1	1	148	1151021
223	1	0	0	1	0	0	0	0	0	0	0	0	0	0	0	4.941538	4.280113	4.268707	4.268707	1.656850	8.250000	10.500000	99.082275	98.783882	98.821190	0	0	1	1	148	1150978
225	0	0	0	0	0	0	0	0	0	0	0	0	0	0	0	4.939927	4.280113	4.270133	4.272984	1.657656	8.250000	10.500000	99.193443	98.894958	98.820328	0	0	1	1	148	1150992
226	0	2	0	3	0	0	0	0	0	0	0	0	0	0	0	4.943151	4.281538	4.270133	4.270133	1.657656	8.250000	11.000000	99.045746	98.710175	98.747452	0	0	1	1	148	1164582
227	1	1	1	0	0	0	0	0	0	0	0	0	0	0	0	4.941538	4.281538	4.271558	4.270133	1.659268	8.250000	11.000000	99.082275	98.821190	98.821190	0	0	1	1	148	1151020
228	1	0	1	2	0	0	0	0	0	0	0	0	0	0	0	4.939927	4.284390	4.272984	4.272984	1.659268	8.250000	11.000000	99.156143	98.932274	98.894958	0	0	1	1	148	1150981
229	0	1	0	0	0	0	0	0	0	0	0	0	0	0	0	4.946374	4.271558	4.277261	4.267281	1.660879	8.250000	11.000000	98.935516	98.637421	98.674675	0	0	1	1	148	1165824
231	0	2	2	2	0	0	0	0	0	1	0	0	0	0	0	4.941538	4.280113	4.270133	4.270133	1.661685	8.250000	11.000000	99.119583	98.858490	98.895782	0	0	1	1	148	1151015
232	0	0	3	2	0	0	0	0	0	0	0	0	0	0	0	4.943151	4.281538	4.267281	4.270133	1.662491	8.250000	11.000000	99.008469	98.784737	98.822021	0	0	1	1	148	1150965
233	1	0	1	1	0	0	0	0	0	0	0	0	0	0	0	4.943151	4.281538	4.270133	4.271558	1.662491	8.250000	11.000000	99.306763	98.747452	98.747452	0	0	1	1	148	1150967
234	2	0	0	1	0	0	0	0	0	0	0	0	0	0	0	4.943151	4.282964	4.270133	4.270133	1.661685	8.250000	11.000000	98.747452	98.561020	98.374580	0	0	1	1	148	1164564
235	0	0	1	0	0	0	0	0	0	0	0	0	0	0	0	4.939927	4.281538	4.268707	4.272984	1.663297	8.500000	11.000000	99.156143	98.857651	98.894958	0	0	1	1	148	1151011
237	0	0	0	2	0	0	0	0	0	0	0	0	0	0	0	4.941538	4.280113	4.268707	4.270133	1.664103	8.500000	11.000000	99.082275	98.858490	98.821190	0	0	1	1	148	1150965
238	0	1	1	2	0	0	0	0	0	0	0	0	0	0	0	4.941538	4.280113	4.270133	4.268707	1.664909	8.500000	11.000000	98.970383	98.597389	98.821190	0	0	1	1	148	1164560
239	0	2	2	0	0	0	0	0	0	0	0	0	0	0	0	4.941538	4.281538	4.272984	4.271558	1.665714	8.500000	11.000000	99.082275	98.858490	98.858490	0	0	1	1	148	1151011
240	0	1	0	1	0	0	0	0	0	0	0	0	0	0	0	4.936703	4.285816	4.275836	4.277261	1.664909	8.500000	11.000000	99.266655	99.042641	99.117302	0	0	1	1	148	1150964
241	3	0	4	1	0	1	1	0	0	1	0	0	1	0	0	4.943151	4.280113	4.268707	4.271558	1.667326	8.500000	11.000000	99.008469	98.822021	98.784737	0	0	1	1	148	1152215
243	0	2	0	1	0	0	0	0	0	0	0	0	0	0	0	4.941538	4.281538	4.270133	4.271558	1.668132	8.500000	11.000000	99.082275	98.448196	99.082275	0	0	1	1	148	1164569
244	2	0	0	1	0	0	1	0	0	0	0	0	0	0	0	4.939927	4.281538	4.270133	4.271558	1.668132	8.500000	11.000000	99.081512	98.820328	98.894958	0	0	1	1	148	1151021
245	1	0	1	1	0	0	0	0	0	0	0	0	0	0	0	4.941538	4.281538	4.271558	4.272984	1.668938	8.500000	11.000000	99.044983	98.783882	98.821190	0	0	1	1	148	1150978
246	2	3	1	1	0	0	0	0	0	0	0	0	0	0	0	4.941538	4.272984	4.275836	4.271558	1.670550	8.500000	11.000000	99.156868	98.821190	98.895782	0	0	1	1	148	1164567
247	0	1	1	0	0	0	0	0	0	0	0	0	0	0	0	4.941538	4.282964	4.270133	4.271558	1.670550	8.500000	11.000000	99.194176	98.858490	98.895782	0	0	1	1	148	1151020
249	1	0	1	1	0	0	0	0	0	0	0	0	0	0	0	4.939927	4.284390	4.268707	4.271558	1.671355	8.500000	11.000000	99.193443	98.894958	98.894958	0	0	1	1	148	1150978
250	0	0	0	1	0	0	0	0	0	0	0	0	0	0	0	4.941538	4.284390	4.268707	4.271558	1.672161	8.500000	11.000000	99.119583	98.933075	98.895782	0	0	1	1	148	1164571
251	2	1	3	0	0	0	0	0	0	0	0	0	0	0	0	4.941538	4.284390	4.271558	4.275836	1.671355	8.500000	11.000000	99.082275	98.821190	98.858490	0	0	1	1	148	1151024
252	0	1	0	2	0	0	0	0	0	0	0	0	0	0	0	4.939927	4.290093	4.274410	4.274410	1.672161	8.500000	11.000000	99.268059	98.894958	98.969566	0	0	1	1	148	1150978
253	1	1	1	0	0	0	0	0	0	0	0	0	0	0	0	4.941538	4.285816	4.270133	4.271558	1.673773	8.500000	11.000000	99.119583	98.783882	98.858490	0	0	1	1	148	1152228
255	0	1	1	2	0	0	0	0	0	0	0	0	0	0	0	4.941538	4.284390	4.270133	4.271558	1.673773	8.500000	11.500000	99.119583	98.783882	98.858490	0	0	1	1	148	1164574
256	0	0	0	0	0	0	0	0	0	0	0	0	0	0	0	4.941538	4.282964	4.270133	4.271558	1.674579	8.500000	11.500000	99.119583	98.783882	98.858490	0	0	1	1	148	1151014
257	0	0	0	2	0	0	0	0	0	0	0	0	0	0	0	4.941538	4.284390	4.271558	4.271558	1.675385	8.750000	11.500000	99.119583	98.783882	98.858490	0	0	1	1	148	1150965
258	2	0	0	1	0	0	0	0	0	0	0	0	0	0	0	4.941538	4.282964	4.270133	4.272984	1.676996	8.750000	11.500000	99.119583	98.821190	98.858490	0	0	1	1	148	1164558
259	0	1	0	1	0	0	0	0	0	0	0	0	0	0	0	4.944762	4.282964	4.270133	4.272984	1.676191	8.750000	11.500000	99.270180	98.636497	98.748329	0	0	1	1	148	1151013
261	2	1	0	0	0	0	0	0	0	0	0	0	0	0	0	4.941538	4.281538	4.270133	4.272984	1.677802	8.750000	11.500000	99.156868	98.821190	98.821190	0	0	1	1	148	1150965
262	1	0	2	0	0	0	0	0	0	0	0	0	0	0	0	4.941538	4.284390	4.270133	4.272984	1.677802	8.750000	11.500000	99.119583	98.821190	98.821190	0	0	1	1	148	1150965
263	0	1	1	2	0	0	0	0	0	0	0	0	0	0	0	4.944762	4.271558	4.281538	4.268707	1.678608	8.750000	11.500000	99.083794	98.860153	98.860153	0	0	1	1	148	1164563
264	0	0	0	0	0	0	0	0	0	0	0	0	0	0	0	4.943151	4.285816	4.272984	4.277261	1.678608	8.750000	11.500000	99.157608	98.523727	99.120316	0	0	1	1	148	1151011
265	0	1	1	0	0	0	0	0	0	0	0	0	0	0	0	4.943151	4.282964	4.270133	4.271558	1.680220	8.750000	11.500000	99.083031	98.747452	98.822021	0	0	1	1	148	1152215
267	0	0	1	0	0	0	0	0	0	0	0	0	0	0	0	4.939927	4.287241	4.271558	4.272984	1.681026	8.750000	11.500000	99.230751	98.894958	98.932274	0	0	1	1	148	1164492
268	2	1	0	1	0	0	1	0	0	0	0	0	0	0	0	4.941538	4.287241	4.267281	4.272984	1.680220	8.750000	11.500000	99.194176	98.858490	98.933075	0	0	1	1	148	1151020
269	0	1	1	0	0	0	0	0	0	0	0	0	0	0	0	4.943151	4.282964	4.271558	4.272984	1.682637	8.750000	11.500000	99.083031	98.747452	98.822021	0	0	1	1	148	1150977
270	0	0	1	0	0	0	0	0	0	0	0	0	0	0	0	4.943151	4.284390	4.270133	4.271558	1.682637	8.750000	11.500000	99.120316	98.747452	98.822021	0	0	1	1	148	1150978
271	1	0	1	0	0	0	0	0	0	0	0	0	0	0	0	4.941538	4.282964	4.270133	4.271558	1.683443	8.750000	11.500000	99.156868	98.858490	98.858490	0	0	1	1	148	1204711
273	1	1	1	0	0	0	0	0	0	0	0	0	0	0	0	4.941538	4.272984	4.257301	4.258727	1.683443	8.750000	11.500000	99.007675	98.895782	98.746590	0	0	1	1	148	1151023
274	2	1	1	1	0	0	0	0	0	0	0	0	0	0	0	4.941538	4.285816	4.271558	4.275836	1.683443	8.750000	11.500000	99.156868	98.858490	98.895782	0	0	1	1	148	1150978
275	0	1	2	0	0	0	0	0	0	0	0	0	0	0	0	4.943151	4.282964	4.270133	4.271558	1.685055	8.750000	11.500000	99.083031	98.449150	99.045746	0	0	1	1	148	1169928
276	3	2	0	1	0	0	0	0	0	0	0	0	0	0	0	4.941538	4.284390	4.272984	4.274410	1.685055	9.000000	11.500000	99.268776	98.933075	98.970383	0	0	1	1	148	1151021
277	1	2	1	1	0	1	0	0	0	0	0	0	0	0	0	4.943151	4.282964	4.270133	4.272984	1.685861	9.000000	11.500000	99.083031	98.747452	98.822021	0	0	1	1	148	1152227
279	2	1	0	2	0	0	0	0	1	0	0	0	0	0	0	4.943151	4.281538	4.268707	4.270133	1.686667	9.000000	11.500000	99.083031	98.784737	98.822021	0	0	1	1	148	1150973
280	0	4	1	0	0	0	0	1	0	0	0	0	0	0	0	4.943151	4.282964	4.270133	4.271558	1.687473	9.000000	11.500000	99.008469	98.523727	98.822021	0	0	1	1	148	1164557
281	1	0	0	0	0	0	0	0	0	0	0	0	0	0	0	4.941538	4.282964	4.268707	4.271558	1.688278	9.000000	11.500000	99.119583	98.858490	98.858490	0	0	1	1	148	1151011
282	2	2	2	0	0	0	0	0	0	0	0	0	0	0	0	4.943151	4.282964	4.268707	4.270133	1.688278	9.000000	11.500000	99.120316	98.822021	98.784737	0	0	1	1	148	1150965
283	0	1	1	0	0	0	0	0	0	0	0	0	0	0	0	4.943151	4.272984	4.280113	4.270133	1.689084	9.000000	11.500000	99.120316	98.784737	98.822021	0	0	1	1	148	1164564
285	1	0	0	0	0	0	0	0	0	0	0	0	0	0	0	4.943151	4.284390	4.270133	4.268707	1.689890	9.000000	11.500000	99.120316	98.784737	98.859314	0	0	1	1	148	1151011
286	0	1	1	3	0	0	0	0	0	0	0	0	0	0	0	4.941538	4.284390	4.270133	4.270133	1.690696	9.000000	11.500000	99.156868	98.858490	98.821190	0	0	1	1	148	1150964
287	0	1	0	2	0	0	0	0	0	0	0	0	0	0	0	4.941538	4.284390	4.270133	4.268707	1.690696	9.000000	11.500000	99.343376	98.783882	98.783882	0	0	1	1	148	1150967
288	1	0	2	0	0	0	0	0	0	0	0	0	0	0	0	4.941538	4.288667	4.274410	4.260152	1.689084	9.000000	12.000000	99.306068	98.858490	98.895782	0	0	1	1	148	1164569
289	1	2	2	1	0	0	0	1	0	0	0	0	0	0	0	4.943151	4.284390	4.271558	4.271558	1.691502	9.000000	12.000000	99.120316	98.784737	98.784737	0	0	1	1	148	1152156
291	1	1	0	1	0	0	0	0	0	0	0	0	0	0	0	4.943151	4.284390	4.270133	4.270133	1.692308	9.000000	12.000000	99.120316	98.822021	98.822021	0	0	1	1	148	1150964
292	0	0	0	1	0	0	0	0	0	0	0	0	0	0	0	4.943151	4.281538	4.270133	4.267281	1.693114	9.000000	12.000000	99.083031	98.784737	98.784737	0	0	1	1	148	1164582
293	0	2	2	0	0	0	0	0	0	0	0	0	0	0	0	4.943151	4.284390	4.270133	4.270133	1.693920	9.000000	12.000000	99.045746	98.747452	98.523727	0	0	1	1	148	1151023
294	0	1	0	2	0	0	0	0	0	0	0	0	0	0	0	4.938315	4.287241	4.272984	4.271558	1.693920	9.000000	12.000000	99.230042	98.894127	98.894127	0	0	1	1	148	1150978
295	2	1	0	0	0	0	0	0	0	0	0	0	0	0	0	4.941538	4.285816	4.272984	4.265855	1.691502	9.000000	12.000000	99.306068	98.709282	98.821190	0	0	1	1	148	1150981
297	1	0	1	1	0	0	0	0	0	0	0	0	0	0	0	4.941538	4.284390	4.270133	4.268707	1.695531	9.000000	12.000000	99.119583	98.821190	98.783882	0	0	1	1	148	1164594
298	2	0	0	2	0	0	0	0	0	0	0	0	0	0	0	4.943151	4.285816	4.270133	4.270133	1.695531	9.000000	12.000000	99.083031	98.747452	98.747452	0	0	1	1	148	1151020
299	0	0	1	0	0	0	0	0	0	0	0	0	0	0	0	4.941538	4.282964	4.270133	4.270133	1.696337	9.000000	12.000000	99.119583	98.783882	98.783882	0	0	1	1	148	1150978
300	0	0	0	0	0	0	0	0	0	0	0	0	0	0	0	4.939927	4.284390	4.272984	4.274410	1.696337	9.000000	12.000000	99.156143	98.932274	98.894958	0	0	1	1	148	1164580
301	1	2	2	1	0	0	1	1	0	0	0	0	0	0	0	4.941538	4.284390	4.270133	4.270133	1.697143	9.000000	12.000000	99.082275	98.821190	98.746590	0	0	1	1	148	1152169
303	0	0	2	1	0	0	0	0	0	0	0	0	0	0	0	4.941538	4.284390	4.270133	4.270133	1.697949	9.250000	12.000000	99.119583	98.821190	98.783882	0	0	1	1	148	1150973
304	0	2	0	0	0	0	0	0	0	0	0	0	0	0	0	4.939927	4.284390	4.270133	4.268707	1.698755	9.250000	12.000000	99.156143	98.820328	98.820328	0	0	1	1	148	1164566
305	0	0	1	1	0	0	0	0	0	0	0	0	0	0	0	4.941538	4.284390	4.268707	4.270133	1.699561	9.250000	12.000000	99.119583	98.783882	98.448196	0	0	1	1	148	1151013
306	0	2	1	1	0	0	0	0	0	0	0	0	0	0	0	4.941538	4.282964	4.270133	4.272984	1.699561	9.250000	12.000000	99.119583	98.821190	98.858490	0	0	1	1	148	1150964
307	0	1	1	1	0	0	0	0	0	0	0	0	0	0	0	4.943151	4.282964	4.270133	4.270133	1.699561	9.250000	12.000000	99.045746	98.784737	98.747452	0	0	1	1	148	1150964
309	1	0	1	2	0	0	0	0	0	0	0	0	0	0	0	4.943151	4.282964	4.270133	4.270133	1.699561	9.250000	12.000000	99.045746	98.672874	98.672874	0	0	1	1	148	1164570
310	0	0	1	0	0	0	0	0	0	0	0	0	0	0	0	4.941538	4.280113	4.268707	4.270133	1.701172	9.250000	12.000000	99.082275	98.858490	98.858490	0	0	1	1	148	1151010
311	2	0	1	0	0	0	0	0	0	0	0	0	0	0	0	4.941538	4.282964	4.270133	4.268707	1.701978	9.250000	12.000000	99.119583	98.821190	98.783882	0	0	1	1	148	1150964
312	1	0	3	0	0	0	0	0	0	0	0	0	0	0	0	4.939927	4.285816	4.274410	4.275836	1.701978	9.250000	12.000000	99.268059	98.932274	98.969566	0	0	1	1	148	1164561
313	0	1	0	0	0	0	0	0	0	0	0	0	0	0	0	4.943151	4.282964	4.270133	4.271558	1.702784	9.250000	12.000000	99.120316	98.337303	98.523727	0	0	1	1	148	1152156
315	0	3	1	3	0	0	0	0	1	0	0	0	0	0	0	4.943151	4.280113	4.270133	4.271558	1.704396	9.250000	12.000000	99.045746	98.822021	98.822021	0	0	1	1	148	1150964
316	1	1	0	1	0	0	0	0	0	0	0	0	0	0	0	4.941538	4.280113	4.268707	4.270133	1.703590	9.250000	12.000000	99.119583	98.858490	98.858490	0	0	1	1	148	1150978
317	0	1	1	0	0	0	0	1	0	0	0	0	0	0	0	4.943151	4.268707	4.274410	4.271558	1.703590	9.250000	12.000000	99.045746	98.784737	98.859314	0	0	1	1	148	1178572
318	0	0	0	0	0	0	0	0	0	0	0	0	0	0	0	4.941538	4.281538	4.270133	4.271558	1.705202	9.250000	12.000000	99.044983	98.783882	98.858490	0	0	1	1	148	1151021
319	2	0	0	1	0	0	0	0	0	0	0	0	0	0	0	4.939927	4.281538	4.270133	4.270133	1.705202	9.250000	12.000000	99.118820	98.820328	98.894958	0	0	1	1	148	1150977
321	0	0	2	0	0	0	0	0	0	0	0	0	0	0	0	4.941538	4.280113	4.270133	4.270133	1.706007	9.250000	12.000000	99.082275	98.858490	98.858490	0	0	1	1	148	1164583
322	2	1	0	0	0	0	0	0	0	0	0	0	0	0	0	4.941538	4.282964	4.270133	4.274410	1.706813	9.250000	12.000000	99.119583	98.783882	98.821190	0	0	1	1	148	1151024
323	0	0	0	1	0	0	0	0	0	0	0	0	0	0	0	4.943151	4.282964	4.271558	4.271558	1.706813	9.250000	12.000000	99.008469	98.747452	98.822021	0	0	1	1	148	1150977
324	1	2	0	2	1	0	1	0	1	0	0	1	0	0	0	4.939927	4.282964	4.272984	4.275836	1.706007	9.250000	12.000000	99.193443	98.894958	98.969566	0	0	1	1	148	1150978
325	1	0	0	0	0	0	0	0	0	0	0	0	0	0	0	4.943151	4.284390	4.270133	4.271558	1.707619	9.250000	12.500000	99.083031	98.747452	98.822021	0	0	1	1	148	1165832
327	0	1	1	0	0	0	0	0	0	0	0	0	0	0	0	4.943151	4.281538	4.270133	4.271558	1.708425	9.250000	12.500000	99.120316	98.822021	98.822021	0	0	1	1	148	1151019
328	2	1	2	1	0	0	0	0	0	0	0	0	0	0	0	4.941538	4.284390	4.268707	4.271558	1.707619	9.250000	12.500000	99.194176	98.821190	98.858490	0	0	1	1	148	1150965
329	1	0	0	0	0	0	0	0	0	0	0	0	0	0	0	4.941538	4.285816	4.272984	4.271558	1.709231	9.250000	12.500000	99.119583	98.783882	98.858490	0	0	1	1	148	1186860
330	0	2	1	1	0	0	0	0	0	0	0	0	0	0	0	4.941538	4.284390	4.268707	4.271558	1.710037	9.500000	12.500000	99.156868	98.858490	98.858490	0	0	1	1	148	1151010
331	0	3	1	1	0	0	0	0	0	0	0	0	0	0	0	4.941538	4.282964	4.268707	4.271558	1.710037	9.500000	12.500000	99.156868	98.858490	98.522797	0	0	1	1	148	1150967
333	1	0	0	0	0	0	0	0	0	0	0	0	0	0	0	4.941538	4.282964	4.270133	4.272984	1.711648	9.500000	12.500000	99.119583	98.821190	98.858490	0	0	1	1	148	1150964
334	0	2	1	0	0	0	0	0	0	0	0	0	0	0	0	4.943151	4.282964	4.270133	4.272984	1.711648	9.500000	12.500000	99.083031	98.784737	98.822021	0	0	1	1	148	1164550
335	0	0	1	0	0	0	0	0	0	0	0	0	0	0	0	4.943151	4.282964	4.253024	4.260152	1.710843	9.500000	12.500000	99.008469	98.784737	98.822021	0	0	1	1	148	1151013
336	1	0	0	0	0	0	0	0	0	0	0	0	0	0	0	4.939927	4.285816	4.272984	4.275836	1.712454	9.500000	12.500000	99.268059	98.932274	98.932274	0	0	1	1	148	1150964
337	2	1	0	0	0	0	0	0	0	0	0	0	0	0	0	4.941538	4.282964	4.268707	4.272984	1.712454	9.500000	12.500000	99.119583	98.821190	98.933075	0	0	1	1	148	1165798
339	1	0	0	0	0	0	0	0	0	0	0	0	0	0	0	4.941538	4.282964	4.270133	4.271558	1.713260	9.500000	12.500000	99.119583	98.821190	98.858490	0	0	1	1	148	1151010
340	0	1	1	2	0	0	0	1	0	0	0	0	0	0	0	4.943151	4.282964	4.265855	4.261578	1.713260	9.500000	12.500000	99.008469	98.784737	98.822021	0	0	1	1	148	1150981
341	2	1	2	1	0	0	0	1	0	0	0	0	0	0	0	4.939927	4.284390	4.271558	4.271558	1.713260	9.500000	12.500000	99.156143	98.820328	98.857651	0	0	1	1	148	1150979
342	1	0	1	0	0	0	0	0	0	0	0	0	0	0	0	4.943151	4.285816	4.271558	4.274410	1.714872	9.500000	12.500000	99.120316	98.747452	98.822021	0	0	1	1	148	1164575
343	0	0	0	2	0	0	0	0	0	0	0	0	0	0	0	4.943151	4.282964	4.270133	4.271558	1.715678	9.500000	12.500000	99.120316	98.784737	98.822021	0	0	1	1	148	1151020
345	0	0	2	2	0	0	0	0	0	0	0	0	0	0	0	4.941538	4.282964	4.268707	4.272984	1.715678	9.500000	12.500000	99.119583	98.895782	98.895782	0	0	1	1	148	1150981
346	0	1	2	0	0	0	0	0	0	0	0	0	0	0	0	4.941538	4.284390	4.268707	4.271558	1.715678	9.500000	12.500000	99.156868	98.858490	98.933075	0	0	1	1	148	1164590
347	0	2	1	0	0	0	0	0	0	0	0	0	0	0	0	4.938315	4.281538	4.272984	4.274410	1.715678	9.500000	12.500000	99.230042	98.931450	98.968781	0	0	1	1	148	1151020
348	1	1	0	2	0	0	0	0	0	0	0	0	0	0	0	4.938315	4.294370	4.270133	4.272984	1.716484	9.500000	12.500000	99.267357	98.968781	99.043419	0	0	1	1	148	1150982
349	1	1	0	2	0	0	0	0	0	0	0	0	0	0	0	4.944762	4.284390	4.270133	4.271558	1.718095	9.500000	12.500000	99.046524	98.785599	98.785599	0	0	1	1	148	1152231
351	0	0	0	1	0	0	0	0	0	0	0	0	0	0	0	4.941538	4.284390	4.271558	4.272984	1.718095	9.500000	12.500000	99.119583	98.783882	98.821190	0	0	1	1	148	1164597
352	0	0	1	1	0	0	0	0	0	1	0	0	0	0	0	4.938315	4.282964	4.270133	4.271558	1.717289	9.500000	12.500000	99.304680	98.968781	98.931450	0	0	1	1	148	1151010
353	1	2	0	1	1	0	0	0	0	0	0	0	0	0	0	4.943151	4.288667	4.271558	4.271558	1.718095	9.500000	12.500000	99.120316	98.822021	98.523727	0	0	1	1	148	1150967
354	1	0	0	1	0	0	0	0	0	0	0	0	0	0	0	4.941538	4.282964	4.268707	4.270133	1.718901	9.500000	12.500000	99.119583	98.783882	98.821190	0	0	1	1	148	1164569
355	1	2	1	1	0	0	0	0	0	0	0	0	0	0	0	4.941538	4.284390	4.270133	4.268707	1.720513	9.500000	12.500000	99.119583	98.783882	98.783882	0	0	1	1	148	1151010
357	1	0	1	1	0	0	0	0	0	0	0	0	0	0	0	4.941538	4.284390	4.253024	4.258727	1.719707	9.500000	12.500000	99.007675	98.821190	98.821190	0	0	1	1	148	1150967
358	1	2	0	1	0	0	0	0	0	0	0	0	0	0	0	4.943151	4.282964	4.270133	4.268707	1.719707	9.500000	12.500000	99.083031	98.784737	98.784737	0	0	1	1	148	1164580
359	2	0	1	0	0	1	0	0	0	0	0	0	0	0	0	4.941538	4.284390	4.270133	4.268707	1.721319	9.500000	12.500000	99.119583	98.746590	98.783882	0	0	1	1	148	1151010
360	0	1	1	1	0	0	0	0	0	0	0	0	0	0	0	4.941538	4.285816	4.274410	4.275836	1.720513	9.500000	12.500000	99.156868	98.895782	98.933075	0	0	1	1	148	1150964
361	2	3	1	0	1	0	0	0	0	0	0	0	0	0	0	4.943151	4.282964	4.254449	4.258727	1.720513	9.500000	12.500000	99.008469	98.747452	98.822021	0	0	1	1	148	1152217
363	3	0	0	0	0	0	0	0	0	0	0	0	0	0	0	4.941538	4.284390	4.270133	4.271558	1.722125	9.750000	12.500000	99.082275	98.821190	98.746590	0	0	1	1	148	1164579
364	0	0	0	0	0	0	0	0	0	0	0	0	0	0	0	4.944762	4.282964	4.268707	4.268707	1.722125	9.500000	12.500000	99.083794	98.748329	98.711044	0	0	1	1	148	1151020
365	0	2	1	2	0	0	0	0	0	0	0	0	0	0	0	4.943151	4.280113	4.270133	4.271558	1.723736	9.750000	12.500000	99.120316	98.784737	98.784737	0	0	1	1	148	1150978
366	2	0	0	1	0	0	0	0	0	0	0	0	0	0	0	4.941538	4.284390	4.270133	4.272984	1.724542	9.750000	12.500000	98.858490	98.858490	98.746590	0	0	1	1	148	1164580
367	0	2	1	1	0	0	0	0	0	0	0	0	0	0	0	4.939927	4.282964	4.270133	4.268707	1.724542	9.750000	12.500000	99.193443	98.820328	98.857651	0	0	1	1	148	1151020
369	1	2	1	0	0	0	0	1	0	0	0	0	0	0	0	4.941538	4.282964	4.268707	4.270133	1.723736	9.750000	12.500000	99.156868	98.783882	98.895782	0	0	1	1	148	1150978
370	1	0	0	0	0	0	0	0	0	0	0	0	0	0	0	4.943151	4.285816	4.268707	4.270133	1.726154	9.750000	13.000000	99.120316	98.747452	98.561020	0	0	1	1	148	1150982
371	0	1	1	1	0	0	0	0	0	0	0	0	0	0	0	4.943151	4.282964	4.270133	4.272984	1.725348	9.750000	13.000000	99.120316	98.784737	98.822021	0	0	1	1	148	1164574
372	1	1	1	1	0	0	0	0	0	0	0	0	0	0	0	4.941538	4.287241	4.274410	4.274410	1.725348	9.750000	13.000000	99.194176	98.858490	98.933075	0	0	1	1	148	1151020
373	1	0	1	0	0	0	0	0	0	0	0	0	0	0	0	4.941538	4.284390	4.268707	4.271558	1.726154	9.750000	13.000000	99.231468	98.783882	98.858490	0	0	1	1	148	1152228
375	0	1	0	0	0	0	0	0	0	0	0	0	0	0	0	4.941538	4.282964	4.270133	4.272984	1.726960	9.750000	13.000000	99.119583	98.821190	98.858490	0	0	1	1	148	1164604
376	0	1	1	1	0	0	0	0	0	0	0	0	0	0	0	4.943151	4.282964	4.268707	4.271558	1.727766	9.750000	13.000000	99.083031	98.784737	98.822021	0	0	1	1	148	1151013
377	0	0	1	1	0	0	0	0	0	0	0	0	0	0	0	4.941538	4.284390	4.270133	4.271558	1.727766	9.750000	13.000000	99.156868	98.821190	98.858490	0	0	1	1	148	1150964
378	3	2	0	1	0	0	0	0	0	0	0	0	0	0	0	4.943151	4.280113	4.268707	4.271558	1.727766	9.750000	13.000000	99.083031	98.784737	98.822021	0	0	1	1	148	1150964
379	1	3	0	0	0	0	0	0	0	0	0	0	0	0	0	4.941538	4.284390	4.270133	4.272984	1.729377	9.750000	13.000000	98.821190	99.082275	98.821190	0	0	1	1	148	1164557
381	0	0	1	1	0	0	0	0	0	0	0	0	0	0	0	4.943151	4.284390	4.270133	4.272984	1.729377	9.750000	13.000000	99.083031	98.747452	98.822021	0	0	1	1	148	1151010
382	1	0	0	1	0	0	0	0	0	0	0	0	0	0	0	4.941538	4.284390	4.270133	4.272984	1.728572	9.750000	13.000000	99.119583	98.783882	98.821190	0	0	1	1	148	1150964
383	0	0	0	2	0	0	0	0	0	0	0	0	0	0	0	4.943151	4.291519	4.265855	4.268707	1.729377	9.750000	13.000000	99.120316	98.747452	98.822021	0	0	1	1	148	1164561
384	1	1	0	0	0	0	0	0	0	0	0	0	0	0	0	4.939927	4.284390	4.274410	4.277261	1.730183	9.750000	13.000000	98.932274	99.305382	98.894958	0	0	1	1	148	1151011
385	2	1	1	3	0	0	0	0	0	0	0	0	0	0	0	4.943151	4.284390	4.270133	4.272984	1.730989	9.750000	13.000000	99.083031	98.784737	98.784737	0	0	1	1	148	1152214
387	1	1	0	1	0	0	0	0	1	0	0	0	0	0	0	4.939927	4.282964	4.268707	4.272984	1.730183	9.750000	13.000000	99.156143	98.894958	98.932274	0	0	1	1	148	1150965
388	0	1	2	0	0	0	0	0	0	0	0	0	0	0	0	4.943151	4.275836	4.271558	4.268707	1.730183	9.750000	13.000000	99.083031	98.784737	98.822021	0	0	1	1	148	1164578
389	1	1	0	0	0	0	0	0	0	0	0	0	0	0	0	4.941538	4.282964	4.270133	4.271558	1.731795	9.750000	13.000000	99.119583	98.783882	98.671989	0	0	1	1	148	1151023
390	1	1	1	1	0	0	0	0	0	0	0	0	0	0	0	4.939927	4.284390	4.270133	4.272984	1.730183	9.750000	13.000000	99.305382	98.969566	98.932274	0	0	1	1	148	1150978
391	1	1	1	2	0	0	0	0	1	0	0	0	0	0	0	4.939927	4.280113	4.270133	4.272984	1.730989	9.750000	13.000000	99.081512	98.820328	98.894958	0	0	1	1	148	1164597
393	1	1	1	0	0	0	0	0	0	0	0	0	0	0	0	4.941538	4.281538	4.270133	4.270133	1.732601	9.750000	13.000000	99.044983	98.821190	98.858490	0	0	1	1	148	1151023
394	1	1	0	2	0	0	0	0	0	0	0	0	0	0	0	4.941538	4.284390	4.268707	4.270133	1.733407	9.750000	13.000000	99.119583	98.821190	98.895782	0	0	1	1	148	1150978
395	1	0	1	1	0	0	0	0	0	0	0	0	0	0	0	4.944762	4.280113	4.267281	4.270133	1.733407	9.750000	13.000000	99.046524	98.748329	98.785599	0	0	1	1	148	1150978
396	3	0	0	1	0	0	1	0	0	0	0	0	0	0	0	4.939927	4.285816	4.272984	4.274410	1.733407	9.750000	13.000000	99.230751	98.932274	98.969566	0	0	1	1	148	1164573
397	0	0	2	0	0	0	0	0	0	0	0	0	0	0	0	4.941538	4.282964	4.270133	4.271558	1.734213	9.750000	13.000000	99.119583	98.821190	98.821190	0	0	1	1	148	1152169
399	3	1	1	0	0	0	0	0	0	0	0	0	0	0	0	4.941538	4.282964	4.268707	4.270133	1.734213	9.750000	13.000000	99.156868	98.821190	98.858490	0	0	1	1	148	1150974
400	0	1	1	1	0	0	0	0	1	0	0	0	0	0	0	4.941538	4.284390	4.268707	4.271558	1.735018	10.000000	13.000000	99.156868	98.821190	98.858490	0	0	1	1	148	1164488
401	1	1	1	1	0	0	0	0	0	0	0	0	0	0	0	4.943151	4.284390	4.268707	4.270133	1.735018	10.000000	13.000000	99.120316	98.822021	98.486443	0	0	1	1	149	1151019
402	1	3	0	0	0	0	0	0	0	0	0	0	0	0	0	4.941538	4.284390	4.270133	4.272984	1.735824	10.000000	13.000000	99.119583	98.783882	98.858490	0	0	1	1	149	1150966
403	1	1	1	1	0	0	0	0	0	0	0	0	0	0	0	4.943151	4.284390	4.271558	4.271558	1.735824	10.000000	13.000000	99.083031	98.784737	98.822021	0	0	1	1	149	1164713
405	0	0	1	0	0	0	0	0	0	0	0	0	0	0	0	4.941538	4.282964	4.268707	4.271558	1.736630	10.000000	13.000000	99.082275	98.783882	98.858490	0	0	1	1	149	1151016
406	1	1	0	2	0	0	0	0	1	0	0	0	0	0	0	4.941538	4.284390	4.271558	4.274410	1.736630	10.000000	13.000000	99.119583	98.821190	98.858490	0	0	1	1	149	1150968
407	0	1	1	2	0	0	0	1	0	0	0	0	0	0	0	4.941538	4.284390	4.268707	4.271558	1.738242	10.000000	13.000000	99.156868	98.895782	98.858490	0	0	1	1	149	1150965
408	0	0	0	2	0	0	0	0	0	0	0	0	0	0	0	4.939927	4.287241	4.272984	4.272984	1.737436	10.000000	13.000000	99.230751	98.894958	98.894958	0	0	1	1	149	1164571
409	0	1	1	1	0	0	0	0	1	0	0	0	0	0	0	4.941538	4.284390	4.270133	4.271558	1.738242	10.000000	13.000000	99.119583	98.783882	98.858490	0	0	1	1	149	1152266
411	0	0	0	0	0	0	0	0	0	0	0	0	0	0	0	4.941538	4.285816	4.270133	4.272984	1.739048	10.000000	13.000000	99.119583	98.783882	98.821190	0	0	1	1	149	1150968
412	0	1	1	2	0	0	0	0	1	0	0	0	0	0	0	4.943151	4.284390	4.270133	4.274410	1.739048	10.000000	13.000000	99.120316	98.784737	98.822021	0	0	1	1	149	1164581
413	0	2	0	1	0	0	0	0	1	0	0	0	0	0	0	4.941538	4.284390	4.270133	4.272984	1.739048	10.000000	13.000000	99.119583	98.783882	98.858490	0	0	1	1	149	1151026
414	0	1	0	1	0	0	0	0	0	0	0	0	0	0	0	4.941538	4.282964	4.268707	4.268707	1.739048	10.000000	13.000000	99.082275	98.709282	98.783882	0	0	1	1	149	1150977
415	0	1	1	1	0	0	0	0	0	0	0	0	0	0	0	4.941538	4.285816	4.270133	4.272984	1.739854	10.000000	13.000000	99.082275	98.821190	98.821190	0	0	1	1	149	1150975
417	0	1	2	2	0	0	0	1	0	0	0	0	0	0	0	4.939927	4.285816	4.270133	4.272984	1.739048	10.000000	13.000000	99.193443	98.969566	98.969566	0	0	1	1	149	1164598
418	0	1	1	1	0	0	0	0	0	0	0	0	0	0	0	4.941538	4.284390	4.270133	4.270133	1.740659	10.000000	13.000000	99.119583	98.858490	98.858490	0	0	1	1	149	1151025
419	1	3	1	1	0	0	0	0	1	0	0	0	0	0	0	4.943151	4.284390	4.270133	4.272984	1.741465	10.000000	13.000000	99.120316	98.784737	98.784737	0	0	1	1	149	1150978
420	1	0	2	0	0	0	0	0	0	0	0	0	0	0	0	4.939927	4.334291	4.258727	4.260152	1.740659	10.000000	13.500000	98.894958	98.969566	98.447212	0	0	1	1	149	1164630
421	0	2	3	1	0	0	0	0	0	0	0	0	0	0	0	4.939927	4.285816	4.270133	4.271558	1.740659	10.000000	13.000000	99.268059	98.894958	98.857651	0	0	1	1	149	1152171
423	1	2	1	1	0	0	0	0	0	0	0	0	0	0	0	4.943151	4.284390	4.271558	4.270133	1.742271	10.000000	13.500000	99.120316	98.822021	98.747452	0	0	1	1	149	1150970
424	0	0	1	0	0	0	0	0	0	0	0	0	0	0	0	4.943151	4.284390	4.270133	4.271558	1.743077	10.000000	13.500000	99.194893	98.822021	98.784737	0	0	1	1	149	1150968
425	0	2	0	1	0	0	0	0	0	0	0	0	0	0	0	4.941538	4.282964	4.268707	4.270133	1.743077	10.000000	13.500000	99.119583	98.821190	98.783882	0	0	1	1	149	1164563
426	1	0	0	1	0	0	0	0	0	0	0	0	0	0	0	4.941538	4.284390	4.268707	4.268707	1.743077	10.000000	13.500000	99.082275	98.821190	98.821190	0	0	1	1	149	1151016
427	0	0	2	0	0	0	0	0	0	0	0	0	0	0	0	4.943151	4.331440	4.255875	4.260152	1.742271	10.000000	13.500000	98.710175	98.449150	98.672874	0	0	1	1	149	1150968
429	2	1	0	3	0	0	1	0	0	0	0	0	0	0	0	4.943151	4.282964	4.268707	4.268707	1.743883	10.000000	13.500000	99.120316	98.747452	98.747452	0	0	1	1	149	1164560
430	2	3	0	1	1	0	0	0	0	0	0	0	0	0	0	4.941538	4.282964	4.270133	4.268707	1.743883	10.000000	13.500000	99.194176	98.783882	98.821190	0	0	1	1	149	1151016
431	3	0	0	1	0	0	0	0	0	0	0	0	0	0	0	4.938315	4.285816	4.265855	4.267281	1.744689	10.250000	13.500000	99.192719	98.856796	98.856796	0	0	1	1	149	1150968
432	0	1	3	2	0	0	0	0	0	0	0	0	0	0	0	4.947986	4.278687	4.270133	4.258727	1.743883	10.000000	13.500000	98.861832	98.414810	98.414810	0	0	1	1	149	1150962
433	0	0	0	1	0	0	0	0	0	0	0	0	0	0	0	4.943151	4.282964	4.270133	4.271558	1.745495	10.250000	13.500000	99.194893	98.747452	98.822021	0	0	1	1	149	1165818
435	0	0	2	1	0	0	0	0	0	0	0	0	0	0	0	4.941538	4.284390	4.270133	4.270133	1.745495	10.250000	13.500000	99.119583	98.783882	98.746590	0	0	1	1	149	1151016
436	0	0	0	2	0	0	0	0	0	0	0	0	0	0	0	4.943151	4.290093	4.268707	4.268707	1.746300	10.250000	13.500000	99.045746	98.784737	98.710175	0	0	1	1	149	1150978
437	1	2	0	2	0	0	0	0	1	0	0	0	0	0	0	4.943151	4.282964	4.270133	4.268707	1.745495	10.250000	13.500000	99.045746	98.822021	98.374580	0	0	1	1	149	1164574
438	0	0	4	0	0	0	0	0	0	0	0	0	0	0	0	4.941538	4.281538	4.268707	4.271558	1.746300	10.250000	13.500000	99.119583	98.821190	98.858490	0	0	1	1	149	1151025
439	1	0	1	0	0	0	0	0	0	0	0	0	0	0	0	4.941538	4.282964	4.268707	4.271558	1.747912	10.250000	13.500000	99.119583	98.821190	98.858490	0	0	1	1	149	1150975
441	2	0	0	1	0	0	0	0	0	0	0	0	0	0	0	4.941538	4.284390	4.258727	4.280113	1.747106	10.250000	13.500000	99.044983	98.821190	98.821190	0	0	1	1	149	1164576
442	1	1	2	2	0	0	0	0	0	0	0	0	0	0	0	4.941538	4.282964	4.268707	4.270133	1.747912	10.250000	13.500000	99.119583	98.821190	98.821190	0	0	1	1	149	1151025
443	1	1	1	0	0	0	0	0	0	0	0	0	0	0	0	4.941538	4.282964	4.270133	4.271558	1.748718	10.250000	13.500000	99.156868	98.821190	98.895782	0	0	1	1	149	1150975
444	0	0	0	0	0	0	0	0	0	0	0	0	0	0	0	4.939927	4.285816	4.272984	4.274410	1.747912	10.250000	13.500000	99.268059	98.894958	99.044197	0	0	1	1	149	1150978
445	0	0	1	1	0	0	0	0	0	0	0	0	0	0	0	4.941538	4.284390	4.260152	4.280113	1.748718	10.250000	13.500000	99.082275	98.858490	98.858490	0	0	1	1	149	1165831
447	0	1	1	1	0	0	0	0	0	0	0	0	0	0	0	4.943151	4.284390	4.270133	4.271558	1.749524	10.250000	13.500000	99.083031	98.784737	98.822021	0	0	1	1	149	1151021
448	1	0	2	1	0	0	0	0	0	0	0	0	0	0	0	4.939927	4.284390	4.271558	4.271558	1.749524	10.250000	13.500000	99.156143	98.894958	98.932274	0	0	1	1	149	1150965
449	1	1	2	0	0	0	0	0	0	0	0	0	0	0	0	4.941538	4.284390	4.272984	4.274410	1.750330	10.250000	13.500000	99.156868	98.933075	98.895782	0	0	1	1	149	1164568
450	3	2	1	3	0	0	0	0	0	0	0	0	0	0	0	4.943151	4.282964	4.270133	4.275836	1.750330	10.250000	13.500000	99.045746	98.747452	98.822021	0	0	1	1	149	1151020
451	0	1	0	2	0	0	0	0	0	0	0	0	0	0	0	4.943151	4.284390	4.271558	4.271558	1.751136	10.250000	13.500000	99.083031	98.822021	98.822021	0	0	1	1	149	1151069
453	0	1	3	1	0	0	0	0	1	0	0	0	0	0	0	4.941538	4.282964	4.271558	4.271558	1.751136	10.250000	13.500000	99.119583	98.895782	98.858490	0	0	1	1	149	1150965
454	1	1	0	1	1	0	0	0	0	0	0	0	0	0	0	4.941538	4.322886	4.260152	4.261578	1.749524	10.250000	13.500000	100.201263	98.448196	98.634682	0	0	1	1	149	1164567
455	0	2	1	1	0	0	0	0	0	0	0	0	0	0	0	4.939927	4.285816	4.274410	4.272984	1.751941	10.250000	13.500000	99.193443	98.932274	98.932274	0	0	1	1	150	1151022
456	1	0	3	2	0	0	0	0	0	0	0	0	0	0	0	4.941538	4.282964	4.275836	4.274410	1.751136	10.250000	13.500000	99.119583	98.933075	98.895782	0	0	1	1	149	1150960
457	0	2	1	0	0	0	0	0	0	0	0	0	0	0	0	4.943151	4.284390	4.272984	4.271558	1.752747	10.250000	13.500000	99.083031	98.822021	98.784737	0	0	1	1	149	1165815
459	0	0	0	0	0	0	0	0	0	0	0	0	0	0	0	4.939927	4.268707	4.244469	4.258727	1.751136	10.250000	13.500000	96.581650	98.409904	98.559158	0	0	1	1	149	1151020
460	0	0	0	3	0	0	0	0	0	0	0	0	0	0	0	4.939927	4.287241	4.274410	4.272984	1.752747	10.250000	13.500000	99.230751	98.969566	98.969566	0	0	1	1	149	1150974
461	2	1	2	2	0	0	0	0	0	0	0	0	0	0	0	4.941538	4.284390	4.272984	4.272984	1.753553	10.250000	13.500000	99.156868	98.858490	98.858490	0	0	1	1	149	1150974
462	2	0	1	2	0	0	0	0	0	0	0	0	0	0	0	4.941538	4.282964	4.274410	4.271558	1.753553	10.250000	13.500000	99.082275	98.858490	98.783882	0	0	1	1	149	1164587
463	3	0	0	0	0	0	0	0	0	0	0	0	0	0	0	4.941538	4.281538	4.268707	4.270133	1.752747	10.250000	13.500000	99.156868	98.821190	98.858490	0	0	1	1	149	1151026
465	0	0	0	0	0	0	0	0	0	0	0	0	0	0	0	4.941538	4.282964	4.271558	4.272984	1.753553	10.250000	13.500000	99.156868	98.858490	98.858490	0	0	1	1	149	1150975
466	1	1	1	1	0	0	0	0	0	0	0	0	0	0	0	4.941538	4.284390	4.272984	4.272984	1.753553	10.250000	13.500000	99.119583	98.783882	98.821190	0	0	1	1	149	1164564
467	0	0	3	2	0	0	0	0	0	0	0	0	0	0	0	4.943151	4.282964	4.268707	4.270133	1.755165	10.250000	13.500000	99.083031	98.523727	98.859314	0	0	1	1	149	1151027
468	1	0	0	1	0	0	0	0	0	0	0	0	0	0	0	4.941538	4.287241	4.272984	4.274410	1.754359	10.250000	13.500000	99.231468	98.933075	98.933075	0	0	1	1	149	1150975
469	1	1	0	1	0	0	0	0	0	0	0	0	0	0	0	4.941538	4.281538	4.270133	4.271558	1.755165	10.250000	13.500000	99.044983	98.821190	98.858490	0	0	1	1	149	1165809
471	2	2	0	0	0	0	0	0	0	0	0	0	0	0	0	4.939927	4.284390	4.270133	4.272984	1.755971	10.250000	13.500000	99.156143	98.820328	98.894958	0	0	1	1	149	1151020
472	1	2	0	0	0	0	0	0	0	0	0	0	0	0	0	4.941538	4.280113	4.271558	4.271558	1.755971	10.250000	13.500000	98.709282	98.597389	98.746590	0	0	1	1	149	1150968
473	0	0	1	0	0	0	0	0	0	0	0	0	0	0	0	4.941538	4.285816	4.271558	4.272984	1.757583	10.500000	13.500000	99.082275	98.783882	98.821190	0	0	1	1	149	1150965
474	2	2	3	2	0	1	0	0	1	0	0	0	0	0	0	4.941538	4.281538	4.268707	4.270133	1.756777	10.500000	13.500000	99.082275	98.783882	98.895782	0	0	1	1	149	1164574
475	0	1	1	0	0	0	0	0	0	0	0	0	0	0	0	4.943151	4.272984	4.271558	4.268707	1.756777	10.250000	13.500000	99.120316	98.747452	98.784737	0	0	1	1	149	1151020
477	2	3	0	0	0	0	0	0	0	0	0	0	0	0	0	4.943151	4.281538	4.270133	4.271558	1.757583	10.500000	13.500000	99.120316	98.747452	98.896599	0	0	1	1	149	1151072
478	1	0	4	1	0	1	0	0	0	1	0	0	0	0	0	4.941538	4.282964	4.270133	4.271558	1.758388	10.500000	13.500000	99.119583	98.821190	98.821190	0	0	1	1	149	1164563
479	0	0	0	2	0	0	0	0	0	0	0	0	0	0	0	4.941538	4.282964	4.268707	4.271558	1.758388	10.500000	13.500000	99.119583	98.858490	98.858490	0	0	1	1	149	1151016
480	0	1	1	2	0	0	0	0	1	0	0	0	0	0	0	4.939927	4.280113	4.274410	4.275836	1.758388	10.500000	13.500000	99.156143	98.894958	98.932274	0	0	1	1	149	1150969
481	2	2	0	0	0	0	0	0	0	0	0	0	0	0	0	4.941538	4.281538	4.268707	4.270133	1.760000	10.500000	13.500000	99.119583	98.783882	98.895782	0	0	1	1	149	1152218
483	1	4	1	0	0	0	0	1	0	0	0	0	0	0	0	4.943151	4.281538	4.270133	4.271558	1.759194	10.500000	14.000000	99.008469	98.747452	98.822021	0	0	1	1	149	1164562
484	1	0	3	1	0	0	0	0	0	0	0	0	0	0	0	4.941538	4.280113	4.270133	4.271558	1.760000	10.500000	14.000000	99.119583	98.858490	98.858490	0	0	1	1	149	1151025
485	0	2	1	1	0	0	0	0	0	0	0	0	0	0	0	4.941538	4.280113	4.268707	4.270133	1.760000	10.500000	14.000000	98.709282	99.007675	98.746590	0	0	1	1	149	1150977
486	1	1	1	0	0	0	0	0	0	0	0	0	0	0	0	4.939927	4.284390	4.270133	4.275836	1.760000	10.500000	14.000000	99.230751	98.894958	99.006889	0	0	1	1	149	1164675
487	0	2	0	2	0	0	0	0	0	0	0	0	0	0	0	4.941538	4.281538	4.270133	4.272984	1.760000	10.500000	14.000000	99.082275	98.821190	98.858490	0	0	1	1	149	1151026
489	0	2	1	1	0	0	0	0	1	0	0	0	0	0	0	4.941538	4.280113	4.270133	4.272984	1.760806	10.500000	14.000000	99.082275	98.783882	98.858490	0	0	1	1	149	1150975
490	0	2	0	1	0	0	0	0	1	0	0	0	0	0	0	4.941538	4.281538	4.270133	4.272984	1.761612	10.500000	14.000000	99.082275	98.783882	98.821190	0	0	1	1	149	1150977
491	2	1	1	1	0	1	0	0	0	0	0	0	0	0	0	4.943151	4.284390	4.270133	4.271558	1.760806	10.500000	14.000000	99.120316	98.747452	98.859314	0	0	1	1	149	1164575
492	0	1	5	0	0	0	0	0	0	0	0	0	0	0	0	4.939927	4.287241	4.272984	4.275836	1.760806	10.500000	14.000000	99.268059	99.006889	99.044197	0	0	1	1	149	1151026
493	3	1	1	0	0	0	0	0	0	0	0	0	0	0	0	4.941538	4.282964	4.270133	4.271558	1.761612	10.500000	14.000000	99.119583	98.858490	98.821190	0	0	1	1	149	1152225
495	1	0	1	1	0	0	1	0	0	0	0	0	0	0	0	4.941538	4.284390	4.270133	4.271558	1.760806	10.500000	14.000000	99.156868	98.671989	98.783882	0	0	1	1	149	1164563
496	1	1	3	1	0	0	0	0	0	0	0	0	0	0	0	4.941538	4.282964	4.270133	4.271558	1.763224	10.500000	14.000000	99.119583	98.821190	98.858490	0	0	1	1	149	1151016
497	2	0	1	0	0	0	0	0	0	0	0	0	0	0	0	4.936703	4.285816	4.271558	4.272984	1.761612	10.500000	14.000000	99.266655	99.005310	99.079971	0	0	1	1	149	1150966
498	1	1	1	0	0	1	0	0	0	0	0	0	0	0	0	4.943151	4.284390	4.270133	4.271558	1.763224	10.500000	14.000000	99.083031	98.747452	98.822021	0	0	1	1	149	1164595
499	0	1	4	1	0	0	0	0	1	0	0	0	0	0	0	4.941538	4.284390	4.268707	4.271558	1.763224	10.500000	14.000000	99.119583	98.858490	98.560097	0	0	1	1	149	1151018
501	0	0	2	0	0	0	0	0	0	0	0	0	0	0	0	4.943151	4.282964	4.268707	4.268707	1.764029	10.500000	14.000000	99.083031	98.822021	98.710175	0	0	1	1	149	1150965
502	0	2	0	0	0	0	0	0	0	0	0	0	0	0	0	4.941538	4.280113	4.270133	4.268707	1.764029	10.500000	14.000000	99.119583	98.821190	98.783882	0	0	1	1	149	1150965
503	1	0	1	1	0	1	0	0	0	0	0	0	0	0	0	4.941538	4.282964	4.270133	4.268707	1.764029	10.500000	14.000000	98.746590	99.007675	98.709282	0	0	1	1	149	1164565
504	0	0	0	0	0	0	0	0	0	0	0	0	0	0	0	4.939927	4.284390	4.272984	4.274410	1.764029	10.500000	14.000000	99.268059	98.969566	99.006889	0	0	1	1	149	1151016
505	1	0	2	0	0	0	0	0	0	0	0	0	0	0	0	4.941538	4.282964	4.268707	4.270133	1.764835	10.500000	14.000000	99.156868	98.783882	98.783882	0	0	1	1	149	1152215
507	0	1	0	0	0	0	0	0	0	0	0	0	0	0	0	4.941538	4.282964	4.270133	4.268707	1.764835	10.500000	14.000000	99.156868	98.858490	98.783882	0	0	1	1	149	1164556
508	1	0	1	1	0	0	0	0	0	0	0	0	0	0	0	4.939927	4.282964	4.268707	4.257301	1.764029	10.500000	14.000000	99.193443	98.783020	98.857651	0	0	1	1	149	1151029
509	0	0	1	0	0	0	0	0	0	0	0	0	0	0	0	4.943151	4.284390	4.271558	4.272984	1.765641	10.500000	14.000000	99.083031	98.784737	98.822021	0	0	1	1	149	1150975
510	0	0	1	1	0	0	0	0	0	0	0	0	0	0	0	4.941538	4.282964	4.270133	4.270133	1.765641	10.500000	14.000000	99.082275	98.783882	98.783882	0	0	1	1	149	1150975
511	1	0	1	0	0	0	0	0	0	0	0	0	0	0	0	4.943151	4.281538	4.271558	4.267281	1.765641	10.500000	14.000000	99.083031	98.747452	98.710175	0	0	1	1	149	1164564
513	0	0	1	0	0	0	0	0	0	0	0	0	0	0	0	4.941538	4.282964	4.270133	4.272984	1.766447	10.500000	14.000000	99.119583	98.783882	98.895782	0	0	1	1	149	1151040
514	0	2	0	0	0	0	0	0	0	0	0	0	0	0	0	4.943151	4.284390	4.268707	4.272984	1.767253	10.500000	14.000000	99.083031	98.784737	98.822021	0	0	1	1	149	1150975
515	0	0	3	0	0	0	0	0	0	0	0	0	0	0	0	4.943151	4.282964	4.271558	4.268707	1.766447	10.500000	14.000000	99.120316	98.822021	98.747452	0	0	1	1	149	1164599
516	2	2	0	1	0	0	0	0	0	0	0	0	0	0	0	4.939927	4.285816	4.275836	4.274410	1.766447	10.500000	14.000000	99.268059	98.969566	98.969566	0	0	1	1	149	1151028
517	0	1	0	2	0	0	0	0	0	0	0	0	0	0	0	4.941538	4.282964	4.270133	4.268707	1.768059	10.500000	14.000000	98.821190	98.970383	98.709282	0	0	1	1	149	1152332
519	1	0	0	1	0	0	0	0	0	0	0	0	0	0	0	4.943151	4.282964	4.271558	4.270133	1.768059	10.500000	14.000000	99.120316	98.859314	98.784737	0	0	1	1	149	1150970
520	1	0	0	1	0	0	0	0	0	0	0	0	0	0	0	4.943151	4.282964	4.272984	4.271558	1.768059	10.500000	14.000000	99.083031	98.822021	98.822021	0	0	1	1	149	1164582
521	2	1	2	1	0	0	0	0	0	0	0	0	0	0	0	4.939927	4.288667	4.270133	4.271558	1.768059	10.500000	14.000000	99.118820	98.894958	98.932274	0	0	1	1	149	1151019
522	0	0	1	0	0	0	0	0	0	0	0	0	0	0	0	4.943151	4.282964	4.271558	4.271558	1.768865	10.500000	14.000000	99.083031	98.859314	98.822021	0	0	1	1	149	1150962
523	0	0	1	0	0	0	0	0	0	0	0	0	0	0	0	4.939927	4.284390	4.274410	4.275836	1.768865	10.750000	14.000000	99.193443	98.969566	98.932274	0	0	1	1	149	1164562
525	1	2	1	0	0	0	0	0	0	0	0	0	0	0	0	4.941538	4.288667	4.274410	4.272984	1.769670	10.750000	14.000000	99.119583	98.895782	98.858490	0	0	1	1	149	1151016
526	0	0	1	1	0	0	0	0	0	0	0	0	0	0	0	4.941538	4.284390	4.270133	4.275836	1.768865	10.500000	14.000000	99.119583	98.821190	98.821190	0	0	1	1	149	1150968
527	0	3	1	3	0	0	0	0	0	0	0	0	0	0	0	4.943151	4.285816	4.272984	4.271558	1.768865	10.500000	14.000000	99.083031	98.822021	98.822021	0	0	1	1	149	1150965
528	0	0	0	1	0	0	0	0	0	0	0	0	0	0	0	4.938315	4.288667	4.277261	4.275836	1.768865	10.750000	14.000000	99.342010	99.043419	99.080734	0	0	1	1	149	1164566
529	1	1	2	0	0	0	0	0	0	0	0	0	0	0	0	4.946374	4.280113	4.267281	4.271558	1.770476	10.750000	14.000000	99.084572	98.749191	98.823723	0	0	1	1	149	1152162
531	1	0	3	0	0	0	0	0	0	0	0	0	0	0	0	4.943151	4.284390	4.274410	4.272984	1.771282	10.750000	14.000000	99.083031	98.784737	98.822021	0	0	1	1	149	1150965
532	0	0	0	0	0	0	0	0	0	0	0	0	0	0	0	4.943151	4.282964	4.272984	4.272984	1.769670	10.750000	14.000000	99.045746	98.822021	98.784737	0	0	1	1	149	1164597
533	1	4	1	0	0	0	0	0	0	0	0	0	0	0	0	4.941538	4.285816	4.270133	4.270133	1.770476	10.750000	14.000000	99.119583	98.783882	98.858490	0	0	1	1	149	1151025
534	1	0	0	0	0	0	0	0	0	0	0	0	0	0	0	4.941538	4.184587	4.264430	4.260152	1.771282	10.750000	14.000000	98.783882	98.410889	98.522797	0	0	1	1	149	1150977
535	1	1	2	2	0	0	1	0	0	0	0	0	0	0	0	4.941538	4.285816	4.270133	4.271558	1.772088	10.750000	14.000000	99.119583	98.821190	98.858490	0	0	1	1	149	1194258
537	0	1	2	1	0	0	0	0	1	0	0	0	0	0	0	4.943151	4.282964	4.270133	4.271558	1.771282	10.750000	14.000000	99.120316	98.784737	98.859314	0	0	1	1	149	1151026
538	0	0	1	0	0	0	0	0	0	0	0	0	0	0	0	4.941538	4.282964	4.268707	4.270133	1.772088	10.750000	14.000000	99.119583	98.858490	98.858490	0	0	1	1	149	1150977
539	1	0	1	1	0	0	0	0	0	0	0	0	0	0	0	4.943151	4.284390	4.271558	4.271558	1.772894	10.750000	14.000000	99.120316	98.859314	98.822021	0	0	1	1	149	1150975
540	0	1	0	1	0	0	0	0	0	0	0	0	0	0	0	4.939927	4.285816	4.272984	4.275836	1.771282	10.750000	14.000000	99.268059	98.932274	99.006889	0	0	1	1	149	1169952
541	1	1	0	1	1	0	0	0	0	0	0	0	0	0	0	4.943151	4.282964	4.270133	4.271558	1.773700	10.750000	14.000000	99.120316	98.784737	98.822021	0	0	1	1	149	1152171
543	1	1	0	0	0	0	0	0	0	0	0	0	0	0	0	4.938315	4.287241	4.265855	4.270133	1.772894	10.750000	14.000000	99.155388	98.856796	98.931450	0	0	1	1	149	1150973
544	0	1	4	0	0	0	0	0	0	0	0	0	0	0	0	4.943151	4.272984	4.270133	4.258727	1.772894	10.750000	14.000000	99.903358	98.449150	98.486443	0	0	1	1	149	1164560
545	1	1	2	1	0	0	0	0	0	0	0	0	0	0	0	4.939927	4.285816	4.271558	4.274410	1.772894	10.750000	14.000000	99.193443	98.894958	98.894958	0	0	1	1	149	1151016
546	0	2	2	1	0	0	0	0	1	0	0	0	0	0	0	4.941538	4.284390	4.271558	4.272984	1.773700	10.750000	14.000000	99.156868	98.821190	98.858490	0	0	1	1	149	1150965
547	2	0	1	0	0	0	0	0	0	0	0	0	0	0	0	4.943151	4.284390	4.270133	4.275836	1.774506	10.750000	14.000000	99.083031	98.747452	98.784737	0	0	1	1	149	1150968
549	1	0	1	3	0	0	0	0	0	0	0	0	0	0	0	4.941538	4.282964	4.270133	4.270133	1.774506	10.750000	14.000000	99.156868	98.783882	98.895782	0	0	1	1	149	1164561
550	0	1	0	0	0	0	0	0	0	0	0	0	0	0	0	4.943151	4.282964	4.272984	4.272984	1.774506	10.750000	14.000000	99.083031	98.747452	98.784737	0	0	1	1	149	1151016
551	0	1	2	0	0	0	0	0	0	0	0	0	0	0	0	4.941538	4.272984	4.258727	4.258727	1.774506	10.750000	14.000000	98.746590	98.671989	98.410889	0	0	1	1	149	1150967
552	2	0	1	2	0	0	0	0	0	0	0	0	0	0	0	4.941538	4.285816	4.272984	4.261578	1.772088	10.750000	14.000000	99.231468	98.783882	98.933075	0	0	1	1	149	1164569
553	0	0	1	1	0	0	0	0	0	0	0	0	0	0	0	4.941538	4.282964	4.268707	4.271558	1.775311	10.750000	14.000000	99.119583	98.821190	98.858490	0	0	1	1	149	1152266
555	1	1	1	0	0	0	0	0	0	0	0	0	0	0	0	4.941538	4.284390	4.270133	4.270133	1.774506	10.750000	14.000000	99.119583	98.783882	98.821190	0	0	1	1	149	1150965
556	1	4	0	1	0	0	0	0	1	0	0	0	0	0	0	4.939927	4.270133	4.263004	4.258727	1.775311	10.750000	14.000000	98.783020	98.186043	98.559158	0	0	1	1	149	1150977
557	1	0	1	1	0	0	0	0	0	0	0	0	0	0	0	4.943151	4.282964	4.270133	4.272984	1.776117	10.750000	14.000000	99.083031	98.859314	98.822021	0	0	1	1	149	1164583
558	1	3	3	0	1	0	0	1	0	0	0	0	0	0	0	4.943151	4.282964	4.270133	4.271558	1.776117	10.750000	14.000000	99.083031	98.747452	98.784737	0	0	1	1	149	1151025
559	0	0	2	0	0	0	0	0	0	0	0	0	0	0	0	4.943151	4.290093	4.265855	4.270133	1.776117	10.750000	14.500000	99.045746	98.710175	98.822021	0	0	1	1	149	1150978
561	0	2	1	0	0	0	0	1	0	0	0	0	0	0	0	4.943151	4.284390	4.268707	4.271558	1.777729	10.750000	14.000000	99.083031	98.784737	98.486443	0	0	1	1	149	1164568
562	0	0	1	1	0	0	0	0	0	0	0	0	0	0	0	4.941538	4.284390	4.271558	4.271558	1.776923	10.750000	14.500000	99.119583	98.783882	98.783882	0	0	1	1	149	1151025
563	0	3	0	0	0	0	0	0	0	0	0	0	0	0	0	4.941538	4.281538	4.270133	4.272984	1.777729	10.750000	14.000000	99.044983	98.783882	98.821190	0	0	1	1	149	1150975
564	1	1	0	0	0	0	0	0	0	0	0	0	0	0	0	4.939927	4.285816	4.272984	4.274410	1.776923	10.750000	14.500000	99.230751	98.894958	98.969566	0	0	1	1	149	1164588
565	1	0	2	1	0	0	0	0	0	0	0	0	0	0	0	4.943151	4.285816	4.270133	4.271558	1.777729	10.750000	14.500000	99.083031	98.747452	98.822021	0	0	1	1	149	1152174
567	2	0	0	0	0	0	0	0	0	0	0	0	0	0	0	4.941538	4.282964	4.270133	4.271558	1.777729	10.750000	14.500000	99.119583	98.783882	98.858490	0	0	1	1	149	1150970
568	2	1	0	1	0	0	0	0	0	0	0	0	0	0	0	4.941538	4.284390	4.268707	4.270133	1.778535	10.750000	14.500000	99.156868	98.783882	98.858490	0	0	1	1	149	1167358
569	1	3	1	4	0	0	0	0	2	0	0	0	0	0	0	4.939927	4.285816	4.268707	4.272984	1.776923	10.750000	14.500000	99.193443	98.857651	98.932274	0	0	1	1	149	1175142
570	1	0	0	0	0	0	0	0	0	0	0	0	0	0	0	4.943151	4.285816	4.270133	4.272984	1.778535	10.750000	14.500000	99.120316	98.859314	98.486443	0	0	1	1	149	1151018
571	3	0	0	2	0	0	0	0	0	0	0	0	0	0	0	4.941538	4.284390	4.270133	4.271558	1.779341	10.750000	14.500000	99.119583	98.783882	98.821190	0	0	1	1	149	1167359
573	0	1	1	0	0	0	0	0	0	0	0	0	0	0	0	4.943151	4.281538	4.257301	4.260152	1.778535	10.750000	14.500000	99.008469	98.784737	98.822021	0	0	1	1	149	1164568
574	1	0	0	1	0	0	0	0	0	0	0	0	0	0	0	4.939927	4.285816	4.270133	4.272984	1.780147	10.750000	14.500000	99.156143	98.820328	98.857651	0	0	1	1	149	1151016
575	2	1	1	0	0	0	0	0	0	0	0	0	0	0	0	4.941538	4.282964	4.268707	4.255875	1.777729	10.750000	14.500000	99.194176	98.746590	98.858490	0	0	1	1	149	1167359
576	1	1	2	1	0	0	0	0	0	0	0	0	0	0	0	4.939927	4.285816	4.272984	4.274410	1.779341	10.750000	14.500000	99.268059	98.894958	98.969566	0	0	1	1	149	1150956
577	3	1	1	2	0	1	0	0	0	0	0	0	0	0	0	4.943151	4.282964	4.270133	4.271558	1.780147	10.750000	14.500000	99.194893	98.784737	98.822021	0	0	1	1	149	1165841
579	1	2	2	2	0	0	0	1	0	0	0	0	0	0	0	4.939927	4.281538	4.270133	4.271558	1.780147	10.750000	14.500000	99.156143	98.820328	98.857651	0	0	1	1	149	1167409
580	0	1	0	0	0	0	0	0	0	0	0	0	0	0	0	4.943151	4.282964	4.270133	4.270133	1.780147	10.750000	14.500000	99.083031	98.784737	98.374580	0	0	1	1	149	1150968
581	0	0	1	0	0	0	0	0	0	0	0	0	0	0	0	4.941538	4.282964	4.268707	4.271558	1.780952	10.750000	14.500000	99.119583	98.821190	98.858490	0	0	1	1	149	1164593
582	0	0	0	0	0	0	0	0	0	0	0	0	0	0	0	4.943151	4.282964	4.270133	4.270133	1.781758	10.750000	14.500000	99.120316	98.486443	99.045746	0	0	1	1	149	1167419
583	1	0	2	0	0	0	0	0	0	0	0	0	0	0	0	4.941538	4.281538	4.270133	4.271558	1.781758	11.000000	14.500000	99.119583	98.821190	98.858490	0	0	1	1	149	1150965
585	0	0	0	0	0	0	0	0	0	0	0	0	0	0	0	4.941538	4.284390	4.270133	4.272984	1.781758	11.000000	14.500000	99.082275	98.821190	98.821190	0	0	1	1	149	1150974
586	1	2	2	1	0	0	0	0	1	0	0	0	0	0	0	4.943151	4.282964	4.268707	4.271558	1.781758	10.750000	14.500000	99.120316	98.784737	98.822021	0	0	1	1	149	1180156
587	0	2	1	1	0	0	0	0	0	0	0	0	0	0	0	4.941538	4.284390	4.270133	4.270133	1.781758	11.000000	14.500000	99.119583	98.783882	98.858490	0	0	1	1	149	1151016
588	1	1	1	1	0	0	0	0	0	0	0	0	0	0	0	4.939927	4.287241	4.272984	4.272984	1.781758	11.000000	14.500000	99.268059	98.969566	98.932274	0	0	1	1	149	1150977
589	2	1	0	1	0	0	0	0	1	0	0	0	0	0	0	4.943151	4.284390	4.270133	4.271558	1.782564	11.000000	14.500000	99.083031	98.747452	98.822021	0	0	1	1	149	1181407
591	1	1	1	0	0	0	0	0	0	0	0	0	0	0	0	4.941538	4.282964	4.270133	4.270133	1.782564	11.000000	14.500000	99.156868	98.783882	98.895782	0	0	1	1	149	1151015
592	2	1	1	1	0	0	0	0	0	0	0	0	0	0	0	4.943151	4.282964	4.271558	4.258727	1.781758	10.750000	14.500000	99.045746	98.747452	98.822021	0	0	1	1	149	1150973
593	1	0	0	2	0	0	0	0	0	0	0	0	0	0	0	4.943151	4.284390	4.270133	4.270133	1.783370	11.000000	14.500000	99.083031	98.747452	98.747452	0	0	1	1	149	1167363
594	1	1	2	1	0	0	0	0	0	0	0	0	0	0	0	4.938315	4.208825	4.263004	4.271558	1.782564	11.000000	14.500000	99.155388	98.894127	98.968781	0	0	1	1	149	1164571
595	0	1	2	0	0	0	0	0	0	0	0	0	0	0	0	4.939927	4.285816	4.271558	4.272984	1.784176	11.000000	14.500000	99.305382	98.820328	98.894958	0	0	1	1	149	1151022
597	1	1	0	2	0	0	0	0	0	0	0	0	0	0	0	4.943151	4.282964	4.267281	4.271558	1.783370	11.000000	14.500000	99.083031	98.747452	98.822021	0	0	1	1	149	1167361
598	2	0	0	2	0	0	0	0	0	0	0	0	0	0	0	4.941538	4.282964	4.257301	4.261578	1.783370	11.000000	14.500000	99.007675	98.821190	98.858490	0	0	1	1	149	1164637
599	1	0	1	0	0	0	0	0	0	0	0	0	0	0	0	4.941538	4.282964	4.270133	4.271558	1.784176	11.000000	14.500000	99.082275	98.783882	98.783882	0	0	1	1	149	1151016
600	0	1	0	0	0	0	0	0	0	0	0	0	0	0	0	4.941538	4.285816	4.272984	4.274410	1.783370	11.000000	14.500000	99.194176	98.821190	98.970383	0	0	1	1	149	1167359
602	1	1	1	0	0	0	0	0	0	0	0	0	0	0	0	4.944762	4.271558	4.280113	4.270133	1.784982	11.000000	14.500000	99.046524	98.748329	98.822884	0	0	1	1	149	1165802
603	1	0	0	0	0	0	0	0	0	0	0	0	0	0	0	4.941538	4.284390	4.270133	4.270133	1.784982	11.000000	14.500000	99.082275	98.783882	98.821190	0	0	0	1	149	1151016
604	1	4	0	1	0	0	0	0	1	0	0	0	0	0	0	4.939927	4.282964	4.258727	4.277261	1.785788	11.000000	14.500000	99.118820	98.820328	98.969566	0	0	1	1	149	1167370
605	1	1	0	0	0	0	0	0	0	0	0	0	0	0	0	4.941538	4.284390	4.270133	4.271558	1.785788	11.000000	14.500000	99.156868	98.783882	98.858490	0	0	1	1	149	1150966
606	1	1	2	1	0	0	0	0	0	0	0	0	0	0	0	4.939927	4.284390	4.270133	4.270133	1.785788	11.000000	14.500000	99.156143	98.820328	98.894958	0	0	1	1	149	1164579
608	0	2	0	0	0	0	0	0	0	0	0	0	0	0	0	4.941538	4.284390	4.272984	4.272984	1.787399	11.000000	14.500000	99.119583	98.783882	98.821190	0	0	1	1	149	1167419
609	2	0	0	0	0	0	0	0	0	0	0	0	0	0	0	4.941538	4.282964	4.271558	4.268707	1.785788	11.000000	14.500000	99.119583	98.858490	98.783882	0	0	1	1	149	1150965
610	1	2	3	0	0	0	0	1	0	0	0	0	0	0	0	4.941538	4.284390	4.271558	4.271558	1.786593	11.000000	14.500000	99.194176	98.858490	98.858490	0	0	1	1	149	1164575
611	0	1	0	1	0	0	0	0	0	0	0	0	0	0	0	4.941538	4.284390	4.270133	4.270133	1.786593	11.000000	14.500000	99.156868	98.783882	98.895782	0	0	1	1	149	1167419
612	1	0	1	1	0	0	0	0	0	0	0	0	0	0	0	4.936703	4.287241	4.275836	4.277261	1.785788	11.000000	14.500000	99.378662	99.042641	99.154648	0	0	1	1	149	1150965
614	0	1	1	2	0	0	0	0	1	0	0	0	0	0	0	4.939927	4.287241	4.268707	4.272984	1.786593	11.000000	14.500000	99.156143	98.894958	98.894958	0	0	1	1	149	1152225
615	1	2	0	2	0	0	0	0	1	0	0	0	0	0	0	4.938315	4.271558	4.260152	4.261578	1.784982	11.000000	14.500000	100.722977	98.595543	99.043419	0	0	1	1	149	1195573
616	0	1	2	1	0	0	0	0	0	0	0	0	0	0	0	4.941538	4.285816	4.270133	4.274410	1.786593	11.000000	14.500000	99.156868	98.895782	98.895782	0	0	1	1	150	1151016
617	1	2	1	2	0	0	0	0	2	0	0	0	0	0	0	4.943151	4.284390	4.272984	4.272984	1.787399	11.000000	14.500000	99.083031	98.784737	98.822021	0	0	1	1	149	1150965
618	2	0	0	2	0	0	0	0	0	0	0	0	0	0	0	4.941538	4.282964	4.268707	4.270133	1.785788	11.000000	14.500000	99.156868	98.821190	98.858490	0	0	1	1	149	1180152
620	0	1	1	0	0	0	0	0	0	0	0	0	0	0	0	4.939927	4.287241	4.270133	4.271558	1.788205	11.000000	14.500000	99.156143	98.783020	98.894958	0	0	1	1	149	1151011
621	2	0	0	1	0	0	1	0	0	0	0	0	0	0	0	4.947986	4.281538	4.271558	4.272984	1.788205	11.000000	14.500000	98.936317	98.638321	98.712822	0	0	1	1	149	1150965
622	0	0	0	4	0	0	0	0	0	0	0	0	0	0	0	4.943151	4.282964	4.271558	4.270133	1.788205	11.000000	14.500000	99.120316	98.859314	98.822021	0	0	1	1	149	1167358
623	5	0	1	0	0	0	0	0	0	0	0	0	0	0	0	4.936703	4.282964	4.272984	4.272984	1.787399	11.000000	14.500000	99.266655	99.005310	99.005310	0	0	1	1	149	1164555
624	2	0	0	0	0	0	0	0	0	0	0	0	0	0	0	4.944762	4.282964	4.271558	4.274410	1.789011	11.000000	14.500000	99.121078	98.785599	98.860153	0	0	1	1	149	1151018
626	0	1	1	3	0	0	0	0	0	0	0	0	0	0	0	4.941538	4.285816	4.270133	4.271558	1.789011	11.000000	14.500000	99.119583	98.783882	98.858490	0	0	1	1	149	1168608
627	1	0	1	0	0	0	0	0	0	0	0	0	0	0	0	4.943151	4.284390	4.270133	4.271558	1.789817	11.000000	14.500000	99.083031	98.747452	98.822021	0	0	1	1	149	1164563
628	3	3	1	2	0	0	0	0	0	0	0	0	0	0	0	4.941538	4.282964	4.270133	4.270133	1.789817	11.000000	14.500000	99.119583	98.597389	98.933075	0	0	1	1	149	1151028
629	0	1	1	1	0	0	0	0	1	0	0	0	0	0	0	4.943151	4.284390	4.271558	4.272984	1.789817	11.000000	14.500000	99.083031	98.784737	98.822021	0	0	1	1	149	1167368
630	0	0	2	1	0	0	0	0	0	0	0	0	0	0	0	4.941538	4.284390	4.270133	4.271558	1.790623	11.000000	14.500000	99.119583	98.821190	98.858490	0	0	1	1	149	1164668
632	2	0	1	0	0	0	0	0	0	0	0	0	0	0	0	4.943151	4.282964	4.268707	4.270133	1.789817	11.000000	14.500000	99.083031	98.784737	98.822021	0	0	1	1	149	1151028
633	1	1	0	0	0	0	0	0	0	0	0	0	0	0	0	4.941538	4.281538	4.270133	4.271558	1.789817	11.000000	14.500000	99.119583	98.821190	98.821190	0	0	1	1	149	1167368
634	4	1	0	1	0	0	0	0	1	0	0	0	0	0	0	4.941538	4.284390	4.271558	4.270133	1.791429	11.000000	14.500000	99.119583	98.783882	98.560097	0	0	1	1	149	1150968
635	1	1	4	2	0	1	0	0	1	0	0	0	0	0	0	4.939927	4.282964	4.268707	4.271558	1.790623	11.000000	14.500000	99.156143	98.857651	98.857651	0	0	1	1	149	1164587
636	1	1	1	1	0	0	0	0	0	0	0	0	0	0	0	4.939927	4.282964	4.275836	4.275836	1.791429	11.000000	14.500000	99.230751	98.932274	98.932274	0	0	1	1	149	1167419
638	0	0	1	1	0	0	0	0	0	0	0	0	0	0	0	4.939927	4.282964	4.271558	4.271558	1.791429	11.000000	14.500000	99.193443	98.894958	98.894958	0	0	1	1	149	1152218
639	1	3	0	0	0	0	0	0	0	0	0	0	0	0	0	4.943151	4.284390	4.270133	4.271558	1.791429	11.000000	14.500000	99.083031	98.747452	98.784737	0	0	1	1	149	1164569
640	0	6	1	2	0	0	0	0	1	0	0	0	0	0	0	4.941538	4.281538	4.267281	4.271558	1.792235	11.000000	14.500000	99.119583	98.821190	98.858490	0	0	1	1	149	1151020
641	2	0	1	0	0	0	0	0	0	0	0	0	0	0	0	4.941538	4.282964	4.268707	4.270133	1.791429	11.000000	14.500000	99.156868	98.448196	99.156868	0	0	1	1	149	1150973
642	1	0	1	2	0	0	0	0	0	0	0	0	0	0	0	4.941538	4.284390	4.270133	4.271558	1.792235	11.000000	14.500000	99.119583	98.858490	98.858490	0	0	1	1	149	1150966
644	1	0	1	2	0	0	0	0	0	0	0	0	0	0	0	4.941538	4.285816	4.271558	4.272984	1.792235	11.000000	14.500000	99.119583	98.821190	98.858490	0	0	1	1	149	1164562
645	2	1	1	1	0	0	0	0	0	0	0	0	0	0	0	4.941538	4.271558	4.274410	4.271558	1.792235	11.000000	14.500000	99.082275	98.783882	98.858490	0	0	1	1	149	1151019
646	1	0	1	2	0	0	0	0	0	0	0	0	0	0	0	4.943151	4.282964	4.270133	4.270133	1.792235	11.000000	14.500000	99.083031	98.784737	98.822021	0	0	1	1	149	1150965
647	3	0	2	0	0	1	0	0	0	0	0	0	0	0	0	4.941538	4.282964	4.268707	4.272984	1.793040	11.000000	14.500000	99.119583	98.821190	98.858490	0	0	1	1	149	1164568
648	0	0	1	0	0	0	0	0	0	0	0	0	0	0	0	4.939927	4.288667	4.274410	4.275836	1.792235	11.000000	14.500000	99.268059	98.932274	99.006889	0	0	1	1	149	1151015
650	0	2	1	1	0	0	0	0	0	0	0	0	0	0	0	4.943151	4.271558	4.275836	4.272984	1.792235	11.000000	14.500000	99.045746	98.822021	98.822021	0	0	1	1	149	1152218
651	0	0	0	0	0	0	0	0	0	0	0	0	0	0	0	4.941538	4.282964	4.268707	4.271558	1.793846	11.250000	14.500000	99.119583	98.821190	98.858490	0	0	1	1	149	1150965
652	0	0	1	1	0	0	0	0	0	0	0	0	0	0	0	4.943151	4.284390	4.268707	4.271558	1.794652	11.250000	14.500000	99.083031	98.747452	98.859314	0	0	1	1	149	1164679
653	1	0	0	0	0	0	0	0	0	0	0	0	0	0	0	4.936703	4.284390	4.271558	4.274410	1.793040	11.250000	14.500000	99.266655	98.967964	99.042641	0	0	1	1	149	1151025
654	1	0	0	1	0	0	0	0	0	0	0	0	0	0	0	4.943151	4.288667	4.271558	4.274410	1.793846	11.000000	14.500000	99.083031	98.784737	98.561020	0	0	1	1	149	1150978
656	0	0	0	0	0	0	0	0	0	0	0	0	0	0	0	4.943151	4.284390	4.270133	4.271558	1.793846	11.000000	14.500000	99.083031	98.747452	98.822021	0	0	1	1	149	1164577
657	0	0	1	0	0	0	0	0	0	0	0	0	0	0	0	4.941538	4.282964	4.268707	4.271558	1.794652	11.250000	14.500000	99.119583	98.821190	98.858490	0	0	1	1	149	1151026
658	0	3	2	1	0	0	0	0	1	0	0	0	0	0	0	4.941538	4.282964	4.258727	4.260152	1.793040	11.000000	14.500000	99.082275	98.821190	98.821190	0	0	1	1	149	1150978
659	1	2	3	0	0	0	0	1	0	0	0	0	0	0	0	4.939927	4.284390	4.268707	4.270133	1.794652	11.250000	14.500000	99.193443	98.857651	98.857651	0	0	1	1	149	1187036
661	0	1	0	1	0	0	0	0	0	0	0	0	0	0	0	4.935091	4.294370	4.268707	4.275836	1.791429	11.000000	14.500000	99.377983	99.079208	99.116554	0	0	1	1	149	1151028
662	1	2	2	1	0	0	0	1	0	0	0	0	0	0	0	4.943151	4.288667	4.271558	4.275836	1.795458	11.250000	14.500000	99.120316	98.784737	98.523727	0	0	1	1	149	1152228
663	1	0	0	0	0	0	0	0	0	0	0	0	0	0	0	4.941538	4.282964	4.270133	4.274410	1.796264	11.250000	15.000000	99.156868	98.858490	98.858490	0	0	1	1	149	1150970
664	3	3	0	1	0	0	0	0	1	0	0	0	0	0	0	4.939927	4.285816	4.270133	4.272984	1.796264	11.250000	15.000000	99.156143	98.820328	98.857651	0	0	1	1	149	1164492
665	1	2	1	0	0	1	0	0	0	0	0	0	0	0	0	4.941538	4.282964	4.255875	4.277261	1.795458	11.250000	15.000000	99.044983	98.783882	98.858490	0	0	1	1	149	1151018
667	2	0	0	0	0	0	0	0	0	0	0	0	0	0	0	4.939927	4.282964	4.270133	4.272984	1.795458	11.250000	15.000000	99.156143	98.783020	98.820328	0	0	1	1	149	1150966
668	0	0	0	0	0	0	0	0	0	0	0	0	0	0	0	4.941538	4.284390	4.270133	4.272984	1.796264	11.250000	15.000000	99.082275	98.783882	98.821190	0	0	1	1	149	1164675
669	0	1	1	0	0	0	0	0	0	0	0	0	0	0	0	4.941538	4.282964	4.270133	4.271558	1.796264	11.250000	15.000000	99.082275	98.821190	98.858490	0	0	1	1	149	1151016
670	2	0	2	0	0	0	0	0	0	0	0	0	0	0	0	4.941538	4.287241	4.270133	4.270133	1.797070	11.250000	15.000000	99.119583	98.783882	98.485497	0	0	1	1	149	1150985
671	1	1	1	0	1	0	0	0	0	0	0	0	0	0	0	4.941538	4.282964	4.270133	4.271558	1.796264	11.250000	15.000000	99.156868	98.821190	98.858490	0	0	1	1	149	1151069
673	0	0	1	0	0	0	0	0	0	0	0	0	0	0	0	4.939927	4.287241	4.272984	4.275836	1.796264	11.250000	15.000000	99.230751	98.894958	98.932274	0	0	1	1	149	1164565
674	1	1	1	0	0	0	0	0	0	0	0	0	0	0	0	4.939927	4.282964	4.268707	4.272984	1.796264	11.250000	15.000000	99.156143	98.820328	98.857651	0	0	1	1	149	1152162
675	1	1	1	1	0	0	0	0	0	0	0	0	0	0	0	4.941538	4.284390	4.270133	4.271558	1.797070	11.250000	15.000000	99.119583	98.783882	98.783882	0	0	1	1	149	1150967
676	0	0	2	0	0	0	0	0	0	0	0	0	0	0	0	4.943151	4.282964	4.268707	4.270133	1.797070	11.250000	15.000000	99.083031	98.784737	98.822021	0	0	1	1	149	1164575
677	0	0	2	1	0	0	0	0	0	0	0	0	0	0	0	4.941538	4.282964	4.268707	4.271558	1.797070	11.250000	15.000000	99.082275	98.783882	98.858490	0	0	1	1	149	1151026
679	0	1	0	1	0	0	0	0	0	0	0	0	0	0	0	4.941538	4.282964	4.271558	4.258727	1.797070	11.250000	15.000000	99.119583	98.709282	98.821190	0	0	1	1	149	1150977
680	1	0	1	0	0	0	0	0	0	0	0	0	0	0	0	4.941538	4.284390	4.270133	4.271558	1.797876	11.250000	15.000000	99.082275	98.746590	98.821190	0	0	1	1	149	1150975
681	2	0	2	2	0	1	0	0	0	0	0	0	0	0	0	4.943151	4.282964	4.270133	4.271558	1.798681	11.250000	15.000000	99.083031	98.784737	98.822021	0	0	1	1	149	1164582
682	1	1	0	2	0	0	0	0	0	0	0	0	0	0	0	4.941538	4.278687	4.268707	4.271558	1.797876	11.250000	15.000000	99.119583	98.821190	98.858490	0	0	1	1	149	1151026
683	1	1	2	0	0	0	0	0	0	0	0	0	0	0	0	4.941538	4.282964	4.270133	4.272984	1.799487	11.250000	15.000000	99.119583	98.709282	98.895782	0	0	1	1	149	1150978
684	0	0	0	2	0	0	0	0	0	0	0	0	0	0	0	4.941538	4.287241	4.272984	4.274410	1.797876	11.250000	15.000000	99.231468	98.933075	98.933075	0	0	1	1	149	1164579
686	2	4	2	0	1	0	0	0	0	0	0	0	0	0	0	4.939927	4.282964	4.268707	4.270133	1.798681	11.250000	15.000000	99.193443	98.820328	98.894958	0	0	1	1	149	1152172
687	0	0	1	1	0	0	0	0	0	0	0	0	0	0	0	4.941538	4.282964	4.257301	4.275836	1.799487	11.250000	15.000000	99.044983	98.858490	98.783882	0	0	1	1	149	1150972
688	1	1	0	2	0	0	1	0	0	0	0	0	0	0	0	4.943151	4.282964	4.268707	4.271558	1.799487	11.250000	15.000000	99.083031	98.747452	98.859314	0	0	1	1	149	1150964
689	0	2	1	0	0	0	0	0	0	0	0	0	0	0	0	4.941538	4.282964	4.270133	4.272984	1.798681	11.250000	15.000000	99.119583	98.821190	98.858490	0	0	1	1	149	1164570
690	0	2	1	1	0	0	0	0	0	0	0	0	0	0	0	4.941538	4.284390	4.268707	4.270133	1.800293	11.250000	15.000000	99.119583	98.821190	98.821190	0	0	1	1	149	1151016
692	1	0	0	0	0	0	0	0	0	0	0	0	0	0	0	4.943151	4.284390	4.270133	4.270133	1.800293	11.250000	15.000000	99.083031	98.784737	98.822021	0	0	1	1	149	1150967
693	1	1	2	0	0	0	0	0	0	0	0	0	0	0	0	4.939927	4.284390	4.270133	4.270133	1.800293	11.250000	15.000000	99.156143	98.820328	98.894958	0	0	1	1	149	1164640
694	0	0	2	0	0	0	0	0	0	0	0	0	0	0	0	4.939927	4.284390	4.270133	4.274410	1.800293	11.250000	15.000000	99.230751	98.969566	98.969566	0	0	1	1	149	1151016
695	0	0	0	0	0	0	0	0	0	0	0	0	0	0	0	4.943151	4.284390	4.270133	4.260152	1.798681	11.250000	15.000000	99.045746	98.784737	98.859314	0	0	1	1	149	1150967
696	0	0	0	1	0	0	0	0	0	0	0	0	0	0	0	4.939927	4.288667	4.272984	4.274410	1.799487	11.250000	15.000000	99.230751	98.894958	98.932274	0	0	1	1	149	1164665
698	1	1	1	1	0	0	0	0	1	0	0	0	0	0	0	4.941538	4.281538	4.268707	4.270133	1.800293	11.250000	15.000000	99.119583	98.597389	98.522797	0	0	1	1	149	1152165
699	4	0	2	1	0	0	0	0	0	0	0	0	0	0	0	4.939927	4.284390	4.271558	4.274410	1.800293	11.250000	15.000000	99.193443	98.894958	98.932274	0	0	1	1	149	1150965
700	1	2	1	1	0	0	0	0	0	0	0	0	0	0	0	4.943151	4.284390	4.272984	4.260152	1.801099	11.250000	15.000000	99.120316	98.747452	98.859314	0	0	1	1	149	1150978
701	0	2	0	1	0	0	0	0	0	0	0	0	0	0	0	4.939927	4.282964	4.268707	4.270133	1.801099	11.250000	15.000000	99.193443	98.820328	98.894958	0	0	1	1	149	1164566
702	1	0	0	2	0	0	0	0	0	0	0	0	0	0	0	4.943151	4.282964	4.268707	4.274410	1.801099	11.250000	15.000000	99.045746	98.784737	98.822021	0	0	1	1	149	1151026
704	1	0	1	1	0	0	0	0	0	0	0	0	0	0	0	4.943151	4.278687	4.270133	4.271558	1.801099	11.250000	15.000000	99.120316	98.747452	98.822021	0	0	1	1	149	1150975
705	0	1	1	0	0	0	0	0	0	0	0	0	0	0	0	4.941538	4.284390	4.268707	4.272984	1.801905	11.250000	15.000000	98.671989	98.597389	98.783882	0	0	1	1	149	1164581
706	1	1	2	0	0	0	0	0	0	0	0	0	0	0	0	4.941538	4.284390	4.268707	4.270133	1.801905	11.250000	15.000000	99.119583	98.783882	98.895782	0	0	1	1	149	1151026
707	1	3	1	0	0	1	0	0	0	0	0	0	0	0	0	4.939927	4.282964	4.271558	4.271558	1.801905	11.250000	15.000000	99.156143	98.932274	98.894958	0	0	1	1	149	1150975
708	1	0	1	1	0	0	0	0	0	1	0	0	0	0	0	4.941538	4.287241	4.275836	4.271558	1.801905	11.250000	15.000000	99.194176	98.933075	98.933075	0	0	1	1	149	1150977
710	0	1	0	1	0	0	0	0	0	0	0	0	0	0	0	4.941538	4.282964	4.268707	4.272984	1.802711	11.250000	15.000000	98.746590	99.044983	98.709282	0	0	1	1	149	1165822
711	3	0	1	1	0	0	0	0	0	0	0	0	0	0	0	4.941538	4.284390	4.270133	4.271558	1.802711	11.250000	15.000000	99.082275	98.783882	98.858490	0	0	1	1	149	1151021
712	2	0	0	1	0	0	0	0	0	0	0	0	0	0	0	4.941538	4.282964	4.271558	4.271558	1.802711	11.250000	15.000000	99.119583	98.858490	98.821190	0	0	1	1	149	1150965
713	2	0	0	1	0	0	0	0	0	0	0	0	0	0	0	4.941538	4.291519	4.265855	4.268707	1.802711	11.250000	15.000000	99.156868	98.821190	98.858490	0	0	1	1	149	1164576
714	1	0	4	1	0	0	0	0	0	0	0	0	0	0	0	4.941538	4.282964	4.270133	4.270133	1.802711	11.250000	15.000000	99.119583	98.933075	98.933075	0	0	1	1	149	1151017
716	3	0	0	2	0	0	0	0	0	0	0	0	0	0	0	4.939927	4.282964	4.268707	4.270133	1.803517	11.250000	15.000000	99.156143	98.894958	98.894958	0	0	1	1	149	1150965
717	0	2	1	0	0	0	0	0	0	0	0	0	0	0	0	4.943151	4.282964	4.270133	4.260152	1.802711	11.250000	15.000000	99.008469	98.747452	98.822021	0	0	1	1	149	1150968
718	1	0	3	1	0	0	0	0	0	0	0	0	0	0	0	4.941538	4.282964	4.270133	4.270133	1.803517	11.250000	15.000000	99.044983	98.671989	98.933075	0	0	1	1	149	1164589
719	2	1	1	0	0	0	0	0	0	0	0	0	0	0	0	4.941538	4.282964	4.270133	4.270133	1.804322	11.250000	15.000000	99.119583	98.858490	98.858490	0	0	1	1	149	1151016
