time	cnt1	cnt2	cnt3	cnt4	1&2	1&3	1&4	2&3	2&4	3&4	1&2&3	1&2&4	1&3&4	2&3&4	1&2&3&4	adcr	adcp1	adcp2	adcp3	adcntc	ntcT	digT	p1	p2	p3	hvstate	pbsstate	ethstate	listpbs	sdstate	looptime
1	1	2	1	2	0	0	0	1	0	0	0	0	0	0	0	4.949597	4.291519	4.277261	4.280113	1.371575	2.000000	-59.500000	99.160568	98.825424	98.862663	0	0	1	1	-1	0
2	2	2	0	1	0	0	0	0	0	0	0	0	0	0	0	4.944762	4.287241	4.261578	4.281538	1.370769	2.000000	3.000000	99.232903	98.971970	98.897430	0	0	0	1	140	1351657
3	1	1	0	1	0	0	0	0	0	0	0	0	0	0	0	4.944762	4.287241	4.272984	4.272984	1.369964	2.000000	3.000000	99.158348	98.860153	98.897430	0	0	0	1	145	1367530
5	0	0	0	1	0	0	0	0	0	0	0	0	0	0	0	4.946374	4.287241	4.274410	4.275836	1.370769	2.000000	3.000000	99.121826	98.823723	98.860992	0	0	1	1	145	1286542
6	2	0	1	1	0	0	0	0	0	0	0	0	0	0	0	4.944762	4.288667	4.275836	4.277261	1.370769	2.000000	3.000000	99.270180	98.934700	98.971970	0	0	1	1	145	1151004
7	0	1	0	1	0	0	0	0	0	0	0	0	0	0	0	4.944762	4.285816	4.271558	4.274410	1.371575	2.000000	3.000000	99.121078	98.860153	98.897430	0	0	1	1	145	1150999
8	2	1	0	0	0	0	0	0	0	0	0	0	0	0	0	4.946374	4.287241	4.271558	4.274410	1.370769	2.000000	3.000000	99.159088	98.823723	98.898247	0	0	1	1	145	1169929
9	1	0	1	0	0	0	0	0	0	0	0	0	0	0	0	4.946374	4.291519	4.274410	4.275836	1.371575	2.000000	3.000000	99.196342	98.823723	98.823723	0	0	1	1	145	1151004
11	0	1	1	1	0	0	0	0	0	0	0	0	0	0	0	4.946374	4.288667	4.274410	4.275836	1.371575	2.000000	3.000000	99.121826	98.562897	98.600151	0	0	1	1	145	1150999
12	1	2	1	1	0	0	0	0	0	0	0	0	0	0	0	4.946374	4.288667	4.275836	4.275836	1.371575	2.000000	3.000000	99.457199	98.823723	98.860992	0	0	1	1	146	1151005
13	2	1	1	3	0	0	0	0	0	1	0	0	0	0	0	4.943151	4.275836	4.267281	4.278687	1.371575	2.000000	3.000000	99.306763	98.971169	99.008469	0	0	1	1	146	1164586
14	1	3	2	1	0	0	0	0	1	0	0	0	0	0	0	4.951209	4.277261	4.278687	4.272984	1.372381	2.000000	3.000000	99.012398	98.751816	98.751816	0	0	1	1	146	1152155
15	0	0	2	0	0	0	0	0	0	0	0	0	0	0	0	4.944762	4.287241	4.272984	4.274410	1.372381	2.000000	3.000000	99.158348	98.860153	98.897430	0	0	1	1	146	1150995
17	2	1	0	0	0	0	0	0	0	0	0	0	0	0	0	4.946374	4.287241	4.272984	4.274410	1.372381	2.000000	3.000000	99.047302	98.749191	98.823723	0	0	1	1	146	1164570
18	1	1	2	2	0	0	0	0	1	0	0	0	0	0	0	4.943151	4.287241	4.272984	4.272984	1.371575	2.000000	3.000000	99.157608	98.859314	98.933891	0	0	1	1	146	1151000
19	1	0	0	0	0	0	0	0	0	0	0	0	0	0	0	4.944762	4.285816	4.272984	4.268707	1.370769	2.000000	3.000000	99.009239	98.524689	98.524689	0	0	1	1	146	1150970
20	0	0	1	0	0	0	0	0	0	0	0	0	0	0	0	4.941538	4.288667	4.275836	4.275836	1.372381	2.000000	3.000000	99.231468	98.933075	99.007675	0	0	1	1	146	1150967
21	2	1	3	0	1	0	0	0	0	0	0	0	0	0	0	4.944762	4.285816	4.271558	4.274410	1.372381	2.000000	3.000000	99.195625	98.860153	98.860153	0	0	1	1	146	1164562
23	0	1	0	1	0	0	0	0	0	0	0	0	0	0	0	4.944762	4.284390	4.271558	4.274410	1.373993	2.000000	3.000000	98.897430	98.860153	98.785599	0	0	1	1	146	1151002
24	1	1	0	2	0	0	1	0	0	0	0	0	0	0	0	4.946374	4.285816	4.274410	4.275836	1.373993	2.000000	3.000000	99.084572	98.823723	98.823723	0	0	1	1	146	1150967
25	2	3	0	3	1	0	0	0	1	0	0	0	0	0	0	4.943151	4.287241	4.275836	4.277261	1.373993	2.000000	3.000000	99.269463	98.933891	98.971169	0	0	1	1	146	1164561
26	2	5	2	1	0	0	1	0	0	0	0	0	0	0	0	4.944762	4.284390	4.271558	4.274410	1.373993	2.000000	3.000000	99.121078	98.822884	98.860153	0	0	1	1	146	1152146
27	0	1	1	1	0	0	0	0	1	0	0	0	0	0	0	4.944762	4.287241	4.275836	4.274410	1.375605	2.000000	3.000000	99.158348	98.860153	98.822884	0	0	1	1	146	1150970
28	1	1	0	0	0	0	0	0	0	0	0	0	0	0	0	4.944762	4.284390	4.272984	4.275836	1.375605	2.000000	3.000000	99.121078	98.785599	98.860153	0	0	1	1	146	1151002
30	0	2	0	0	0	0	0	0	0	0	0	0	0	0	0	4.944762	4.284390	4.272984	4.274410	1.375605	2.000000	3.000000	99.158348	98.822884	98.860153	0	0	1	1	146	1164601
31	0	0	2	1	0	0	0	0	0	0	0	0	0	0	0	4.944762	4.284390	4.271558	4.275836	1.376410	2.000000	3.000000	99.121078	98.785599	98.860153	0	0	1	1	146	1151012
32	2	1	1	0	0	0	0	0	0	0	0	0	0	0	0	4.941538	4.291519	4.275836	4.275836	1.376410	2.250000	3.000000	99.231468	98.933075	99.044983	0	0	1	1	146	1151003
33	1	0	2	2	0	0	0	0	0	0	0	0	0	0	0	4.946374	4.285816	4.272984	4.274410	1.377216	2.000000	3.000000	99.121826	98.786461	98.823723	0	0	1	1	146	1164595
34	0	0	3	0	0	0	0	0	0	0	0	0	0	0	0	4.943151	4.287241	4.274410	4.275836	1.377216	2.250000	3.000000	99.194893	98.859314	98.896599	0	0	1	1	146	1151012
36	2	0	0	2	0	0	0	0	0	0	0	0	0	0	0	4.944762	4.288667	4.272984	4.274410	1.377216	2.250000	3.000000	99.158348	98.785599	98.897430	0	0	1	1	146	1151003
37	1	0	1	1	0	0	1	0	0	0	0	0	0	0	0	4.941538	4.292944	4.275836	4.277261	1.378022	2.250000	3.000000	99.417976	99.007675	99.082275	0	0	1	1	146	1151002
38	0	2	0	2	0	0	0	0	1	0	0	0	0	0	0	4.943151	4.288667	4.271558	4.274410	1.379634	2.250000	3.000000	99.194893	98.822021	98.896599	0	0	1	1	146	1165754
39	0	1	0	0	0	0	0	0	0	0	0	0	0	0	0	4.943151	4.284390	4.275836	4.270133	1.379634	2.250000	3.500000	99.120316	98.933891	98.896599	0	0	1	1	146	1151008
40	0	1	0	2	0	0	0	0	1	0	0	0	0	0	0	4.946374	4.287241	4.274410	4.274410	1.380440	2.250000	3.500000	99.121826	98.823723	98.786461	0	0	1	1	146	1150967
42	0	0	0	1	0	0	0	0	0	0	0	0	0	0	0	4.944762	4.290093	4.272984	4.275836	1.381245	2.250000	3.500000	99.158348	98.785599	98.860153	0	0	1	1	146	1164579
43	0	3	0	1	0	0	0	0	0	0	0	0	0	0	0	4.944762	4.287241	4.272984	4.272984	1.382051	2.250000	3.500000	99.158348	98.822884	98.860153	0	0	1	1	146	1151000
44	0	2	0	1	0	0	0	0	1	0	0	0	0	0	0	4.943151	4.287241	4.271558	4.275836	1.382857	2.250000	3.500000	99.232185	98.822021	98.896599	0	0	1	1	146	1150970
45	1	1	0	2	0	0	0	0	0	0	0	0	0	0	0	4.944762	4.287241	4.271558	4.274410	1.383663	2.250000	3.500000	99.195625	98.860153	98.897430	0	0	1	1	146	1150967
46	0	0	0	0	0	0	0	0	0	0	0	0	0	0	0	4.944762	4.290093	4.272984	4.274410	1.383663	2.250000	3.500000	99.158348	98.785599	98.822884	0	0	1	1	146	1164564
48	0	0	1	1	0	0	0	0	0	0	0	0	0	0	0	4.944762	4.287241	4.271558	4.272984	1.385275	2.250000	3.500000	98.636497	98.711044	98.748329	0	0	1	1	146	1151002
49	0	0	2	0	0	0	0	0	0	0	0	0	0	0	0	4.941538	4.290093	4.275836	4.277261	1.385275	2.250000	3.500000	99.306068	99.007675	99.007675	0	0	1	1	146	1150967
50	2	1	0	0	0	0	0	0	0	0	0	0	0	0	0	4.944762	4.290093	4.272984	4.272984	1.386081	2.250000	3.500000	99.158348	98.785599	98.860153	0	0	1	1	146	1165815
51	0	1	2	3	0	0	0	0	0	0	0	0	0	0	0	4.946374	4.285816	4.272984	4.274410	1.386887	2.250000	3.500000	99.047302	98.786461	98.860992	0	0	1	1	146	1151000
52	1	0	1	0	0	0	0	0	0	0	0	0	0	0	0	4.944762	4.285816	4.272984	4.272984	1.387692	2.500000	3.500000	99.232903	98.897430	98.897430	0	0	1	1	146	1150995
54	0	1	2	2	0	0	0	1	0	0	0	0	0	0	0	4.943151	4.284390	4.272984	4.277261	1.388498	2.500000	3.500000	99.157608	98.859314	98.896599	0	0	1	1	146	1151000
55	0	1	1	2	0	0	0	0	0	0	0	0	0	0	0	4.943151	4.287241	4.271558	4.274410	1.389304	2.500000	3.500000	99.194893	98.859314	98.896599	0	0	1	1	146	1164597
56	1	0	0	1	0	0	0	0	0	0	0	0	0	0	0	4.944762	4.284390	4.270133	4.274410	1.390916	2.500000	3.500000	99.158348	98.785599	98.822884	0	0	1	1	146	1151010
57	1	0	1	0	0	0	0	0	0	0	0	0	0	0	0	4.943151	4.288667	4.275836	4.275836	1.390110	2.500000	3.500000	99.194893	98.822021	98.933891	0	0	1	1	146	1151000
58	0	0	0	0	0	0	0	0	0	0	0	0	0	0	0	4.943151	4.284390	4.271558	4.274410	1.391722	2.500000	3.500000	99.157608	98.859314	98.896599	0	0	1	1	146	1164607
59	1	1	1	0	0	0	0	0	0	0	0	0	0	0	0	4.944762	4.285816	4.272984	4.272984	1.392528	2.500000	3.500000	99.158348	98.785599	98.860153	0	0	1	1	146	1151010
61	2	0	1	0	0	1	0	0	0	0	0	0	0	0	0	4.941538	4.275836	4.275836	4.277261	1.392528	2.500000	3.500000	99.231468	98.933075	99.007675	0	0	1	1	146	1151000
62	1	0	1	0	0	0	0	0	0	0	0	0	0	0	0	4.951209	4.277261	4.275836	4.270133	1.394139	2.500000	3.500000	98.937943	98.640144	98.640144	0	0	1	1	146	1152145
63	2	0	1	0	0	0	0	0	0	0	0	0	0	0	0	4.944762	4.285816	4.270133	4.271558	1.394945	2.500000	4.000000	98.971970	98.599228	98.897430	0	0	1	1	146	1164591
64	0	1	3	1	0	0	0	1	0	0	0	0	0	0	0	4.943151	4.284390	4.270133	4.271558	1.395751	2.500000	4.000000	99.157608	98.896599	98.896599	0	0	1	1	146	1151000
65	0	0	0	2	0	0	0	0	0	0	0	0	0	0	0	4.943151	4.284390	4.271558	4.274410	1.396557	2.500000	4.000000	99.120316	98.859314	98.896599	0	0	1	1	146	1150967
67	0	0	1	0	0	0	0	0	0	0	0	0	0	0	0	4.944762	4.275836	4.278687	4.270133	1.397363	2.500000	4.000000	99.083794	98.785599	98.822884	0	0	1	1	146	1164553
68	1	1	1	1	0	0	0	0	0	0	0	0	0	0	0	4.944762	4.284390	4.270133	4.270133	1.398169	2.500000	4.000000	99.121078	98.860153	98.785599	0	0	1	1	146	1151000
69	0	2	1	0	0	0	0	0	0	0	0	0	0	0	0	4.944762	4.284390	4.271558	4.274410	1.398974	2.500000	4.000000	99.121078	98.822884	98.860153	0	0	1	1	146	1150967
70	0	0	1	1	0	0	0	0	0	0	0	0	0	0	0	4.944762	4.284390	4.271558	4.271558	1.400586	2.750000	4.000000	98.860153	98.785599	98.822884	0	0	1	1	146	1150969
71	2	1	0	2	0	0	0	0	0	0	0	0	0	0	0	4.943151	4.284390	4.274410	4.274410	1.399780	2.750000	4.000000	99.120316	98.822021	98.859314	0	0	1	1	146	1164553
73	2	0	1	1	0	0	0	0	0	0	0	0	0	0	0	4.941538	4.288667	4.278687	4.275836	1.401392	2.750000	4.000000	99.231468	98.970383	98.933075	0	0	1	1	146	1151000
74	0	0	0	0	0	0	0	0	0	0	0	0	0	0	0	4.944762	4.284390	4.271558	4.271558	1.402198	2.750000	4.000000	99.121078	98.785599	98.897430	0	0	1	1	146	1152217
75	0	1	1	1	0	0	0	0	0	0	0	0	0	0	0	4.943151	4.285816	4.274410	4.272984	1.403004	2.750000	4.000000	99.120316	98.896599	98.822021	0	0	1	1	146	1164568
76	1	0	1	1	0	0	0	0	0	0	0	0	0	0	0	4.939927	4.285816	4.272984	4.274410	1.404616	2.750000	4.000000	99.193443	98.969566	98.932274	0	0	1	1	146	1151013
77	0	0	0	0	0	0	0	0	0	0	0	0	0	0	0	4.943151	4.285816	4.272984	4.275836	1.405421	2.750000	4.000000	99.157608	98.896599	98.859314	0	0	1	1	146	1151002
79	1	1	1	0	0	0	0	0	0	0	0	0	0	0	0	4.943151	4.285816	4.272984	4.272984	1.407033	2.750000	4.000000	99.157608	98.971169	98.896599	0	0	1	1	146	1151002
80	1	2	1	1	0	0	0	0	0	0	0	0	0	0	0	4.943151	4.284390	4.272984	4.272984	1.407839	2.750000	4.000000	99.120316	98.933891	98.896599	0	0	1	1	146	1164596
81	2	3	1	2	0	0	0	0	0	0	0	0	0	0	0	4.943151	4.284390	4.272984	4.272984	1.407839	2.750000	4.000000	99.120316	98.933891	98.933891	0	0	1	1	146	1151012
82	0	2	1	1	0	0	0	0	0	0	0	0	0	0	0	4.943151	4.285816	4.274410	4.272984	1.409451	3.000000	4.000000	99.232185	98.971169	98.933891	0	0	1	1	146	1151002
83	1	1	1	1	0	0	0	0	0	0	0	0	0	0	0	4.943151	4.285816	4.271558	4.274410	1.410257	3.000000	4.000000	99.157608	98.822021	98.859314	0	0	1	1	146	1164599
85	0	3	1	2	0	0	0	0	0	0	0	0	0	0	0	4.943151	4.287241	4.274410	4.275836	1.411062	3.000000	4.500000	99.194893	98.933891	98.971169	0	0	1	1	146	1151012
86	1	1	0	1	0	0	0	0	0	0	0	0	0	0	0	4.943151	4.285816	4.272984	4.274410	1.412674	3.000000	4.500000	99.120316	98.896599	98.859314	0	0	1	1	146	1152250
87	0	0	0	1	0	0	0	0	0	0	0	0	0	0	0	4.944762	4.288667	4.274410	4.274410	1.413480	3.000000	4.500000	99.083794	98.860153	98.822884	0	0	1	1	146	1150995
88	0	0	2	1	0	0	0	0	0	0	0	0	0	0	0	4.943151	4.281538	4.274410	4.275836	1.413480	3.000000	4.500000	99.157608	98.896599	98.859314	0	0	1	1	146	1164555
89	2	1	0	1	0	0	0	0	0	0	0	0	0	0	0	4.943151	4.284390	4.272984	4.272984	1.415092	3.000000	4.500000	99.120316	98.822021	98.896599	0	0	1	1	146	1150999
91	0	2	2	0	0	0	0	0	0	0	0	0	0	0	0	4.943151	4.285816	4.275836	4.272984	1.416703	3.000000	4.500000	99.120316	98.859314	98.859314	0	0	1	1	146	1150967
92	0	2	1	1	0	0	0	0	0	0	0	0	0	0	0	4.943151	4.282964	4.258727	4.281538	1.416703	3.000000	4.500000	99.045746	98.822021	98.859314	0	0	1	1	146	1150970
93	2	1	2	0	0	1	0	0	0	0	0	0	0	0	0	4.941538	4.282964	4.271558	4.272984	1.417509	3.000000	4.500000	99.156868	98.858490	98.895782	0	0	1	1	146	1164557
94	0	0	0	0	0	0	0	0	0	0	0	0	0	0	0	4.943151	4.287241	4.272984	4.271558	1.419121	3.000000	4.500000	99.157608	98.822021	98.896599	0	0	1	1	146	1150999
95	2	1	1	3	0	0	0	0	1	0	0	0	0	0	0	4.943151	4.284390	4.271558	4.272984	1.419927	3.000000	4.500000	99.157608	98.859314	98.896599	0	0	1	1	146	1150967
97	1	1	0	2	0	0	0	0	0	0	0	0	0	0	0	4.941538	4.285816	4.272984	4.275836	1.419927	3.000000	4.500000	99.268776	98.970383	99.044983	0	0	1	1	146	1164558
98	3	2	0	0	0	0	0	0	0	0	0	0	0	0	0	4.944762	4.284390	4.270133	4.272984	1.420733	3.000000	4.500000	99.121078	98.822884	98.860153	0	0	1	1	146	1152148
99	0	0	1	1	0	0	0	0	0	0	0	0	0	0	0	4.943151	4.284390	4.271558	4.272984	1.423150	3.250000	4.500000	99.120316	98.822021	98.971169	0	0	1	1	146	1150967
100	1	1	0	1	0	0	0	0	0	0	0	0	0	0	0	4.944762	4.288667	4.271558	4.272984	1.423956	3.250000	4.500000	99.083794	98.785599	98.487404	0	0	1	1	146	1151000
101	0	0	0	0	0	0	0	0	0	0	0	0	0	0	0	4.941538	4.287241	4.271558	4.272984	1.423956	3.250000	4.500000	99.156868	98.895782	98.933075	0	0	1	1	147	1164602
102	1	1	0	0	0	0	0	0	0	0	0	0	0	0	0	4.943151	4.284390	4.271558	4.275836	1.425568	3.250000	4.500000	99.120316	98.822021	98.822021	0	0	1	1	147	1151014
104	0	0	1	1	0	0	0	0	0	1	0	0	0	0	0	4.939927	4.285816	4.271558	4.271558	1.427180	3.250000	5.000000	99.268059	98.894958	98.596466	0	0	1	1	147	1151000
105	1	0	0	0	0	0	0	0	0	0	0	0	0	0	0	4.943151	4.284390	4.271558	4.272984	1.427985	3.250000	5.000000	99.120316	98.896599	98.896599	0	0	1	1	147	1164613
106	0	2	1	1	0	0	0	0	0	0	0	0	0	0	0	4.943151	4.284390	4.272984	4.275836	1.427985	3.250000	5.000000	99.120316	98.822021	98.822021	0	0	1	1	147	1151014
107	1	0	2	0	0	0	0	0	0	0	0	0	0	0	0	4.943151	4.287241	4.272984	4.272984	1.429597	3.250000	5.000000	99.120316	98.822021	98.523727	0	0	1	1	147	1151000
108	2	1	1	0	0	0	0	0	0	0	0	0	0	0	0	4.941538	4.292944	4.261578	4.265855	1.429597	3.250000	5.000000	98.933075	99.082275	98.933075	0	0	1	1	147	1164617
110	1	1	1	1	0	0	0	0	0	0	0	0	0	0	0	4.941538	4.287241	4.274410	4.275836	1.431209	3.500000	5.000000	99.231468	98.895782	98.933075	0	0	1	1	147	1152160
111	1	0	0	0	0	0	0	0	0	0	0	0	0	0	0	4.943151	4.285816	4.271558	4.272984	1.432821	3.500000	5.000000	99.232185	98.896599	98.933891	0	0	1	1	147	1150972
112	0	1	1	2	0	0	0	0	0	0	0	0	0	0	0	4.943151	4.285816	4.272984	4.274410	1.433627	3.500000	5.000000	99.120316	98.822021	98.859314	0	0	1	1	147	1150972
113	1	0	1	2	0	0	0	0	0	0	0	0	0	0	0	4.943151	4.284390	4.271558	4.272984	1.434432	3.500000	5.000000	99.120316	98.784737	98.896599	0	0	1	1	147	1164570
114	0	0	0	1	0	0	0	0	0	0	0	0	0	0	0	4.941538	4.284390	4.270133	4.272984	1.436044	3.500000	5.000000	99.194176	98.895782	98.858490	0	0	1	1	147	1151006
116	1	1	0	0	0	0	0	0	0	0	0	0	0	0	0	4.941538	4.281538	4.257301	4.264430	1.436044	3.500000	5.000000	98.970383	98.373596	98.821190	0	0	1	1	147	1150971
117	0	1	1	0	0	0	0	0	0	0	0	0	0	0	0	4.943151	4.288667	4.271558	4.272984	1.437656	3.500000	5.000000	99.269463	98.822021	98.822021	0	0	1	1	147	1164582
118	0	2	0	0	0	0	0	0	0	0	0	0	0	0	0	4.944762	4.287241	4.270133	4.271558	1.438462	3.500000	5.000000	99.158348	98.822884	98.860153	0	0	1	1	147	1151005
119	1	1	2	0	0	0	0	0	0	0	0	0	0	0	0	4.943151	4.297222	4.268707	4.271558	1.439268	3.500000	5.000000	99.194893	98.822021	98.896599	0	0	1	1	147	1150971
120	0	1	2	1	0	0	0	1	0	0	0	0	0	0	0	4.947986	4.275836	4.263004	4.264430	1.439268	3.500000	5.000000	99.010818	98.526573	98.489319	0	0	1	1	147	1150968
122	1	0	1	0	0	0	0	0	0	0	0	0	0	0	0	4.941538	4.288667	4.271558	4.272984	1.441685	3.500000	5.500000	99.268776	98.858490	98.858490	0	0	1	1	147	1165834
123	0	2	0	0	0	0	0	0	0	0	0	0	0	0	0	4.943151	4.288667	4.272984	4.275836	1.442491	3.500000	5.500000	99.194893	98.859314	98.859314	0	0	1	1	147	1151006
124	0	3	0	0	0	0	0	0	0	0	0	0	0	0	0	4.943151	4.287241	4.270133	4.271558	1.443297	3.750000	5.500000	99.194893	98.411865	98.933891	0	0	1	1	147	1151000
125	0	0	2	1	0	0	0	0	0	0	0	0	0	0	0	4.943151	4.284390	4.271558	4.274410	1.444103	3.750000	5.500000	99.120316	98.859314	98.859314	0	0	1	1	147	1164600
126	2	2	0	2	0	0	0	0	0	0	0	0	0	0	0	4.943151	4.287241	4.272984	4.272984	1.445714	3.750000	5.500000	99.157608	98.822021	98.822021	0	0	1	1	147	1151014
128	2	1	2	0	1	0	0	0	0	0	0	0	0	0	0	4.951209	4.278687	4.267281	4.261578	1.445714	3.750000	5.500000	99.012398	98.379562	98.379562	0	0	1	1	147	1151000
129	2	3	0	1	0	0	0	0	0	0	0	0	0	0	0	4.943151	4.288667	4.274410	4.272984	1.448132	3.750000	5.500000	99.418610	98.672874	98.822021	0	0	1	1	147	1151000
130	1	1	0	1	0	0	0	0	0	0	0	0	0	0	0	4.941538	4.288667	4.272984	4.275836	1.447326	3.750000	5.500000	99.306068	98.895782	98.933075	0	0	1	1	147	1164606
131	2	0	3	0	0	0	0	0	0	0	0	0	0	0	0	4.944762	4.287241	4.271558	4.271558	1.449744	3.750000	5.500000	99.158348	98.450134	98.897430	0	0	1	1	147	1151015
132	0	0	0	0	0	0	0	0	0	0	0	0	0	0	0	4.935091	4.295796	4.271558	4.277261	1.448938	3.750000	5.500000	99.527382	99.116554	99.228600	0	0	1	1	147	1151001
134	0	3	0	1	0	0	0	0	0	0	0	0	0	0	0	4.944762	4.290093	4.270133	4.272984	1.451355	3.750000	5.500000	99.158348	98.822884	98.599228	0	0	1	1	147	1165664
135	0	1	0	1	0	0	0	0	0	0	0	0	0	0	0	4.943151	4.288667	4.271558	4.274410	1.452161	3.750000	5.500000	99.194893	98.784737	98.859314	0	0	1	1	147	1151011
136	1	2	1	1	0	0	0	0	0	0	0	0	0	0	0	4.943151	4.285816	4.270133	4.271558	1.452967	3.750000	5.500000	99.194893	98.822021	98.859314	0	0	1	1	147	1150967
137	1	0	3	1	0	0	0	0	0	0	0	0	0	0	0	4.941538	4.287241	4.270133	4.271558	1.452967	4.000000	5.500000	99.268776	98.858490	99.007675	0	0	1	1	147	1150971
138	1	0	0	1	0	0	1	0	0	0	0	0	0	0	0	4.943151	4.284390	4.270133	4.274410	1.454579	4.000000	5.500000	99.120316	98.784737	98.896599	0	0	1	1	147	1164675
140	0	1	2	1	0	0	0	0	0	0	0	0	0	0	0	4.943151	4.285816	4.271558	4.272984	1.456191	4.000000	5.500000	99.194893	98.822021	98.859314	0	0	1	1	147	1151005
141	2	0	1	2	0	0	0	0	0	0	0	0	0	0	0	4.943151	4.280113	4.261578	4.282964	1.456996	4.000000	6.000000	99.157608	98.822021	98.859314	0	0	1	1	147	1150971
142	1	1	0	1	0	0	0	0	0	0	0	0	0	0	0	4.941538	4.288667	4.272984	4.272984	1.457802	4.000000	6.000000	99.194176	98.821190	98.895782	0	0	1	1	147	1164561
143	2	0	1	0	0	0	0	0	0	0	0	0	0	0	0	4.943151	4.287241	4.271558	4.271558	1.458608	4.000000	6.000000	99.194893	98.784737	98.859314	0	0	1	1	147	1151006
144	0	0	1	0	0	0	0	0	0	0	0	0	0	0	0	4.941538	4.288667	4.274410	4.275836	1.459414	4.000000	6.000000	99.343376	98.933075	99.007675	0	0	1	1	147	1150967
146	0	0	1	1	0	0	0	0	0	0	0	0	0	0	0	4.943151	4.280113	4.261578	4.282964	1.460220	4.000000	6.000000	99.083031	98.822021	98.822021	0	0	1	1	147	1152220
147	1	1	0	1	0	0	0	0	1	0	0	0	0	0	0	4.941538	4.285816	4.271558	4.272984	1.461832	4.000000	6.000000	99.156868	98.858490	98.858490	0	0	1	1	147	1165059
148	2	0	0	0	0	0	0	0	0	0	0	0	0	0	0	4.943151	4.284390	4.270133	4.271558	1.462637	4.000000	6.000000	99.157608	98.859314	98.859314	0	0	1	1	147	1151541
149	0	0	1	0	0	0	0	0	0	0	0	0	0	0	0	4.943151	4.284390	4.270133	4.272984	1.463443	4.000000	6.000000	99.194893	98.859314	98.896599	0	0	1	1	147	1151568
150	1	0	1	0	0	0	0	0	0	0	0	0	0	0	0	4.943151	4.284390	4.270133	4.272984	1.463443	4.000000	6.000000	99.120316	98.822021	98.859314	0	0	1	1	147	1164506
151	0	2	0	0	0	0	0	0	0	0	0	0	0	0	0	4.943151	4.287241	4.272984	4.272984	1.465861	4.250000	6.000000	99.120316	98.784737	98.822021	0	0	1	1	147	1150950
153	1	2	1	0	0	0	0	0	0	0	0	0	0	0	0	4.943151	4.284390	4.268707	4.271558	1.466667	4.250000	6.000000	99.157608	98.784737	98.859314	0	0	1	1	147	1151000
154	0	0	0	0	0	0	0	0	0	0	0	0	0	0	0	4.941538	4.285816	4.270133	4.272984	1.468279	4.250000	6.000000	99.156868	98.783882	98.895782	0	0	1	1	147	1151001
155	1	1	0	0	0	0	0	0	0	0	0	0	0	0	0	4.943151	4.284390	4.271558	4.271558	1.467473	4.250000	6.000000	99.120316	98.822021	98.896599	0	0	1	1	147	1164596
156	1	3	3	0	0	1	0	1	0	0	0	0	0	0	0	4.941538	4.287241	4.274410	4.275836	1.467473	4.250000	6.000000	99.194176	98.895782	98.933075	0	0	1	1	147	1151015
157	2	0	0	1	0	0	0	0	0	0	0	0	0	0	0	4.943151	4.284390	4.267281	4.274410	1.470696	4.250000	6.000000	99.157608	98.822021	98.822021	0	0	1	1	147	1152147
159	0	1	0	0	0	0	0	0	0	0	0	0	0	0	0	4.943151	4.284390	4.267281	4.271558	1.470696	4.250000	6.000000	99.120316	98.784737	98.896599	0	0	1	1	147	1164598
160	0	3	1	1	0	0	0	0	0	0	0	0	0	0	0	4.941538	4.282964	4.270133	4.272984	1.472308	4.250000	6.000000	99.194176	98.858490	98.895782	0	0	1	1	147	1151010
161	0	1	3	1	0	0	0	0	0	0	0	0	0	0	0	4.944762	4.285816	4.270133	4.264430	1.470696	4.250000	6.500000	99.270180	98.561943	98.822884	0	0	1	1	147	1150976
162	0	0	0	1	0	0	0	0	0	0	0	0	0	0	0	4.941538	4.284390	4.268707	4.272984	1.473114	4.250000	6.500000	99.156868	98.783882	98.933075	0	0	1	1	147	1150973
163	1	0	0	0	0	0	0	0	0	0	0	0	0	0	0	4.943151	4.284390	4.270133	4.272984	1.473920	4.250000	6.500000	99.120316	98.822021	98.896599	0	0	1	1	147	1164560
165	1	0	1	1	0	0	0	0	0	0	0	0	0	0	0	4.943151	4.280113	4.271558	4.274410	1.475531	4.500000	6.500000	99.120316	98.822021	98.822021	0	0	1	1	147	1151005
166	0	2	1	1	0	0	0	0	1	0	0	0	0	0	0	4.943151	4.284390	4.270133	4.272984	1.476337	4.500000	6.500000	99.120316	98.822021	98.822021	0	0	1	1	147	1150971
167	2	1	0	1	0	0	0	0	0	0	0	0	0	0	0	4.944762	4.285816	4.271558	4.272984	1.477143	4.500000	6.500000	99.083794	98.785599	98.785599	0	0	1	1	147	1164564
168	0	1	0	0	0	0	0	0	0	0	0	0	0	0	0	4.941538	4.287241	4.272984	4.275836	1.477143	4.500000	6.500000	99.231468	98.933075	98.933075	0	0	1	1	147	1151005
169	1	1	0	1	0	0	0	0	0	0	0	0	0	0	0	4.944762	4.282964	4.271558	4.275836	1.478755	4.500000	6.500000	99.046524	98.785599	98.785599	0	0	1	1	147	1152218
171	2	1	0	0	1	0	0	0	0	0	0	0	0	0	0	4.943151	4.284390	4.270133	4.271558	1.479560	4.500000	6.500000	99.157608	98.896599	98.896599	0	0	1	1	147	1150970
172	0	2	1	1	0	0	0	0	0	0	0	0	0	0	0	4.943151	4.285816	4.267281	4.263004	1.481172	4.500000	6.500000	99.008469	98.822021	98.822021	0	0	1	1	147	1164613
173	4	1	0	2	0	0	0	0	0	0	0	0	0	0	0	4.938315	4.292944	4.265855	4.271558	1.481978	4.500000	6.500000	99.230042	98.931450	98.968781	0	0	1	1	147	1151015
174	2	0	0	0	0	0	0	0	0	0	0	0	0	0	0	4.943151	4.285816	4.271558	4.272984	1.481978	4.500000	6.500000	99.083031	98.784737	98.859314	0	0	1	1	147	1151001
175	1	2	1	0	0	0	0	0	0	0	0	0	0	0	0	4.941538	4.272984	4.258727	4.260152	1.483590	4.500000	6.500000	99.044983	98.671989	98.560097	0	0	1	1	147	1164596
177	1	0	0	1	0	0	0	0	0	0	0	0	0	0	0	4.938315	4.292944	4.267281	4.272984	1.484396	4.500000	6.500000	99.192719	98.931450	98.968781	0	0	1	1	147	1151014
178	0	0	2	0	0	0	0	0	0	0	0	0	0	0	0	4.943151	4.285816	4.271558	4.272984	1.485202	4.500000	6.500000	99.120316	98.784737	98.822021	0	0	1	1	147	1151000
179	0	0	0	0	0	0	0	0	0	0	0	0	0	0	0	4.943151	4.285816	4.271558	4.272984	1.486813	4.500000	6.500000	99.157608	98.822021	98.896599	0	0	1	1	147	1150999
180	3	1	1	2	0	0	1	0	0	0	0	0	0	0	0	4.936703	4.288667	4.275836	4.277261	1.486007	4.500000	6.500000	99.415993	99.117302	99.117302	0	0	1	1	147	1164590
181	1	2	1	0	0	0	0	1	0	0	0	0	0	0	0	4.943151	4.291519	4.272984	4.272984	1.487619	4.500000	6.500000	99.157608	98.822021	98.561020	0	0	1	1	147	1152163
182	2	1	0	0	0	0	0	0	0	0	0	0	0	0	0	4.943151	4.284390	4.272984	4.274410	1.488425	4.750000	7.000000	99.157608	98.822021	98.859314	0	0	1	1	147	1150973
184	1	1	1	1	0	0	0	0	0	0	0	0	0	0	0	4.941538	4.284390	4.271558	4.272984	1.490037	4.750000	7.000000	99.156868	98.821190	98.858490	0	0	1	1	147	1164635
185	2	0	2	0	0	0	0	0	0	0	0	0	0	0	0	4.944762	4.282964	4.270133	4.271558	1.490843	4.750000	7.000000	99.083794	98.785599	98.860153	0	0	1	1	147	1151005
186	0	1	2	1	0	0	0	0	0	0	0	0	0	0	0	4.943151	4.284390	4.268707	4.271558	1.491648	4.750000	7.000000	99.157608	98.859314	98.523727	0	0	1	1	147	1150970
187	3	1	2	1	0	0	0	0	0	0	0	0	0	0	0	4.939927	4.285816	4.274410	4.275836	1.491648	4.750000	7.000000	99.268059	98.932274	98.969566	0	0	1	1	147	1150968
188	1	1	1	3	0	0	0	0	0	0	0	0	0	0	0	4.943151	4.284390	4.270133	4.271558	1.493260	4.750000	7.000000	99.157608	98.859314	98.896599	0	0	1	1	147	1164562
190	0	1	1	0	0	0	0	0	0	0	0	0	0	0	0	4.943151	4.284390	4.271558	4.271558	1.493260	4.750000	7.000000	99.083031	98.822021	98.822021	0	0	1	1	147	1151008
191	0	0	0	0	0	0	0	0	0	0	0	0	0	0	0	4.941538	4.284390	4.271558	4.272984	1.495678	4.750000	7.000000	99.119583	98.821190	98.895782	0	0	1	1	147	1150968
192	2	0	1	2	0	0	0	0	0	0	0	0	0	0	0	4.939927	4.287241	4.272984	4.274410	1.494872	4.750000	7.000000	99.342690	98.969566	99.006889	0	0	1	1	147	1164564
193	0	2	1	0	0	0	0	0	0	0	0	0	0	0	0	4.941538	4.284390	4.268707	4.271558	1.496484	4.750000	7.000000	99.156868	98.783882	98.933075	0	0	1	1	147	1152255
194	0	3	1	3	0	0	0	0	1	0	0	0	0	0	0	4.943151	4.285816	4.271558	4.272984	1.497290	4.750000	7.000000	99.120316	98.747452	98.859314	0	0	1	1	147	1150971
196	2	1	0	0	1	0	0	0	0	0	0	0	0	0	0	4.941538	4.284390	4.267281	4.272984	1.497290	5.000000	7.000000	99.194176	98.821190	98.933075	0	0	1	1	147	1151003
197	2	1	3	0	0	0	0	0	0	0	0	0	0	0	0	4.943151	4.284390	4.268707	4.271558	1.498095	5.000000	7.000000	99.157608	98.784737	98.933891	0	0	1	1	147	1164597
198	1	1	1	1	0	0	0	0	0	0	0	0	0	0	0	4.943151	4.284390	4.268707	4.272984	1.499707	5.000000	7.000000	99.120316	98.747452	98.896599	0	0	1	1	147	1151018
199	0	1	1	1	0	0	0	0	0	0	0	0	0	0	0	4.938315	4.285816	4.270133	4.274410	1.499707	5.000000	7.000000	99.379326	98.968781	99.043419	0	0	1	1	147	1151003
200	0	0	1	0	0	0	0	0	0	0	0	0	0	0	0	4.941538	4.284390	4.270133	4.271558	1.501319	5.000000	7.000000	99.119583	98.746590	98.895782	0	0	1	1	147	1164591
202	1	2	1	1	0	0	0	0	0	0	0	0	0	0	0	4.944762	4.285816	4.271558	4.274410	1.502125	5.000000	7.000000	99.121078	98.822884	98.860153	0	0	1	1	147	1151018
203	0	0	0	0	0	0	0	0	0	0	0	0	0	0	0	4.943151	4.284390	4.271558	4.271558	1.502931	5.000000	7.000000	99.157608	98.822021	99.008469	0	0	1	1	147	1151003
204	0	1	1	0	0	0	0	0	0	0	0	0	0	0	0	4.939927	4.290093	4.274410	4.277261	1.502931	5.000000	7.500000	99.342690	99.006889	99.118820	0	0	1	1	147	1151002
205	1	0	1	0	0	0	0	0	0	0	0	0	0	0	0	4.943151	4.287241	4.270133	4.274410	1.504542	5.000000	7.500000	99.194893	98.822021	98.859314	0	0	1	1	147	1165732
206	2	1	0	1	1	0	0	0	0	0	0	0	0	0	0	4.943151	4.294370	4.268707	4.271558	1.505348	5.000000	7.500000	99.120316	98.822021	98.859314	0	0	1	1	147	1151013
208	1	2	1	2	0	0	0	0	0	0	0	0	0	0	0	4.943151	4.285816	4.271558	4.271558	1.506154	5.000000	7.500000	99.120316	98.784737	98.859314	0	0	1	1	147	1150969
209	0	0	1	1	0	0	0	0	0	0	0	0	0	0	0	4.941538	4.285816	4.270133	4.272984	1.506154	5.000000	7.500000	99.156868	98.821190	98.895782	0	0	1	1	147	1164571
210	0	0	0	0	0	0	0	0	0	0	0	0	0	0	0	4.941538	4.287241	4.268707	4.271558	1.507766	5.000000	7.500000	99.231468	98.858490	98.933075	0	0	1	1	147	1151006
211	1	0	0	0	0	0	0	0	0	0	0	0	0	0	0	4.943151	4.284390	4.270133	4.271558	1.508572	5.000000	7.500000	99.157608	98.822021	98.822021	0	0	1	1	147	1150971
212	1	1	0	1	0	0	1	0	0	0	0	0	0	0	0	4.941538	4.288667	4.271558	4.272984	1.509377	5.000000	7.500000	99.231468	98.858490	98.858490	0	0	1	1	147	1150968
214	0	3	3	1	0	0	0	0	0	0	0	0	0	0	0	4.943151	4.285816	4.270133	4.275836	1.509377	5.000000	7.500000	99.194893	98.784737	98.896599	0	0	1	1	147	1164598
215	1	1	0	2	0	0	1	0	1	0	0	0	0	0	0	4.941538	4.287241	4.271558	4.271558	1.510989	5.250000	7.500000	98.895782	99.082275	98.783882	0	0	1	1	147	1151008
216	2	0	1	1	0	0	0	0	0	0	0	0	0	0	0	4.939927	4.287241	4.272984	4.274410	1.510183	5.250000	7.500000	99.342690	99.044197	98.932274	0	0	1	1	147	1150968
217	0	1	1	1	0	0	0	0	0	0	0	0	0	0	0	4.943151	4.285816	4.271558	4.272984	1.512601	5.250000	7.500000	99.194893	98.784737	98.822021	0	0	1	1	147	1165815
218	1	0	3	0	0	0	0	0	0	0	0	0	0	0	0	4.943151	4.288667	4.271558	4.272984	1.513407	5.250000	7.500000	99.157608	98.784737	98.859314	0	0	1	1	147	1151005
220	1	1	0	1	0	0	0	0	0	0	0	0	0	0	0	4.943151	4.287241	4.271558	4.274410	1.515018	5.250000	7.500000	99.232185	98.822021	98.859314	0	0	1	1	147	1151000
221	1	1	0	0	0	0	0	0	0	0	0	0	0	0	0	4.943151	4.287241	4.272984	4.272984	1.515018	5.250000	7.500000	99.232185	98.822021	98.896599	0	0	1	1	147	1151000
222	1	0	0	0	0	0	0	0	0	0	0	0	0	0	0	4.943151	4.285816	4.270133	4.272984	1.515824	5.250000	7.500000	99.120316	98.822021	98.933891	0	0	1	1	147	1164602
223	1	0	2	2	0	0	0	0	0	0	0	0	0	0	0	4.941538	4.287241	4.270133	4.272984	1.517436	5.250000	7.500000	99.306068	98.783882	98.895782	0	0	1	1	147	1151015
224	0	1	0	1	0	0	0	0	0	0	0	0	0	0	0	4.941538	4.290093	4.271558	4.272984	1.516630	5.250000	7.500000	99.231468	98.858490	98.895782	0	0	1	1	147	1151000
225	0	0	2	1	0	0	0	0	0	0	0	0	0	0	0	4.944762	4.284390	4.270133	4.271558	1.517436	5.250000	7.500000	99.083794	98.785599	98.860153	0	0	1	1	147	1164594
227	1	1	0	1	0	0	0	0	0	0	0	0	0	0	0	4.944762	4.284390	4.270133	4.272984	1.519048	5.250000	7.500000	99.121078	98.785599	98.822884	0	0	1	1	147	1151015
228	0	0	0	0	0	0	0	0	0	0	0	0	0	0	0	4.946374	4.274410	4.282964	4.271558	1.519048	5.250000	7.500000	99.121826	98.749191	98.860992	0	0	1	1	147	1151000
229	0	1	1	2	0	0	0	0	1	0	0	0	0	0	0	4.943151	4.284390	4.272984	4.274410	1.520659	5.250000	7.500000	99.083031	98.784737	98.822021	0	0	1	1	147	1165740
230	1	2	1	0	0	1	0	0	0	0	0	0	0	0	0	4.941538	4.282964	4.270133	4.271558	1.520659	5.250000	8.000000	99.156868	98.858490	98.895782	0	0	1	1	147	1151010
231	1	2	1	1	0	0	0	0	0	0	0	0	0	0	0	4.941538	4.284390	4.270133	4.271558	1.521465	5.250000	8.000000	99.156868	98.858490	98.933075	0	0	1	1	147	1150968
233	1	1	0	0	0	0	0	0	0	0	0	0	0	0	0	4.943151	4.284390	4.271558	4.272984	1.523077	5.500000	8.000000	99.157608	98.784737	98.859314	0	0	1	1	147	1150970
234	1	0	0	1	0	0	0	0	0	0	0	0	0	0	0	4.943151	4.285816	4.272984	4.272984	1.523077	5.500000	8.000000	99.083031	98.822021	98.859314	0	0	1	1	147	1164583
235	0	0	1	1	0	0	0	0	0	0	0	0	0	0	0	4.943151	4.284390	4.268707	4.271558	1.523883	5.500000	8.000000	99.157608	98.859314	98.859314	0	0	1	1	147	1151005
236	1	1	3	0	0	0	0	0	0	0	0	0	0	0	0	4.944762	4.287241	4.268707	4.272984	1.524689	5.500000	8.000000	99.083794	98.338303	98.561943	0	0	1	1	147	1150970
237	1	1	0	1	0	0	0	0	0	0	0	0	0	0	0	4.939927	4.284390	4.271558	4.272984	1.524689	5.500000	8.000000	99.268059	98.857651	99.044197	0	0	1	1	147	1164564
239	0	1	0	1	0	0	0	0	0	0	0	0	0	0	0	4.941538	4.284390	4.270133	4.272984	1.526300	5.500000	8.000000	99.194176	98.933075	98.933075	0	0	1	1	147	1151005
240	0	1	0	1	0	0	0	0	0	0	0	0	0	0	0	4.941538	4.287241	4.272984	4.274410	1.527106	5.500000	8.000000	99.231468	98.933075	99.007675	0	0	1	1	147	1151000
241	2	1	1	0	0	0	0	0	0	0	0	0	0	0	0	4.944762	4.282964	4.270133	4.272984	1.527106	5.500000	8.000000	99.046524	98.412849	98.524689	0	0	1	1	147	1152220
242	0	0	0	0	0	0	0	0	0	0	0	0	0	0	0	4.943151	4.285816	4.271558	4.272984	1.527912	5.500000	8.000000	99.157608	98.859314	98.933891	0	0	1	1	147	1164567
243	0	0	0	2	0	0	0	0	0	0	0	0	0	0	0	4.941538	4.284390	4.270133	4.271558	1.527912	5.500000	8.000000	99.156868	98.858490	98.895782	0	0	1	1	147	1151015
245	0	0	0	2	0	0	0	0	0	0	0	0	0	0	0	4.941538	4.284390	4.271558	4.271558	1.530330	5.500000	8.000000	99.156868	98.858490	98.858490	0	0	1	1	147	1151001
246	1	2	1	1	0	0	0	0	0	0	0	0	0	0	0	4.943151	4.285816	4.270133	4.271558	1.530330	5.500000	8.000000	99.157608	98.784737	98.896599	0	0	1	1	147	1164592
247	0	2	1	0	0	0	0	0	0	0	0	0	0	0	0	4.943151	4.284390	4.268707	4.271558	1.530330	5.500000	8.000000	98.784737	98.374580	98.523727	0	0	1	1	147	1151015
248	0	0	2	0	0	0	0	0	0	0	0	0	0	0	0	4.943151	4.285816	4.272984	4.271558	1.531942	5.500000	8.000000	99.083031	98.747452	98.822021	0	0	1	1	147	1151000
249	0	0	0	0	0	0	0	0	0	0	0	0	0	0	0	4.944762	4.285816	4.270133	4.271558	1.532747	5.750000	8.000000	98.711044	98.487404	98.860153	0	0	1	1	147	1151001
251	0	1	0	0	0	0	0	0	0	0	0	0	0	0	0	4.943151	4.282964	4.268707	4.272984	1.532747	5.750000	8.000000	99.120316	98.822021	98.859314	0	0	1	1	147	1164597
252	0	0	0	1	0	0	0	0	0	0	0	0	0	0	0	4.938315	4.352826	4.267281	4.264430	1.531942	5.750000	8.000000	99.491310	98.894127	99.080734	0	0	1	1	147	1151016
253	0	0	1	0	0	0	0	0	0	0	0	0	0	0	0	4.941538	4.285816	4.272984	4.274410	1.534359	5.750000	8.000000	99.156868	98.858490	98.933075	0	0	1	1	147	1152146
254	1	1	0	1	0	0	0	0	0	0	0	0	0	0	0	4.943151	4.282964	4.268707	4.272984	1.535165	5.750000	8.000000	99.157608	98.822021	98.859314	0	0	1	1	147	1164559
255	2	3	1	1	0	0	1	0	0	0	0	0	0	0	0	4.943151	4.284390	4.271558	4.274410	1.535971	5.750000	8.000000	99.120316	98.784737	98.822021	0	0	1	1	147	1151006
257	2	0	1	0	0	1	0	0	0	0	0	0	0	0	0	4.943151	4.284390	4.270133	4.271558	1.535971	5.750000	8.500000	99.120316	98.822021	98.859314	0	0	1	1	147	1150970
258	1	0	0	1	0	0	0	0	0	0	0	0	0	0	0	4.943151	4.284390	4.270133	4.271558	1.536777	5.750000	8.500000	99.120316	98.822021	98.859314	0	0	1	1	147	1150967
259	2	1	0	0	0	0	0	0	0	0	0	0	0	0	0	4.941538	4.282964	4.268707	4.272984	1.538388	5.750000	8.500000	99.156868	98.858490	98.895782	0	0	1	1	147	1164559
260	1	0	0	1	0	0	0	0	0	0	0	0	0	0	0	4.944762	4.284390	4.271558	4.271558	1.539194	5.750000	8.500000	99.083794	98.450134	99.009239	0	0	1	1	147	1151032
261	1	1	2	1	0	1	0	0	0	0	0	0	0	0	0	4.943151	4.284390	4.270133	4.275836	1.540000	5.750000	8.500000	99.157608	98.822021	98.859314	0	0	1	1	147	1150968
263	0	0	0	0	0	0	0	0	0	0	0	0	0	0	0	4.943151	4.285816	4.271558	4.272984	1.540806	5.750000	8.500000	99.120316	98.784737	98.822021	0	0	1	1	147	1164562
264	1	3	0	0	0	0	0	0	0	0	0	0	0	0	0	4.943151	4.287241	4.272984	4.275836	1.540000	5.750000	8.500000	99.157608	98.896599	98.896599	0	0	1	1	147	1151008
265	0	3	1	2	0	0	0	0	0	0	0	0	0	0	0	4.944762	4.284390	4.271558	4.272984	1.542418	5.750000	8.500000	99.121078	98.412849	98.934700	0	0	1	1	147	1152220
266	0	0	1	0	0	0	0	0	0	0	0	0	0	0	0	4.944762	4.284390	4.270133	4.274410	1.542418	5.750000	8.500000	98.860153	98.822884	98.748329	0	0	1	1	147	1150968
267	1	1	0	0	0	0	0	0	0	0	0	0	0	0	0	4.943151	4.287241	4.270133	4.270133	1.543224	5.750000	8.500000	99.194893	98.822021	98.896599	0	0	1	1	147	1164525
269	0	2	0	0	0	0	0	0	0	0	0	0	0	0	0	4.941538	4.284390	4.271558	4.271558	1.543224	5.750000	8.500000	99.268776	98.858490	98.933075	0	0	1	1	147	1151015
270	1	0	0	1	0	0	0	0	0	0	0	0	0	0	0	4.941538	4.288667	4.272984	4.272984	1.544029	5.750000	8.500000	99.194176	98.821190	98.895782	0	0	1	1	147	1151000
271	4	1	2	2	0	0	1	0	0	0	0	0	0	0	0	4.943151	4.287241	4.270133	4.275836	1.545641	6.000000	8.500000	99.194893	98.822021	98.859314	0	0	1	1	147	1204730
272	1	0	0	0	0	0	0	0	0	0	0	0	0	0	0	4.941538	4.285816	4.270133	4.272984	1.545641	6.000000	8.500000	99.194176	98.821190	98.522797	0	0	1	1	147	1151015
273	0	3	2	3	0	0	0	1	0	0	0	0	0	0	0	4.944762	4.285816	4.270133	4.272984	1.546447	6.000000	8.500000	98.934700	98.860153	98.711044	0	0	1	1	147	1151001
274	4	0	0	2	0	0	0	0	0	0	0	0	0	0	0	4.943151	4.288667	4.260152	4.275836	1.548059	6.000000	8.500000	99.083031	98.784737	98.822021	0	0	1	1	147	1151000
276	0	2	2	1	0	0	0	0	1	0	0	0	0	0	0	4.939927	4.287241	4.275836	4.274410	1.546447	6.000000	8.500000	99.230751	98.932274	98.969566	0	0	1	1	147	1190124
277	0	0	0	1	0	0	0	0	0	0	0	0	0	0	0	4.941538	4.287241	4.271558	4.274410	1.548059	6.000000	8.500000	99.231468	98.858490	98.858490	0	0	1	1	147	1152160
278	0	2	2	0	0	0	0	0	0	0	0	0	0	0	0	4.943151	4.288667	4.272984	4.270133	1.548059	6.000000	8.500000	98.896599	98.449150	98.523727	0	0	1	1	147	1150976
279	1	0	0	1	0	0	0	0	0	0	0	0	0	0	0	4.943151	4.285816	4.270133	4.272984	1.549670	6.000000	8.500000	99.194893	98.822021	98.822021	0	0	1	1	147	1164565
280	3	2	3	1	0	0	0	0	0	0	0	0	0	0	0	4.941538	4.287241	4.271558	4.271558	1.549670	6.000000	8.500000	99.194176	98.783882	98.858490	0	0	1	1	147	1151005
282	0	1	1	2	0	0	0	1	0	0	0	0	0	0	0	4.943151	4.284390	4.268707	4.272984	1.549670	6.000000	8.500000	98.896599	98.747452	98.822021	0	0	1	1	147	1150971
283	1	0	4	1	0	0	0	0	0	0	0	0	0	0	0	4.943151	4.288667	4.271558	4.272984	1.552088	6.000000	8.500000	99.157608	98.822021	98.822021	0	0	1	1	147	1150968
284	0	0	2	0	0	0	0	0	0	0	0	0	0	0	0	4.943151	4.288667	4.270133	4.271558	1.552088	6.000000	8.500000	99.194893	98.784737	98.859314	0	0	1	1	147	1164563
285	2	0	2	1	0	1	0	0	0	0	0	0	0	0	0	4.938315	4.285816	4.267281	4.271558	1.552894	6.000000	9.000000	99.267357	98.931450	99.006096	0	0	1	1	147	1151005
286	0	1	0	2	0	0	0	0	0	0	0	0	0	0	0	4.943151	4.284390	4.271558	4.271558	1.553700	6.000000	9.000000	99.120316	98.784737	98.822021	0	0	1	1	147	1150968
288	0	1	0	0	0	0	0	0	0	0	0	0	0	0	0	4.941538	4.288667	4.274410	4.274410	1.552894	6.000000	9.000000	99.306068	98.933075	98.933075	0	0	1	1	147	1164555
289	0	0	1	0	0	0	0	0	0	0	0	0	0	0	0	4.943151	4.285816	4.270133	4.272984	1.554506	6.000000	9.000000	99.120316	98.822021	98.822021	0	0	1	1	147	1152151
290	0	0	0	2	0	0	0	0	0	0	0	0	0	0	0	4.944762	4.282964	4.270133	4.272984	1.555311	6.000000	9.000000	99.083794	98.785599	98.822884	0	0	1	1	147	1150970
291	0	0	0	0	0	0	0	0	0	0	0	0	0	0	0	4.944762	4.287241	4.271558	4.272984	1.555311	6.000000	9.000000	99.083794	98.785599	98.822884	0	0	1	1	147	1151004
292	0	0	0	1	0	0	0	0	0	0	0	0	0	0	0	4.939927	4.287241	4.272984	4.275836	1.555311	6.000000	9.000000	99.230751	98.894958	99.006889	0	0	1	1	147	1164596
294	2	1	0	1	0	0	0	0	1	0	0	0	0	0	0	4.943151	4.282964	4.270133	4.272984	1.556923	6.250000	9.000000	99.120316	98.747452	98.822021	0	0	1	1	147	1151017
295	1	3	1	2	0	0	0	0	0	0	0	0	0	0	0	4.943151	4.285816	4.271558	4.272984	1.558535	6.250000	9.000000	99.083031	98.784737	98.822021	0	0	1	1	147	1151004
296	1	0	0	1	0	0	0	0	0	0	0	0	0	0	0	4.941538	4.284390	4.271558	4.272984	1.558535	6.250000	9.000000	99.119583	98.821190	98.858490	0	0	1	1	147	1164591
297	1	1	0	2	0	0	0	0	0	0	0	0	0	0	0	4.943151	4.282964	4.270133	4.274410	1.558535	6.250000	9.000000	99.120316	98.822021	98.933891	0	0	1	1	147	1151017
298	1	2	5	0	0	1	0	0	0	0	0	0	0	0	0	4.943151	4.284390	4.271558	4.274410	1.559341	6.250000	9.000000	99.120316	98.784737	98.859314	0	0	1	1	147	1151004
300	1	1	0	2	0	0	0	0	0	0	0	0	0	0	0	4.941538	4.285816	4.271558	4.274410	1.558535	6.250000	9.000000	99.231468	98.895782	98.895782	0	0	1	1	147	1151000
301	2	1	0	0	0	0	0	0	0	0	0	0	0	0	0	4.941538	4.282964	4.268707	4.271558	1.560952	6.250000	9.000000	99.156868	98.821190	98.858490	0	0	1	1	147	1165751
302	0	1	0	1	0	0	0	0	0	0	0	0	0	0	0	4.941538	4.284390	4.271558	4.272984	1.560952	6.250000	9.000000	99.156868	98.821190	98.858490	0	0	1	1	147	1151011
303	0	0	0	1	0	0	0	0	0	0	0	0	0	0	0	4.943151	4.285816	4.271558	4.271558	1.561758	6.250000	9.000000	99.083031	98.747452	98.822021	0	0	1	1	147	1150971
304	0	2	1	2	0	0	0	0	1	0	0	0	0	0	0	4.943151	4.284390	4.271558	4.271558	1.562564	6.250000	9.000000	99.083031	98.747452	98.822021	0	0	1	1	147	1164564
306	1	3	1	2	0	0	0	0	0	0	0	0	0	0	0	4.943151	4.284390	4.270133	4.272984	1.563370	6.250000	9.000000	99.120316	98.822021	98.859314	0	0	1	1	147	1151006
307	1	1	1	0	0	0	0	1	0	0	0	0	0	0	0	4.941538	4.282964	4.272984	4.272984	1.564176	6.250000	9.000000	98.821190	99.082275	98.746590	0	0	1	1	147	1150971
308	1	1	0	0	0	0	0	0	0	0	0	0	0	0	0	4.943151	4.285816	4.270133	4.271558	1.564176	6.250000	9.000000	99.120316	98.784737	98.822021	0	0	1	1	147	1150969
309	0	1	1	2	0	0	0	0	0	0	0	0	0	0	0	4.943151	4.285816	4.271558	4.272984	1.564982	6.250000	9.000000	99.120316	98.784737	98.822021	0	0	1	1	147	1164561
310	3	2	0	2	0	0	0	0	0	0	0	0	0	0	0	4.943151	4.294370	4.267281	4.270133	1.564982	6.250000	9.000000	99.120316	98.784737	98.822021	0	0	1	1	147	1151008
312	1	0	0	1	0	0	0	0	0	0	0	0	0	0	0	4.939927	4.287241	4.272984	4.274410	1.565788	6.250000	9.000000	99.230751	98.932274	98.633781	0	0	1	1	147	1150968
313	0	0	0	0	0	0	0	0	0	0	0	0	0	0	0	4.943151	4.287241	4.271558	4.272984	1.566594	6.250000	9.000000	99.157608	98.784737	98.822021	0	0	1	1	147	1165843
314	0	0	0	2	0	0	0	0	0	0	0	0	0	0	0	4.943151	4.284390	4.270133	4.272984	1.567399	6.250000	9.000000	99.120316	98.747452	98.822021	0	0	1	1	147	1151006
315	0	4	0	0	0	0	0	0	0	0	0	0	0	0	0	4.951209	4.275836	4.268707	4.260152	1.567399	6.250000	9.000000	99.310211	98.379562	98.193428	0	0	1	1	147	1151000
316	3	0	1	0	0	0	0	0	0	0	0	0	0	0	0	4.943151	4.285816	4.270133	4.274410	1.567399	6.250000	9.000000	99.418610	98.672874	98.822021	0	0	1	1	147	1151000
318	1	1	1	1	0	0	0	0	0	0	0	0	0	0	0	4.943151	4.285816	4.272984	4.274410	1.568205	6.250000	9.000000	99.120316	98.822021	98.896599	0	0	1	1	147	1164617
319	1	0	1	1	0	0	0	0	0	0	0	0	0	0	0	4.943151	4.284390	4.270133	4.272984	1.569011	6.250000	9.000000	99.120316	98.411865	98.896599	0	0	1	1	147	1151015
320	0	1	1	2	0	0	0	0	0	0	0	0	0	0	0	4.941538	4.285816	4.270133	4.271558	1.569817	6.500000	9.000000	99.455261	98.709282	98.895782	0	0	1	1	147	1151000
321	0	0	1	1	0	0	0	0	0	0	0	0	0	0	0	4.943151	4.284390	4.270133	4.272984	1.570623	6.500000	9.500000	98.822021	98.598305	98.747452	0	0	1	1	147	1164632
322	0	0	0	0	0	0	0	0	0	0	0	0	0	0	0	4.939927	4.274410	4.258727	4.263004	1.569817	6.500000	9.500000	98.932274	98.633781	99.044197	0	0	1	1	147	1151015
323	1	0	0	1	0	0	0	0	0	0	0	0	0	0	0	4.943151	4.288667	4.272984	4.275836	1.571429	6.500000	9.500000	99.269463	98.896599	98.933891	0	0	1	1	147	1151000
325	2	1	0	1	0	0	0	0	0	0	0	0	0	0	0	4.943151	4.287241	4.270133	4.263004	1.570623	6.500000	9.500000	99.381340	98.747452	98.859314	0	0	1	1	147	1152250
326	0	1	1	2	0	0	0	0	1	0	0	0	0	0	0	4.944762	4.287241	4.271558	4.274410	1.573040	6.500000	9.500000	99.121078	98.748329	98.785599	0	0	1	1	147	1164601
327	1	0	2	1	0	1	0	0	0	0	0	0	0	0	0	4.943151	4.288667	4.271558	4.272984	1.573040	6.500000	9.500000	99.194893	98.784737	98.859314	0	0	1	1	147	1151005
328	2	3	1	2	0	0	0	0	0	0	0	0	0	0	0	4.944762	4.282964	4.271558	4.275836	1.573846	6.500000	9.500000	99.121078	98.748329	98.785599	0	0	1	1	147	1150968
329	1	0	0	2	0	0	0	0	0	0	0	0	0	0	0	4.943151	4.288667	4.271558	4.274410	1.574652	6.500000	9.500000	98.933891	99.008469	98.784737	0	0	1	1	147	1164558
331	2	1	2	0	1	0	0	0	0	0	0	0	0	0	0	4.943151	4.288667	4.270133	4.272984	1.574652	6.500000	9.500000	99.194893	98.822021	98.896599	0	0	1	1	147	1151005
332	1	2	3	0	0	1	0	0	0	0	0	0	0	0	0	4.943151	4.287241	4.270133	4.271558	1.574652	6.500000	9.500000	99.232185	98.784737	98.822021	0	0	1	1	147	1150968
333	1	2	1	0	0	0	0	0	0	0	0	0	0	0	0	4.944762	4.285816	4.277261	4.272984	1.576264	6.500000	9.500000	99.046524	98.748329	98.822884	0	0	1	1	147	1150971
334	1	1	1	2	0	0	0	0	0	0	0	0	0	0	0	4.941538	4.285816	4.272984	4.258727	1.576264	6.500000	9.500000	99.268776	98.746590	98.858490	0	0	1	1	147	1186845
335	0	1	2	1	0	0	0	0	0	0	0	0	0	0	0	4.941538	4.287241	4.274410	4.274410	1.575458	6.500000	9.500000	99.343376	98.933075	98.970383	0	0	1	1	147	1151005
337	1	0	0	1	0	0	0	0	0	0	0	0	0	0	0	4.943151	4.288667	4.270133	4.272984	1.578681	6.500000	9.500000	99.157608	98.747452	98.822021	0	0	1	1	147	1152218
338	1	0	1	2	0	0	0	0	0	0	0	0	0	0	0	4.943151	4.287241	4.271558	4.272984	1.578681	6.500000	9.500000	99.269463	98.822021	98.896599	0	0	1	1	147	1164553
339	0	1	0	1	0	0	0	0	0	0	0	0	0	0	0	4.941538	4.288667	4.268707	4.271558	1.578681	6.500000	9.500000	99.231468	98.783882	98.821190	0	0	1	1	147	1151017
340	0	1	2	2	0	0	0	0	1	0	0	0	0	0	0	4.941538	4.287241	4.271558	4.275836	1.579487	6.500000	9.500000	99.156868	98.858490	98.933075	0	0	1	1	147	1151000
341	0	0	0	3	0	0	0	0	0	0	0	0	0	0	0	4.944762	4.285816	4.268707	4.272984	1.579487	6.500000	9.500000	99.158348	98.785599	98.897430	0	0	1	1	147	1151001
343	1	2	0	0	0	0	0	0	0	0	0	0	0	0	0	4.938315	4.288667	4.271558	4.275836	1.580293	6.750000	9.500000	99.379326	98.931450	99.080734	0	0	1	1	147	1164596
344	2	2	1	1	0	0	0	0	0	0	0	0	0	0	0	4.943151	4.282964	4.270133	4.274410	1.580293	6.500000	9.500000	99.120316	98.822021	98.933891	0	0	1	1	147	1151015
345	2	0	1	1	0	0	0	0	0	0	0	0	0	0	0	4.941538	4.287241	4.270133	4.274410	1.581905	6.750000	9.500000	99.231468	98.858490	98.933075	0	0	1	1	147	1151000
346	1	0	1	4	0	0	0	0	0	0	0	0	0	0	0	4.943151	4.285816	4.270133	4.275836	1.581905	6.750000	9.500000	99.194893	98.822021	98.896599	0	0	1	1	147	1164596
347	1	0	0	0	0	0	0	0	0	0	0	0	0	0	0	4.939927	4.291519	4.275836	4.280113	1.581099	6.750000	9.500000	99.380005	98.969566	99.081512	0	0	1	1	147	1151015
349	0	0	2	0	0	0	0	0	0	0	0	0	0	0	0	4.943151	4.285816	4.274410	4.277261	1.582711	6.750000	9.500000	99.120316	98.784737	98.896599	0	0	1	1	147	1152250
350	1	1	0	4	0	0	0	0	1	0	0	0	0	0	0	4.943151	4.284390	4.268707	4.274410	1.582711	6.750000	9.500000	99.120316	98.822021	98.933891	0	0	1	1	147	1164574
351	1	1	0	0	0	0	0	0	0	0	0	0	0	0	0	4.944762	4.284390	4.268707	4.274410	1.584322	6.750000	9.500000	99.083794	98.412849	98.673775	0	0	1	1	147	1151008
352	0	0	0	1	0	0	0	0	0	0	0	0	0	0	0	4.941538	4.284390	4.270133	4.275836	1.585128	6.750000	9.500000	99.156868	98.858490	98.895782	0	0	1	1	147	1150968
353	2	2	0	1	0	0	0	0	0	0	0	0	0	0	0	4.939927	4.278687	4.258727	4.284390	1.582711	6.750000	9.500000	99.193443	98.894958	99.006889	0	0	1	1	147	1150968
355	0	1	0	0	0	0	0	0	0	0	0	0	0	0	0	4.943151	4.284390	4.270133	4.258727	1.585934	6.750000	9.500000	99.120316	98.747452	98.859314	0	0	1	1	147	1164565
356	1	2	0	0	0	0	0	0	0	0	0	0	0	0	0	4.943151	4.284390	4.270133	4.274410	1.585934	6.750000	9.500000	99.083031	98.784737	98.896599	0	0	1	1	147	1151005
357	3	1	0	4	0	0	0	0	1	0	0	0	0	0	0	4.943151	4.282964	4.270133	4.272984	1.586740	6.750000	10.000000	99.120316	98.859314	98.896599	0	0	1	1	147	1150968
358	1	2	4	0	0	0	0	1	0	0	0	0	0	0	0	4.943151	4.281538	4.274410	4.271558	1.586740	6.750000	9.500000	99.083031	98.822021	98.859314	0	0	1	1	148	1164569
359	0	1	0	1	0	0	0	0	0	0	0	0	0	0	0	4.941538	4.285816	4.275836	4.264430	1.585934	6.750000	10.000000	99.455261	98.858490	98.970383	0	0	1	1	147	1151004
361	1	1	0	0	0	0	0	0	0	0	0	0	0	0	0	4.943151	4.285816	4.271558	4.271558	1.587546	6.750000	10.000000	99.120316	98.784737	98.822021	0	0	1	1	148	1152223
362	0	1	0	0	0	0	0	0	0	0	0	0	0	0	0	4.943151	4.284390	4.270133	4.271558	1.588352	6.750000	10.000000	99.157608	98.822021	98.822021	0	0	1	1	148	1150965
363	1	2	1	0	0	0	0	0	0	0	0	0	0	0	0	4.943151	4.282964	4.272984	4.271558	1.588352	6.750000	10.000000	99.120316	98.859314	98.822021	0	0	1	1	148	1164580
364	0	1	1	2	0	0	0	0	0	0	0	0	0	0	0	4.941538	4.284390	4.272984	4.272984	1.589963	6.750000	10.000000	99.194176	98.858490	98.895782	0	0	1	1	148	1151002
365	2	1	0	2	0	0	0	0	0	0	0	0	0	0	0	4.943151	4.284390	4.270133	4.272984	1.590769	6.750000	10.000000	99.083031	98.747452	98.784737	0	0	1	1	148	1150978
367	0	2	1	0	0	0	0	0	0	0	0	0	0	0	0	4.943151	4.284390	4.270133	4.271558	1.590769	6.750000	10.000000	99.120316	98.822021	98.933891	0	0	1	1	148	1164571
368	1	0	1	1	0	0	0	0	0	0	0	0	0	0	0	4.944762	4.284390	4.271558	4.272984	1.591575	6.750000	10.000000	99.083794	98.636497	98.561943	0	0	1	1	148	1151023
369	1	0	6	1	0	0	0	0	0	0	0	0	0	0	0	4.941538	4.282964	4.268707	4.272984	1.591575	7.000000	10.000000	99.156868	98.858490	98.858490	0	0	1	1	148	1150978
370	1	0	0	0	0	0	0	0	0	0	0	0	0	0	0	4.943151	4.284390	4.268707	4.272984	1.591575	7.000000	10.000000	99.120316	98.822021	98.859314	0	0	1	1	148	1150978
371	4	1	2	2	0	0	0	0	0	0	0	0	0	0	0	4.941538	4.285816	4.274410	4.278687	1.592381	7.000000	10.000000	99.194176	98.895782	98.933075	0	0	1	1	148	1164571
373	2	0	0	1	0	0	0	0	0	0	0	0	0	0	0	4.941538	4.287241	4.272984	4.272984	1.593187	7.000000	10.000000	99.231468	98.783882	98.858490	0	0	1	1	148	1152168
374	3	1	1	2	1	1	0	0	0	0	0	0	0	0	0	4.941538	4.284390	4.271558	4.274410	1.593187	7.000000	10.000000	99.156868	98.821190	98.821190	0	0	1	1	148	1150974
375	0	1	2	0	0	0	0	0	0	0	0	0	0	0	0	4.943151	4.285816	4.271558	4.272984	1.593187	7.000000	10.000000	99.194893	98.822021	98.896599	0	0	1	1	148	1164562
376	2	2	0	1	0	0	0	0	0	0	0	0	0	0	0	4.943151	4.287241	4.271558	4.274410	1.594799	7.000000	10.000000	98.859314	98.486443	98.896599	0	0	1	1	148	1151012
377	2	1	1	0	0	0	0	0	0	0	0	0	0	0	0	4.943151	4.285816	4.271558	4.275836	1.594799	7.000000	10.000000	99.194893	98.784737	98.822021	0	0	1	1	148	1150965
379	3	1	1	0	0	0	0	0	0	0	0	0	0	0	0	4.941538	4.288667	4.270133	4.271558	1.594799	7.000000	10.000000	99.194176	98.821190	98.858490	0	0	1	1	148	1150965
380	1	0	2	1	0	0	0	0	0	0	0	0	0	0	0	4.941538	4.274410	4.258727	4.258727	1.594799	7.000000	10.000000	98.485497	98.560097	99.119583	0	0	1	1	148	1164557
381	0	0	0	1	0	0	0	0	0	0	0	0	0	0	0	4.943151	4.288667	4.271558	4.274410	1.596410	7.000000	10.000000	99.232185	98.859314	98.896599	0	0	1	1	148	1151011
382	0	1	0	1	0	0	0	0	0	0	0	0	0	0	0	4.943151	4.288667	4.271558	4.272984	1.597216	7.000000	10.000000	99.194893	98.822021	98.933891	0	0	1	1	148	1151069
383	1	1	2	2	0	0	0	0	0	1	0	0	0	0	0	4.939927	4.288667	4.274410	4.275836	1.597216	7.000000	10.000000	99.268059	98.969566	98.969566	0	0	1	1	148	1164567
385	0	1	1	1	0	0	0	0	0	0	0	0	0	0	0	4.939927	4.271558	4.258727	4.260152	1.597216	7.000000	10.000000	98.932274	98.857651	98.894958	0	0	1	1	148	1152159
386	0	0	0	1	0	0	0	0	0	0	0	0	0	0	0	4.943151	4.288667	4.271558	4.275836	1.599634	7.000000	10.000000	99.232185	98.784737	98.859314	0	0	1	1	148	1150965
387	0	0	1	1	0	0	0	0	0	0	0	0	0	0	0	4.944762	4.287241	4.271558	4.271558	1.599634	7.000000	10.000000	99.158348	98.822884	98.860153	0	0	1	1	148	1150978
388	1	1	2	1	0	0	0	0	0	0	0	0	0	0	0	4.939927	4.284390	4.270133	4.270133	1.598828	7.000000	10.000000	99.230751	98.894958	98.894958	0	0	1	1	148	1164577
389	1	2	0	1	0	0	0	0	0	0	0	0	0	0	0	4.943151	4.285816	4.271558	4.272984	1.598828	7.000000	10.000000	99.269463	98.747452	98.822021	0	0	1	1	148	1151039
391	1	2	3	1	0	0	0	0	0	0	0	0	0	0	0	4.941538	4.288667	4.271558	4.275836	1.599634	7.000000	10.000000	99.156868	98.783882	98.933075	0	0	1	1	148	1150978
392	0	3	1	2	0	0	0	0	1	0	0	0	0	0	0	4.941538	4.287241	4.271558	4.271558	1.600440	7.000000	10.000000	99.194176	98.821190	98.858490	0	0	1	1	148	1164580
393	0	3	0	2	0	0	0	0	1	0	0	0	0	0	0	4.943151	4.287241	4.271558	4.275836	1.601246	7.000000	10.000000	99.157608	98.449150	99.083031	0	0	1	1	148	1151022
394	0	2	1	1	0	0	0	0	0	0	0	0	0	0	0	4.939927	4.285816	4.270133	4.274410	1.600440	7.000000	10.000000	99.268059	98.857651	98.932274	0	0	1	1	148	1150978
395	1	3	1	2	0	0	0	0	1	0	0	0	0	0	0	4.941538	4.290093	4.274410	4.278687	1.601246	7.000000	10.000000	99.268776	98.895782	99.007675	0	0	1	1	148	1150978
397	0	1	0	0	0	0	0	0	0	0	0	0	0	0	0	4.943151	4.287241	4.268707	4.275836	1.601246	7.000000	10.000000	99.232185	98.747452	98.896599	0	0	1	1	148	1165822
398	0	0	2	1	0	0	0	0	0	0	0	0	0	0	0	4.943151	4.285816	4.270133	4.274410	1.602857	7.000000	10.000000	98.859314	98.523727	98.971169	0	0	1	1	148	1151018
399	2	2	0	0	1	0	0	0	0	0	0	0	0	0	0	4.943151	4.287241	4.271558	4.277261	1.603663	7.000000	10.000000	99.194893	98.822021	98.896599	0	0	1	1	148	1150965
400	0	1	0	1	0	0	0	0	0	0	0	0	0	0	0	4.943151	4.285816	4.270133	4.274410	1.603663	7.000000	10.000000	99.194893	98.822021	98.896599	0	0	1	1	148	1164480
401	0	1	2	0	0	0	0	0	0	0	0	0	0	0	0	4.944762	4.287241	4.268707	4.274410	1.603663	7.000000	10.500000	98.860153	98.897430	98.785599	0	0	1	1	148	1151013
403	0	1	2	0	0	0	0	0	0	0	0	0	0	0	0	4.943151	4.285816	4.270133	4.275836	1.604469	7.250000	10.500000	99.157608	98.784737	98.896599	0	0	1	1	148	1150965
404	0	1	1	1	0	0	0	0	0	0	0	0	0	0	0	4.943151	4.285816	4.270133	4.274410	1.606081	7.250000	10.500000	99.194893	98.859314	98.896599	0	0	1	1	148	1150965
405	2	0	0	0	0	0	0	0	0	0	0	0	0	0	0	4.943151	4.287241	4.271558	4.274410	1.606081	7.250000	10.500000	99.194893	98.896599	98.933891	0	0	1	1	148	1164669
406	1	3	1	0	0	0	0	0	0	0	0	0	0	0	0	4.944762	4.287241	4.271558	4.274410	1.604469	7.250000	10.500000	99.158348	98.822884	98.860153	0	0	1	1	148	1151010
407	2	0	1	1	0	0	0	0	0	0	0	0	0	0	0	4.941538	4.288667	4.275836	4.278687	1.606081	7.250000	10.500000	99.306068	98.970383	99.007675	0	0	1	1	148	1150965
409	0	0	0	1	0	0	0	0	0	0	0	0	0	0	0	4.941538	4.285816	4.271558	4.272984	1.606081	7.250000	10.500000	99.231468	98.895782	98.970383	0	0	1	1	148	1165827
410	1	0	0	2	0	0	0	0	0	0	0	0	0	0	0	4.943151	4.288667	4.274410	4.275836	1.607692	7.250000	10.500000	99.157608	98.859314	98.896599	0	0	1	1	148	1151011
411	0	0	2	2	0	0	0	0	0	0	0	0	0	0	0	4.941538	4.285816	4.270133	4.277261	1.606887	7.250000	10.500000	99.231468	98.821190	98.933075	0	0	1	1	148	1150980
412	2	0	3	0	0	0	0	0	0	0	0	0	0	0	0	4.941538	4.288667	4.272984	4.277261	1.608498	7.250000	10.500000	99.306068	98.933075	99.007675	0	0	1	1	148	1164593
413	1	2	1	1	0	0	0	0	1	0	0	0	0	0	0	4.943151	4.287241	4.271558	4.271558	1.609304	7.250000	10.500000	99.157608	98.784737	98.896599	0	0	1	1	148	1151020
415	0	0	2	1	0	0	0	0	0	0	0	0	0	0	0	4.943151	4.282964	4.272984	4.271558	1.608498	7.250000	10.500000	98.859314	98.598305	98.822021	0	0	1	1	148	1150998
416	2	2	0	0	0	0	0	0	0	0	0	0	0	0	0	4.943151	4.284390	4.270133	4.271558	1.609304	7.250000	10.500000	99.157608	98.747452	98.822021	0	0	1	1	148	1150978
417	0	1	0	1	0	0	0	0	0	0	0	0	0	0	0	4.943151	4.284390	4.274410	4.271558	1.610110	7.250000	10.500000	99.120316	98.822021	98.784737	0	0	1	1	148	1164576
418	0	1	2	1	0	0	0	0	0	0	0	0	0	0	0	4.939927	4.271558	4.265855	4.260152	1.608498	7.250000	10.500000	98.894958	98.745705	99.193443	0	0	1	1	148	1151023
419	0	0	2	0	0	0	0	0	0	0	0	0	0	0	0	4.941538	4.287241	4.275836	4.277261	1.609304	7.250000	10.500000	99.268776	98.895782	98.821190	0	0	1	1	148	1150978
421	0	0	0	1	0	0	0	0	0	0	0	0	0	0	0	4.941538	4.284390	4.272984	4.271558	1.610916	7.250000	10.500000	99.119583	98.895782	98.858490	0	0	1	1	148	1165819
422	0	2	1	1	0	0	0	0	0	0	0	0	0	0	0	4.941538	4.284390	4.270133	4.271558	1.611722	7.250000	10.500000	99.119583	98.858490	98.895782	0	0	1	1	148	1151016
423	0	0	0	1	0	0	0	0	0	0	0	0	0	0	0	4.938315	4.270133	4.254449	4.267281	1.611722	7.250000	10.500000	99.379326	98.595543	99.043419	0	0	1	1	148	1150967
424	3	1	2	2	0	0	1	0	1	0	0	0	0	0	0	4.941538	4.285816	4.271558	4.274410	1.611722	7.250000	10.500000	99.231468	98.933075	98.895782	0	0	1	1	148	1150965
425	1	1	3	2	0	0	0	0	0	0	0	0	0	0	0	4.943151	4.285816	4.272984	4.271558	1.612528	7.250000	10.500000	99.083031	98.747452	98.822021	0	0	1	1	148	1164564
427	1	2	0	1	0	0	0	0	0	0	0	0	0	0	0	4.941538	4.288667	4.272984	4.271558	1.613333	7.250000	10.500000	99.194176	98.821190	98.858490	0	0	1	1	148	1151011
428	1	1	1	1	0	0	0	0	0	0	0	0	0	0	0	4.943151	4.287241	4.270133	4.271558	1.611722	7.250000	10.500000	99.232185	98.784737	98.859314	0	0	1	1	148	1150968
429	2	2	1	2	0	0	0	0	0	0	0	0	0	0	0	4.943151	4.287241	4.271558	4.274410	1.614139	7.250000	10.500000	99.157608	98.747452	98.822021	0	0	1	1	148	1164560
430	2	0	1	2	0	0	2	0	0	0	0	0	0	0	0	4.943151	4.288667	4.270133	4.272984	1.614945	7.250000	10.500000	99.194893	98.747452	98.784737	0	0	1	1	148	1151010
431	0	2	2	1	0	0	0	1	0	0	0	0	0	0	0	4.941538	4.288667	4.272984	4.275836	1.614139	7.250000	10.500000	99.380669	98.933075	99.007675	0	0	1	1	148	1151072
433	0	0	0	1	0	0	0	0	0	0	0	0	0	0	0	4.943151	4.285816	4.271558	4.271558	1.614945	7.250000	10.500000	99.194893	98.411865	98.896599	0	0	1	1	148	1152217
434	0	2	2	0	0	0	0	0	0	0	0	0	0	0	0	4.941538	4.285816	4.270133	4.272984	1.615751	7.500000	10.500000	99.194176	98.821190	98.858490	0	0	1	1	148	1164562
435	0	1	1	0	0	0	0	0	0	0	0	0	0	0	0	4.941538	4.287241	4.270133	4.271558	1.616557	7.500000	10.500000	99.231468	98.821190	98.858490	0	0	1	1	148	1151020
436	0	2	1	1	0	0	0	1	0	0	0	0	0	0	0	4.943151	4.285816	4.258727	4.281538	1.616557	7.500000	10.500000	99.120316	98.784737	98.822021	0	0	1	1	148	1150981
437	2	0	2	2	0	0	0	0	0	0	0	0	0	0	0	4.941538	4.285816	4.272984	4.271558	1.617363	7.500000	10.500000	99.194176	98.933075	98.858490	0	0	1	1	148	1164597
439	2	2	0	1	0	0	0	0	0	0	0	0	0	0	0	4.943151	4.285816	4.270133	4.272984	1.618169	7.500000	10.500000	99.157608	98.784737	98.822021	0	0	1	1	148	1151020
440	0	0	1	1	0	0	0	0	0	0	0	0	0	0	0	4.943151	4.288667	4.270133	4.272984	1.617363	7.500000	10.500000	99.157608	98.784737	98.859314	0	0	1	1	148	1150978
441	1	2	1	0	0	1	0	0	0	0	0	0	0	0	0	4.943151	4.287241	4.270133	4.271558	1.618169	7.500000	10.500000	99.157608	98.784737	98.822021	0	0	1	1	148	1150981
442	1	1	3	1	0	1	0	0	0	0	0	0	0	0	0	4.943151	4.287241	4.271558	4.272984	1.619780	7.500000	10.500000	99.157608	98.784737	98.784737	0	0	1	1	148	1164576
443	3	3	1	1	0	0	0	0	0	0	0	0	0	0	0	4.938315	4.290093	4.274410	4.277261	1.618974	7.500000	10.500000	99.342010	98.968781	99.118073	0	0	1	1	148	1151020
445	1	3	4	3	0	0	1	1	1	0	0	0	0	0	0	4.943151	4.287241	4.270133	4.275836	1.619780	7.500000	10.500000	99.120316	98.747452	98.896599	0	0	1	1	148	1152228
446	0	0	1	0	0	0	0	0	0	0	0	0	0	0	0	4.943151	4.288667	4.270133	4.260152	1.620586	7.500000	10.500000	99.232185	98.747452	98.933891	0	0	1	1	148	1164566
447	0	0	0	0	0	0	0	0	0	0	0	0	0	0	0	4.941538	4.285816	4.270133	4.274410	1.620586	7.500000	10.500000	99.194176	98.821190	98.933075	0	0	1	1	148	1151010
448	1	0	0	1	0	0	0	0	0	0	0	0	0	0	0	4.943151	4.287241	4.271558	4.275836	1.620586	7.500000	10.500000	99.157608	98.747452	98.896599	0	0	1	1	148	1150965
449	2	2	0	1	0	0	0	0	0	0	0	0	0	0	0	4.943151	4.288667	4.271558	4.274410	1.620586	7.500000	10.500000	99.157608	98.411865	98.598305	0	0	1	1	148	1150967
451	0	0	1	1	0	0	0	0	0	0	0	0	0	0	0	4.941538	4.288667	4.272984	4.277261	1.621392	7.500000	10.500000	99.306068	98.933075	99.044983	0	0	1	1	148	1164583
452	1	0	1	1	0	0	0	0	0	0	0	0	0	0	0	4.943151	4.288667	4.271558	4.274410	1.623004	7.500000	10.500000	99.232185	98.822021	98.896599	0	0	1	1	148	1151010
453	1	2	1	2	0	0	1	0	1	0	0	0	0	0	0	4.946374	4.278687	4.265855	4.278687	1.622198	7.500000	11.000000	99.084572	98.786461	98.860992	0	0	1	1	148	1150967
454	3	1	1	1	0	0	0	0	0	0	0	0	0	0	0	4.943151	4.287241	4.277261	4.274410	1.622198	7.500000	11.000000	99.157608	98.822021	98.896599	0	0	1	1	148	1164558
455	1	0	0	1	0	0	0	0	0	0	0	0	0	0	0	4.941538	4.291519	4.277261	4.280113	1.622198	7.500000	11.000000	99.306068	99.007675	99.044983	0	0	1	1	148	1151011
457	2	1	0	3	0	0	0	0	1	0	0	0	0	0	0	4.943151	4.287241	4.270133	4.275836	1.623810	7.500000	11.000000	99.194893	98.822021	98.933891	0	0	1	1	148	1152214
458	3	0	2	2	0	0	1	0	0	0	0	0	0	0	0	4.943151	4.287241	4.274410	4.275836	1.623810	7.500000	11.000000	99.157608	98.822021	98.896599	0	0	1	1	148	1164584
459	0	0	0	3	0	0	0	0	0	0	0	0	0	0	0	4.943151	4.285816	4.270133	4.274410	1.623810	7.500000	11.000000	99.194893	98.672874	98.672874	0	0	1	1	148	1151023
460	0	1	3	1	0	0	0	0	0	0	0	0	0	0	0	4.943151	4.285816	4.271558	4.274410	1.624615	7.500000	11.000000	99.194893	98.859314	98.896599	0	0	1	1	148	1150978
461	0	1	1	1	0	0	0	0	0	0	0	0	0	0	0	4.939927	4.281538	4.261578	4.284390	1.623810	7.500000	11.000000	99.193443	98.969566	99.006889	0	0	1	1	148	1150978
463	1	0	3	1	0	0	0	0	0	0	0	0	0	0	0	4.943151	4.285816	4.271558	4.264430	1.623004	7.500000	11.000000	99.418610	98.747452	98.896599	0	0	1	1	148	1164573
464	0	0	3	1	0	0	0	0	0	0	0	0	0	0	0	4.943151	4.287241	4.272984	4.274410	1.626227	7.500000	11.000000	99.194893	98.896599	98.859314	0	0	1	1	148	1151020
465	0	0	1	1	0	0	0	0	0	0	0	0	0	0	0	4.943151	4.285816	4.272984	4.275836	1.626227	7.500000	11.000000	99.194893	98.896599	98.933891	0	0	1	1	148	1150978
466	1	1	0	1	0	0	0	0	0	0	0	0	0	0	0	4.941538	4.284390	4.270133	4.272984	1.627033	7.500000	11.000000	99.194176	98.821190	98.933075	0	0	1	1	148	1164566
467	0	0	1	0	0	0	0	0	0	0	0	0	0	0	0	4.941538	4.290093	4.272984	4.277261	1.626227	7.500000	11.000000	99.567169	98.783882	98.895782	0	0	1	1	148	1151019
469	0	1	3	3	0	0	0	0	1	0	0	0	0	0	0	4.943151	4.287241	4.271558	4.275836	1.627033	7.500000	11.000000	99.194893	98.896599	98.971169	0	0	1	1	148	1152228
470	2	2	1	3	0	0	0	1	1	0	0	0	0	0	0	4.939927	4.285816	4.268707	4.274410	1.627839	7.750000	11.000000	99.305382	98.857651	99.006889	0	0	1	1	148	1150973
471	1	0	1	1	0	0	0	0	0	0	0	0	0	0	0	4.943151	4.284390	4.272984	4.272984	1.627839	7.500000	11.000000	99.157608	98.784737	98.822021	0	0	1	1	148	1164541
472	1	0	2	0	0	0	0	0	0	0	0	0	0	0	0	4.941538	4.285816	4.274410	4.272984	1.629451	7.750000	11.000000	99.156868	98.821190	98.933075	0	0	1	1	148	1151011
473	1	3	0	0	0	0	0	0	0	0	0	0	0	0	0	4.941538	4.287241	4.268707	4.272984	1.629451	7.750000	11.000000	99.231468	98.821190	98.933075	0	0	1	1	148	1150965
475	0	0	1	3	0	0	0	0	0	0	0	0	0	0	0	4.943151	4.287241	4.270133	4.272984	1.628645	7.750000	11.000000	99.157608	98.784737	98.822021	0	0	1	1	148	1164566
476	2	1	0	0	0	0	0	0	0	0	0	0	0	0	0	4.944762	4.282964	4.270133	4.272984	1.630257	7.750000	11.000000	99.046524	98.338303	98.561943	0	0	1	1	148	1151013
477	1	2	1	2	0	0	0	0	0	1	0	0	0	0	0	4.943151	4.285816	4.271558	4.271558	1.630257	7.750000	11.000000	99.157608	98.784737	98.859314	0	0	1	1	148	1150965
478	0	0	1	0	0	0	0	0	0	0	0	0	0	0	0	4.941538	4.288667	4.270133	4.272984	1.630257	7.750000	11.000000	99.194176	98.783882	98.895782	0	0	1	1	148	1150965
479	1	0	2	0	0	0	0	0	0	0	0	0	0	0	0	4.938315	4.287241	4.272984	4.275836	1.631062	7.750000	11.000000	99.342010	98.968781	99.006096	0	0	1	1	148	1164560
481	2	1	0	1	0	0	0	0	0	0	0	0	0	0	0	4.943151	4.285816	4.271558	4.272984	1.629451	7.750000	11.000000	99.083031	98.784737	98.822021	0	0	1	1	148	1152158
482	1	0	1	2	0	0	0	0	0	0	0	0	0	0	0	4.941538	4.282964	4.270133	4.271558	1.631868	7.750000	11.000000	99.156868	98.858490	98.895782	0	0	1	1	148	1150965
483	1	0	0	2	0	0	0	0	0	0	0	0	0	0	0	4.941538	4.287241	4.271558	4.274410	1.631868	7.750000	11.000000	99.156868	98.858490	98.895782	0	0	1	1	148	1164573
484	3	2	0	1	0	0	0	0	1	0	0	0	0	0	0	4.943151	4.284390	4.271558	4.272984	1.631868	7.750000	11.000000	99.120316	98.486443	99.045746	0	0	1	1	148	1151022
485	0	1	1	1	0	0	0	0	0	0	0	0	0	0	0	4.943151	4.287241	4.271558	4.272984	1.632674	7.750000	11.000000	99.157608	98.784737	98.822021	0	0	1	1	148	1150978
487	0	0	3	0	0	0	0	0	0	0	0	0	0	0	0	4.941538	4.284390	4.270133	4.271558	1.632674	7.750000	11.000000	99.119583	98.821190	98.895782	0	0	1	1	148	1150978
488	0	1	1	0	0	0	0	0	0	0	0	0	0	0	0	4.941538	4.271558	4.255875	4.258727	1.632674	7.750000	11.000000	99.716370	98.560097	98.560097	0	0	1	1	148	1164570
489	1	0	1	0	0	0	0	0	0	0	0	0	0	0	0	4.939927	4.285816	4.271558	4.274410	1.633480	7.750000	11.000000	99.268059	98.894958	98.932274	0	0	1	1	148	1151020
490	2	0	0	1	0	0	0	0	0	0	0	0	0	0	0	4.943151	4.284390	4.270133	4.272984	1.634286	7.750000	11.000000	