time	cnt1	cnt2	cnt3	cnt4	1&2	1&3	1&4	2&3	2&4	3&4	1&2&3	1&2&4	1&3&4	2&3&4	1&2&3&4	adcr	adcp1	adcp2	adcp3	adcntc	ntcT	digT	p1	p2	p3	hvstate	pbsstate	ethstate	listpbs	sdstate	looptime
1	0	0	1	2	0	0	0	0	0	0	0	0	0	0	0	4.944762	4.285816	4.271558	4.277261	1.636703	7.750000	11.000000	99.121078	98.785599	98.860153	0	0	1	1	-1	0
2	1	0	3	0	0	0	0	0	0	0	0	0	0	0	0	4.943151	4.284390	4.271558	4.272984	1.635898	7.750000	11.000000	99.083031	98.822021	98.822021	0	0	0	1	139	1351510
3	0	1	1	7	0	0	0	0	0	0	0	0	0	0	0	4.938315	4.284390	4.272984	4.272984	1.635092	7.750000	11.000000	99.267357	99.006096	99.006096	0	0	0	1	146	1367567
5	1	1	0	2	0	0	0	0	0	0	0	0	0	0	0	4.943151	4.284390	4.271558	4.274410	1.636703	7.750000	11.000000	99.083031	98.859314	98.822021	0	0	1	1	146	1201237
6	0	0	1	0	0	0	0	0	0	0	0	0	0	0	0	4.943151	4.285816	4.270133	4.271558	1.636703	7.750000	11.000000	99.083031	98.747452	98.784737	0	0	1	1	146	1151009
7	1	2	1	0	0	0	0	0	0	0	0	0	0	0	0	4.944762	4.285816	4.270133	4.271558	1.636703	7.750000	11.000000	99.083794	98.785599	98.450134	0	0	1	1	146	1151000
8	1	2	2	0	0	0	0	0	0	0	0	0	0	0	0	4.941538	4.285816	4.274410	4.272984	1.637509	7.750000	11.000000	99.156868	98.858490	98.933075	0	0	1	1	146	1185515
9	0	1	0	2	0	0	0	0	0	0	0	0	0	0	0	4.943151	4.284390	4.271558	4.270133	1.637509	7.750000	11.000000	99.120316	98.859314	98.859314	0	0	1	1	146	1150891
10	1	3	0	2	0	0	0	0	0	0	0	0	0	0	0	4.943151	4.284390	4.270133	4.271558	1.638315	7.750000	11.000000	99.120316	98.859314	98.822021	0	0	1	1	146	1151390
12	1	0	0	0	0	0	0	0	0	0	0	0	0	0	0	4.943151	4.284390	4.272984	4.272984	1.638315	7.750000	11.000000	99.083031	98.896599	98.859314	0	0	1	1	147	1151470
13	3	3	2	1	1	1	0	0	0	0	0	0	0	0	0	4.939927	4.290093	4.278687	4.278687	1.639121	8.000000	11.000000	99.268059	99.006889	99.006889	0	0	1	1	147	1164612
14	1	2	1	2	1	0	0	0	0	1	0	0	0	0	0	4.943151	4.284390	4.272984	4.271558	1.639121	8.000000	11.000000	99.083031	98.784737	98.822021	0	0	1	1	147	1152543
15	3	3	3	0	0	0	0	0	0	0	0	0	0	0	0	4.941538	4.284390	4.271558	4.271558	1.639927	8.000000	11.500000	99.156868	98.858490	98.858490	0	0	1	1	147	1151424
16	0	0	2	1	0	0	0	0	0	0	0	0	0	0	0	4.941538	4.284390	4.272984	4.272984	1.639927	8.000000	11.000000	99.156868	98.858490	98.858490	0	0	1	1	147	1164570
18	2	1	1	3	0	0	0	0	0	1	0	0	0	0	0	4.943151	4.284390	4.275836	4.272984	1.640733	8.000000	11.500000	99.083031	98.859314	98.859314	0	0	1	1	147	1167239
19	1	0	0	1	0	0	0	0	0	0	0	0	0	0	0	4.943151	4.282964	4.271558	4.272984	1.640733	8.000000	11.000000	99.120316	98.896599	98.859314	0	0	1	1	147	1150964
20	0	1	0	2	0	0	0	0	0	0	0	0	0	0	0	4.941538	4.285816	4.274410	4.274410	1.641539	8.000000	11.500000	99.156868	98.858490	98.933075	0	0	1	1	147	1151000
49	1	0	0	0	0	0	0	0	0	0	0	0	0	0	0	4.936703	4.295796	4.271558	4.272984	1.647180	8.000000	11.500000	99.378662	99.079971	99.117302	0	0	1	1	-1	1167389
50	1	0	0	0	0	0	0	0	0	0	0	0	0	0	0	4.943151	4.287241	4.272984	4.272984	1.649597	8.000000	11.500000	99.157608	98.859314	98.598305	0	0	1	1	146	1152206
51	0	0	1	1	0	0	0	0	0	0	0	0	0	0	0	4.943151	4.285816	4.272984	4.272984	1.649597	8.000000	11.500000	99.083031	98.896599	98.822021	0	0	1	1	147	1150973
52	0	0	0	1	0	0	0	0	0	0	0	0	0	0	0	4.941538	4.284390	4.270133	4.274410	1.650403	8.250000	11.500000	99.156868	98.821190	98.895782	0	0	1	1	147	1164569
53	0	1	1	1	0	0	0	0	0	0	0	0	0	0	0	4.943151	4.282964	4.263004	4.261578	1.652015	8.250000	11.500000	99.008469	98.822021	98.859314	0	0	1	1	147	1151008
55	0	2	1	2	0	0	0	0	0	0	0	0	0	0	0	4.943151	4.282964	4.268707	4.272984	1.650403	8.000000	11.500000	99.120316	98.859314	98.896599	0	0	1	1	147	1150968
56	0	2	0	2	0	0	0	0	0	0	0	0	0	0	0	4.936703	4.282964	4.271558	4.277261	1.649597	8.250000	11.500000	99.341316	99.005310	99.005310	0	0	1	1	147	1150968
57	3	0	0	2	0	0	0	0	0	0	0	0	0	0	0	4.944762	4.285816	4.270133	4.271558	1.652015	8.250000	11.500000	99.046524	98.748329	98.785599	0	0	1	1	147	1164561
58	1	0	2	1	0	0	0	0	0	0	0	0	0	0	0	4.941538	4.284390	4.271558	4.272984	1.652821	8.250000	11.500000	99.119583	98.895782	98.895782	0	0	1	1	147	1151005
59	0	1	0	2	0	0	0	0	1	0	0	0	0	0	0	4.943151	4.284390	4.270133	4.272984	1.652821	8.250000	11.500000	99.120316	98.784737	98.859314	0	0	1	1	147	1150968
61	3	0	2	3	0	0	0	0	0	0	0	0	0	0	0	4.941538	4.287241	4.272984	4.275836	1.652015	8.250000	11.500000	99.194176	98.858490	98.933075	0	0	1	1	147	1164563
62	0	2	0	0	0	0	0	0	0	0	0	0	0	0	0	4.939927	4.287241	4.272984	4.274410	1.651209	8.250000	11.500000	99.230751	98.894958	98.932274	0	0	1	1	147	1152164
63	0	0	0	1	0	0	0	0	0	0	0	0	0	0	0	4.941538	4.284390	4.272984	4.271558	1.652821	8.250000	11.500000	99.156868	98.970383	98.933075	0	0	1	1	147	1151000
64	1	0	1	0	0	0	0	0	0	0	0	0	0	0	0	4.943151	4.282964	4.270133	4.272984	1.652821	8.250000	11.500000	99.083031	98.822021	98.859314	0	0	1	1	147	1151000
65	1	0	1	0	0	0	0	0	0	0	0	0	0	0	0	4.943151	4.282964	4.271558	4.271558	1.653626	8.250000	11.500000	99.120316	98.933891	98.859314	0	0	1	1	147	1164598
67	0	0	0	0	0	0	0	0	0	0	0	0	0	0	0	4.943151	4.284390	4.272984	4.271558	1.653626	8.250000	11.500000	99.083031	98.859314	98.822021	0	0	1	1	147	1151015
68	0	2	1	2	0	0	0	0	2	0	0	0	0	0	0	4.943151	4.284390	4.272984	4.271558	1.654432	8.250000	11.500000	99.120316	98.859314	98.859314	0	0	1	1	147	1151000
69	2	1	3	0	1	0	0	0	0	0	0	0	0	0	0	4.939927	4.285816	4.274410	4.274410	1.653626	8.250000	11.500000	99.268059	99.006889	98.969566	0	0	1	1	147	1164600
1444464210	2	3	2	0	0	1	0	0	0	0	0	0	0	0	0	4.943151	4.281538	4.271558	4.272984	1.653626	8.250000	11.500000	99.083031	98.822021	98.822021	0	0	1	1	147	1184048
1444464211	0	0	1	0	0	0	0	0	0	0	0	0	0	0	0	4.941538	4.282964	4.271558	4.274410	1.654432	8.250000	11.500000	99.156868	98.858490	98.895782	0	0	1	1	155	1167414
1444464212	1	0	1	0	0	0	0	0	0	0	0	0	0	0	0	4.939927	4.288667	4.277261	4.275836	1.654432	8.250000	11.500000	99.342690	99.044197	99.044197	0	0	1	1	155	1167429
1444464213	0	1	0	2	0	0	0	0	0	0	0	0	0	0	0	4.944762	4.284390	4.274410	4.272984	1.655238	8.250000	11.500000	99.083794	98.822884	98.785599	0	0	1	1	155	1187331
1444464214	3	1	1	0	0	0	0	0	0	0	0	0	0	0	0	4.941538	4.287241	4.272984	4.272984	1.655238	8.250000	11.500000	99.119583	98.858490	98.858490	0	0	1	1	155	1167394
1444464216	0	0	0	0	0	0	0	0	0	0	0	0	0	0	0	4.939927	4.285816	4.274410	4.272984	1.655238	8.250000	11.500000	99.268059	99.006889	98.969566	0	0	1	1	155	1167418
1444464217	0	2	1	1	0	0	0	0	1	0	0	0	0	0	0	4.939927	4.285816	4.275836	4.272984	1.656850	8.250000	11.500000	99.193443	98.894958	98.857651	0	0	1	1	155	1164702
1444464218	2	0	0	0	0	0	0	0	0	0	0	0	0	0	0	4.941538	4.282964	4.264430	4.258727	1.657656	8.250000	11.500000	99.044983	98.895782	98.821190	0	0	1	1	155	1167395
1444464219	1	1	0	3	0	0	0	0	0	0	0	0	0	0	0	4.941538	4.284390	4.271558	4.271558	1.657656	8.250000	11.500000	99.156868	98.933075	98.895782	0	0	1	1	155	1167419
1444464220	0	0	0	0	0	0	0	0	0	0	0	0	0	0	0	4.941538	4.285816	4.275836	4.270133	1.656850	8.250000	11.500000	99.082275	98.895782	98.783882	0	0	1	1	155	1164680
1444464222	0	0	0	0	0	0	0	0	0	0	0	0	0	0	0	4.941538	4.282964	4.271558	4.272984	1.657656	8.250000	11.500000	99.194176	98.895782	98.895782	0	0	1	1	155	1167397
1444464223	1	0	2	0	0	0	0	0	0	0	0	0	0	0	0	4.941538	4.282964	4.272984	4.271558	1.656850	8.250000	11.500000	99.156868	98.895782	98.895782	0	0	1	1	155	1167419
1444464224	1	0	0	3	0	0	0	0	0	0	0	0	0	0	0	4.941538	4.287241	4.275836	4.274410	1.657656	8.250000	11.500000	99.194176	98.970383	98.933075	0	0	1	1	155	1164671
1444464225	0	1	0	2	0	0	0	0	0	0	0	0	0	0	0	4.941538	4.278687	4.261578	4.274410	1.659268	8.250000	11.500000	99.156868	98.895782	98.858490	0	0	1	1	155	1168551
1444464226	2	2	0	2	0	0	0	0	1	0	0	0	0	0	0	4.943151	4.284390	4.272984	4.272984	1.659268	8.250000	11.500000	99.120316	98.896599	98.822021	0	0	1	1	155	1167429
1444464228	0	0	0	0	0	0	0	0	0	0	0	0	0	0	0	4.943151	4.284390	4.274410	4.274410	1.659268	8.250000	11.500000	99.083031	98.859314	98.859314	0	0	1	1	155	1167429
1444464229	3	1	2	1	0	0	0	0	0	0	0	0	0	0	0	4.944762	4.285816	4.272984	4.271558	1.659268	8.250000	12.000000	99.046524	98.785599	98.785599	0	0	1	1	155	1164678
1444464230	0	1	0	2	0	0	0	0	0	0	0	0	0	0	0	4.943151	4.282964	4.272984	4.272984	1.659268	8.250000	12.000000	99.120316	98.859314	98.859314	0	0	1	1	155	1167404
1444464231	0	0	1	1	0	0	0	0	0	0	0	0	0	0	0	4.943151	4.282964	4.272984	4.272984	1.660073	8.250000	12.000000	99.120316	98.523727	99.008469	0	0	1	1	155	1167428
1444464232	0	0	2	0	0	0	0	0	0	0	0	0	0	0	0	4.943151	4.285816	4.274410	4.272984	1.660073	8.250000	12.000000	99.120316	98.822021	98.822021	0	0	1	1	155	1164667
1444464234	1	3	2	1	0	0	0	0	0	0	0	0	0	0	0	4.941538	4.284390	4.271558	4.272984	1.660879	8.250000	12.000000	99.119583	98.858490	98.858490	0	0	1	1	155	1167404
1444464235	0	1	0	2	0	0	0	0	0	0	0	0	0	0	0	4.943151	4.285816	4.272984	4.271558	1.660879	8.250000	12.000000	99.120316	98.859314	98.859314	0	0	1	1	155	1167429
1444464236	0	1	0	2	0	0	0	0	0	0	0	0	0	0	0	4.943151	4.285816	4.272984	4.277261	1.660879	8.250000	12.000000	99.194893	98.896599	98.896599	0	0	1	1	155	1164666
1444464237	0	0	0	0	0	0	0	0	0	0	0	0	0	0	0	4.943151	4.280113	4.270133	4.272984	1.661685	8.250000	12.000000	99.120316	98.784737	98.859314	0	0	1	1	155	1168541
1444464238	3	1	0	1	0	0	0	0	0	0	0	0	0	0	0	4.941538	4.284390	4.270133	4.274410	1.661685	8.250000	12.000000	99.231468	98.858490	98.933075	0	0	1	1	155	1167416
1444464240	0	0	1	2	0	0	0	0	0	0	0	0	0	0	0	4.943151	4.285816	4.272984	4.271558	1.661685	8.250000	12.000000	99.083031	98.747452	98.822021	0	0	1	1	155	1167419
1444464241	0	0	0	1	0	0	0	0	0	0	0	0	0	0	0	4.941538	4.284390	4.270133	4.271558	1.662491	8.250000	12.000000	99.156868	98.821190	98.858490	0	0	1	1	155	1190743
1444464242	1	1	1	1	0	0	0	0	1	0	0	0	0	0	0	4.943151	4.284390	4.270133	4.271558	1.663297	8.500000	12.000000	99.083031	98.411865	99.008469	0	0	1	1	155	1167362
1444464243	1	2	2	0	0	0	0	0	0	0	0	0	0	0	0	4.941538	4.282964	4.270133	4.272984	1.662491	8.250000	12.000000	99.119583	98.858490	98.895782	0	0	1	1	155	1167418
1444464244	0	0	2	0	0	0	0	0	0	0	0	0	0	0	0	4.943151	4.284390	4.270133	4.272984	1.662491	8.250000	12.000000	99.083031	98.449150	99.120316	0	0	1	1	155	1180326
1444464246	0	0	1	0	0	0	0	0	0	0	0	0	0	0	0	4.943151	4.282964	4.270133	4.271558	1.663297	8.500000	12.000000	99.120316	98.822021	98.822021	0	0	1	1	155	1167362
1444464247	0	0	0	2	0	0	0	0	0	0	0	0	0	0	0	4.941538	4.284390	4.270133	4.270133	1.664103	8.500000	12.000000	99.156868	98.821190	98.895782	0	0	1	1	155	1167419
1444464248	1	2	0	0	0	0	0	0	0	0	0	0	0	0	0	4.939927	4.285816	4.272984	4.274410	1.663297	8.500000	12.000000	99.268059	98.969566	98.969566	0	0	1	1	155	1180326
1444464249	2	0	1	0	0	1	0	0	0	0	0	0	0	0	0	4.941538	4.282964	4.268707	4.272984	1.664103	8.500000	12.000000	99.156868	98.821190	98.858490	0	0	1	1	155	1168541
1444464250	0	1	1	0	0	0	0	0	0	0	0	0	0	0	0	4.943151	4.284390	4.270133	4.272984	1.664103	8.500000	12.000000	99.120316	98.784737	98.822021	0	0	1	1	155	1167428
1444464252	0	0	0	0	0	0	0	0	0	0	0	0	0	0	0	4.943151	4.284390	4.270133	4.272984	1.663297	8.500000	12.000000	98.896599	98.710175	98.784737	0	0	1	1	155	1184061
1444464253	4	0	1	1	0	1	0	0	0	0	0	0	0	0	0	4.943151	4.282964	4.268707	4.271558	1.663297	8.500000	12.000000	98.859314	98.822021	98.784737	0	0	1	1	155	1164671
1444464254	1	0	2	0	0	0	0	0	0	0	0	0	0	0	0	4.943151	4.284390	4.270133	4.271558	1.664909	8.500000	12.000000	99.120316	98.784737	98.859314	0	0	1	1	155	1167404
1444464255	1	1	2	2	0	0	0	0	0	0	0	0	0	0	0	4.944762	4.294370	4.268707	4.270133	1.665714	8.500000	12.000000	99.083794	98.748329	98.785599	0	0	1	1	155	1184061
1444464256	0	0	1	0	0	0	0	0	0	0	0	0	0	0	0	4.943151	4.275836	4.271558	4.270133	1.666520	8.500000	12.000000	99.083031	98.747452	98.822021	0	0	1	1	155	1164667
1444464258	0	1	1	1	0	0	0	0	0	0	0	0	0	0	0	4.943151	4.284390	4.268707	4.271558	1.666520	8.500000	12.000000	99.083031	98.822021	98.822021	0	0	1	1	155	1167404
1444464259	1	2	0	2	0	0	0	0	1	0	0	0	0	0	0	4.943151	4.282964	4.268707	4.271558	1.666520	8.500000	12.000000	99.083031	98.784737	98.822021	0	0	1	1	155	1167429
1444464260	2	3	0	1	0	0	0	0	1	0	0	0	0	0	0	4.943151	4.285816	4.274410	4.275836	1.665714	8.500000	12.000000	99.194893	98.822021	98.859314	0	0	1	1	155	1164684
1444464261	0	0	0	0	0	0	0	0	0	0	0	0	0	0	0	4.944762	4.284390	4.268707	4.277261	1.668132	8.500000	12.000000	99.121078	98.748329	98.785599	0	0	1	1	155	1168545
1444464263	1	0	1	1	0	0	0	0	0	0	0	0	0	0	0	4.944762	4.287241	4.268707	4.272984	1.668938	8.500000	12.000000	99.083794	98.785599	98.748329	0	0	1	1	155	1184057
1444464264	1	0	1	2	0	1	0	0	0	0	0	0	0	0	0	4.943151	4.284390	4.270133	4.272984	1.667326	8.500000	12.000000	99.157608	98.784737	98.859314	0	0	1	1	155	1167414
1444464265	1	1	0	0	0	0	0	0	0	0	0	0	0	0	0	4.943151	4.285816	4.268707	4.274410	1.668938	8.500000	12.000000	99.083031	98.822021	98.859314	0	0	1	1	155	1164674
1444464266	0	1	2	1	0	0	0	0	0	0	0	0	0	0	0	4.943151	4.284390	4.270133	4.272984	1.668132	8.500000	12.000000	99.120316	98.822021	98.933891	0	0	1	1	155	1184028
1444464267	1	2	0	1	0	0	0	0	0	0	0	0	0	0	0	4.943151	4.282964	4.270133	4.272984	1.668132	8.500000	12.000000	99.083031	98.822021	98.822021	0	0	1	1	155	1167409
1444464269	0	2	0	0	0	0	0	0	0	0	0	0	0	0	0	4.944762	4.282964	4.268707	4.271558	1.668938	8.500000	12.000000	99.158348	98.785599	98.822884	0	0	1	1	155	1164672
1444464270	2	1	2	0	0	0	0	0	0	0	0	0	0	0	0	4.943151	4.282964	4.268707	4.272984	1.668938	8.500000	12.000000	99.381340	98.710175	98.822021	0	0	1	1	155	1184027
1444464271	0	0	0	1	0	0	0	0	0	0	0	0	0	0	0	4.944762	4.284390	4.270133	4.271558	1.668938	8.500000	12.000000	99.158348	98.785599	98.785599	0	0	1	1	155	1167409
1444464272	2	1	2	2	0	1	0	0	0	1	0	0	0	0	0	4.941538	4.290093	4.274410	4.275836	1.668938	8.500000	12.000000	99.268776	98.933075	98.634682	0	0	1	1	155	1164670
1444464273	1	1	1	2	1	0	1	0	1	0	0	1	0	0	0	4.943151	4.284390	4.270133	4.272984	1.669744	8.500000	12.000000	99.083031	98.784737	98.859314	0	0	1	1	155	1185183
1444464275	2	0	1	0	0	0	0	0	0	0	0	0	0	0	0	4.941538	4.284390	4.271558	4.271558	1.669744	8.500000	12.000000	98.821190	98.597389	98.933075	0	0	1	1	155	1167419
1444464276	0	2	2	2	0	0	0	0	1	0	0	0	0	0	0	4.943151	4.284390	4.270133	4.270133	1.670550	8.500000	12.000000	98.747452	98.598305	98.747452	0	0	1	1	155	1164690
1444464277	1	1	1	0	0	0	0	0	0	0	0	0	0	0	0	4.943151	4.285816	4.270133	4.271558	1.670550	8.500000	12.000000	99.120316	98.747452	98.822021	0	0	1	1	155	1167405
1444464278	0	2	0	1	0	0	0	0	0	0	0	0	0	0	0	4.944762	4.285816	4.268707	4.272984	1.671355	8.500000	12.000000	99.046524	98.748329	98.822884	0	0	1	1	155	1167429
1444464279	5	0	0	1	0	0	0	0	0	0	0	0	0	0	0	4.947986	4.280113	4.271558	4.271558	1.671355	8.500000	12.000000	99.048080	98.750084	98.824585	0	0	1	1	155	1167429
1444464281	1	0	0	2	0	0	0	0	0	0	0	0	0	0	0	4.941538	4.285816	4.275836	4.272984	1.671355	8.500000	12.000000	99.194176	98.895782	98.858490	0	0	1	1	155	1180333
1444464282	1	0	0	1	0	0	0	0	0	0	0	0	0	0	0	4.943151	4.285816	4.274410	4.272984	1.672161	8.500000	12.000000	99.083031	98.859314	98.859314	0	0	1	1	155	1167395
1444464283	1	3	0	1	0	0	0	0	1	0	0	0	0	0	0	4.941538	4.282964	4.271558	4.272984	1.671355	8.500000	12.000000	99.156868	98.933075	99.007675	0	0	1	1	155	1167428
1444464284	1	1	0	1	0	0	0	0	0	0	0	0	0	0	0	4.936703	4.287241	4.270133	4.274410	1.671355	8.500000	12.000000	99.341316	99.117302	99.079971	0	0	1	1	155	1180335
1444464285	2	1	1	1	0	0	0	0	0	0	0	0	0	0	0	4.943151	4.284390	4.274410	4.272984	1.672161	8.500000	12.000000	99.083031	98.859314	98.859314	0	0	1	1	155	1168536
1444464287	0	1	0	0	0	0	0	0	0	0	0	0	0	0	0	4.943151	4.282964	4.272984	4.272984	1.672161	8.500000	12.000000	99.083031	98.859314	98.822021	0	0	1	1	155	1167424
1444464288	2	1	1	0	0	1	0	0	0	0	0	0	0	0	0	4.943151	4.284390	4.272984	4.272984	1.673773	8.500000	12.000000	99.083031	98.822021	98.672874	0	0	1	1	155	1180326
1444464289	0	0	1	2	0	0	0	0	0	0	0	0	0	0	0	4.939927	4.284390	4.271558	4.268707	1.672161	8.500000	12.000000	99.193443	98.932274	98.894958	0	0	1	1	155	1167366
1444464290	1	0	0	1	0	0	0	0	0	0	0	0	0	0	0	4.941538	4.282964	4.272984	4.272984	1.672967	8.500000	12.000000	99.156868	98.933075	98.933075	0	0	1	1	155	1167419
1444464291	1	3	1	0	0	0	0	0	0	0	0	0	0	0	0	4.943151	4.282964	4.271558	4.271558	1.674579	8.500000	12.000000	99.120316	98.896599	98.822021	0	0	1	1	155	1184052
1444464293	0	0	0	0	0	0	0	0	0	0	0	0	0	0	0	4.943151	4.284390	4.271558	4.271558	1.673773	8.500000	12.000000	99.120316	98.896599	98.859314	0	0	1	1	155	1164658
1444464294	1	0	0	0	0	0	0	0	0	0	0	0	0	0	0	4.941538	4.284390	4.272984	4.274410	1.673773	8.500000	12.000000	99.119583	98.858490	98.858490	0	0	1	1	155	1167395
1444464295	0	1	0	0	0	0	0	0	0	0	0	0	0	0	0	4.943151	4.282964	4.271558	4.271558	1.672967	8.500000	12.000000	98.896599	98.747452	98.747452	0	0	1	1	155	1167419
1444464296	0	1	2	0	0	0	0	0	0	0	0	0	0	0	0	4.941538	4.275836	4.287241	4.271558	1.673773	8.500000	12.000000	99.194176	98.933075	98.933075	0	0	1	1	155	1164596
1444464297	2	0	0	2	0	0	0	0	0	0	0	0	0	0	0	4.943151	4.282964	4.272984	4.272984	1.674579	8.500000	12.000000	99.083031	98.859314	98.822021	0	0	1	1	155	1168550
1444464299	0	2	1	2	0	0	0	0	1	0	0	0	0	0	0	4.943151	4.281538	4.272984	4.270133	1.674579	8.500000	12.000000	99.120316	98.859314	98.859314	0	0	1	1	155	1184061
1444464300	0	2	0	1	0	0	0	0	0	0	0	0	0	0	0	4.938315	4.281538	4.271558	4.275836	1.675385	8.750000	12.000000	99.230042	98.931450	98.931450	0	0	1	1	155	1164805
1444464301	1	0	0	0	0	0	0	0	0	0	0	0	0	0	0	4.943151	4.285816	4.274410	4.274410	1.675385	8.500000	12.000000	99.120316	98.523727	98.896599	0	0	1	1	155	1167404
1444464302	4	0	0	5	0	0	0	0	0	0	0	0	0	0	0	4.941538	4.285816	4.271558	4.272984	1.676191	8.750000	12.000000	99.119583	98.821190	98.858490	0	0	1	1	155	1184061
1444464303	1	1	1	1	0	0	0	0	0	0	0	0	0	0	0	4.941538	4.271558	4.260152	4.272984	1.676191	8.750000	12.000000	99.156868	98.858490	98.895782	0	0	1	1	155	1167419
1444464305	1	1	0	0	0	0	0	0	0	0	0	0	0	0	0	4.941538	4.271558	4.275836	4.272984	1.676996	8.750000	12.000000	99.119583	98.858490	98.858490	0	0	1	1	155	1164683
1444464306	2	3	0	2	0	0	0	0	0	0	0	0	0	0	0	4.943151	4.284390	4.268707	4.271558	1.677802	8.750000	12.000000	99.120316	98.822021	98.822021	0	0	1	1	155	1184040
1444464307	1	1	1	0	0	0	0	0	0	0	0	0	0	0	0	4.941538	4.284390	4.268707	4.271558	1.676996	8.750000	12.000000	99.156868	98.821190	98.895782	0	0	1	1	155	1167418
1444464308	1	2	0	2	0	0	0	0	0	0	0	0	0	0	0	4.941538	4.287241	4.272984	4.274410	1.676996	8.750000	12.000000	99.194176	98.858490	98.933075	0	0	1	1	155	1164678
1444464309	1	2	0	1	0	0	0	0	0	0	0	0	0	0	0	4.941538	4.284390	4.271558	4.272984	1.678608	8.750000	12.000000	99.119583	98.821190	98.858490	0	0	1	1	155	1185178
1444464311	0	3	2	2	0	0	0	0	0	0	0	0	0	0	0	4.939927	4.288667	4.272984	4.274410	1.676996	8.750000	12.000000	99.230751	98.932274	98.932274	0	0	1	1	155	1167418
1444464312	1	1	1	2	0	0	0	0	0	0	0	0	0	0	0	4.943151	4.284390	4.270133	4.274410	1.677802	8.750000	12.000000	99.083031	98.784737	98.859314	0	0	1	1	155	1164677
1444464313	0	1	2	1	0	0	0	0	1	0	0	0	0	0	0	4.943151	4.280113	4.270133	4.272984	1.678608	8.750000	12.500000	99.157608	98.822021	98.859314	0	0	1	1	155	1167395
1444464314	0	0	1	1	0	0	0	0	0	0	0	0	0	0	0	4.944762	4.284390	4.271558	4.274410	1.678608	8.750000	12.500000	99.009239	98.748329	98.748329	0	0	1	1	155	1167416
1444464315	1	0	1	3	0	0	0	0	0	0	0	0	0	0	0	4.943151	4.285816	4.271558	4.272984	1.678608	8.750000	12.500000	99.083031	98.747452	98.822021	0	0	1	1	155	1164670
1444464317	1	1	0	1	0	0	0	0	0	0	0	0	0	0	0	4.943151	4.284390	4.270133	4.271558	1.679414	8.750000	12.500000	99.120316	98.784737	98.822021	0	0	1	1	155	1167394
1444464318	1	0	1	3	0	0	0	0	0	0	0	0	0	0	0	4.943151	4.282964	4.268707	4.271558	1.679414	8.750000	12.500000	99.083031	98.784737	98.822021	0	0	1	1	155	1167419
1444464319	1	0	0	1	0	0	0	0	0	0	0	0	0	0	0	4.941538	4.284390	4.261578	4.263004	1.681026	8.750000	12.500000	99.044983	98.783882	98.895782	0	0	1	1	155	1167419
1444464320	0	0	0	1	0	0	0	0	0	0	0	0	0	0	0	4.941538	4.287241	4.272984	4.275836	1.679414	8.750000	12.500000	99.231468	98.933075	98.709282	0	0	1	1	155	1180326
1444464322	1	0	0	1	0	0	0	0	0	0	0	0	0	0	0	4.943151	4.284390	4.270133	4.272984	1.680220	8.750000	12.500000	99.120316	98.822021	98.859314	0	0	1	1	155	1168540
1444464323	0	0	2	2	0	0	0	0	0	0	0	0	0	0	0	4.941538	4.284390	4.271558	4.272984	1.680220	8.750000	12.500000	99.119583	98.783882	98.858490	0	0	1	1	155	1167429
1444464324	0	0	1	0	0	0	0	0	0	0	0	0	0	0	0	4.943151	4.284390	4.270133	4.272984	1.681026	8.750000	12.500000	99.083031	98.561020	98.896599	0	0	1	1	155	1180336
1444464325	0	1	1	2	0	0	0	0	0	0	0	0	0	0	0	4.943151	4.282964	4.270133	4.271558	1.680220	8.750000	12.500000	99.120316	98.784737	98.822021	0	0	1	1	155	1167395
1444464326	2	1	0	0	0	0	0	0	0	0	0	0	0	0	0	4.941538	4.285816	4.270133	4.271558	1.681026	8.750000	12.500000	99.194176	98.821190	98.933075	0	0	1	1	155	1167429
1444464328	1	0	1	0	0	0	0	0	0	0	0	0	0	0	0	4.943151	4.284390	4.271558	4.272984	1.681832	8.750000	12.500000	99.083031	98.784737	98.859314	0	0	1	1	155	1190544
1444464329	0	1	0	1	0	0	0	0	0	0	0	0	0	0	0	4.943151	4.284390	4.272984	4.272984	1.681832	8.750000	12.500000	98.822021	98.449150	98.896599	0	0	1	1	155	1167394
1444464330	2	2	0	0	1	0	0	0	0	0	0	0	0	0	0	4.941538	4.284390	4.270133	4.272984	1.682637	8.750000	12.500000	99.156868	98.821190	98.858490	0	0	1	1	155	1167428
1444464331	0	1	0	0	0	0	0	0	0	0	0	0	0	0	0	4.944762	4.298647	4.270133	4.271558	1.682637	8.750000	12.500000	99.121078	98.748329	98.785599	0	0	1	1	155	1184061
1444464332	1	0	0	2	0	0	0	0	0	0	0	0	0	0	0	4.943151	4.290093	4.274410	4.275836	1.682637	8.750000	12.500000	99.232185	98.859314	98.933891	0	0	1	1	155	1176735
1444464334	2	0	0	0	0	0	0	0	0	0	0	0	0	0	0	4.943151	4.287241	4.268707	4.271558	1.682637	8.750000	12.500000	99.194893	98.635597	98.523727	0	0	1	1	155	1168545
1444464335	2	0	3	0	0	0	0	0	0	0	0	0	0	0	0	4.939927	4.288667	4.271558	4.272984	1.681832	8.750000	12.500000	99.342690	98.969566	99.006889	0	0	1	1	155	1184056
1444464336	2	0	0	1	0	0	0	0	0	0	0	0	0	0	0	4.941538	4.285816	4.270133	4.271558	1.682637	8.750000	12.500000	99.194176	98.858490	98.895782	0	0	1	1	155	1164659
1444464337	1	1	1	0	0	0	0	1	0	0	0	0	0	0	0	4.943151	4.287241	4.263004	4.261578	1.685055	8.750000	12.500000	99.045746	98.784737	98.859314	0	0	1	1	155	1167400
1444464338	1	0	0	0	0	0	0	0	0	0	0	0	0	0	0	4.943151	4.288667	4.271558	4.272984	1.684249	8.750000	12.500000	99.120316	98.784737	98.822021	0	0	1	1	155	1184051
1444464340	0	2	2	1	0	0	0	0	0	0	0	0	0	0	0	4.943151	4.285816	4.270133	4.272984	1.684249	8.750000	12.500000	99.157608	98.784737	98.859314	0	0	1	1	155	1164663
1444464341	0	0	2	1	0	0	0	0	0	0	0	0	0	0	0	4.943151	4.284390	4.270133	4.270133	1.683443	8.750000	12.500000	99.157608	98.784737	98.859314	0	0	1	1	155	1167395
1444464342	1	2	0	1	0	0	0	0	0	0	0	0	0	0	0	4.941538	4.285816	4.271558	4.275836	1.684249	8.750000	12.500000	99.231468	98.895782	98.933075	0	0	1	1	155	1184032
1444464343	1	1	1	0	0	0	0	0	0	0	0	0	0	0	0	4.941538	4.285816	4.275836	4.272984	1.685055	9.000000	12.500000	99.156868	98.895782	98.858490	0	0	1	1	155	1167409
1444464344	0	0	0	0	0	0	0	0	0	0	0	0	0	0	0	4.941538	4.287241	4.274410	4.275836	1.684249	8.750000	12.500000	99.194176	98.895782	98.933075	0	0	0	1	155	1164683
1444464346	0	1	0	0	0	0	0	0	0	0	0	0	0	0	0	4.943151	4.284390	4.270133	4.272984	1.685055	8.750000	12.500000	99.083031	98.822021	98.859314	0	0	1	1	155	1185183
1444464347	3	0	0	1	0	0	1	0	0	0	0	0	0	0	0	4.943151	4.282964	4.271558	4.272984	1.685055	8.750000	12.500000	99.120316	98.859314	98.859314	0	0	1	1	155	1167419
1444464348	1	0	3	0	0	0	0	0	0	0	0	0	0	0	0	4.941538	4.285816	4.272984	4.272984	1.685861	9.000000	12.500000	99.194176	98.895782	98.895782	0	0	1	1	155	1180336
1444464349	0	0	0	1	0	0	0	0	0	0	0	0	0	0	0	4.943151	4.284390	4.272984	4.272984	1.685861	9.000000	12.500000	99.120316	98.822021	98.859314	0	0	1	1	155	1167395
1444464350	1	3	1	1	0	0	0	0	0	0	0	0	0	0	0	4.943151	4.285816	4.272984	4.272984	1.686667	9.000000	12.500000	99.083031	98.822021	98.822021	0	0	1	1	155	1167428
1444464352	0	2	1	0	0	0	0	0	0	0	0	0	0	0	0	4.941538	4.284390	4.271558	4.271558	1.686667	9.000000	12.500000	99.156868	98.933075	98.895782	0	0	1	1	155	1164694
1444464353	0	2	1	1	0	0	0	0	0	0	0	0	0	0	0	4.944762	4.284390	4.272984	4.271558	1.685055	8.750000	12.500000	98.860153	98.748329	98.748329	0	0	1	1	155	1184037
1444464354	0	1	1	1	0	0	0	0	0	0	0	0	0	0	0	4.943151	4.282964	4.272984	4.271558	1.687473	9.000000	12.500000	99.120316	98.859314	98.859314	0	0	1	1	155	1167419
1444464355	0	1	0	3	0	0	0	0	0	0	0	0	0	0	0	4.941538	4.284390	4.272984	4.272984	1.687473	9.000000	12.500000	99.156868	99.007675	98.933075	0	0	1	1	155	1180335
1444464356	0	0	0	1	0	0	0	0	0	0	0	0	0	0	0	4.941538	4.287241	4.275836	4.274410	1.685861	9.000000	12.500000	99.194176	98.933075	98.933075	0	0	1	1	155	1167394
1444464358	1	0	0	0	0	0	0	0	0	0	0	0	0	0	0	4.943151	4.284390	4.271558	4.272984	1.687473	9.000000	12.500000	98.784737	98.598305	98.747452	0	0	1	1	155	1168569
1444464359	1	3	0	0	0	0	0	0	0	0	0	0	0	0	0	4.943151	4.285816	4.272984	4.271558	1.687473	9.000000	12.500000	99.157608	98.896599	98.896599	0	0	1	1	155	1184056
1444464360	2	1	1	1	0	0	0	0	1	0	0	0	0	0	0	4.941538	4.282964	4.272984	4.272984	1.688278	9.000000	12.500000	99.119583	98.821190	98.858490	0	0	1	1	155	1164654
1444464361	1	0	2	3	0	0	0	0	0	0	0	0	0	0	0	4.943151	4.282964	4.271558	4.271558	1.688278	9.000000	12.500000	98.784737	99.120316	98.747452	0	0	1	1	155	1167399
1444464363	1	0	0	0	0	0	0	0	0	0	0	0	0	0	0	4.939927	4.284390	4.272984	4.271558	1.688278	9.000000	12.500000	99.193443	98.932274	98.932274	0	0	1	1	155	1184052
1444464364	2	1	1	1	0	0	0	0	0	0	0	0	0	0	0	4.941538	4.284390	4.272984	4.272984	1.689084	9.000000	12.500000	99.156868	98.858490	98.858490	0	0	1	1	155	1164654
1444464365	0	2	1	1	0	0	0	0	0	0	0	0	0	0	0	4.946374	4.270133	4.281538	4.268707	1.689084	9.000000	12.500000	99.047302	98.749191	98.786461	0	0	1	1	155	1167394
1444464366	1	0	3	1	0	0	0	0	0	0	0	0	0	0	0	4.943151	4.285816	4.275836	4.274410	1.689084	9.000000	12.500000	99.120316	98.896599	98.822021	0	0	1	1	155	1184054
1444464367	3	0	2	0	0	1	0	0	0	0	0	0	0	0	0	4.943151	4.284390	4.272984	4.272984	1.689890	9.000000	12.500000	99.083031	98.859314	98.822021	0	0	1	1	155	1164662
1444464369	0	2	0	0	0	0	0	0	0	0	0	0	0	0	0	4.938315	4.287241	4.278687	4.275836	1.688278	9.000000	12.500000	99.416656	99.118073	99.080734	0	0	1	1	155	1167394
1444464370	1	1	0	1	0	0	0	0	1	0	0	0	0	0	0	4.943151	4.287241	4.272984	4.272984	1.689890	9.000000	12.500000	99.120316	98.822021	98.784737	0	0	1	1	155	1185207
1444464371	2	1	1	2	0	0	0	0	0	0	0	0	0	0	0	4.941538	4.284390	4.272984	4.271558	1.689890	9.000000	12.500000	99.119583	98.858490	98.858490	0	0	1	1	155	1167422
1444464372	0	1	0	2	0	0	0	0	0	0	0	0	0	0	0	4.941538	4.284390	4.272984	4.272984	1.690696	9.000000	12.500000	99.119583	98.895782	98.858490	0	0	1	1	155	1164685
1444464373	2	1	0	0	0	0	0	0	0	0	0	0	0	0	0	4.941538	4.281538	4.272984	4.271558	1.689890	9.000000	12.500000	99.156868	98.858490	98.821190	0	0	1	1	155	1167405
1444464375	1	2	1	1	0	0	0	0	0	0	0	0	0	0	0	4.943151	4.285816	4.278687	4.271558	1.690696	9.000000	12.500000	99.120316	98.859314	98.747452	0	0	1	1	155	1167429
1444464376	0	1	0	1	0	0	0	0	0	0	0	0	0	0	0	4.943151	4.284390	4.272984	4.271558	1.690696	9.000000	12.500000	99.083031	98.822021	98.784737	0	0	1	1	155	1164675
1444464377	0	2	1	1	0	0	0	1	0	0	0	0	0	0	0	4.941538	4.285816	4.271558	4.272984	1.691502	9.000000	12.500000	99.119583	98.783882	98.895782	0	0	1	1	155	1167404
1444464378	1	0	1	1	0	0	0	0	0	0	0	0	0	0	0	4.943151	4.282964	4.271558	4.272984	1.689084	9.000000	12.500000	98.896599	98.822021	98.859314	0	0	1	1	155	1184061
1444464379	3	0	3	2	0	1	0	0	0	1	0	0	0	0	0	4.943151	4.282964	4.272984	4.272984	1.692308	9.000000	12.500000	98.859314	98.933891	98.784737	0	0	1	1	155	1164708
1444464381	1	1	0	3	0	0	0	0	0	0	0	0	0	0	0	4.939927	4.288667	4.275836	4.278687	1.691502	9.000000	12.500000	99.305382	98.969566	99.044197	0	0	1	1	155	1167404
1444464382	1	3	1	1	0	0	0	0	0	0	0	0	0	0	0	4.943151	4.285816	4.271558	4.272984	1.693114	9.000000	12.500000	99.083031	98.822021	98.859314	0	0	1	1	155	1168569
1444464383	1	0	2	0	0	0	0	0	0	0	0	0	0	0	0	4.939927	4.282964	4.270133	4.271558	1.693114	9.000000	12.500000	98.894958	99.044197	98.783020	0	0	1	1	155	1184051
1444464384	1	3	0	1	0	0	0	0	1	0	0	0	0	0	0	4.943151	4.284390	4.268707	4.271558	1.693114	9.000000	12.500000	98.747452	98.971169	98.747452	0	0	1	1	155	1164656
1444464385	0	2	1	3	0	0	0	0	0	0	0	0	0	0	0	4.943151	4.282964	4.272984	4.271558	1.693114	9.000000	12.500000	99.120316	98.859314	98.822021	0	0	1	1	155	1167394
1444464387	1	1	1	0	0	0	0	0	0	0	0	0	0	0	0	4.947986	4.271558	4.277261	4.270133	1.693114	9.000000	12.500000	98.973579	98.675575	98.712822	0	0	1	1	155	1184051
1444464388	0	1	2	0	0	0	0	0	0	0	0	0	0	0	0	4.944762	4.271558	4.280113	4.268707	1.693114	9.000000	12.500000	99.121078	98.748329	98.822884	0	0	1	1	155	1164666
1444464389	0	0	1	0	0	0	0	0	0	0	0	0	0	0	0	4.943151	4.285816	4.271558	4.272984	1.693920	9.000000	12.500000	99.083031	98.859314	98.822021	0	0	1	1	155	1167395
1444464390	0	3	0	0	0	0	0	0	0	0	0	0	0	0	0	4.941538	4.284390	4.271558	4.272984	1.693920	9.000000	12.500000	99.156868	98.858490	98.858490	0	0	1	1	155	1184052
1444464391	2	1	1	0	0	1	0	0	0	0	0	0	0	0	0	4.941538	4.282964	4.272984	4.272984	1.693920	9.000000	12.500000	99.156868	98.895782	98.895782	0	0	1	1	155	1164671
1444464393	0	1	1	0	0	0	0	0	0	0	0	0	0	0	0	4.941538	4.275836	4.284390	4.270133	1.693114	9.000000	12.500000	99.194176	98.933075	98.933075	0	0	1	1	155	1167395
1444464394	3	2	2	1	0	0	0	0	0	0	0	0	0	0	0	4.943151	4.284390	4.268707	4.272984	1.694725	9.000000	12.500000	99.120316	98.784737	98.933891	0	0	1	1	155	1168574
1444464395	0	0	1	1	0	0	0	0	0	0	0	0	0	0	0	4.943151	4.285816	4.270133	4.271558	1.695531	9.000000	12.500000	99.157608	98.784737	98.859314	0	0	1	1	155	1167429
1444464396	0	2	1	0	0	0	0	0	0	0	0	0	0	0	0	4.941538	4.285816	4.270133	4.271558	1.694725	9.000000	12.500000	99.194176	98.821190	98.933075	0	0	1	1	155	1164678
1444464397	0	0	1	1	0	0	0	0	0	0	0	0	0	0	0	4.941538	4.285816	4.270133	4.271558	1.695531	9.000000	12.500000	99.119583	98.821190	98.858490	0	0	1	1	155	1167404
1444464399	3	0	1	0	0	0	0	0	0	0	0	0	0	0	0	4.939927	4.285816	4.270133	4.271558	1.695531	9.000000	12.500000	99.193443	98.857651	98.521835	0	0	1	1	155	1167429
1444464400	1	0	2	0	0	0	0	0	0	0	0	0	0	0	0	4.941538	4.284390	4.271558	4.271558	1.695531	9.000000	12.500000	99.156868	98.933075	98.560097	0	0	1	1	155	1164677
1444464401	1	2	0	0	0	0	0	0	0	0	0	0	0	0	0	4.943151	4.282964	4.270133	4.272984	1.695531	9.000000	12.500000	99.120316	98.822021	98.822021	0	0	1	1	155	1167404
1444464402	0	2	0	0	0	0	0	0	0	0	0	0	0	0	0	4.943151	4.284390	4.270133	4.271558	1.696337	9.000000	12.500000	99.120316	98.784737	98.859314	0	0	1	1	155	1167429
1444464403	0	1	0	1	0	0	0	0	0	0	0	0	0	0	0	4.943151	4.284390	4.270133	4.271558	1.695531	9.000000	12.500000	99.083031	98.784737	98.859314	0	0	1	1	155	1164693
1444464405	3	0	3	1	0	0	0	0	0	0	0	0	0	0	0	4.941538	4.288667	4.274410	4.277261	1.695531	9.000000	12.500000	99.268776	98.895782	98.933075	0	0	1	1	155	1167399
1444464406	0	2	1	1	0	0	0	0	0	0	0	0	0	0	0	4.943151	4.285816	4.270133	4.271558	1.697143	9.000000	12.500000	99.194893	98.449150	99.083031	0	0	1	1	155	1168564
1444464407	1	1	1	0	0	0	0	0	0	0	0	0	0	0	0	4.944762	4.285816	4.270133	4.272984	1.697143	9.000000	12.500000	99.121078	98.487404	98.897430	0	0	1	1	155	1164669
1444464408	0	0	1	1	0	0	0	0	0	0	0	0	0	0	0	4.943151	4.285816	4.270133	4.271558	1.697143	9.000000	12.500000	99.120316	98.822021	98.896599	0	0	1	1	155	1167395
1444464409	1	0	1	1	0	0	0	0	0	0	0	0	0	0	0	4.941538	4.285816	4.270133	4.272984	1.697143	9.000000	13.000000	99.194176	98.821190	98.858490	0	0	1	1	155	1167419
1444464411	0	2	0	0	0	0	0	0	0	0	0	0	0	0	0	4.938315	4.288667	4.267281	4.270133	1.697143	9.250000	12.500000	99.304680	98.931450	98.968781	0	0	1	1	155	1167419
1444464412	0	1	1	3	0	0	0	0	0	0	0	0	0	0	0	4.944762	4.287241	4.268707	4.272984	1.697949	9.000000	12.500000	99.121078	98.748329	98.785599	0	0	1	1	155	1164691
1444464420	2	0	0	2	0	0	0	0	0	0	0	0	0	0	0	4.946374	4.285816	4.274410	4.272984	1.699561	9.250000	13.000000	99.010048	98.786461	98.786461	0	0	1	1	-1	1184062
1444464421	1	2	0	2	0	0	0	0	1	0	0	0	0	0	0	4.943151	4.285816	4.272984	4.272984	1.700366	9.250000	13.000000	99.083031	98.822021	98.822021	0	0	1	1	154	1167406
1444464423	1	1	0	0	0	0	0	0	0	0	0	0	0	0	0	4.941538	4.284390	4.271558	4.271558	1.699561	9.250000	13.000000	99.156868	98.895782	98.895782	0	0	1	1	155	1164684
1444464424	0	1	3	0	0	0	0	0	0	0	0	0	0	0	0	4.941538	4.272984	4.274410	4.260152	1.696337	9.000000	13.000000	99.156868	98.858490	98.895782	0	0	1	1	155	1167404
1444464425	3	4	0	1	0	0	0	0	1	0	0	0	0	0	0	4.941538	4.285816	4.274410	4.274410	1.698755	9.250000	13.000000	99.156868	98.933075	98.858490	0	0	1	1	155	1167426
1444464426	0	0	0	1	0	0	0	0	0	0	0	0	0	0	0	4.944762	4.284390	4.272984	4.271558	1.700366	9.250000	13.000000	99.046524	98.785599	98.785599	0	0	1	1	155	1164680
1444464427	0	0	1	0	0	0	0	0	0	0	0	0	0	0	0	4.941538	4.284390	4.272984	4.270133	1.701172	9.250000	13.000000	99.119583	99.007675	98.933075	0	0	1	1	155	1167404
1444464429	1	0	1	2	0	0	0	0	0	0	0	0	0	0	0	4.938315	4.288667	4.277261	4.277261	1.700366	9.250000	13.000000	99.379326	99.118073	99.080734	0	0	1	1	155	1167429
1444464430	0	0	1	3	0	0	0	0	0	0	0	0	0	0	0	4.941538	4.282964	4.272984	4.274410	1.701172	9.250000	13.000000	99.194176	98.933075	98.933075	0	0	1	1	155	1168565
1444464431	2	1	1	0	0	0	0	0	0	0	0	0	0	0	0	4.943151	4.272984	4.263004	4.278687	1.701172	9.250000	13.000000	99.083031	98.896599	98.822021	0	0	1	1	155	1164594
1444464432	2	2	1	2	0	0	0	0	0	0	0	0	0	0	0	4.943151	4.282964	4.271558	4.271558	1.701978	9.250000	13.000000	99.120316	98.896599	98.822021	0	0	1	1	155	1167395
1444464433	0	0	0	2	0	0	0	0	0	0	0	0	0	0	0	4.943151	4.285816	4.271558	4.272984	1.701978	9.250000	13.000000	99.045746	98.859314	98.822021	0	0	1	1	155	1167419
1444464441	0	2	0	1	0	0	0	0	0	0	0	0	0	0	0	4.941538	4.290093	4.277261	4.275836	1.702784	9.250000	13.000000	99.231468	98.970383	99.007675	0	0	1	1	-1	1184051
1444464442	2	2	0	0	0	0	0	0	0	0	0	0	0	0	0	4.944762	4.284390	4.272984	4.271558	1.702784	9.250000	13.000000	99.083794	98.822884	98.822884	0	0	1	1	154	1168551
1444464443	3	0	2	1	0	0	0	0	0	0	0	0	0	0	0	4.941538	4.284390	4.272984	4.272984	1.703590	9.250000	13.000000	99.119583	98.858490	98.821190	0	0	1	1	155	1167434
1444464444	1	0	2	0	0	0	0	0	0	0	0	0	0	0	0	4.943151	4.285816	4.274410	4.274410	1.703590	9.250000	13.000000	99.083031	98.822021	98.822021	0	0	1	1	155	1170031
1444464446	1	1	2	3	0	0	0	0	0	0	0	0	0	0	0	4.941538	4.284390	4.272984	4.270133	1.703590	9.250000	13.000000	99.119583	98.895782	98.895782	0	0	1	1	155	1167404
1444464447	0	1	0	0	0	0	0	0	0	0	0	0	0	0	0	4.943151	4.282964	4.260152	4.275836	1.703590	9.250000	13.000000	99.045746	98.896599	98.896599	0	0	1	1	155	1167429
1444464454	2	2	0	4	0	0	0	0	0	0	0	0	0	0	0	4.943151	4.284390	4.274410	4.272984	1.705202	9.250000	13.000000	99.045746	98.822021	98.598305	0	0	1	1	-1	1185202
1444464455	1	0	1	0	0	0	0	0	0	0	0	0	0	0	0	4.943151	4.285816	4.272984	4.271558	1.706007	9.250000	13.000000	99.120316	98.822021	98.486443	0	0	1	1	154	1164676
1444464456	1	1	1	0	0	0	0	0	0	0	0	0	0	0	0	4.943151	4.282964	4.275836	4.274410	1.706813	9.250000	13.000000	99.120316	98.859314	98.822021	0	0	1	1	155	1167395
1444464458	2	0	0	0	0	0	0	0	0	0	0	0	0	0	0	4.943151	4.284390	4.271558	4.271558	1.706007	9.250000	13.000000	99.120316	98.859314	98.859314	0	0	1	1	155	1167419
1444464459	2	1	1	2	0	0	0	0	1	0	0	0	0	0	0	4.939927	4.284390	4.272984	4.272984	1.705202	9.250000	13.000000	99.268059	99.006889	98.969566	0	0	1	1	155	1164672
1444464466	0	1	2	0	0	0	0	0	0	0	0	0	0	0	0	4.941538	4.284390	4.270133	4.272984	1.706813	9.250000	13.000000	99.119583	98.858490	98.858490	0	0	1	1	-1	1185207
1444464467	1	1	1	0	0	0	0	0	0	0	0	0	0	0	0	4.943151	4.285816	4.255875	4.265855	1.706813	9.250000	13.000000	98.784737	98.374580	98.598305	0	0	1	1	154	1167406
1444464468	0	1	3	1	0	0	0	0	0	0	0	0	0	0	0	4.944762	4.282964	4.271558	4.271558	1.707619	9.250000	13.000000	99.083794	98.822884	98.673775	0	0	1	1	155	1164683
1444464470	1	2	1	2	0	0	0	0	1	0	0	0	0	0	0	4.941538	4.284390	4.274410	4.271558	1.708425	9.250000	13.000000	99.119583	98.858490	98.858490	0	0	1	1	155	1167404
1444464471	0	1	2	1	0	0	0	0	0	1	0	0	0	0	0	4.943151	4.285816	4.272984	4.271558	1.708425	9.250000	13.000000	99.083031	98.859314	98.859314	0	0	1	1	155	1167428
1444464472	0	2	2	0	0	0	0	0	0	0	0	0	0	0	0	4.941538	4.285816	4.274410	4.275836	1.708425	9.250000	13.000000	99.119583	98.895782	98.895782	0	0	1	1	155	1164674
1444464473	1	0	1	1	0	0	0	0	0	0	0	0	0	0	0	4.943151	4.285816	4.260152	4.274410	1.708425	9.250000	13.000000	99.045746	98.822021	98.822021	0	0	1	1	155	1167405
1444464474	1	1	0	0	0	0	0	0	0	0	0	0	0	0	0	4.941538	4.285816	4.272984	4.272984	1.708425	9.250000	13.000000	99.194176	98.895782	98.858490	0	0	1	1	155	1167429
1444464476	0	1	0	0	0	0	0	0	0	0	0	0	0	0	0	4.943151	4.287241	4.270133	4.270133	1.709231	9.250000	13.000000	99.157608	98.784737	98.896599	0	0	1	1	155	1167429
1444464477	0	0	2	2	0	0	0	0	0	0	0	0	0	0	0	4.939927	4.288667	4.275836	4.275836	1.709231	9.500000	13.000000	99.305382	98.969566	98.969566	0	0	1	1	155	1164717
1444464478	1	0	1	2	0	0	0	0	0	0	0	0	0	0	0	4.943151	4.285816	4.272984	4.271558	1.709231	9.250000	13.000000	99.157608	98.859314	98.859314	0	0	1	1	155	1168647
1444464479	3	2	0	0	1	0	0	0	0	0	0	0	0	0	0	4.941538	4.285816	4.268707	4.271558	1.710037	9.500000	13.000000	99.231468	98.858490	98.933075	0	0	1	1	155	1167419
1444464480	0	0	0	1	0	0	0	0	0	0	0	0	0	0	0	4.946374	4.288667	4.267281	4.271558	1.710037	9.250000	13.000000	99.121826	98.786461	98.786461	0	0	1	1	155	1187602
1444464482	0	1	4	3	0	0	0	1	0	1	0	0	0	0	0	4.943151	4.285816	4.268707	4.271558	1.708425	9.250000	13.000000	99.194893	98.747452	98.859314	0	0	1	1	155	1167392
1444464483	0	0	1	1	0	0	0	0	0	0	0	0	0	0	0	4.943151	4.285816	4.270133	4.272984	1.710037	9.250000	13.000000	99.157608	98.822021	98.822021	0	0	1	1	155	1167418
1444464484	1	2	1	1	0	0	0	0	0	0	0	0	0	0	0	4.941538	4.285816	4.271558	4.271558	1.709231	9.250000	13.000000	99.231468	98.821190	98.821190	0	0	1	1	155	1164671
1444464485	0	2	1	2	0	0	0	0	0	0	0	0	0	0	0	4.941538	4.285816	4.270133	4.271558	1.710037	9.500000	13.000000	99.194176	98.821190	98.858490	0	0	1	1	155	1167395
1444464486	0	2	1	2	0	0	0	0	0	0	0	0	0	0	0	4.943151	4.285816	4.270133	4.272984	1.708425	9.250000	13.000000	98.971169	98.672874	98.784737	0	0	1	1	155	1167419
1444464488	0	2	0	0	0	0	0	0	0	0	0	0	0	0	0	4.943151	4.285816	4.270133	4.271558	1.710843	9.500000	13.000000	99.120316	98.747452	98.822021	0	0	1	1	155	1167419
1444464489	1	0	0	0	0	0	0	0	0	0	0	0	0	0	0	4.941538	4.290093	4.275836	4.275836	1.710843	9.500000	13.000000	99.268776	98.858490	98.522797	0	0	1	1	155	1164680
1444464490	3	0	0	0	0	0	0	0	0	0	0	0	0	0	0	4.943151	4.285816	4.270133	4.271558	1.710843	9.500000	13.000000	99.120316	98.784737	98.822021	0	0	1	1	155	1168550
1444464491	0	0	0	0	0	0	0	0	0	0	0	0	0	0	0	4.941538	4.285816	4.270133	4.271558	1.710843	9.500000	13.000000	99.194176	98.858490	98.821190	0	0	1	1	155	1167428
1444464492	1	1	3	0	0	0	0	0	0	0	0	0	0	0	0	4.941538	4.287241	4.270133	4.271558	1.711648	9.500000	13.000000	99.194176	98.821190	98.858490	0	0	1	1	155	1164679
1444464494	1	1	0	3	0	0	0	0	0	0	0	0	0	0	0	4.943151	4.282964	4.268707	4.270133	1.711648	9.500000	13.000000	99.381340	98.710175	98.784737	0	0	1	1	155	1167405
1444464495	1	0	2	0	0	0	0	0	0	0	0	0	0	0	0	4.941538	4.287241	4.270133	4.272984	1.711648	9.500000	13.000000	99.194176	98.821190	98.858490	0	0	1	1	155	1167429
1444464496	1	2	2	3	0	0	0	0	1	0	0	0	0	0	0	4.941538	4.284390	4.270133	4.271558	1.712454	9.500000	13.000000	99.119583	98.858490	98.783882	0	0	1	1	155	1164691
1444464497	1	0	1	3	0	0	1	0	0	0	0	0	0	0	0	4.941538	4.285816	4.271558	4.271558	1.712454	9.500000	13.000000	99.194176	98.821190	98.858490	0	0	1	1	155	1167407
1444464498	0	2	0	0	0	0	0	0	0	0	0	0	0	0	0	4.941538	4.285816	4.270133	4.271558	1.712454	9.500000	13.000000	99.231468	98.821190	98.970383	0	0	1	1	155	1167428
1444464500	0	0	1	1	0	0	0	0	0	0	0	0	0	0	0	4.943151	4.287241	4.270133	4.272984	1.711648	9.500000	13.000000	99.157608	98.784737	98.523727	0	0	1	1	155	1167429
1444464501	2	0	1	0	0	0	0	0	0	0	0	0	0	0	0	4.939927	4.290093	4.270133	4.274410	1.712454	9.500000	13.000000	99.305382	98.969566	99.044197	0	0	1	1	155	1164687
1444464502	0	0	0	1	0	0	0	0	0	0	0	0	0	0	0	4.943151	4.285816	4.272984	4.271558	1.713260	9.500000	13.000000	99.157608	98.784737	98.822021	0	0	1	1	155	1168541
1444464503	2	0	0	1	0	0	0	0	0	0	0	0	0	0	0	4.943151	4.285816	4.270133	4.271558	1.713260	9.500000	13.000000	99.194893	98.747452	98.896599	0	0	1	1	155	1167419
1444464504	0	0	1	2	0	0	0	0	0	0	0	0	0	0	0	4.943151	4.288667	4.272984	4.275836	1.714066	9.500000	13.000000	99.157608	98.859314	98.859314	0	0	1	1	155	1164671
1444464506	1	0	0	1	0	0	0	0	0	0	0	0	0	0	0	4.941538	4.285816	4.268707	4.272984	1.714066	9.500000	13.000000	99.194176	98.858490	98.895782	0	0	1	1	155	1167394
1444464507	2	2	0	1	0	0	0	0	1	0	0	0	0	0	0	4.943151	4.287241	4.272984	4.271558	1.714066	9.500000	13.000000	99.157608	98.561020	98.598305	0	0	1	1	155	1167419
1444464508	1	1	0	0	0	0	0	0	0	0	0	0	0	0	0	4.941538	4.274410	4.260152	4.260152	1.714066	9.500000	13.000000	99.082275	98.485497	98.597389	0	0	1	1	155	1164678
1444464509	0	0	0	1	0	0	0	0	0	0	0	0	0	0	0	4.939927	4.285816	4.274410	4.275836	1.714066	9.500000	13.000000	99.193443	98.969566	98.894958	0	0	1	1	155	1167395
1444464510	2	0	0	2	0	0	1	0	0	0	0	0	0	0	0	4.943151	4.287241	4.272984	4.272984	1.714872	9.500000	13.000000	99.194893	98.896599	98.896599	0	0	1	1	155	1167419
1444464512	2	1	0	0	0	0	0	0	0	0	0	0	0	0	0	4.943151	4.298647	4.271558	4.270133	1.714066	9.500000	13.000000	99.157608	98.822021	98.859314	0	0	1	1	155	1167419
1444464513	1	2	0	4	0	0	0	0	1	0	0	0	0	0	0	4.936703	4.290093	4.275836	4.275836	1.713260	9.500000	13.000000	99.415993	99.154648	99.117302	0	0	1	1	155	1164671
1444464514	3	2	3	2	0	0	0	1	0	0	0	0	0	0	0	4.941538	4.285816	4.274410	4.274410	1.714872	9.500000	13.000000	99.156868	98.560097	98.933075	0	0	1	1	155	1168550
1444464515	2	3	0	2	0	0	0	0	1	0	0	0	0	0	0	4.943151	4.288667	4.274410	4.272984	1.714872	9.500000	13.000000	99.157608	98.822021	98.822021	0	0	1	1	155	1167428
1444464516	1	2	0	2	0	0	0	0	0	0	0	0	0	0	0	4.941538	4.282964	4.272984	4.274410	1.714872	9.500000	13.000000	99.119583	98.895782	98.858490	0	0	1	1	155	1164670
1444464518	0	0	0	0	0	0	0	0	0	0	0	0	0	0	0	4.943151	4.284390	4.271558	4.271558	1.715678	9.500000	13.000000	99.120316	98.822021	98.896599	0	0	1	1	155	1167404
1444464519	0	1	0	1	0	0	0	0	0	0	0	0	0	0	0	4.939927	4.302925	4.258727	4.261578	1.711648	9.500000	13.000000	99.230751	98.857651	98.969566	0	0	1	1	155	1167429
1444464520	0	3	1	1	0	0	0	0	0	0	0	0	0	0	0	4.938315	4.288667	4.268707	4.271558	1.715678	9.500000	13.000000	99.192719	98.931450	98.931450	0	0	1	1	155	1164677
1444464521	1	0	2	0	0	0	0	0	0	0	0	0	0	0	0	4.943151	4.285816	4.272984	4.271558	1.714872	9.500000	13.000000	99.232185	98.859314	98.859314	0	0	1	1	155	1167401
1444464522	0	1	0	0	0	0	0	0	0	0	0	0	0	0	0	4.943151	4.284390	4.272984	4.270133	1.716484	9.500000	13.000000	99.083031	98.822021	98.784737	0	0	1	1	155	1167429
1444464524	1	1	0	1	0	0	0	0	0	0	0	0	0	0	0	4.941538	4.282964	4.274410	4.272984	1.716484	9.500000	13.000000	99.156868	98.895782	98.858490	0	0	1	1	155	1164696
1444464525	0	1	0	2	0	0	0	0	0	0	0	0	0	0	0	4.939927	4.284390	4.274410	4.274410	1.715678	9.500000	13.000000	99.268059	99.044197	99.044197	0	0	1	1	155	1167400
1444464526	1	2	0	0	0	0	0	0	0	0	0	0	0	0	0	4.944762	4.281538	4.272984	4.271558	1.717289	9.500000	13.000000	99.046524	98.785599	98.822884	0	0	1	1	155	1168565
1444464527	1	0	0	0	0	0	0	0	0	0	0	0	0	0	0	4.943151	4.282964	4.271558	4.272984	1.716484	9.500000	13.000000	99.120316	98.859314	98.859314	0	0	1	1	155	1167416
1444464528	1	0	0	0	0	0	0	0	0	0	0	0	0	0	0	4.939927	4.282964	4.271558	4.271558	1.717289	9.500000	13.000000	99.193443	98.894958	98.932274	0	0	1	1	155	1164672
1444464530	1	0	1	1	0	0	0	0	0	0	0	0	0	0	0	4.941538	4.282964	4.272984	4.271558	1.717289	9.500000	13.000000	99.119583	98.933075	98.858490	0	0	1	1	155	1167394
1444464531	0	0	0	0	0	0	0	0	0	0	0	0	0	0	0	4.943151	4.282964	4.271558	4.271558	1.717289	9.500000	13.000000	99.083031	98.859314	98.859314	0	0	1	1	155	1167418
1444464532	2	0	0	0	0	0	0	0	0	0	0	0	0	0	0	4.941538	4.282964	4.274410	4.272984	1.718095	9.500000	13.500000	99.119583	98.895782	98.858490	0	0	1	1	155	1164676
1444464533	1	0	1	1	0	0	0	0	0	0	0	0	0	0	0	4.941538	4.282964	4.271558	4.264430	1.715678	9.500000	13.500000	99.306068	98.858490	98.895782	0	0	1	1	155	1167395
1444464534	0	2	1	0	0	0	0	0	0	0	0	0	0	0	0	4.943151	4.282964	4.272984	4.271558	1.718095	9.500000	13.500000	99.083031	98.896599	98.859314	0	0	1	1	155	1167419
1444464536	0	1	1	0	0	0	0	0	0	0	0	0	0	0	0	4.943151	4.282964	4.274410	4.271558	1.718095	9.500000	13.500000	99.120316	98.822021	98.672874	0	0	1	1	155	1164679
1444464537	2	0	0	1	0	0	0	0	0	0	0	0	0	0	0	4.941538	4.287241	4.275836	4.274410	1.718901	9.500000	13.500000	99.194176	98.933075	98.933075	0	0	1	1	155	1167397
1444464538	1	0	0	1	0	0	0	0	0	0	0	0	0	0	0	4.943151	4.282964	4.272984	4.272984	1.718901	9.500000	13.500000	99.083031	98.822021	98.784737	0	0	1	1	155	1168574
1444464539	1	1	2	0	0	0	0	0	0	0	0	0	0	0	0	4.941538	4.282964	4.261578	4.272984	1.718901	9.500000	13.500000	99.044983	98.858490	98.821190	0	0	1	1	155	1167429
1444464540	2	0	1	1	0	0	0	0	0	0	0	0	0	0	0	4.943151	4.284390	4.260152	4.284390	1.719707	9.500000	13.500000	99.083031	98.859314	98.784737	0	0	1	1	155	1164686
1444464542	1	0	0	2	0	0	0	0	0	0	0	0	0	0	0	4.941538	4.285816	4.272984	4.271558	1.719707	9.500000	13.500000	99.156868	98.858490	98.933075	0	0	1	1	155	1167404
1444464543	1	0	0	0	0	0	0	0	0	0	0	0	0	0	0	4.941538	4.282964	4.272984	4.271558	1.719707	9.500000	13.500000	99.119583	98.858490	98.858490	0	0	1	1	155	1167429
1444464544	0	0	0	0	0	0	0	0	0	0	0	0	0	0	0	4.943151	4.285816	4.274410	4.272984	1.720513	9.500000	13.500000	99.157608	98.859314	98.859314	0	0	1	1	155	1164680
1444464545	1	1	1	0	0	1	0	0	0	0	0	0	0	0	0	4.943151	4.284390	4.271558	4.271558	1.719707	9.500000	13.500000	99.120316	98.896599	98.822021	0	0	1	1	155	1167404
1444464546	1	2	0	1	0	0	0	0	0	0	0	0	0	0	0	4.943151	4.284390	4.271558	4.271558	1.720513	9.500000	13.500000	99.083031	98.374580	98.598305	0	0	1	1	155	1167428
1444464548	1	1	0	2	0	0	0	0	0	0	0	0	0	0	0	4.947986	4.272984	4.263004	4.263004	1.719707	9.500000	13.500000	98.861832	98.563820	98.340324	0	0	1	1	155	1164685
1444464549	1	1	1	2	0	0	0	0	0	0	0	0	0	0	0	4.941538	4.287241	4.277261	4.274410	1.718901	9.500000	13.500000	99.268776	98.970383	98.970383	0	0	1	1	155	1167400
1444464550	1	1	0	1	0	0	0	0	1	0	0	0	0	0	0	4.943151	4.284390	4.274410	4.271558	1.720513	9.500000	13.500000	99.083031	98.822021	98.896599	0	0	1	1	155	1168565
1444464551	0	2	1	0	0	0	0	0	0	0	0	0	0	0	0	4.943151	4.284390	4.271558	4.271558	1.720513	9.500000	13.500000	99.083031	98.859314	98.859314	0	0	1	1	155	1167419
1444464552	2	1	1	1	0	0	0	0	0	0	0	0	0	0	0	4.941538	4.285816	4.272984	4.272984	1.720513	9.500000	13.500000	99.194176	98.933075	98.970383	0	0	1	1	155	1175130
1444464554	2	1	1	0	0	0	0	0	0	0	0	0	0	0	0	4.941538	4.284390	4.274410	4.272984	1.720513	9.500000	13.500000	99.119583	98.895782	98.895782	0	0	1	1	155	1167395
1444464555	1	1	1	0	0	0	0	0	0	0	0	0	0	0	0	4.943151	4.295796	4.272984	4.270133	1.722125	9.500000	13.500000	99.120316	98.859314	98.859314	0	0	1	1	155	1167419
1444464556	1	0	0	1	0	0	0	0	0	0	0	0	0	0	0	4.944762	4.292944	4.270133	4.270133	1.721319	9.500000	13.500000	99.046524	98.860153	98.785599	0	0	1	1	155	1164664
1444464557	0	0	1	2	0	0	0	0	0	0	0	0	0	0	0	4.943151	4.284390	4.272984	4.271558	1.721319	9.500000	13.500000	99.083031	98.523727	98.523727	0	0	1	1	155	1167393
1444464558	1	1	2	1	0	0	0	0	0	0	0	0	0	0	0	4.943151	4.285816	4.274410	4.272984	1.721319	9.500000	13.500000	99.157608	98.896599	98.859314	0	0	1	1	155	1167419
1444464560	1	1	1	0	0	0	0	0	0	0	0	0	0	0	0	4.941538	4.284390	4.271558	4.271558	1.722125	9.750000	13.500000	99.156868	98.895782	98.858490	0	0	1	1	155	1164679
1444464561	0	0	0	3	0	0	0	0	0	0	0	0	0	0	0	4.939927	4.284390	4.274410	4.275836	1.722125	9.750000	13.500000	99.268059	99.006889	98.969566	0	0	1	1	155	1167395
1444464562	1	0	1	0	0	0	0	0	0	0	0	0	0	0	0	4.939927	4.271558	4.267281	4.267281	1.718095	9.500000	13.500000	99.193443	98.857651	98.894958	0	0	1	1	155	1168574
1444464563	0	2	1	1	0	0	0	0	0	0	0	0	0	0	0	4.939927	4.285816	4.267281	4.274410	1.721319	9.500000	13.500000	99.193443	98.969566	98.969566	0	0	1	1	155	1164680
1444464564	0	3	0	2	0	0	0	0	0	0	0	0	0	0	0	4.943151	4.284390	4.270133	4.271558	1.722931	9.750000	13.500000	99.157608	98.710175	98.822021	0	0	1	1	155	1167401
1444464566	2	2	1	1	0	0	0	0	0	0	0	0	0	0	0	4.941538	4.285816	4.270133	4.272984	1.722931	9.750000	13.500000	99.119583	98.821190	98.858490	0	0	1	1	155	1167429
1444464567	1	1	1	2	0	0	0	0	0	0	0	0	0	0	0	4.941538	4.285816	4.270133	4.272984	1.723736	9.750000	13.500000	99.119583	98.783882	98.895782	0	0	1	1	155	1167429
1444464568	1	1	1	2	0	0	0	0	0	0	0	0	0	0	0	4.941538	4.282964	4.270133	4.272984	1.722931	9.750000	13.500000	99.119583	98.783882	98.858490	0	0	1	1	155	1164682
1444464569	1	3	1	1	0	0	0	0	1	0	0	0	0	0	0	4.943151	4.284390	4.272984	4.270133	1.723736	9.750000	13.500000	98.822021	98.896599	98.747452	0	0	1	1	155	1167404
1444464570	1	1	0	2	0	0	0	0	0	0	0	0	0	0	0	4.943151	4.284390	4.270133	4.271558	1.723736	9.750000	13.500000	99.120316	98.822021	98.859314	0	0	1	1	155	1167428
1444464572	2	1	0	2	0	0	1	0	0	0	0	0	0	0	0	4.941538	4.284390	4.268707	4.270133	1.722931	9.750000	13.500000	99.156868	98.821190	98.858490	0	0	1	1	155	1164688
1444464573	0	0	0	0	0	0	0	0	0	0	0	0	0	0	0	4.941538	4.287241	4.275836	4.272984	1.722931	9.750000	13.500000	99.231468	98.895782	98.970383	0	0	1	1	155	1167402
1444464574	2	1	0	2	0	0	0	0	0	0	0	0	0	0	0	4.941538	4.282964	4.270133	4.272984	1.724542	9.750000	13.500000	99.156868	98.858490	98.858490	0	0	1	1	155	1168564
1444464575	0	1	0	0	0	0	0	0	0	0	0	0	0	0	0	4.941538	4.282964	4.270133	4.270133	1.724542	9.750000	13.500000	99.156868	98.821190	98.933075	0	0	1	1	155	1164590
1444464576	0	1	1	2	0	0	0	0	0	0	0	0	0	0	0	4.943151	4.284390	4.270133	4.271558	1.724542	9.750000	13.500000	99.083031	98.747452	98.635597	0	0	1	1	155	1167395
1444464578	1	1	2	1	0	0	0	0	0	0	0	0	0	0	0	4.944762	4.284390	4.270133	4.270133	1.724542	9.750000	13.500000	99.083794	98.711044	98.785599	0	0	1	1	155	1167419
1444464579	2	2	0	1	0	0	0	0	0	0	0	0	0	0	0	4.939927	4.288667	4.270133	4.271558	1.724542	9.750000	13.500000	99.230751	98.857651	98.894958	0	0	1	1	155	1167419
1444464580	1	0	2	0	0	1	0	0	0	0	0	0	0	0	0	4.943151	4.285816	4.271558	4.271558	1.724542	9.750000	13.500000	99.083031	98.747452	98.822021	0	0	1	1	155	1164803
1444464581	0	1	1	2	0	0	0	0	1	0	0	0	0	0	0	4.941538	4.284390	4.271558	4.272984	1.724542	9.750000	13.500000	99.119583	98.821190	98.858490	0	0	1	1	155	1167395
1444464582	1	0	1	0	0	0	0	0	0	0	0	0	0	0	0	4.941538	4.287241	4.268707	4.271558	1.725348	9.750000	13.500000	99.194176	98.821190	98.671989	0	0	1	1	155	1167419
1444464584	2	1	3	0	0	0	0	0	0	0	0	0	0	0	0	4.944762	4.288667	4.272984	4.272984	1.726154	9.750000	13.500000	99.046524	98.711044	98.412849	0	0	1	1	155	1164666
1444464585	0	0	3	1	0	0	0	0	0	0	0	0	0	0	0	4.943151	4.287241	4.272984	4.275836	1.724542	9.750000	13.500000	99.306763	98.859314	98.933891	0	0	1	1	155	1167395
1444464586	2	2	1	0	0	1	0	0	0	0	0	0	0	0	0	4.943151	4.285816	4.272984	4.274410	1.725348	9.750000	13.500000	99.157608	98.859314	98.822021	0	0	1	1	155	1168574
1444464587	0	2	0	0	0	0	0	0	0	0	0	0	0	0	0	4.943151	4.285816	4.270133	4.272984	1.726154	9.750000	13.500000	99.194893	98.822021	98.859314	0	0	1	1	155	1164690
1444464588	2	1	2	0	0	0	0	0	0	0	0	0	0	0	0	4.943151	4.288667	4.270133	4.271558	1.726154	9.750000	13.500000	99.157608	98.784737	98.896599	0	0	1	1	155	1167404
1444464590	1	1	1	1	0	0	1	0	0	0	0	0	0	0	0	4.941538	4.285816	4.268707	4.271558	1.726960	9.750000	13.500000	99.231468	98.858490	98.522797	0	0	1	1	155	1167429
1444464591	2	1	1	1	0	0	0	0	0	0	0	0	0	0	0	4.943151	4.285816	4.272984	4.271558	1.726154	9.750000	13.500000	99.194893	98.859314	98.859314	0	0	1	1	155	1167429
1444464592	2	2	2	1	0	0	0	1	0	1	0	0	0	0	0	4.941538	4.288667	4.272984	4.274410	1.726154	9.750000	13.500000	99.231468	98.858490	98.895782	0	0	1	1	155	1164680
1444464593	1	0	2	1	0	0	0	0	0	0	0	0	0	0	0	4.944762	4.288667	4.272984	4.271558	1.726960	9.750000	13.500000	99.195625	98.860153	98.897430	0	0	1	1	155	1167404
1444464594	4	0	0	1	0	0	1	0	0	0	0	0	0	0	0	4.951209	4.277261	4.275836	4.268707	1.727766	9.750000	13.500000	98.975182	98.640144	98.640144	0	0	1	1	155	1167428
1444464596	2	0	1	0	0	0	0	0	0	0	0	0	0	0	0	4.944762	4.290093	4.272984	4.268707	1.726960	9.750000	13.500000	99.121078	98.822884	98.822884	0	0	1	1	155	1164678
1444464597	0	0	0	0	0	0	0	0	0	0	0	0	0	0	0	4.941538	4.288667	4.275836	4.275836	1.725348	9.750000	13.500000	99.529861	98.895782	98.970383	0	0	1	1	155	1167399
1444464598	0	2	2	1	0	0	0	0	0	0	0	0	0	0	0	4.941538	4.284390	4.272984	4.271558	1.727766	9.750000	13.500000	99.156868	98.895782	98.895782	0	0	1	1	155	1168565
1444464599	0	2	2	1	0	0	0	0	0	0	0	0	0	0	0	4.941538	4.285816	4.272984	4.270133	1.727766	9.750000	13.500000	99.156868	98.858490	98.858490	0	0	1	1	155	1164681
1444464600	0	1	1	3	0	0	0	0	0	0	0	0	0	0	0	4.943151	4.287241	4.272984	4.271558	1.727766	9.750000	13.500000	99.194893	98.822021	98.822021	0	0	1	1	155	1167395
1444464602	1	0	0	1	0	0	0	0	0	0	0	0	0	0	0	4.938315	4.330014	4.263004	4.258727	1.726960	9.750000	13.500000	98.968781	98.894127	98.894127	0	0	1	1	155	1167419
1444464603	1	0	1	1	0	1	0	0	0	0	0	0	0	0	0	4.941538	4.287241	4.274410	4.274410	1.728572	9.750000	13.500000	99.231468	98.933075	98.933075	0	0	1	1	155	1167416
1444464604	1	2	0	1	0	0	0	0	1	0	0	0	0	0	0	4.941538	4.284390	4.272984	4.272984	1.727766	9.750000	13.500000	99.119583	98.858490	98.858490	0	0	1	1	155	1164678
1444464605	0	2	2	3	0	0	0	0	1	0	0	0	0	0	0	4.941538	4.284390	4.274410	4.272984	1.728572	9.750000	13.500000	99.119583	98.895782	98.858490	0	0	1	1	155	1167395
1444464606	1	1	0	1	1	0	0	0	0	0	0	0	0	0	0	4.941538	4.287241	4.271558	4.271558	1.727766	9.750000	13.500000	99.156868	98.895782	98.895782	0	0	1	1	155	1167419
1444464608	1	0	3	2	0	0	0	0	0	0	0	0	0	0	0	4.943151	4.285816	4.271558	4.272984	1.728572	9.750000	13.500000	99.120316	98.896599	98.822021	0	0	1	1	155	1164678
1444464609	1	1	2	1	0	0	0	0	0	0	0	0	0	0	0	4.939927	4.287241	4.274410	4.275836	1.727766	9.750000	13.500000	99.230751	98.969566	98.969566	0	0	1	1	155	1167395
1444464610	0	1	0	1	0	0	0	0	0	0	0	0	0	0	0	4.941538	4.285816	4.271558	4.275836	1.729377	9.750000	13.500000	99.119583	98.895782	98.858490	0	0	1	1	155	1168574
1444464611	0	2	1	0	0	0	0	0	0	0	0	0	0	0	0	4.943151	4.282964	4.271558	4.274410	1.729377	9.750000	13.500000	99.120316	98.822021	98.822021	0	0	1	1	155	1164678
1444464612	0	1	0	1	0	0	0	0	0	0	0	0	0	0	0	4.943151	4.285816	4.271558	4.271558	1.729377	9.750000	13.500000	99.157608	98.859314	98.859314	0	0	1	1	155	1167404
1444464614	1	1	2	2	0	0	0	0	0	0	0	0	0	0	0	4.941538	4.284390	4.272984	4.271558	1.729377	9.750000	13.500000	99.119583	98.933075	98.821190	0	0	1	1	155	1167428
1444464615	0	2	0	0	0	0	0	0	0	0	0	0	0	0	0	4.943151	4.282964	4.272984	4.272984	1.729377	9.750000	13.500000	99.083031	98.784737	98.822021	0	0	1	1	155	1164683
1444464616	3	0	1	1	0	0	0	0	0	0	0	0	0	0	0	4.941538	4.284390	4.271558	4.264430	1.727766	9.750000	13.500000	99.306068	98.746590	98.858490	0	0	1	1	155	1167404
1444464617	0	1	0	0	0	0	0	0	0	0	0	0	0	0	0	4.943151	4.284390	4.272984	4.271558	1.729377	9.750000	13.500000	99.083031	98.859314	98.859314	0	0	1	1	155	1167429
1444464618	0	1	0	0	0	0	0	0	0	0	0	0	0	0	0	4.941538	4.284390	4.271558	4.271558	1.730183	9.750000	13.500000	99.156868	98.895782	98.933075	0	0	1	1	155	1167432
1444464620	0	0	0	2	0	0	0	0	0	0	0	0	0	0	0	4.941538	4.284390	4.271558	4.271558	1.730183	9.750000	13.500000	99.194176	98.895782	98.895782	0	0	1	1	155	1164683
1444464621	0	0	2	2	0	0	0	0	0	0	0	0	0	0	0	4.941538	4.290093	4.275836	4.275836	1.730183	9.750000	13.500000	99.306068	98.933075	98.933075	0	0	1	1	155	1167400
1444464622	1	0	1	1	0	0	0	0	0	0	0	0	0	0	0	4.943151	4.281538	4.260152	4.278687	1.729377	9.750000	13.500000	99.120316	98.859314	98.822021	0	0	1	1	155	1168564
1444464623	2	0	0	0	0	0	0	0	0	0	0	0	0	0	0	4.944762	4.274410	4.281538	4.268707	1.730989	9.750000	13.500000	99.083794	98.822884	98.785599	0	0	1	1	155	1164680
1444464624	0	0	0	0	0	0	0	0	0	0	0	0	0	0	0	4.943151	4.284390	4.271558	4.271558	1.730989	9.750000	13.500000	99.120316	98.859314	98.896599	0	0	1	1	155	1167395
1444464626	1	3	0	0	0	0	0	0	0	0	0	0	0	0	0	4.941538	4.282964	4.271558	4.272984	1.731795	9.750000	13.500000	99.156868	98.895782	98.933075	0	0	1	1	155	1167419
1444464627	3	1	1	0	0	0	0	0	0	0	0	0	0	0	0	4.944762	4.285816	4.274410	4.272984	1.731795	9.750000	13.500000	99.046524	98.785599	98.785599	0	0	1	1	155	1164679
1444464628	1	1	2	1	0	0	0	0	0	0	0	0	0	0	0	4.943151	4.284390	4.271558	4.272984	1.731795	9.750000	13.500000	99.120316	98.822021	98.784737	0	0	1	1	155	1167394
1444464629	0	2	2	3	0	0	0	0	1	0	0	0	0	0	0	4.944762	4.284390	4.271558	4.271558	1.731795	9.750000	13.500000	99.121078	98.524689	98.524689	0	0	1	1	155	1167419
1444464630	3	0	2	1	0	1	0	0	0	0	0	0	0	0	0	4.943151	4.282964	4.272984	4.271558	1.731795	9.750000	13.500000	99.194893	98.822021	98.859314	0	0	1	1	155	1167419
1444464632	0	3	0	1	0	0	0	0	0	0	0	0	0	0	0	4.941538	4.285816	4.274410	4.272984	1.731795	9.750000	13.500000	99.156868	98.933075	98.933075	0	0	1	1	155	1164675
1444464633	0	0	0	1	0	0	0	0	0	0	0	0	0	0	0	4.939927	4.285816	4.275836	4.274410	1.730989	9.750000	13.500000	99.230751	99.006889	98.969566	0	0	1	1	155	1167395
1444464634	2	1	1	0	0	0	0	0	0	0	0	0	0	0	0	4.943151	4.287241	4.272984	4.271558	1.732601	9.750000	13.500000	99.083031	98.859314	98.822021	0	0	1	1	155	1168574
1444464635	0	0	1	0	0	0	0	0	0	0	0	0	0	0	0	4.939927	4.281538	4.274410	4.274410	1.731795	9.750000	13.500000	99.193443	98.969566	98.969566	0	0	1	1	155	1164676
1444464636	0	0	1	0	0	0	0	0	0	0	0	0	0	0	0	4.943151	4.285816	4.274410	4.272984	1.733407	9.750000	13.500000	99.120316	98.486443	98.896599	0	0	1	1	155	1167404
1444464638	0	0	2	1	0	0	0	0	0	0	0	0	0	0	0	4.943151	4.284390	4.274410	4.272984	1.732601	9.750000	13.500000	99.120316	98.859314	98.896599	0	0	1	1	155	1167428
1444464639	1	2	0	1	0	0	0	0	1	0	0	0	0	0	0	4.943151	4.284390	4.271558	4.271558	1.732601	9.750000	13.500000	99.083031	98.896599	98.859314	0	0	1	1	155	1164700
1444464640	0	0	2	0	0	0	0	0	0	0	0	0	0	0	0	4.941538	4.282964	4.271558	4.272984	1.732601	9.750000	13.500000	99.119583	98.858490	98.858490	0	0	1	1	155	1167404
1444464641	0	0	2	1	0	0	0	0	0	0	0	0	0	0	0	4.939927	4.322886	4.265855	4.264430	1.728572	9.750000	13.500000	99.193443	98.894958	98.894958	0	0	1	1	155	1167429
1444464642	0	0	1	1	0	0	0	0	0	0	0	0	0	0	0	4.943151	4.285816	4.275836	4.272984	1.731795	9.750000	13.500000	99.120316	98.859314	98.822021	0	0	1	1	155	1167426
1444464644	1	1	3	3	0	0	0	0	1	0	0	0	0	0	0	4.941538	4.285816	4.271558	4.274410	1.734213	9.750000	13.500000	99.119583	98.821190	98.858490	0	0	1	1	155	1164673
1444464645	1	0	1	0	0	0	0	0	0	0	0	0	0	0	0	4.941538	4.287241	4.275836	4.274410	1.733407	9.750000	13.500000	99.268776	98.634682	98.709282	0	0	1	1	155	1167400
1444464646	0	0	0	3	0	0	0	0	0	0	0	0	0	0	0	4.939927	4.285816	4.274410	4.272984	1.733407	9.750000	13.500000	99.193443	98.932274	98.932274	0	0	1	1	155	1168669
1444464647	1	1	1	1	0	0	0	0	0	0	0	0	0	0	0	4.943151	4.284390	4.272984	4.272984	1.734213	9.750000	13.500000	99.083031	98.784737	98.822021	0	0	1	1	155	1164684
1444464648	0	1	2	0	0	0	0	0	0	0	0	0	0	0	0	4.941538	4.284390	4.272984	4.271558	1.734213	9.750000	13.500000	99.119583	98.895782	98.858490	0	0	1	1	155	1167395
1444464650	2	0	0	1	0	0	0	0	0	0	0	0	0	0	0	4.943151	4.284390	4.271558	4.270133	1.735018	10.000000	13.500000	98.747452	99.083031	98.747452	0	0	1	1	155	1167419
1444464651	0	0	1	0	0	0	0	0	0	0	0	0	0	0	0	4.943151	4.282964	4.271558	4.271558	1.734213	9.750000	13.500000	98.822021	99.083031	98.747452	0	0	1	1	156	1164685
1444464652	0	1	0	3	0	0	0	0	0	0	0	0	0	0	0	4.943151	4.284390	4.271558	4.272984	1.735018	10.000000	13.500000	99.120316	98.859314	98.784737	0	0	1	1	155	1167394
1444464653	1	1	0	0	0	0	0	0	0	0	0	0	0	0	0	4.943151	4.284390	4.274410	4.272984	1.735018	10.000000	13.500000	99.083031	98.822021	98.822021	0	0	1	1	156	1167443
1444464654	0	0	3	0	0	0	0	0	0	0	0	0	0	0	0	4.941538	4.284390	4.272984	4.274410	1.735018	10.000000	13.500000	99.119583	98.858490	98.858490	0	0	1	1	156	1164674
1444464656	0	1	1	1	0	0	0	0	0	0	0	0	0	0	0	4.941538	4.281538	4.268707	4.271558	1.735018	10.000000	13.500000	99.194176	98.895782	98.858490	0	0	1	1	156	1167416
1444464657	1	1	1	3	0	1	0	0	0	0	0	0	0	0	0	4.941538	4.285816	4.263004	4.272984	1.735018	10.000000	13.500000	99.194176	99.007675	98.933075	0	0	1	1	156	1167432
1444464658	0	0	3	1	0	0	0	0	0	0	0	0	0	0	0	4.943151	4.284390	4.274410	4.272984	1.736630	10.000000	13.500000	99.083031	98.859314	98.784737	0	0	1	1	156	1168590
1444464659	2	0	3	1	0	0	0	0	0	0	0	0	0	0	0	4.941538	4.282964	4.272984	4.271558	1.735018	10.000000	13.500000	99.119583	98.895782	98.821190	0	0	1	1	156	1164683
1444464660	1	1	0	1	0	0	0	0	0	0	0	0	0	0	0	4.941538	4.285816	4.272984	4.271558	1.735018	10.000000	13.500000	99.119583	98.858490	98.858490	0	0	1	1	156	1167428
1444464662	1	0	1	1	0	0	1	0	0	0	0	0	0	0	0	4.943151	4.282964	4.272984	4.271558	1.735824	10.000000	13.500000	99.083031	98.822021	98.859314	0	0	1	1	156	1167445
1444464663	1	2	1	1	0	0	0	0	0	0	0	0	0	0	0	4.943151	4.282964	4.275836	4.272984	1.736630	10.000000	13.500000	99.083031	98.822021	98.822021	0	0	1	1	156	1164685
1444464664	0	0	1	0	0	0	0	0	0	0	0	0	0	0	0	4.941538	4.284390	4.271558	4.278687	1.736630	10.000000	13.500000	99.082275	98.821190	98.821190	0	0	1	1	156	1167423
1444464665	4	2	0	2	0	0	0	0	0	0	0	0	0	0	0	4.943151	4.284390	4.271558	4.270133	1.736630	10.000000	13.500000	99.083031	98.859314	98.822021	0	0	1	1	156	1167444
1444464666	1	0	0	0	0	0	0	0	0	0	0	0	0	0	0	4.941538	4.285816	4.272984	4.272984	1.737436	10.000000	13.500000	99.156868	98.933075	98.858490	0	0	1	1	156	1174925
1444464668	0	0	0	2	0	0	0	0	0	0	0	0	0	0	0	4.941538	4.287241	4.272984	4.272984	1.736630	10.000000	13.500000	99.119583	98.858490	98.858490	0	0	1	1	156	1167425
1444464669	1	2	1	1	0	0	0	0	1	0	0	0	0	0	0	4.939927	4.287241	4.274410	4.278687	1.735824	10.000000	13.500000	99.268059	99.044197	99.044197	0	0	1	1	156	1167440
1444464670	0	2	1	1	0	0	0	0	0	0	0	0	0	0	0	4.941538	4.282964	4.271558	4.271558	1.736630	10.000000	13.500000	99.231468	98.895782	98.821190	0	0	1	1	156	1168581
1444464671	2	0	0	1	0	0	0	0	0	0	0	0	0	0	0	4.946374	4.288667	4.271558	4.274410	1.737436	10.000000	13.500000	99.084572	98.786461	98.786461	0	0	1	1	156	1164654
1444464672	0	1	2	0	0	0	0	0	0	0	0	0	0	0	0	4.943151	4.284390	4.271558	4.274410	1.736630	10.000000	13.500000	99.120316	98.822021	98.896599	0	0	1	1	156	1167413
1444464674	0	0	1	0	0	0	0	0	0	0	0	0	0	0	0	4.943151	4.285816	4.271558	4.274410	1.737436	10.000000	13.500000	99.194893	98.859314	98.859314	0	0	1	1	156	1167435
1444464675	2	1	2	0	0	0	0	0	0	0	0	0	0	0	0	4.944762	4.287241	4.272984	4.274410	1.738242	10.000000	13.500000	99.121078	98.822884	98.860153	0	0	1	1	156	1176733
1444464676	0	1	2	2	0	0	0	0	0	0	0	0	0	0	0	4.941538	4.285816	4.272984	4.272984	1.738242	10.000000	14.000000	99.194176	98.933075	98.858490	0	0	1	1	156	1167416
1444464677	3	0	3	0	0	1	0	0	0	0	0	0	0	0	0	4.943151	4.284390	4.271558	4.275836	1.738242	10.000000	13.500000	98.822021	99.083031	98.822021	0	0	1	1	156	1167435
1444464678	0	0	0	0	0	0	0	0	0	0	0	0	0	0	0	4.943151	4.288667	4.274410	4.275836	1.738242	10.000000	13.500000	98.859314	99.157608	98.822021	0	0	1	1	156	1164668
1444464680	1	1	2	0	0	0	0	0	0	0	0	0	0	0	0	4.943151	4.287241	4.272984	4.271558	1.738242	10.000000	13.500000	99.194893	98.822021	98.933891	0	0	1	1	156	1167416
1444464681	0	2	1	2	0	0	0	0	0	0	0	0	0	0	0	4.941538	4.290093	4.277261	4.277261	1.738242	10.000000	14.000000	99.268776	98.933075	99.007675	0	0	1	1	156	1167437
1444464682	0	0	1	1	0	0	0	0	0	0	0	0	0	0	0	4.939927	4.288667	4.275836	4.275836	1.737436	10.000000	14.000000	99.268059	98.932274	98.969566	0	0	1	1	156	1165831
1444464683	1	2	0	0	0	0	0	0	0	0	0	0	0	0	0	4.943151	4.287241	4.271558	4.274410	1.738242	10.000000	14.000000	99.232185	98.822021	98.971169	0	0	1	1	156	1167426
1444464684	2	2	1	0	0	0	0	0	0	0	0	0	0	0	0	4.943151	4.285816	4.272984	4.272984	1.738242	10.000000	13.500000	98.896599	98.896599	98.822021	0	0	1	1	156	1167445
1444464686	2	0	0	2	0	0	0	0	0	0	0	0	0	0	0	4.943151	4.285816	4.274410	4.275836	1.739048	10.000000	14.000000	99.157608	98.822021	98.896599	0	0	1	1	156	1167444
1444464687	0	1	0	1	0	0	0	0	0	0	0	0	0	0	0	4.941538	4.288667	4.271558	4.274410	1.739048	10.000000	13.500000	99.156868	98.858490	98.895782	0	0	1	1	156	1164685
1444464688	0	1	2	1	0	0	0	0	0	0	0	0	0	0	0	4.939927	4.287241	4.272984	4.275836	1.738242	10.000000	14.000000	99.305382	98.969566	99.044197	0	0	1	1	156	1167428
1444464689	1	0	0	1	0	0	0	0	0	0	0	0	0	0	0	4.941538	4.287241	4.271558	4.274410	1.739048	10.000000	14.000000	99.231468	98.821190	98.933075	0	0	1	1	156	1167445
1444464690	0	0	0	0	0	0	0	0	0	0	0	0	0	0	0	4.943151	4.285816	4.272984	4.271558	1.739854	10.000000	14.000000	99.157608	98.822021	98.822021	0	0	1	1	156	1164705
1444464692	0	1	0	1	0	0	0	0	0	0	0	0	0	0	0	4.943151	4.287241	4.270133	4.275836	1.739854	10.000000	14.000000	99.120316	98.747452	98.896599	0	0	1	1	156	1167423
1444464693	1	1	2	3	0	0	0	0	0	0	0	0	0	0	0	4.941538	4.288667	4.277261	4.280113	1.739048	10.000000	14.000000	99.306068	99.007675	99.044983	0	0	1	1	156	1167440
1444464694	1	0	2	0	0	0	0	0	0	0	0	0	0	0	0	4.943151	4.288667	4.272984	4.275836	1.740659	10.000000	14.000000	99.157608	98.822021	98.784737	0	0	1	1	156	1165845
1444464695	0	0	0	1	0	0	0	0	0	0	0	0	0	0	0	4.941538	4.282964	4.271558	4.274410	1.739048	10.000000	14.000000	99.156868	98.895782	98.970383	0	0	1	1	156	1167419
1444464696	0	0	0	0	0	0	0	0	0	0	0	0	0	0	0	4.941538	4.282964	4.271558	4.272984	1.739854	10.000000	14.000000	99.119583	98.933075	98.933075	0	0	1	1	156	1167435
1444464698	1	1	1	1	0	0	0	0	0	0	0	0	0	0	0	4.943151	4.281538	4.264430	4.261578	1.739048	10.000000	14.000000	98.822021	98.374580	98.486443	0	0	1	1	156	1167435
1444464699	1	1	1	2	0	0	0	0	0	0	0	0	0	0	0	4.941538	4.285816	4.274410	4.272984	1.740659	10.000000	14.000000	99.119583	98.933075	98.485497	0	0	1	1	156	1164666
1444464700	2	1	2	0	0	1	0	0	0	0	0	0	0	0	0	4.941538	4.285816	4.272984	4.272984	1.740659	10.000000	14.000000	99.156868	98.858490	98.821190	0	0	1	1	156	1167416
1444464701	1	2	1	1	0	0	0	1	0	0	0	0	0	0	0	4.941538	4.288667	4.272984	4.272984	1.740659	10.000000	14.000000	99.194176	98.895782	98.933075	0	0	1	1	156	1167435
1444464702	2	1	0	1	0	0	0	0	0	0	0	0	0	0	0	4.941538	4.284390	4.271558	4.272984	1.741465	10.000000	14.000000	99.194176	98.933075	98.933075	0	0	1	1	156	1164592
1444464704	0	1	0	1	0	0	0	0	0	0	0	0	0	0	0	4.941538	4.285816	4.271558	4.272984	1.741465	10.000000	14.000000	99.194176	98.634682	99.044983	0	0	1	1	156	1167415
1444464705	1	0	1	0	0	0	0	0	0	0	0	0	0	0	0	4.939927	4.288667	4.274410	4.274410	1.739854	10.000000	14.000000	99.305382	98.969566	98.969566	0	0	1	1	156	1167436
1444464706	3	1	1	1	0	1	0	0	0	0	0	0	0	0	0	4.943151	4.285816	4.271558	4.271558	1.741465	10.000000	14.000000	99.157608	98.933891	98.859314	0	0	1	1	156	1195573
1444464707	2	0	0	1	0	0	0	0	0	0	0	0	0	0	0	4.941538	4.282964	4.271558	4.271558	1.742271	10.000000	14.000000	99.156868	98.933075	98.858490	0	0	1	1	156	1167425
1444464708	1	2	0	1	0	0	0	0	0	0	0	0	0	0	0	4.943151	4.284390	4.272984	4.272984	1.742271	10.000000	14.000000	99.083031	98.486443	99.045746	0	0	1	1	156	1167444
1444464710	3	0	0	0	0	0	0	0	0	0	0	0	0	0	0	4.941538	4.282964	4.271558	4.272984	1.742271	10.000000	14.000000	99.156868	98.970383	98.970383	0	0	1	1	156	1170026
1444464711	0	1	0	0	0	0	0	0	0	0	0	0	0	0	0	4.943151	4.282964	4.271558	4.271558	1.742271	10.000000	14.000000	98.710175	98.672874	98.747452	0	0	1	1	156	1167425
1444464712	2	0	1	0	0	0	0	0	0	0	0	0	0	0	0	4.941538	4.284390	4.272984	4.275836	1.743077	10.000000	14.000000	99.119583	98.858490	98.933075	0	0	1	1	156	1167444
1444464713	0	0	0	0	0	0	0	0	0	0	0	0	0	0	0	4.938315	4.285816	4.272984	4.277261	1.740659	10.000000	14.000000	99.304680	99.043419	99.080734	0	0	1	1	156	1167447
1444464714	0	3	1	0	0	0	0	0	0	0	0	0	0	0	0	4.943151	4.285816	4.274410	4.272984	1.743077	10.000000	14.000000	99.083031	98.822021	98.859314	0	0	1	1	156	1188985
1444464716	0	3	2	1	0	0	0	0	1	0	0	0	0	0	0	4.943151	4.285816	4.272984	4.272984	1.743077	10.000000	14.000000	99.083031	98.859314	98.784737	0	0	1	1	156	1167429
1444464717	0	4	1	3	0	0	0	0	1	0	0	0	0	0	0	4.939927	4.287241	4.275836	4.274410	1.742271	10.000000	14.000000	99.268059	98.969566	98.969566	0	0	1	1	156	1167440
1444464718	2	1	1	0	0	0	0	0	0	0	0	0	0	0	0	4.941538	4.284390	4.272984	4.275836	1.743077	10.000000	14.000000	99.194176	98.933075	98.933075	0	0	1	1	156	1165835
1444464719	1	2	1	2	1	0	0	0	0	0	0	0	0	0	0	4.943151	4.284390	4.271558	4.272984	1.741465	10.000000	14.000000	99.045746	98.747452	98.747452	0	0	1	1	156	1167416
1444464720	0	0	0	2	0	0	0	0	0	0	0	0	0	0	0	4.943151	4.284390	4.274410	4.271558	1.743077	10.000000	14.000000	99.083031	98.822021	98.822021	0	0	1	1	156	1167435
1444464722	1	3	1	0	0	0	0	0	0	0	0	0	0	0	0	4.943151	4.282964	4.272984	4.271558	1.743077	10.000000	14.000000	99.083031	98.859314	98.784737	0	0	1	1	156	1164684
1444464723	2	2	2	0	0	0	0	0	0	0	0	0	0	0	0	4.939927	4.285816	4.274410	4.277261	1.742271	10.000000	14.000000	99.230751	98.969566	99.044197	0	0	1	1	156	1167418
1444464724	1	0	0	0	0	0	0	0	0	0	0	0	0	0	0	4.941538	4.284390	4.275836	4.272984	1.743883	10.000000	14.000000	99.156868	98.895782	98.858490	0	0	1	1	156	1167435
1444464725	3	0	0	3	0	0	1	0	0	0	0	0	0	0	0	4.941538	4.284390	4.274410	4.272984	1.743883	10.000000	14.000000	99.156868	98.933075	98.858490	0	0	1	1	156	1167435
1444464726	3	1	1	1	0	0	0	0	0	0	0	0	0	0	0	4.941538	4.284390	4.274410	4.271558	1.743883	10.000000	14.000000	99.156868	98.895782	98.858490	0	0	1	1	156	1164723
1444464728	0	3	0	1	0	0	0	0	0	0	0	0	0	0	0	4.941538	4.284390	4.271558	4.271558	1.743883	10.000000	14.000000	99.156868	98.895782	98.858490	0	0	1	1	156	1167415
1444464729	0	1	0	0	0	0	0	0	0	0	0	0	0	0	0	4.941538	4.287241	4.275836	4.275836	1.743883	10.000000	14.000000	99.231468	98.970383	98.933075	0	0	1	1	156	1167436
1444464730	0	0	3	1	0	0	0	0	0	0	0	0	0	0	0	4.941538	4.284390	4.272984	4.272984	1.744689	10.250000	14.000000	99.156868	98.895782	98.858490	0	0	1	1	156	1165846
1444464731	1	1	1	1	0	0	0	0	0	0	0	0	0	0	0	4.941538	4.282964	4.270133	4.271558	1.744689	10.250000	14.000000	99.119583	98.895782	98.858490	0	0	1	1	156	1167425
1444464732	0	1	4	1	0	0	0	0	0	0	0	0	0	0	0	4.939927	4.280113	4.261578	4.255875	1.743077	10.000000	14.000000	99.081512	98.596466	98.559158	0	0	1	1	156	1167445
1444464734	0	3	0	2	0	0	0	0	0	0	0	0	0	0	0	4.943151	4.284390	4.272984	4.271558	1.744689	10.000000	14.000000	99.120316	98.859314	98.635597	0	0	1	1	156	1164686
1444464735	0	2	0	1	0	0	0	0	0	0	0	0	0	0	0	4.943151	4.282964	4.271558	4.271558	1.743883	10.000000	14.000000	99.083031	98.933891	98.822021	0	0	1	1	156	1167425
1444464736	0	0	1	0	0	0	0	0	0	0	0	0	0	0	0	4.943151	4.282964	4.274410	4.272984	1.744689	10.000000	14.000000	99.120316	98.859314	98.784737	0	0	1	1	156	1167445
1444464737	1	0	0	0	0	0	0	0	0	0	0	0	0	0	0	4.941538	4.282964	4.271558	4.271558	1.744689	10.250000	14.000000	99.156868	98.895782	98.858490	0	0	1	1	156	1164683
1444464738	1	1	0	0	0	0	0	0	0	0	0	0	0	0	0	4.943151	4.282964	4.260152	4.282964	1.744689	10.000000	14.000000	99.008469	98.822021	98.822021	0	0	1	1	156	1167426
1444464740	2	0	2	0	0	0	0	0	0	0	0	0	0	0	0	4.941538	4.285816	4.272984	4.274410	1.745495	10.250000	14.000000	99.119583	98.895782	98.858490	0	0	1	1	156	1167445
1444464741	1	1	1	0	0	0	0	0	0	0	0	0	0	0	0	4.941538	4.284390	4.274410	4.272984	1.744689	10.250000	14.000000	99.194176	98.970383	98.933075	0	0	1	1	156	1167440
1444464742	0	0	0	0	0	0	0	0	0	0	0	0	0	0	0	4.943151	4.282964	4.272984	4.272984	1.745495	10.250000	14.000000	99.045746	98.822021	98.822021	0	0	1	1	156	1165816
1444464743	1	1	0	1	0	0	0	0	0	0	0	0	0	0	0	4.943151	4.282964	4.271558	4.271558	1.745495	10.250000	14.000000	99.120316	98.822021	98.859314	0	0	1	1	156	1167416
1444464744	0	2	1	0	0	0	0	1	0	0	0	0	0	0	0	4.943151	4.291519	4.267281	4.270133	1.745495	10.250000	14.000000	99.157608	98.859314	98.896599	0	0	1	1	156	1167435
1444464746	2	1	0	0	0	0	0	0	0	0	0	0	0	0	0	4.944762	4.291519	4.270133	4.270133	1.746300	10.250000	14.000000	99.046524	98.785599	98.748329	0	0	1	1	156	1164678
1444464747	2	0	1	2	0	0	0	0	0	0	0	0	0	0	0	4.943151	4.284390	4.272984	4.272984	1.746300	10.250000	14.000000	99.157608	98.859314	98.822021	0	0	1	1	156	1167413
1444464748	0	1	3	1	0	0	0	0	0	0	0	0	0	0	0	4.941538	4.287241	4.272984	4.271558	1.746300	10.250000	14.000000	99.156868	98.895782	98.858490	0	0	1	1	156	1167435
1444464749	1	0	2	1	0	0	0	0	0	1	0	0	0	0	0	4.943151	4.284390	4.272984	4.271558	1.747106	10.250000	14.000000	99.120316	98.859314	98.859314	0	0	1	1	156	1164668
1444464750	0	0	0	1	0	0	0	0	0	0	0	0	0	0	0	4.941538	4.285816	4.274410	4.271558	1.747106	10.250000	14.000000	99.119583	98.858490	98.858490	0	0	1	1	156	1167416
1444464752	0	1	1	1	0	0	0	1	0	0	0	0	0	0	0	4.943151	4.284390	4.272984	4.271558	1.747912	10.250000	14.000000	98.710175	99.045746	98.672874	0	0	1	1	156	1167435
1444464753	0	1	0	0	0	0	0	0	0	0	0	0	0	0	0	4.943151	4.288667	4.275836	4.274410	1.746300	10.250000	14.000000	99.157608	98.933891	98.896599	0	0	1	1	156	1164683
1444464754	1	1	0	0	0	0	0	0	0	0	0	0	0	0	0	4.943151	4.284390	4.274410	4.271558	1.746300	10.250000	14.000000	99.083031	98.784737	98.822021	0	0	1	1	156	1168572
1444464755	1	1	2	0	0	0	0	1	0	0	0	0	0	0	0	4.941538	4.282964	4.271558	4.271558	1.747106	10.250000	14.000000	99.156868	98.933075	98.858490	0	0	1	1	156	1167445
1444464756	3	1	1	0	0	0	0	0	0	0	0	0	0	0	0	4.943151	4.284390	4.271558	4.271558	1.747106	10.250000	14.000000	99.083031	98.896599	98.822021	0	0	1	1	156	1167445
1444464758	0	0	1	1	0	0	0	0	0	0	0	0	0	0	0	4.943151	4.285816	4.275836	4.272984	1.747912	10.250000	14.000000	99.120316	98.859314	98.822021	0	0	1	1	156	1164697
1444464759	0	4	0	1	0	0	0	0	1	0	0	0	0	0	0	4.943151	4.285816	4.272984	4.274410	1.747106	10.250000	14.000000	98.822021	98.896599	98.710175	0	0	1	1	156	1167425
1444464760	1	0	0	0	0	0	0	0	0	0	0	0	0	0	0	4.943151	4.282964	4.272984	4.272984	1.747912	10.250000	14.000000	99.120316	98.859314	98.822021	0	0	1	1	156	1167444
1444464761	1	1	2	0	0	0	0	0	0	0	0	0	0	0	0	4.943151	4.284390	4.272984	4.272984	1.748718	10.250000	14.000000	99.083031	98.822021	98.822021	0	0	1	1	156	1164707
1444464762	0	0	1	0	0	0	0	0	0	0	0	0	0	0	0	4.939927	4.288667	4.274410	4.274410	1.747106	10.250000	14.000000	99.268059	99.006889	98.932274	0	0	1	1	156	1167428
1444464764	1	0	0	0	0	0	0	0	0	0	0	0	0	0	0	4.941538	4.284390	4.274410	4.274410	1.747912	10.250000	14.000000	99.156868	98.895782	98.858490	0	0	1	1	156	1167445
1444464765	0	2	0	4	0	0	0	0	1	0	0	0	0	0	0	4.939927	4.284390	4.275836	4.274410	1.747912	10.250000	14.000000	99.268059	98.969566	99.006889	0	0	1	1	156	1164665
1444464766	0	1	1	0	0	0	0	0	0	0	0	0	0	0	0	4.939927	4.272984	4.260152	4.260152	1.747106	10.250000	14.000000	98.894958	98.559158	98.932274	0	0	1	1	156	1168559
1444464767	0	0	0	0	0	0	0	0	0	0	0	0	0	0	0	4.939927	4.285816	4.274410	4.274410	1.747912	10.250000	14.000000	99.193443	98.932274	98.969566	0	0	1	1	156	1167435
1444464768	1	1	0	0	0	0	0	0	0	0	0	0	0	0	0	4.943151	4.288667	4.272984	4.272984	1.749524	10.250000	14.000000	99.157608	98.822021	98.822021	0	0	1	1	156	1167438
1444464770	0	0	0	0	0	0	0	0	0	0	0	0	0	0	0	4.941538	4.282964	4.271558	4.271558	1.748718	10.250000	14.000000	99.194176	98.858490	98.858490	0	0	1	1	156	1164659
1444464771	2	1	2	0	0	0	0	0	0	0	0	0	0	0	0	4.941538	4.285816	4.272984	4.272984	1.748718	10.250000	14.000000	99.194176	98.895782	98.895782	0	0	1	1	156	1167416
1444464772	2	1	1	1	0	0	0	0	0	0	0	0	0	0	0	4.941538	4.280113	4.258727	4.263004	1.747912	10.250000	14.000000	98.858490	98.522797	98.597389	0	0	1	1	156	1167435
1444464773	1	1	1	0	0	0	0	0	0	0	0	0	0	0	0	4.941538	4.285816	4.272984	4.270133	1.749524	10.250000	14.000000	99.119583	98.858490	98.448196	0	0	1	1	156	1164669
1444464774	1	0	0	1	0	0	0	0	0	0	0	0	0	0	0	4.943151	4.285816	4.271558	4.271558	1.749524	10.250000	14.000000	99.157608	98.822021	98.822021	0	0	1	1	156	1167416
1444464776	1	0	3	1	0	0	0	0	0	0	0	0	0	0	0	4.941538	4.284390	4.272984	4.271558	1.749524	10.250000	14.000000	99.156868	98.858490	98.858490	0	0	1	1	156	1167435
1444464777	1	1	0	1	0	0	0	0	0	0	0	0	0	0	0	4.939927	4.288667	4.277261	4.274410	1.749524	10.250000	14.000000	99.305382	98.969566	98.969566	0	0	1	1	156	1164682
1444464778	0	0	0	3	0	0	0	0	0	0	0	0	0	0	0	4.943151	4.287241	4.272984	4.271558	1.749524	10.250000	14.000000	99.157608	98.859314	98.822021	0	0	1	1	156	1168571
1444464779	2	1	0	1	0	0	0	0	0	0	0	0	0	0	0	4.943151	4.285816	4.271558	4.272984	1.750330	10.250000	14.000000	99.157608	98.672874	98.523727	0	0	1	1	156	1167445
1444464780	1	1	0	1	0	0	0	0	0	0	0	0	0	0	0	4.943151	4.285816	4.271558	4.271558	1.750330	10.250000	14.000000	99.120316	98.933891	98.449150	0	0	1	1	156	1164683
1444464782	0	1	1	0	0	0	0	0	0	0	0	0	0	0	0	4.939927	4.285816	4.271558	4.271558	1.750330	10.250000	14.000000	99.230751	98.894958	98.894958	0	0	1	1	156	1167425
1444464783	0	0	2	1	0	0	0	0	0	0	0	0	0	0	0	4.941538	4.285816	4.272984	4.274410	1.750330	10.250000	14.000000	99.231468	98.895782	98.858490	0	0	1	1	156	1167445
1444464784	2	1	1	1	0	0	0	0	0	0	0	0	0	0	0	4.943151	4.280113	4.274410	4.268707	1.751136	10.250000	14.000000	99.194893	98.896599	98.859314	0	0	1	1	156	1167445
1444464785	1	0	1	0	0	0	0	0	0	0	0	0	0	0	0	4.946374	4.275836	4.274410	4.270133	1.750330	10.250000	14.000000	99.121826	98.749191	98.749191	0	0	1	1	156	1164704
1444464786	1	0	0	2	0	0	0	0	0	0	0	0	0	0	0	4.941538	4.287241	4.271558	4.271558	1.750330	10.250000	14.000000	99.231468	98.895782	98.858490	0	0	1	1	156	1167426
1444464788	0	1	1	1	0	0	0	0	0	0	0	0	0	0	0	4.941538	4.285816	4.272984	4.272984	1.750330	10.250000	14.000000	99.194176	98.858490	98.858490	0	0	1	1	156	1167445
1444464789	2	0	0	1	0	0	0	0	0	0	0	0	0	0	0	4.939927	4.288667	4.274410	4.274410	1.750330	10.250000	14.000000	99.305382	98.969566	99.081512	0	0	1	1	156	1164690
1444464790	0	1	1	1	0	0	0	0	0	0	0	0	0	0	0	4.941538	4.285816	4.272984	4.272984	1.751136	10.250000	14.000000	99.194176	98.895782	98.858490	0	0	1	1	156	1168564
1444464791	4	0	1	0	0	0	0	0	0	0	0	0	0	0	0	4.943151	4.285816	4.270133	4.271558	1.751941	10.250000	14.000000	99.194893	98.822021	98.822021	0	0	1	1	156	1167435
1444464792	1	0	1	1	0	0	1	0	0	0	0	0	0	0	0	4.944762	4.287241	4.270133	4.272984	1.751941	10.250000	14.000000	99.158348	98.860153	98.822884	0	0	1	1	156	1164679
1444464794	1	1	0	1	0	0	0	0	0	0	0	0	0	0	0	4.943151	4.288667	4.272984	4.272984	1.751136	10.250000	14.000000	99.157608	98.822021	98.784737	0	0	1	1	156	1167413
1444464795	0	0	0	2	0	0	0	0	0	0	0	0	0	0	0	4.941538	4.288667	4.272984	4.272984	1.752747	10.250000	14.000000	99.156868	98.858490	98.858490	0	0	1	1	156	1167436
1444464796	2	0	0	1	0	0	0	0	0	0	0	0	0	0	0	4.943151	4.287241	4.272984	4.272984	1.751941	10.250000	14.000000	99.120316	98.822021	98.784737	0	0	1	1	156	1167435
1444464797	1	1	0	0	0	0	0	0	0	0	0	0	0	0	0	4.939927	4.287241	4.271558	4.271558	1.751941	10.250000	14.000000	99.230751	98.857651	98.969566	0	0	1	1	156	1164727
1444464798	3	3	0	0	0	0	0	0	0	0	0	0	0	0	0	4.943151	4.287241	4.270133	4.272984	1.751136	10.250000	14.000000	99.120316	98.747452	98.747452	0	0	1	1	156	1167416
1444464800	2	1	0	0	0	0	0	0	0	0	0	0	0	0	0	4.941538	4.287241	4.274410	4.271558	1.752747	10.250000	14.000000	99.156868	98.858490	98.821190	0	0	1	1	156	1167435
1444464801	0	0	4	0	0	0	0	0	0	0	0	0	0	0	0	4.939927	4.292944	4.275836	4.277261	1.751941	10.250000	14.000000	99.380005	99.044197	98.671089	0	0	1	1	156	1164705
1444464802	0	0	0	2	0	0	0	0	0	0	0	0	0	0	0	4.943151	4.287241	4.274410	4.272984	1.753553	10.250000	14.000000	99.157608	98.822021	98.822021	0	0	1	1	156	1168572
1444464803	1	1	3	3	0	0	0	0	0	0	0	0	0	0	0	4.943151	4.287241	4.271558	4.271558	1.752747	10.250000	14.000000	99.157608	98.896599	98.822021	0	0	1	1	156	1167445
1444464804	0	0	1	1	0	0	0	0	0	1	0	0	0	0	0	4.941538	4.284390	4.271558	4.271558	1.752747	10.250000	14.000000	99.156868	98.895782	98.895782	0	0	1	1	156	1164679
1444464806	1	3	0	1	0	0	0	0	0	0	0	0	0	0	0	4.943151	4.258727	4.268707	4.258727	1.751136	10.250000	14.000000	139.763321	99.083031	98.486443	0	0	1	1	156	1167425
1444464807	0	1	1	0	0	0	0	0	0	0	0	0	0	0	0	4.941538	4.288667	4.274410	4.272984	1.752747	10.250000	14.000000	99.306068	98.933075	98.895782	0	0	1	1	157	1167466
1444464808	1	0	0	1	0	0	0	0	0	0	0	0	0	0	0	4.944762	4.288667	4.272984	4.272984	1.754359	10.250000	14.000000	99.083794	98.785599	98.748329	0	0	1	1	156	1164713
1444464809	0	2	0	3	0	0	0	0	0	0	0	0	0	0	0	4.943151	4.285816	4.272984	4.272984	1.753553	10.250000	14.000000	99.157608	98.896599	98.784737	0	0	1	1	156	1167428
1444464810	1	0	1	2	0	0	0	0	0	0	0	0	0	0	0	4.939927	4.285816	4.272984	4.271558	1.753553	10.250000	14.000000	99.230751	98.932274	98.857651	0	0	1	1	156	1167445
1444464812	0	3	0	1	0	0	0	0	0	0	0	0	0	0	0	4.941538	4.281538	4.263004	4.263004	1.753553	10.250000	14.000000	99.044983	98.709282	98.485497	0	0	1	1	156	1167445
1444464813	0	0	1	3	0	0	0	0	0	0	0	0	0	0	0	4.936703	4.290093	4.270133	4.274410	1.753553	10.250000	14.000000	99.415993	99.117302	99.079971	0	0	1	1	156	1164687
1444464814	0	0	3	0	0	0	0	0	0	0	0	0	0	0	0	4.943151	4.284390	4.271558	4.272984	1.754359	10.250000	14.000000	99.120316	98.822021	98.822021	0	0	1	1	156	1168666
1444464815	1	1	2	2	0	1	0	0	0	0	0	0	0	0	0	4.941538	4.287241	4.272984	4.271558	1.754359	10.250000	14.000000	99.156868	98.821190	98.821190	0	0	1	1	156	1167435
1444464816	3	2	0	0	0	0	0	0	0	0	0	0	0	0	0	4.941538	4.285816	4.272984	4.275836	1.754359	10.250000	14.000000	99.194176	98.895782	98.858490	0	0	1	1	156	1164676
1444464818	1	0	1	1	0	0	0	0	0	0	0	0	0	0	0	4.941538	4.285816	4.272984	4.271558	1.754359	10.250000	14.000000	99.194176	98.858490	98.858490	0	0	1	1	156	1167416
1444464819	0	0	3	0	0	0	0	0	0	0	0	0	0	0	0	4.941538	4.285816	4.260152	4.260152	1.752747	10.250000	14.000000	99.082275	98.858490	98.858490	0	0	1	1	156	1167435
1444464820	2	3	1	1	0	0	0	0	0	0	0	0	0	0	0	4.943151	4.285816	4.265855	4.261578	1.754359	10.250000	14.000000	99.083031	98.822021	98.896599	0	0	1	1	156	1164671
1444464821	1	4	0	3	1	0	0	0	1	0	0	0	0	0	0	4.943151	4.285816	4.271558	4.272984	1.755165	10.250000	14.000000	99.157608	98.859314	98.896599	0	0	1	1	156	1167416
1444464822	1	1	1	0	0	0	0	0	0	0	0	0	0	0	0	4.943151	4.285816	4.271558	4.274410	1.754359	10.250000	14.000000	99.157608	98.822021	98.896599	0	0	1	1	156	1167438
1444464824	1	2	1	1	0	0	0	0	0	0	0	0	0	0	0	4.941538	4.287241	4.272984	4.274410	1.755165	10.250000	14.000000	99.194176	98.858490	98.933075	0	0	1	1	156	1167435
1444464825	1	1	2	1	0	0	0	0	0	0	0	0	0	0	0	4.938315	4.288667	4.274410	4.277261	1.755165	10.250000	14.000000	99.379326	99.006096	99.080734	0	0	1	1	156	1164686
1444464826	0	1	2	2	0	0	0	0	1	0	0	0	0	0	0	4.943151	4.285816	4.260152	4.282964	1.755165	10.250000	14.000000	99.120316	98.859314	98.896599	0	0	1	1	156	1168572
1444464827	0	0	1	0	0	0	0	0	0	0	0	0	0	0	0	4.941538	4.284390	4.272984	4.272984	1.755971	10.250000	14.000000	99.156868	98.933075	98.895782	0	0	1	1	156	1167445
1444464828	3	1	2	0	0	0	0	0	0	0	0	0	0	0	0	4.941538	4.285816	4.272984	4.274410	1.755165	10.250000	14.000000	99.194176	98.895782	98.895782	0	0	1	1	156	1164601
1444464830	1	0	0	1	0	0	0	0	0	0	0	0	0	0	0	4.943151	4.285816	4.274410	4.274410	1.755971	10.250000	14.000000	99.194893	98.822021	98.859314	0	0	1	1	156	1167427
1444464831	1	0	0	2	0	0	0	0	0	0	0	0	0	0	0	4.939927	4.288667	4.268707	4.274410	1.755971	10.250000	14.000000	99.193443	98.894958	98.969566	0	0	1	1	156	1167445
1444464832	0	2	0	1	0	0	0	0	0	0	0	0	0	0	0	4.941538	4.287241	4.272984	4.274410	1.755971	10.250000	14.000000	99.194176	98.858490	98.895782	0	0	1	1	156	1164827
1444464833	0	0	0	0	0	0	0	0	0	0	0	0	0	0	0	4.943151	4.284390	4.271558	4.272984	1.755971	10.250000	14.000000	99.083031	98.523727	99.157608	0	0	1	1	156	1167426
1444464834	1	2	1	1	0	0	0	0	0	0	0	0	0	0	0	4.943151	4.282964	4.271558	4.272984	1.756777	10.250000	14.000000	99.120316	98.859314	98.933891	0	0	1	1	156	1167445
1444464836	3	2	1	0	0	0	0	0	0	0	0	0	0	0	0	4.941538	4.285816	4.272984	4.277261	1.755971	10.250000	14.000000	98.783882	98.933075	98.858490	0	0	1	1	156	1175075
1444464837	0	0	1	2	0	0	0	0	0	0	0	0	0	0	0	4.939927	4.288667	4.274410	4.275836	1.755971	10.250000	14.000000	99.268059	98.932274	99.006889	0	0	1	1	156	1167421
1444464838	1	1	1	0	0	0	0	0	0	0	0	0	0	0	0	4.943151	4.284390	4.272984	4.275836	1.757583	10.500000	14.000000	99.045746	98.822021	98.859314	0	0	1	1	156	1168581
1444464839	0	1	2	0	0	0	0	0	0	0	0	0	0	0	0	4.943151	4.282964	4.271558	4.274410	1.756777	10.250000	14.000000	99.083031	98.859314	98.896599	0	0	1	1	156	1167435
1444464840	1	2	0	0	0	0	0	0	0	0	0	0	0	0	0	4.943151	4.284390	4.272984	4.274410	1.757583	10.500000	14.000000	99.120316	98.859314	98.896599	0	0	1	1	156	1164674
1444464842	2	3	1	2	0	0	0	1	0	0	0	0	0	0	0	4.943151	4.284390	4.272984	4.274410	1.755971	10.250000	14.000000	99.045746	98.747452	98.933891	0	0	1	1	156	1167416
1444464843	0	1	2	0	0	0	0	0	0	0	0	0	0	0	0	4.941538	4.284390	4.272984	4.274410	1.758388	10.500000	14.000000	99.119583	98.858490	98.895782	0	0	1	1	156	1167435
1444464844	0	1	0	1	0	0	0	0	0	0	0	0	0	0	0	4.941538	4.282964	4.271558	4.272984	1.757583	10.500000	14.000000	99.194176	98.895782	98.933075	0	0	1	1	156	1164704
1444464845	0	2	0	0	0	0	0	0	0	0	0	0	0	0	0	4.939927	4.287241	4.272984	4.277261	1.757583	10.500000	14.000000	99.305382	98.969566	99.044197	0	0	1	1	156	1167418
1444464846	0	0	0	0	0	0	0	0	0	0	0	0	0	0	0	4.943151	4.284390	4.274410	4.272984	1.758388	10.500000	14.000000	99.083031	98.859314	98.822021	0	0	1	1	156	1167435
1444464848	0	0	0	1	0	0	0	0	0	0	0	0	0	0	0	4.941538	4.281538	4.270133	4.274410	1.757583	10.500000	14.000000	99.119583	98.895782	98.970383	0	0	1	1	156	1164675
1444464849	1	1	1	0	0	0	0	0	0	0	0	0	0	0	0	4.938315	4.274410	4.268707	4.265855	1.756777	10.500000	14.000000	97.737091	98.670189	98.894127	0	0	1	1	156	1167413
1444464850	1	0	1	1	0	0	0	0	0	0	0	0	0	0	0	4.941538	4.285816	4.272984	4.272984	1.758388	10.500000	14.000000	99.194176	98.970383	98.933075	0	0	1	1	156	1168590
1444464851	2	1	1	2	1	0	0	0	0	0	0	0	0	0	0	4.941538	4.285816	4.274410	4.272984	1.758388	10.500000	14.000000	99.119583	98.895782	98.858490	0	0	1	1	156	1167448
1444464852	0	3	0	0	0	0	0	0	0	0	0	0	0	0	0	4.941538	4.282964	4.271558	4.272984	1.758388	10.500000	14.000000	99.082275	98.858490	98.821190	0	0	1	1	156	1164694
1444464854	2	3	1	1	0	0	0	1	0	0	0	0	0	0	0	4.939927	4.285816	4.272984	4.271558	1.758388	10.500000	14.000000	99.118820	98.932274	98.857651	0	0	1	1	156	1167426
1444464855	2	2	0	0	0	0	0	0	0	0	0	0	0	0	0	4.943151	4.278687	4.260152	4.261578	1.758388	10.500000	14.000000	96.883087	98.523727	98.523727	0	0	1	1	156	1167445
1444464856	3	1	0	0	1	0	0	0	0	0	0	0	0	0	0	4.943151	4.284390	4.271558	4.270133	1.758388	10.500000	14.000000	99.157608	98.896599	98.672874	0	0	1	1	156	1164685
1444464857	0	1	0	1	0	0	0	0	0	0	0	0	0	0	0	4.943151	4.282964	4.271558	4.272984	1.759194	10.500000	14.000000	99.045746	98.859314	98.822021	0	0	1	1	156	1167425
1444464858	1	1	1	1	0	0	0	0	0	0	0	0	0	0	0	4.941538	4.282964	4.271558	4.274410	1.759194	10.500000	14.000000	99.119583	98.895782	98.858490	0	0	1	1	156	1167450
1444464860	1	0	0	0	0	0	0	0	0	0	0	0	0	0	0	4.941538	4.284390	4.271558	4.271558	1.759194	10.500000	14.000000	99.156868	98.933075	98.895782	0	0	1	1	156	1164690
1444464861	1	0	1	1	0	0	0	0	0	0	0	0	0	0	0	4.939927	4.285816	4.275836	4.277261	1.758388	10.500000	14.000000	99.230751	99.006889	99.006889	0	0	1	1	156	1167421
1444464862	0	2	2	1	0	0	0	0	0	0	0	0	0	0	0	4.941538	4.284390	4.272984	4.272984	1.760000	10.500000	14.000000	99.119583	98.634682	98.485497	0	0	1	1	156	1168581
1444464863	1	0	0	1	0	0	0	0	0	0	0	0	0	0	0	4.944762	4.284390	4.271558	4.271558	1.760000	10.500000	14.500000	99.009239	98.561943	98.412849	0	0	1	1	156	1164672
1444464864	2	0	1	1	0	0	0	0	0	0	0	0	0	0	0	4.941538	4.284390	4.271558	4.271558	1.760000	10.500000	14.000000	99.156868	98.858490	98.933075	0	0	1	1	156	1167416
1444464866	1	2	1	1	1	0	0	0	0	0	0	0	0	0	0	4.943151	4.284390	4.272984	4.271558	1.759194	10.500000	14.500000	99.083031	98.784737	98.822021	0	0	1	1	156	1167435
1444464867	2	1	3	2	1	0	1	0	1	0	0	1	0	0	0	4.944762	4.291519	4.268707	4.270133	1.760000	10.500000	14.500000	99.046524	98.785599	98.785599	0	0	1	1	156	1167435
1444464868	0	0	1	1	0	0	0	0	0	0	0	0	0	0	0	4.944762	4.291519	4.268707	4.271558	1.760806	10.500000	14.500000	99.046524	98.785599	98.748329	0	0	1	1	156	1164678
1444464869	1	0	1	0	0	0	0	0	0	0	0	0	0	0	0	4.941538	4.282964	4.271558	4.270133	1.760000	10.500000	14.000000	99.156868	98.895782	98.858490	0	0	1	1	156	1167413
1444464870	0	0	0	0	0	0	0	0	0	0	0	0	0	0	0	4.943151	4.282964	4.272984	4.271558	1.760000	10.500000	14.500000	99.083031	98.822021	98.784737	0	0	1	1	156	1167435
1444464872	0	0	0	1	0	0	0	0	0	0	0	0	0	0	0	4.943151	4.284390	4.272984	4.270133	1.760806	10.500000	14.000000	99.120316	98.822021	98.822021	0	0	1	1	156	1164682
1444464873	1	1	2	0	0	0	0	0	0	0	0	0	0	0	0	4.939927	4.285816	4.274410	4.275836	1.760000	10.500000	14.500000	99.268059	98.969566	98.969566	0	0	1	1	156	1167416
1444464874	0	1	0	2	0	0	0	0	0	0	0	0	0	0	0	4.939927	4.285816	4.268707	4.271558	1.759194	10.500000	14.500000	99.118820	98.894958	98.857651	0	0	1	1	156	1168591
1444464875	2	0	0	0	0	0	0	0	0	0	0	0	0	0	0	4.939927	4.285816	4.268707	4.270133	1.760806	10.500000	14.500000	99.193443	98.932274	98.932274	0	0	1	1	156	1164676
1444464876	1	1	1	1	0	0	0	0	0	0	0	0	0	0	0	4.943151	4.284390	4.272984	4.272984	1.760806	10.500000	14.500000	99.083031	98.822021	98.822021	0	0	1	1	156	1167422
1444464878	0	1	0	1	0	0	0	0	0	0	0	0	0	0	0	4.941538	4.284390	4.272984	4.271558	1.760000	10.500000	14.500000	99.231468	98.895782	98.858490	0	0	1	1	156	1167445
1444464879	0	0	0	1	0	0	0	0	0	0	0	0	0	0	0	4.941538	4.288667	4.274410	4.274410	1.760806	10.500000	14.500000	99.231468	98.933075	98.895782	0	0	1	1	156	1164708
1444464880	1	1	1	2	0	0	0	0	0	0	0	0	0	0	0	4.941538	4.288667	4.274410	4.272984	1.760806	10.500000	14.500000	99.231468	98.895782	98.858490	0	0	1	1	156	1167425
1444464881	2	0	1	0	0	0	0	0	0	0	0	0	0	0	0	4.943151	4.287241	4.274410	4.272984	1.762418	10.500000	14.500000	98.859314	98.896599	98.747452	0	0	1	1	156	1167445
1444464882	0	0	0	0	0	0	0	0	0	0	0	0	0	0	0	4.944762	4.282964	4.271558	4.271558	1.760806	10.500000	14.500000	99.083794	98.860153	98.785599	0	0	1	1	156	1167444
1444464884	1	1	1	0	0	0	0	0	0	0	0	0	0	0	0	4.943151	4.287241	4.272984	4.271558	1.762418	10.500000	14.500000	99.157608	98.822021	98.859314	0	0	1	1	156	1164690
1444464885	2	2	0	1	0	0	0	0	0	0	0	0	0	0	0	4.943151	4.288667	4.275836	4.275836	1.760806	10.500000	14.500000	99.269463	98.933891	98.971169	0	0	1	1	156	1167424
1444464886	1	0	1	0	0	0	0	0	0	0	0	0	0	0	0	4.944762	4.285816	4.271558	4.271558	1.761612	10.500000	14.500000	99.158348	98.785599	98.822884	0	0	1	1	156	1168581
1444464887	1	0	1	3	0	0	0	0	0	0	0	0	0	0	0	4.943151	4.285816	4.272984	4.271558	1.761612	10.500000	14.500000	99.194893	98.822021	98.822021	0	0	1	1	156	1164671
1444464888	2	1	0	1	0	0	0	0	0	0	0	0	0	0	0	4.939927	4.281538	4.258727	4.258727	1.760806	10.500000	14.500000	98.969566	98.969566	98.521835	0	0	1	1	156	1167416
1444464890	1	0	1	0	0	0	0	0	0	0	0	0	0	0	0	4.939927	4.288667	4.272984	4.272984	1.761612	10.500000	14.500000	99.268059	98.969566	98.969566	0	0	1	1	156	1167435
1444464891	2	0	1	0	0	0	0	0	0	0	0	0	0	0	0	4.943151	4.287241	4.272984	4.272984	1.762418	10.500000	14.500000	99.120316	98.822021	98.822021	0	0	1	1	156	1164665
1444464892	2	1	0	1	1	0	0	0	0	0	0	0	0	0	0	4.941538	4.285816	4.271558	4.270133	1.762418	10.500000	14.500000	99.231468	98.895782	98.895782	0	0	1	1	156	1167418
1444464893	0	0	0	1	0	0	0	0	0	0	0	0	0	0	0	4.941538	4.287241	4.271558	4.271558	1.760806	10.500000	14.500000	99.156868	98.858490	98.858490	0	0	1	1	156	1167436
1444464894	0	1	0	1	0	0	0	0	0	0	0	0	0	0	0	4.943151	4.280113	4.264430	4.261578	1.762418	10.500000	14.500000	98.822021	98.150856	98.561020	0	0	1	1	156	1167435
1444464896	0	1	0	1	0	0	0	0	1	0	0	0	0	0	0	4.941538	4.290093	4.271558	4.272984	1.762418	10.500000	14.500000	99.194176	98.671989	98.560097	0	0	1	1	156	1164659
1444464897	1	1	1	2	0	0	0	0	1	0	0	0	0	0	0	4.939927	4.288667	4.275836	4.275836	1.763224	10.500000	14.500000	99.342690	98.969566	98.969566	0	0	1	1	156	1167416
1444464898	0	0	1	1	0	0	0	0	0	0	0	0	0	0	0	4.941538	4.288667	4.271558	4.272984	1.763224	10.500000	14.500000	99.194176	98.858490	98.821190	0	0	1	1	156	1168591
1444464899	0	2	0	1	0	0	0	0	0	0	0	0	0	0	0	4.941538	4.287241	4.272984	4.271558	1.764029	10.500000	14.500000	99.156868	98.821190	98.858490	0	0	1	1	156	1164683
1444464900	2	0	1	0	0	0	0	0	0	0	0	0	0	0	0	4.941538	4.284390	4.271558	4.272984	1.763224	10.500000	14.500000	99.194176	98.895782	98.858490	0	0	1	1	156	1167425
1444464902	2	1	3	0	0	1	0	0	0	0	0	0	0	0	0	4.943151	4.285816	4.271558	4.271558	1.764029	10.500000	14.500000	99.194893	98.635597	98.486443	0	0	1	1	156	1167445
1444464903	3	0	0	0	0	0	0	0	0	0	0	0	0	0	0	4.943151	4.285816	4.271558	4.272984	1.763224	10.500000	14.500000	99.120316	98.859314	98.449150	0	0	1	1	156	1164686
1444464904	3	1	2	0	0	0	0	0	0	0	0	0	0	0	0	4.943151	4.285816	4.271558	4.271558	1.763224	10.500000	14.500000	99.157608	98.859314	98.822021	0	0	1	1	156	1167426
1444464905	2	3	2	2	0	0	0	0	1	0	0	0	0	0	0	4.943151	4.285816	4.272984	4.271558	1.764029	10.500000	14.500000	99.194893	98.784737	98.822021	0	0	1	1	156	1167445
1444464906	1	1	1	1	0	0	0	0	0	0	0	0	0	0	0	4.941538	4.285816	4.274410	4.271558	1.764029	10.500000	14.500000	99.194176	98.858490	98.858490	0	0	1	1	156	1164684
1444464908	1	1	0	2	0	0	0	0	0	0	0	0	0	0	0	4.947986	4.274410	4.282964	4.267281	1.764029	10.500000	14.500000	99.010818	98.712822	98.750084	0	0	1	1	156	1167425
1444464909	1	0	0	1	0	0	0	0	0	0	0	0	0	0	0	4.943151	4.287241	4.275836	4.268707	1.760806	10.500000	14.500000	99.306763	98.822021	98.859314	0	0	1	1	156	1167439
1444464910	1	1	0	1	0	0	0	0	0	0	0	0	0	0	0	4.941538	4.285816	4.271558	4.271558	1.764029	10.500000	14.500000	99.194176	98.858490	98.858490	0	0	1	1	156	1168581
1444464911	0	2	0	2	0	0	0	0	0	0	0	0	0	0	0	4.943151	4.285816	4.271558	4.271558	1.764835	10.500000	14.500000	99.120316	98.859314	98.822021	0	0	1	1	156	1164681
1444464912	3	1	0	2	0	0	0	0	0	0	0	0	0	0	0	4.943151	4.287241	4.272984	4.270133	1.764029	10.500000	14.500000	99.194893	98.859314	98.896599	0	0	1	1	156	1167419
