time	cnt1	cnt2	cnt3	cnt4	1&2	1&3	1&4	2&3	2&4	3&4	1&2&3	1&2&4	1&3&4	2&3&4	1&2&3&4	adcr	adcp1	adcp2	adcp3	adcntc	ntcT	digT	p1	p2	p3	hvstate	pbsstate	ethstate	listpbs	sdstate	looptime
1444464914	3	0	0	1	0	0	0	0	0	0	0	0	0	0	0	4.944762	4.287241	4.270133	4.271558	1.764029	10.500000	14.500000	99.083794	98.785599	98.785599	0	0	1	1	156	1167435
1444464915	0	0	0	1	0	0	0	0	0	0	0	0	0	0	0	4.939927	4.278687	4.260152	4.264430	1.763224	10.500000	14.500000	99.156143	98.894958	98.932274	0	0	1	1	156	1212719
1444464916	1	1	1	1	0	0	0	0	0	0	0	0	0	0	0	4.939927	4.288667	4.274410	4.274410	1.764029	10.500000	14.500000	99.230751	98.894958	98.894958	0	0	1	1	156	1167413
1444464917	0	0	0	2	0	0	0	0	0	0	0	0	0	0	0	4.941538	4.285816	4.271558	4.271558	1.764835	10.500000	14.500000	99.231468	98.858490	98.858490	0	0	1	1	156	1201372
1444464919	1	1	2	0	0	0	0	0	0	0	0	0	0	0	0	4.941538	4.285816	4.272984	4.274410	1.764835	10.500000	14.500000	99.156868	98.895782	98.858490	0	0	1	1	156	1167415
1444464920	0	1	1	0	0	0	0	0	0	0	0	0	0	0	0	4.943151	4.287241	4.271558	4.271558	1.765641	10.500000	14.500000	99.120316	98.523727	98.859314	0	0	1	1	156	1167435
1444464921	0	0	0	1	0	0	0	0	0	0	0	0	0	0	0	4.943151	4.288667	4.272984	4.275836	1.764835	10.500000	14.500000	99.194893	98.859314	98.896599	0	0	1	1	156	1170015
1444464922	1	0	0	0	0	0	0	0	0	0	0	0	0	0	0	4.938315	4.275836	4.255875	4.258727	1.764029	10.500000	14.500000	99.342010	98.931450	98.968781	0	0	1	1	156	1168571
1444464923	1	0	0	1	0	0	0	0	0	0	0	0	0	0	0	4.943151	4.288667	4.271558	4.272984	1.765641	10.500000	14.500000	99.232185	98.822021	98.896599	0	0	1	1	156	1167442
1444464925	1	0	1	0	0	0	0	0	0	0	0	0	0	0	0	4.941538	4.285816	4.271558	4.270133	1.766447	10.500000	14.500000	99.194176	98.858490	98.933075	0	0	1	1	156	1164685
1444464926	3	1	1	0	0	0	0	0	0	0	0	0	0	0	0	4.941538	4.287241	4.274410	4.272984	1.765641	10.500000	14.500000	99.194176	98.858490	98.858490	0	0	1	1	156	1167426
1444464927	1	0	0	0	0	0	0	0	0	0	0	0	0	0	0	4.941538	4.285816	4.274410	4.272984	1.765641	10.500000	14.500000	99.194176	98.933075	98.858490	0	0	1	1	156	1167445
1444464928	2	1	0	2	0	0	0	0	0	0	0	0	0	0	0	4.941538	4.284390	4.271558	4.272984	1.764835	10.500000	14.500000	99.156868	98.858490	98.821190	0	0	1	1	156	1164715
1444464929	0	1	2	2	0	0	0	0	0	1	0	0	0	0	0	4.943151	4.285816	4.268707	4.270133	1.766447	10.500000	14.500000	98.859314	98.822021	98.784737	0	0	1	1	156	1167425
1444464931	0	2	1	0	0	0	0	0	0	0	0	0	0	0	0	4.941538	4.285816	4.268707	4.271558	1.766447	10.500000	14.500000	99.156868	98.783882	98.895782	0	0	1	1	156	1167444
1444464932	2	0	0	0	0	0	0	0	0	0	0	0	0	0	0	4.943151	4.287241	4.272984	4.271558	1.766447	10.500000	14.500000	99.157608	98.859314	98.822021	0	0	1	1	156	1167448
1444464933	0	0	0	0	0	0	0	0	0	0	0	0	0	0	0	4.939927	4.288667	4.275836	4.274410	1.765641	10.500000	14.500000	99.305382	98.969566	98.969566	0	0	1	1	156	1164683
1444464934	1	2	0	0	0	0	0	0	0	0	0	0	0	0	0	4.943151	4.287241	4.272984	4.272984	1.766447	10.500000	14.500000	99.120316	98.822021	98.784737	0	0	1	1	156	1168562
1444464935	2	1	0	1	0	0	0	0	0	0	0	0	0	0	0	4.943151	4.287241	4.265855	4.258727	1.766447	10.500000	14.500000	99.083031	98.822021	98.822021	0	0	1	1	156	1167435
1444464937	0	0	0	2	0	0	0	0	0	0	0	0	0	0	0	4.939927	4.288667	4.274410	4.274410	1.766447	10.500000	14.500000	99.268059	98.969566	98.932274	0	0	1	1	156	1190333
1444464938	1	2	4	2	0	0	0	0	0	0	0	0	0	0	0	4.943151	4.285816	4.272984	4.272984	1.767253	10.500000	14.500000	99.194893	98.896599	98.822021	0	0	1	1	156	1167416
1444464939	0	1	2	0	0	0	0	0	0	0	0	0	0	0	0	4.944762	4.294370	4.270133	4.270133	1.767253	10.500000	14.500000	99.121078	98.785599	98.785599	0	0	1	1	156	1167435
1444464940	0	0	4	2	0	0	0	0	0	0	0	0	0	0	0	4.944762	4.294370	4.268707	4.268707	1.767253	10.500000	14.500000	99.083794	98.785599	98.822884	0	0	1	1	156	1164681
1444464941	1	3	2	0	0	1	0	1	0	0	0	0	0	0	0	4.941538	4.285816	4.271558	4.271558	1.767253	10.500000	14.500000	99.082275	98.634682	98.560097	0	0	1	1	156	1167414
1444464943	1	0	0	1	0	0	0	0	0	0	0	0	0	0	0	4.939927	4.288667	4.272984	4.274410	1.767253	10.500000	14.500000	99.305382	99.006889	98.969566	0	0	1	1	156	1167435
1444464944	0	1	1	0	0	0	0	0	0	0	0	0	0	0	0	4.941538	4.287241	4.272984	4.272984	1.768059	10.500000	14.500000	99.306068	98.933075	98.933075	0	0	1	1	156	1167435
1444464945	0	1	1	3	0	0	0	0	0	0	0	0	0	0	0	4.939927	4.288667	4.274410	4.274410	1.767253	10.500000	14.500000	99.268059	98.969566	98.932274	0	0	1	1	156	1164672
1444464946	0	0	2	1	0	0	0	0	0	0	0	0	0	0	0	4.939927	4.287241	4.264430	4.263004	1.766447	10.500000	14.500000	98.969566	98.894958	98.894958	0	0	1	1	156	1168571
1444464947	3	2	1	0	0	0	0	0	0	0	0	0	0	0	0	4.943151	4.287241	4.274410	4.274410	1.768865	10.500000	14.500000	99.194893	98.896599	98.859314	0	0	1	1	156	1167441
1444464949	0	2	1	2	0	0	0	0	1	0	0	0	0	0	0	4.943151	4.287241	4.275836	4.271558	1.769670	10.750000	14.500000	99.120316	98.822021	98.822021	0	0	1	1	156	1164699
1444464950	2	1	4	0	0	1	0	0	0	0	0	0	0	0	0	4.941538	4.287241	4.274410	4.272984	1.768865	10.500000	14.500000	99.194176	98.858490	98.858490	0	0	1	1	156	1167426
1444464951	1	1	1	1	0	0	0	0	0	0	0	0	0	0	0	4.943151	4.287241	4.272984	4.271558	1.768865	10.500000	14.500000	99.120316	98.822021	98.822021	0	0	1	1	156	1167445
1444464952	0	0	0	0	0	0	0	0	0	0	0	0	0	0	0	4.941538	4.285816	4.271558	4.271558	1.767253	10.500000	14.500000	99.194176	98.858490	98.933075	0	0	1	1	156	1164679
1444464953	1	1	0	3	0	0	0	0	0	0	0	0	0	0	0	4.939927	4.284390	4.272984	4.271558	1.768865	10.750000	14.500000	98.857651	98.969566	98.783020	0	0	1	1	156	1167425
1444464955	0	2	1	2	0	0	0	0	1	0	0	0	0	0	0	4.941538	4.282964	4.272984	4.272984	1.768865	10.500000	14.500000	99.156868	98.895782	98.895782	0	0	1	1	156	1167445
1444464956	0	0	2	1	0	0	0	0	0	0	0	0	0	0	0	4.943151	4.282964	4.271558	4.270133	1.769670	10.750000	14.500000	99.083031	98.822021	98.859314	0	0	1	1	156	1164691
1444464957	0	0	0	0	0	0	0	0	0	0	0	0	0	0	0	4.939927	4.288667	4.275836	4.277261	1.768865	10.750000	14.500000	99.305382	98.932274	99.044197	0	0	1	1	156	1167423
1444464958	0	2	0	1	0	0	0	0	0	0	0	0	0	0	0	4.941538	4.285816	4.272984	4.275836	1.768865	10.500000	14.500000	99.156868	98.858490	98.895782	0	0	1	1	156	1168581
1444464959	1	2	1	1	0	0	0	0	0	0	0	0	0	0	0	4.941538	4.287241	4.263004	4.261578	1.768059	10.500000	14.500000	99.082275	98.821190	98.858490	0	0	1	1	156	1167435
1444464961	2	0	1	0	0	1	0	0	0	0	0	0	0	0	0	4.943151	4.287241	4.263004	4.261578	1.767253	10.500000	14.500000	99.045746	98.784737	98.822021	0	0	1	1	156	1164672
1444464962	2	0	2	1	0	0	0	0	0	0	0	0	0	0	0	4.941538	4.287241	4.274410	4.274410	1.768865	10.500000	14.500000	99.156868	98.858490	98.895782	0	0	1	1	156	1167416
1444464963	1	0	2	5	0	0	0	0	0	0	0	0	0	0	0	4.939927	4.284390	4.272984	4.272984	1.769670	10.750000	14.500000	99.193443	98.894958	98.969566	0	0	1	1	156	1167438
1444464964	0	1	1	0	0	0	0	0	0	0	0	0	0	0	0	4.939927	4.282964	4.271558	4.275836	1.769670	10.750000	14.500000	99.193443	98.932274	98.969566	0	0	1	1	156	1164699
1444464965	3	2	1	1	1	0	0	0	0	0	0	0	0	0	0	4.941538	4.284390	4.271558	4.274410	1.769670	10.750000	14.500000	99.156868	98.858490	98.933075	0	0	1	1	156	1167416
1444464967	2	0	0	0	0	0	0	0	0	0	0	0	0	0	0	4.943151	4.287241	4.271558	4.274410	1.770476	10.750000	14.500000	99.083031	98.859314	98.561020	0	0	1	1	156	1167435
1444464968	0	0	1	1	0	0	0	0	0	0	0	0	0	0	0	4.943151	4.288667	4.272984	4.275836	1.771282	10.750000	14.500000	99.083031	98.822021	98.449150	0	0	1	1	156	1164713
1444464969	1	2	0	2	0	0	0	0	0	0	0	0	0	0	0	4.939927	4.290093	4.275836	4.275836	1.769670	10.750000	14.500000	99.342690	98.969566	99.044197	0	0	1	1	156	1167416
1444464970	2	1	1	0	0	0	0	0	0	0	0	0	0	0	0	4.941538	4.285816	4.272984	4.272984	1.770476	10.750000	14.500000	99.119583	98.858490	98.933075	0	0	1	1	156	1168590
1444464971	2	2	4	1	0	1	0	0	0	0	0	0	0	0	0	4.941538	4.284390	4.271558	4.272984	1.769670	10.750000	14.500000	99.156868	98.895782	98.895782	0	0	1	1	156	1167444
1444464973	1	0	1	1	0	0	0	0	0	0	0	0	0	0	0	4.943151	4.284390	4.272984	4.272984	1.771282	10.750000	14.500000	99.120316	98.859314	98.971169	0	0	1	1	156	1174931
1444464974	0	2	4	1	0	0	0	0	0	0	0	0	0	0	0	4.943151	4.280113	4.272984	4.272984	1.770476	10.750000	14.500000	99.083031	98.784737	98.896599	0	0	1	1	156	1167426
1444464975	1	1	0	0	0	0	0	0	0	0	0	0	0	0	0	4.943151	4.282964	4.272984	4.275836	1.771282	10.750000	14.500000	99.083031	98.859314	98.859314	0	0	1	1	156	1167442
1444464976	3	1	0	2	0	0	0	0	0	0	0	0	0	0	0	4.941538	4.285816	4.275836	4.278687	1.770476	10.750000	14.500000	99.119583	98.895782	98.970383	0	0	1	1	156	1164669
1444464977	1	0	1	0	0	0	0	0	0	0	0	0	0	0	0	4.943151	4.285816	4.272984	4.274410	1.771282	10.750000	14.500000	99.120316	98.859314	98.896599	0	0	1	1	156	1167425
1444464979	0	0	1	0	0	0	0	0	0	0	0	0	0	0	0	4.943151	4.284390	4.272984	4.275836	1.771282	10.750000	14.500000	99.120316	98.859314	98.896599	0	0	1	1	156	1167445
1444464980	1	0	2	1	0	0	0	0	0	0	0	0	0	0	0	4.941538	4.284390	4.272984	4.274410	1.770476	10.750000	14.500000	99.194176	98.895782	98.895782	0	0	1	1	156	1164669
1444464981	1	0	0	0	0	0	0	0	0	0	0	0	0	0	0	4.939927	4.287241	4.275836	4.275836	1.770476	10.750000	14.500000	99.305382	99.044197	98.969566	0	0	1	1	156	1167421
1444464982	1	2	0	0	0	0	0	0	0	0	0	0	0	0	0	4.944762	4.284390	4.274410	4.272984	1.770476	10.750000	14.500000	99.009239	98.711044	98.748329	0	0	1	1	156	1168685
1444464983	0	1	0	1	0	0	0	0	0	0	0	0	0	0	0	4.941538	4.284390	4.274410	4.278687	1.771282	10.750000	14.500000	98.783882	99.119583	98.858490	0	0	1	1	156	1176733
1444464985	0	2	0	1	0	0	0	0	0	0	0	0	0	0	0	4.943151	4.284390	4.272984	4.275836	1.772088	10.750000	14.500000	99.120316	98.822021	98.859314	0	0	1	1	156	1167416
1444464986	0	1	1	0	0	0	0	0	0	0	0	0	0	0	0	4.941538	4.285816	4.272984	4.274410	1.772088	10.750000	14.500000	99.119583	98.895782	98.970383	0	0	1	1	156	1167437
1444464987	0	0	1	0	0	0	0	0	0	0	0	0	0	0	0	4.943151	4.280113	4.271558	4.272984	1.772088	10.750000	14.500000	99.120316	98.896599	98.933891	0	0	1	1	156	1167435
1444464988	0	0	0	2	0	0	0	0	0	0	0	0	0	0	0	4.938315	4.270133	4.258727	4.282964	1.771282	10.750000	14.500000	99.155388	98.968781	99.006096	0	0	1	1	156	1164673
1444464989	0	0	1	0	0	0	0	0	0	0	0	0	0	0	0	4.941538	4.285816	4.274410	4.274410	1.772088	10.750000	14.500000	99.156868	98.895782	98.858490	0	0	1	1	156	1167413
1444464991	0	2	2	0	0	0	0	0	0	0	0	0	0	0	0	4.943151	4.284390	4.271558	4.272984	1.772088	10.750000	14.500000	99.120316	98.859314	98.859314	0	0	1	1	156	1167435
1444464992	3	0	2	0	0	0	0	0	0	0	0	0	0	0	0	4.941538	4.282964	4.272984	4.274410	1.772894	10.750000	14.500000	99.119583	98.858490	98.858490	0	0	1	1	156	1164676
1444464993	0	0	1	0	0	0	0	0	0	0	0	0	0	0	0	4.936703	4.288667	4.277261	4.278687	1.771282	10.750000	14.500000	99.378662	99.117302	99.117302	0	0	1	1	156	1167416
1444464994	1	0	0	2	0	0	0	0	0	0	0	0	0	0	0	4.943151	4.282964	4.274410	4.272984	1.772088	10.750000	14.500000	99.120316	98.822021	98.859314	0	0	1	1	156	1168591
1444464995	1	0	0	0	0	0	0	0	0	0	0	0	0	0	0	4.943151	4.281538	4.271558	4.271558	1.772894	10.750000	14.500000	99.120316	98.822021	98.896599	0	0	1	1	156	1164684
1444464997	2	1	0	2	0	0	0	0	0	0	0	0	0	0	0	4.941538	4.282964	4.272984	4.272984	1.772088	10.750000	14.500000	99.082275	98.858490	98.858490	0	0	1	1	156	1167423
1444464998	0	1	1	1	0	0	0	0	0	0	0	0	0	0	0	4.941538	4.282964	4.270133	4.272984	1.772894	10.750000	14.500000	99.156868	98.858490	98.858490	0	0	1	1	156	1167444
1444464999	1	0	0	2	0	0	0	0	0	0	0	0	0	0	0	4.938315	4.284390	4.272984	4.272984	1.772088	10.750000	14.500000	99.304680	99.006096	99.006096	0	0	1	1	156	1167444
1444465000	0	0	0	1	0	0	0	0	0	0	0	0	0	0	0	4.941538	4.284390	4.272984	4.271558	1.773700	10.750000	14.500000	99.119583	98.821190	98.858490	0	0	1	1	156	1164678
1444465001	1	0	1	0	0	0	0	0	0	0	0	0	0	0	0	4.943151	4.285816	4.272984	4.261578	1.772894	10.750000	14.500000	99.045746	98.784737	98.859314	0	0	1	1	156	1167426
1444465003	0	2	1	2	0	0	0	1	0	0	0	0	0	0	0	4.941538	4.284390	4.272984	4.271558	1.772894	10.750000	14.500000	99.119583	98.858490	98.895782	0	0	1	1	156	1167445
1444465004	1	1	0	2	0	0	0	0	0	0	0	0	0	0	0	4.941538	4.285816	4.272984	4.271558	1.773700	10.750000	14.500000	99.119583	98.858490	98.858490	0	0	1	1	156	1164682
1444465005	2	1	1	3	0	0	1	0	1	0	0	0	0	0	0	4.939927	4.288667	4.274410	4.274410	1.772894	10.750000	14.500000	99.268059	99.006889	98.969566	0	0	1	1	156	1167423
1444465006	3	0	0	0	0	0	0	0	0	0	0	0	0	0	0	4.941538	4.282964	4.271558	4.271558	1.772894	10.750000	14.500000	99.156868	98.933075	98.858490	0	0	1	1	156	1168581
1444465007	0	4	0	0	0	0	0	0	0	0	0	0	0	0	0	4.941538	4.285816	4.272984	4.272984	1.774506	10.750000	14.500000	99.156868	98.858490	98.858490	0	0	1	1	156	1164711
1444465009	0	3	0	1	0	0	0	0	0	0	0	0	0	0	0	4.943151	4.278687	4.260152	4.275836	1.773700	10.750000	14.500000	99.120316	98.859314	98.859314	0	0	1	1	156	1167416
1444465010	0	3	2	1	0	0	0	1	0	0	0	0	0	0	0	4.943151	4.284390	4.272984	4.271558	1.773700	10.750000	14.500000	99.083031	98.859314	98.784737	0	0	1	1	156	1167435
1444465011	0	1	0	1	0	0	0	0	0	0	0	0	0	0	0	4.943151	4.284390	4.272984	4.271558	1.773700	10.750000	14.500000	99.083031	98.859314	98.784737	0	0	1	1	156	1164669
1444465012	1	1	0	1	0	0	0	0	0	0	0	0	0	0	0	4.941538	4.285816	4.271558	4.271558	1.773700	10.750000	14.500000	99.156868	98.858490	98.821190	0	0	1	1	156	1167416
1444465013	1	3	1	1	0	0	0	0	0	0	0	0	0	0	0	4.941538	4.287241	4.272984	4.270133	1.774506	10.750000	14.500000	99.194176	98.895782	98.858490	0	0	1	1	156	1167435
1444465015	2	0	2	0	0	0	0	0	0	0	0	0	0	0	0	4.939927	4.285816	4.271558	4.270133	1.774506	10.750000	14.500000	99.156143	98.671089	98.969566	0	0	1	1	156	1167435
1444465016	1	0	0	1	0	0	0	0	0	0	0	0	0	0	0	4.941538	4.285816	4.271558	4.271558	1.774506	10.750000	14.500000	99.194176	98.597389	98.933075	0	0	1	1	156	1164664
1444465017	1	0	0	0	0	0	0	0	0	0	0	0	0	0	0	4.939927	4.288667	4.277261	4.278687	1.773700	10.750000	14.500000	99.268059	98.969566	98.969566	0	0	1	1	156	1167416
1444465018	1	0	0	1	0	0	0	0	0	0	0	0	0	0	0	4.939927	4.287241	4.272984	4.271558	1.774506	10.750000	14.500000	99.268059	98.894958	98.894958	0	0	1	1	156	1168591
1444465019	0	2	0	0	0	0	0	0	0	0	0	0	0	0	0	4.941538	4.285816	4.272984	4.272984	1.775311	10.750000	14.500000	99.194176	98.858490	98.858490	0	0	1	1	156	1164679
1444465021	1	1	1	2	0	0	0	0	0	0	0	0	0	0	0	4.941538	4.284390	4.271558	4.270133	1.775311	10.750000	14.500000	99.194176	98.895782	98.858490	0	0	1	1	156	1167425
1444465022	1	0	1	1	0	1	0	0	0	0	0	0	0	0	0	4.941538	4.288667	4.272984	4.272984	1.775311	10.750000	14.500000	98.821190	98.634682	98.746590	0	0	1	1	156	1167444
1444465023	1	2	0	0	0	0	0	0	0	0	0	0	0	0	0	4.943151	4.288667	4.274410	4.271558	1.774506	10.750000	14.500000	98.784737	98.747452	98.784737	0	0	1	1	156	1164688
1444465024	0	0	1	0	0	0	0	0	0	0	0	0	0	0	0	4.944762	4.287241	4.272984	4.271558	1.775311	10.750000	14.500000	99.158348	98.822884	98.822884	0	0	1	1	156	1167426
1444465025	0	3	0	2	0	0	0	0	0	0	0	0	0	0	0	4.941538	4.285816	4.272984	4.271558	1.775311	10.750000	14.500000	99.119583	98.858490	98.783882	0	0	1	1	156	1167447
1444465027	1	0	1	1	0	0	0	0	0	0	0	0	0	0	0	4.939927	4.282964	4.271558	4.271558	1.776117	10.750000	14.500000	99.230751	98.894958	98.894958	0	0	1	1	156	1167445
1444465028	1	3	0	0	0	0	0	0	0	0	0	0	0	0	0	4.939927	4.282964	4.258727	4.260152	1.770476	10.750000	14.500000	99.268059	98.932274	98.932274	0	0	1	1	156	1164697
1444465029	1	0	1	0	0	0	0	0	0	0	0	0	0	0	0	4.939927	4.277261	4.264430	4.284390	1.774506	10.750000	14.500000	99.305382	98.969566	99.006889	0	0	1	1	156	1167418
1444465030	1	1	1	1	0	0	0	0	0	0	0	0	0	0	0	4.943151	4.287241	4.272984	4.271558	1.776117	10.750000	14.500000	99.120316	98.822021	98.822021	0	0	1	1	156	1168581
1444465031	0	1	1	1	0	0	0	0	0	0	0	0	0	0	0	4.941538	4.285816	4.272984	4.271558	1.776117	10.750000	14.500000	99.156868	98.821190	98.821190	0	0	1	1	156	1164674
1444465033	3	1	1	0	0	0	0	0	0	0	0	0	0	0	0	4.938315	4.288667	4.275836	4.275836	1.774506	10.750000	14.500000	99.304680	99.006096	98.968781	0	0	1	1	156	1167418
1444465034	1	1	0	1	0	0	0	0	0	0	0	0	0	0	0	4.941538	4.287241	4.274410	4.272984	1.775311	10.750000	14.500000	99.194176	98.858490	98.895782	0	0	1	1	156	1167435
1444465035	1	1	1	1	0	0	1	0	0	0	0	0	0	0	0	4.941538	4.284390	4.272984	4.270133	1.776117	10.750000	14.500000	99.194176	98.858490	98.858490	0	0	1	1	156	1164668
1444465036	0	0	0	0	0	0	0	0	0	0	0	0	0	0	0	4.943151	4.287241	4.274410	4.271558	1.776117	10.750000	14.500000	99.157608	98.822021	98.822021	0	0	1	1	156	1167413
1444465037	3	2	1	0	1	0	0	0	0	0	0	0	0	0	0	4.941538	4.285816	4.271558	4.271558	1.776923	10.750000	14.500000	99.194176	98.895782	98.858490	0	0	1	1	156	1167435
1444465039	0	0	0	0	0	0	0	0	0	0	0	0	0	0	0	4.941538	4.285816	4.271558	4.271558	1.776923	10.750000	14.500000	99.194176	98.933075	98.895782	0	0	1	1	156	1164596
1444465040	1	0	1	1	0	0	0	0	0	0	0	0	0	0	0	4.941538	4.285816	4.271558	4.270133	1.776923	10.750000	14.500000	99.268776	98.858490	98.895782	0	0	1	1	156	1167416
1444465041	0	2	1	1	0	0	0	0	1	0	0	0	0	0	0	4.943151	4.285816	4.272984	4.272984	1.776117	10.750000	14.500000	99.232185	98.971169	98.896599	0	0	1	1	156	1167435
1444465042	1	1	0	3	0	0	0	0	0	0	0	0	0	0	0	4.941538	4.285816	4.272984	4.271558	1.776923	10.750000	14.500000	99.194176	98.634682	98.597389	0	0	1	1	156	1168591
1444465043	0	0	1	2	0	0	0	0	0	0	0	0	0	0	0	4.943151	4.287241	4.271558	4.270133	1.776923	10.750000	14.500000	99.194893	98.859314	98.672874	0	0	1	1	156	1164811
1444465045	2	0	1	1	0	1	0	0	0	0	0	0	0	0	0	4.939927	4.285816	4.271558	4.270133	1.776923	10.750000	14.500000	99.230751	98.894958	98.932274	0	0	1	1	156	1167425
1444465046	1	0	1	0	0	0	0	0	0	0	0	0	0	0	0	4.941538	4.285816	4.271558	4.271558	1.776923	10.750000	14.500000	99.231468	98.858490	98.895782	0	0	1	1	156	1167444
1444465047	0	0	2	1	0	0	0	0	0	0	0	0	0	0	0	4.941538	4.287241	4.271558	4.271558	1.776923	10.750000	14.500000	99.156868	98.858490	98.821190	0	0	1	1	156	1164684
1444465048	2	1	2	1	0	1	0	0	0	0	0	0	0	0	0	4.943151	4.285816	4.260152	4.278687	1.777729	10.750000	14.500000	99.083031	98.859314	98.822021	0	0	1	1	156	1167426
1444465049	2	2	0	1	1	0	0	0	0	0	0	0	0	0	0	4.943151	4.285816	4.272984	4.271558	1.777729	10.750000	14.500000	99.120316	98.859314	98.822021	0	0	1	1	156	1167445
1444465051	3	2	0	0	0	0	0	0	0	0	0	0	0	0	0	4.941538	4.285816	4.271558	4.271558	1.776923	10.750000	14.500000	99.194176	98.970383	98.821190	0	0	1	1	156	1164682
1444465052	2	0	2	0	0	0	0	0	0	0	0	0	0	0	0	4.941538	4.287241	4.272984	4.271558	1.778535	10.750000	14.500000	99.194176	98.858490	98.858490	0	0	1	1	156	1167425
1444465053	0	0	0	0	0	0	0	0	0	0	0	0	0	0	0	4.939927	4.291519	4.277261	4.275836	1.776923	10.750000	14.500000	99.305382	98.969566	98.969566	0	0	1	1	156	1167440
1444465054	0	1	3	1	0	0	0	0	0	0	0	0	0	0	0	4.941538	4.287241	4.272984	4.271558	1.777729	10.750000	14.500000	99.231468	98.858490	98.858490	0	0	1	1	156	1165828
1444465055	1	1	1	1	0	0	0	0	0	0	0	0	0	0	0	4.941538	4.272984	4.281538	4.268707	1.777729	10.750000	14.500000	99.156868	98.858490	98.858490	0	0	1	1	156	1167416
1444465057	0	1	1	1	0	0	0	0	0	0	0	0	0	0	0	4.943151	4.285816	4.272984	4.271558	1.778535	10.750000	14.500000	99.157608	98.859314	98.784737	0	0	1	1	156	1167436
1444465058	2	0	0	0	0	0	0	0	0	0	0	0	0	0	0	4.941538	4.285816	4.271558	4.271558	1.777729	10.750000	14.500000	99.194176	98.858490	98.895782	0	0	1	1	156	1167435
1444465059	2	2	1	1	0	0	0	0	0	0	0	0	0	0	0	4.941538	4.285816	4.274410	4.272984	1.777729	10.750000	14.500000	99.194176	98.858490	98.821190	0	0	1	1	156	1164684
1444465060	0	0	0	0	0	0	0	0	0	0	0	0	0	0	0	4.941538	4.285816	4.272984	4.271558	1.778535	10.750000	14.500000	99.194176	98.895782	98.858490	0	0	1	1	156	1167416
1444465061	0	1	1	0	0	0	0	0	0	0	0	0	0	0	0	4.941538	4.285816	4.271558	4.270133	1.778535	10.750000	14.500000	98.858490	99.044983	98.821190	0	0	1	1	156	1167435
1444465063	0	0	2	2	0	0	0	0	0	0	0	0	0	0	0	4.941538	4.285816	4.272984	4.271558	1.779341	10.750000	14.500000	98.821190	99.119583	98.783882	0	0	1	1	156	1164669
1444465064	0	1	1	0	0	0	0	0	0	0	0	0	0	0	0	4.941538	4.285816	4.275836	4.271558	1.778535	10.750000	14.500000	99.268776	98.933075	98.858490	0	0	1	1	156	1167416
1444465065	0	1	1	0	0	0	0	0	0	0	0	0	0	0	0	4.941538	4.288667	4.277261	4.274410	1.778535	10.750000	14.500000	99.231468	99.044983	98.970383	0	0	1	1	156	1167438
1444465066	0	1	1	0	0	0	0	0	0	0	0	0	0	0	0	4.941538	4.288667	4.275836	4.272984	1.777729	10.750000	14.500000	99.231468	99.007675	98.933075	0	0	1	1	156	1165846
1444465067	1	1	1	0	0	0	0	0	0	0	0	0	0	0	0	4.941538	4.284390	4.274410	4.272984	1.778535	10.750000	14.500000	99.156868	98.970383	98.933075	0	0	1	1	156	1167425
1444465069	0	2	0	1	0	0	0	0	0	0	0	0	0	0	0	4.943151	4.287241	4.274410	4.270133	1.779341	10.750000	14.500000	98.859314	98.971169	98.710175	0	0	1	1	156	1167445
1444465070	1	0	1	3	0	0	1	0	0	0	0	0	0	0	0	4.943151	4.287241	4.274410	4.271558	1.779341	10.750000	14.500000	99.194893	98.896599	98.859314	0	0	1	1	156	1167444
1444465071	1	1	1	1	0	0	0	0	1	0	0	0	0	0	0	4.939927	4.285816	4.275836	4.271558	1.778535	10.750000	14.500000	99.230751	98.932274	98.894958	0	0	1	1	156	1164690
1444465072	3	1	2	1	0	1	0	0	0	0	0	0	0	0	0	4.938315	4.288667	4.275836	4.272984	1.778535	10.750000	14.500000	99.342010	99.118073	99.006096	0	0	1	1	156	1167429
1444465073	0	0	1	0	0	0	0	0	0	0	0	0	0	0	0	4.941538	4.284390	4.275836	4.271558	1.779341	10.750000	14.500000	99.306068	99.007675	98.895782	0	0	1	1	156	1167445
1444465075	0	1	0	2	0	0	0	0	0	0	0	0	0	0	0	4.941538	4.284390	4.275836	4.271558	1.779341	10.750000	14.500000	99.231468	98.933075	98.858490	0	0	1	1	156	1164692
1444465076	0	0	0	2	0	0	0	0	0	0	0	0	0	0	0	4.941538	4.285816	4.272984	4.274410	1.779341	10.750000	14.500000	99.194176	98.933075	98.858490	0	0	1	1	156	1167423
1444465077	0	0	1	0	0	0	0	0	0	0	0	0	0	0	0	4.939927	4.290093	4.278687	4.275836	1.779341	10.750000	14.500000	99.342690	99.006889	98.969566	0	0	1	1	156	1167440
1444465078	2	1	1	3	0	0	0	0	0	0	0	0	0	0	0	4.943151	4.285816	4.274410	4.272984	1.780147	10.750000	14.500000	99.157608	98.896599	98.859314	0	0	1	1	156	1165820
1444465079	3	1	0	2	0	0	0	0	1	0	0	0	0	0	0	4.941538	4.285816	4.272984	4.274410	1.780147	10.750000	14.500000	99.194176	98.933075	98.858490	0	0	1	1	156	1167418
1444465081	2	2	0	2	0	0	0	0	0	0	0	0	0	0	0	4.943151	4.284390	4.274410	4.272984	1.780147	10.750000	14.500000	99.120316	98.896599	98.822021	0	0	1	1	156	1167436
1444465082	1	0	0	1	0	0	0	0	0	0	0	0	0	0	0	4.939927	4.287241	4.274410	4.270133	1.779341	10.750000	14.500000	99.230751	98.969566	98.857651	0	0	1	1	156	1164676
1444465083	2	0	2	0	0	0	0	0	0	0	0	0	0	0	0	4.941538	4.285816	4.277261	4.274410	1.780147	10.750000	14.500000	99.194176	98.933075	98.671989	0	0	1	1	156	1167416
1444465084	0	2	1	0	0	0	0	1	0	0	0	0	0	0	0	4.941538	4.285816	4.272984	4.271558	1.780147	10.750000	15.000000	99.231468	98.970383	98.858490	0	0	1	1	156	1167435
1444465085	3	1	1	2	0	0	0	0	1	0	0	0	0	0	0	4.941538	4.285816	4.272984	4.271558	1.780147	10.750000	14.500000	99.194176	98.895782	98.858490	0	0	1	1	156	1167435
1444465087	1	1	1	0	0	0	0	0	0	0	0	0	0	0	0	4.939927	4.287241	4.272984	4.271558	1.780147	10.750000	15.000000	99.230751	98.894958	98.894958	0	0	1	1	156	1164680
1444465088	2	1	2	3	0	0	0	0	0	1	0	0	0	0	0	4.941538	4.275836	4.263004	4.278687	1.780147	10.750000	14.500000	99.156868	98.895782	98.858490	0	0	1	1	156	1167416
1444465089	3	1	0	1	1	0	0	0	0	0	0	0	0	0	0	4.939927	4.287241	4.278687	4.274410	1.779341	10.750000	15.000000	99.044197	99.118820	98.894958	0	0	1	1	156	1167435
1444465090	2	0	0	0	0	0	0	0	0	0	0	0	0	0	0	4.941538	4.284390	4.275836	4.272984	1.781758	11.000000	14.500000	99.156868	98.933075	98.485497	0	0	1	1	156	1165823
1444465091	1	0	0	0	0	0	0	0	0	0	0	0	0	0	0	4.941538	4.285816	4.274410	4.272984	1.780952	10.750000	15.000000	99.156868	98.933075	98.858490	0	0	1	1	156	1167425
1444465093	2	1	2	2	0	0	0	0	0	0	0	0	0	0	0	4.941538	4.287241	4.272984	4.271558	1.780952	10.750000	15.000000	99.156868	98.858490	98.858490	0	0	1	1	156	1167445
1444465094	0	2	1	2	0	0	0	0	0	0	0	0	0	0	0	4.941538	4.284390	4.274410	4.270133	1.780147	10.750000	15.000000	99.194176	98.970383	98.933075	0	0	1	1	156	1164683
1444465095	3	1	1	1	0	0	0	0	0	0	0	0	0	0	0	4.944762	4.275836	4.274410	4.272984	1.780952	10.750000	14.500000	99.083794	98.785599	98.785599	0	0	1	1	156	1167425
1444465096	0	0	1	2	0	0	0	0	0	0	0	0	0	0	0	4.941538	4.284390	4.274410	4.271558	1.781758	11.000000	15.000000	99.231468	98.933075	98.895782	0	0	1	1	156	1167445
1444465097	0	0	0	2	0	0	0	0	0	0	0	0	0	0	0	4.941538	4.285816	4.271558	4.271558	1.781758	11.000000	14.500000	99.194176	98.858490	98.858490	0	0	1	1	156	1167445
1444465099	1	2	0	1	0	0	0	0	0	0	0	0	0	0	0	4.943151	4.285816	4.272984	4.275836	1.781758	10.750000	15.000000	99.194893	98.933891	98.896599	0	0	1	1	156	1164686
1444465100	1	0	0	0	0	0	0	0	0	0	0	0	0	0	0	4.941538	4.282964	4.268707	4.271558	1.780952	10.750000	15.000000	99.156868	98.821190	98.821190	0	0	1	1	156	1167425
1444465101	0	1	0	3	0	0	0	0	0	0	0	0	0	0	0	4.939927	4.287241	4.277261	4.272984	1.781758	11.000000	15.000000	99.342690	99.081512	99.006889	0	0	1	1	156	1167440
1444465102	3	0	1	0	0	1	0	0	0	0	0	0	0	0	0	4.943151	4.280113	4.272984	4.271558	1.781758	10.750000	15.000000	99.083031	98.859314	98.822021	0	0	1	1	156	1165825
1444465103	0	3	0	1	0	0	0	0	1	0	0	0	0	0	0	4.943151	4.282964	4.271558	4.270133	1.781758	10.750000	15.000000	99.083031	98.822021	98.822021	0	0	1	1	156	1167412
1444465105	1	1	1	1	0	0	0	0	0	0	0	0	0	0	0	4.943151	4.288667	4.271558	4.271558	1.782564	11.000000	15.000000	99.194893	98.822021	98.859314	0	0	1	1	156	1167436
1444465106	3	0	1	0	0	0	0	0	0	0	0	0	0	0	0	4.939927	4.287241	4.274410	4.272984	1.781758	11.000000	15.000000	99.268059	99.044197	98.969566	0	0	1	1	156	1164663
1444465107	0	0	3	0	0	0	0	0	0	0	0	0	0	0	0	4.943151	4.288667	4.274410	4.272984	1.782564	11.000000	15.000000	99.157608	98.822021	98.859314	0	0	1	1	156	1167416
1444465108	4	3	4	1	0	0	0	1	0	0	0	0	0	0	0	4.943151	4.285816	4.272984	4.263004	1.780147	10.750000	15.000000	99.381340	98.747452	98.822021	0	0	1	1	156	1167435
1444465109	2	2	1	2	0	0	0	0	0	0	0	0	0	0	0	4.943151	4.285816	4.271558	4.272984	1.780952	10.750000	15.000000	98.971169	98.747452	98.784737	0	0	1	1	156	1164673
1444465111	1	1	0	1	0	0	1	0	0	0	0	0	0	0	0	4.941538	4.282964	4.271558	4.271558	1.783370	11.000000	15.000000	99.156868	98.895782	98.858490	0	0	1	1	156	1167416
1444465112	2	1	0	0	0	0	0	0	0	0	0	0	0	0	0	4.938315	4.287241	4.275836	4.274410	1.781758	11.000000	15.000000	99.304680	98.968781	98.968781	0	0	1	1	156	1167475
1444465113	0	1	1	1	0	0	0	0	0	0	0	0	0	0	0	4.939927	4.285816	4.275836	4.278687	1.781758	11.000000	15.000000	99.268059	99.006889	99.044197	0	0	1	1	156	1167435
1444465114	0	0	3	0	0	0	0	0	0	0	0	0	0	0	0	4.941538	4.282964	4.271558	4.271558	1.782564	11.000000	15.000000	99.156868	98.895782	98.895782	0	0	1	1	156	1165934
1444465115	0	1	1	2	0	0	0	0	1	0	0	0	0	0	0	4.939927	4.271558	4.268707	4.261578	1.780952	11.000000	15.000000	99.193443	98.857651	99.044197	0	0	1	1	156	1167425
1444465117	1	0	1	0	0	0	0	0	0	0	0	0	0	0	0	4.943151	4.284390	4.272984	4.274410	1.783370	11.000000	15.000000	99.120316	98.933891	98.896599	0	0	1	1	156	1167442
1444465118	1	1	0	0	0	0	0	0	0	0	0	0	0	0	0	4.943151	4.282964	4.271558	4.272984	1.783370	11.000000	15.000000	99.083031	98.822021	98.933891	0	0	1	1	156	1175142
1444465119	2	1	1	1	0	0	1	0	0	0	0	0	0	0	0	4.943151	4.284390	4.271558	4.272984	1.783370	11.000000	15.000000	98.784737	98.598305	98.859314	0	0	1	1	156	1167425
1444465120	2	1	0	0	0	0	0	0	0	0	0	0	0	0	0	4.943151	4.284390	4.271558	4.272984	1.784176	11.000000	15.000000	99.083031	98.859314	98.859314	0	0	1	1	156	1167444
1444465121	0	2	0	1	0	0	0	0	0	0	0	0	0	0	0	4.941538	4.282964	4.271558	4.272984	1.784176	11.000000	15.000000	99.119583	98.895782	98.933075	0	0	1	1	156	1164681
1444465123	0	1	1	0	0	0	0	0	0	0	0	0	0	0	0	4.941538	4.284390	4.271558	4.272984	1.783370	11.000000	15.000000	99.156868	98.858490	98.933075	0	0	1	1	156	1167428
1444465124	0	1	0	0	0	0	0	0	0	0	0	0	0	0	0	4.943151	4.280113	4.274410	4.274410	1.784176	11.000000	15.000000	99.045746	98.822021	98.859314	0	0	1	1	156	1167445
1444465125	0	1	1	0	0	0	0	0	0	0	0	0	0	0	0	4.938315	4.272984	4.268707	4.268707	1.781758	11.000000	15.000000	99.118073	99.118073	99.006096	0	0	1	1	156	1167437
1444465126	2	1	0	2	0	0	0	0	0	0	0	0	0	0	0	4.941538	4.282964	4.274410	4.261578	1.783370	11.000000	15.000000	99.156868	98.783882	98.895782	0	0	1	1	156	1165814
1444465127	0	1	0	0	0	0	0	0	0	0	0	0	0	0	0	4.941538	4.282964	4.271558	4.274410	1.784176	11.000000	15.000000	99.156868	98.895782	98.933075	0	0	1	1	156	1167416
1444465129	0	0	1	1	0	0	0	0	0	0	0	0	0	0	0	4.941538	4.282964	4.271558	4.272984	1.784176	11.000000	15.000000	99.156868	98.895782	98.933075	0	0	1	1	156	1167438
1444465130	0	1	1	1	0	0	0	0	0	0	0	0	0	0	0	4.943151	4.282964	4.271558	4.275836	1.784176	11.000000	15.000000	99.120316	98.822021	98.896599	0	0	1	1	156	1164670
1444465131	2	1	4	0	0	0	0	0	0	0	0	0	0	0	0	4.941538	4.282964	4.272984	4.272984	1.784982	11.000000	15.000000	99.119583	98.895782	98.970383	0	0	1	1	156	1167416
1444465132	0	1	1	0	0	0	0	0	0	0	0	0	0	0	0	4.941538	4.284390	4.272984	4.271558	1.784176	11.000000	15.000000	99.119583	98.858490	98.858490	0	0	1	1	156	1167435
1444465133	0	0	2	2	0	0	0	0	0	0	0	0	0	0	0	4.943151	4.282964	4.272984	4.274410	1.784982	11.000000	15.000000	99.120316	98.859314	98.896599	0	0	1	1	156	1164678
1444465135	0	1	0	1	0	0	0	0	0	0	0	0	0	0	0	4.943151	4.284390	4.271558	4.274410	1.784982	11.000000	15.000000	99.083031	98.822021	98.896599	0	0	1	1	156	1167415
1444465136	2	0	0	0	0	0	0	0	0	0	0	0	0	0	0	4.943151	4.282964	4.271558	4.272984	1.784982	11.000000	15.000000	99.120316	98.822021	98.933891	0	0	1	1	156	1167436
1444465137	0	0	1	0	0	0	0	0	0	0	0	0	0	0	0	4.939927	4.285816	4.274410	4.275836	1.784176	11.000000	15.000000	99.268059	99.006889	98.969566	0	0	1	1	156	1164676
1444465138	0	1	1	1	0	0	0	0	0	0	0	0	0	0	0	4.941538	4.284390	4.271558	4.271558	1.784982	11.000000	15.000000	99.119583	98.858490	98.858490	0	0	1	1	156	1168571
1444465139	0	1	0	1	0	0	0	0	0	0	0	0	0	0	0	4.941538	4.284390	4.271558	4.272984	1.785788	11.000000	15.000000	99.156868	98.858490	98.560097	0	0	1	1	156	1167445
1444465141	1	0	0	0	0	0	0	0	0	0	0	0	0	0	0	4.941538	4.284390	4.271558	4.272984	1.784982	11.000000	15.000000	99.119583	98.895782	98.933075	0	0	1	1	156	1167445
1444465142	1	1	1	1	0	0	0	0	0	0	0	0	0	0	0	4.941538	4.284390	4.272984	4.271558	1.784982	11.000000	15.000000	99.119583	98.895782	98.858490	0	0	1	1	156	1164686
1444465143	3	1	1	1	0	0	0	0	0	0	0	0	0	0	0	4.943151	4.282964	4.271558	4.272984	1.784982	11.000000	15.000000	99.083031	98.859314	98.822021	0	0	1	1	156	1167425
1444465144	3	0	0	1	0	0	0	0	0	0	0	0	0	0	0	4.943151	4.270133	4.275836	4.274410	1.784982	11.000000	15.000000	99.083031	98.822021	98.859314	0	0	1	1	156	1167445
1444465145	0	2	0	2	0	0	0	0	0	0	0	0	0	0	0	4.941538	4.270133	4.272984	4.277261	1.785788	11.000000	15.000000	99.156868	98.895782	98.933075	0	0	1	1	156	1164681
1444465147	0	1	2	1	0	0	0	0	0	0	0	0	0	0	0	4.943151	4.282964	4.272984	4.275836	1.785788	11.000000	15.000000	99.120316	98.933891	98.896599	0	0	1	1	156	1167426
1444465148	1	1	1	0	0	0	0	0	0	0	0	0	0	0	0	4.943151	4.282964	4.271558	4.272984	1.786593	11.000000	15.000000	99.083031	98.859314	98.822021	0	0	1	1	156	1167445
1444465149	2	1	0	1	0	0	0	0	0	0	0	0	0	0	0	4.939927	4.288667	4.277261	4.278687	1.784982	11.000000	15.000000	99.305382	99.044197	99.081512	0	0	1	1	156	1164672
1444465150	0	0	2	0	0	0	0	0	0	0	0	0	0	0	0	4.941538	4.284390	4.272984	4.274410	1.784982	11.000000	15.000000	99.156868	98.933075	98.933075	0	0	1	1	156	1168668
1444465151	1	1	0	1	0	0	0	0	0	0	0	0	0	0	0	4.941538	4.284390	4.271558	4.274410	1.785788	11.000000	15.000000	99.156868	98.933075	98.970383	0	0	1	1	156	1167435
1444465153	3	2	3	1	0	0	0	1	0	0	0	0	0	0	0	4.944762	4.284390	4.271558	4.272984	1.785788	11.000000	15.000000	99.046524	98.524689	98.524689	0	0	1	1	156	1167436
1444465154	2	1	1	0	0	0	0	0	0	0	0	0	0	0	0	4.941538	4.284390	4.272984	4.271558	1.785788	11.000000	15.000000	99.119583	98.858490	98.858490	0	0	1	1	156	1190983
1444465155	1	0	1	0	0	0	0	0	0	0	0	0	0	0	0	4.943151	4.281538	4.274410	4.274410	1.785788	11.000000	15.000000	99.083031	98.822021	98.822021	0	0	1	1	156	1167416
1444465156	2	1	1	0	0	0	0	0	0	0	0	0	0	0	0	4.941538	4.282964	4.272984	4.271558	1.786593	11.000000	15.000000	99.119583	98.858490	98.858490	0	0	1	1	156	1167435
1444465157	0	0	0	0	0	0	0	0	0	0	0	0	0	0	0	4.943151	4.284390	4.272984	4.272984	1.786593	11.000000	15.000000	99.083031	98.822021	98.784737	0	0	1	1	156	1164689
1444465159	0	2	0	1	0	0	0	0	0	0	0	0	0	0	0	4.941538	4.282964	4.271558	4.272984	1.786593	11.000000	15.000000	99.119583	98.895782	98.858490	0	0	1	1	156	1167415
1444465160	0	1	0	1	0	0	0	0	1	0	0	0	0	0	0	4.941538	4.278687	4.260152	4.272984	1.786593	11.000000	15.000000	99.119583	98.933075	98.821190	0	0	1	1	156	1167435
1444465161	0	0	0	2	0	0	0	0	0	0	0	0	0	0	0	4.939927	4.285816	4.275836	4.277261	1.785788	11.000000	15.000000	99.230751	98.969566	98.969566	0	0	1	1	156	1164668
1444465162	2	2	2	2	0	0	0	0	0	1	0	0	0	0	0	4.941538	4.284390	4.270133	4.270133	1.786593	11.000000	15.000000	99.156868	98.933075	98.522797	0	0	1	1	156	1168571
1444465163	0	2	1	1	0	0	0	0	0	0	0	0	0	0	0	4.943151	4.282964	4.271558	4.272984	1.785788	11.000000	15.000000	99.083031	98.822021	98.896599	0	0	1	1	156	1167445
1444465165	2	0	1	2	0	0	1	0	0	0	0	0	0	0	0	4.941538	4.284390	4.272984	4.274410	1.786593	11.000000	15.000000	99.156868	98.858490	98.933075	0	0	1	1	156	1164603
1444465166	2	1	5	1	0	1	1	0	0	0	0	0	0	0	0	4.941538	4.284390	4.272984	4.272984	1.786593	11.000000	15.000000	99.119583	98.858490	98.783882	0	0	1	1	156	1167425
1444465167	1	1	1	0	0	0	0	0	0	0	0	0	0	0	0	4.941538	4.284390	4.274410	4.271558	1.786593	11.000000	15.000000	98.746590	98.634682	98.783882	0	0	1	1	156	1167444
1444465168	2	1	0	1	0	0	1	0	0	0	0	0	0	0	0	4.941538	4.284390	4.272984	4.271558	1.787399	11.000000	15.000000	99.082275	98.858490	98.821190	0	0	1	1	156	1167444
1444465169	0	3	1	1	0	0	0	0	0	0	0	0	0	0	0	4.941538	4.282964	4.272984	4.277261	1.786593	11.000000	15.000000	99.156868	98.933075	98.895782	0	0	1	1	156	1194389
1444465171	0	0	1	2	0	0	0	0	0	0	0	0	0	0	0	4.944762	4.275836	4.274410	4.270133	1.787399	11.000000	15.000000	99.083794	98.822884	98.822884	0	0	1	1	156	1167425
1444465172	0	2	0	1	0	0	0	0	0	0	0	0	0	0	0	4.943151	4.284390	4.272984	4.271558	1.788205	11.000000	15.000000	99.120316	98.822021	98.822021	0	0	1	1	156	1167444
1444465173	0	1	0	0	0	0	0	0	0	0	0	0	0	0	0	4.939927	4.284390	4.272984	4.275836	1.785788	11.000000	15.000000	99.268059	99.006889	98.969566	0	0	1	1	156	1170035
1444465174	0	2	1	0	0	0	0	1	0	0	0	0	0	0	0	4.943151	4.290093	4.267281	4.270133	1.787399	11.000000	15.000000	99.045746	98.822021	98.859314	0	0	1	1	156	1168663
1444465175	0	1	1	0	0	0	0	0	0	0	0	0	0	0	0	4.941538	4.282964	4.272984	4.272984	1.786593	11.000000	15.000000	99.156868	98.858490	98.858490	0	0	1	1	156	1167432
1444465177	1	1	0	1	0	0	0	0	0	0	0	0	0	0	0	4.943151	4.284390	4.272984	4.271558	1.787399	11.000000	15.000000	99.083031	98.784737	98.822021	0	0	1	1	156	1164681
1444465178	2	0	0	1	0	0	0	0	0	0	0	0	0	0	0	4.941538	4.284390	4.272984	4.272984	1.788205	11.000000	15.000000	99.082275	98.858490	98.821190	0	0	1	1	156	1167416
1444465179	1	0	0	1	0	0	0	0	0	0	0	0	0	0	0	4.941538	4.284390	4.274410	4.271558	1.786593	11.000000	15.000000	99.119583	98.858490	98.858490	0	0	1	1	156	1167435
1444465180	1	0	0	1	0	0	0	0	0	0	0	0	0	0	0	4.941538	4.287241	4.272984	4.271558	1.786593	11.000000	15.000000	99.082275	98.746590	98.783882	0	0	1	1	156	1167435
1444465181	2	1	0	0	0	0	0	0	0	0	0	0	0	0	0	4.941538	4.284390	4.272984	4.270133	1.787399	11.000000	15.000000	98.933075	98.783882	98.821190	0	0	1	1	156	1164665
1444465183	0	1	1	1	0	0	0	0	1	0	0	0	0	0	0	4.941538	4.284390	4.272984	4.272984	1.788205	11.000000	15.000000	99.119583	98.858490	98.858490	0	0	1	1	156	1167415
1444465184	1	3	2	2	0	0	0	0	0	0	0	0	0	0	0	4.941538	4.284390	4.274410	4.272984	1.789011	11.000000	15.000000	99.119583	98.858490	98.858490	0	0	1	1	156	1167439
1444465185	2	0	0	2	0	0	0	0	0	0	0	0	0	0	0	4.941538	4.290093	4.275836	4.274410	1.788205	11.000000	15.000000	99.268776	98.895782	98.895782	0	0	1	1	156	1164684
1444465186	1	1	1	0	0	0	0	0	0	0	0	0	0	0	0	4.941538	4.285816	4.271558	4.271558	1.788205	11.000000	15.000000	99.194176	98.933075	98.821190	0	0	1	1	156	1168678
1444465187	0	2	0	1	0	0	0	0	0	0	0	0	0	0	0	4.941538	4.287241	4.268707	4.270133	1.788205	11.000000	15.000000	99.194176	98.895782	98.858490	0	0	1	1	156	1167445
1444465189	2	1	0	1	0	0	0	0	0	0	0	0	0	0	0	4.941538	4.288667	4.268707	4.270133	1.789011	11.000000	15.000000	99.194176	98.895782	98.858490	0	0	1	1	156	1164674
1444465190	0	2	0	1	0	0	0	0	1	0	0	0	0	0	0	4.943151	4.287241	4.271558	4.271558	1.789011	11.000000	15.000000	99.157608	98.822021	98.822021	0	0	1	1	156	1167422
1444465191	0	3	0	1	0	0	0	0	0	0	0	0	0	0	0	4.944762	4.287241	4.271558	4.270133	1.789011	11.000000	15.000000	99.083794	98.860153	98.822884	0	0	1	1	156	1167445
1444465192	2	1	0	0	0	0	0	0	0	0	0	0	0	0	0	4.939927	4.288667	4.274410	4.274410	1.789011	11.000000	15.000000	99.268059	98.969566	98.932274	0	0	1	1	156	1164698
1444465193	1	1	2	0	0	0	0	0	0	0	0	0	0	0	0	4.941538	4.285816	4.271558	4.272984	1.788205	11.000000	15.000000	99.231468	98.895782	98.933075	0	0	1	1	156	1167425
1444465195	0	0	0	0	0	0	0	0	0	0	0	0	0	0	0	4.943151	4.285816	4.271558	4.271558	1.789011	11.000000	15.000000	98.896599	98.896599	98.784737	0	0	1	1	156	1167445
1444465196	0	2	2	0	0	0	0	0	0	0	0	0	0	0	0	4.943151	4.284390	4.271558	4.271558	1.789011	11.000000	15.000000	99.194893	98.859314	98.822021	0	0	1	1	156	1167444
1444465197	1	0	1	0	0	0	0	0	0	0	0	0	0	0	0	4.941538	4.291519	4.277261	4.275836	1.789011	11.000000	15.000000	99.306068	98.746590	98.671989	0	0	1	1	156	1164674
1444465198	1	1	0	0	0	0	0	0	0	0	0	0	0	0	0	4.943151	4.285816	4.271558	4.271558	1.789817	11.000000	15.000000	99.157608	98.859314	98.896599	0	0	1	1	156	1168666
1444465199	0	0	0	0	0	0	0	0	0	0	0	0	0	0	0	4.943151	4.287241	4.272984	4.271558	1.789817	11.000000	15.000000	99.194893	98.822021	98.822021	0	0	1	1	156	1167437
1444465201	0	0	0	1	0	0	0	0	0	0	0	0	0	0	0	4.941538	4.285816	4.271558	4.271558	1.789817	11.000000	15.000000	99.194176	98.895782	98.895782	0	0	1	1	156	1164673
1444465202	1	2	1	0	0	0	0	0	0	0	0	0	0	0	0	4.938315	4.274410	4.268707	4.260152	1.788205	11.000000	15.000000	99.453979	98.819481	98.894127	0	0	1	1	156	1167416
1444465203	1	0	1	0	0	0	0	0	0	0	0	0	0	0	0	4.943151	4.287241	4.274410	4.274410	1.789817	11.000000	15.000000	99.194893	98.896599	98.859314	0	0	1	1	156	1167432
1444465204	0	1	0	1	0	0	0	0	0	0	0	0	0	0	0	4.943151	4.287241	4.272984	4.272984	1.789817	11.000000	15.000000	99.120316	98.822021	98.822021	0	0	1	1	156	1164734
1444465205	0	0	0	0	0	0	0	0	0	0	0	0	0	0	0	4.943151	4.285816	4.271558	4.270133	1.789817	11.000000	15.000000	99.120316	98.822021	98.822021	0	0	1	1	156	1167416
1444465207	0	1	1	0	0	0	0	0	0	0	0	0	0	0	0	4.943151	4.285816	4.271558	4.274410	1.789817	11.000000	15.000000	99.157608	98.822021	98.822021	0	0	1	1	156	1167435
1444465208	0	2	1	4	0	0	0	0	2	1	0	0	0	0	0	4.941538	4.290093	4.274410	4.272984	1.789817	11.000000	15.000000	99.156868	98.858490	98.858490	0	0	1	1	156	1164668
1444465209	1	1	0	2	0	0	0	0	1	0	0	0	0	0	0	4.938315	4.285816	4.274410	4.274410	1.789817	11.000000	15.000000	99.379326	99.006096	99.043419	0	0	1	1	156	1167416
1444465210	2	1	2	1	0	1	0	0	0	0	0	0	0	0	0	4.943151	4.287241	4.272984	4.272984	1.790623	11.000000	15.000000	99.120316	98.822021	98.822021	0	0	1	1	156	1168591
1444465211	0	2	1	0	0	0	0	0	0	0	0	0	0	0	0	4.941538	4.288667	4.275836	4.271558	1.790623	11.000000	15.000000	99.156868	98.895782	98.858490	0	0	1	1	156	1167445
1444465213	1	1	0	1	0	0	0	0	0	0	0	0	0	0	0	4.941538	4.285816	4.272984	4.270133	1.790623	11.000000	15.000000	99.194176	98.933075	98.858490	0	0	1	1	156	1164680
1444465214	1	2	1	1	0	0	0	0	0	0	0	0	0	0	0	4.941538	4.287241	4.274410	4.271558	1.790623	11.000000	15.000000	99.194176	98.895782	98.821190	0	0	1	1	156	1167426
1444465215	1	0	2	0	0	0	0	0	0	0	0	0	0	0	0	4.943151	4.287241	4.272984	4.258727	1.789817	11.000000	15.000000	99.045746	98.859314	98.822021	0	0	1	1	156	1167445
1444465216	0	0	4	0	0	0	0	0	0	0	0	0	0	0	0	4.941538	4.285816	4.274410	4.257301	1.789817	11.000000	15.000000	99.156868	98.858490	98.858490	0	0	1	1	156	1164682
1444465217	0	2	0	0	0	0	0	0	0	0	0	0	0	0	0	4.943151	4.284390	4.272984	4.272984	1.790623	11.000000	15.000000	99.157608	98.896599	98.859314	0	0	1	1	156	1167425
1444465219	0	1	2	1	0	0	0	0	0	1	0	0	0	0	0	4.941538	4.287241	4.272984	4.271558	1.790623	11.000000	15.000000	99.156868	98.858490	98.821190	0	0	1	1	156	1167449
1444465220	3	0	0	0	0	0	0	0	0	0	0	0	0	0	0	4.943151	4.285816	4.274410	4.271558	1.791429	11.000000	15.000000	99.157608	98.896599	98.822021	0	0	1	1	156	1164681
1444465221	0	2	1	1	0	0	0	0	1	0	0	0	0	0	0	4.939927	4.287241	4.277261	4.274410	1.790623	11.000000	15.000000	99.342690	99.081512	98.969566	0	0	1	1	156	1167420
1444465222	1	0	0	0	0	0	0	0	0	0	0	0	0	0	0	4.943151	4.281538	4.261578	4.277261	1.791429	11.000000	15.000000	99.120316	98.971169	98.822021	0	0	1	1	156	1168581
1444465223	0	0	1	2	0	0	0	0	0	0	0	0	0	0	0	4.941538	4.285816	4.272984	4.271558	1.791429	11.000000	15.000000	99.194176	98.933075	98.783882	0	0	1	1	156	1167435
1444465225	1	0	0	0	0	0	0	0	0	0	0	0	0	0	0	4.941538	4.287241	4.274410	4.270133	1.791429	11.000000	15.000000	99.156868	98.933075	98.858490	0	0	1	1	156	1164706
1444465226	0	1	3	1	0	0	0	1	0	0	0	0	0	0	0	4.941538	4.285816	4.275836	4.271558	1.792235	11.000000	15.000000	99.156868	98.895782	98.858490	0	0	1	1	156	1167416
1444465227	1	0	1	0	0	0	0	0	0	0	0	0	0	0	0	4.939927	4.288667	4.275836	4.272984	1.791429	11.000000	15.000000	99.193443	98.969566	98.857651	0	0	1	1	156	1167435
1444465228	0	0	1	1	0	0	0	0	0	0	0	0	0	0	0	4.941538	4.287241	4.271558	4.271558	1.791429	11.000000	15.000000	99.194176	98.858490	98.933075	0	0	1	1	156	1164660
1444465229	0	0	2	1	0	0	0	0	0	0	0	0	0	0	0	4.943151	4.287241	4.275836	4.271558	1.792235	11.000000	15.000000	99.120316	98.672874	98.486443	0	0	1	1	156	1167416
1444465231	0	0	0	0	0	0	0	0	0	0	0	0	0	0	0	4.941538	4.287241	4.274410	4.270133	1.791429	11.000000	15.000000	99.156868	98.933075	98.858490	0	0	1	1	156	1167435
1444465232	0	0	1	0	0	0	0	0	0	0	0	0	0	0	0	4.941538	4.288667	4.275836	4.272984	1.791429	11.000000	15.000000	99.231468	98.933075	98.858490	0	0	1	1	156	1164659
1444465233	0	3	0	1	0	0	0	0	1	0	0	0	0	0	0	4.939927	4.288667	4.275836	4.274410	1.791429	11.000000	15.000000	99.305382	98.969566	98.969566	0	0	1	1	156	1167416
1444465234	0	1	1	0	0	0	0	0	0	0	0	0	0	0	0	4.941538	4.287241	4.275836	4.271558	1.792235	11.000000	15.000000	99.156868	98.895782	98.858490	0	0	1	1	156	1168590
1444465235	0	1	0	1	0	0	0	0	0	0	0	0	0	0	0	4.938315	4.284390	4.274410	4.271558	1.791429	11.000000	15.000000	99.304680	99.080734	99.006096	0	0	1	1	156	1164707
1444465237	2	1	0	4	1	0	1	0	1	0	0	1	0	0	0	4.941538	4.287241	4.272984	4.272984	1.792235	11.000000	15.000000	99.194176	98.560097	99.044983	0	0	1	1	156	1167425
1444465238	0	0	0	1	0	0	0	0	0	0	0	0	0	0	0	4.943151	4.285816	4.271558	4.272984	1.792235	11.000000	15.000000	99.194893	98.896599	98.822021	0	0	1	1	156	1167445
1444465239	1	1	3	0	0	1	0	0	0	0	0	0	0	0	0	4.941538	4.288667	4.275836	4.271558	1.792235	11.000000	15.000000	99.194176	98.933075	98.858490	0	0	1	1	156	1167448
1444465240	1	0	0	0	0	0	0	0	0	0	0	0	0	0	0	4.941538	4.285816	4.274410	4.270133	1.792235	11.000000	15.000000	99.194176	99.007675	98.895782	0	0	1	1	156	1164685
1444465241	0	1	3	0	0	0	0	1	0	0	0	0	0	0	0	4.938315	4.272984	4.267281	4.260152	1.791429	11.000000	15.000000	99.267357	98.968781	99.006096	0	0	1	1	156	1167425
1444465243	2	2	0	3	0	0	0	0	0	0	0	0	0	0	0	4.939927	4.287241	4.275836	4.272984	1.793846	11.250000	15.000000	99.342690	99.044197	98.932274	0	0	1	1	156	1167442
1444465244	2	1	0	1	0	0	1	0	0	0	0	0	0	0	0	4.941538	4.285816	4.274410	4.272984	1.793040	11.000000	15.000000	99.156868	98.933075	98.821190	0	0	1	1	156	1164684
1444465245	0	0	2	0	0	0	0	0	0	0	0	0	0	0	0	4.943151	4.288667	4.274410	4.274410	1.792235	11.000000	15.000000	99.232185	98.971169	98.635597	0	0	1	1	156	1167421
1444465246	0	2	0	0	0	0	0	0	0	0	0	0	0	0	0	4.936703	4.287241	4.275836	4.272984	1.792235	11.250000	15.000000	99.341316	99.117302	99.005310	0	0	1	1	156	1168583
1444465247	1	0	2	0	0	1	0	0	0	0	0	0	0	0	0	4.943151	4.285816	4.275836	4.271558	1.793040	11.000000	15.000000	99.157608	98.822021	98.784737	0	0	1	1	156	1164702
1444465249	1	1	1	0	0	0	0	0	0	0	0	0	0	0	0	4.941538	4.282964	4.274410	4.270133	1.793040	11.000000	15.000000	99.156868	98.933075	98.821190	0	0	1	1	156	1167416
1444465250	1	1	1	1	0	0	0	0	0	0	0	0	0	0	0	4.941538	4.285816	4.272984	4.270133	1.793846	11.250000	15.000000	99.194176	98.933075	98.858490	0	0	1	1	156	1167433
1444465251	1	0	1	1	0	0	0	0	0	0	0	0	0	0	0	4.941538	4.285816	4.271558	4.271558	1.793846	11.250000	15.000000	99.231468	98.895782	98.858490	0	0	1	1	156	1167435
1444465252	0	1	2	0	0	0	0	0	0	0	0	0	0	0	0	4.941538	4.285816	4.271558	4.272984	1.793040	11.000000	15.000000	99.156868	98.858490	98.821190	0	0	1	1	156	1164676
1444465253	0	1	1	1	0	0	0	0	0	1	0	0	0	0	0	4.941538	4.284390	4.271558	4.271558	1.793040	11.000000	15.000000	99.156868	98.858490	98.858490	0	0	1	1	156	1167416
1444465255	0	0	1	1	0	0	0	0	0	0	0	0	0	0	0	4.941538	4.284390	4.265855	4.261578	1.792235	11.000000	15.000000	99.044983	98.821190	98.858490	0	0	1	1	156	1167435
1444465256	2	0	0	2	0	0	0	0	0	0	0	0	0	0	0	4.943151	4.287241	4.265855	4.258727	1.793846	11.000000	15.000000	99.045746	98.822021	98.822021	0	0	1	1	156	1164675
1444465257	0	1	1	1	0	0	0	0	0	0	0	0	0	0	0	4.939927	4.288667	4.275836	4.275836	1.793846	11.250000	15.000000	99.305382	98.783020	98.633781	0	0	1	1	156	1167416
1444465258	0	0	0	3	0	0	0	0	0	0	0	0	0	0	0	4.941538	4.285816	4.275836	4.272984	1.794652	11.250000	15.000000	99.194176	98.821190	98.858490	0	0	1	1	156	1168590
1444465259	2	2	4	2	0	1	0	0	1	0	0	0	0	0	0	4.943151	4.282964	4.271558	4.270133	1.794652	11.250000	15.000000	99.120316	98.822021	98.822021	0	0	1	1	156	1164698
1444465261	2	0	0	0	0	0	0	0	0	0	0	0	0	0	0	4.941538	4.282964	4.271558	4.271558	1.794652	11.250000	15.000000	99.082275	98.858490	98.821190	0	0	1	1	156	1167425
1444465262	2	5	3	1	1	0	0	0	0	0	0	0	0	0	0	4.941538	4.287241	4.260152	4.280113	1.794652	11.250000	15.000000	99.119583	98.858490	98.821190	0	0	1	1	156	1167445
1444465263	0	1	0	2	0	0	0	0	0	0	0	0	0	0	0	4.941538	4.285816	4.258727	4.281538	1.794652	11.250000	15.000000	99.119583	98.858490	98.858490	0	0	1	1	156	1164678
1444465264	0	0	0	2	0	0	0	0	0	0	0	0	0	0	0	4.941538	4.284390	4.272984	4.270133	1.794652	11.250000	15.000000	99.119583	98.858490	98.895782	0	0	1	1	156	1167425
1444465265	0	0	1	1	0	0	0	0	0	0	0	0	0	0	0	4.943151	4.285816	4.270133	4.271558	1.794652	11.250000	15.000000	99.157608	98.822021	98.859314	0	0	1	1	156	1167445
1444465267	2	1	0	1	0	0	0	0	0	0	0	0	0	0	0	4.941538	4.285816	4.270133	4.271558	1.794652	11.250000	15.000000	99.231468	98.895782	98.895782	0	0	1	1	156	1167445
1444465268	1	0	1	1	0	0	0	0	0	0	0	0	0	0	0	4.941538	4.285816	4.271558	4.271558	1.794652	11.250000	15.000000	99.194176	98.858490	98.895782	0	0	1	1	156	1164682
1444465269	2	0	0	0	0	0	0	0	0	0	0	0	0	0	0	4.941538	4.282964	4.274410	4.275836	1.794652	11.250000	15.000000	99.156868	98.933075	98.933075	0	0	1	1	156	1167421
1444465270	2	1	0	2	0	0	0	0	0	0	0	0	0	0	0	4.941538	4.285816	4.272984	4.271558	1.794652	11.250000	15.000000	99.231468	98.895782	98.858490	0	0	1	1	156	1168581
1444465271	2	1	1	0	0	0	0	0	0	0	0	0	0	0	0	4.943151	4.284390	4.272984	4.272984	1.795458	11.250000	15.000000	99.120316	98.859314	98.784737	0	0	1	1	156	1164676
1444465273	0	1	1	0	0	0	0	0	0	0	0	0	0	0	0	4.943151	4.284390	4.271558	4.272984	1.794652	11.250000	15.000000	99.157608	98.859314	98.822021	0	0	1	1	156	1167416
1444465274	1	4	0	1	0	0	0	0	1	0	0	0	0	0	0	4.939927	4.284390	4.272984	4.272984	1.795458	11.250000	15.000000	99.156143	98.894958	98.894958	0	0	1	1	156	1167435
1444465275	2	3	2	2	0	0	0	0	0	0	0	0	0	0	0	4.936703	4.284390	4.272984	4.272984	1.793846	11.250000	15.000000	99.341316	99.042641	99.005310	0	0	1	1	156	1164712
1444465276	0	1	0	1	0	0	0	0	0	0	0	0	0	0	0	4.941538	4.285816	4.274410	4.274410	1.795458	11.250000	15.000000	99.194176	98.634682	98.933075	0	0	1	1	156	1167415
1444465277	0	2	0	0	0	0	0	0	0	0	0	0	0	0	0	4.943151	4.284390	4.274410	4.272984	1.796264	11.250000	15.000000	99.083031	98.822021	98.822021	0	0	1	1	156	1167436
1444465279	1	2	0	0	0	0	0	0	0	0	0	0	0	0	0	4.943151	4.282964	4.271558	4.272984	1.796264	11.250000	15.000000	99.083031	98.859314	98.859314	0	0	1	1	156	1167437
1444465280	0	1	1	0	0	0	0	0	0	0	0	0	0	0	0	4.943151	4.284390	4.272984	4.272984	1.794652	11.250000	15.000000	99.083031	98.859314	98.784737	0	0	1	1	156	1164671
1444465281	1	2	0	1	0	0	0	0	0	0	0	0	0	0	0	4.939927	4.290093	4.274410	4.277261	1.795458	11.250000	15.000000	99.342690	99.044197	99.044197	0	0	1	1	156	1167416
1444465282	0	0	0	0	0	0	0	0	0	0	0	0	0	0	0	4.943151	4.282964	4.271558	4.271558	1.796264	11.250000	15.000000	98.859314	98.896599	98.784737	0	0	1	1	156	1168588
1444465283	0	1	0	2	0	0	0	0	1	0	0	0	0	0	0	4.941538	4.282964	4.271558	4.272984	1.796264	11.250000	15.000000	99.156868	98.858490	98.933075	0	0	1	1	156	1173861
1444465285	2	1	0	0	0	0	0	0	0	0	0	0	0	0	0	4.941538	4.284390	4.271558	4.272984	1.795458	11.250000	15.000000	99.082275	98.858490	98.858490	0	0	1	1	156	1167423
1444465286	1	0	1	0	0	0	0	0	0	0	0	0	0	0	0	4.941538	4.287241	4.272984	4.270133	1.795458	11.250000	15.000000	99.194176	98.821190	98.858490	0	0	1	1	156	1167445
1444465287	1	1	0	3	0	0	0	0	0	0	0	0	0	0	0	4.943151	4.282964	4.272984	4.272984	1.797070	11.250000	15.000000	99.083031	98.822021	98.859314	0	0	1	1	156	1164683
1444465288	2	3	0	2	1	0	0	0	1	0	0	0	0	0	0	4.941538	4.281538	4.271558	4.272984	1.795458	11.250000	15.000000	99.119583	98.970383	98.933075	0	0	1	1	156	1167426
1444465289	0	1	0	0	0	0	0	0	0	0	0	0	0	0	0	4.943151	4.281538	4.268707	4.260152	1.795458	11.250000	15.000000	99.045746	98.822021	98.896599	0	0	1	1	156	1167445
1444465291	1	0	1	1	0	0	0	0	0	0	0	0	0	0	0	4.944762	4.282964	4.271558	4.274410	1.797070	11.250000	15.000000	99.009239	98.860153	98.450134	0	0	1	1	156	1164616
1444465292	1	1	2	3	0	0	0	0	0	0	0	0	0	0	0	4.941538	4.282964	4.272984	4.275836	1.797070	11.250000	15.000000	99.119583	98.895782	98.895782	0	0	1	1	156	1167425
1444465293	0	1	2	1	0	0	0	0	0	0	0	0	0	0	0	4.941538	4.287241	4.274410	4.277261	1.796264	11.250000	15.000000	99.268776	98.933075	98.970383	0	0	1	1	156	1167440
1444465294	1	2	1	0	0	0	0	0	0	0	0	0	0	0	0	4.941538	4.282964	4.271558	4.274410	1.797070	11.250000	15.000000	99.156868	98.895782	98.933075	0	0	1	1	156	1168581
1444465295	0	2	3	0	0	0	0	0	0	0	0	0	0	0	0	4.941538	4.284390	4.272984	4.274410	1.797876	11.250000	15.000000	99.119583	98.895782	98.933075	0	0	1	1	156	1164806
1444465297	0	1	0	1	0	0	0	0	0	0	0	0	0	0	0	4.941538	4.272984	4.261578	4.280113	1.797070	11.250000	15.000000	99.082275	98.858490	98.895782	0	0	1	1	156	1167416
1444465298	1	2	2	0	0	0	0	0	0	0	0	0	0	0	0	4.941538	4.284390	4.272984	4.274410	1.796264	11.250000	15.000000	99.082275	98.821190	98.895782	0	0	1	1	156	1167435
1444465299	0	2	0	0	0	0	0	0	0	0	0	0	0	0	0	4.943151	4.282964	4.271558	4.274410	1.797070	11.250000	15.000000	99.083031	98.896599	98.859314	0	0	1	1	156	1176726
1444465300	0	1	4	1	0	0	0	0	0	0	0	0	0	0	0	4.943151	4.282964	4.271558	4.272984	1.797070	11.250000	15.000000	99.120316	98.822021	98.896599	0	0	1	1	156	1167418
1444465301	1	1	0	1	0	0	0	0	0	0	0	0	0	0	0	4.941538	4.284390	4.272984	4.274410	1.797070	11.250000	15.000000	99.082275	98.858490	98.933075	0	0	1	1	156	1167435
1444465303	0	1	0	1	0	0	0	0	0	0	0	0	0	0	0	4.941538	4.285816	4.271558	4.272984	1.797070	11.250000	15.000000	99.194176	98.895782	98.895782	0	0	1	1	156	1164674
1444465304	3	0	1	1	0	0	0	0	0	0	0	0	0	0	0	4.939927	4.284390	4.271558	4.274410	1.797070	11.250000	15.000000	99.156143	98.857651	98.596466	0	0	1	1	156	1167416
1444465305	1	1	0	0	0	0	0	0	0	0	0	0	0	0	0	4.941538	4.285816	4.274410	4.277261	1.796264	11.250000	15.000000	99.268776	98.933075	99.007675	0	0	1	1	156	1167435
1444465306	0	0	0	2	0	0	0	0	0	0	0	0	0	0	0	4.943151	4.282964	4.271558	4.274410	1.797876	11.250000	15.000000	99.083031	98.896599	98.896599	0	0	1	1	156	1168591
1444465307	1	1	1	1	0	0	0	0	1	0	0	0	0	0	0	4.941538	4.284390	4.272984	4.274410	1.797876	11.250000	15.000000	99.119583	98.821190	98.858490	0	0	1	1	156	1164682
1444465309	1	0	1	0	0	0	0	0	0	0	0	0	0	0	0	4.939927	4.282964	4.272984	4.275836	1.797876	11.250000	15.000000	99.156143	98.894958	98.932274	0	0	1	1	156	1167425
1444465310	2	1	1	1	0	0	0	0	1	0	0	0	0	0	0	4.943151	4.282964	4.272984	4.272984	1.797876	11.250000	15.000000	99.083031	98.449150	99.083031	0	0	1	1	156	1167444
1444465311	0	1	0	0	0	0	0	0	0	0	0	0	0	0	0	4.943151	4.282964	4.271558	4.274410	1.797876	11.250000	15.000000	99.120316	98.561020	99.120316	0	0	1	1	156	1164691
1444465312	2	0	0	0	0	0	0	0	0	0	0	0	0	0	0	4.943151	4.284390	4.272984	4.274410	1.798681	11.250000	15.000000	99.120316	98.822021	98.859314	0	0	1	1	156	1167426
1444465313	1	0	1	0	0	0	0	0	0	0	0	0	0	0	0	4.941538	4.282964	4.271558	4.272984	1.797876	11.250000	15.000000	99.119583	98.895782	98.933075	0	0	1	1	156	1167447
1444465315	3	2	1	1	0	1	0	0	0	0	0	0	0	0	0	4.939927	4.284390	4.274410	4.275836	1.798681	11.250000	15.000000	99.193443	98.932274	98.969566	0	0	1	1	156	1164701
1444465316	2	0	1	1	0	0	0	0	0	0	0	0	0	0	0	4.943151	4.294370	4.271558	4.271558	1.797876	11.250000	15.000000	99.083031	98.859314	98.896599	0	0	1	1	156	1167425
1444465317	0	2	0	1	0	0	0	0	0	0	0	0	0	0	0	4.941538	4.285816	4.270133	4.264430	1.797876	11.250000	15.000000	99.119583	98.933075	98.970383	0	0	1	1	156	1167440
1444465318	0	1	0	1	0	0	0	0	0	0	0	0	0	0	0	4.941538	4.284390	4.274410	4.275836	1.798681	11.250000	15.000000	98.821190	99.119583	98.858490	0	0	1	1	156	1165815
1444465319	0	0	1	0	0	0	0	0	0	0	0	0	0	0	0	4.941538	4.284390	4.272984	4.274410	1.798681	11.250000	15.000000	99.156868	98.895782	98.933075	0	0	1	1	156	1167416
1444465321	2	0	0	2	0	0	0	0	0	0	0	0	0	0	0	4.943151	4.284390	4.272984	4.274410	1.798681	11.250000	15.000000	99.083031	98.822021	98.859314	0	0	1	1	156	1167438
1444465322	0	0	1	0	0	0	0	0	0	0	0	0	0	0	0	4.941538	4.280113	4.271558	4.274410	1.799487	11.250000	15.000000	99.119583	98.858490	98.933075	0	0	1	1	156	1167435
1444465323	0	3	1	1	0	0	0	0	0	0	0	0	0	0	0	4.938315	4.277261	4.267281	4.282964	1.797070	11.250000	15.000000	99.155388	98.968781	99.043419	0	0	1	1	156	1164675
1444465324	0	1	0	1	0	0	0	0	0	0	0	0	0	0	0	4.943151	4.285816	4.274410	4.275836	1.799487	11.250000	15.000000	99.083031	98.822021	98.896599	0	0	1	1	156	1167413
1444465325	3	1	0	3	0	0	0	0	0	0	0	0	0	0	0	4.943151	4.282964	4.271558	4.274410	1.798681	11.250000	15.000000	99.120316	98.896599	98.896599	0	0	1	1	156	1167435
1444465327	3	2	2	1	1	0	0	0	0	0	0	0	0	0	0	4.943151	4.284390	4.272984	4.275836	1.799487	11.250000	15.000000	99.120316	98.822021	98.859314	0	0	1	1	156	1164689
1444465328	0	2	1	1	0	0	0	1	0	0	0	0	0	0	0	4.943151	4.282964	4.271558	4.274410	1.799487	11.250000	15.000000	99.045746	98.859314	98.859314	0	0	1	1	156	1167416
1444465329	0	0	1	2	0	0	0	0	0	0	0	0	0	0	0	4.939927	4.287241	4.277261	4.278687	1.798681	11.250000	15.000000	99.268059	98.969566	99.044197	0	0	1	1	156	1167435
1444465330	2	0	0	0	0	0	0	0	0	0	0	0	0	0	0	4.941538	4.281538	4.271558	4.272984	1.798681	11.250000	15.000000	99.119583	98.895782	98.933075	0	0	1	1	156	1165831
1444465331	0	0	1	1	0	0	0	0	0	0	0	0	0	0	0	4.943151	4.284390	4.271558	4.272984	1.799487	11.250000	15.000000	99.083031	98.859314	98.859314	0	0	1	1	156	1167423
1444465333	0	1	2	1	0	0	0	0	0	0	0	0	0	0	0	4.941538	4.282964	4.271558	4.274410	1.799487	11.250000	15.000000	99.156868	98.933075	98.933075	0	0	1	1	156	1167445
1444465334	0	1	2	1	0	0	0	0	0	0	0	0	0	0	0	4.938315	4.284390	4.274410	4.277261	1.798681	11.250000	15.000000	99.230042	98.968781	99.006096	0	0	1	1	156	1167444
1444465335	0	0	1	0	0	0	0	0	0	0	0	0	0	0	0	4.941538	4.284390	4.271558	4.272984	1.799487	11.250000	15.000000	99.119583	98.858490	98.933075	0	0	1	1	156	1164681
1444465336	1	1	0	0	0	0	0	0	0	0	0	0	0	0	0	4.941538	4.284390	4.271558	4.261578	1.798681	11.250000	15.000000	99.007675	98.821190	98.895782	0	0	1	1	156	1167426
1444465337	0	1	3	0	0	0	0	0	0	0	0	0	0	0	0	4.941538	4.282964	4.271558	4.272984	1.799487	11.250000	15.000000	99.119583	98.933075	99.007675	0	0	1	1	156	1167445
1444465339	1	2	0	0	0	0	0	0	0	0	0	0	0	0	0	4.941538	4.282964	4.271558	4.275836	1.800293	11.250000	15.000000	99.156868	98.895782	99.007675	0	0	1	1	156	1164684
1444465340	1	0	0	2	0	0	0	0	0	0	0	0	0	0	0	4.941538	4.285816	4.271558	4.272984	1.798681	11.250000	15.000000	99.231468	98.933075	98.933075	0	0	1	1	156	1167428
1444465341	0	0	0	0	0	0	0	0	0	0	0	0	0	0	0	4.939927	4.288667	4.274410	4.277261	1.798681	11.250000	15.000000	99.268059	98.969566	98.969566	0	0	1	1	156	1167441
1444465342	2	0	1	1	0	0	0	0	0	0	0	0	0	0	0	4.941538	4.284390	4.271558	4.274410	1.799487	11.250000	15.000000	99.194176	98.895782	98.933075	0	0	1	1	156	1165850
1444465343	1	0	0	0	0	0	0	0	0	0	0	0	0	0	0	4.943151	4.274410	4.258727	4.278687	1.799487	11.250000	15.000000	99.045746	98.859314	98.859314	0	0	1	1	156	1167416
1444465345	0	1	0	0	0	0	0	0	0	0	0	0	0	0	0	4.941538	4.284390	4.271558	4.275836	1.799487	11.250000	15.000000	99.231468	98.858490	98.933075	0	0	1	1	156	1167435
1444465346	0	2	1	0	0	0	0	0	0	0	0	0	0	0	0	4.943151	4.287241	4.271558	4.272984	1.799487	11.250000	15.000000	99.120316	98.822021	98.896599	0	0	1	1	156	1164670
1444465347	2	0	2	1	0	0	0	0	0	0	0	0	0	0	0	4.941538	4.288667	4.272984	4.274410	1.800293	11.250000	15.000000	99.156868	98.895782	98.895782	0	0	1	1	156	1167416
1444465348	1	1	0	1	0	0	0	0	0	0	0	0	0	0	0	4.943151	4.285816	4.271558	4.272984	1.800293	11.250000	15.000000	99.157608	98.859314	98.896599	0	0	1	1	156	1167435
1444465349	0	0	1	0	0	0	0	0	0	0	0	0	0	0	0	4.943151	4.282964	4.271558	4.272984	1.800293	11.250000	15.000000	99.157608	98.561020	98.933891	0	0	1	1	156	1167435
1444465351	1	0	2	1	0	0	0	0	0	0	0	0	0	0	0	4.943151	4.282964	4.271558	4.274410	1.801099	11.250000	15.000000	99.045746	98.523727	98.933891	0	0	1	1	156	1164705
1444465352	0	1	3	1	0	0	0	0	1	0	0	0	0	0	0	4.941538	4.285816	4.271558	4.275836	1.801099	11.250000	15.000000	99.194176	98.933075	98.895782	0	0	1	1	156	1167416
1444465353	0	0	1	2	0	0	0	0	0	0	0	0	0	0	0	4.939927	4.288667	4.274410	4.274410	1.800293	11.250000	15.000000	99.342690	98.969566	98.969566	0	0	1	1	156	1167439
1444465354	2	3	1	1	0	0	0	0	0	0	0	0	0	0	0	4.943151	4.285816	4.272984	4.272984	1.801099	11.250000	15.000000	99.157608	98.859314	98.896599	0	0	1	1	156	1165817
1444465355	2	3	3	1	0	0	0	0	0	0	0	0	0	0	0	4.941538	4.287241	4.274410	4.272984	1.801099	11.250000	15.000000	99.156868	98.858490	98.895782	0	0	1	1	156	1167425
1444465357	1	1	1	0	0	0	0	0	0	0	0	0	0	0	0	4.941538	4.285816	4.272984	4.272984	1.801905	11.250000	15.000000	98.895782	98.634682	98.858490	0	0	1	1	156	1167445
1444465358	2	1	0	0	0	0	0	0	0	0	0	0	0	0	0	4.943151	4.287241	4.272984	4.274410	1.801905	11.250000	15.000000	98.859314	98.598305	98.822021	0	0	1	1	156	1164670
1444465359	0	2	0	0	0	0	0	0	0	0	0	0	0	0	0	4.943151	4.285816	4.271558	4.272984	1.801905	11.250000	15.000000	99.194893	98.859314	98.822021	0	0	1	1	156	1167426
1444465360	1	1	0	1	0	0	0	0	0	0	0	0	0	0	0	4.943151	4.285816	4.272984	4.274410	1.801905	11.250000	15.000000	99.157608	98.822021	98.822021	0	0	1	1	156	1167447
1444465361	1	0	1	0	0	1	0	0	0	0	0	0	0	0	0	4.939927	4.288667	4.272984	4.272984	1.801905	11.250000	15.000000	99.193443	98.932274	98.894958	0	0	1	1	156	1164680
1444465363	0	0	0	0	0	0	0	0	0	0	0	0	0	0	0	4.939927	4.274410	4.260152	4.267281	1.799487	11.250000	15.000000	99.230751	98.894958	98.932274	0	0	1	1	156	1167425
1444465364	0	0	1	0	0	0	0	0	0	0	0	0	0	0	0	4.941538	4.290093	4.275836	4.274410	1.801905	11.250000	15.000000	99.194176	98.858490	98.895782	0	0	1	1	156	1167442
1444465365	0	3	0	1	0	0	0	0	0	0	0	0	0	0	0	4.939927	4.288667	4.275836	4.277261	1.801099	11.250000	15.000000	99.268059	99.044197	99.006889	0	0	1	1	156	1167440
1444465366	2	1	0	0	0	0	0	0	0	0	0	0	0	0	0	4.939927	4.284390	4.271558	4.270133	1.801905	11.250000	15.000000	99.193443	98.932274	98.894958	0	0	1	1	156	1193496
1444465367	1	1	0	1	0	0	0	0	0	0	0	0	0	0	0	4.941538	4.284390	4.263004	4.264430	1.801099	11.250000	15.000000	99.119583	98.858490	98.933075	0	0	1	1	156	1167416
1444465369	1	1	0	1	0	0	0	0	0	0	0	0	0	0	0	4.941538	4.285816	4.272984	4.274410	1.801099	11.250000	15.000000	99.156868	98.821190	98.933075	0	0	1	1	156	1167435
1444465370	1	2	0	1	0	0	0	0	0	0	0	0	0	0	0	4.943151	4.285816	4.271558	4.274410	1.801905	11.250000	15.000000	99.157608	98.896599	98.896599	0	0	1	1	156	1164670
1444465371	3	0	1	5	0	0	1	0	0	0	0	0	0	0	0	4.939927	4.284390	4.271558	4.272984	1.802711	11.250000	15.000000	99.268059	98.932274	98.969566	0	0	1	1	156	1167419
1444465372	2	1	1	1	0	0	1	0	0	0	0	0	0	0	0	4.941538	4.287241	4.272984	4.271558	1.801905	11.250000	15.000000	99.194176	98.895782	98.858490	0	0	1	1	156	1167436
1444465373	2	1	0	1	0	0	0	0	0	0	0	0	0	0	0	4.941538	4.285816	4.271558	4.272984	1.802711	11.250000	15.000000	99.194176	98.895782	98.933075	0	0	1	1	156	1164668
1444465375	0	1	1	2	0	0	0	0	0	0	0	0	0	0	0	4.939927	4.288667	4.272984	4.270133	1.802711	11.250000	15.000000	99.230751	98.894958	98.521835	0	0	1	1	156	1167416
1444465376	1	0	2	1	0	0	0	0	0	0	0	0	0	0	0	4.941538	4.285816	4.271558	4.271558	1.802711	11.250000	15.500000	99.194176	98.895782	98.933075	0	0	1	1	156	1167435
1444465377	0	1	1	1	0	0	0	0	0	0	0	0	0	0	0	4.939927	4.285816	4.274410	4.275836	1.802711	11.250000	15.500000	99.305382	99.006889	98.969566	0	0	1	1	156	1167435
1444465378	3	1	0	1	0	0	0	0	0	0	0	0	0	0	0	4.939927	4.287241	4.272984	4.272984	1.802711	11.250000	15.000000	99.230751	98.894958	98.894958	0	0	1	1	156	1165842
1444465379	0	2	1	1	0	0	0	0	0	0	0	0	0	0	0	4.939927	4.285816	4.271558	4.271558	1.802711	11.250000	15.000000	99.230751	98.932274	98.932274	0	0	1	1	156	1167425
1444465381	1	2	0	0	0	0	0	0	0	0	0	0	0	0	0	4.944762	4.285816	4.271558	4.275836	1.802711	11.250000	15.500000	99.121078	98.487404	99.083794	0	0	1	1	156	1167444
1444465382	1	0	2	2	0	0	0	0	0	0	0	0	0	0	0	4.941538	4.287241	4.271558	4.270133	1.802711	11.250000	15.500000	99.156868	98.522797	99.044983	0	0	1	1	156	1164686
1444465383	2	0	2	1	0	0	1	0	0	0	0	0	0	0	0	4.941538	4.285816	4.272984	4.272984	1.802711	11.250000	15.500000	99.194176	98.858490	98.858490	0	0	1	1	156	1167426
1444465384	0	0	1	2	0	0	0	0	0	0	0	0	0	0	0	4.941538	4.287241	4.272984	4.274410	1.803517	11.250000	15.500000	99.156868	98.821190	98.895782	0	0	1	1	156	1167447
1444465385	1	1	1	0	0	0	0	0	0	0	0	0	0	0	0	4.941538	4.287241	4.272984	4.271558	1.803517	11.250000	15.500000	99.231468	98.933075	98.858490	0	0	1	1	156	1164703
1444465387	1	2	0	0	0	0	0	0	0	0	0	0	0	0	0	4.944762	4.277261	4.274410	4.271558	1.802711	11.250000	15.500000	99.083794	98.785599	98.822884	0	0	1	1	156	1167425
1444465388	1	0	0	0	0	0	0	0	0	0	0	0	0	0	0	4.943151	4.287241	4.272984	4.271558	1.801905	11.250000	15.500000	99.157608	98.822021	98.784737	0	0	1	1	156	1167444
1444465389	0	0	0	0	0	0	0	0	0	0	0	0	0	0	0	4.939927	4.288667	4.270133	4.263004	1.802711	11.250000	15.500000	99.193443	98.969566	98.932274	0	0	1	1	156	1164680
1444465390	1	1	2	2	0	0	0	0	1	0	0	0	0	0	0	4.943151	4.285816	4.270133	4.272984	1.803517	11.250000	15.500000	99.157608	98.784737	98.859314	0	0	1	1	156	1168561
1444465391	0	0	1	2	0	0	0	0	0	0	0	0	0	0	0	4.941538	4.285816	4.271558	4.271558	1.804322	11.250000	15.500000	99.194176	98.858490	98.858490	0	0	1	1	156	1167438
1444465393	0	2	1	0	0	0	0	1	0	0	0	0	0	0	0	4.944762	4.285816	4.272984	4.271558	1.804322	11.250000	15.500000	99.121078	98.785599	98.748329	0	0	1	1	156	1167435
1444465394	0	1	2	1	0	0	0	0	0	0	0	0	0	0	0	4.939927	4.282964	4.260152	4.260152	1.802711	11.250000	15.500000	99.268059	98.857651	98.969566	0	0	1	1	156	1164679
1444465395	0	1	1	0	0	0	0	0	0	0	0	0	0	0	0	4.939927	4.287241	4.272984	4.272984	1.804322	11.250000	15.500000	99.268059	98.969566	98.969566	0	0	1	1	156	1167413
1444465396	2	1	2	0	0	0	0	0	0	0	0	0	0	0	0	4.943151	4.285816	4.274410	4.274410	1.803517	11.250000	15.500000	99.157608	98.822021	98.859314	0	0	1	1	156	1167435
1444465397	0	3	1	0	0	0	0	0	0	0	0	0	0	0	0	4.943151	4.284390	4.272984	4.270133	1.804322	11.250000	15.500000	99.157608	98.859314	98.822021	0	0	1	1	156	1175060
1444465399	0	2	0	1	0	0	0	0	0	0	0	0	0	0	0	4.941538	4.285816	4.271558	4.270133	1.803517	11.250000	15.500000	99.156868	98.895782	98.858490	0	0	1	1	156	1167415
1444465400	2	2	0	1	0	0	0	0	0	0	0	0	0	0	0	4.939927	4.285816	4.272984	4.274410	1.803517	11.250000	15.500000	99.268059	98.969566	98.969566	0	0	1	1	156	1167435
1444465401	1	0	0	1	0	0	0	0	0	0	0	0	0	0	0	4.939927	4.288667	4.275836	4.274410	1.803517	11.250000	15.500000	99.305382	98.969566	98.969566	0	0	1	1	156	1164675
1444465402	0	0	0	0	0	0	0	0	0	0	0	0	0	0	0	4.941538	4.285816	4.271558	4.271558	1.803517	11.250000	15.500000	99.194176	98.858490	98.858490	0	0	1	1	156	1168571
1444465403	2	2	2	0	1	0	0	0	0	0	0	0	0	0	0	4.943151	4.281538	4.260152	4.260152	1.804322	11.250000	15.500000	98.523727	98.672874	98.523727	0	0	1	1	156	1167445
1444465405	0	0	0	0	0	0	0	0	0	0	0	0	0	0	0	4.939927	4.287241	4.275836	4.274410	1.804322	11.250000	15.500000	99.268059	98.969566	98.932274	0	0	1	1	156	1167445
1444465406	0	1	1	0	0	0	0	0	0	0	0	0	0	0	0	4.941538	4.288667	4.272984	4.270133	1.804322	11.250000	15.500000	99.156868	98.858490	98.821190	0	0	1	1	156	1164679
1444465407	1	0	0	0	0	0	0	0	0	0	0	0	0	0	0	4.943151	4.285816	4.272984	4.270133	1.804322	11.250000	15.500000	99.120316	98.822021	98.822021	0	0	1	1	156	1167425
1444465408	0	1	0	1	0	0	0	0	0	0	0	0	0	0	0	4.941538	4.271558	4.277261	4.272984	1.805128	11.250000	15.500000	99.194176	98.858490	98.858490	0	0	1	1	156	1167444
1444465409	0	0	1	0	0	0	0	0	0	0	0	0	0	0	0	4.943151	4.271558	4.272984	4.274410	1.804322	11.250000	15.500000	99.120316	98.822021	98.784737	0	0	1	1	156	1164679
1444465411	0	0	0	0	0	0	0	0	0	0	0	0	0	0	0	4.941538	4.287241	4.272984	4.271558	1.805128	11.250000	15.500000	99.156868	98.895782	98.821190	0	0	1	1	156	1167426
1444465412	0	0	1	0	0	0	0	0	0	0	0	0	0	0	0	4.939927	4.285816	4.272984	4.270133	1.805128	11.250000	15.500000	99.193443	98.894958	98.857651	0	0	1	1	156	1167445
1444465413	1	0	1	0	0	0	0	0	0	0	0	0	0	0	0	4.939927	4.287241	4.274410	4.274410	1.805128	11.250000	15.500000	99.305382	99.006889	98.969566	0	0	1	1	156	1164679
1444465414	0	1	1	1	0	0	0	0	0	0	0	0	0	0	0	4.943151	4.285816	4.272984	4.271558	1.805128	11.250000	15.500000	99.157608	98.784737	98.822021	0	0	1	1	156	1168561
1444465415	1	1	1	1	0	0	0	0	0	0	0	0	0	0	0	4.944762	4.292944	4.270133	4.267281	1.805128	11.250000	15.500000	99.121078	98.785599	98.785599	0	0	1	1	156	1167435
1444465417	0	0	2	0	0	0	0	0	0	0	0	0	0	0	0	4.941538	4.285816	4.271558	4.270133	1.803517	11.250000	15.500000	99.044983	98.783882	98.783882	0	0	1	1	156	1164587
1444465418	0	0	1	1	0	0	0	0	0	0	0	0	0	0	0	4.943151	4.287241	4.270133	4.274410	1.805934	11.250000	15.500000	99.120316	98.784737	98.822021	0	0	1	1	156	1167415
1444465419	1	0	2	0	0	0	0	0	0	0	0	0	0	0	0	4.941538	4.285816	4.270133	4.271558	1.805934	11.250000	15.500000	99.231468	98.895782	98.858490	0	0	1	1	156	1167437
1444465420	0	0	1	1	0	0	0	0	0	0	0	0	0	0	0	4.941538	4.284390	4.271558	4.272984	1.805934	11.250000	15.500000	99.194176	98.858490	98.895782	0	0	1	1	156	1167435
1444465421	0	4	2	1	0	0	0	0	0	0	0	0	0	0	0	4.943151	4.287241	4.272984	4.272984	1.805128	11.250000	15.500000	99.157608	98.822021	98.822021	0	0	1	1	156	1194378
1444465423	0	1	1	1	0	0	0	0	0	0	0	0	0	0	0	4.943151	4.285816	4.272984	4.271558	1.805128	11.250000	15.500000	99.120316	98.822021	98.784737	0	0	1	1	156	1167416
1444465424	1	1	0	2	0	0	0	0	0	0	0	0	0	0	0	4.941538	4.285816	4.271558	4.271558	1.805934	11.250000	15.500000	99.231468	98.858490	98.858490	0	0	1	1	156	1167435
1444465425	0	2	3	1	0	0	0	0	1	0	0	0	0	0	0	4.939927	4.290093	4.277261	4.275836	1.805128	11.250000	15.500000	99.342690	99.044197	98.969566	0	0	1	1	156	1170018
1444465426	1	2	1	0	0	1	0	0	0	0	0	0	0	0	0	4.943151	4.285816	4.271558	4.270133	1.805934	11.250000	15.500000	99.157608	98.896599	98.859314	0	0	1	1	156	1168575
1444465427	0	0	2	0	0	0	0	0	0	0	0	0	0	0	0	4.939927	4.284390	4.271558	4.271558	1.805934	11.500000	15.500000	99.193443	98.932274	98.969566	0	0	1	1	156	1167445
1444465429	2	0	0	1	0	0	0	0	0	0	0	0	0	0	0	4.941538	4.284390	4.275836	4.271558	1.805934	11.250000	15.500000	99.194176	98.895782	98.858490	0	0	1	1	156	1164686
1444465430	1	2	1	3	0	0	0	1	0	0	0	0	0	0	0	4.941538	4.285816	4.272984	4.271558	1.805934	11.250000	15.500000	99.194176	98.858490	98.895782	0	0	1	1	156	1167425
1444465431	1	0	0	1	0	0	0	0	0	0	0	0	0	0	0	4.943151	4.287241	4.271558	4.272984	1.805934	11.250000	15.500000	99.157608	98.859314	98.822021	0	0	1	1	156	1167445
1444465432	1	0	3	0	0	0	0	0	0	0	0	0	0	0	0	4.941538	4.284390	4.271558	4.271558	1.805934	11.250000	15.500000	99.156868	98.895782	98.858490	0	0	1	1	156	1167444
1444465433	1	0	1	0	0	0	0	0	0	0	0	0	0	0	0	4.941538	4.285816	4.271558	4.271558	1.805128	11.250000	15.500000	99.194176	98.895782	98.858490	0	0	1	1	156	1164676
1444465435	1	2	0	0	0	0	0	0	0	0	0	0	0	0	0	4.943151	4.287241	4.260152	4.281538	1.806740	11.500000	15.500000	99.083031	98.784737	98.784737	0	0	1	1	156	1167426
1444465436	3	0	0	1	0	0	0	0	0	0	0	0	0	0	0	4.943151	4.287241	4.272984	4.272984	1.806740	11.500000	15.500000	99.157608	98.896599	98.822021	0	0	1	1	156	1167445
1444465437	2	0	2	0	0	0	0	0	0	0	0	0	0	0	0	4.941538	4.287241	4.274410	4.275836	1.807546	11.500000	15.500000	99.007675	98.970383	98.895782	0	0	1	1	156	1164675
1444465438	0	0	1	1	0	0	0	0	0	0	0	0	0	0	0	4.943151	4.284390	4.272984	4.271558	1.806740	11.500000	15.500000	99.157608	98.859314	98.896599	0	0	1	1	156	1168666
1444465439	0	2	2	1	0	0	0	0	0	0	0	0	0	0	0	4.941538	4.285816	4.271558	4.272984	1.806740	11.500000	15.500000	99.194176	98.895782	98.895782	0	0	1	1	156	1167438
1444465441	3	2	0	2	0	0	1	0	1	0	0	0	0	0	0	4.941538	4.285816	4.272984	4.271558	1.806740	11.500000	15.500000	99.156868	98.895782	98.858490	0	0	1	1	156	1164674
1444465442	0	0	0	0	0	0	0	0	0	0	0	0	0	0	0	4.941538	4.284390	4.270133	4.270133	1.805934	11.250000	15.500000	99.194176	98.858490	98.895782	0	0	1	1	156	1167416
1444465443	1	0	2	1	0	0	0	0	0	0	0	0	0	0	0	4.941538	4.288667	4.270133	4.271558	1.806740	11.500000	15.500000	99.194176	98.895782	98.522797	0	0	1	1	156	1167435
1444465444	2	1	0	0	0	0	0	0	0	0	0	0	0	0	0	4.943151	4.285816	4.272984	4.271558	1.806740	11.500000	15.500000	99.120316	98.859314	98.449150	0	0	1	1	156	1164679
1444465445	1	1	0	2	0	0	0	0	0	0	0	0	0	0	0	4.941538	4.287241	4.272984	4.272984	1.806740	11.500000	15.500000	99.194176	98.858490	98.858490	0	0	1	1	156	1167416
1444465447	2	3	0	0	1	0	0	0	0	0	0	0	0	0	0	4.943151	4.282964	4.271558	4.272984	1.806740	11.500000	15.500000	99.120316	98.859314	98.784737	0	0	1	1	156	1167435
1444465448	0	0	1	1	0	0	0	0	0	0	0	0	0	0	0	4.939927	4.272984	4.280113	4.268707	1.806740	11.500000	15.500000	99.193443	98.932274	98.894958	0	0	1	1	156	1167435
1444465449	1	1	1	0	0	0	0	1	0	0	0	0	0	0	0	4.941538	4.288667	4.275836	4.274410	1.806740	11.500000	15.500000	99.268776	99.007675	98.970383	0	0	1	1	156	1164693
1444465450	1	0	1	0	0	0	0	0	0	0	0	0	0	0	0	4.943151	4.288667	4.274410	4.272984	1.807546	11.500000	15.500000	99.120316	98.672874	98.449150	0	0	1	1	156	1168572
1444465451	1	2	1	3	0	0	0	0	1	0	0	0	0	0	0	4.943151	4.285816	4.272984	4.271558	1.806740	11.500000	15.500000	99.045746	98.784737	98.784737	0	0	1	1	156	1167445
1444465453	1	2	0	0	0	0	0	0	0	0	0	0	0	0	0	4.939927	4.288667	4.275836	4.272984	1.806740	11.500000	15.500000	99.268059	98.932274	98.894958	0	0	1	1	156	1164684
1444465454	1	2	1	0	0	0	0	0	0	0	0	0	0	0	0	4.939927	4.284390	4.272984	4.274410	1.807546	11.500000	15.500000	99.193443	98.969566	98.932274	0	0	1	1	156	1167425
1444465455	3	2	2	0	0	0	0	0	0	0	0	0	0	0	0	4.944762	4.278687	4.274410	4.268707	1.807546	11.500000	15.500000	99.158348	98.785599	98.822884	0	0	1	1	156	1167445
1444465456	1	0	2	1	0	0	0	0	0	0	0	0	0	0	0	4.943151	4.278687	4.271558	4.268707	1.807546	11.500000	15.500000	99.157608	98.822021	98.859314	0	0	1	1	156	1164683
1444465457	0	1	2	1	0	0	0	0	1	0	0	0	0	0	0	4.943151	4.285816	4.272984	4.274410	1.807546	11.500000	15.500000	99.120316	98.523727	98.523727	0	0	1	1	156	1167426
1444465459	1	2	1	0	0	0	0	1	0	0	0	0	0	0	0	4.939927	4.287241	4.274410	4.274410	1.807546	11.500000	15.500000	99.268059	98.969566	98.932274	0	0	1	1	156	1167445
1444465460	0	0	0	0	0	0	0	0	0	0	0	0	0	0	0	4.941538	4.288667	4.274410	4.272984	1.808352	11.500000	15.500000	99.231468	98.895782	98.858490	0	0	1	1	156	1167445
1444465461	0	4	1	1	0	0	0	0	1	0	0	0	0	0	0	4.939927	4.288667	4.277261	4.275836	1.806740	11.500000	15.500000	99.268059	98.969566	98.932274	0	0	1	1	156	1164721
1444465462	0	0	0	0	0	0	0	0	0	0	0	0	0	0	0	4.938315	4.292944	4.270133	4.270133	1.806740	11.500000	15.500000	99.267357	99.006096	98.968781	0	0	1	1	156	1168665
1444465463	1	1	0	1	0	0	0	0	0	0	0	0	0	0	0	4.941538	4.290093	4.274410	4.275836	1.809158	11.500000	15.500000	99.231468	98.597389	98.933075	0	0	1	1	156	1167435
1444465465	2	2	1	1	0	0	0	0	0	0	0	0	0	0	0	4.941538	4.284390	4.271558	4.272984	1.808352	11.500000	15.500000	99.082275	98.597389	98.895782	0	0	1	1	156	1164682
1444465466	0	0	0	1	0	0	0	0	0	0	0	0	0	0	0	4.943151	4.285816	4.272984	4.270133	1.808352	11.500000	15.500000	99.120316	98.859314	98.822021	0	0	1	1	156	1167416
1444465467	0	1	0	1	0	0	0	0	0	0	0	0	0	0	0	4.943151	4.287241	4.271558	4.270133	1.808352	11.500000	15.500000	99.120316	98.822021	98.822021	0	0	1	1	156	1167437
1444465468	2	1	0	0	1	0	0	0	0	0	0	0	0	0	0	4.943151	4.284390	4.272984	4.270133	1.808352	11.500000	15.500000	99.120316	98.822021	98.822021	0	0	1	1	156	1164671
1444465469	1	0	0	0	0	0	0	0	0	0	0	0	0	0	0	4.943151	4.292944	4.268707	4.268707	1.807546	11.500000	15.500000	99.157608	98.859314	98.784737	0	0	1	1	156	1167415
1444465471	0	0	2	0	0	0	0	0	0	0	0	0	0	0	0	4.941538	4.282964	4.270133	4.270133	1.808352	11.500000	15.500000	99.119583	98.858490	98.858490	0	0	1	1	156	1167432
1444465472	0	0	2	1	0	0	0	0	0	0	0	0	0	0	0	4.943151	4.285816	4.271558	4.270133	1.807546	11.500000	15.500000	99.194893	98.822021	98.859314	0	0	1	1	156	1164710
1444465473	0	0	0	1	0	0	0	0	0	0	0	0	0	0	0	4.939927	4.290093	4.275836	4.274410	1.808352	11.500000	15.500000	99.268059	98.969566	98.932274	0	0	1	1	156	1167416
1444465474	0	0	0	1	0	0	0	0	0	0	0	0	0	0	0	4.943151	4.284390	4.270133	4.272984	1.808352	11.500000	15.500000	99.194893	98.822021	98.822021	0	0	1	1	156	1168594
1444465475	0	2	0	2	0	0	0	0	1	0	0	0	0	0	0	4.939927	4.281538	4.271558	4.271558	1.808352	11.500000	15.500000	99.156143	98.894958	98.894958	0	0	1	1	156	1167445
1444465477	2	1	0	0	0	0	0	0	0	0	0	0	0	0	0	4.943151	4.281538	4.272984	4.271558	1.809158	11.500000	15.500000	99.120316	98.822021	98.822021	0	0	1	1	156	1164684
1444465478	0	0	0	1	0	0	0	0	0	0	0	0	0	0	0	4.939927	4.282964	4.272984	4.271558	1.809158	11.500000	15.500000	99.156143	98.894958	98.857651	0	0	1	1	156	1167422
1444465479	1	1	1	4	0	0	0	0	0	0	0	0	0	0	0	4.941538	4.285816	4.271558	4.271558	1.809158	11.500000	15.500000	99.194176	98.895782	98.821190	0	0	1	1	156	1167444
1444465480	1	1	3	1	0	0	0	0	0	0	0	0	0	0	0	4.941538	4.285816	4.271558	4.272984	1.809158	11.500000	15.500000	99.156868	98.895782	98.895782	0	0	1	1	156	1164730
1444465481	0	3	0	0	0	0	0	0	0	0	0	0	0	0	0	4.939927	4.287241	4.272984	4.272984	1.809158	11.500000	15.500000	99.230751	98.894958	98.969566	0	0	1	1	156	1167426
1444465483	0	0	1	0	0	0	0	0	0	0	0	0	0	0	0	4.941538	4.284390	4.271558	4.258727	1.807546	11.500000	15.500000	99.417976	98.783882	98.858490	0	0	1	1	156	1167445
1444465484	0	1	1	0	0	0	0	0	0	0	0	0	0	0	0	4.943151	4.285816	4.271558	4.267281	1.805934	11.250000	15.500000	99.306763	98.747452	98.896599	0	0	1	1	156	1164678
1444465485	2	1	1	0	0	0	0	0	0	0	0	0	0	0	0	4.943151	4.287241	4.275836	4.274410	1.808352	11.500000	15.500000	99.232185	98.747452	98.710175	0	0	1	1	156	1167420
1444465486	1	1	0	0	0	0	0	0	0	0	0	0	0	0	0	4.941538	4.287241	4.272984	4.271558	1.809158	11.500000	15.500000	99.194176	98.895782	98.821190	0	0	1	1	156	1168581
1444465487	1	2	1	1	0	0	0	0	0	0	0	0	0	0	0	4.941538	4.282964	4.271558	4.272984	1.809963	11.500000	15.500000	99.082275	98.821190	98.858490	0	0	1	1	156	1167435
1444465489	1	1	1	1	0	0	0	0	0	0	0	0	0	0	0	4.943151	4.287241	4.272984	4.274410	1.809963	11.500000	15.500000	99.045746	98.822021	98.859314	0	0	1	1	156	1164681
1444465490	0	0	1	0	0	0	0	0	0	0	0	0	0	0	0	4.943151	4.282964	4.263004	4.258727	1.808352	11.500000	15.500000	99.008469	98.822021	98.822021	0	0	1	1	156	1167416
1444465491	1	1	1	2	0	0	0	0	0	0	0	0	0	0	0	4.941538	4.285816	4.271558	4.274410	1.809963	11.500000	15.500000	99.156868	98.858490	98.933075	0	0	1	1	156	1167435
1444465492	1	0	0	0	0	0	0	0	0	0	0	0	0	0	0	4.943151	4.287241	4.274410	4.277261	1.809158	11.500000	15.500000	99.194893	98.896599	98.896599	0	0	1	1	156	1164674
1444465493	1	0	1	2	0	0	0	0	0	0	0	0	0	0	0	4.943151	4.284390	4.272984	4.272984	1.810769	11.500000	15.500000	99.120316	98.859314	98.896599	0	0	1	1	156	1167418
1444465495	0	1	1	1	0	0	0	0	0	0	0	0	0	0	0	4.941538	4.285816	4.271558	4.274410	1.810769	11.500000	15.500000	99.194176	98.895782	98.933075	0	0	1	1	156	1167435
1444465496	0	0	2	0	0	0	0	0	0	0	0	0	0	0	0	4.941538	4.284390	4.272984	4.272984	1.809963	11.500000	15.500000	99.156868	98.858490	98.895782	0	0	1	1	156	1164675
1444465497	0	3	1	0	0	0	0	0	0	0	0	0	0	0	0	4.939927	4.300073	4.271558	4.275836	1.809158	11.500000	15.500000	99.342690	99.006889	99.044197	0	0	1	1	156	1167416
1444465498	2	0	2	1	0	0	0	0	0	1	0	0	0	0	0	4.941538	4.282964	4.271558	4.274410	1.809963	11.500000	15.500000	99.194176	98.933075	98.933075	0	0	1	1	156	1168591
1444465499	0	0	0	0	0	0	0	0	0	0	0	0	0	0	0	4.943151	4.282964	4.271558	4.274410	1.809963	11.500000	15.500000	99.083031	98.859314	98.896599	0	0	1	1	156	1164700
1444465501	1	0	0	1	0	0	0	0	0	0	0	0	0	0	0	4.941538	4.284390	4.271558	4.272984	1.810769	11.500000	15.500000	99.156868	98.858490	98.933075	0	0	1	1	156	1167425
1444465502	1	0	0	0	0	0	0	0	0	0	0	0	0	0	0	4.936703	4.284390	4.270133	4.274410	1.809158	11.500000	15.500000	99.229324	98.967964	99.042641	0	0	1	1	156	1167445
1444465503	0	0	2	1	0	0	0	0	0	0	0	0	0	0	0	4.944762	4.282964	4.272984	4.272984	1.810769	11.500000	15.500000	98.934700	98.524689	98.897430	0	0	1	1	156	1167445
1444465504	0	1	0	0	0	0	0	0	0	0	0	0	0	0	0	4.941538	4.284390	4.271558	4.272984	1.811575	11.500000	15.500000	99.082275	98.522797	99.082275	0	0	1	1	156	1164686
1444465505	0	2	0	0	0	0	0	0	0	0	0	0	0	0	0	4.939927	4.282964	4.270133	4.271558	1.810769	11.500000	15.500000	99.156143	98.932274	98.932274	0	0	1	1	156	1167426
1444465507	1	2	1	0	0	0	0	0	0	0	0	0	0	0	0	4.941538	4.282964	4.274410	4.274410	1.811575	11.500000	15.500000	99.082275	98.821190	98.933075	0	0	1	1	156	1167448
1444465508	0	1	0	0	0	0	0	0	0	0	0	0	0	0	0	4.941538	4.285816	4.271558	4.272984	1.811575	11.500000	15.500000	99.231468	98.895782	98.933075	0	0	1	1	156	1164682
1444465509	2	0	2	3	0	1	0	0	0	0	0	0	0	0	0	4.941538	4.290093	4.275836	4.277261	1.809963	11.500000	15.500000	99.231468	98.933075	98.933075	0	0	1	1	156	1167420
1444465510	1	1	2	0	0	0	0	0	0	0	0	0	0	0	0	4.943151	4.287241	4.272984	4.274410	1.810769	11.500000	15.500000	98.747452	99.008469	98.784737	0	0	1	1	156	1168578
1444465511	0	2	0	0	0	0	0	0	0	0	0	0	0	0	0	4.943151	4.281538	4.271558	4.274410	1.810769	11.500000	15.500000	98.784737	99.045746	98.784737	0	0	1	1	156	1164687
1444465513	2	1	2	0	0	0	0	0	0	0	0	0	0	0	0	4.941538	4.284390	4.272984	4.274410	1.811575	11.500000	15.500000	99.119583	98.858490	98.895782	0	0	1	1	156	1167416
1444465514	0	2	1	1	0	0	0	0	0	0	0	0	0	0	0	4.941538	4.284390	4.271558	4.274410	1.811575	11.500000	15.500000	99.231468	98.858490	98.933075	0	0	1	1	156	1167437
1444465515	1	1	1	2	0	0	0	0	0	0	0	0	0	0	0	4.941538	4.282964	4.271558	4.274410	1.811575	11.500000	15.500000	99.119583	98.858490	98.933075	0	0	1	1	156	1164671
1444465516	2	0	2	0	0	0	0	0	0	0	0	0	0	0	0	4.943151	4.284390	4.268707	4.275836	1.812381	11.500000	15.500000	99.045746	98.822021	98.822021	0	0	1	1	156	1167416
1444465517	0	1	1	2	0	0	0	0	0	0	0	0	0	0	0	4.941538	4.282964	4.271558	4.272984	1.811575	11.500000	15.500000	99.194176	98.858490	98.933075	0	0	1	1	156	1167432
1444465519	2	2	0	2	0	0	0	0	0	0	0	0	0	0	0	4.941538	4.284390	4.271558	4.272984	1.811575	11.500000	15.500000	99.119583	98.858490	98.933075	0	0	1	1	156	1167435
1444465520	0	1	0	0	0	0	0	0	0	0	0	0	0	0	0	4.941538	4.287241	4.272984	4.274410	1.811575	11.500000	15.500000	99.156868	98.858490	98.895782	0	0	1	1	156	1164672
1444465521	1	0	1	0	0	0	0	0	0	0	0	0	0	0	0	4.938315	4.288667	4.274410	4.277261	1.811575	11.500000	15.500000	99.342010	99.043419	99.118073	0	0	1	1	156	1167416
1444465522	2	0	0	3	0	0	0	0	0	0	0	0	0	0	0	4.941538	4.284390	4.275836	4.274410	1.811575	11.500000	15.500000	99.194176	98.858490	98.895782	0	0	1	1	156	1168591
1444465523	0	0	1	1	0	0	0	0	0	0	0	0	0	0	0	4.943151	4.282964	4.271558	4.272984	1.811575	11.500000	15.500000	99.157608	98.859314	98.896599	0	0	1	1	156	1164680
1444465525	1	0	2	0	0	0	0	0	0	0	0	0	0	0	0	4.941538	4.287241	4.272984	4.275836	1.813187	11.500000	15.500000	99.194176	98.858490	98.895782	0	0	1	1	156	1167423
1444465526	1	1	1	1	0	0	0	0	0	0	0	0	0	0	0	4.943151	4.285816	4.272984	4.275836	1.813187	11.500000	15.500000	99.120316	98.859314	98.822021	0	0	1	1	156	1167445
1444465527	0	2	2	3	0	0	0	0	1	0	0	0	0	0	0	4.943151	4.285816	4.272984	4.275836	1.813187	11.500000	15.500000	99.157608	98.822021	98.859314	0	0	1	1	156	1164678
1444465528	0	1	0	1	0	0	0	0	0	0	0	0	0	0	0	4.941538	4.284390	4.272984	4.274410	1.813187	11.500000	15.500000	99.119583	98.858490	98.895782	0	0	1	1	156	1167426
1444465529	1	1	3	1	0	0	0	0	0	0	0	0	0	0	0	4.943151	4.284390	4.268707	4.261578	1.811575	11.500000	15.500000	99.083031	98.822021	98.896599	0	0	1	1	156	1167445
1444465531	0	2	1	2	0	0	0	0	0	0	0	0	0	0	0	4.943151	4.285816	4.271558	4.272984	1.813187	11.500000	15.500000	99.157608	98.822021	98.896599	0	0	1	1	156	1167445
1444465532	3	1	1	0	0	0	0	0	0	0	0	0	0	0	0	4.941538	4.288667	4.274410	4.275836	1.812381	11.500000	15.500000	99.194176	98.895782	98.933075	0	0	1	1	156	1164678
1444465533	1	0	2	1	0	0	0	0	0	0	0	0	0	0	0	4.941538	4.288667	4.277261	4.277261	1.812381	11.500000	15.500000	99.268776	98.970383	99.007675	0	0	1	1	156	1167423
1444465534	0	0	1	1	0	0	0	0	0	0	0	0	0	0	0	4.941538	4.285816	4.271558	4.272984	1.813187	11.500000	15.500000	99.231468	98.895782	98.933075	0	0	1	1	156	1168581
1444465535	0	0	2	0	0	0	0	0	0	0	0	0	0	0	0	4.936703	4.287241	4.274410	4.274410	1.812381	11.500000	15.500000	99.378662	99.042641	99.042641	0	0	1	1	156	1164738
1444465537	0	0	0	1	0	0	0	0	0	0	0	0	0	0	0	4.943151	4.278687	4.263004	4.281538	1.812381	11.500000	15.500000	99.194893	98.859314	98.896599	0	0	1	1	156	1167416
1444465538	2	0	1	0	0	0	0	0	0	0	0	0	0	0	0	4.941538	4.285816	4.272984	4.275836	1.813187	11.500000	15.500000	99.194176	98.895782	98.933075	0	0	1	1	156	1167435
1444465539	1	0	2	1	0	0	0	0	0	0	0	0	0	0	0	4.941538	4.287241	4.272984	4.275836	1.813187	11.500000	15.500000	99.156868	98.895782	98.895782	0	0	1	1	156	1164675
1444465540	1	0	2	1	0	0	0	0	0	0	0	0	0	0	0	4.939927	4.285816	4.271558	4.272984	1.813187	11.500000	15.500000	99.193443	98.932274	98.932274	0	0	1	1	156	1167416
1444465541	1	2	1	2	0	0	0	0	1	0	0	0	0	0	0	4.936703	4.294370	4.270133	4.272984	1.812381	11.500000	15.500000	99.341316	99.079971	99.117302	0	0	1	1	156	1167435
1444465543	1	0	0	0	0	0	0	0	0	0	0	0	0	0	0	4.944762	4.288667	4.270133	4.275836	1.813993	11.500000	15.500000	99.083794	98.748329	98.860153	0	0	1	1	156	1164586
1444465544	0	1	1	3	0	0	0	0	1	0	0	0	0	0	0	4.943151	4.285816	4.271558	4.272984	1.811575	11.500000	15.500000	99.157608	98.822021	98.971169	0	0	1	1	156	1167414
1444465545	1	3	2	0	0	0	0	0	0	0	0	0	0	0	0	4.939927	4.287241	4.274410	4.277261	1.812381	11.500000	15.500000	99.342690	98.969566	99.118820	0	0	1	1	156	1167435
1444465546	1	0	1	2	0	0	0	0	0	0	0	0	0	0	0	4.938315	4.288667	4.274410	4.275836	1.813187	11.500000	15.500000	99.342010	98.968781	99.043419	0	0	1	1	156	1168593
1444465547	0	0	0	1	0	0	0	0	0	0	0	0	0	0	0	4.941538	4.284390	4.271558	4.274410	1.813993	11.500000	15.500000	99.231468	98.895782	98.933075	0	0	1	1	156	1164780
1444465549	0	0	1	0	0	0	0	0	0	0	0	0	0	0	0	4.941538	4.285816	4.272984	4.274410	1.813187	11.500000	15.500000	99.156868	98.858490	98.895782	0	0	1	1	156	1167425
1444465550	1	0	0	0	0	0	0	0	0	0	0	0	0	0	0	4.941538	4.284390	4.270133	4.272984	1.814799	11.500000	15.500000	98.858490	98.634682	98.858490	0	0	1	1	156	1167445
1444465551	1	0	1	2	0	0	0	0	0	0	0	0	0	0	0	4.943151	4.284390	4.271558	4.274410	1.813993	11.500000	15.500000	98.822021	98.598305	98.822021	0	0	1	1	156	1164680
1444465552	2	0	2	0	0	0	0	0	0	0	0	0	0	0	0	4.941538	4.288667	4.272984	4.272984	1.814799	11.500000	15.500000	99.194176	98.858490	98.895782	0	0	1	1	156	1167426
1444465553	0	1	0	0	0	0	0	0	0	0	0	0	0	0	0	4.941538	4.285816	4.271558	4.274410	1.813993	11.500000	15.500000	99.156868	98.858490	98.895782	0	0	1	1	156	1167447
1444465555	1	0	1	1	0	1	0	0	0	0	0	0	0	0	0	4.941538	4.284390	4.272984	4.274410	1.814799	11.500000	15.500000	99.194176	98.821190	98.895782	0	0	1	1	156	1164684
1444465556	1	2	1	2	0	0	0	0	0	0	0	0	0	0	0	4.936703	4.288667	4.268707	4.272984	1.814799	11.500000	15.500000	99.341316	98.967964	99.042641	0	0	1	1	156	1167425
1444465557	1	0	0	3	0	0	0	0	0	0	0	0	0	0	0	4.939927	4.287241	4.264430	4.287241	1.813993	11.500000	15.500000	99.268059	98.969566	99.006889	0	0	1	1	156	1167437
1444465558	1	1	0	2	0	0	0	0	1	0	0	0	0	0	0	4.943151	4.284390	4.271558	4.274410	1.814799	11.500000	15.500000	99.194893	98.822021	98.896599	0	0	1	1	156	1168581
1444465559	1	0	2	2	0	0	0	0	0	0	0	0	0	0	0	4.943151	4.284390	4.271558	4.274410	1.814799	11.500000	15.500000	99.157608	98.822021	98.896599	0	0	1	1	156	1164672
1444465561	0	0	0	0	0	0	0	0	0	0	0	0	0	0	0	4.943151	4.287241	4.272984	4.272984	1.814799	11.500000	15.500000	99.120316	98.822021	98.859314	0	0	1	1	156	1167418
1444465562	1	1	1	0	0	0	0	0	0	0	0	0	0	0	0	4.941538	4.288667	4.272984	4.275836	1.814799	11.500000	15.500000	99.156868	98.821190	98.895782	0	0	1	1	156	1167435
1444465563	0	0	0	0	0	0	0	0	0	0	0	0	0	0	0	4.943151	4.284390	4.271558	4.274410	1.814799	11.500000	15.500000	99.120316	98.859314	98.859314	0	0	1	1	156	1164671
1444465564	0	1	1	2	0	0	0	0	0	0	0	0	0	0	0	4.943151	4.285816	4.271558	4.272984	1.815604	11.500000	15.500000	99.194893	98.822021	98.859314	0	0	1	1	156	1167412
1444465565	0	1	3	0	0	0	0	0	0	0	0	0	0	0	0	4.941538	4.285816	4.271558	4.275836	1.814799	11.500000	15.500000	99.156868	98.895782	98.895782	0	0	1	1	156	1167435
1444465567	0	1	1	0	0	0	0	0	0	0	0	0	0	0	0	4.941538	4.288667	4.272984	4.275836	1.815604	11.500000	15.500000	99.194176	98.858490	98.895782	0	0	1	1	156	1164683
1444465568	0	0	1	3	0	0	0	0	0	0	0	0	0	0	0	4.941538	4.284390	4.271558	4.274410	1.814799	11.500000	15.500000	99.231468	98.895782	98.970383	0	0	1	1	156	1167416
1444465569	1	0	3	0	0	0	0	0	0	0	0	0	0	0	0	4.939927	4.288667	4.274410	4.277261	1.813993	11.500000	15.500000	99.342690	98.969566	99.081512	0	0	1	1	156	1167435
1444465570	1	1	2	2	0	0	0	0	0	0	0	0	0	0	0	4.933480	4.288667	4.268707	4.274410	1.813993	11.500000	15.500000	99.414673	99.115799	99.115799	0	0	1	1	156	1194916
1444465571	1	1	0	0	0	0	0	0	0	0	0	0	0	0	0	4.941538	4.288667	4.275836	4.275836	1.814799	11.500000	15.500000	99.194176	98.560097	99.082275	0	0	1	1	156	1167425
1444465573	1	0	1	0	0	0	0	0	0	0	0	0	0	0	0	4.943151	4.287241	4.272984	4.274410	1.815604	11.500000	15.500000	99.157608	98.822021	98.896599	0	0	1	1	156	1167445
1444465574	1	4	0	4	0	0	0	0	1	0	0	0	0	0	0	4.939927	4.287241	4.272984	4.275836	1.815604	11.500000	15.500000	99.193443	98.932274	98.932274	0	0	1	1	156	1167447
1444465575	0	2	1	0	0	0	0	0	0	0	0	0	0	0	0	4.943151	4.287241	4.272984	4.271558	1.815604	11.500000	15.500000	99.120316	98.822021	98.784737	0	0	1	1	156	1164688
1444465576	0	1	3	0	0	0	0	1	0	0	0	0	0	0	0	4.938315	4.278687	4.267281	4.267281	1.813993	11.500000	15.500000	98.894127	99.006096	98.931450	0	0	1	1	156	1167425
1444465577	5	0	1	0	0	0	0	0	0	0	0	0	0	0	0	4.941538	4.288667	4.272984	4.275836	1.816410	11.500000	15.500000	99.231468	98.933075	98.933075	0	0	1	1	156	1167442
1444465579	0	1	0	1	0	0	0	0	0	0	0	0	0	0	0	4.943151	4.285816	4.274410	4.274410	1.815604	11.500000	15.500000	99.157608	98.822021	98.859314	0	0	1	1	156	1164688
1444465580	1	0	1	1	0	0	0	0	0	0	0	0	0	0	0	4.943151	4.287241	4.271558	4.272984	1.815604	11.500000	15.500000	99.120316	98.822021	98.859314	0	0	1	1	156	1167426
1444465581	5	1	0	2	0	0	1	0	0	0	0	0	0	0	0	4.936703	4.288667	4.277261	4.278687	1.813993	11.500000	15.500000	99.453339	99.117302	99.154648	0	0	1	1	156	1167445
1444465582	1	0	1	1	0	0	0	0	0	1	0	0	0	0	0	4.941538	4.288667	4.272984	4.272984	1.816410	11.500000	15.500000	99.156868	98.858490	98.895782	0	0	1	1	156	1165835
1444465583	3	1	1	1	0	0	0	0	0	0	0	0	0	0	0	4.943151	4.281538	4.270133	4.272984	1.815604	11.500000	15.500000	99.157608	98.822021	98.859314	0	0	1	1	156	1167416
1444465585	1	0	0	0	0	0	0	0	0	0	0	0	0	0	0	4.941538	4.285816	4.271558	4.274410	1.816410	11.500000	15.500000	99.194176	98.858490	98.933075	0	0	1	1	156	1167433
1444465586	3	1	1	0	0	0	0	0	0	0	0	0	0	0	0	4.943151	4.285816	4.271558	4.272984	1.815604	11.500000	15.500000	99.194893	98.859314	98.971169	0	0	1	1	156	1167435
1444465587	2	1	0	0	1	0	0	0	0	0	0	0	0	0	0	4.943151	4.287241	4.271558	4.272984	1.815604	11.500000	15.500000	99.157608	98.822021	98.896599	0	0	1	1	156	1164673
1444465588	0	0	0	1	0	0	0	0	0	0	0	0	0	0	0	4.941538	4.285816	4.272984	4.275836	1.816410	11.500000	15.500000	99.156868	98.858490	98.933075	0	0	1	1	156	1167416
1444465589	2	0	1	2	0	0	0	0	0	0	0	0	0	0	0	4.943151	4.288667	4.261578	4.261578	1.814799	11.500000	15.500000	99.045746	98.822021	98.822021	0	0	1	1	156	1167435
1444465591	0	1	0	0	0	0	0	0	0	0	0	0	0	0	0	4.941538	4.285816	4.265855	4.261578	1.814799	11.500000	15.500000	99.119583	98.858490	98.821190	0	0	1	1	156	1164693
1444465592	1	1	2	0	0	0	0	0	0	0	0	0	0	0	0	4.941538	4.287241	4.272984	4.271558	1.816410	11.500000	15.500000	99.156868	98.858490	98.858490	0	0	1	1	156	1167415
1444465593	1	2	2	0	0	0	0	0	0	0	0	0	0	0	0	4.939927	4.288667	4.275836	4.277261	1.815604	11.500000	15.500000	99.305382	98.969566	99.006889	0	0	1	1	156	1167438
1444465594	2	2	1	3	0	0	0	0	0	0	0	0	0	0	0	4.941538	4.287241	4.272984	4.274410	1.816410	11.500000	15.500000	99.156868	98.895782	98.933075	0	0	1	1	156	1175073
1444465595	0	0	3	0	0	0	0	0	0	0	0	0	0	0	0	4.941538	4.287241	4.272984	4.272984	1.817216	11.500000	15.500000	99.156868	98.858490	98.821190	0	0	1	1	156	1167425
1444465597	0	0	2	0	0	0	0	0	0	0	0	0	0	0	0	4.943151	4.285816	4.272984	4.274410	1.816410	11.500000	15.500000	99.120316	98.822021	98.859314	0	0	1	1	156	1167444
1444465598	1	1	1	0	0	0	0	0	0	0	0	0	0	0	0	4.941538	4.285816	4.271558	4.271558	1.817216	11.500000	15.500000	99.231468	98.858490	98.895782	0	0	1	1	156	1164680
1444465599	1	2	1	0	0	0	0	1	0	0	0	0	0	0	0	4.943151	4.285816	4.271558	4.270133	1.817216	11.500000	15.500000	99.120316	98.672874	98.486443	0	0	1	1	156	1167426
1444465600	0	0	1	0	0	0	0	0	0	0	0	0	0	0	0	4.943151	4.287241	4.271558	4.274410	1.817216	11.500000	15.500000	99.194893	98.859314	98.859314	0	0	1	1	156	1167445
1444465601	0	0	0	0	0	0	0	0	0	0	0	0	0	0	0	4.941538	4.285816	4.271558	4.272984	1.816410	11.500000	15.500000	99.194176	98.858490	98.933075	0	0	1	1	156	1167447
1444465603	0	0	0	0	0	0	0	0	0	0	0	0	0	0	0	4.941538	4.287241	4.272984	4.272984	1.817216	11.500000	15.500000	99.231468	98.895782	98.858490	0	0	1	1	156	1164678
1444465604	1	0	1	1	0	0	0	0	0	0	0	0	0	0	0	4.941538	4.295796	4.271558	4.267281	1.816410	11.500000	15.500000	99.194176	98.895782	98.895782	0	0	1	1	156	1167425
1444465605	0	0	1	1	0	0	0	0	0	0	0	0	0	0	0	4.941538	4.288667	4.267281	4.263004	1.817216	11.500000	15.500000	99.194176	98.895782	98.933075	0	0	1	1	156	1167440
1444465606	2	2	1	1	0	1	1	0	0	0	0	0	0	0	0	4.941538	4.287241	4.272984	4.271558	1.818022	11.500000	15.500000	98.895782	99.119583	98.821190	0	0	1	1	156	1165805
1444465607	1	0	0	0	0	0	0	0	0	0	0	0	0	0	0	4.941538	4.288667	4.274410	4.271558	1.818022	11.500000	15.500000	99.194176	98.858490	98.858490	0	0	1	1	156	1167416
1444465609	2	1	3	1	0	1	0	0	0	0	0	0	0	0	0	4.943151	4.287241	4.272984	4.271558	1.818022	11.500000	15.500000	99.157608	98.859314	98.822021	0	0	1	1	156	1167437
1444465610	4	0	1	1	0	0	0	0	0	0	0	0	0	0	0	4.941538	4.284390	4.271558	4.270133	1.818022	11.500000	15.500000	99.194176	98.858490	98.895782	0	0	1	1	156	1164667
1444465611	0	2	2	2	0	0	0	0	1	0	0	0	0	0	0	4.939927	4.275836	4.274410	4.257301	1.816410	11.500000	15.500000	99.417313	98.820328	98.894958	0	0	1	1	156	1167416
1444465612	0	1	0	0	0	0	0	0	0	0	0	0	0	0	0	4.939927	4.288667	4.274410	4.274410	1.818022	11.750000	15.500000	99.268059	98.932274	98.969566	0	0	1	1	156	1167432
1444465613	1	0	0	1	0	0	0	0	0	0	0	0	0	0	0	4.943151	4.285816	4.271558	4.272984	1.818022	11.500000	15.500000	99.157608	98.859314	98.822021	0	0	1	1	156	1167435
1444465615	0	1	1	0	0	0	0	0	0	0	0	0	0	0	0	4.939927	4.287241	4.272984	4.275836	1.818022	11.750000	15.500000	99.268059	98.969566	99.006889	0	0	1	1	156	1176733
1444465616	1	0	1	1	0	0	0	0	0	1	0	0	0	0	0	4.941538	4.287241	4.272984	4.272984	1.818022	11.500000	15.500000	99.268776	98.858490	98.895782	0	0	1	1	156	1167416
1444465617	2	0	0	2	0	0	0	0	0	0	0	0	0	0	0	4.939927	4.290093	4.274410	4.274410	1.817216	11.500000	15.500000	99.342690	98.969566	98.969566	0	0	1	1	156	1167435
1444465618	2	1	0	1	0	0	0	0	0	0	0	0	0	0	0	4.938315	4.355678	4.258727	4.257301	1.816410	11.500000	15.500000	99.192719	99.043419	98.968781	0	0	1	1	156	1165832
1444465619	1	0	0	0	0	0	0	0	0	0	0	0	0	0	0	4.941538	4.287241	4.272984	4.274410	1.818828	11.750000	15.500000	99.268776	98.858490	98.933075	0	0	1	1	156	1167423
1444465621	0	0	1	0	0	0	0	0	0	0	0	0	0	0	0	4.943151	4.285816	4.274410	4.274410	1.818828	11.500000	15.500000	99.157608	98.896599	98.859314	0	0	1	1	156	1167445
1444465622	0	1	0	0	0	0	0	0	0	0	0	0	0	0	0	4.941538	4.285816	4.275836	4.272984	1.818022	11.500000	15.500000	99.156868	98.895782	98.821190	0	0	1	1	156	1164707
1444465623	1	1	0	3	0	0	0	0	0	0	0	0	0	0	0	4.939927	4.285816	4.271558	4.272984	1.818022	11.750000	15.500000	99.230751	98.894958	98.894958	0	0	1	1	156	1167425
1444465624	0	1	2	3	0	0	0	0	0	1	0	0	0	0	0	4.941538	4.275836	4.261578	4.261578	1.816410	11.500000	15.500000	98.858490	98.597389	98.485497	0	0	1	1	156	1167445
1444465625	1	0	0	2	0	0	0	0	0	0	0	0	0	0	0	4.941538	4.285816	4.271558	4.261578	1.817216	11.500000	15.500000	99.417976	98.746590	98.821190	0	0	1	1	156	1164683
1444465627	0	2	1	2	0	0	0	0	0	0	0	0	0	0	0	4.941538	4.285816	4.271558	4.271558	1.818828	11.750000	15.500000	99.194176	98.858490	98.821190	0	0	1	1	156	1167425
1444465628	0	0	0	0	0	0	0	0	0	0	0	0	0	0	0	4.941538	4.285816	4.271558	4.271558	1.818828	11.750000	15.500000	99.156868	98.858490	98.821190	0	0	1	1	156	1167448
1444465629	0	2	0	0	0	0	0	0	0	0	0	0	0	0	0	4.936703	4.290093	4.275836	4.275836	1.817216	11.750000	15.500000	99.453339	99.117302	99.117302	0	0	1	1	156	1167440
1444465630	1	0	2	1	0	0	0	0	0	0	0	0	0	0	0	4.941538	4.285816	4.271558	4.271558	1.818828	11.750000	15.500000	99.231468	98.895782	98.858490	0	0	1	1	156	1165815
1444465631	0	0	2	1	0	0	0	0	0	0	0	0	0	0	0	4.943151	4.285816	4.265855	4.260152	1.817216	11.500000	15.500000	99.045746	98.896599	98.822021	0	0	1	1	156	1167416
1444465633	0	0	0	0	0	0	0	0	0	0	0	0	0	0	0	4.943151	4.285816	4.271558	4.272984	1.818828	11.500000	15.500000	99.157608	98.784737	98.933891	0	0	1	1	156	1167435
