time	cnt1	cnt2	cnt3	cnt4	1&2	1&3	1&4	2&3	2&4	3&4	1&2&3	1&2&4	1&3&4	2&3&4	1&2&3&4	adcr	adcp1	adcp2	adcp3	adcntc	ntcT	digT	p1	p2	p3	hvstate	pbsstate	ethstate	listpbs	sdstate	looptime
1	0	0	1	0	0	0	0	0	0	0	0	0	0	0	0	4.946374	4.308628	4.294370	4.294370	2.068645	16.750000	-59.500000	99.643509	99.345398	99.308144	0	0	1	1	-1	0
2	1	0	0	1	0	0	0	0	0	0	0	0	0	0	0	4.946374	4.307202	4.294370	4.294370	2.068645	16.750000	17.500000	99.643509	99.233612	99.308144	0	0	0	1	141	1351404
3	3	1	1	2	0	0	0	0	1	0	0	0	0	0	0	4.946374	4.305777	4.290093	4.292944	2.068645	16.750000	17.500000	99.345398	98.935516	99.308144	0	0	0	1	147	1367807
5	1	3	2	2	0	0	0	0	0	0	0	0	0	0	0	4.943151	4.302925	4.290093	4.291519	2.067839	16.750000	17.500000	99.605057	99.306763	99.306763	0	0	0	1	147	1524153
6	3	1	1	0	1	0	0	0	0	0	0	0	0	0	0	4.943151	4.300073	4.288667	4.291519	2.067033	16.750000	17.500000	99.605057	99.306763	99.344040	0	0	0	1	147	1367605
7	0	1	1	0	0	0	0	0	0	0	0	0	0	0	0	4.938315	4.290093	4.291519	4.288667	2.065421	16.750000	17.500000	99.752571	99.453979	99.491310	0	0	0	1	147	1150961
9	0	0	1	1	0	0	0	0	0	0	0	0	0	0	0	4.943151	4.301499	4.288667	4.291519	2.067839	16.750000	17.500000	99.605057	99.269463	99.306763	0	0	0	1	147	1170126
10	0	2	0	1	0	0	0	0	1	0	0	0	0	0	0	4.941538	4.304350	4.290093	4.291519	2.067033	16.750000	17.500000	99.679062	99.306068	99.343376	0	0	1	1	147	1151483
11	1	1	1	1	0	0	0	0	0	0	0	0	0	0	0	4.939927	4.305777	4.290093	4.291519	2.067033	16.750000	17.500000	99.790428	99.417313	99.454628	0	0	1	1	148	1151445
12	1	0	1	0	0	0	0	0	0	0	0	0	0	0	0	4.941538	4.302925	4.288667	4.291519	2.067839	16.750000	17.500000	99.679062	99.306068	99.380669	0	0	1	1	148	1151040
13	0	0	1	1	0	0	0	0	0	0	0	0	0	0	0	4.941538	4.308628	4.292944	4.292944	2.066227	16.750000	17.500000	99.753662	99.380669	99.417976	0	0	1	1	148	1164612
15	0	1	0	0	0	0	0	0	0	0	0	0	0	0	0	4.943151	4.304350	4.288667	4.291519	2.067839	16.750000	17.500000	99.567757	99.269463	99.306763	0	0	1	1	148	1152754
16	1	0	2	0	0	0	0	0	0	0	0	0	0	0	0	4.941538	4.304350	4.290093	4.290093	2.066227	16.750000	17.500000	99.679062	99.231468	99.343376	0	0	1	1	148	1151039
17	2	1	0	0	0	0	0	0	0	0	0	0	0	0	0	4.941538	4.302925	4.288667	4.291519	2.067033	16.750000	17.500000	99.604462	99.268776	99.343376	0	0	1	1	148	1164878
18	1	0	0	0	0	0	0	0	0	0	0	0	0	0	0	4.943151	4.301499	4.287241	4.290093	2.067033	16.750000	17.500000	99.567757	99.269463	99.306763	0	0	0	1	148	1151564
19	0	1	2	1	0	0	0	1	0	0	0	0	0	0	0	4.943151	4.302925	4.288667	4.290093	2.067033	16.750000	17.500000	99.567757	99.269463	99.306763	0	0	0	1	148	1151035
21	0	1	1	0	0	0	0	0	0	0	0	0	0	0	0	4.938315	4.304350	4.290093	4.291519	2.067033	16.750000	17.500000	99.752571	99.453979	99.491310	0	0	0	1	148	1150788
22	1	0	0	0	0	0	0	0	0	0	0	0	0	0	0	4.941538	4.301499	4.287241	4.290093	2.068645	16.750000	17.500000	99.604462	99.306068	99.380669	0	0	0	1	148	1164789
23	3	0	2	0	0	0	0	0	0	0	0	0	0	0	0	4.941538	4.302925	4.287241	4.288667	2.068645	16.750000	17.500000	99.641769	99.306068	99.417976	0	0	0	1	148	1150950
24	0	1	0	3	0	0	0	0	0	0	0	0	0	0	0	4.941538	4.300073	4.288667	4.290093	2.067033	16.750000	17.500000	99.679062	99.306068	99.343376	0	0	0	1	148	1150973
25	0	0	2	3	0	0	0	0	0	0	0	0	0	0	0	4.939927	4.304350	4.291519	4.295796	2.068645	16.750000	17.500000	99.715805	99.380005	99.417313	0	0	0	1	148	1164588
27	0	0	0	3	0	0	0	0	0	0	0	0	0	0	0	4.941538	4.302925	4.288667	4.290093	2.068645	16.750000	17.500000	99.641769	99.343376	99.343376	0	0	0	1	148	1152457
28	0	0	0	0	0	0	0	0	0	0	0	0	0	0	0	4.943151	4.302925	4.288667	4.291519	2.069451	16.750000	17.500000	99.567757	99.232185	98.933891	0	0	0	1	148	1151268
29	1	1	1	1	0	0	0	0	0	0	0	0	0	0	0	4.943151	4.301499	4.287241	4.290093	2.069451	16.750000	17.500000	99.605057	99.269463	99.269463	0	0	0	1	148	1151035
30	0	0	1	1	0	0	0	0	0	0	0	0	0	0	0	4.943151	4.301499	4.288667	4.290093	2.070256	16.750000	17.500000	99.567757	99.194893	99.269463	0	0	0	1	148	1164586
31	2	1	2	1	0	0	0	0	0	0	0	0	0	0	0	4.943151	4.298647	4.288667	4.287241	2.070256	16.750000	17.500000	99.567757	99.269463	99.344040	0	0	1	1	148	1151024
33	1	1	2	2	0	0	1	0	0	0	0	0	0	0	0	4.943151	4.301499	4.288667	4.285816	2.070256	16.750000	17.500000	99.567757	99.269463	99.344040	0	0	1	1	148	1151024
34	1	1	1	2	0	0	0	0	0	0	0	0	0	0	0	4.943151	4.302925	4.288667	4.290093	2.073480	17.000000	17.500000	99.269463	99.269463	99.194893	0	0	1	1	148	1164657
35	0	1	0	0	0	0	0	0	0	0	0	0	0	0	0	4.941538	4.302925	4.288667	4.290093	2.071868	16.750000	17.500000	99.567169	99.268776	99.268776	0	0	1	1	148	1151020
36	1	1	2	1	0	0	0	0	0	0	0	0	0	0	0	4.941538	4.302925	4.287241	4.288667	2.071868	16.750000	17.500000	99.604462	99.231468	99.343376	0	0	1	1	148	1151462
37	0	0	1	0	0	0	0	0	0	0	0	0	0	0	0	4.939927	4.305777	4.291519	4.294370	2.071062	16.750000	17.500000	99.790428	99.417313	99.529243	0	0	1	1	148	1151040
38	0	1	0	0	0	0	0	0	0	0	0	0	0	0	0	4.941538	4.301499	4.285816	4.291519	2.072674	16.750000	17.500000	99.567169	99.268776	99.306068	0	0	1	1	148	1165858
40	0	0	0	1	0	0	0	0	0	0	0	0	0	0	0	4.943151	4.301499	4.287241	4.288667	2.072674	16.750000	17.500000	99.530479	99.269463	99.269463	0	0	1	1	148	1151020
41	2	0	1	3	0	0	0	0	0	0	0	0	0	0	0	4.941538	4.302925	4.288667	4.291519	2.074286	17.000000	17.500000	99.604462	99.231468	99.306068	0	0	1	1	148	1150920
42	1	1	1	1	0	0	0	0	1	0	0	0	0	0	0	4.939927	4.301499	4.287241	4.290093	2.074286	17.000000	17.500000	99.641174	99.305382	99.305382	0	0	1	1	148	1164919
43	1	1	0	0	0	0	0	0	0	0	0	0	0	0	0	4.936703	4.302925	4.290093	4.291519	2.073480	17.000000	17.500000	99.714684	99.415993	99.490669	0	0	1	1	148	1151054
44	1	3	2	3	0	0	0	0	1	0	0	0	0	0	0	4.941538	4.304350	4.288667	4.290093	2.075897	17.000000	17.500000	99.641769	99.306068	99.007675	0	0	1	1	148	1150972
46	0	0	0	1	0	0	0	0	0	0	0	0	0	0	0	4.939927	4.301499	4.287241	4.288667	2.075897	17.000000	17.500000	99.641174	99.380005	99.342690	0	0	1	1	148	1165203
47	1	1	0	3	0	0	0	0	0	0	0	0	0	0	0	4.941538	4.298647	4.287241	4.290093	2.076703	17.000000	18.000000	99.567169	99.231468	99.231468	0	0	1	1	148	1150950
48	1	0	1	1	0	0	0	0	0	0	0	0	0	0	0	4.941538	4.300073	4.285816	4.290093	2.077509	17.000000	18.000000	99.567169	99.231468	99.044983	0	0	1	1	148	1150967
49	0	0	1	2	0	0	0	0	0	0	0	0	0	0	0	4.939927	4.305777	4.291519	4.292944	2.077509	17.000000	18.000000	99.753120	99.417313	99.417313	0	0	1	1	148	1150964
50	1	1	3	0	0	0	0	0	0	0	0	0	0	0	0	4.939927	4.302925	4.287241	4.288667	2.078315	17.000000	18.000000	99.641174	99.305382	99.342690	0	0	1	1	148	1165719
52	0	0	1	0	0	0	0	0	0	0	0	0	0	0	0	4.943151	4.301499	4.288667	4.290093	2.079927	17.000000	18.000000	99.567757	99.194893	99.269463	0	0	1	1	148	1151575
53	3	1	1	1	1	1	0	0	0	0	0	0	0	0	0	4.941538	4.301499	4.287241	4.290093	2.079927	17.000000	18.000000	99.567169	99.231468	99.306068	0	0	1	1	148	1151030
54	1	1	1	0	0	0	0	0	0	0	0	0	0	0	0	4.935091	4.307202	4.284390	4.288667	2.079121	17.000000	18.000000	99.788811	99.490036	99.452682	0	0	1	1	148	1164682
55	1	1	1	1	0	1	0	0	0	0	0	0	0	0	0	4.939927	4.301499	4.290093	4.291519	2.081538	17.000000	18.000000	99.678497	99.380005	99.118820	0	0	1	1	148	1151023
56	0	1	1	0	0	0	0	0	0	0	0	0	0	0	0	4.941538	4.301499	4.285816	4.290093	2.083150	17.000000	18.000000	99.604462	99.268776	99.082275	0	0	1	1	148	1151212
58	1	1	1	1	0	0	0	0	0	0	0	0	0	0	0	4.943151	4.301499	4.287241	4.288667	2.083956	17.000000	18.000000	99.120316	99.194893	99.194893	0	0	1	1	148	1151211
59	0	1	0	1	0	0	0	0	0	0	0	0	0	0	0	4.941538	4.301499	4.288667	4.291519	2.083956	17.000000	18.000000	99.567169	99.231468	99.306068	0	0	1	1	148	1164664
60	2	1	1	0	1	0	0	0	0	0	0	0	0	0	0	4.943151	4.302925	4.288667	4.285816	2.083956	17.000000	18.000000	99.567757	99.194893	99.194893	0	0	1	1	148	1151020
61	0	0	2	1	0	0	0	0	0	0	0	0	0	0	0	4.938315	4.305777	4.290093	4.291519	2.083956	17.000000	18.000000	99.752571	99.379326	99.453979	0	0	1	1	148	1150978
62	0	1	1	0	0	0	0	0	0	0	0	0	0	0	0	4.939927	4.301499	4.288667	4.290093	2.086374	17.250000	18.000000	99.603874	99.305382	99.342690	0	0	1	1	148	1165962
64	2	3	0	1	0	0	0	0	1	0	0	0	0	0	0	4.938315	4.305777	4.282964	4.288667	2.086374	17.250000	18.000000	99.677917	99.416656	99.416656	0	0	1	1	148	1150954
65	2	0	1	1	0	0	0	0	0	0	0	0	0	0	0	4.941538	4.301499	4.287241	4.288667	2.087986	17.250000	18.000000	99.567169	99.268776	99.343376	0	0	1	1	148	1150978
66	2	0	1	0	0	0	0	0	0	0	0	0	0	0	0	4.939927	4.304350	4.291519	4.291519	2.087180	17.250000	18.000000	99.641174	99.342690	99.380005	0	0	1	1	148	1151378
67	2	0	1	0	0	0	0	0	0	0	0	0	0	0	0	4.939927	4.301499	4.287241	4.290093	2.088791	17.250000	18.000000	99.603874	99.268059	99.342690	0	0	1	1	148	1165373
68	1	0	0	0	0	0	0	0	0	0	0	0	0	0	0	4.939927	4.302925	4.288667	4.288667	2.089597	17.250000	18.000000	99.603874	99.268059	99.305382	0	0	1	1	148	1151054
70	1	0	1	2	0	0	0	0	0	0	0	0	0	0	0	4.941538	4.301499	4.288667	4.271558	2.091209	17.250000	18.000000	99.417976	99.194176	99.007675	0	0	1	1	148	1150972
71	1	0	1	1	0	0	0	0	0	0	0	0	0	0	0	4.941538	4.302925	4.287241	4.288667	2.091209	17.250000	18.000000	99.567169	99.231468	99.268776	0	0	1	1	148	1165245
72	0	0	2	1	0	0	0	0	0	0	0	0	0	0	0	4.941538	4.301499	4.288667	4.288667	2.092015	17.250000	18.500000	99.567169	99.231468	99.343376	0	0	1	1	148	1151517
73	0	1	2	0	0	0	0	0	0	0	0	0	0	0	0	4.939927	4.302925	4.290093	4.291519	2.092015	17.250000	18.500000	99.678497	99.342690	99.417313	0	0	1	1	148	1151034
74	1	0	1	2	0	0	0	0	0	0	0	0	0	0	0	4.941538	4.298647	4.287241	4.288667	2.094432	17.250000	18.500000	99.567169	99.268776	99.343376	0	0	1	1	148	1152214
76	1	1	1	0	0	0	0	0	0	0	0	0	0	0	0	4.939927	4.301499	4.287241	4.290093	2.094432	17.250000	18.500000	99.603874	99.268059	99.342690	0	0	1	1	148	1164969
77	0	0	1	2	0	0	0	0	0	0	0	0	0	0	0	4.939927	4.300073	4.288667	4.290093	2.095238	17.250000	18.500000	99.603874	99.268059	99.268059	0	0	1	1	148	1151554
78	2	0	0	3	0	0	0	0	0	0	0	0	0	0	0	4.939927	4.300073	4.287241	4.288667	2.096044	17.250000	18.500000	99.603874	99.268059	99.342690	0	0	0	1	148	1151030
79	1	1	0	0	0	0	0	0	0	0	0	0	0	0	0	4.941538	4.300073	4.287241	4.288667	2.097656	17.500000	18.500000	99.604462	99.268776	99.380669	0	0	1	1	148	1164594
80	0	1	0	0	0	0	0	0	0	0	0	0	0	0	0	4.943151	4.301499	4.288667	4.288667	2.097656	17.250000	18.500000	99.567757	99.194893	99.269463	0	0	1	1	148	1151020
82	0	2	0	3	0	0	0	0	1	0	0	0	0	0	0	4.941538	4.301499	4.285816	4.290093	2.098462	17.500000	18.500000	99.604462	99.231468	99.306068	0	0	1	1	148	1151295
83	1	2	1	1	0	0	0	0	0	0	0	0	0	0	0	4.939927	4.300073	4.285816	4.288667	2.099267	17.500000	18.500000	99.641174	99.305382	99.342690	0	0	1	1	148	1151039
84	1	0	1	0	0	1	0	0	0	0	0	0	0	0	0	4.941538	4.301499	4.290093	4.290093	2.101685	17.500000	18.500000	99.529861	99.268776	99.268776	0	0	1	1	148	1164606
85	0	0	0	0	0	0	0	0	0	0	0	0	0	0	0	4.939927	4.302925	4.290093	4.291519	2.100879	17.500000	18.500000	99.715805	99.417313	99.417313	0	0	1	1	148	1151021
86	1	0	1	1	0	0	0	0	0	0	0	0	0	0	0	4.939927	4.300073	4.287241	4.288667	2.104103	17.500000	18.500000	99.305382	99.268059	99.268059	0	0	1	1	148	1152230
88	1	2	1	0	0	0	0	0	0	0	0	0	0	0	0	4.941538	4.301499	4.287241	4.288667	2.103297	17.500000	18.500000	99.567169	99.231468	99.268776	0	0	1	1	148	1165128
89	1	2	1	0	0	0	0	0	0	0	0	0	0	0	0	4.938315	4.304350	4.281538	4.288667	2.103297	17.500000	18.500000	99.640594	99.304680	99.379326	0	0	1	1	148	1150955
90	1	0	0	2	0	0	0	0	0	0	0	0	0	0	0	4.941538	4.300073	4.288667	4.290093	2.105714	17.500000	18.500000	99.567169	99.231468	99.194176	0	0	1	1	148	1150978
91	1	2	1	0	0	0	0	0	0	0	0	0	0	0	0	4.941538	4.301499	4.287241	4.288667	2.105714	17.500000	18.500000	99.604462	99.231468	99.306068	0	0	1	1	148	1165370
92	1	0	0	2	0	0	0	0	0	0	0	0	0	0	0	4.939927	4.300073	4.288667	4.288667	2.106520	17.500000	18.500000	99.603874	99.268059	99.342690	0	0	1	1	148	1150950
94	1	0	2	2	0	1	0	0	0	0	0	0	0	0	0	4.941538	4.301499	4.287241	4.287241	2.107326	17.500000	19.000000	99.641769	99.231468	99.306068	0	0	1	1	148	1150967
95	0	0	0	1	0	0	0	0	0	0	0	0	0	0	0	4.939927	4.301499	4.288667	4.290093	2.108132	17.500000	19.000000	99.603874	99.268059	99.268059	0	0	1	1	148	1150964
96	1	3	0	0	0	0	0	0	0	0	0	0	0	0	0	4.939927	4.301499	4.288667	4.290093	2.109744	17.750000	19.000000	99.603874	99.268059	99.342690	0	0	1	1	148	1164678
97	1	2	0	0	0	0	0	0	0	0	0	0	0	0	0	4.938315	4.302925	4.290093	4.291519	2.108938	17.750000	19.000000	99.864548	99.379326	99.491310	0	0	1	1	148	1151575
98	1	1	0	0	0	0	0	0	0	0	0	0	0	0	0	4.939927	4.301499	4.285816	4.290093	2.111355	17.750000	19.000000	99.603874	99.268059	99.342690	0	0	1	1	148	1152176
100	2	2	0	0	0	0	0	0	0	0	0	0	0	0	0	4.941538	4.300073	4.285816	4.288667	2.112161	17.750000	19.000000	99.641769	99.268776	99.343376	0	0	1	1	148	1164593
101	1	4	1	2	0	0	0	0	1	0	0	0	0	0	0	4.936703	4.302925	4.290093	4.291519	2.112161	17.750000	19.000000	99.714684	99.341316	99.415993	0	0	1	1	149	1151723
102	2	0	1	1	0	0	0	0	0	0	0	0	0	0	0	4.939927	4.300073	4.285816	4.290093	2.113773	17.750000	19.000000	99.603874	99.268059	99.342690	0	0	1	1	149	1151675
103	2	1	0	1	0	0	0	0	0	0	0	0	0	0	0	4.941538	4.300073	4.287241	4.288667	2.114579	17.750000	19.000000	99.529861	99.231468	99.268776	0	0	1	1	149	1151040
104	0	1	0	0	0	0	0	0	0	0	0	0	0	0	0	4.941538	4.301499	4.287241	4.278687	2.114579	17.750000	19.000000	99.492569	99.231468	99.268776	0	0	1	1	149	1164588
105	1	0	1	1	0	0	0	0	0	0	0	0	0	0	0	4.941538	4.287241	4.275836	4.297222	2.116190	17.750000	19.000000	99.529861	99.231468	99.268776	0	0	1	1	149	1151108
107	0	0	1	0	0	0	0	0	0	0	0	0	0	0	0	4.935091	4.287241	4.274410	4.277261	2.114579	17.750000	19.000000	99.751472	99.377983	99.452682	0	0	1	1	149	1151060
108	1	0	0	0	0	0	0	0	0	0	0	0	0	0	0	4.939927	4.301499	4.287241	4.288667	2.117802	17.750000	19.000000	99.603874	99.268059	99.305382	0	0	1	1	149	1164995
109	0	2	1	0	0	0	0	0	0	0	0	0	0	0	0	4.939927	4.302925	4.290093	4.291519	2.117802	17.750000	19.000000	99.715805	99.342690	99.417313	0	0	1	1	149	1150960
110	0	0	1	1	0	0	0	0	0	0	0	0	0	0	0	4.939927	4.290093	4.282964	4.281538	2.116996	17.750000	19.000000	99.380005	99.305382	99.230751	0	0	1	1	149	1152228
111	1	0	0	0	0	0	0	0	0	0	0	0	0	0	0	4.938315	4.302925	4.290093	4.291519	2.121026	18.000000	19.000000	99.715248	99.304680	99.379326	0	0	1	1	149	1150975
113	1	0	1	0	0	0	0	0	0	0	0	0	0	0	0	4.939927	4.301499	4.287241	4.288667	2.121832	18.000000	19.000000	99.603874	99.268059	99.305382	0	0	1	1	149	1164412
114	2	1	1	1	1	1	0	0	0	0	0	0	0	0	0	4.939927	4.301499	4.285816	4.288667	2.121832	18.000000	19.000000	99.603874	99.268059	99.342690	0	0	1	1	149	1150960
115	0	1	0	2	0	0	0	0	0	0	0	0	0	0	0	4.939927	4.301499	4.285816	4.288667	2.121832	18.000000	19.000000	99.678497	99.268059	99.305382	0	0	1	1	149	1150974
116	0	0	1	0	0	0	0	0	0	0	0	0	0	0	0	4.939927	4.301499	4.284390	4.288667	2.124249	18.000000	19.500000	99.603874	99.268059	99.268059	0	0	1	1	149	1164592
117	3	2	0	0	0	0	0	0	0	0	0	0	0	0	0	4.941538	4.300073	4.288667	4.291519	2.124249	18.000000	19.500000	99.455261	98.970383	99.007675	0	0	1	1	149	1151353
119	1	1	1	1	0	0	0	0	0	1	0	0	0	0	0	4.939927	4.302925	4.288667	4.291519	2.125055	18.000000	19.500000	99.678497	99.342690	99.380005	0	0	1	1	149	1151035
120	0	1	0	1	0	0	0	0	0	0	0	0	0	0	0	4.946374	4.297222	4.285816	4.291519	2.126667	18.000000	19.500000	99.457199	99.159088	99.196342	0	0	1	1	149	1150970
121	0	1	1	2	0	0	0	0	1	0	0	0	0	0	0	4.938315	4.302925	4.288667	4.291519	2.126667	18.000000	19.500000	99.752571	99.416656	99.416656	0	0	1	1	149	1164985
122	1	1	1	1	0	0	0	0	0	0	0	0	0	0	0	4.939927	4.300073	4.285816	4.290093	2.129084	18.000000	19.500000	99.641174	99.193443	99.380005	0	0	1	1	149	1152575
123	0	2	1	0	0	0	0	0	0	0	0	0	0	0	0	4.939927	4.301499	4.287241	4.288667	2.129890	18.000000	19.500000	99.603874	99.268059	99.342690	0	0	0	1	149	1151031
125	0	2	2	0	0	0	0	0	0	0	0	0	0	0	0	4.939927	4.301499	4.288667	4.290093	2.129890	18.000000	19.500000	99.678497	99.342690	99.380005	0	0	0	1	149	1164584
126	2	0	1	3	0	0	0	0	0	0	0	0	0	0	0	4.939927	4.300073	4.285816	4.288667	2.131502	18.000000	19.500000	99.641174	99.268059	99.342690	0	0	0	1	149	1151828
127	2	1	1	1	0	0	0	0	0	0	0	0	0	0	0	4.939927	4.300073	4.288667	4.290093	2.132308	18.000000	19.500000	99.641174	99.268059	99.268059	0	0	0	1	149	1151790
128	0	0	1	0	0	0	0	0	0	0	0	0	0	0	0	4.941538	4.301499	4.287241	4.288667	2.133114	18.000000	19.500000	99.567169	99.194176	99.306068	0	0	0	1	149	1164659
129	0	0	1	1	0	0	0	0	0	0	0	0	0	0	0	4.939927	4.301499	4.285816	4.288667	2.133919	18.000000	19.500000	99.529243	99.006889	99.380005	0	0	1	1	149	1151028
131	0	0	1	0	0	0	0	0	0	0	0	0	0	0	0	4.938315	4.302925	4.287241	4.288667	2.134725	18.250000	19.500000	99.715248	99.080734	99.565948	0	0	1	1	149	1151161
132	0	1	1	0	0	0	0	0	0	0	0	0	0	0	0	4.939927	4.302925	4.287241	4.281538	2.132308	18.000000	19.500000	99.641174	99.193443	99.305382	0	0	1	1	149	1151164
133	1	2	0	0	0	0	0	0	0	0	0	0	0	0	0	4.941538	4.291519	4.291519	4.287241	2.135531	18.250000	19.500000	99.641769	99.306068	99.380669	0	0	1	1	149	1164586
134	1	1	0	0	0	0	0	0	0	0	0	0	0	0	0	4.939927	4.301499	4.287241	4.288667	2.137143	18.250000	19.500000	99.603874	99.268059	99.268059	0	0	1	1	149	1152171
135	2	0	1	1	0	0	0	0	0	0	0	0	0	0	0	4.941538	4.302925	4.287241	4.288667	2.137949	18.250000	19.500000	99.567169	99.231468	99.231468	0	0	1	1	149	1150975
137	1	1	1	0	0	0	0	0	0	0	0	0	0	0	0	4.941538	4.301499	4.287241	4.287241	2.138755	18.250000	19.500000	99.604462	99.268776	99.268776	0	0	1	1	149	1164766
138	1	1	0	1	0	0	0	0	0	0	0	0	0	0	0	4.939927	4.302925	4.285816	4.288667	2.139560	18.250000	20.000000	99.678497	99.268059	99.342690	0	0	1	1	149	1151564
139	1	2	1	0	0	0	0	0	0	0	0	0	0	0	0	4.939927	4.300073	4.287241	4.288667	2.140366	18.250000	20.000000	99.603874	99.268059	99.305382	0	0	1	1	149	1151035
140	2	0	1	1	0	0	0	0	0	0	0	0	0	0	0	4.943151	4.300073	4.285816	4.288667	2.141172	18.250000	20.000000	99.567757	99.194893	99.306763	0	0	1	1	149	1150973
141	0	1	0	0	0	0	0	0	0	0	0	0	0	0	0	4.939927	4.300073	4.288667	4.288667	2.141978	18.250000	20.000000	99.603874	99.268059	99.342690	0	0	1	1	149	1164588
143	1	0	1	1	0	0	0	0	0	0	0	0	0	0	0	4.939927	4.301499	4.285816	4.288667	2.143590	18.250000	20.000000	99.678497	99.268059	99.268059	0	0	0	1	149	1151448
144	0	0	0	0	0	0	0	0	0	0	0	0	0	0	0	4.939927	4.300073	4.287241	4.288667	2.143590	18.250000	20.000000	99.641174	99.268059	99.268059	0	0	0	1	149	1151036
145	0	0	0	1	0	0	0	0	0	0	0	0	0	0	0	4.938315	4.302925	4.288667	4.291519	2.143590	18.250000	20.000000	99.789902	99.379326	99.453979	0	0	0	1	149	1164588
146	1	0	2	3	0	0	0	0	0	0	0	0	0	0	0	4.939927	4.302925	4.290093	4.291519	2.144396	18.250000	20.000000	99.678497	99.305382	99.380005	0	0	0	1	149	1152869
147	1	0	0	1	0	0	0	0	0	0	0	0	0	0	0	4.939927	4.302925	4.288667	4.290093	2.146007	18.250000	20.000000	99.641174	99.268059	99.305382	0	0	0	1	149	1151675
148	0	2	0	3	0	0	0	0	1	0	0	0	0	0	0	4.941538	4.302925	4.285816	4.290093	2.146007	18.250000	20.000000	99.641769	99.231468	99.268776	0	0	0	1	149	1151031
150	2	2	2	0	1	0	0	0	0	0	0	0	0	0	0	4.939927	4.302925	4.284390	4.288667	2.148425	18.500000	20.000000	99.678497	99.268059	99.417313	0	0	0	1	149	1288237
151	1	1	2	0	0	0	0	0	0	0	0	0	0	0	0	4.939927	4.300073	4.285816	4.288667	2.147619	18.500000	20.000000	99.529243	98.969566	99.193443	0	0	1	1	149	1151358
152	0	1	2	0	0	0	0	0	0	0	0	0	0	0	0	4.941538	4.302925	4.287241	4.288667	2.150037	18.500000	20.000000	99.641769	99.231468	99.306068	0	0	1	1	149	1151310
153	1	0	1	1	0	0	0	0	0	0	0	0	0	0	0	4.941538	4.300073	4.287241	4.288667	2.149231	18.500000	20.000000	99.455261	98.970383	99.044983	0	0	1	1	149	1283721
155	2	2	1	0	1	0	0	0	0	0	0	0	0	0	0	4.936703	4.305777	4.290093	4.292944	2.150843	18.500000	20.000000	99.752022	99.341316	99.415993	0	0	1	1	149	1151026
156	0	0	0	0	0	0	0	0	0	0	0	0	0	0	0	4.939927	4.301499	4.285816	4.288667	2.152454	18.500000	20.000000	99.641174	99.305382	99.342690	0	0	1	1	149	1151620
157	1	0	0	0	0	0	0	0	0	0	0	0	0	0	0	4.938315	4.301499	4.288667	4.292944	2.152454	18.500000	20.000000	99.715248	99.416656	99.304680	0	0	1	1	149	1151623
158	0	1	0	0	0	0	0	0	0	0	0	0	0	0	0	4.939927	4.304350	4.287241	4.288667	2.154066	18.500000	20.000000	99.678497	99.268059	99.268059	0	0	1	1	149	1285976
160	2	1	0	1	0	0	0	0	0	0	0	0	0	0	0	4.938315	4.302925	4.287241	4.287241	2.154066	18.500000	20.000000	99.677917	99.304680	99.379326	0	0	1	1	149	1151025
161	0	0	0	0	0	0	0	0	0	0	0	0	0	0	0	4.939927	4.302925	4.288667	4.290093	2.155678	18.500000	20.500000	99.715805	99.268059	99.342690	0	0	1	1	149	1151641
162	1	1	0	1	0	0	0	0	0	0	0	0	0	0	0	4.939927	4.302925	4.287241	4.290093	2.156484	18.500000	20.500000	99.641174	99.268059	99.268059	0	0	1	1	149	1285644
163	2	3	0	0	0	0	0	0	0	0	0	0	0	0	0	4.936703	4.288667	4.285816	4.285816	2.155678	18.500000	20.500000	99.714684	99.378662	99.453339	0	0	1	1	149	1150956
164	1	1	2	2	0	0	0	0	0	0	0	0	0	0	0	4.939927	4.304350	4.288667	4.291519	2.158095	18.500000	20.500000	99.790428	99.305382	99.342690	0	0	1	1	149	1150974
166	1	1	0	0	0	0	0	0	0	0	0	0	0	0	0	4.939927	4.300073	4.285816	4.288667	2.158095	18.500000	20.500000	99.641174	99.268059	99.342690	0	0	1	1	149	1272302
167	0	0	0	1	0	0	0	0	0	0	0	0	0	0	0	4.939927	4.300073	4.288667	4.288667	2.159707	18.750000	20.500000	99.603874	99.268059	99.268059	0	0	1	1	149	1151600
168	1	0	0	0	0	0	0	0	0	0	0	0	0	0	0	4.936703	4.288667	4.287241	4.288667	2.158095	18.750000	20.500000	99.789345	99.415993	99.415993	0	0	1	1	149	1151035
169	0	0	1	0	0	0	0	0	0	0	0	0	0	0	0	4.938315	4.305777	4.291519	4.280113	2.158095	18.750000	20.500000	99.827217	99.304680	99.416656	0	0	0	1	149	1150973
171	1	0	0	0	0	0	0	0	0	0	0	0	0	0	0	4.939927	4.300073	4.285816	4.288667	2.162125	18.750000	20.500000	99.566551	99.268059	99.268059	0	0	0	1	149	1273302
172	2	1	0	0	0	0	0	0	0	0	0	0	0	0	0	4.938315	4.305777	4.288667	4.290093	2.162125	18.750000	20.500000	99.789902	99.379326	99.416656	0	0	0	1	149	1151559
173	1	1	0	1	0	0	0	0	0	0	0	0	0	0	0	4.939927	4.304350	4.287241	4.288667	2.162930	18.750000	20.500000	99.678497	99.268059	99.305382	0	0	0	1	149	1151036
174	0	0	0	0	0	0	0	0	0	0	0	0	0	0	0	4.939927	4.304350	4.287241	4.290093	2.163736	18.750000	20.500000	99.641174	99.268059	99.268059	0	0	0	1	149	1165257
175	2	2	0	0	0	0	0	0	0	0	0	0	0	0	0	4.941538	4.304350	4.287241	4.288667	2.166154	18.750000	20.500000	99.641769	98.933075	98.970383	0	0	1	1	149	1151233
177	0	1	0	0	0	0	0	0	0	0	0	0	0	0	0	4.941538	4.300073	4.285816	4.288667	2.165348	18.750000	20.500000	99.380669	99.119583	99.194176	0	0	1	1	149	1151185
178	0	1	2	0	0	0	0	0	0	0	0	0	0	0	0	4.939927	4.302925	4.285816	4.288667	2.166154	18.750000	20.500000	99.715805	99.268059	99.305382	0	0	1	1	149	1151190
179	2	0	1	0	0	0	0	0	0	0	0	0	0	0	0	4.939927	4.301499	4.287241	4.288667	2.166960	18.750000	20.500000	99.603874	99.230751	99.268059	0	0	1	1	149	1165235
180	3	2	1	0	0	0	0	0	0	0	0	0	0	0	0	4.939927	4.301499	4.285816	4.287241	2.167766	18.750000	20.500000	99.566551	99.268059	98.969566	0	0	1	1	149	1151028
181	0	3	1	0	0	0	0	0	0	0	0	0	0	0	0	4.938315	4.304350	4.285816	4.292944	2.167766	18.750000	20.500000	99.752571	99.416656	99.453979	0	0	1	1	149	1151203
183	0	2	2	0	0	0	0	1	0	0	0	0	0	0	0	4.939927	4.302925	4.285816	4.288667	2.169377	18.750000	20.500000	99.678497	99.268059	99.268059	0	0	1	1	149	1167206
184	2	0	2	1	0	0	1	0	0	0	0	0	0	0	0	4.936703	4.307202	4.275836	4.297222	2.168571	18.750000	20.500000	99.677353	99.415993	99.415993	0	0	1	1	149	1150960
185	0	1	0	1	0	0	0	0	0	0	0	0	0	0	0	4.939927	4.304350	4.288667	4.290093	2.170183	18.750000	21.000000	99.753120	99.305382	99.305382	0	0	1	1	149	1150978
186	1	0	2	0	0	0	0	0	0	0	0	0	0	0	0	4.939927	4.302925	4.287241	4.288667	2.171795	19.000000	21.000000	99.753120	99.268059	99.305382	0	0	1	1	149	1151307
187	2	2	0	2	0	0	0	0	0	0	0	0	0	0	0	4.939927	4.300073	4.285816	4.288667	2.172601	19.000000	21.000000	99.678497	99.268059	99.268059	0	0	1	1	149	1165305
189	2	3	0	0	1	0	0	0	0	0	0	0	0	0	0	4.939927	4.301499	4.285816	4.288667	2.172601	19.000000	21.000000	99.641174	99.268059	99.268059	0	0	1	1	149	1151060
190	1	0	1	1	0	0	0	0	0	0	0	0	0	0	0	4.941538	4.300073	4.285816	4.288667	2.173407	19.000000	21.000000	99.529861	98.821190	99.007675	0	0	1	1	149	1150974
191	1	0	0	1	0	0	0	0	0	0	0	0	0	0	0	4.941538	4.302925	4.288667	4.288667	2.175018	19.000000	21.000000	99.567169	99.231468	99.231468	0	0	1	1	149	1165178
192	0	0	1	2	0	0	0	0	0	0	0	0	0	0	0	4.941538	4.301499	4.287241	4.288667	2.175824	19.000000	21.000000	99.567169	99.231468	99.231468	0	0	1	1	149	1151559
193	1	0	0	0	0	0	0	0	0	0	0	0	0	0	0	4.938315	4.302925	4.290093	4.291519	2.175824	19.000000	21.000000	99.715248	99.379326	99.416656	0	0	1	1	149	1151035
195	1	1	1	2	0	0	0	1	0	0	0	0	0	0	0	4.939927	4.295796	4.285816	4.288667	2.177436	19.000000	21.000000	99.641174	99.268059	99.342690	0	0	0	1	149	1166493
196	0	1	1	2	0	0	0	0	0	0	0	0	0	0	0	4.939927	4.304350	4.290093	4.288667	2.177436	19.000000	21.000000	99.678497	99.268059	99.268059	0	0	0	1	149	1150971
197	0	0	1	0	0	0	0	0	0	0	0	0	0	0	0	4.939927	4.301499	4.284390	4.277261	2.177436	19.000000	21.000000	99.417313	99.006889	98.969566	0	0	0	1	149	1151033
198	0	0	0	0	0	0	0	0	0	0	0	0	0	0	0	4.936703	4.302925	4.288667	4.292944	2.178242	19.000000	21.000000	99.714684	99.415993	99.453339	0	0	0	1	149	1150965
199	0	0	0	0	0	0	0	0	0	0	0	0	0	0	0	4.939927	4.301499	4.272984	4.301499	2.179853	19.000000	21.000000	99.491936	99.268059	99.268059	0	0	1	1	149	1165249
201	1	0	0	0	0	0	0	0	0	0	0	0	0	0	0	4.943151	4.310054	4.285816	4.285816	2.179853	19.000000	21.000000	99.530479	99.194893	99.269463	0	0	1	1	149	1151066
202	4	3	1	2	0	0	0	0	1	0	0	0	0	0	0	4.939927	4.300073	4.287241	4.288667	2.179853	19.000000	21.000000	99.603874	99.230751	99.342690	0	0	1	1	149	1151018
203	2	0	2	1	0	0	0	0	0	0	0	0	0	0	0	4.941538	4.300073	4.285816	4.290093	2.181465	19.000000	21.000000	99.567169	99.231468	99.268776	0	0	1	1	149	1177956
204	1	1	1	0	0	0	0	0	0	0	0	0	0	0	0	4.939927	4.298647	4.285816	4.287241	2.181465	19.000000	21.000000	99.603874	99.380005	99.342690	0	0	1	1	149	1150960
205	1	1	0	1	0	0	0	0	0	0	0	0	0	0	0	4.938315	4.304350	4.288667	4.290093	2.181465	19.000000	21.000000	99.528625	99.342010	99.416656	0	0	1	1	149	1150977
207	1	1	0	1	0	0	0	0	0	0	0	0	0	0	0	4.939927	4.302925	4.285816	4.288667	2.183883	19.250000	21.000000	99.678497	99.230751	99.268059	0	0	1	1	149	1152225
208	2	0	0	1	0	0	0	0	0	0	0	0	0	0	0	4.938315	4.300073	4.285816	4.287241	2.184689	19.250000	21.000000	99.640594	99.267357	99.379326	0	0	1	1	149	1165453
209	1	1	0	0	0	0	0	0	0	0	0	0	0	0	0	4.939927	4.300073	4.285816	4.287241	2.184689	19.250000	21.000000	99.603874	99.268059	99.342690	0	0	1	1	149	1150960
210	1	2	0	2	0	0	0	0	1	0	0	0	0	0	0	4.941538	4.300073	4.287241	4.288667	2.184689	19.250000	21.000000	99.604462	99.194176	99.268776	0	0	1	1	149	1150978
211	2	2	0	0	0	0	0	0	0	0	0	0	0	0	0	4.939927	4.300073	4.285816	4.290093	2.186301	19.250000	21.000000	99.566551	99.268059	99.342690	0	0	1	1	149	1165244
213	1	0	2	1	0	0	0	0	0	0	0	0	0	0	0	4.936703	4.301499	4.288667	4.290093	2.186301	19.250000	21.500000	99.714684	99.378662	99.415993	0	0	1	1	149	1151728
214	1	0	2	0	0	0	0	0	0	0	0	0	0	0	0	4.941538	4.302925	4.284390	4.288667	2.187912	19.250000	21.500000	99.679062	99.306068	99.306068	0	0	1	1	149	1151035
215	0	1	1	1	0	0	0	0	1	0	0	0	0	0	0	4.939927	4.302925	4.288667	4.288667	2.188718	19.250000	21.500000	99.641174	99.230751	99.380005	0	0	1	1	149	1150970
216	1	1	1	1	1	0	0	0	0	0	0	0	0	0	0	4.938315	4.300073	4.285816	4.290093	2.188718	19.250000	21.500000	99.677917	99.304680	99.342010	0	0	1	1	149	1165360
217	0	0	0	0	0	0	0	0	0	0	0	0	0	0	0	4.938315	4.301499	4.290093	4.291519	2.188718	19.250000	21.500000	99.715248	99.379326	99.416656	0	0	1	1	149	1151533
219	2	2	1	0	0	0	0	0	0	0	0	0	0	0	0	4.941538	4.301499	4.285816	4.290093	2.190330	19.250000	21.500000	99.567169	99.231468	99.231468	0	0	1	1	149	1152176
220	2	0	1	2	0	0	0	0	0	0	0	0	0	0	0	4.939927	4.292944	4.275836	4.292944	2.191941	19.250000	21.500000	99.566551	99.268059	99.305382	0	0	1	1	149	1165295
221	0	0	0	2	0	0	0	0	0	0	0	0	0	0	0	4.936703	4.308628	4.282964	4.287241	2.191136	19.250000	21.500000	99.677353	99.266655	99.341316	0	0	1	1	149	1151057
222	1	1	2	0	0	0	0	0	0	0	0	0	0	0	0	4.939927	4.300073	4.285816	4.290093	2.191941	19.250000	21.500000	99.603874	99.268059	99.305382	0	0	1	1	149	1151030
223	1	2	0	2	0	0	0	0	1	0	0	0	0	0	0	4.939927	4.295796	4.285816	4.287241	2.192747	19.250000	21.500000	99.603874	99.268059	99.305382	0	0	1	1	149	1175014
225	1	0	0	3	0	0	0	0	0	0	0	0	0	0	0	4.939927	4.302925	4.287241	4.288667	2.193553	19.250000	21.500000	99.678497	99.268059	99.268059	0	0	1	1	149	1151026
226	0	0	0	0	0	0	0	0	0	0	0	0	0	0	0	4.939927	4.304350	4.288667	4.288667	2.194359	19.250000	21.500000	99.529243	98.969566	99.081512	0	0	1	1	149	1151307
227	0	2	1	0	0	0	0	0	0	0	0	0	0	0	0	4.939927	4.301499	4.287241	4.291519	2.195165	19.250000	21.500000	99.566551	99.268059	99.268059	0	0	1	1	149	1151310
228	2	0	1	0	0	0	0	0	0	0	0	0	0	0	0	4.939927	4.301499	4.288667	4.292944	2.195971	19.500000	21.500000	99.641174	99.342690	99.342690	0	0	1	1	149	1164668
229	1	1	3	0	0	0	0	1	0	0	0	0	0	0	0	4.939927	4.301499	4.288667	4.291519	2.195971	19.500000	21.500000	99.678497	99.342690	99.417313	0	0	1	1	149	1151026
230	2	0	0	1	0	0	1	0	0	0	0	0	0	0	0	4.939927	4.300073	4.285816	4.290093	2.197582	19.500000	21.500000	99.603874	99.342690	99.305382	0	0	1	1	149	1152578
232	0	2	1	1	0	0	0	0	0	0	0	0	0	0	0	4.941538	4.300073	4.287241	4.288667	2.197582	19.500000	21.500000	99.567169	99.231468	99.231468	0	0	1	1	149	1165331
233	1	0	1	0	0	0	0	0	0	0	0	0	0	0	0	4.938315	4.301499	4.285816	4.287241	2.197582	19.500000	21.500000	99.640594	99.379326	99.379326	0	0	1	1	149	1150960
234	2	2	1	0	0	1	0	0	0	0	0	0	0	0	0	4.939927	4.300073	4.285816	4.287241	2.198388	19.500000	21.500000	99.678497	99.305382	99.342690	0	0	1	1	149	1150977
235	0	3	1	0	0	0	0	0	0	0	0	0	0	0	0	4.941538	4.301499	4.285816	4.287241	2.200000	19.500000	21.500000	99.567169	99.306068	99.306068	0	0	1	1	149	1150970
236	1	2	0	0	0	0	0	0	0	0	0	0	0	0	0	4.939927	4.301499	4.287241	4.288667	2.200806	19.500000	21.500000	99.603874	99.268059	99.342690	0	0	1	1	149	1164616
238	0	0	1	1	0	0	0	0	0	0	0	0	0	0	0	4.938315	4.300073	4.285816	4.287241	2.200806	19.500000	21.500000	99.640594	99.304680	99.379326	0	0	1	1	149	1151749
239	0	1	0	2	0	0	0	0	0	0	0	0	0	0	0	4.935091	4.305777	4.281538	4.290093	2.200806	19.500000	21.500000	99.714127	99.377983	99.415337	0	0	1	1	149	1151037
240	0	2	1	1	0	0	0	0	1	0	0	0	0	0	0	4.939927	4.304350	4.271558	4.278687	2.200806	19.500000	21.500000	99.454628	99.230751	99.268059	0	0	1	1	149	1164584
241	2	1	2	1	0	0	0	0	0	0	0	0	0	0	0	4.935091	4.305777	4.291519	4.292944	2.200000	19.500000	21.500000	99.826157	99.452682	99.527382	0	0	1	1	149	1151078
242	0	3	0	3	0	0	0	0	1	0	0	0	0	0	0	4.939927	4.300073	4.285816	4.290093	2.202418	19.500000	22.000000	99.603874	99.268059	99.268059	0	0	1	1	149	1152030
244	1	1	1	1	0	0	0	0	0	0	0	0	0	0	0	4.939927	4.300073	4.285816	4.287241	2.204835	19.500000	22.000000	99.342690	99.342690	99.268059	0	0	1	1	149	1151033
245	2	0	0	0	0	0	0	0	0	0	0	0	0	0	0	4.941538	4.300073	4.285816	4.288667	2.204029	19.500000	22.000000	99.567169	99.194176	99.231468	0	0	1	1	149	1174877
246	0	0	1	0	0	0	0	0	0	0	0	0	0	0	0	4.938315	4.298647	4.285816	4.288667	2.204029	19.500000	22.000000	99.640594	99.304680	99.379326	0	0	1	1	149	1150992
247	1	0	1	1	0	0	0	0	0	0	0	0	0	0	0	4.936703	4.298647	4.287241	4.287241	2.203223	19.500000	22.000000	99.714684	99.341316	99.453339	0	0	1	1	149	1150956
248	1	1	1	1	0	0	0	0	0	0	0	0	0	0	0	4.939927	4.300073	4.285816	4.287241	2.205641	19.500000	22.000000	99.566551	99.268059	99.268059	0	0	1	1	149	1164663
250	1	0	0	0	0	0	0	0	0	0	0	0	0	0	0	4.939927	4.300073	4.288667	4.288667	2.205641	19.500000	22.000000	99.603874	99.230751	99.268059	0	0	1	1	149	1151028
251	0	0	0	1	0	0	0	0	0	0	0	0	0	0	0	4.941538	4.300073	4.288667	4.288667	2.207253	19.500000	22.000000	99.604462	99.306068	99.306068	0	0	1	1	149	1151224
252	0	0	0	0	0	0	0	0	0	0	0	0	0	0	0	4.939927	4.300073	4.284390	4.288667	2.207253	19.500000	22.000000	99.603874	99.006889	99.491936	0	0	1	1	149	1151227
253	1	1	2	2	0	0	0	0	0	0	0	0	0	0	0	4.938315	4.301499	4.278687	4.302925	2.207253	19.500000	22.000000	99.603264	99.416656	99.416656	0	0	1	1	149	1164658
254	2	1	1	1	0	0	0	0	0	0	0	0	0	0	0	4.939927	4.300073	4.285816	4.288667	2.208864	19.750000	22.000000	99.566551	99.268059	99.305382	0	0	1	1	149	1152171
256	1	0	1	0	0	0	0	0	0	0	0	0	0	0	0	4.939927	4.301499	4.288667	4.288667	2.208864	19.750000	22.000000	99.566551	99.230751	99.268059	0	0	1	1	149	1151453
257	1	1	2	1	0	0	0	0	0	0	0	0	0	0	0	4.939927	4.301499	4.287241	4.290093	2.208864	19.750000	22.000000	99.603874	99.268059	99.342690	0	0	1	1	149	1165456
258	1	0	0	1	0	0	0	0	0	0	0	0	0	0	0	4.938315	4.300073	4.288667	4.288667	2.209670	19.750000	22.000000	99.603264	99.230042	99.304680	0	0	1	1	149	1150960
259	0	0	0	1	0	0	0	0	0	0	0	0	0	0	0	4.939927	4.301499	4.288667	4.288667	2.211282	19.750000	22.000000	99.603874	99.342690	99.342690	0	0	1	1	149	1150972
260	0	0	1	2	0	0	0	0	0	1	0	0	0	0	0	4.939927	4.300073	4.285816	4.288667	2.211282	19.750000	22.000000	99.603874	99.268059	99.268059	0	0	1	1	149	1164590
262	3	1	2	0	0	0	0	0	0	0	0	0	0	0	0	4.939927	4.300073	4.284390	4.288667	2.211282	19.750000	22.000000	99.641174	99.268059	99.342690	0	0	0	1	149	1151395
263	0	1	1	0	0	0	0	0	0	0	0	0	0	0	0	4.939927	4.301499	4.288667	4.287241	2.211282	19.750000	22.000000	99.641174	99.342690	99.417313	0	0	0	1	149	1151347
264	1	1	0	0	0	0	0	0	0	0	0	0	0	0	0	4.939927	4.301499	4.285816	4.287241	2.212894	19.750000	22.000000	99.641174	99.268059	99.417313	0	0	0	1	149	1151035
265	0	0	0	1	0	0	0	0	0	0	0	0	0	0	0	4.938315	4.302925	4.290093	4.292944	2.212894	19.750000	22.000000	99.752571	99.416656	99.453979	0	0	0	1	149	1164612
266	1	1	1	0	0	0	0	0	0	0	0	0	0	0	0	4.939927	4.300073	4.285816	4.288667	2.213700	19.750000	22.000000	99.603874	99.268059	99.342690	0	0	0	1	149	1152666
267	0	2	1	1	0	0	0	0	0	0	0	0	0	0	0	4.939927	4.301499	4.287241	4.287241	2.214506	19.750000	22.000000	99.603874	99.230751	99.268059	0	0	0	1	149	1151472
269	0	0	0	0	0	0	0	0	0	0	0	0	0	0	0	4.939927	4.301499	4.287241	4.288667	2.215312	19.750000	22.000000	99.603874	99.156143	99.230751	0	0	0	1	149	1207002
270	0	1	0	0	0	0	0	0	0	0	0	0	0	0	0	4.938315	4.300073	4.285816	4.287241	2.216117	19.750000	22.000000	99.640594	99.342010	99.379326	0	0	0	1	149	1151016
271	0	1	2	0	0	0	0	0	0	0	0	0	0	0	0	4.939927	4.301499	4.288667	4.288667	2.216923	19.750000	22.000000	99.566551	99.230751	99.268059	0	0	1	1	149	1151453
272	0	1	1	0	0	0	0	0	0	0	0	0	0	0	0	4.939927	4.300073	4.285816	4.288667	2.217729	19.750000	22.000000	99.603874	99.268059	99.342690	0	0	1	1	149	1151456
273	1	1	1	2	0	0	0	0	0	0	0	0	0	0	0	4.936703	4.298647	4.290093	4.290093	2.216117	19.750000	22.000000	99.714684	99.341316	99.415993	0	0	1	1	149	1170185
275	1	1	0	0	0	0	0	0	0	0	0	0	0	0	0	4.941538	4.305777	4.290093	4.290093	2.217729	19.750000	22.000000	99.604462	99.306068	99.007675	0	0	1	1	149	1151028
276	0	0	1	3	0	0	0	0	0	0	0	0	0	0	0	4.941538	4.300073	4.288667	4.288667	2.218535	19.750000	22.000000	99.604462	99.306068	99.306068	0	0	1	1	149	1150974
277	1	1	0	2	0	0	1	0	1	0	0	0	0	0	0	4.938315	4.302925	4.290093	4.291519	2.217729	19.750000	22.000000	99.677917	99.304680	99.379326	0	0	1	1	149	1164578
278	0	1	0	0	0	0	0	0	0	0	0	0	0	0	0	4.936703	4.301499	4.288667	4.291519	2.219341	20.000000	22.500000	99.714684	99.415993	99.453339	0	0	1	1	149	1152215
279	0	2	1	1	0	0	0	0	1	0	0	0	0	0	0	4.939927	4.301499	4.287241	4.275836	2.218535	19.750000	22.500000	99.678497	99.268059	99.342690	0	0	1	1	149	1150978
281	0	2	2	1	0	0	0	0	1	0	0	0	0	0	0	4.941538	4.301499	4.287241	4.281538	2.217729	19.750000	22.500000	99.641769	99.119583	99.231468	0	0	1	1	149	1151099
282	2	0	1	0	0	0	0	0	0	0	0	0	0	0	0	4.941538	4.300073	4.288667	4.288667	2.220953	19.750000	22.500000	99.567169	99.231468	98.933075	0	0	1	1	149	1164658
283	0	0	0	0	0	0	0	0	0	0	0	0	0	0	0	4.939927	4.301499	4.285816	4.288667	2.221758	20.000000	22.500000	99.603874	99.305382	99.342690	0	0	1	1	149	1151020
284	2	0	0	0	0	0	0	0	0	0	0	0	0	0	0	4.938315	4.301499	4.290093	4.288667	2.221758	20.000000	22.500000	99.640594	99.304680	99.304680	0	0	1	1	149	1150970
285	0	1	0	0	0	0	0	0	0	0	0	0	0	0	0	4.938315	4.288667	4.277261	4.297222	2.220953	20.000000	22.500000	99.603264	99.304680	99.379326	0	0	1	1	149	1164636
287	1	1	0	1	0	0	0	0	1	0	0	0	0	0	0	4.939927	4.300073	4.285816	4.288667	2.222564	20.000000	22.500000	99.603874	99.342690	99.268059	0	0	1	1	149	1150971
288	2	0	1	3	0	0	0	0	0	0	0	0	0	0	0	4.939927	4.301499	4.285816	4.287241	2.222564	20.000000	22.500000	99.641174	99.268059	99.268059	0	0	1	1	149	1150925
289	0	0	2	1	0	0	0	0	0	0	0	0	0	0	0	4.938315	4.302925	4.288667	4.290093	2.223370	20.000000	22.500000	99.752571	99.379326	99.416656	0	0	1	1	149	1164646
290	0	1	3	0	0	0	0	0	0	0	0	0	0	0	0	4.939927	4.285816	4.278687	4.291519	2.224176	20.000000	22.500000	99.603874	99.230751	99.268059	0	0	1	1	149	1152265
291	2	2	0	1	0	0	0	0	0	0	0	0	0	0	0	4.939927	4.301499	4.285816	4.287241	2.224176	20.000000	22.500000	99.603874	99.268059	99.305382	0	0	1	1	149	1150966
293	1	1	0	0	0	0	0	0	0	0	0	0	0	0	0	4.939927	4.301499	4.287241	4.288667	2.225788	20.000000	22.500000	99.603874	99.230751	99.268059	0	0	1	1	149	1151423
294	1	0	0	1	0	0	0	0	0	0	0	0	0	0	0	4.939927	4.300073	4.287241	4.288667	2.224982	20.000000	22.500000	99.566551	99.230751	99.268059	0	0	1	1	149	1164655
295	1	1	2	2	0	0	0	1	0	0	0	0	0	0	0	4.939927	4.302925	4.288667	4.288667	2.225788	20.000000	22.500000	99.603874	99.230751	99.268059	0	0	1	1	149	1151025
296	0	0	0	0	0	0	0	0	0	0	0	0	0	0	0	4.939927	4.300073	4.285816	4.290093	2.226593	20.000000	22.500000	99.641174	99.268059	99.268059	0	0	1	1	149	1151766
297	0	1	2	0	0	0	0	0	0	0	0	0	0	0	0	4.936703	4.302925	4.288667	4.288667	2.226593	20.000000	22.500000	99.752022	99.341316	99.453339	0	0	1	1	149	1164768
299	1	0	0	1	0	0	0	0	0	0	0	0	0	0	0	4.939927	4.302925	4.284390	4.288667	2.227399	20.000000	22.500000	99.641174	99.268059	99.380005	0	0	1	1	149	1150960
300	1	1	1	0	0	0	0	0	0	0	0	0	0	0	0	4.941538	4.301499	4.287241	4.290093	2.228205	20.000000	22.500000	99.567169	99.231468	99.231468	0	0	1	1	149	1150975
301	2	1	0	0	0	0	0	0	0	0	0	0	0	0	0	4.938315	4.302925	4.288667	4.290093	2.227399	20.000000	22.500000	99.752571	99.080734	99.715248	0	0	1	1	149	1151370
302	1	1	2	0	0	0	0	0	0	0	0	0	0	0	0	4.939927	4.300073	4.285816	4.287241	2.229011	20.000000	22.500000	99.566551	99.268059	99.268059	0	0	1	1	149	1166373
303	0	2	1	0	0	0	0	0	0	0	0	0	0	0	0	4.941538	4.300073	4.285816	4.288667	2.229817	20.000000	22.500000	99.567169	99.231468	99.231468	0	0	1	1	149	1150960
305	0	0	1	0	0	0	0	0	0	0	0	0	0	0	0	4.939927	4.302925	4.287241	4.288667	2.230623	20.000000	22.500000	99.678497	99.230751	99.268059	0	0	1	1	149	1150978
306	2	1	1	2	0	0	0	0	0	0	0	0	0	0	0	4.939927	4.300073	4.284390	4.287241	2.230623	20.000000	22.500000	99.603874	99.268059	99.342690	0	0	1	1	149	1165307
307	0	1	0	1	0	0	0	0	0	0	0	0	0	0	0	4.939927	4.300073	4.285816	4.288667	2.231429	20.000000	22.500000	99.603874	99.268059	99.268059	0	0	1	1	149	1151579
308	0	1	0	1	0	0	0	0	1	0	0	0	0	0	0	4.939927	4.300073	4.284390	4.287241	2.231429	20.000000	22.500000	99.603874	99.268059	99.342690	0	0	1	1	149	1151035
309	0	0	1	0	0	0	0	0	0	0	0	0	0	0	0	4.939927	4.300073	4.285816	4.287241	2.231429	20.000000	22.500000	99.641174	99.230751	99.268059	0	0	1	1	149	1150973
311	0	0	0	0	0	0	0	0	0	0	0	0	0	0	0	4.939927	4.302925	4.285816	4.288667	2.233040	20.250000	22.500000	99.715805	99.268059	99.268059	0	0	1	1	149	1165282
312	1	1	0	2	0	0	1	0	1	0	0	0	0	0	0	4.939927	4.302925	4.288667	4.290093	2.232234	20.000000	22.500000	99.641174	99.268059	99.342690	0	0	1	1	149	1151559
313	0	0	0	0	0	0	0	0	0	0	0	0	0	0	0	4.936703	4.301499	4.290093	4.291519	2.233040	20.250000	22.500000	99.752022	99.378662	99.229324	0	0	1	1	149	1151472
314	0	1	0	2	0	0	0	0	0	0	0	0	0	0	0	4.939927	4.300073	4.285816	4.287241	2.233846	20.250000	22.500000	99.641174	99.268059	99.342690	0	0	0	1	149	1165798
315	0	0	1	1	0	0	0	0	0	0	0	0	0	0	0	4.939927	4.301499	4.288667	4.288667	2.233846	20.250000	22.500000	99.603874	99.230751	99.268059	0	0	0	1	149	1151021
317	3	0	0	0	0	0	0	0	0	0	0	0	0	0	0	4.939927	4.298647	4.274410	4.294370	2.234652	20.250000	22.500000	99.566551	99.268059	99.268059	0	0	0	1	149	1150968
318	0	5	1	0	0	0	0	1	0	0	0	0	0	0	0	4.939927	4.301499	4.280113	4.275836	2.234652	20.250000	23.000000	99.491936	99.230751	99.268059	0	0	0	1	149	1151069
319	0	1	0	0	0	0	0	0	0	0	0	0	0	0	0	4.941538	4.302925	4.285816	4.287241	2.234652	20.250000	23.000000	99.604462	99.231468	98.933075	0	0	0	1	149	1164659
320	2	1	0	1	0	0	0	0	1	0	0	0	0	0	0	4.939927	4.302925	4.285816	4.287241	2.235458	20.250000	23.000000	99.678497	99.268059	99.342690	0	0	1	1	149	1151025
321	0	0	1	0	0	0	0	0	0	0	0	0	0	0	0	4.939927	4.301499	4.285816	4.287241	2.236264	20.250000	23.000000	99.641174	99.268059	99.342690	0	0	1	1	149	1150975
322	1	0	0	1	0	0	0	0	0	0	0	0	0	0	0	4.939927	4.301499	4.287241	4.288667	2.237070	20.250000	23.000000	99.678497	99.230751	99.268059	0	0	1	1	149	1164604
324	1	1	1	1	0	0	0	0	0	0	0	0	0	0	0	4.939927	4.302925	4.284390	4.288667	2.237070	20.250000	23.000000	99.678497	99.268059	99.268059	0	0	1	1	149	1151026
325	0	0	0	0	0	0	0	0	0	0	0	0	0	0	0	4.938315	4.304350	4.288667	4.290093	2.237070	20.250000	23.000000	99.789902	99.416656	99.453979	0	0	1	1	149	1150975
326	0	2	1	0	0	0	0	0	0	0	0	0	0	0	0	4.939927	4.304350	4.288667	4.287241	2.237875	20.250000	23.000000	99.641174	99.230751	99.268059	0	0	1	1	149	1166661
327	3	2	1	0	0	1	0	0	0	0	0	0	0	0	0	4.939927	4.302925	4.285816	4.287241	2.238681	20.250000	23.000000	99.678497	99.268059	99.268059	0	0	1	1	149	1151595
328	0	1	1	2	0	0	0	0	0	0	0	0	0	0	0	4.939927	4.302925	4.287241	4.288667	2.238681	20.250000	23.000000	99.641174	99.268059	99.305382	0	0	1	1	149	1151040
330	1	0	2	1	0	0	0	0	0	0	0	0	0	0	0	4.939927	4.301499	4.285816	4.288667	2.237875	20.250000	23.000000	99.678497	99.268059	99.342690	0	0	1	1	149	1150978
331	0	1	1	4	0	0	0	0	1	0	0	0	0	0	0	4.941538	4.302925	4.285816	4.288667	2.239487	20.250000	23.000000	99.641769	99.231468	99.306068	0	0	1	1	149	1165282
332	1	1	1	1	0	0	0	0	0	0	0	0	0	0	0	4.938315	4.305777	4.287241	4.288667	2.239487	20.250000	23.000000	99.752571	99.342010	99.379326	0	0	1	1	149	1151559
333	1	0	0	0	0	0	0	0	0	0	0	0	0	0	0	4.939927	4.302925	4.287241	4.291519	2.240293	20.250000	23.000000	99.715805	99.305382	99.342690	0	0	1	1	149	1151035
334	2	0	2	3	0	0	0	0	0	0	0	0	0	0	0	4.939927	4.294370	4.275836	4.292944	2.241099	20.250000	23.000000	99.641174	99.268059	99.268059	0	0	1	1	149	1164582
336	1	0	2	0	0	0	0	0	0	0	0	0	0	0	0	4.938315	4.310054	4.284390	4.288667	2.241905	20.250000	23.000000	99.715248	99.267357	99.304680	0	0	1	1	149	1151057
337	0	0	0	2	0	0	0	0	0	0	0	0	0	0	0	4.938315	4.305777	4.291519	4.292944	2.241099	20.250000	23.000000	99.752571	99.342010	99.416656	0	0	1	1	149	1151006
338	0	0	0	0	0	0	0	0	0	0	0	0	0	0	0	4.939927	4.302925	4.288667	4.275836	2.241099	20.250000	23.000000	99.939682	99.118820	99.268059	0	0	1	1	149	1152179
339	1	2	0	1	0	0	0	0	1	0	0	0	0	0	0	4.938315	4.300073	4.285816	4.287241	2.243516	20.250000	23.000000	99.640594	99.304680	99.379326	0	0	1	1	149	1175064
340	1	0	1	0	0	0	0	0	0	0	0	0	0	0	0	4.939927	4.302925	4.285816	4.277261	2.242711	20.250000	23.000000	99.641174	99.230751	99.268059	0	0	1	1	149	1151018
342	1	0	0	1	0	0	1	0	0	0	0	0	0	0	0	4.939927	4.291519	4.274410	4.275836	2.242711	20.250000	23.000000	99.342690	98.932274	99.044197	0	0	0	1	149	1151089
343	0	1	0	1	0	0	0	0	0	0	0	0	0	0	0	4.939927	4.302925	4.287241	4.287241	2.243516	20.250000	23.000000	99.641174	99.230751	99.268059	0	0	0	1	149	1165102
344	0	0	3	1	0	0	0	0	0	0	0	0	0	0	0	4.939927	4.302925	4.284390	4.287241	2.244322	20.250000	23.000000	99.678497	99.268059	99.305382	0	0	0	1	149	1150960
345	2	0	1	0	0	0	0	0	0	0	0	0	0	0	0	4.941538	4.304350	4.285816	4.288667	2.242711	20.250000	23.000000	99.641769	99.194176	99.231468	0	0	1	1	149	1150977
346	1	0	0	0	0	0	0	0	0	0	0	0	0	0	0	4.939927	4.302925	4.285816	4.288667	2.245128	20.250000	23.000000	99.678497	99.268059	99.305382	0	0	1	1	149	1150975
348	0	0	1	1	0	0	0	0	0	0	0	0	0	0	0	4.939927	4.301499	4.285816	4.287241	2.245934	20.500000	23.000000	99.715805	99.268059	99.342690	0	0	1	1	149	1164588
349	1	1	0	3	0	0	0	0	0	0	0	0	0	0	0	4.939927	4.301499	4.290093	4.291519	2.245128	20.250000	23.000000	99.678497	99.268059	99.380005	0	0	1	1	149	1151028
350	3	0	1	2	0	0	0	0	0	0	0	0	0	0	0	4.939927	4.302925	4.287241	4.290093	2.244322	20.250000	23.000000	99.715805	99.268059	99.268059	0	0	1	1	149	1152229
351	1	0	2	2	0	0	0	0	0	0	0	0	0	0	0	4.941538	4.302925	4.285816	4.290093	2.245934	20.500000	23.000000	99.641769	99.231468	99.231468	0	0	1	1	149	1165287
352	1	1	1	0	0	0	0	0	0	0	0	0	0	0	0	4.938315	4.305777	4.288667	4.288667	2.245934	20.500000	23.000000	99.789902	99.304680	99.379326	0	0	1	1	149	1151564
354	1	3	0	2	0	0	0	0	0	0	0	0	0	0	0	4.941538	4.304350	4.288667	4.290093	2.247546	20.500000	23.000000	99.641769	99.194176	99.306068	0	0	1	1	149	1151040
355	0	2	0	0	0	0	0	0	0	0	0	0	0	0	0	4.938315	4.298647	4.272984	4.297222	2.245934	20.500000	23.000000	99.603264	99.304680	99.342010	0	0	1	1	149	1164589
356	1	2	2	2	0	0	0	0	0	0	0	0	0	0	0	4.941538	4.308628	4.285816	4.287241	2.248352	20.500000	23.000000	99.567169	99.231468	99.306068	0	0	1	1	149	1151062
357	1	0	0	0	0	0	0	0	0	0	0	0	0	0	0	4.941538	4.300073	4.290093	4.288667	2.248352	20.500000	23.000000	99.529861	99.231468	99.231468	0	0	1	1	149	1151035
358	1	1	1	4	0	0	0	0	0	0	0	0	0	0	0	4.938315	4.300073	4.288667	4.288667	2.248352	20.500000	23.000000	99.640594	99.304680	99.304680	0	0	1	1	149	1150969
360	0	1	3	0	0	0	0	0	0	0	0	0	0	0	0	4.938315	4.302925	4.288667	4.291519	2.247546	20.500000	23.000000	99.715248	99.342010	99.379326	0	0	1	1	149	1164587
361	2	2	0	2	0	0	0	0	0	0	0	0	0	0	0	4.938315	4.307202	4.292944	4.291519	2.249158	20.500000	23.000000	99.789902	99.416656	99.416656	0	0	1	1	149	1151765
362	2	0	1	0	0	0	0	0	0	0	0	0	0	0	0	4.939927	4.301499	4.288667	4.288667	2.249964	20.500000	23.000000	99.678497	99.342690	99.268059	0	0	1	1	149	1152717
363	0	1	1	1	0	0	0	0	0	1	0	0	0	0	0	4.939927	4.302925	4.288667	4.288667	2.249158	20.500000	23.000000	99.641174	99.268059	99.268059	0	0	1	1	149	1164645
364	1	1	0	3	0	0	0	0	1	0	0	0	0	0	0	4.939927	4.301499	4.288667	4.288667	2.250769	20.500000	23.000000	99.566551	99.305382	99.268059	0	0	1	1	149	1151016
366	1	1	0	0	0	0	0	0	0	0	0	0	0	0	0	4.939927	4.304350	4.288667	4.288667	2.250769	20.500000	23.500000	99.678497	99.268059	99.342690	0	0	0	1	149	1150943
367	0	2	1	0	0	0	0	0	0	0	0	0	0	0	0	4.941538	4.300073	4.288667	4.290093	2.250769	20.500000	23.000000	99.604462	99.306068	99.306068	0	0	0	1	149	1150956
368	0	1	0	0	0	0	0	0	0	0	0	0	0	0	0	4.941538	4.302925	4.290093	4.290093	2.251575	20.500000	23.500000	99.641769	99.306068	99.231468	0	0	0	1	149	1164662
369	0	1	1	1	0	0	0	0	0	0	0	0	0	0	0	4.939927	4.300073	4.288667	4.290093	2.251575	20.500000	23.500000	99.603874	99.230751	99.305382	0	0	1	1	149	1151028
370	1	0	2	2	0	0	0	0	0	0	0	0	0	0	0	4.941538	4.302925	4.288667	4.288667	2.252381	20.500000	23.500000	99.604462	99.194176	99.231468	0	0	1	1	149	1150975
372	1	0	1	0	0	0	0	0	0	0	0	0	0	0	0	4.938315	4.305777	4.288667	4.290093	2.252381	20.500000	23.500000	99.752571	99.304680	99.379326	0	0	1	1	149	1164599
373	0	2	0	0	0	0	0	0	0	0	0	0	0	0	0	4.936703	4.302925	4.290093	4.291519	2.252381	20.500000	23.500000	99.752022	99.341316	99.453339	0	0	1	1	149	1151605
374	4	0	1	0	0	0	0	0	0	0	0	0	0	0	0	4.939927	4.301499	4.288667	4.287241	2.252381	20.500000	23.500000	99.678497	99.268059	99.268059	0	0	1	1	149	1152186
375	1	0	1	0	0	0	0	0	0	0	0	0	0	0	0	4.939927	4.300073	4.287241	4.287241	2.253187	20.500000	23.500000	99.566551	99.118820	99.342690	0	0	1	1	149	1150978
376	1	0	0	2	0	0	0	0	0	0	0	0	0	0	0	4.941538	4.300073	4.287241	4.290093	2.253993	20.500000	23.500000	99.529861	99.231468	99.231468	0	0	1	1	149	1165162
377	0	0	2	1	0	0	0	0	0	0	0	0	0	0	0	4.939927	4.302925	4.285816	4.288667	2.253993	20.500000	23.500000	99.715805	99.230751	99.380005	0	0	1	1	149	1151543
379	1	1	3	1	0	0	0	0	0	0	0	0	0	0	0	4.939927	4.302925	4.285816	4.287241	2.253187	20.500000	23.500000	99.678497	99.268059	99.305382	0	0	1	1	149	1151035
380	0	0	1	2	0	0	0	0	0	0	0	0	0	0	0	4.939927	4.300073	4.285816	4.288667	2.254799	20.500000	23.500000	99.641174	99.268059	99.305382	0	0	1	1	149	1164610
381	0	1	1	0	0	0	0	1	0	0	0	0	0	0	0	4.933480	4.310054	4.284390	4.287241	2.253187	20.750000	23.500000	99.788269	99.414673	99.489395	0	0	1	1	149	1150937
382	1	1	2	1	0	0	0	0	0	0	0	0	0	0	0	4.939927	4.302925	4.287241	4.290093	2.255605	20.750000	23.500000	99.641174	99.268059	99.268059	0	0	0	1	149	1150889
383	2	0	0	1	0	0	0	0	0	0	0	0	0	0	0	4.938315	4.304350	4.290093	4.288667	2.256410	20.750000	23.500000	99.715248	99.342010	99.379326	0	0	0	1	149	1164652
385	1	0	1	4	0	0	0	0	0	0	0	0	0	0	0	4.939927	4.297222	4.280113	4.295796	2.255605	20.750000	23.500000	99.641174	99.342690	99.342690	0	0	0	1	149	1151024
386	0	2	2	1	0	0	0	1	0	0	0	0	0	0	0	4.939927	4.312905	4.282964	4.285816	2.256410	20.750000	23.500000	99.678497	99.268059	99.268059	0	0	0	1	149	1152261
387	0	0	1	0	0	0	0	0	0	0	0	0	0	0	0	4.939927	4.302925	4.288667	4.290093	2.258022	20.750000	23.500000	99.641174	99.268059	99.342690	0	0	0	1	149	1151011
388	0	0	1	0	0	0	0	0	0	0	0	0	0	0	0	4.939927	4.300073	4.285816	4.287241	2.257216	20.750000	23.500000	99.641174	99.268059	99.342690	0	0	0	1	149	1164717
389	1	1	1	0	0	0	0	0	0	0	0	0	0	0	0	4.939927	4.301499	4.288667	4.288667	2.258022	20.750000	23.500000	99.603874	99.268059	99.268059	0	0	0	1	149	1151015
391	0	1	0	0	0	0	0	0	0	0	0	0	0	0	0	4.941538	4.300073	4.285816	4.290093	2.258022	20.750000	23.500000	99.529861	99.194176	99.231468	0	0	1	1	149	1151287
392	1	1	2	1	0	0	0	0	0	0	0	0	0	0	0	4.936703	4.301499	4.288667	4.290093	2.257216	20.750000	23.500000	99.714684	99.378662	99.415993	0	0	1	1	149	1165289
393	1	0	0	2	0	0	0	0	0	0	0	0	0	0	0	4.939927	4.300073	4.285816	4.288667	2.258022	20.750000	23.500000	99.566551	99.230751	99.268059	0	0	1	1	149	1151605
394	1	1	2	0	0	0	0	0	0	0	0	0	0	0	0	4.938315	4.300073	4.284390	4.287241	2.258828	20.750000	23.500000	99.640594	99.267357	99.342010	0	0	1	1	149	1151040
395	1	1	0	0	0	0	0	0	0	0	0	0	0	0	0	4.939927	4.300073	4.285816	4.288667	2.259634	20.750000	23.500000	99.641174	99.230751	99.268059	0	0	1	1	149	1150977
397	0	4	1	0	0	0	0	0	0	0	0	0	0	0	0	4.939927	4.302925	4.288667	4.291519	2.258022	20.750000	23.500000	99.678497	99.342690	99.380005	0	0	1	1	149	1164510
398	0	4	0	0	0	0	0	0	0	0	0	0	0	0	0	4.939927	4.300073	4.285816	4.288667	2.260440	20.750000	23.500000	99.641174	99.230751	99.342690	0	0	1	1	149	1152483
399	2	0	1	1	0	0	0	0	0	0	0	0	0	0	0	4.939927	4.301499	4.285816	4.290093	2.259634	20.750000	23.500000	99.566551	99.268059	99.268059	0	0	1	1	149	1151040
400	0	1	0	1	0	0	0	0	0	0	0	0	0	0	0	4.939927	4.300073	4.285816	4.290093	2.261245	20.750000	23.500000	99.603874	99.268059	99.268059	0	0	1	1	149	1164722
401	0	1	0	0	0	0	0	0	0	0	0	0	0	0	0	4.939927	4.301499	4.285816	4.288667	2.260440	20.750000	23.500000	99.566551	99.230751	99.268059	0	0	1	1	149	1151025
403	2	3	3	1	0	0	0	0	1	0	0	0	0	0	0	4.943151	4.297222	4.285816	4.288667	2.258828	20.750000	23.500000	99.605057	99.269463	99.344040	0	0	1	1	149	1150886
404	0	0	0	0	0	0	0	0	0	0	0	0	0	0	0	4.939927	4.305777	4.287241	4.288667	2.261245	20.750000	23.500000	99.678497	99.342690	99.044197	0	0	1	1	149	1151038
405	0	0	0	1	0	0	0	0	0	0	0	0	0	0	0	4.939927	4.301499	4.287241	4.288667	2.262051	20.750000	23.500000	99.603874	99.193443	99.268059	0	0	1	1	149	1164588
406	0	0	0	0	0	0	0	0	0	0	0	0	0	0	0	4.939927	4.301499	4.287241	4.288667	2.261245	20.750000	23.500000	99.603874	99.268059	99.305382	0	0	1	1	149	1151374
407	0	0	1	2	0	0	0	0	0	0	0	0	0	0	0	4.939927	4.300073	4.287241	4.287241	2.262857	20.750000	23.500000	99.566551	99.268059	99.268059	0	0	1	1	149	1151326
409	0	0	1	0	0	0	0	0	0	0	0	0	0	0	0	4.939927	4.297222	4.278687	4.300073	2.261245	20.750000	23.500000	99.641174	99.342690	99.380005	0	0	1	1	149	1164676
410	1	1	0	3	0	0	0	0	0	0	0	0	0	0	0	4.939927	4.298647	4.287241	4.288667	2.262857	20.750000	23.500000	99.566551	99.230751	99.268059	0	0	1	1	149	1152162
411	1	0	2	1	0	0	0	0	0	0	0	0	0	0	0	4.939927	4.302925	4.288667	4.287241	2.263663	20.750000	23.500000	99.566551	99.230751	99.268059	0	0	1	1	149	1151444
412	1	0	0	0	0	0	0	0	0	0	0	0	0	0	0	4.939927	4.300073	4.287241	4.287241	2.262857	20.750000	23.500000	99.603874	99.268059	99.268059	0	0	1	1	149	1151446
413	1	0	0	0	0	0	0	0	0	0	0	0	0	0	0	4.939927	4.301499	4.284390	4.288667	2.264469	20.750000	23.500000	99.603874	99.193443	99.342690	0	0	0	1	149	1164648
414	1	3	1	0	0	0	0	0	0	0	0	0	0	0	0	4.936703	4.301499	4.288667	4.290093	2.262051	20.750000	23.500000	99.752022	99.341316	99.415993	0	0	1	1	149	1151025
416	1	0	1	1	0	0	0	0	0	0	0	0	0	0	0	4.939927	4.300073	4.285816	4.288667	2.263663	20.750000	23.500000	99.603874	99.268059	99.342690	0	0	1	1	149	1150828
417	2	0	0	0	0	0	0	0	0	0	0	0	0	0	0	4.938315	4.304350	4.287241	4.288667	2.264469	20.750000	23.500000	99.677917	99.304680	99.379326	0	0	1	1	149	1164665
418	0	1	0	1	0	0	0	0	0	0	0	0	0	0	0	4.941538	4.300073	4.285816	4.288667	2.265275	20.750000	23.500000	99.567169	98.970383	99.380669	0	0	1	1	149	1151028
419	0	2	1	0	0	0	0	0	0	0	0	0	0	0	0	4.941538	4.300073	4.287241	4.287241	2.264469	20.750000	23.500000	99.567169	99.231468	99.231468	0	0	1	1	149	1150975
420	1	0	1	2	0	0	0	0	0	0	0	0	0	0	0	4.936703	4.305777	4.291519	4.292944	2.264469	20.750000	23.500000	99.752022	99.341316	99.490669	0	0	1	1	149	1164537
422	1	0	2	0	0	0	0	0	0	0	0	0	0	0	0	4.939927	4.300073	4.285816	4.287241	2.266081	20.750000	23.500000	99.603874	99.268059	99.268059	0	0	1	1	149	1152543
423	0	0	1	1	0	0	0	0	0	0	0	0	0	0	0	4.941538	4.300073	4.287241	4.290093	2.266886	20.750000	23.500000	99.567169	99.194176	99.231468	0	0	1	1	149	1151040
424	1	0	1	1	0	0	0	0	0	0	0	0	0	0	0	4.938315	4.301499	4.281538	4.287241	2.266081	20.750000	23.500000	99.640594	99.267357	99.379326	0	0	1	1	149	1150975
425	2	2	4	1	0	2	0	1	0	0	0	0	0	0	0	4.941538	4.300073	4.274410	4.297222	2.266081	20.750000	23.500000	99.529861	99.231468	99.231468	0	0	1	1	149	1164595
426	0	2	1	1	0	0	0	0	1	0	0	0	0	0	0	4.939927	4.308628	4.281538	4.285816	2.266886	20.750000	23.500000	99.566551	99.268059	99.342690	0	0	1	1	149	1151062
428	1	1	0	2	0	0	1	0	0	0	0	0	0	0	0	4.939927	4.297222	4.284390	4.285816	2.266886	20.750000	24.000000	99.529243	99.230751	99.268059	0	0	1	1	149	1151011
429	0	0	1	0	0	0	0	0	0	0	0	0	0	0	0	4.941538	4.300073	4.272984	4.297222	2.266886	20.750000	24.000000	99.529861	99.231468	99.306068	0	0	1	1	149	1164650
430	1	1	0	2	0	0	0	0	1	0	0	0	0	0	0	4.938315	4.300073	4.287241	4.288667	2.266886	21.000000	24.000000	99.603264	99.304680	99.304680	0	0	1	1	149	1151021
431	0	1	0	0	0	0	0	0	0	0	0	0	0	0	0	4.939927	4.301499	4.285816	4.288667	2.266886	20.750000	24.000000	99.603874	99.230751	99.342690	0	0	1	1	149	1150965
432	2	0	0	1	0	0	0	0	0	0	0	0	0	0	0	4.938315	4.302925	4.290093	4.290093	2.267692	21.000000	24.000000	99.715248	99.379326	99.379326	0	0	1	1	149	1151756
434	0	2	0	0	0	0	0	0	0	0	0	0	0	0	0	4.941538	4.302925	4.288667	4.290093	2.268498	21.000000	24.000000	99.567169	99.231468	99.268776	0	0	1	1	149	1165795
435	0	4	1	2	0	0	0	0	0	0	0	0	0	0	0	4.941538	4.287241	4.275836	4.291519	2.269304	21.000000	24.000000	99.567169	99.194176	99.231468	0	0	1	1	149	1151018
436	1	1	1	0	0	0	0	0	0	0	0	0	0	0	0	4.939927	4.288667	4.277261	4.290093	2.269304	21.000000	24.000000	99.529243	99.230751	99.268059	0	0	1	1	149	1151048
437	2	1	2	1	0	0	0	0	0	0	0	0	0	0	0	4.939927	4.298647	4.285816	4.287241	2.270110	21.000000	24.000000	99.603874	99.268059	99.268059	0	0	1	1	149	1165050
438	0	0	1	0	0	0	0	0	0	0	0	0	0	0	0	4.939927	4.297222	4.285816	4.288667	2.269304	21.000000	24.000000	99.603874	99.268059	99.268059	0	0	1	1	149	1150961
440	1	2	1	0	0	0	0	0	0	0	0	0	0	0	0	4.939927	4.301499	4.285816	4.287241	2.270110	21.000000	24.000000	99.641174	99.268059	99.268059	0	0	1	1	149	1150977
441	1	1	2	1	0	0	0	0	0	0	0	0	0	0	0	4.939927	4.300073	4.285816	4.287241	2.270916	21.000000	24.000000	99.603874	99.230751	99.305382	0	0	1	1	149	1151349
442	0	0	0	1	0	0	0	0	0	0	0	0	0	0	0	4.939927	4.300073	4.288667	4.290093	2.270110	21.000000	24.000000	99.603874	99.230751	99.268059	0	0	1	1	149	1165352
443	1	0	3	0	0	0	0	0	0	0	0	0	0	0	0	4.938315	4.300073	4.288667	4.288667	2.270110	21.000000	24.000000	99.603264	99.304680	99.304680	0	0	1	1	149	1150960
444	0	1	1	0	0	0	0	0	0	0	0	0	0	0	0	4.936703	4.302925	4.290093	4.291519	2.272527	21.000000	24.000000	99.415993	99.453339	99.341316	0	0	1	1	149	1150977
446	0	0	2	0	0	0	0	0	0	0	0	0	0	0	0	4.939927	4.300073	4.284390	4.287241	2.271722	21.000000	24.000000	99.603874	99.268059	99.268059	0	0	1	1	149	1165841
447	0	0	0	0	0	0	0	0	0	0	0	0	0	0	0	4.941538	4.297222	4.272984	4.278687	2.270916	21.000000	24.000000	99.417976	98.933075	98.933075	0	0	1	1	149	1151254
448	1	2	0	2	1	0	0	0	0	0	0	0	0	0	0	4.939927	4.302925	4.285816	4.287241	2.272527	21.000000	24.000000	99.305382	99.491936	99.230751	0	0	1	1	149	1151206
449	2	1	0	2	0	0	0	0	0	0	0	0	0	0	0	4.939927	4.301499	4.287241	4.290093	2.271722	21.000000	24.000000	99.305382	99.566551	99.268059	0	0	1	1	149	1164668
450	0	0	2	1	0	0	0	0	0	0	0	0	0	0	0	4.941538	4.302925	4.287241	4.290093	2.272527	21.000000	24.000000	99.679062	99.231468	99.306068	0	0	1	1	149	1151021
452	1	0	1	3	0	0	0	0	0	0	0	0	0	0	0	4.941538	4.302925	4.285816	4.288667	2.272527	21.000000	24.000000	99.716370	99.231468	99.306068	0	0	1	1	149	1150970
453	2	0	0	0	0	0	0	0	0	0	0	0	0	0	0	4.938315	4.302925	4.287241	4.288667	2.271722	21.000000	24.000000	99.715248	99.267357	99.304680	0	0	1	1	149	1150844
454	1	1	1	0	0	0	0	0	0	0	0	0	0	0	0	4.939927	4.301499	4.285816	4.288667	2.273333	21.000000	24.000000	99.641174	99.268059	99.268059	0	0	1	1	149	1164664
455	2	2	0	0	0	0	0	0	0	0	0	0	0	0	0	4.941538	4.302925	4.284390	4.288667	2.272527	21.000000	24.000000	99.641769	98.933075	99.492569	0	0	1	1	149	1151023
456	0	2	0	0	0	0	0	0	0	0	0	0	0	0	0	4.936703	4.301499	4.288667	4.291519	2.272527	21.000000	24.000000	99.826698	99.453339	99.490669	0	0	1	1	149	1151184
457	1	1	1	0	0	0	0	0	0	0	0	0	0	0	0	4.939927	4.301499	4.285816	4.288667	2.273333	21.000000	24.000000	99.641174	99.230751	99.268059	0	0	1	1	149	1166176
459	2	1	1	0	0	0	0	0	0	0	0	0	0	0	0	4.939927	4.301499	4.288667	4.288667	2.273333	21.000000	24.000000	99.678497	99.342690	99.305382	0	0	0	1	149	1151055
460	1	0	2	0	0	1	0	0	0	0	0	0	0	0	0	4.939927	4.301499	4.288667	4.288667	2.274945	21.000000	24.000000	99.641174	99.230751	98.969566	0	0	0	1	149	1150968
461	1	1	0	0	0	0	0	0	0	0	0	0	0	0	0	4.941538	4.300073	4.290093	4.288667	2.274139	21.000000	24.000000	99.567169	99.194176	99.231468	0	0	0	1	149	1151214
462	1	2	1	2	1	0	0	0	1	0	0	0	0	0	0	4.939927	4.304350	4.285816	4.287241	2.274945	21.000000	24.000000	99.678497	99.268059	99.268059	0	0	0	1	149	1165227
463	2	0	1	0	0	0	0	0	0	0	0	0	0	0	0	4.936703	4.294370	4.275836	4.297222	2.271722	21.000000	24.000000	99.714684	99.341316	99.415993	0	0	0	1	149	1150961
465	1	0	3	2	0	0	0	0	0	0	0	0	0	0	0	4.938315	4.304350	4.287241	4.288667	2.274945	21.000000	24.000000	99.789902	99.304680	99.379326	0	0	1	1	149	1150977
466	0	0	0	1	0	0	0	0	0	0	0	0	0	0	0	4.939927	4.302925	4.287241	4.288667	2.274945	21.000000	24.000000	99.603874	99.268059	99.268059	0	0	1	1	149	1165307
467	1	4	0	3	0	0	1	0	2	0	0	0	0	0	0	4.941538	4.302925	4.287241	4.290093	2.275751	21.000000	24.000000	99.641769	99.231468	99.231468	0	0	1	1	149	1151584
468	1	1	1	0	0	0	0	0	0	0	0	0	0	0	0	4.938315	4.307202	4.288667	4.290093	2.275751	21.000000	24.000000	99.789902	99.416656	99.416656	0	0	1	1	149	1151602
469	0	0	0	0	0	0	0	0	0	0	0	0	0	0	0	4.939927	4.302925	4.285816	4.288667	2.275751	21.000000	24.000000	99.678497	99.268059	99.268059	0	0	1	1	149	1152185
471	1	0	2	2	0	0	0	0	0	0	0	0	0	0	0	4.939927	4.304350	4.287241	4.287241	2.276557	21.000000	24.000000	99.641174	99.230751	99.268059	0	0	1	1	149	1164592
472	0	2	2	0	0	0	0	0	0	0	0	0	0	0	0	4.939927	4.305777	4.285816	4.287241	2.276557	21.000000	24.000000	99.678497	99.268059	98.969566	0	0	1	1	149	1151028
473	1	1	2	1	0	0	0	0	0	1	0	0	0	0	0	4.939927	4.302925	4.285816	4.288667	2.276557	21.000000	24.000000	99.641174	99.268059	99.268059	0	0	1	1	149	1150974
474	0	2	0	0	0	0	0	0	0	0	0	0	0	0	0	4.938315	4.302925	4.288667	4.288667	2.277363	21.000000	24.000000	99.715248	99.304680	99.304680	0	0	1	1	149	1164590
475	0	0	1	2	0	0	0	0	0	0	0	0	0	0	0	4.939927	4.290093	4.280113	4.290093	2.277363	21.000000	24.000000	99.678497	99.268059	99.380005	0	0	1	1	149	1151024
477	1	2	5	3	0	0	1	0	1	0	0	0	0	0	0	4.939927	4.298647	4.285816	4.288667	2.276557	21.000000	24.000000	99.641174	99.268059	99.268059	0	0	1	1	149	1151073
478	1	2	0	1	0	0	0	0	1	0	0	0	0	0	0	4.941538	4.302925	4.285816	4.290093	2.277363	21.000000	24.000000	99.604462	99.231468	99.231468	0	0	1	1	149	1150969
479	1	2	0	0	0	0	0	0	0	0	0	0	0	0	0	4.939927	4.311480	4.285816	4.285816	2.277363	21.000000	24.000000	99.641174	99.230751	99.268059	0	0	1	1	149	1164653
480	0	1	1	1	0	0	0	0	0	0	0	0	0	0	0	4.938315	4.305777	4.291519	4.292944	2.276557	21.000000	24.000000	99.491310	99.640594	99.304680	0	0	1	1	149	1151023
481	1	3	2	1	0	0	0	0	0	0	0	0	0	0	0	4.939927	4.301499	4.287241	4.288667	2.278169	21.000000	24.000000	99.641174	99.268059	99.305382	0	0	0	1	149	1152215
483	0	1	3	0	0	0	0	0	0	0	0	0	0	0	0	4.938315	4.301499	4.285816	4.287241	2.278169	21.000000	24.000000	99.677917	99.304680	99.342010	0	0	0	1	149	1165464
484	0	0	1	2	0	0	0	0	0	0	0	0	0	0	0	4.936703	4.302925	4.287241	4.288667	2.276557	21.000000	24.000000	99.752022	99.415993	99.490669	0	0	0	1	149	1151055
485	0	0	1	0	0	0	0	0	0	0	0	0	0	0	0	4.939927	4.307202	4.287241	4.288667	2.278975	21.000000	24.000000	99.753120	99.268059	99.044197	0	0	0	1	149	1150969
486	0	1	1	1	0	0	0	0	0	0	0	0	0	0	0	4.938315	4.302925	4.287241	4.288667	2.278975	21.000000	24.000000	99.640594	99.304680	99.304680	0	0	1	1	149	1165203
487	1	2	1	3	0	0	0	0	1	0	0	0	0	0	0	4.939927	4.302925	4.287241	4.291519	2.280586	21.250000	24.000000	99.678497	99.268059	99.268059	0	0	1	1	149	1151584
489	2	1	2	0	0	0	0	0	0	0	0	0	0	0	0	4.941538	4.302925	4.285816	4.288667	2.279780	21.000000	24.000000	99.679062	99.231468	99.231468	0	0	1	1	149	1151040
490	0	0	2	0	0	0	0	0	0	0	0	0	0	0	0	4.941538	4.302925	4.285816	4.288667	2.279780	21.000000	24.000000	99.641769	99.194176	99.231468	0	0	1	1	149	1150977
491	1	1	1	1	0	0	0	0	0	0	0	0	0	0	0	4.939927	4.302925	4.287241	4.288667	2.279780	21.250000	24.000000	99.678497	99.268059	99.268059	0	0	1	1	149	1165287
492	1	3	1	0	0	0	0	1	0	0	0	0	0	0	0	4.939927	4.304350	4.288667	4.292944	2.278975	21.000000	24.000000	99.753120	99.305382	99.342690	0	0	1	1	149	1150961
493	0	1	1	2	0	0	0	0	0	0	0	0	0	0	0	4.939927	4.301499	4.270133	4.281538	2.278169	21.000000	24.000000	99.566551	99.268059	99.268059	0	0	1	1	149	1152265
495	1	0	0	0	0	0	0	0	0	0	0	0	0	0	0	4.939927	4.305777	4.288667	4.292944	2.281392	21.250000	24.000000	99.641174	99.268059	99.268059	0	0	1	1	149	1164593
496	1	1	2	1	0	0	0	0	0	0	0	0	0	0	0	4.939927	4.304350	4.285816	4.287241	2.281392	21.250000	24.000000	99.678497	99.268059	99.044197	0	0	1	1	149	1151254
497	1	1	0	0	0	0	0	0	0	0	0	0	0	0	0	4.939927	4.302925	4.285816	4.290093	2.281392	21.250000	24.000000	99.268059	99.454628	99.193443	0	0	1	1	149	1151206
498	1	0	2	0	0	0	0	0	0	0	0	0	0	0	0	4.939927	4.304350	4.287241	4.288667	2.280586	21.250000	24.000000	99.678497	99.268059	99.268059	0	0	1	1	149	1151036
499	1	0	1	3	0	1	0	0	0	0	0	0	0	0	0	4.938315	4.301499	4.287241	4.288667	2.281392	21.250000	24.000000	99.640594	99.304680	99.304680	0	0	1	1	149	1164586
501	1	2	2	1	1	0	0	0	0	0	0	0	0	0	0	4.938315	4.302925	4.290093	4.291519	2.280586	21.250000	24.000000	99.677917	99.304680	99.342010	0	0	1	1	149	1151624
502	0	1	0	0	0	0	0	0	0	0	0	0	0	0	0	4.939927	4.301499	4.285816	4.288667	2.282198	21.250000	24.000000	99.641174	99.268059	99.342690	0	0	1	1	149	1151576
503	0	1	0	1	0	0	0	0	1	0	0	0	0	0	0	4.941538	4.305777	4.287241	4.288667	2.282198	21.250000	24.000000	99.604462	99.194176	99.268776	0	0	1	1	149	1164514
504	1	0	2	0	0	0	0	0	0	0	0	0	0	0	0	4.938315	4.304350	4.288667	4.291519	2.280586	21.250000	24.000000	99.789902	99.379326	99.453979	0	0	1	1	149	1151060
505	1	3	0	2	0	0	0	0	0	0	0	0	0	0	0	4.939927	4.300073	4.285816	4.288667	2.283004	21.250000	24.000000	99.715805	99.268059	99.342690	0	0	1	1	149	1152220
507	0	1	2	0	0	0	0	0	0	0	0	0	0	0	0	4.941538	4.300073	4.288667	4.288667	2.281392	21.250000	24.000000	99.529861	99.231468	99.231468	0	0	1	1	149	1150967
508	2	1	1	0	0	1	0	0	0	0	0	0	0	0	0	4.941538	4.301499	4.287241	4.287241	2.283004	21.250000	24.000000	99.567169	99.156868	99.268776	0	0	0	1	149	1165339
509	1	0	2	2	0	1	0	0	0	0	0	0	0	0	0	4.938315	4.302925	4.287241	4.290093	2.282198	21.250000	24.000000	99.677917	99.304680	99.304680	0	0	0	1	149	1151055
510	0	0	1	0	0	0	0	0	0	0	0	0	0	0	0	4.943151	4.305777	4.287241	4.288667	2.283004	21.250000	24.000000	99.567757	98.971169	98.896599	0	0	1	1	149	1150978
511	0	0	0	0	0	0	0	0	0	0	0	0	0	0	0	4.941538	4.300073	4.287241	4.290093	2.283810	21.250000	24.500000	99.567169	99.231468	99.231468	0	0	1	1	149	1175627
513	0	0	0	1	0	0	0	0	0	0	0	0	0	0	0	4.939927	4.302925	4.285816	4.290093	2.283810	21.250000	24.000000	99.678497	99.268059	99.268059	0	0	1	1	149	1151316
514	0	1	1	0	0	0	0	0	0	0	0	0	0	0	0	4.938315	4.302925	4.285816	4.288667	2.284616	21.250000	24.500000	99.677917	99.304680	99.304680	0	0	1	1	149	1151040
515	0	1	0	4	0	0	0	0	1	0	0	0	0	0	0	4.939927	4.302925	4.285816	4.287241	2.283810	21.250000	24.500000	99.678497	99.193443	99.305382	0	0	1	1	149	1164603
516	0	0	1	0	0	0	0	0	0	0	0	0	0	0	0	4.939927	4.305777	4.290093	4.291519	2.283810	21.250000	24.500000	99.753120	99.342690	99.342690	0	0	1	1	149	1151650
517	0	3	1	1	0	0	0	1	1	0	0	0	0	0	0	4.939927	4.304350	4.287241	4.288667	2.284616	21.250000	24.500000	99.641174	99.230751	99.305382	0	0	1	1	149	1152602
518	1	1	0	1	0	0	0	0	0	0	0	0	0	0	0	4.939927	4.302925	4.287241	4.288667	2.284616	21.250000	24.500000	99.678497	99.230751	99.268059	0	0	1	1	149	1151039
520	0	1	2	2	0	0	0	0	0	0	0	0	0	0	0	4.931868	4.308628	4.282964	4.288667	2.283004	21.250000	24.500000	99.825111	99.488770	99.526138	0	0	1	1	149	1164588
521	1	3	0	0	0	0	0	0	0	0	0	0	0	0	0	4.939927	4.300073	4.285816	4.288667	2.284616	21.250000	24.500000	99.603874	99.230751	99.305382	0	0	1	1	149	1150879
522	2	2	0	0	0	0	0	0	0	0	0	0	0	0	0	4.939927	4.302925	4.285816	4.287241	2.284616	21.250000	24.500000	99.715805	99.268059	99.342690	0	0	1	1	149	1151826
523	1	1	2	0	0	0	0	0	0	0	0	0	0	0	0	4.939927	4.301499	4.285816	4.288667	2.284616	21.250000	24.500000	99.678497	99.230751	99.305382	0	0	1	1	149	1164653
524	1	0	0	1	0	0	0	0	0	0	0	0	0	0	0	4.939927	4.304350	4.285816	4.288667	2.285421	21.250000	24.500000	99.641174	99.230751	99.006889	0	0	1	1	149	1151024
526	3	0	1	0	0	1	0	0	0	0	0	0	0	0	0	4.939927	4.292944	4.278687	4.275836	2.283810	21.250000	24.500000	99.380005	98.969566	98.969566	0	0	1	1	149	1151198
527	0	2	0	0	0	0	0	0	0	0	0	0	0	0	0	4.939927	4.304350	4.285816	4.287241	2.285421	21.250000	24.500000	99.305382	99.454628	99.193443	0	0	1	1	149	1151201
528	0	0	1	0	0	0	0	0	0	0	0	0	0	0	0	4.939927	4.302925	4.288667	4.291519	2.284616	21.250000	24.500000	99.678497	99.342690	99.342690	0	0	1	1	149	1165139
529	0	0	3	0	0	0	0	0	0	0	0	0	0	0	0	4.939927	4.301499	4.287241	4.288667	2.286227	21.250000	24.500000	99.603874	99.230751	99.268059	0	0	1	1	149	1152205
530	1	1	0	1	0	0	0	0	0	0	0	0	0	0	0	4.939927	4.304350	4.274410	4.297222	2.287033	21.250000	24.500000	99.566551	99.268059	99.268059	0	0	1	1	149	1150968
532	1	0	0	0	0	0	0	0	0	0	0	0	0	0	0	4.939927	4.301499	4.288667	4.294370	2.286227	21.250000	24.500000	99.641174	99.305382	99.342690	0	0	1	1	149	1194480
533	0	1	1	1	0	0	0	0	0	0	0	0	0	0	0	4.939927	4.301499	4.285816	4.288667	2.285421	21.250000	24.500000	99.603874	99.268059	99.044197	0	0	0	1	149	1151244
534	0	0	0	1	0	0	0	0	0	0	0	0	0	0	0	4.939927	4.301499	4.285816	4.288667	2.286227	21.250000	24.500000	99.603874	99.230751	99.268059	0	0	0	1	149	1151040
535	1	1	2	1	0	0	0	0	0	0	0	0	0	0	0	4.939927	4.301499	4.287241	4.287241	2.287033	21.250000	24.500000	99.603874	99.268059	99.268059	0	0	1	1	149	1150975
536	0	0	0	0	0	0	0	0	0	0	0	0	0	0	0	4.939927	4.300073	4.285816	4.288667	2.287839	21.250000	24.500000	99.603874	99.230751	99.268059	0	0	1	1	149	1170891
538	1	0	2	0	0	0	0	0	0	0	0	0	0	0	0	4.941538	4.302925	4.288667	4.288667	2.287033	21.250000	24.500000	99.567169	99.194176	99.231468	0	0	1	1	149	1151543
539	1	0	1	0	0	0	0	0	0	0	0	0	0	0	0	4.939927	4.298647	4.285816	4.288667	2.287839	21.250000	24.500000	99.603874	99.230751	99.305382	0	0	1	1	149	1151040
540	1	0	0	0	0	0	0	0	0	0	0	0	0	0	0	4.939927	4.301499	4.290093	4.292944	2.287033	21.250000	24.500000	99.678497	99.342690	99.380005	0	0	1	1	149	1164597
541	3	1	1	0	0	0	0	0	0	0	0	0	0	0	0	4.938315	4.300073	4.284390	4.288667	2.287839	21.250000	24.500000	99.677917	99.304680	99.342010	0	0	1	1	149	1152941
542	0	1	0	0	0	0	0	0	0	0	0	0	0	0	0	4.936703	4.302925	4.288667	4.288667	2.287033	21.250000	24.500000	99.752022	99.415993	99.453339	0	0	1	1	149	1151748
544	1	1	2	0	0	0	0	0	0	0	0	0	0	0	0	4.936703	4.304350	4.284390	4.288667	2.287839	21.250000	24.500000	99.677353	99.341316	99.341316	0	0	1	1	149	1151040
545	0	0	1	1	0	0	0	0	0	0	0	0	0	0	0	4.939927	4.300073	4.274410	4.294370	2.287839	21.250000	24.500000	99.566551	99.268059	99.268059	0	0	1	1	149	1164610
546	0	0	2	1	0	0	0	0	0	0	0	0	0	0	0	4.939927	4.308628	4.284390	4.287241	2.288645	21.250000	24.500000	99.566551	99.230751	99.268059	0	0	1	1	149	1151062
547	2	2	2	1	1	0	0	0	0	0	0	0	0	0	0	4.939927	4.298647	4.285816	4.290093	2.288645	21.250000	24.500000	99.566551	99.268059	99.268059	0	0	1	1	149	1151011
548	1	0	1	1	0	0	0	0	0	0	0	0	0	0	0	4.939927	4.298647	4.285816	4.287241	2.287839	21.250000	24.500000	99.603874	99.230751	99.342690	0	0	1	1	149	1164666
550	1	1	1	2	0	0	0	0	0	1	0	0	0	0	0	4.939927	4.300073	4.284390	4.288667	2.287033	21.250000	24.500000	99.603874	99.268059	99.342690	0	0	1	1	149	1151020
551	1	1	1	2	0	0	0	1	0	0	0	0	0	0	0	4.939927	4.300073	4.285816	4.287241	2.287839	21.250000	24.500000	99.641174	99.230751	99.305382	0	0	1	1	149	1151282
552	0	0	0	0	0	0	0	0	0	0	0	0	0	0	0	4.936703	4.302925	4.288667	4.291519	2.288645	21.250000	24.500000	99.714684	99.341316	99.415993	0	0	0	1	149	1165285
553	0	1	0	1	0	0	0	0	0	0	0	0	0	0	0	4.939927	4.300073	4.285816	4.288667	2.289451	21.250000	24.500000	99.641174	99.268059	99.268059	0	0	0	1	149	1152205
554	1	0	0	0	0	0	0	0	0	0	0	0	0	0	0	4.939927	4.300073	4.285816	4.277261	2.287033	21.250000	24.500000	99.865067	99.156143	99.268059	0	0	0	1	149	1150974
556	0	2	2	1	0	0	0	0	0	0	0	0	0	0	0	4.936703	4.308628	4.282964	4.287241	2.289451	21.250000	24.500000	99.677353	99.303986	99.341316	0	0	0	1	149	1151110
557	1	0	1	0	0	0	0	0	0	0	0	0	0	0	0	4.936703	4.302925	4.288667	4.291519	2.288645	21.250000	24.500000	99.714684	99.341316	99.415993	0	0	0	1	149	1176006
558	2	2	0	2	0	0	1	0	0	0	0	0	0	0	0	4.939927	4.300073	4.285816	4.288667	2.290257	21.250000	24.500000	99.603874	99.230751	99.342690	0	0	0	1	149	1151605
559	0	2	1	1	0	0	0	0	0	0	0	0	0	0	0	4.939927	4.300073	4.285816	4.287241	2.290257	21.250000	24.500000	99.641174	99.230751	99.305382	0	0	0	1	149	1151041
560	1	0	1	0	0	1	0	0	0	0	0	0	0	0	0	4.941538	4.302925	4.287241	4.288667	2.290257	21.250000	24.500000	99.604462	99.194176	99.268776	0	0	1	1	149	1164602
561	2	2	0	2	1	0	0	0	0	0	0	0	0	0	0	4.941538	4.301499	4.285816	4.288667	2.290257	21.250000	24.500000	99.567169	99.231468	99.231468	0	0	1	1	149	1151025
563	0	1	0	0	0	0	0	0	0	0	0	0	0	0	0	4.941538	4.300073	4.288667	4.287241	2.291062	21.250000	24.500000	99.529861	99.231468	99.231468	0	0	1	1	149	1151328
564	0	0	1	1	0	0	0	0	0	0	0	0	0	0	0	4.938315	4.301499	4.288667	4.291519	2.290257	21.250000	24.500000	99.715248	99.304680	99.379326	0	0	1	1	149	1151040
565	3	3	0	2	1	0	0	0	0	0	0	0	0	0	0	4.941538	4.300073	4.287241	4.288667	2.290257	21.250000	24.500000	99.529861	99.156868	99.231468	0	0	1	1	149	1176131
566	2	2	1	0	0	0	0	0	0	0	0	0	0	0	0	4.939927	4.300073	4.284390	4.288667	2.291062	21.250000	24.500000	99.603874	99.230751	99.268059	0	0	1	1	149	1151025
567	0	2	2	0	0	0	0	1	0	0	0	0	0	0	0	4.936703	4.302925	4.288667	4.288667	2.291062	21.500000	24.500000	99.789345	99.415993	99.453339	0	0	1	1	149	1151578
569	1	0	2	1	0	0	0	0	0	0	0	0	0	0	0	4.939927	4.300073	4.285816	4.288667	2.291868	21.250000	24.500000	99.603874	99.268059	99.268059	0	0	1	1	149	1164658
570	3	0	1	2	0	1	0	0	0	0	0	0	0	0	0	4.939927	4.301499	4.285816	4.288667	2.291062	21.250000	24.500000	99.603874	99.230751	99.268059	0	0	1	1	149	1151020
571	0	0	1	0	0	0	0	0	0	0	0	0	0	0	0	4.941538	4.300073	4.285816	4.288667	2.291062	21.250000	24.500000	99.604462	99.231468	99.306068	0	0	1	1	149	1150907
572	1	1	1	0	0	0	0	0	0	0	0	0	0	0	0	4.939927	4.300073	4.287241	4.291519	2.291062	21.250000	24.500000	99.603874	99.268059	99.268059	0	0	1	1	149	1150909
573	0	0	1	1	0	0	0	0	0	1	0	0	0	0	0	4.939927	4.300073	4.285816	4.287241	2.291062	21.250000	24.500000	99.566551	99.230751	99.268059	0	0	1	1	149	1164665
575	0	0	2	0	0	0	0	0	0	0	0	0	0	0	0	4.943151	4.304350	4.287241	4.287241	2.292674	21.250000	24.500000	99.530479	98.822021	99.381340	0	0	1	1	149	1151023
576	1	1	1	1	0	0	0	0	0	0	0	0	0	0	0	4.939927	4.298647	4.288667	4.290093	2.291062	21.250000	24.500000	99.678497	99.342690	99.380005	0	0	1	1	149	1151173
577	2	3	1	2	0	0	0	0	0	0	0	0	0	0	0	4.939927	4.288667	4.295796	4.284390	2.291868	21.250000	24.500000	99.603874	99.268059	99.342690	0	0	0	1	149	1165806
578	0	2	0	0	0	0	0	0	0	0	0	0	0	0	0	4.936703	4.331440	4.284390	4.277261	2.291868	21.500000	24.500000	99.602676	99.341316	99.415993	0	0	0	1	149	1151036
579	0	2	1	0	0	0	0	0	0	0	0	0	0	0	0	4.938315	4.301499	4.285816	4.290093	2.292674	21.500000	24.500000	99.715248	99.342010	99.379326	0	0	0	1	149	1151030
581	2	1	0	2	0	0	0	0	0	0	0	0	0	0	0	4.938315	4.300073	4.285816	4.288667	2.291868	21.500000	24.500000	99.715248	99.304680	99.342010	0	0	0	1	149	1165298
582	0	0	1	0	0	0	0	0	0	0	0	0	0	0	0	4.939927	4.300073	4.287241	4.290093	2.293480	21.500000	24.500000	99.566551	99.268059	99.268059	0	0	0	1	149	1151584
583	0	1	1	0	0	0	0	0	0	0	0	0	0	0	0	4.939927	4.302925	4.287241	4.288667	2.292674	21.500000	24.500000	99.603874	99.193443	99.268059	0	0	0	1	149	1151602
584	0	0	2	0	0	0	0	0	0	0	0	0	0	0	0	4.939927	4.300073	4.285816	4.287241	2.293480	21.500000	24.500000	99.566551	99.268059	99.268059	0	0	0	1	149	1151040
585	2	0	2	1	0	0	0	0	0	0	0	0	0	0	0	4.943151	4.297222	4.287241	4.284390	2.293480	21.500000	24.500000	99.679634	99.194893	99.232185	0	0	1	1	149	1164590
587	0	1	2	2	0	0	0	0	0	0	0	0	0	0	0	4.939927	4.300073	4.287241	4.290093	2.293480	21.500000	24.500000	99.603874	99.268059	99.268059	0	0	1	1	149	1151028
588	0	2	1	2	0	0	0	0	0	1	0	0	0	0	0	4.938315	4.294370	4.275836	4.284390	2.291868	21.500000	24.500000	99.379326	99.155388	98.931450	0	0	1	1	149	1151349
589	0	0	3	0	0	0	0	0	0	0	0	0	0	0	0	4.939927	4.302925	4.285816	4.288667	2.293480	21.500000	24.500000	99.603874	99.230751	99.230751	0	0	1	1	149	1165801
590	1	1	0	0	0	0	0	0	0	0	0	0	0	0	0	4.939927	4.301499	4.287241	4.287241	2.293480	21.500000	24.500000	99.603874	99.230751	99.268059	0	0	1	1	149	1151026
591	1	1	0	0	0	0	0	0	0	0	0	0	0	0	0	4.939927	4.301499	4.288667	4.287241	2.294286	21.500000	24.500000	99.603874	99.268059	99.268059	0	0	1	1	149	1151641
593	0	0	1	0	0	0	0	0	0	0	0	0	0	0	0	4.939927	4.301499	4.287241	4.288667	2.293480	21.500000	24.500000	99.566551	99.193443	99.268059	0	0	1	1	149	1151644
594	1	0	0	0	0	0	0	0	0	0	0	0	0	0	0	4.939927	4.300073	4.285816	4.288667	2.294286	21.500000	24.500000	99.603874	99.230751	99.268059	0	0	1	1	149	1164644
595	0	0	2	0	0	0	0	0	0	0	0	0	0	0	0	4.941538	4.295796	4.285816	4.288667	2.295092	21.500000	24.500000	99.604462	99.231468	99.306068	0	0	1	1	149	1151077
596	0	1	3	0	0	0	0	0	0	0	0	0	0	0	0	4.939927	4.300073	4.285816	4.288667	2.294286	21.500000	24.500000	99.603874	99.230751	99.342690	0	0	0	1	149	1151008
597	0	0	1	1	0	0	0	0	0	0	0	0	0	0	0	4.943151	4.311480	4.284390	4.284390	2.294286	21.500000	24.500000	99.530479	99.194893	99.194893	0	0	0	1	149	1164647
598	0	0	0	0	0	0	0	0	0	0	0	0	0	0	0	4.939927	4.300073	4.285816	4.288667	2.295092	21.500000	24.500000	99.603874	99.193443	99.305382	0	0	0	1	149	1151024
600	1	1	1	0	0	0	0	0	0	0	0	0	0	0	0	4.938315	4.304350	4.290093	4.290093	2.294286	21.500000	24.500000	99.715248	99.304680	99.416656	0	0	0	1	149	1150970
601	0	2	1	1	0	0	0	0	0	0	0	0	0	0	0	4.938315	4.302925	4.288667	4.288667	2.294286	21.500000	24.500000	99.715248	99.304680	99.416656	0	0	0	1	149	1152714
602	0	0	0	1	0	0	0	0	0	0	0	0	0	0	0	4.939927	4.301499	4.285816	4.287241	2.295092	21.500000	24.500000	99.603874	99.268059	99.268059	0	0	0	1	149	1164467
603	0	0	0	1	0	0	0	0	0	0	0	0	0	0	0	4.939927	4.300073	4.288667	4.287241	2.295092	21.500000	24.500000	99.603874	99.230751	99.268059	0	0	0	1	149	1151055
604	1	1	1	1	0	0	0	0	0	0	0	0	0	0	0	4.941538	4.300073	4.285816	4.288667	2.295897	21.500000	24.500000	99.529861	98.933075	98.933075	0	0	0	1	149	1150969
606	1	2	0	4	0	0	1	0	1	0	0	0	0	0	0	4.938315	4.300073	4.288667	4.288667	2.295897	21.500000	24.500000	99.640594	99.267357	99.342010	0	0	1	1	149	1165182
607	3	0	1	0	0	0	0	0	0	0	0	0	0	0	0	4.938315	4.302925	4.290093	4.291519	2.295092	21.500000	24.500000	99.715248	99.304680	99.379326	0	0	1	1	149	1151563
608	0	2	0	1	0	0	0	0	0	0	0	0	0	0	0	4.941538	4.301499	4.287241	4.288667	2.295897	21.500000	24.500000	99.641769	99.306068	99.306068	0	0	1	1	149	1151040
609	1	2	1	0	0	0	0	0	0	0	0	0	0	0	0	4.939927	4.300073	4.271558	4.298647	2.296703	21.500000	24.500000	99.529243	99.268059	99.268059	0	0	1	1	149	1164590
610	0	0	0	0	0	0	0	0	0	0	0	0	0	0	0	4.944762	4.308628	4.284390	4.285816	2.295897	21.500000	24.500000	99.456543	99.121078	99.232903	0	0	1	1	149	1151066
612	0	0	0	1	0	0	0	0	0	0	0	0	0	0	0	4.938315	4.302925	4.288667	4.290093	2.296703	21.500000	24.500000	99.379326	99.416656	99.304680	0	0	1	1	149	1151042
613	2	1	0	0	0	0	0	0	0	0	0	0	0	0	0	4.939927	4.302925	4.280113	4.277261	2.295897	21.500000	24.500000	99.491936	99.230751	99.268059	0	0	1	1	149	1152328
614	2	1	0	0	0	0	0	0	0	0	0	0	0	0	0	4.939927	4.301499	4.285816	4.275836	2.295092	21.500000	24.500000	99.491936	99.193443	99.268059	0	0	1	1	149	1164666
615	0	0	1	1	0	0	0	0	0	0	0	0	0	0	0	4.938315	4.300073	4.288667	4.288667	2.296703	21.500000	24.500000	99.603264	99.267357	99.304680	0	0	1	1	149	1151025
616	0	0	2	0	0	0	0	0	0	0	0	0	0	0	0	4.939927	4.302925	4.288667	4.288667	2.296703	21.500000	24.500000	99.566551	99.268059	99.268059	0	0	1	1	149	1150975
618	3	2	0	0	0	0	0	0	0	0	0	0	0	0	0	4.938315	4.301499	4.287241	4.287241	2.297509	21.500000	24.500000	99.603264	99.267357	99.304680	0	0	1	1	149	1164782
619	1	0	0	0	0	0	0	0	0	0	0	0	0	0	0	4.941538	4.297222	4.287241	4.288667	2.296703	21.500000	24.500000	99.529861	99.194176	99.231468	0	0	1	1	149	1150956
620	1	1	4	1	0	0	0	0	0	0	0	0	0	0	0	4.939927	4.301499	4.285816	4.288667	2.296703	21.500000	24.500000	99.603874	99.230751	99.342690	0	0	1	1	149	1150972
621	1	1	2	2	0	0	0	0	0	1	0	0	0	0	0	4.939927	4.301499	4.287241	4.290093	2.297509	21.500000	24.500000	99.603874	99.305382	99.342690	0	0	1	1	149	1151344
622	1	3	2	1	0	1	0	0	0	0	0	0	0	0	0	4.939927	4.300073	4.285816	4.288667	2.297509	21.500000	24.500000	99.641174	99.230751	99.342690	0	0	1	1	149	1165347
624	1	0	0	1	0	0	0	0	0	0	0	0	0	0	0	4.938315	4.301499	4.288667	4.291519	2.296703	21.500000	24.500000	99.752571	99.379326	99.379326	0	0	1	1	149	1151060
625	0	1	0	1	0	0	0	0	0	0	0	0	0	0	0	4.938315	4.297222	4.285816	4.287241	2.297509	21.500000	24.500000	99.640594	99.267357	99.342010	0	0	1	1	149	1152215
626	0	0	1	0	0	0	0	0	0	0	0	0	0	0	0	4.939927	4.300073	4.284390	4.287241	2.297509	21.500000	24.500000	99.603874	99.268059	99.305382	0	0	1	1	149	1164964
627	1	1	1	0	0	0	0	0	0	0	0	0	0	0	0	4.938315	4.301499	4.287241	4.288667	2.296703	21.500000	24.500000	99.640594	99.267357	99.304680	0	0	1	1	149	1151055
628	1	0	2	0	0	0	0	0	0	0	0	0	0	0	0	4.938315	4.300073	4.288667	4.288667	2.297509	21.500000	24.500000	99.640594	99.304680	99.304680	0	0	0	1	149	1150969
630	0	1	3	0	0	0	0	0	0	0	0	0	0	0	0	4.939927	4.301499	4.285816	4.288667	2.298315	21.500000	24.500000	99.603874	99.268059	99.268059	0	0	1	1	149	1150975
631	0	0	2	0	0	0	0	0	0	0	0	0	0	0	0	4.939927	4.301499	4.285816	4.287241	2.297509	21.500000	24.500000	99.603874	99.230751	99.268059	0	0	1	1	149	1164599
632	2	2	0	2	0	0	0	0	0	0	0	0	0	0	0	4.939927	4.300073	4.285816	4.287241	2.298315	21.500000	24.500000	99.603874	99.230751	99.305382	0	0	1	1	149	1151605
633	1	0	1	2	0	0	0	0	0	0	0	0	0	0	0	4.936703	4.288667	4.288667	4.284390	2.295897	21.500000	25.000000	99.714684	99.341316	99.415993	0	0	1	1	149	1151040
634	1	1	0	0	0	0	0	0	0	0	0	0	0	0	0	4.939927	4.300073	4.285816	4.288667	2.298315	21.500000	24.500000	99.603874	99.268059	99.268059	0	0	1	1	149	1175093
636	1	0	2	1	0	0	0	0	0	0	0	0	0	0	0	4.938315	4.302925	4.288667	4.291519	2.298315	21.500000	25.000000	99.752571	99.453979	99.416656	0	0	1	1	149	1151587
637	0	3	0	0	0	0	0	0	0	0	0	0	0	0	0	4.939927	4.300073	4.285816	4.287241	2.299121	21.500000	25.000000	99.641174	99.305382	99.342690	0	0	1	1	149	1152539
638	1	0	1	0	0	0	0	0	0	0	0	0	0	0	0	4.938315	4.301499	4.285816	4.287241	2.299121	21.500000	25.000000	99.640594	99.267357	99.304680	0	0	1	1	149	1151040
639	0	0	2	0	0	0	0	0	0	0	0	0	0	0	0	4.939927	4.300073	4.285816	4.287241	2.299121	21.500000	25.000000	99.603874	99.268059	99.342690	0	0	1	1	149	1164619
640	0	1	1	3	0	0	0	0	0	0	0	0	0	0	0	4.947986	4.287241	4.290093	4.284390	2.299121	21.500000	25.000000	99.420578	99.048080	99.085327	0	0	1	1	149	1151028
642	1	1	1	2	0	0	0	0	1	0	0	0	0	0	0	4.939927	4.298647	4.285816	4.288667	2.299121	21.500000	25.000000	99.603874	99.230751	99.268059	0	0	1	1	149	1150970
643	0	2	0	2	0	0	0	0	1	0	0	0	0	0	0	4.941538	4.301499	4.287241	4.288667	2.299121	21.500000	25.000000	99.567169	99.231468	99.231468	0	0	1	1	149	1164407
644	1	1	2	0	0	0	0	0	0	0	0	0	0	0	0	4.939927	4.300073	4.288667	4.287241	2.299121	21.500000	25.000000	99.641174	99.342690	99.342690	0	0	1	1	149	1150955
645	0	2	0	0	0	0	0	0	0	0	0	0	0	0	0	4.938315	4.301499	4.285816	4.288667	2.299927	21.500000	25.000000	99.603264	99.230042	99.304680	0	0	1	1	149	1150974
646	0	2	0	0	0	0	0	0	0	0	0	0	0	0	0	4.939927	4.301499	4.285816	4.290093	2.299927	21.500000	25.000000	99.641174	99.305382	99.342690	0	0	1	1	149	1165277
648	0	0	0	0	0	0	0	0	0	0	0	0	0	0	0	4.936703	4.302925	4.290093	4.291519	2.298315	21.500000	25.000000	99.714684	99.415993	99.490669	0	0	1	1	149	1151554
649	4	1	1	3	0	0	1	0	0	0	0	0	0	0	0	4.939927	4.301499	4.285816	4.287241	2.299927	21.500000	25.000000	99.566551	99.193443	99.268059	0	0	1	1	149	1152176
650	0	0	0	2	0	0	0	0	0	0	0	0	0	0	0	4.938315	4.302925	4.282964	4.290093	2.299121	21.500000	25.000000	99.603264	99.304680	99.267357	0	0	1	1	149	1150968
651	1	0	0	3	0	0	0	0	0	0	0	0	0	0	0	4.939927	4.300073	4.285816	4.290093	2.299927	21.500000	25.000000	99.566551	99.230751	99.268059	0	0	1	1	149	1165003
652	1	0	1	5	0	0	0	0	0	0	0	0	0	0	0	4.941538	4.301499	4.288667	4.287241	2.299927	21.500000	25.000000	99.604462	99.231468	99.231468	0	0	1	1	149	1151596
654	1	1	1	0	0	0	0	0	0	0	0	0	0	0	0	4.935091	4.302925	4.288667	4.290093	2.299121	21.500000	25.000000	99.788811	99.377983	99.452682	0	0	1	1	149	1151040
655	0	0	0	1	0	0	0	0	0	0	0	0	0	0	0	4.941538	4.300073	4.285816	4.288667	2.299927	21.500000	25.000000	99.529861	99.194176	99.231468	0	0	1	1	149	1164600
656	1	1	2	0	0	1	0	0	0	0	0	0	0	0	0	4.939927	4.302925	4.287241	4.288667	2.299927	21.500000	25.000000	99.603874	99.268059	99.268059	0	0	1	1	149	1150900
657	0	0	4	0	0	0	0	0	0	0	0	0	0	0	0	4.938315	4.301499	4.287241	4.288667	2.300733	21.500000	25.000000	99.603264	99.267357	99.304680	0	0	1	1	149	1151852
658	0	0	0	3	0	0	0	0	0	0	0	0	0	0	0	4.939927	4.300073	4.285816	4.274410	2.299121	21.500000	25.000000	99.641174	99.230751	99.305382	0	0	1	1	149	1151042
659	0	2	3	0	0	0	0	0	0	0	0	0	0	0	0	4.936703	4.304350	4.281538	4.278687	2.300733	21.500000	25.000000	99.677353	99.341316	99.415993	0	0	1	1	149	1164509
661	0	1	1	1	0	0	0	0	0	0	0	0	0	0	0	4.941538	4.300073	4.280113	4.277261	2.299927	21.500000	25.000000	99.455261	99.194176	99.231468	0	0	1	1	149	1152275
662	2	1	1	0	0	0	0	0	0	0	0	0	0	0	0	4.941538	4.310054	4.285816	4.285816	2.301538	21.500000	25.000000	99.567169	99.194176	99.231468	0	0	1	1	149	1151081
663	1	0	0	1	0	0	0	0	0	0	0	0	0	0	0	4.939927	4.302925	4.288667	4.288667	2.300733	21.500000	25.000000	99.566551	99.268059	99.268059	0	0	1	1	149	1164849
664	1	0	1	1	0	0	0	0	0	0	0	0	0	0	0	4.939927	4.300073	4.287241	4.275836	2.300733	21.500000	25.000000	99.305382	98.820328	98.969566	0	0	1	1	149	1151029
665	1	0	0	3	0	0	0	0	0	0	0	0	0	0	0	4.938315	4.302925	4.290093	4.291519	2.300733	21.500000	25.000000	99.715248	99.453979	99.379326	0	0	1	1	149	1150970
667	0	2	0	2	0	0	0	0	1	0	0	0	0	0	0	4.938315	4.300073	4.285816	4.288667	2.301538	21.500000	25.000000	99.677917	99.304680	99.304680	0	0	1	1	149	1151615
668	0	2	2	0	0	0	0	0	0	0	0	0	0	0	0	4.939927	4.301499	4.285816	4.290093	2.302344	21.500000	25.000000	99.566551	99.268059	99.305382	0	0	1	1	149	1164618
669	2	2	0	4	0	0	0	0	1	0	0	0	0	0	0	4.938315	4.302925	4.288667	4.288667	2.300733	21.500000	25.000000	99.640594	99.304680	99.304680	0	0	1	1	149	1150955
670	1	0	1	2	0	0	0	0	0	0	0	0	0	0	0	4.939927	4.300073	4.290093	4.288667	2.301538	21.500000	25.000000	99.603874	99.268059	99.305382	0	0	1	1	149	1150972
671	0	1	1	0	0	0	0	0	0	0	0	0	0	0	0	4.936703	4.304350	4.292944	4.294370	2.299927	21.500000	25.000000	99.789345	99.528015	99.490669	0	0	1	1	149	1164587
673	0	4	1	0	0	0	0	0	0	0	0	0	0	0	0	4.939927	4.301499	4.288667	4.288667	2.300733	21.500000	25.000000	99.641174	99.305382	99.305382	0	0	0	1	149	1152494
674	0	1	0	1	0	0	0	0	0	0	0	0	0	0	0	4.939927	4.300073	4.285816	4.288667	2.301538	21.500000	25.000000	99.603874	99.268059	99.268059	0	0	0	1	149	1151031
675	0	2	0	0	0	0	0	0	0	0	0	0	0	0	0	4.941538	4.300073	4.290093	4.287241	2.301538	21.500000	25.000000	99.567169	99.268776	99.231468	0	0	0	1	149	1164580
676	1	2	0	1	0	0	0	0	0	0	0	0	0	0	0	4.939927	4.300073	4.288667	4.288667	2.301538	21.500000	25.000000	99.566551	99.230751	99.268059	0	0	0	1	149	1151786
677	1	2	1	0	0	0	0	0	0	0	0	0	0	0	0	4.936703	4.301499	4.287241	4.290093	2.301538	21.500000	25.000000	99.752022	99.415993	99.490669	0	0	0	1	149	1151748
679	0	0	1	0	0	0	0	0	0	0	0	0	0	0	0	4.936703	4.304350	4.284390	4.290093	2.301538	21.500000	25.000000	99.677353	99.341316	99.415993	0	0	0	1	149	1151040
680	1	1	1	2	0	0	0	0	0	0	0	0	0	0	0	4.939927	4.287241	4.287241	4.290093	2.301538	21.500000	25.000000	99.603874	99.268059	99.268059	0	0	1	1	149	1164601
681	2	3	1	0	0	1	0	0	0	0	0	0	0	0	0	4.943151	4.310054	4.285816	4.285816	2.302344	21.500000	25.000000	99.493187	99.157608	99.194893	0	0	1	1	149	1151066
682	2	0	1	3	0	0	0	0	0	0	0	0	0	0	0	4.939927	4.297222	4.285816	4.288667	2.301538	21.500000	25.000000	99.603874	99.230751	99.268059	0	0	1	1	149	1151018
683	1	2	1	1	0	0	0	0	0	0	0	0	0	0	0	4.938315	4.302925	4.290093	4.291519	2.302344	21.500000	25.000000	99.715248	99.304680	99.379326	0	0	1	1	149	1164682
685	0	0	0	1	0	0	0	0	0	0	0	0	0	0	0	4.941538	4.300073	4.288667	4.288667	2.302344	21.500000	25.000000	99.194176	99.455261	99.156868	0	0	1	1	149	1152182
686	0	0	0	0	0	0	0	0	0	0	0	0	0	0	0	4.939927	4.300073	4.285816	4.287241	2.303150	21.500000	25.000000	99.230751	99.454628	99.193443	0	0	1	1	149	1151141
687	1	1	2	2	0	0	0	0	0	0	0	0	0	0	0	4.941538	4.300073	4.282964	4.275836	2.303150	21.500000	25.000000	99.492569	99.306068	99.231468	0	0	1	1	149	1151144
688	0	3	1	1	0	0	0	1	0	0	0	0	0	0	0	4.936703	4.292944	4.274410	4.275836	2.300733	21.500000	25.000000	99.565331	98.967964	99.191978	0	0	1	1	149	1164667
689	1	0	1	0	0	0	0	0	0	0	0	0	0	0	0	4.938315	4.302925	4.288667	4.290093	2.303150	21.500000	25.000000	99.677917	99.304680	99.379326	0	0	1	1	149	1151020
691	2	1	4	1	0	0	0	1	0	0	0	0	0	0	0	4.938315	4.300073	4.285816	4.287241	2.302344	21.500000	25.000000	99.677917	99.304680	99.304680	0	0	1	1	149	1151407
692	0	0	1	0	0	0	0	0	0	0	0	0	0	0	0	4.939927	4.300073	4.287241	4.290093	2.303150	21.500000	25.000000	99.603874	99.268059	99.268059	0	0	0	1	149	1165409
693	2	3	0	0	0	0	0	0	0	0	0	0	0	0	0	4.938315	4.300073	4.285816	4.288667	2.302344	21.500000	25.000000	99.603264	99.267357	99.379326	0	0	0	1	149	1151517
694	2	0	2	0	0	0	0	0	0	0	0	0	0	0	0	4.939927	4.301499	4.287241	4.287241	2.303150	21.500000	25.000000	99.603874	99.230751	99.268059	0	0	0	1	149	1151035
695	1	1	1	0	0	0	0	0	0	0	0	0	0	0	0	4.939927	4.311480	4.285816	4.288667	2.302344	21.500000	25.000000	99.715805	99.342690	99.417313	0	0	0	1	149	1150973
696	1	2	0	0	0	0	0	0	0	0	0	0	0	0	0	4.944762	4.288667	4.297222	4.284390	2.303150	21.500000	25.000000	99.456543	99.158348	99.158348	0	0	0	1	149	1165844
698	0	0	0	1	0	0	0	0	0	0	0	0	0	0	0	4.936703	4.291519	4.280113	4.280113	2.302344	21.500000	25.000000	99.528015	99.490669	99.266655	0	0	0	1	149	1151041
699	0	1	1	2	0	0	0	0	0	0	0	0	0	0	0	4.938315	4.302925	4.290093	4.291519	2.303150	21.500000	25.000000	99.715248	99.304680	99.379326	0	0	0	1	149	1151035
700	0	2	3	1	0	0	0	0	0	0	0	0	0	0	0	4.939927	4.301499	4.285816	4.287241	2.303150	21.500000	25.000000	99.566551	99.230751	99.268059	0	0	0	1	149	1164582
701	0	0	0	1	0	0	0	0	0	0	0	0	0	0	0	4.939927	4.301499	4.288667	4.288667	2.303956	21.500000	25.000000	99.641174	99.380005	99.305382	0	0	1	1	149	1151483
702	2	1	0	0	0	0	0	0	0	0	0	0	0	0	0	4.939927	4.301499	4.287241	4.287241	2.303956	21.500000	25.000000	99.603874	99.230751	99.305382	0	0	1	1	149	1151435
704	0	0	0	0	0	0	0	0	0	0	0	0	0	0	0	4.941538	4.301499	4.285816	4.287241	2.303150	21.500000	25.000000	99.567169	99.194176	99.231468	0	0	1	1	149	1151040
705	1	1	0	1	0	0	0	0	0	0	0	0	0	0	0	4.939927	4.300073	4.285816	4.287241	2.303956	21.500000	25.000000	99.641174	99.268059	99.305382	0	0	1	1	149	1164600
706	1	0	0	0	0	0	0	0	0	0	0	0	0	0	0	4.939927	4.300073	4.285816	4.288667	2.303956	21.500000	25.000000	99.641174	99.268059	99.268059	0	0	1	1	149	1151754
707	0	0	0	0	0	0	0	0	0	0	0	0	0	0	0	4.936703	4.301499	4.290093	4.291519	2.303956	21.750000	25.000000	99.789345	99.415993	99.453339	0	0	1	1	149	1151706
708	2	2	3	0	0	0	0	0	0	0	0	0	0	0	0	4.938315	4.301499	4.285816	4.288667	2.303956	21.750000	25.000000	99.640594	99.267357	99.304680	0	0	1	1	149	1165805
710	0	1	2	0	0	0	0	0	0	0	0	0	0	0	0	4.938315	4.287241	4.288667	4.284390	2.303150	21.500000	25.000000	99.677917	99.379326	99.379326	0	0	1	1	149	1151025
711	2	0	0	0	0	0	0	0	0	0	0	0	0	0	0	4.939927	4.301499	4.285816	4.285816	2.303956	21.500000	25.000000	99.603874	99.230751	99.268059	0	0	1	1	149	1150932
712	1	0	1	0	0	0	0	0	0	0	0	0	0	0	0	4.939927	4.301499	4.287241	4.290093	2.304762	21.750000	25.000000	99.603874	99.230751	99.342690	0	0	1	1	149	1164935
713	1	0	0	0	0	0	0	0	0	0	0	0	0	0	0	4.939927	4.301499	4.288667	4.288667	2.303956	21.500000	25.000000	99.603874	99.268059	99.268059	0	0	1	1	149	1151060
714	0	0	2	1	0	0	0	0	0	0	0	0	0	0	0	4.939927	4.300073	4.287241	4.287241	2.304762	21.750000	25.000000	99.566551	99.230751	99.230751	0	0	1	1	149	1150973
716	1	2	2	1	0	0	0	0	0	0	0	0	0	0	0	4.939927	4.300073	4.285816	4.288667	2.303956	21.500000	25.000000	99.603874	99.268059	99.342690	0	0	1	1	149	1151219
717	3	0	0	1	0	0	0	0	0	0	0	0	0	0	0	4.939927	4.300073	4.288667	4.288667	2.304762	21.750000	25.000000	99.603874	99.268059	99.268059	0	0	1	1	149	1165222
718	1	1	0	1	0	0	0	0	0	0	0	0	0	0	0	4.938315	4.300073	4.287241	4.288667	2.305568	21.750000	25.000000	99.603264	99.304680	99.304680	0	0	1	1	149	1151539
