time	cnt1	cnt2	cnt3	cnt4	1&2	1&3	1&4	2&3	2&4	3&4	1&2&3	1&2&4	1&3&4	2&3&4	1&2&3&4	adcr	adcp1	adcp2	adcp3	adcntc	ntcT	digT	p1	p2	p3	hvstate	pbsstate	ethstate	listpbs	sdstate	looptime
1444466354	0	0	0	4	0	0	0	0	0	0	0	0	0	0	0	4.941538	4.281538	4.271558	4.271558	1.857509	12.500000	16.500000	98.821190	99.082275	98.746590	0	0	1	1	156	1164686
1444466355	2	1	2	1	0	0	0	0	0	0	0	0	0	0	0	4.941538	4.284390	4.275836	4.272984	1.856703	12.500000	16.500000	98.821190	99.119583	98.783882	0	0	1	1	156	1212676
1444466356	0	0	0	1	0	0	0	0	0	0	0	0	0	0	0	4.943151	4.285816	4.274410	4.272984	1.857509	12.500000	16.500000	99.120316	98.822021	98.822021	0	0	1	1	156	1167416
1444466358	2	3	0	0	0	0	0	0	0	0	0	0	0	0	0	4.941538	4.284390	4.272984	4.271558	1.856703	12.500000	16.500000	99.082275	98.858490	98.783882	0	0	1	1	156	1201354
1444466359	1	0	3	0	0	0	0	0	0	0	0	0	0	0	0	4.943151	4.272984	4.260152	4.277261	1.858315	12.500000	16.500000	99.083031	98.896599	98.822021	0	0	1	1	156	1167416
1444466360	2	0	2	1	0	1	0	0	0	0	0	0	0	0	0	4.939927	4.282964	4.271558	4.271558	1.857509	12.500000	16.500000	99.193443	98.894958	98.894958	0	0	1	1	156	1167435
1444466361	1	0	1	1	0	0	0	0	0	0	0	0	0	0	0	4.935091	4.285816	4.275836	4.275836	1.855092	12.500000	16.500000	99.452682	99.228600	99.191254	0	0	1	1	156	1170024
1444466363	1	1	0	2	0	0	0	0	0	0	0	0	0	0	0	4.943151	4.285816	4.274410	4.272984	1.858315	12.500000	16.500000	99.120316	98.523727	99.045746	0	0	1	1	156	1168572
1444466364	0	0	1	0	0	0	0	0	0	0	0	0	0	0	0	4.943151	4.284390	4.272984	4.272984	1.858315	12.500000	16.500000	99.083031	98.822021	98.822021	0	0	1	1	156	1167445
1444466365	0	0	2	0	0	0	0	0	0	0	0	0	0	0	0	4.941538	4.282964	4.270133	4.270133	1.857509	12.500000	16.500000	99.119583	98.933075	98.858490	0	0	1	1	156	1164690
1444466366	1	0	1	0	0	0	0	0	0	0	0	0	0	0	0	4.941538	4.282964	4.271558	4.270133	1.857509	12.500000	16.500000	99.082275	98.858490	98.821190	0	0	1	1	156	1167427
1444466367	0	0	1	0	0	0	0	0	0	0	0	0	0	0	0	4.938315	4.278687	4.265855	4.261578	1.856703	12.500000	16.500000	98.819481	98.968781	98.856796	0	0	1	1	156	1167445
1444466369	0	1	1	0	0	0	0	0	0	0	0	0	0	0	0	4.938315	4.285816	4.268707	4.270133	1.858315	12.500000	16.500000	99.155388	98.931450	98.931450	0	0	1	1	156	1164696
1444466370	0	2	0	0	0	0	0	0	0	0	0	0	0	0	0	4.943151	4.282964	4.271558	4.271558	1.857509	12.500000	16.500000	99.045746	98.822021	98.822021	0	0	1	1	156	1167422
1444466371	0	1	1	0	0	0	0	0	0	0	0	0	0	0	0	4.943151	4.281538	4.272984	4.271558	1.857509	12.500000	16.500000	99.045746	98.747452	98.822021	0	0	1	1	156	1167445
1444466372	2	2	1	0	0	0	0	0	0	0	0	0	0	0	0	4.943151	4.284390	4.271558	4.271558	1.858315	12.500000	16.500000	99.083031	98.822021	98.784737	0	0	1	1	156	1167445
1444466373	1	1	1	0	0	0	0	1	0	0	0	0	0	0	0	4.941538	4.285816	4.272984	4.272984	1.857509	12.500000	16.500000	99.194176	98.970383	98.933075	0	0	1	1	156	1164683
1444466375	4	0	2	1	0	0	1	0	0	0	0	0	0	0	0	4.941538	4.280113	4.270133	4.271558	1.857509	12.500000	16.500000	99.082275	98.858490	98.821190	0	0	1	1	156	1168562
1444466376	2	3	2	1	0	0	0	0	0	0	0	0	0	0	0	4.943151	4.282964	4.272984	4.272984	1.859121	12.500000	16.500000	99.083031	98.822021	98.784737	0	0	1	1	156	1167432
1444466377	0	0	0	0	0	0	0	0	0	0	0	0	0	0	0	4.943151	4.282964	4.272984	4.271558	1.858315	12.500000	16.500000	99.083031	98.822021	98.784737	0	0	1	1	156	1164687
1444466378	0	0	0	1	0	0	0	0	0	0	0	0	0	0	0	4.941538	4.282964	4.271558	4.271558	1.858315	12.500000	16.500000	99.082275	98.858490	98.821190	0	0	1	1	156	1167415
1444466379	0	0	2	1	0	0	0	0	0	0	0	0	0	0	0	4.941538	4.284390	4.272984	4.271558	1.858315	12.500000	16.500000	99.119583	98.821190	98.821190	0	0	1	1	156	1167435
1444466381	0	1	0	1	0	0	0	0	0	0	0	0	0	0	0	4.941538	4.284390	4.272984	4.271558	1.858315	12.500000	16.500000	99.119583	98.821190	98.858490	0	0	1	1	156	1164671
1444466382	1	0	3	0	0	0	0	0	0	0	0	0	0	0	0	4.941538	4.282964	4.274410	4.257301	1.858315	12.500000	16.500000	99.156868	98.783882	98.821190	0	0	1	1	156	1167416
1444466383	0	1	0	0	0	0	0	0	0	0	0	0	0	0	0	4.939927	4.284390	4.274410	4.270133	1.859121	12.500000	16.500000	99.118820	98.857651	98.894958	0	0	1	1	156	1167435
1444466384	2	0	0	1	0	0	0	0	0	0	0	0	0	0	0	4.939927	4.284390	4.272984	4.270133	1.858315	12.500000	16.500000	99.156143	98.857651	98.857651	0	0	1	1	156	1167438
1444466385	1	0	0	1	0	0	0	0	0	0	0	0	0	0	0	4.938315	4.285816	4.275836	4.274410	1.858315	12.500000	16.500000	99.304680	99.080734	99.006096	0	0	1	1	156	1164679
1444466387	0	2	1	3	0	0	0	0	0	0	0	0	0	0	0	4.941538	4.284390	4.272984	4.271558	1.858315	12.500000	16.500000	99.082275	98.821190	98.821190	0	0	1	1	156	1168571
1444466388	0	0	1	2	0	0	0	0	0	0	0	0	0	0	0	4.943151	4.282964	4.258727	4.282964	1.859121	12.500000	16.500000	99.008469	98.822021	98.822021	0	0	1	1	156	1167445
1444466389	3	1	2	0	0	0	0	0	0	0	0	0	0	0	0	4.943151	4.282964	4.260152	4.277261	1.859121	12.500000	16.500000	99.008469	98.822021	98.784737	0	0	1	1	156	1164680
1444466390	0	0	1	0	0	0	0	0	0	0	0	0	0	0	0	4.941538	4.284390	4.272984	4.272984	1.859121	12.500000	16.500000	99.082275	98.821190	98.895782	0	0	1	1	156	1167426
1444466391	0	3	1	0	0	0	0	0	0	0	0	0	0	0	0	4.941538	4.284390	4.272984	4.272984	1.859121	12.500000	16.500000	99.082275	98.821190	98.821190	0	0	1	1	156	1167445
1444466392	1	1	1	1	0	0	0	1	0	0	0	0	0	0	0	4.941538	4.285816	4.272984	4.271558	1.859121	12.500000	16.500000	99.156868	98.858490	98.858490	0	0	1	1	156	1164686
1444466394	0	1	0	0	0	0	0	0	0	0	0	0	0	0	0	4.943151	4.282964	4.271558	4.272984	1.859121	12.500000	16.500000	99.083031	98.822021	98.822021	0	0	1	1	156	1167426
1444466395	0	1	1	2	0	0	0	0	1	0	0	0	0	0	0	4.941538	4.282964	4.271558	4.270133	1.859121	12.500000	16.500000	99.119583	98.709282	98.560097	0	0	1	1	156	1167445
1444466396	2	1	1	1	0	0	0	0	0	0	0	0	0	0	0	4.947986	4.270133	4.260152	4.260152	1.858315	12.500000	16.500000	98.601074	98.377571	98.340324	0	0	1	1	156	1164690
1444466397	0	1	0	0	0	0	0	0	0	0	0	0	0	0	0	4.939927	4.285816	4.275836	4.275836	1.858315	12.500000	16.500000	99.230751	98.969566	98.932274	0	0	1	1	156	1167421
1444466398	4	0	2	1	0	0	0	0	0	0	0	0	0	0	0	4.943151	4.284390	4.274410	4.270133	1.859121	12.500000	16.500000	99.120316	98.784737	98.784737	0	0	1	1	156	1168581
1444466400	0	2	1	0	0	0	0	0	0	0	0	0	0	0	0	4.941538	4.281538	4.271558	4.270133	1.859121	12.500000	16.500000	99.156868	98.858490	98.858490	0	0	1	1	156	1167435
1444466401	0	1	2	2	0	0	0	0	0	0	0	0	0	0	0	4.936703	4.281538	4.271558	4.272984	1.858315	12.500000	16.500000	99.266655	99.042641	98.967964	0	0	1	1	156	1164683
1444466402	2	0	2	0	0	1	0	0	0	0	0	0	0	0	0	4.941538	4.287241	4.274410	4.272984	1.858315	12.500000	16.500000	99.156868	98.597389	98.933075	0	0	1	1	156	1167415
1444466403	0	0	1	2	0	0	0	0	0	0	0	0	0	0	0	4.943151	4.282964	4.271558	4.270133	1.859121	12.500000	16.500000	99.083031	98.822021	98.822021	0	0	1	1	156	1167436
1444466404	0	2	0	1	0	0	0	0	0	0	0	0	0	0	0	4.941538	4.281538	4.270133	4.271558	1.859121	12.500000	16.500000	99.119583	98.821190	98.821190	0	0	1	1	156	1164682
1444466406	0	4	3	0	0	0	0	0	0	0	0	0	0	0	0	4.941538	4.284390	4.272984	4.272984	1.859927	12.500000	16.500000	99.082275	98.821190	98.858490	0	0	1	1	156	1167418
1444466407	1	1	2	1	0	0	0	0	0	0	0	0	0	0	0	4.939927	4.270133	4.260152	4.260152	1.856703	12.500000	16.500000	99.081512	98.894958	98.894958	0	0	1	1	156	1167435
1444466408	2	0	0	1	0	0	0	0	0	0	0	0	0	0	0	4.944762	4.284390	4.267281	4.271558	1.859121	12.500000	16.500000	99.046524	98.822884	98.785599	0	0	1	1	156	1164693
1444466409	0	0	1	0	0	0	0	0	0	0	0	0	0	0	0	4.941538	4.285816	4.278687	4.258727	1.858315	12.500000	16.500000	99.194176	98.858490	98.895782	0	0	1	1	156	1167413
1444466410	0	1	0	1	0	0	0	0	0	0	0	0	0	0	0	4.939927	4.282964	4.271558	4.270133	1.859121	12.500000	16.500000	99.156143	98.969566	98.894958	0	0	1	1	156	1168590
1444466412	1	1	0	0	0	0	0	0	0	0	0	0	0	0	0	4.939927	4.284390	4.272984	4.272984	1.859121	12.500000	16.500000	99.193443	98.969566	98.969566	0	0	1	1	156	1167447
1444466413	0	2	1	2	0	0	0	0	0	0	0	0	0	0	0	4.941538	4.282964	4.274410	4.272984	1.859927	12.500000	16.500000	99.119583	98.858490	98.821190	0	0	1	1	156	1164682
1444466414	1	2	1	2	0	0	0	0	0	0	0	0	0	0	0	4.938315	4.280113	4.270133	4.270133	1.859121	12.500000	16.500000	99.192719	98.931450	98.931450	0	0	1	1	156	1167425
1444466415	0	0	2	0	0	0	0	0	0	0	0	0	0	0	0	4.939927	4.281538	4.272984	4.272984	1.859927	12.500000	16.500000	99.118820	98.894958	98.820328	0	0	1	1	156	1167442
1444466416	0	1	1	0	0	0	0	0	0	0	0	0	0	0	0	4.939927	4.284390	4.271558	4.272984	1.859927	12.500000	16.500000	99.118820	98.894958	98.857651	0	0	1	1	156	1164686
1444466418	1	0	2	0	0	0	0	0	0	0	0	0	0	0	0	4.941538	4.281538	4.271558	4.270133	1.859927	12.500000	16.500000	99.119583	98.858490	98.858490	0	0	1	1	156	1167425
1444466419	1	0	1	0	0	0	0	0	0	0	0	0	0	0	0	4.939927	4.282964	4.271558	4.271558	1.859927	12.500000	16.500000	99.156143	98.894958	98.857651	0	0	1	1	156	1167445
1444466420	0	1	0	3	0	0	0	0	0	0	0	0	0	0	0	4.941538	4.282964	4.271558	4.272984	1.859927	12.500000	16.500000	99.082275	98.858490	98.821190	0	0	1	1	156	1164680
1444466421	0	0	1	0	0	0	0	0	0	0	0	0	0	0	0	4.939927	4.285816	4.275836	4.274410	1.859927	12.500000	16.500000	99.193443	98.969566	98.932274	0	0	1	1	156	1167421
1444466422	0	1	4	0	0	0	0	0	0	0	0	0	0	0	0	4.941538	4.282964	4.272984	4.271558	1.860733	12.500000	16.500000	99.119583	98.858490	98.858490	0	0	1	1	156	1168581
1444466424	1	0	2	2	0	0	0	0	0	1	0	0	0	0	0	4.943151	4.282964	4.274410	4.271558	1.859927	12.500000	16.500000	99.083031	98.822021	98.822021	0	0	1	1	156	1164670
1444466425	0	0	1	1	0	0	0	0	0	0	0	0	0	0	0	4.941538	4.282964	4.271558	4.270133	1.860733	12.500000	16.500000	99.119583	98.858490	98.895782	0	0	1	1	156	1167415
1444466426	1	0	0	0	0	0	0	0	0	0	0	0	0	0	0	4.941538	4.282964	4.271558	4.271558	1.859121	12.500000	16.500000	99.119583	98.933075	98.858490	0	0	1	1	156	1167435
1444466427	0	0	2	0	0	0	0	0	0	0	0	0	0	0	0	4.943151	4.277261	4.258727	4.272984	1.859927	12.500000	16.500000	99.045746	98.784737	98.822021	0	0	1	1	156	1167440
1444466428	1	1	0	1	0	0	0	0	0	0	0	0	0	0	0	4.943151	4.271558	4.261578	4.280113	1.860733	12.500000	16.500000	99.083031	98.822021	98.822021	0	0	1	1	156	1164677
1444466430	1	0	0	0	0	0	0	0	0	0	0	0	0	0	0	4.939927	4.284390	4.271558	4.270133	1.859927	12.500000	16.500000	99.193443	98.857651	98.932274	0	0	1	1	156	1167416
1444466431	2	4	1	1	0	0	0	1	0	0	0	0	0	0	0	4.941538	4.282964	4.271558	4.270133	1.860733	12.500000	16.500000	99.156868	98.858490	98.858490	0	0	1	1	156	1167435
1444466432	1	1	0	0	0	0	0	0	0	0	0	0	0	0	0	4.943151	4.282964	4.272984	4.272984	1.860733	12.500000	16.500000	99.120316	98.896599	98.859314	0	0	1	1	156	1164680
1444466433	2	1	1	1	0	0	0	0	1	0	0	0	0	0	0	4.939927	4.284390	4.274410	4.274410	1.859927	12.500000	16.500000	99.268059	98.969566	99.006889	0	0	1	1	156	1167415
1444466434	1	2	1	0	0	0	0	0	0	0	0	0	0	0	0	4.941538	4.271558	4.275836	4.271558	1.860733	12.500000	16.500000	99.082275	98.858490	98.821190	0	0	1	1	156	1168590
1444466436	1	0	1	1	0	0	0	0	0	0	0	0	0	0	0	4.941538	4.271558	4.277261	4.272984	1.859927	12.500000	16.500000	99.156868	98.858490	98.858490	0	0	1	1	156	1164684
1444466437	0	1	0	2	0	0	0	0	0	0	0	0	0	0	0	4.941538	4.284390	4.274410	4.271558	1.860733	12.500000	16.500000	99.082275	98.895782	98.858490	0	0	1	1	156	1167426
1444466438	2	2	1	1	0	0	0	0	0	0	0	0	0	0	0	4.943151	4.282964	4.271558	4.272984	1.860733	12.500000	16.500000	99.083031	98.784737	98.784737	0	0	1	1	156	1167445
1444466439	1	0	1	1	0	0	0	0	0	0	0	0	0	0	0	4.943151	4.282964	4.271558	4.271558	1.859927	12.500000	16.500000	99.083031	98.822021	98.784737	0	0	1	1	156	1167445
1444466440	0	1	2	0	0	0	0	1	0	0	0	0	0	0	0	4.938315	4.281538	4.272984	4.271558	1.859927	12.500000	16.500000	99.230042	98.968781	98.968781	0	0	1	1	156	1164694
1444466442	1	2	0	1	0	0	0	0	0	0	0	0	0	0	0	4.943151	4.284390	4.274410	4.272984	1.859927	12.500000	16.500000	99.083031	98.486443	99.045746	0	0	1	1	156	1167425
1444466443	1	0	0	0	0	0	0	0	0	0	0	0	0	0	0	4.943151	4.282964	4.271558	4.274410	1.861539	12.500000	16.500000	99.120316	98.822021	98.822021	0	0	1	1	156	1167445
1444466444	2	1	2	0	1	0	0	0	0	0	0	0	0	0	0	4.941538	4.284390	4.272984	4.271558	1.861539	12.500000	16.500000	99.082275	98.783882	98.821190	0	0	1	1	156	1164719
1444466445	0	1	0	1	0	0	0	0	0	0	0	0	0	0	0	4.938315	4.288667	4.277261	4.275836	1.859927	12.500000	16.500000	99.304680	99.043419	99.043419	0	0	1	1	156	1167424
1444466446	2	0	0	1	0	0	0	0	0	0	0	0	0	0	0	4.941538	4.285816	4.272984	4.272984	1.861539	12.500000	16.500000	99.119583	98.858490	98.858490	0	0	1	1	156	1168581
1444466448	0	0	2	0	0	0	0	0	0	0	0	0	0	0	0	4.941538	4.282964	4.271558	4.270133	1.861539	12.500000	16.500000	99.082275	98.821190	98.858490	0	0	1	1	156	1164682
1444466449	0	0	1	1	0	0	0	0	0	0	0	0	0	0	0	4.941538	4.282964	4.272984	4.272984	1.861539	12.500000	16.500000	98.746590	99.082275	98.709282	0	0	1	1	156	1167415
1444466450	0	0	0	1	0	0	0	0	0	0	0	0	0	0	0	4.941538	4.282964	4.272984	4.270133	1.861539	12.500000	16.500000	99.119583	98.821190	98.821190	0	0	1	1	156	1167435
1444466451	0	1	0	2	0	0	0	0	0	0	0	0	0	0	0	4.941538	4.284390	4.271558	4.270133	1.861539	12.500000	16.500000	99.119583	98.858490	98.858490	0	0	1	1	156	1164682
1444466452	0	1	1	3	0	0	0	0	0	0	0	0	0	0	0	4.941538	4.282964	4.272984	4.270133	1.861539	12.500000	16.500000	99.082275	98.821190	98.821190	0	0	1	1	156	1167418
1444466454	2	0	0	1	0	0	0	0	0	0	0	0	0	0	0	4.941538	4.280113	4.271558	4.271558	1.861539	12.500000	16.500000	99.082275	98.821190	98.821190	0	0	1	1	156	1167435
1444466455	1	2	1	2	0	0	0	0	0	0	0	0	0	0	0	4.943151	4.281538	4.272984	4.272984	1.861539	12.500000	16.500000	99.083031	98.822021	98.784737	0	0	1	1	156	1167432
1444466456	1	0	2	2	0	0	0	0	0	0	0	0	0	0	0	4.941538	4.282964	4.272984	4.271558	1.861539	12.500000	16.500000	99.082275	98.858490	98.783882	0	0	1	1	156	1164705
1444466457	1	1	1	0	0	0	0	0	0	0	0	0	0	0	0	4.939927	4.285816	4.274410	4.272984	1.861539	12.500000	16.500000	99.230751	98.969566	99.006889	0	0	1	1	156	1167415
1444466458	0	0	1	2	0	0	0	0	0	0	0	0	0	0	0	4.941538	4.284390	4.271558	4.272984	1.861539	12.500000	16.500000	99.082275	98.821190	98.858490	0	0	1	1	156	1168593
1444466460	1	1	2	0	0	0	0	0	0	0	0	0	0	0	0	4.941538	4.285816	4.271558	4.271558	1.861539	12.500000	16.500000	99.156868	98.821190	98.821190	0	0	1	1	156	1164682
1444466461	0	1	0	0	0	0	0	0	0	0	0	0	0	0	0	4.941538	4.282964	4.271558	4.271558	1.861539	12.500000	16.500000	99.194176	98.858490	98.858490	0	0	1	1	156	1167426
1444466462	2	1	0	3	0	0	0	0	0	0	0	0	0	0	0	4.941538	4.282964	4.272984	4.271558	1.861539	12.500000	16.500000	99.119583	98.858490	98.858490	0	0	1	1	156	1167445
1444466463	0	2	0	3	0	0	0	0	1	0	0	0	0	0	0	4.941538	4.285816	4.272984	4.271558	1.862344	12.500000	16.500000	99.156868	98.858490	98.821190	0	0	1	1	156	1164677
1444466464	0	0	1	0	0	0	0	0	0	0	0	0	0	0	0	4.941538	4.282964	4.271558	4.270133	1.862344	12.500000	16.500000	99.119583	98.858490	98.858490	0	0	1	1	156	1167425
1444466466	0	3	0	0	0	0	0	0	0	0	0	0	0	0	0	4.939927	4.285816	4.271558	4.270133	1.862344	12.500000	16.500000	99.230751	98.894958	98.894958	0	0	1	1	156	1167444
1444466467	0	1	0	2	0	0	0	0	0	0	0	0	0	0	0	4.943151	4.282964	4.257301	4.280113	1.862344	12.500000	16.500000	99.008469	98.822021	98.822021	0	0	1	1	156	1167445
1444466468	1	0	0	2	0	0	0	0	0	0	0	0	0	0	0	4.943151	4.285816	4.258727	4.280113	1.862344	12.500000	16.500000	99.120316	98.822021	98.822021	0	0	1	1	156	1164682
1444466469	1	1	1	1	0	0	0	0	0	0	0	0	0	0	0	4.939927	4.287241	4.274410	4.274410	1.862344	12.500000	16.500000	98.932274	98.932274	98.894958	0	0	1	1	156	1167421
1444466470	1	0	0	1	0	0	0	0	0	0	0	0	0	0	0	4.941538	4.285816	4.270133	4.271558	1.863150	12.500000	16.500000	99.194176	98.858490	98.858490	0	0	1	1	156	1168581
1444466472	2	1	2	0	0	0	0	0	0	0	0	0	0	0	0	4.941538	4.282964	4.271558	4.271558	1.863150	12.500000	16.500000	99.082275	98.858490	98.821190	0	0	1	1	156	1164680
1444466473	0	0	0	1	0	0	0	0	0	0	0	0	0	0	0	4.943151	4.285816	4.271558	4.271558	1.863150	12.500000	16.500000	99.157608	98.822021	98.822021	0	0	1	1	156	1167415
1444466474	0	0	2	0	0	0	0	0	0	0	0	0	0	0	0	4.943151	4.272984	4.278687	4.267281	1.863150	12.500000	16.500000	99.232185	98.822021	98.859314	0	0	1	1	156	1167435
1444466475	1	1	0	0	0	0	0	0	0	0	0	0	0	0	0	4.946374	4.274410	4.281538	4.267281	1.862344	12.500000	16.500000	99.084572	98.823723	98.823723	0	0	1	1	156	1164669
1444466476	1	2	0	2	0	0	0	0	1	0	0	0	0	0	0	4.943151	4.287241	4.272984	4.271558	1.863150	12.500000	16.500000	99.120316	98.822021	98.784737	0	0	1	1	156	1167416
1444466478	1	0	1	0	0	0	0	0	0	0	0	0	0	0	0	4.943151	4.285816	4.272984	4.271558	1.862344	12.500000	16.500000	99.120316	98.822021	98.747452	0	0	1	1	156	1167435
1444466479	2	1	2	0	0	0	0	0	0	0	0	0	0	0	0	4.939927	4.287241	4.272984	4.271558	1.863150	12.500000	16.500000	99.193443	98.894958	98.857651	0	0	1	1	156	1164588
1444466480	2	0	2	0	0	1	0	0	0	0	0	0	0	0	0	4.936703	4.271558	4.258727	4.263004	1.860733	12.500000	16.500000	99.453339	98.893288	98.893288	0	0	1	1	156	1167416
1444466481	1	1	1	1	0	0	0	0	1	0	0	0	0	0	0	4.943151	4.288667	4.264430	4.270133	1.862344	12.500000	16.500000	99.120316	98.896599	98.896599	0	0	1	1	156	1167432
1444466482	0	0	0	1	0	0	0	0	0	0	0	0	0	0	0	4.943151	4.287241	4.272984	4.271558	1.863956	12.500000	16.500000	99.120316	98.822021	98.822021	0	0	1	1	156	1168590
1444466484	0	4	1	1	0	0	0	0	1	0	0	0	0	0	0	4.941538	4.285816	4.271558	4.271558	1.863150	12.500000	16.500000	99.119583	98.560097	98.560097	0	0	1	1	156	1164830
1444466485	0	3	0	0	0	0	0	0	0	0	0	0	0	0	0	4.939927	4.288667	4.274410	4.272984	1.863150	12.500000	16.500000	99.342690	98.969566	98.969566	0	0	1	1	156	1167426
1444466486	0	2	0	1	0	0	0	0	0	0	0	0	0	0	0	4.941538	4.288667	4.272984	4.272984	1.863150	12.500000	16.500000	99.194176	98.858490	98.821190	0	0	1	1	156	1151586
1444466487	1	0	0	1	0	0	0	0	0	0	0	0	0	0	0	4.943151	4.282964	4.271558	4.271558	1.863150	12.500000	16.500000	99.157608	98.747452	98.859314	0	0	1	1	156	1164627
1444466488	0	3	2	0	0	0	0	0	0	0	0	0	0	0	0	4.941538	4.284390	4.271558	4.271558	1.863956	12.500000	16.500000	99.156868	98.895782	98.821190	0	0	1	1	156	1167423
1444466490	3	1	0	0	0	0	0	0	0	0	0	0	0	0	0	4.941538	4.285816	4.270133	4.270133	1.863150	12.500000	16.500000	99.194176	98.858490	98.895782	0	0	1	1	156	1167444
1444466491	0	0	0	1	0	0	0	0	0	0	0	0	0	0	0	4.941538	4.272984	4.278687	4.272984	1.863150	12.500000	16.500000	99.156868	98.858490	98.858490	0	0	1	1	156	1199197
1444466492	1	1	1	0	0	0	0	0	0	0	0	0	0	0	0	4.943151	4.288667	4.270133	4.271558	1.863150	12.500000	16.500000	99.120316	98.859314	98.784737	0	0	1	1	156	1167426
1444466493	1	1	2	4	0	0	0	0	0	0	0	0	0	0	0	4.939927	4.288667	4.274410	4.277261	1.863150	12.500000	16.500000	99.305382	98.969566	98.969566	0	0	1	1	156	1167445
1444466495	1	2	0	1	0	0	0	0	1	0	0	0	0	0	0	4.939927	4.288667	4.274410	4.272984	1.863150	12.500000	16.500000	99.268059	98.932274	98.932274	0	0	1	1	156	1165843
1444466496	2	0	0	1	0	0	0	0	0	0	0	0	0	0	0	4.941538	4.284390	4.271558	4.272984	1.863956	12.500000	16.500000	99.119583	98.783882	98.858490	0	0	1	1	156	1167416
1444466497	1	0	0	1	0	0	0	0	0	0	0	0	0	0	0	4.943151	4.292944	4.268707	4.268707	1.863150	12.500000	16.500000	99.120316	98.822021	98.822021	0	0	1	1	156	1167435
1444466498	1	0	0	0	0	0	0	0	0	0	0	0	0	0	0	4.943151	4.285816	4.271558	4.270133	1.862344	12.500000	16.500000	99.194893	98.822021	98.859314	0	0	1	1	156	1167432
1444466499	2	0	0	0	0	0	0	0	0	0	0	0	0	0	0	4.939927	4.287241	4.271558	4.272984	1.863150	12.500000	16.500000	98.857651	98.559158	98.559158	0	0	1	1	156	1164680
1444466501	1	1	0	0	0	0	0	0	0	0	0	0	0	0	0	4.938315	4.287241	4.272984	4.277261	1.863150	12.500000	16.500000	99.304680	99.006096	98.968781	0	0	1	1	156	1167416
1444466502	2	0	0	0	0	0	0	0	0	0	0	0	0	0	0	4.943151	4.288667	4.271558	4.274410	1.863956	12.500000	16.500000	99.157608	98.747452	98.859314	0	0	1	1	156	1167435
1444466503	1	3	1	1	1	0	0	0	0	0	0	0	0	0	0	4.939927	4.288667	4.271558	4.271558	1.863956	12.500000	16.500000	99.193443	98.894958	98.857651	0	0	1	1	156	1175112
1444466504	4	0	0	0	0	0	0	0	0	0	0	0	0	0	0	4.941538	4.285816	4.272984	4.271558	1.863956	12.500000	16.500000	99.156868	98.821190	98.821190	0	0	1	1	156	1167419
1444466505	0	0	2	2	0	0	0	0	0	0	0	0	0	0	0	4.938315	4.288667	4.275836	4.275836	1.863150	12.500000	16.500000	99.416656	99.080734	99.043419	0	0	1	1	156	1167435
1444466507	1	2	2	0	0	0	0	0	0	0	0	0	0	0	0	4.939927	4.288667	4.272984	4.272984	1.863956	12.500000	16.500000	99.193443	98.894958	98.820328	0	0	1	1	156	1165844
1444466508	2	3	1	1	0	0	1	0	0	0	0	0	0	0	0	4.939927	4.284390	4.271558	4.271558	1.864762	12.750000	16.500000	98.894958	98.671089	98.820328	0	0	1	1	156	1167425
1444466509	2	3	0	2	0	0	0	0	0	0	0	0	0	0	0	4.943151	4.287241	4.271558	4.271558	1.864762	12.500000	16.500000	99.157608	98.747452	98.784737	0	0	1	1	156	1167444
1444466510	3	0	1	3	0	0	1	0	0	0	0	0	0	0	0	4.936703	4.288667	4.272984	4.272984	1.863150	12.500000	16.500000	99.341316	99.042641	99.005310	0	0	1	1	156	1167447
1444466511	0	0	1	0	0	0	0	0	0	0	0	0	0	0	0	4.941538	4.285816	4.271558	4.270133	1.863956	12.500000	16.500000	99.194176	98.895782	98.858490	0	0	1	1	156	1174952
1444466513	0	0	0	1	0	0	0	0	0	0	0	0	0	0	0	4.941538	4.285816	4.271558	4.270133	1.863956	12.500000	16.500000	99.194176	98.933075	98.895782	0	0	1	1	156	1167425
1444466514	1	1	1	1	0	0	0	0	0	0	0	0	0	0	0	4.941538	4.272984	4.278687	4.272984	1.863956	12.500000	16.500000	99.194176	98.858490	98.821190	0	0	1	1	156	1167444
1444466515	0	0	0	1	0	0	0	0	0	0	0	0	0	0	0	4.941538	4.272984	4.272984	4.272984	1.864762	12.500000	16.500000	99.156868	98.858490	98.858490	0	0	1	1	156	1164702
1444466516	0	0	2	1	0	0	0	0	0	0	0	0	0	0	0	4.943151	4.287241	4.272984	4.270133	1.864762	12.500000	16.500000	99.120316	98.822021	98.784737	0	0	1	1	156	1167425
1444466517	2	0	1	0	0	1	0	0	0	0	0	0	0	0	0	4.939927	4.288667	4.272984	4.274410	1.863956	12.500000	16.500000	99.305382	98.932274	99.006889	0	0	1	1	156	1167440
1444466519	0	0	0	1	0	0	0	0	0	0	0	0	0	0	0	4.941538	4.287241	4.271558	4.270133	1.865568	12.750000	16.500000	99.156868	98.858490	98.858490	0	0	1	1	156	1165824
1444466520	2	1	0	1	0	0	1	0	0	0	0	0	0	0	0	4.941538	4.285816	4.271558	4.270133	1.864762	12.500000	16.500000	99.156868	98.821190	98.858490	0	0	1	1	156	1167416
1444466521	0	0	0	0	0	0	0	0	0	0	0	0	0	0	0	4.941538	4.295796	4.268707	4.268707	1.864762	12.500000	16.500000	99.156868	98.858490	98.858490	0	0	1	1	156	1167435
1444466522	0	1	0	3	0	0	0	0	1	0	0	0	0	0	0	4.943151	4.292944	4.268707	4.270133	1.864762	12.500000	16.500000	99.120316	98.822021	98.784737	0	0	1	1	156	1164727
1444466523	0	1	0	1	0	0	0	0	0	0	0	0	0	0	0	4.939927	4.285816	4.268707	4.271558	1.864762	12.750000	16.500000	99.230751	98.820328	98.857651	0	0	1	1	156	1167413
1444466525	0	1	3	3	0	0	0	0	0	0	0	0	0	0	0	4.939927	4.285816	4.271558	4.270133	1.864762	12.750000	16.500000	99.230751	98.932274	98.894958	0	0	1	1	156	1167435
1444466526	2	0	1	1	0	0	0	0	0	0	0	0	0	0	0	4.941538	4.285816	4.271558	4.272984	1.865568	12.750000	16.500000	99.156868	98.858490	98.821190	0	0	1	1	156	1167435
1444466527	0	0	1	1	0	0	0	0	0	0	0	0	0	0	0	4.941538	4.287241	4.271558	4.270133	1.864762	12.500000	16.500000	99.156868	98.858490	98.858490	0	0	1	1	156	1164690
1444466528	2	0	0	2	0	0	0	0	0	0	0	0	0	0	0	4.941538	4.287241	4.272984	4.271558	1.865568	12.750000	16.500000	98.821190	99.044983	98.709282	0	0	1	1	156	1167415
1444466529	1	2	2	1	1	0	0	0	1	0	0	0	0	0	0	4.939927	4.287241	4.275836	4.274410	1.863956	12.500000	16.500000	99.268059	98.932274	98.857651	0	0	1	1	156	1167435
1444466531	2	0	0	1	0	0	0	0	0	0	0	0	0	0	0	4.941538	4.285816	4.271558	4.271558	1.865568	12.750000	16.500000	99.194176	98.858490	98.821190	0	0	1	1	156	1165826
1444466532	2	1	2	1	0	0	1	0	0	0	0	0	0	0	0	4.941538	4.284390	4.271558	4.271558	1.864762	12.500000	16.500000	99.194176	98.895782	98.821190	0	0	1	1	156	1167426
1444466533	2	3	0	0	0	0	0	0	0	0	0	0	0	0	0	4.939927	4.285816	4.272984	4.272984	1.864762	12.750000	16.500000	99.193443	98.820328	98.894958	0	0	1	1	156	1167445
1444466534	3	0	1	0	0	0	0	0	0	0	0	0	0	0	0	4.941538	4.287241	4.271558	4.272984	1.864762	12.500000	16.500000	99.194176	98.821190	98.858490	0	0	1	1	156	1164687
1444466535	1	0	1	1	0	0	0	0	0	0	0	0	0	0	0	4.943151	4.285816	4.270133	4.274410	1.866374	12.750000	16.500000	98.896599	98.822021	98.784737	0	0	1	1	156	1167425
1444466537	1	1	0	0	0	0	0	0	0	0	0	0	0	0	0	4.941538	4.285816	4.272984	4.272984	1.866374	12.750000	16.500000	99.156868	98.858490	98.821190	0	0	1	1	156	1167444
1444466538	1	0	0	2	0	0	1	0	0	0	0	0	0	0	0	4.939927	4.284390	4.270133	4.270133	1.865568	12.750000	16.500000	99.230751	98.894958	98.894958	0	0	1	1	156	1167447
1444466539	0	3	1	3	0	0	0	0	2	0	0	0	0	0	0	4.938315	4.288667	4.272984	4.274410	1.863956	12.500000	16.500000	99.304680	98.894127	98.968781	0	0	1	1	156	1164679
1444466540	1	2	0	0	1	0	0	0	0	0	0	0	0	0	0	4.943151	4.285816	4.271558	4.272984	1.865568	12.500000	16.500000	99.157608	98.784737	98.859314	0	0	1	1	156	1167426
1444466541	1	1	1	1	0	0	0	0	0	0	0	0	0	0	0	4.941538	4.294370	4.274410	4.271558	1.864762	12.500000	16.500000	99.231468	98.858490	98.933075	0	0	1	1	156	1167440
1444466543	2	2	1	1	0	0	0	0	0	0	0	0	0	0	0	4.944762	4.288667	4.270133	4.271558	1.864762	12.500000	16.500000	99.121078	98.748329	98.785599	0	0	1	1	156	1177893
1444466544	1	0	0	0	0	0	0	0	0	0	0	0	0	0	0	4.943151	4.285816	4.271558	4.270133	1.863956	12.500000	16.500000	99.083031	98.747452	98.747452	0	0	1	1	156	1167413
1444466545	0	1	0	2	0	0	0	0	1	0	0	0	0	0	0	4.941538	4.285816	4.268707	4.270133	1.865568	12.750000	16.500000	99.231468	98.821190	98.933075	0	0	1	1	156	1167435
1444466546	1	1	1	3	0	0	0	1	0	0	0	0	0	0	0	4.939927	4.288667	4.274410	4.275836	1.864762	12.750000	16.500000	99.230751	98.932274	98.969566	0	0	1	1	156	1164663
1444466547	2	3	0	2	0	0	0	0	0	0	0	0	0	0	0	4.941538	4.285816	4.271558	4.271558	1.866374	12.750000	16.500000	99.194176	98.858490	98.858490	0	0	1	1	156	1167416
1444466549	2	1	1	0	0	0	0	0	0	0	0	0	0	0	0	4.941538	4.285816	4.271558	4.274410	1.864762	12.500000	16.500000	99.119583	98.746590	98.858490	0	0	1	1	156	1167435
1444466550	0	3	1	3	0	0	0	0	1	0	0	0	0	0	0	4.939927	4.287241	4.271558	4.270133	1.864762	12.750000	16.500000	99.044197	98.783020	98.820328	0	0	1	1	156	1164683
1444466551	0	2	2	0	0	0	0	0	0	0	0	0	0	0	0	4.941538	4.287241	4.270133	4.270133	1.866374	12.750000	16.500000	99.156868	98.783882	98.821190	0	0	1	1	156	1167415
1444466552	1	1	0	1	0	0	0	0	0	0	0	0	0	0	0	4.938315	4.287241	4.271558	4.274410	1.864762	12.750000	16.500000	99.342010	98.931450	98.968781	0	0	1	1	156	1167439
1444466553	0	1	0	2	0	0	0	0	0	0	0	0	0	0	0	4.939927	4.290093	4.275836	4.275836	1.866374	12.750000	16.500000	99.305382	98.969566	98.932274	0	0	1	1	156	1167435
1444466555	0	1	1	0	0	0	0	0	0	0	0	0	0	0	0	4.941538	4.284390	4.271558	4.271558	1.865568	12.750000	16.500000	99.194176	98.895782	98.858490	0	0	1	1	156	1165826
1444466556	2	0	2	1	0	0	0	0	0	0	0	0	0	0	0	4.939927	4.281538	4.267281	4.260152	1.864762	12.750000	16.500000	99.044197	98.671089	98.596466	0	0	1	1	156	1167425
1444466557	0	1	1	1	0	0	0	0	0	1	0	0	0	0	0	4.941538	4.285816	4.274410	4.274410	1.866374	12.750000	16.500000	99.231468	98.895782	98.895782	0	0	1	1	156	1167445
1444466558	0	1	0	3	0	0	0	0	1	0	0	0	0	0	0	4.941538	4.287241	4.271558	4.270133	1.866374	12.750000	16.500000	99.194176	98.858490	98.858490	0	0	1	1	156	1164704
1444466559	0	0	1	0	0	0	0	0	0	0	0	0	0	0	0	4.941538	4.285816	4.270133	4.271558	1.866374	12.750000	16.500000	99.119583	98.783882	98.821190	0	0	1	1	156	1167428
1444466561	2	2	0	0	0	0	0	0	0	0	0	0	0	0	0	4.939927	4.282964	4.270133	4.272984	1.866374	12.750000	16.500000	99.156143	98.932274	98.969566	0	0	1	1	156	1167445
1444466562	1	1	0	3	0	0	0	0	0	0	0	0	0	0	0	4.941538	4.282964	4.272984	4.272984	1.867180	12.750000	16.500000	99.119583	98.858490	98.858490	0	0	1	1	156	1164681
1444466563	1	1	2	0	0	1	0	0	0	0	0	0	0	0	0	4.943151	4.284390	4.272984	4.271558	1.867180	12.750000	16.500000	99.045746	98.747452	98.784737	0	0	1	1	156	1167426
1444466564	0	1	0	1	0	0	0	0	0	0	0	0	0	0	0	4.943151	4.287241	4.271558	4.270133	1.867180	12.750000	16.500000	99.120316	98.822021	98.784737	0	0	1	1	156	1167445
1444466565	2	1	1	1	0	1	0	0	1	0	0	0	0	0	0	4.939927	4.288667	4.271558	4.272984	1.866374	12.750000	16.500000	99.305382	98.894958	98.932274	0	0	1	1	156	1167440
1444466567	0	0	1	1	0	0	0	0	0	0	0	0	0	0	0	4.939927	4.282964	4.271558	4.270133	1.866374	12.750000	16.500000	99.118820	98.894958	98.894958	0	0	1	1	156	1165836
1444466568	1	1	2	0	0	0	0	0	0	0	0	0	0	0	0	4.939927	4.284390	4.268707	4.270133	1.866374	12.750000	16.500000	99.118820	98.820328	98.894958	0	0	1	1	156	1167415
1444466569	0	2	0	0	0	0	0	0	0	0	0	0	0	0	0	4.944762	4.284390	4.270133	4.274410	1.867180	12.750000	16.500000	99.121078	98.561943	98.524689	0	0	1	1	156	1167436
1444466570	1	0	0	1	0	0	0	0	0	0	0	0	0	0	0	4.944762	4.282964	4.270133	4.270133	1.866374	12.500000	16.500000	99.046524	98.450134	98.450134	0	0	1	1	156	1164669
1444466571	0	0	1	0	0	0	0	0	0	0	0	0	0	0	0	4.943151	4.285816	4.272984	4.270133	1.866374	12.750000	16.500000	99.157608	98.784737	98.784737	0	0	1	1	156	1167416
1444466573	1	1	0	1	0	0	0	0	0	0	0	0	0	0	0	4.941538	4.285816	4.271558	4.271558	1.866374	12.750000	16.500000	99.194176	98.895782	98.858490	0	0	1	1	156	1167435
1444466574	0	0	3	0	0	0	0	0	0	0	0	0	0	0	0	4.943151	4.282964	4.271558	4.271558	1.867180	12.750000	16.500000	99.083031	98.859314	98.822021	0	0	1	1	156	1164680
1444466575	0	0	1	0	0	0	0	0	0	0	0	0	0	0	0	4.941538	4.270133	4.281538	4.267281	1.866374	12.750000	16.500000	99.119583	98.858490	98.821190	0	0	1	1	156	1167415
1444466576	1	2	2	1	0	0	0	1	0	0	0	0	0	0	0	4.941538	4.285816	4.270133	4.275836	1.866374	12.750000	16.500000	99.231468	98.783882	98.895782	0	0	1	1	156	1167436
1444466577	2	1	1	0	0	0	0	0	0	0	0	0	0	0	0	4.939927	4.287241	4.272984	4.278687	1.865568	12.750000	16.500000	99.603874	98.932274	98.969566	0	0	1	1	156	1164669
1444466579	3	1	0	1	0	0	0	0	1	0	0	0	0	0	0	4.943151	4.281538	4.271558	4.274410	1.867180	12.750000	16.500000	99.083031	98.859314	98.859314	0	0	1	1	156	1168571
1444466580	0	0	2	0	0	0	0	0	0	0	0	0	0	0	0	4.941538	4.285816	4.272984	4.270133	1.867180	12.750000	16.500000	99.194176	98.783882	98.858490	0	0	1	1	156	1167448
1444466581	0	0	1	1	0	0	0	0	0	0	0	0	0	0	0	4.939927	4.284390	4.267281	4.270133	1.866374	12.750000	16.500000	99.156143	98.969566	98.857651	0	0	1	1	156	1167445
1444466582	3	1	2	1	0	0	0	0	0	0	0	0	0	0	0	4.938315	4.290093	4.271558	4.271558	1.867985	12.750000	16.500000	99.230042	98.968781	98.894127	0	0	1	1	156	1164683
1444466583	0	0	0	3	0	0	0	0	0	0	0	0	0	0	0	4.941538	4.285816	4.271558	4.271558	1.867985	12.750000	16.500000	99.194176	98.858490	98.821190	0	0	1	1	156	1167423
1444466585	0	0	2	1	0	0	0	0	0	0	0	0	0	0	0	4.941538	4.285816	4.272984	4.271558	1.867985	12.750000	16.500000	99.156868	98.858490	98.821190	0	0	1	1	156	1167445
1444466586	0	0	0	2	0	0	0	0	0	0	0	0	0	0	0	4.938315	4.287241	4.272984	4.272984	1.867180	12.750000	16.500000	99.304680	98.931450	99.006096	0	0	1	1	156	1164698
1444466587	0	0	0	1	0	0	0	0	0	0	0	0	0	0	0	4.943151	4.284390	4.275836	4.277261	1.867180	12.750000	16.500000	99.120316	98.896599	98.859314	0	0	1	1	156	1167425
1444466588	0	0	3	1	0	0	0	0	0	0	0	0	0	0	0	4.941538	4.285816	4.274410	4.272984	1.867180	12.750000	16.500000	98.895782	98.783882	98.783882	0	0	1	1	156	1167445
1444466589	1	0	0	0	0	0	0	0	0	0	0	0	0	0	0	4.935091	4.278687	4.282964	4.274410	1.865568	12.750000	16.500000	99.340637	99.116554	99.079208	0	0	1	1	156	1164694
1444466591	0	1	0	0	0	0	0	0	0	0	0	0	0	0	0	4.941538	4.287241	4.272984	4.271558	1.867180	12.750000	16.500000	99.231468	98.709282	98.933075	0	0	1	1	156	1168665
1444466592	5	2	0	1	0	0	0	0	1	0	0	0	0	0	0	4.943151	4.288667	4.272984	4.272984	1.867985	12.750000	16.500000	99.120316	98.784737	98.747452	0	0	1	1	156	1167435
1444466593	0	2	0	1	0	0	0	0	0	0	0	0	0	0	0	4.944762	4.282964	4.274410	4.271558	1.867985	12.750000	16.500000	99.083794	98.860153	98.822884	0	0	1	1	156	1167437
1444466594	0	1	2	1	0	0	0	0	0	0	0	0	0	0	0	4.941538	4.287241	4.268707	4.270133	1.867985	12.750000	16.500000	99.156868	98.821190	98.821190	0	0	1	1	156	1164695
1444466595	3	1	1	0	0	0	0	0	0	0	0	0	0	0	0	4.938315	4.271558	4.264430	4.263004	1.865568	12.750000	16.500000	99.304680	98.856796	98.931450	0	0	1	1	156	1167416
1444466597	1	2	1	2	0	0	0	0	0	0	0	0	0	0	0	4.943151	4.288667	4.274410	4.275836	1.867985	12.750000	16.500000	99.157608	98.859314	98.822021	0	0	1	1	156	1167432
1444466598	2	1	1	1	0	0	0	0	0	0	0	0	0	0	0	4.941538	4.285816	4.271558	4.272984	1.867985	12.750000	16.500000	99.156868	98.933075	98.821190	0	0	1	1	156	1164682
1444466599	1	1	2	1	0	0	0	0	0	0	0	0	0	0	0	4.941538	4.284390	4.271558	4.271558	1.868791	12.750000	16.500000	99.194176	98.858490	98.858490	0	0	1	1	156	1167416
1444466600	0	0	1	1	0	0	0	0	0	1	0	0	0	0	0	4.941538	4.285816	4.271558	4.271558	1.867985	12.750000	16.500000	99.156868	98.895782	98.821190	0	0	1	1	156	1167435
1444466601	2	1	1	1	0	0	0	0	0	0	0	0	0	0	0	4.939927	4.285816	4.271558	4.274410	1.867180	12.750000	16.500000	99.230751	98.932274	98.969566	0	0	1	1	156	1164671
1444466603	0	0	1	0	0	0	0	0	0	0	0	0	0	0	0	4.941538	4.280113	4.272984	4.271558	1.867985	12.750000	16.500000	99.119583	98.933075	98.858490	0	0	1	1	156	1168571
1444466604	0	0	0	0	0	0	0	0	0	0	0	0	0	0	0	4.941538	4.284390	4.270133	4.271558	1.867985	12.750000	16.500000	99.119583	98.895782	98.858490	0	0	1	1	156	1167442
1444466605	0	0	0	0	0	0	0	0	0	0	0	0	0	0	0	4.941538	4.285816	4.271558	4.270133	1.867985	12.750000	16.500000	99.194176	98.858490	98.933075	0	0	1	1	156	1164609
1444466606	2	1	0	2	0	0	0	0	0	0	0	0	0	0	0	4.941538	4.282964	4.270133	4.270133	1.867985	12.750000	16.500000	99.156868	98.858490	98.933075	0	0	1	1	156	1167428
1444466607	2	1	1	2	0	0	0	0	1	0	0	0	0	0	0	4.939927	4.284390	4.272984	4.272984	1.867985	12.750000	16.500000	99.230751	98.894958	98.857651	0	0	1	1	156	1167444
1444466609	1	3	0	0	0	0	0	0	0	0	0	0	0	0	0	4.941538	4.284390	4.271558	4.271558	1.868791	12.750000	16.500000	99.156868	98.709282	98.522797	0	0	1	1	156	1167445
1444466610	1	1	1	0	0	0	0	0	0	0	0	0	0	0	0	4.941538	4.285816	4.271558	4.270133	1.868791	12.750000	16.500000	99.156868	98.858490	98.858490	0	0	1	1	156	1194356
1444466611	0	0	1	0	0	0	0	0	0	0	0	0	0	0	0	4.941538	4.282964	4.272984	4.270133	1.868791	12.750000	16.500000	99.119583	98.858490	98.858490	0	0	1	1	156	1167426
1444466612	2	1	0	1	0	0	1	0	0	0	0	0	0	0	0	4.943151	4.284390	4.258727	4.278687	1.867985	12.750000	16.500000	99.045746	98.822021	98.747452	0	0	1	1	156	1167445
1444466613	0	1	1	1	0	0	0	0	0	0	0	0	0	0	0	4.938315	4.285816	4.278687	4.274410	1.867985	12.750000	16.500000	99.267357	99.080734	98.968781	0	0	1	1	156	1170052
1444466615	4	0	1	0	0	1	0	0	0	0	0	0	0	0	0	4.941538	4.280113	4.270133	4.274410	1.867985	12.750000	16.500000	99.156868	98.933075	98.895782	0	0	1	1	156	1168561
1444466616	1	2	1	1	0	0	0	0	0	0	0	0	0	0	0	4.941538	4.284390	4.272984	4.272984	1.868791	12.750000	16.500000	99.082275	98.634682	98.858490	0	0	1	1	156	1167435
1444466617	1	1	2	3	0	0	0	0	1	1	0	0	0	0	0	4.943151	4.281538	4.270133	4.270133	1.869597	12.750000	16.500000	99.083031	98.561020	98.896599	0	0	1	1	156	1164670
1444466618	0	0	0	2	0	0	0	0	0	0	0	0	0	0	0	4.939927	4.282964	4.271558	4.274410	1.869597	12.750000	16.500000	99.156143	98.932274	98.969566	0	0	1	1	156	1167416
1444466619	0	0	2	1	0	0	0	0	0	0	0	0	0	0	0	4.938315	4.284390	4.271558	4.272984	1.868791	12.750000	16.500000	99.155388	98.894127	98.894127	0	0	1	1	156	1167438
1444466621	2	0	1	0	0	0	0	0	0	0	0	0	0	0	0	4.938315	4.268707	4.265855	4.264430	1.866374	12.750000	16.500000	99.155388	98.931450	98.968781	0	0	1	1	156	1167435
1444466622	0	0	1	0	0	0	0	0	0	0	0	0	0	0	0	4.944762	4.285816	4.270133	4.271558	1.868791	12.750000	16.500000	99.046524	98.785599	98.748329	0	0	1	1	156	1164677
1444466623	1	2	2	1	1	0	0	0	0	0	0	0	0	0	0	4.941538	4.284390	4.271558	4.271558	1.867985	12.750000	16.500000	99.119583	98.821190	98.858490	0	0	1	1	156	1167413
1444466624	0	0	2	1	0	0	0	0	0	0	0	0	0	0	0	4.941538	4.282964	4.272984	4.271558	1.868791	12.750000	16.500000	99.082275	98.783882	98.821190	0	0	1	1	156	1167436
1444466625	2	1	0	2	0	0	1	0	0	0	0	0	0	0	0	4.941538	4.287241	4.275836	4.274410	1.867985	12.750000	16.500000	99.268776	98.933075	99.007675	0	0	1	1	156	1164706
1444466627	1	3	1	0	0	0	0	0	0	0	0	0	0	0	0	4.939927	4.282964	4.271558	4.270133	1.869597	12.750000	16.500000	99.193443	98.969566	98.894958	0	0	1	1	156	1168573
1444466628	0	0	0	0	0	0	0	0	0	0	0	0	0	0	0	4.939927	4.278687	4.268707	4.270133	1.868791	12.750000	17.000000	99.118820	98.894958	98.857651	0	0	1	1	156	1167445
1444466629	0	2	0	1	0	0	0	0	1	0	0	0	0	0	0	4.939927	4.280113	4.271558	4.272984	1.869597	12.750000	16.500000	99.118820	98.857651	98.932274	0	0	1	1	156	1164685
1444466630	3	1	1	3	0	0	0	0	1	0	0	0	0	0	0	4.943151	4.284390	4.272984	4.271558	1.869597	12.750000	16.500000	99.045746	98.822021	98.784737	0	0	1	1	156	1167422
1444466631	1	0	0	2	0	0	0	0	0	0	0	0	0	0	0	4.941538	4.287241	4.271558	4.272984	1.868791	12.750000	16.500000	99.156868	98.858490	98.933075	0	0	1	1	156	1167444
1444466633	0	2	0	0	0	0	0	0	0	0	0	0	0	0	0	4.941538	4.281538	4.272984	4.271558	1.869597	12.750000	16.500000	99.156868	98.858490	98.895782	0	0	1	1	156	1164678
1444466634	0	1	0	2	0	0	0	0	0	0	0	0	0	0	0	4.941538	4.282964	4.271558	4.270133	1.869597	12.750000	16.500000	99.156868	98.821190	98.858490	0	0	1	1	156	1167426
1444466635	0	0	1	1	0	0	0	0	0	0	0	0	0	0	0	4.941538	4.284390	4.260152	4.280113	1.869597	12.750000	16.500000	99.044983	98.858490	98.821190	0	0	1	1	156	1167445
1444466636	0	2	2	0	0	0	0	0	0	0	0	0	0	0	0	4.941538	4.281538	4.270133	4.271558	1.869597	12.750000	16.500000	99.156868	98.821190	98.858490	0	0	1	1	156	1167445
1444466637	2	2	1	0	0	0	0	1	0	0	0	0	0	0	0	4.941538	4.287241	4.275836	4.274410	1.867985	12.750000	16.500000	99.194176	98.671989	98.597389	0	0	1	1	156	1164692
1444466639	2	0	1	0	0	0	0	0	0	0	0	0	0	0	0	4.939927	4.281538	4.271558	4.271558	1.870403	12.750000	16.500000	99.230751	98.932274	98.894958	0	0	1	1	156	1168561
1444466640	1	0	1	0	0	0	0	0	0	0	0	0	0	0	0	4.943151	4.284390	4.272984	4.272984	1.870403	12.750000	16.500000	99.083031	98.822021	98.747452	0	0	1	1	156	1167435
1444466641	0	0	0	0	0	0	0	0	0	0	0	0	0	0	0	4.941538	4.282964	4.271558	4.271558	1.870403	12.750000	16.500000	99.156868	98.858490	98.895782	0	0	1	1	156	1164673
1444466642	0	1	0	1	0	0	0	0	0	0	0	0	0	0	0	4.943151	4.285816	4.263004	4.260152	1.869597	12.750000	17.000000	99.120316	98.784737	98.859314	0	0	1	1	156	1167416
1444466643	0	1	0	0	0	0	0	0	0	0	0	0	0	0	0	4.941538	4.282964	4.274410	4.272984	1.870403	12.750000	16.500000	99.119583	98.821190	98.858490	0	0	1	1	156	1167435
1444466645	1	2	0	0	0	0	0	0	0	0	0	0	0	0	0	4.939927	4.287241	4.274410	4.274410	1.870403	12.750000	17.000000	99.268059	98.932274	98.969566	0	0	1	1	156	1164723
1444466646	0	2	2	1	0	0	0	0	0	0	0	0	0	0	0	4.943151	4.284390	4.272984	4.271558	1.870403	12.750000	16.500000	99.083031	98.822021	98.822021	0	0	1	1	156	1167419
1444466647	0	2	0	2	0	0	0	0	1	0	0	0	0	0	0	4.941538	4.282964	4.271558	4.272984	1.870403	12.750000	17.000000	99.119583	98.858490	98.858490	0	0	1	1	156	1167435
1444466648	0	0	3	0	0	0	0	0	0	0	0	0	0	0	0	4.941538	4.282964	4.271558	4.271558	1.870403	12.750000	16.500000	99.119583	98.821190	98.821190	0	0	1	1	156	1164671
1444466649	2	1	3	1	0	0	0	0	0	1	0	0	0	0	0	4.936703	4.295796	4.272984	4.277261	1.869597	12.750000	17.000000	99.303986	99.042641	99.042641	0	0	1	1	156	1167416
1444466651	2	2	2	0	0	0	0	0	0	0	0	0	0	0	0	4.943151	4.284390	4.272984	4.271558	1.870403	12.750000	16.500000	99.083031	98.859314	98.822021	0	0	1	1	156	1168591
1444466652	2	0	0	1	0	0	0	0	0	0	0	0	0	0	0	4.943151	4.282964	4.271558	4.274410	1.870403	12.750000	17.000000	99.083031	98.859314	98.784737	0	0	1	1	156	1167445
1444466653	1	1	3	0	0	1	0	0	0	0	0	0	0	0	0	4.939927	4.282964	4.272984	4.270133	1.870403	12.750000	17.000000	99.193443	98.894958	98.894958	0	0	1	1	156	1164683
1444466654	0	0	0	1	0	0	0	0	0	0	0	0	0	0	0	4.936703	4.268707	4.271558	4.268707	1.868791	12.750000	17.000000	99.266655	99.042641	99.042641	0	0	1	1	156	1167425
1444466655	2	2	1	1	0	0	0	0	0	0	0	0	0	0	0	4.943151	4.284390	4.274410	4.272984	1.871209	12.750000	17.000000	99.083031	98.523727	99.045746	0	0	1	1	156	1167444
1444466657	1	0	2	1	0	0	0	0	0	0	0	0	0	0	0	4.943151	4.280113	4.271558	4.274410	1.869597	12.750000	17.000000	99.045746	98.822021	98.822021	0	0	1	1	156	1199897
1444466658	0	0	1	0	0	0	0	0	0	0	0	0	0	0	0	4.941538	4.282964	4.270133	4.274410	1.870403	12.750000	16.500000	99.119583	98.858490	98.933075	0	0	1	1	156	1167423
1444466659	0	1	0	0	0	0	0	0	0	0	0	0	0	0	0	4.939927	4.282964	4.271558	4.270133	1.870403	12.750000	17.000000	99.156143	98.894958	98.894958	0	0	1	1	156	1167445
1444466660	0	3	1	2	0	0	0	0	1	0	0	0	0	0	0	4.943151	4.282964	4.272984	4.272984	1.871209	12.750000	17.000000	99.120316	98.822021	98.784737	0	0	1	1	156	1164690
1444466661	1	1	0	1	0	0	0	0	0	0	0	0	0	0	0	4.939927	4.284390	4.274410	4.274410	1.870403	12.750000	17.000000	99.230751	99.006889	98.969566	0	0	1	1	156	1167421
1444466663	3	2	0	0	0	0	0	0	0	0	0	0	0	0	0	4.941538	4.284390	4.272984	4.274410	1.870403	12.750000	17.000000	99.119583	98.858490	98.858490	0	0	1	1	156	1168581
1444466664	1	0	1	2	0	0	0	0	0	0	0	0	0	0	0	4.943151	4.284390	4.271558	4.271558	1.870403	12.750000	17.000000	99.083031	98.822021	98.411865	0	0	1	1	156	1167435
1444466665	1	0	1	0	0	0	0	0	0	0	0	0	0	0	0	4.943151	4.285816	4.271558	4.271558	1.871209	12.750000	17.000000	99.083031	98.896599	98.486443	0	0	1	1	156	1164719
1444466666	2	2	1	2	0	0	0	0	0	0	0	0	0	0	0	4.941538	4.282964	4.270133	4.271558	1.871209	12.750000	17.000000	99.119583	98.858490	98.821190	0	0	1	1	156	1167416
1444466667	0	2	0	2	0	0	0	0	0	0	0	0	0	0	0	4.941538	4.284390	4.271558	4.270133	1.871209	12.750000	17.000000	99.194176	98.858490	98.858490	0	0	1	1	156	1167435
1444466669	1	2	0	1	0	0	0	0	0	0	0	0	0	0	0	4.936703	4.284390	4.274410	4.272984	1.869597	12.750000	17.000000	99.266655	99.005310	98.967964	0	0	1	1	156	1164685
1444466670	0	1	0	1	0	0	0	0	0	0	0	0	0	0	0	4.943151	4.274410	4.263004	4.278687	1.871209	12.750000	17.000000	99.083031	98.859314	98.822021	0	0	1	1	156	1167416
1444466671	1	0	0	0	0	0	0	0	0	0	0	0	0	0	0	4.941538	4.282964	4.272984	4.271558	1.871209	12.750000	17.000000	99.119583	98.895782	98.821190	0	0	1	1	156	1167435
1444466672	0	3	0	0	0	0	0	0	0	0	0	0	0	0	0	4.943151	4.282964	4.270133	4.271558	1.872015	12.750000	17.000000	99.045746	98.822021	98.822021	0	0	1	1	156	1164663
1444466673	0	2	1	0	0	0	0	1	0	0	0	0	0	0	0	4.936703	4.288667	4.278687	4.275836	1.871209	12.750000	17.000000	99.341316	99.079971	99.042641	0	0	1	1	156	1167416
1444466675	0	2	0	0	0	0	0	0	0	0	0	0	0	0	0	4.943151	4.285816	4.275836	4.271558	1.871209	12.750000	17.000000	99.120316	98.859314	98.822021	0	0	1	1	156	1168591
1444466676	1	0	0	3	0	0	0	0	0	0	0	0	0	0	0	4.941538	4.282964	4.271558	4.271558	1.872015	12.750000	17.000000	99.119583	98.895782	98.858490	0	0	1	1	156	1164681
1444466677	0	1	1	0	0	0	0	0	0	0	0	0	0	0	0	4.943151	4.268707	4.274410	4.272984	1.871209	12.750000	17.000000	99.045746	98.784737	98.784737	0	0	1	1	156	1167426
1444466678	1	1	1	0	0	0	0	0	0	0	0	0	0	0	0	4.941538	4.282964	4.271558	4.270133	1.872821	12.750000	17.000000	99.156868	98.597389	98.597389	0	0	1	1	156	1167445
1444466679	1	2	0	3	0	0	0	0	0	0	0	0	0	0	0	4.939927	4.287241	4.274410	4.272984	1.871209	12.750000	17.000000	99.193443	98.932274	98.932274	0	0	1	1	156	1167445
1444466681	0	0	3	0	0	0	0	0	0	0	0	0	0	0	0	4.941538	4.282964	4.272984	4.272984	1.872015	12.750000	17.000000	99.119583	98.858490	98.821190	0	0	1	1	156	1164686
1444466682	1	1	2	1	0	0	0	0	0	0	0	0	0	0	0	4.941538	4.282964	4.271558	4.270133	1.871209	12.750000	17.000000	99.082275	98.858490	98.858490	0	0	1	1	156	1167425
1444466683	0	0	3	3	0	0	0	0	0	0	0	0	0	0	0	4.941538	4.282964	4.271558	4.271558	1.872015	12.750000	17.000000	98.709282	98.783882	98.746590	0	0	1	1	156	1167445
1444466684	1	0	1	0	0	0	0	0	0	0	0	0	0	0	0	4.941538	4.282964	4.271558	4.270133	1.872015	12.750000	17.000000	98.709282	98.895782	98.746590	0	0	1	1	156	1164700
1444466685	1	1	1	2	0	0	0	0	0	0	0	0	0	0	0	4.939927	4.285816	4.278687	4.277261	1.871209	12.750000	17.000000	99.193443	98.969566	99.006889	0	0	1	1	156	1167420
1444466687	1	0	0	2	0	0	0	0	0	0	0	0	0	0	0	4.939927	4.282964	4.270133	4.271558	1.872015	12.750000	17.000000	99.230751	98.932274	98.894958	0	0	1	1	156	1168581
1444466688	0	0	2	0	0	0	0	0	0	0	0	0	0	0	0	4.943151	4.284390	4.271558	4.271558	1.872821	12.750000	17.000000	99.045746	98.784737	98.822021	0	0	1	1	156	1164692
1444466689	0	2	0	1	0	0	0	0	0	0	0	0	0	0	0	4.943151	4.282964	4.271558	4.271558	1.872015	12.750000	17.000000	99.083031	98.822021	98.784737	0	0	1	1	156	1167416
1444466690	0	0	0	2	0	0	0	0	0	0	0	0	0	0	0	4.941538	4.285816	4.272984	4.271558	1.871209	12.750000	17.000000	99.007675	98.709282	98.709282	0	0	1	1	156	1167435
1444466691	2	1	0	0	0	0	0	0	0	0	0	0	0	0	0	4.941538	4.281538	4.270133	4.270133	1.872821	12.750000	17.000000	99.119583	98.895782	98.858490	0	0	1	1	156	1167435
1444466693	3	1	0	1	0	0	1	0	0	0	0	0	0	0	0	4.941538	4.282964	4.271558	4.271558	1.872821	12.750000	17.000000	99.119583	98.821190	98.895782	0	0	1	1	156	1164669
1444466694	0	1	3	0	0	0	0	0	0	0	0	0	0	0	0	4.941538	4.282964	4.271558	4.271558	1.872015	12.750000	17.000000	99.082275	98.858490	98.821190	0	0	1	1	156	1167436
1444466695	0	2	0	1	0	0	0	0	0	0	0	0	0	0	0	4.941538	4.281538	4.270133	4.270133	1.872015	12.750000	17.000000	99.119583	98.895782	98.858490	0	0	1	1	156	1167435
1444466696	1	0	0	0	0	0	0	0	0	0	0	0	0	0	0	4.943151	4.281538	4.270133	4.270133	1.872015	12.750000	17.000000	99.045746	98.784737	98.822021	0	0	1	1	156	1164668
1444466697	1	1	0	0	0	0	0	0	0	0	0	0	0	0	0	4.939927	4.275836	4.264430	4.281538	1.872015	12.750000	17.000000	99.193443	98.969566	98.932274	0	0	1	1	156	1167413
1444466699	0	1	0	2	0	0	0	0	0	0	0	0	0	0	0	4.941538	4.281538	4.271558	4.271558	1.872015	12.750000	17.000000	99.156868	98.858490	98.858490	0	0	1	1	156	1168590
1444466700	0	1	1	2	0	0	0	0	0	0	0	0	0	0	0	4.941538	4.282964	4.271558	4.270133	1.872821	12.750000	17.000000	99.119583	98.858490	98.858490	0	0	1	1	156	1164707
1444466701	0	1	0	1	0	0	0	0	0	0	0	0	0	0	0	4.943151	4.282964	4.271558	4.271558	1.872015	12.750000	17.000000	99.120316	98.896599	98.784737	0	0	1	1	156	1167428
1444466702	0	1	1	0	0	0	0	0	0	0	0	0	0	0	0	4.941538	4.284390	4.271558	4.270133	1.872015	12.750000	17.000000	99.082275	98.858490	98.821190	0	0	1	1	156	1167445
1444466703	2	0	1	1	0	1	0	0	0	0	0	0	0	0	0	4.941538	4.284390	4.272984	4.271558	1.873626	12.750000	17.000000	99.156868	98.858490	98.858490	0	0	1	1	156	1164690
1444466705	0	0	0	0	0	0	0	0	0	0	0	0	0	0	0	4.943151	4.282964	4.278687	4.270133	1.872821	12.750000	17.000000	99.045746	98.822021	98.449150	0	0	1	1	156	1167425
1444466706	1	0	0	1	0	0	0	0	0	0	0	0	0	0	0	4.943151	4.285816	4.272984	4.272984	1.873626	12.750000	17.000000	99.083031	98.822021	98.822021	0	0	1	1	156	1167445
1444466707	1	0	0	2	0	0	1	0	0	0	0	0	0	0	0	4.943151	4.282964	4.271558	4.272984	1.872821	12.750000	17.000000	99.083031	98.822021	98.784737	0	0	1	1	156	1167444
1444466708	1	0	2	0	0	0	0	0	0	0	0	0	0	0	0	4.936703	4.285816	4.272984	4.274410	1.872821	12.750000	17.000000	99.303986	99.042641	98.967964	0	0	1	1	156	1164709
1444466709	1	0	0	3	0	0	0	0	0	0	0	0	0	0	0	4.939927	4.287241	4.275836	4.274410	1.872821	12.750000	17.000000	99.268059	98.969566	98.969566	0	0	1	1	156	1167421
1444466711	1	0	0	2	0	0	0	0	0	0	0	0	0	0	0	4.944762	4.282964	4.271558	4.271558	1.873626	12.750000	17.000000	99.046524	98.599228	98.450134	0	0	1	1	156	1168581
1444466712	0	2	0	1	0	0	0	0	1	0	0	0	0	0	0	4.941538	4.270133	4.260152	4.260152	1.872821	12.750000	17.000000	98.783882	98.560097	98.485497	0	0	1	1	156	1164669
1444466713	1	2	1	0	0	0	0	0	0	0	0	0	0	0	0	4.939927	4.285816	4.274410	4.274410	1.873626	12.750000	17.000000	99.193443	98.932274	98.894958	0	0	1	1	156	1167416
1444466714	2	1	2	1	0	0	0	0	0	0	0	0	0	0	0	4.943151	4.282964	4.271558	4.272984	1.873626	12.750000	17.000000	99.120316	98.859314	98.822021	0	0	1	1	156	1167435
1444466715	0	1	1	0	0	0	0	0	0	0	0	0	0	0	0	4.941538	4.282964	4.270133	4.271558	1.873626	12.750000	17.000000	99.119583	98.858490	98.858490	0	0	1	1	156	1164676
1444466717	2	0	1	2	0	0	0	0	0	0	0	0	0	0	0	4.941538	4.281538	4.271558	4.267281	1.872821	12.750000	17.000000	99.156868	98.858490	98.858490	0	0	1	1	156	1167416
1444466718	1	0	2	1	0	0	0	0	0	0	0	0	0	0	0	4.939927	4.285816	4.270133	4.271558	1.873626	12.750000	17.000000	99.118820	98.633781	98.596466	0	0	1	1	156	1167436
1444466719	1	0	0	1	0	0	0	0	0	0	0	0	0	0	0	4.938315	4.284390	4.274410	4.274410	1.872015	12.750000	17.000000	99.230042	98.931450	98.931450	0	0	1	1	156	1167435
1444466720	1	2	0	2	0	0	0	0	1	0	0	0	0	0	0	4.941538	4.285816	4.272984	4.271558	1.873626	12.750000	17.000000	99.156868	98.895782	98.858490	0	0	1	1	156	1164670
1444466721	2	1	1	0	0	0	0	0	0	0	0	0	0	0	0	4.939927	4.284390	4.274410	4.274410	1.872015	12.750000	17.000000	99.230751	99.006889	98.969566	0	0	1	1	156	1167416
1444466723	0	0	0	1	0	0	0	0	0	0	0	0	0	0	0	4.936703	4.272984	4.248746	4.264430	1.872015	12.750000	17.000000	99.303986	98.930634	99.005310	0	0	1	1	156	1168591
1444466724	0	1	0	0	0	0	0	0	0	0	0	0	0	0	0	4.938315	4.287241	4.268707	4.271558	1.873626	12.750000	17.000000	99.192719	98.931450	98.856796	0	0	1	1	156	1164682
1444466725	0	0	1	0	0	0	0	0	0	0	0	0	0	0	0	4.943151	4.282964	4.271558	4.270133	1.872821	12.750000	17.000000	99.083031	98.822021	98.822021	0	0	1	1	156	1167423
1444466726	1	2	2	3	0	0	0	1	1	1	0	0	0	0	0	4.939927	4.285816	4.272984	4.271558	1.873626	12.750000	17.000000	99.193443	98.820328	98.857651	0	0	1	1	156	1167445
1444466727	1	0	1	1	0	0	0	0	0	0	0	0	0	0	0	4.941538	4.285816	4.271558	4.272984	1.873626	12.750000	17.000000	99.156868	98.858490	98.821190	0	0	1	1	156	1164680
1444466729	2	2	0	0	0	0	0	0	0	0	0	0	0	0	0	4.939927	4.287241	4.271558	4.271558	1.873626	12.750000	17.000000	99.193443	98.857651	98.857651	0	0	1	1	156	1167425
1444466730	2	0	2	0	0	0	0	0	0	0	0	0	0	0	0	4.941538	4.284390	4.270133	4.271558	1.872821	12.750000	17.000000	98.895782	98.933075	98.746590	0	0	1	1	156	1167445
1444466731	0	0	1	1	0	0	0	0	0	0	0	0	0	0	0	4.941538	4.285816	4.272984	4.274410	1.874432	12.750000	17.000000	99.156868	98.858490	98.858490	0	0	1	1	156	1164596
1444466732	1	1	0	1	0	0	0	0	0	0	0	0	0	0	0	4.941538	4.285816	4.271558	4.270133	1.873626	12.750000	17.000000	99.156868	98.821190	98.783882	0	0	1	1	156	1167425
1444466733	1	1	0	0	0	0	0	0	0	0	0	0	0	0	0	4.939927	4.288667	4.275836	4.275836	1.872821	12.750000	17.000000	99.268059	98.969566	98.932274	0	0	1	1	156	1167441
1444466735	0	0	2	0	0	0	0	0	0	0	0	0	0	0	0	4.941538	4.282964	4.271558	4.271558	1.873626	12.750000	17.000000	99.082275	98.821190	98.858490	0	0	1	1	156	1168582
1444466736	1	2	1	2	0	0	0	0	1	0	0	0	0	0	0	4.939927	4.284390	4.271558	4.271558	1.873626	12.750000	17.000000	99.156143	98.857651	98.894958	0	0	1	1	156	1164806
1444466737	0	0	2	0	0	0	0	0	0	0	0	0	0	0	0	4.941538	4.284390	4.270133	4.255875	1.873626	12.750000	17.000000	99.231468	98.821190	98.821190	0	0	1	1	156	1167416
1444466738	0	2	0	3	0	0	0	0	0	0	0	0	0	0	0	4.939927	4.285816	4.271558	4.270133	1.874432	12.750000	17.000000	99.193443	98.857651	98.894958	0	0	1	1	156	1167435
1444466739	0	1	1	1	0	0	0	0	0	0	0	0	0	0	0	4.943151	4.285816	4.272984	4.270133	1.873626	12.750000	17.000000	99.120316	98.822021	98.822021	0	0	1	1	156	1164671
1444466741	0	0	0	1	0	0	0	0	0	0	0	0	0	0	0	4.939927	4.284390	4.271558	4.272984	1.873626	12.750000	17.000000	99.230751	98.894958	98.857651	0	0	1	1	156	1167418
1444466742	2	0	0	1	0	0	0	0	0	0	0	0	0	0	0	4.941538	4.285816	4.271558	4.270133	1.874432	12.750000	17.000000	99.194176	98.858490	98.858490	0	0	1	1	156	1167435
1444466743	0	0	1	1	0	0	0	0	0	0	0	0	0	0	0	4.941538	4.287241	4.272984	4.271558	1.874432	12.750000	17.000000	99.194176	98.933075	98.858490	0	0	1	1	156	1164673
1444466744	1	1	0	0	0	0	0	0	0	0	0	0	0	0	0	4.943151	4.284390	4.275836	4.272984	1.874432	12.750000	17.000000	99.120316	98.822021	98.822021	0	0	1	1	156	1167416
1444466745	0	4	0	2	0	0	0	0	0	0	0	0	0	0	0	4.941538	4.287241	4.272984	4.274410	1.873626	12.750000	17.000000	99.343376	99.007675	98.933075	0	0	1	1	156	1167435
1444466747	0	1	1	1	0	0	0	0	0	0	0	0	0	0	0	4.939927	4.285816	4.272984	4.270133	1.873626	12.750000	17.000000	99.230751	98.894958	98.857651	0	0	1	1	156	1168591
1444466748	1	0	1	0	0	0	0	0	0	0	0	0	0	0	0	4.941538	4.285816	4.274410	4.272984	1.875238	12.750000	17.000000	99.119583	98.858490	98.821190	0	0	1	1	156	1164680
1444466749	2	1	3	0	0	0	0	0	0	0	0	0	0	0	0	4.941538	4.285816	4.270133	4.271558	1.874432	12.750000	17.000000	99.194176	98.895782	98.858490	0	0	1	1	156	1167426
1444466750	2	1	0	1	0	0	0	0	0	0	0	0	0	0	0	4.943151	4.285816	4.270133	4.270133	1.874432	12.750000	17.000000	99.194893	98.710175	98.598305	0	0	1	1	156	1167445
1444466751	1	1	0	0	0	0	0	0	0	0	0	0	0	0	0	4.941538	4.272984	4.268707	4.261578	1.874432	12.750000	17.000000	98.634682	139.813141	98.522797	0	0	1	1	156	1164693
1444466753	0	2	1	0	0	0	0	0	0	0	0	0	0	0	0	4.939927	4.288667	4.274410	4.274410	1.873626	12.750000	17.000000	99.268059	98.932274	98.932274	0	0	1	1	157	1167446
1444466754	0	1	2	3	0	0	0	0	0	0	0	0	0	0	0	4.943151	4.284390	4.271558	4.275836	1.875238	12.750000	17.000000	99.120316	98.822021	98.822021	0	0	1	1	156	1167440
1444466755	0	1	3	0	0	0	0	0	0	0	0	0	0	0	0	4.939927	4.285816	4.270133	4.271558	1.874432	12.750000	17.000000	99.230751	98.932274	98.857651	0	0	1	1	156	1164691
1444466756	0	0	1	0	0	0	0	0	0	0	0	0	0	0	0	4.946374	4.271558	4.280113	4.267281	1.875238	12.750000	17.000000	99.047302	98.749191	98.711937	0	0	1	1	156	1167425
1444466757	0	0	0	2	0	0	0	0	0	0	0	0	0	0	0	4.941538	4.290093	4.278687	4.267281	1.872015	12.750000	17.000000	99.529861	98.858490	98.933075	0	0	1	1	156	1167441
1444466759	1	2	0	2	0	0	1	0	0	0	0	0	0	0	0	4.941538	4.284390	4.270133	4.271558	1.875238	12.750000	17.000000	99.156868	98.560097	98.970383	0	0	1	1	156	1165824
1444466760	0	0	2	0	0	0	0	0	0	0	0	0	0	0	0	4.943151	4.285816	4.271558	4.271558	1.875238	12.750000	17.000000	99.120316	98.822021	98.822021	0	0	1	1	156	1167416
1444466761	0	0	3	0	0	0	0	0	0	0	0	0	0	0	0	4.941538	4.285816	4.272984	4.271558	1.875238	12.750000	17.000000	99.194176	98.821190	98.821190	0	0	1	1	156	1167438
1444466762	1	0	0	4	0	0	0	0	0	0	0	0	0	0	0	4.938315	4.317183	4.258727	4.261578	1.872821	12.750000	17.000000	99.192719	98.968781	98.931450	0	0	1	1	156	1167435
1444466763	1	0	2	0	0	0	0	0	0	0	0	0	0	0	0	4.943151	4.285816	4.268707	4.271558	1.875238	12.750000	17.000000	99.157608	98.822021	98.784737	0	0	1	1	156	1164686
1444466765	1	1	0	0	0	0	0	0	0	0	0	0	0	0	0	4.941538	4.287241	4.271558	4.270133	1.874432	12.750000	17.000000	99.194176	98.858490	98.821190	0	0	1	1	156	1167413
1444466766	0	0	1	0	0	0	0	0	0	0	0	0	0	0	0	4.941538	4.285816	4.271558	4.271558	1.874432	12.750000	17.000000	99.156868	98.821190	98.858490	0	0	1	1	156	1167435
1444466767	1	2	1	1	0	0	0	0	0	0	0	0	0	0	0	4.941538	4.287241	4.271558	4.271558	1.875238	12.750000	17.000000	99.156868	98.858490	98.821190	0	0	1	1	156	1164680
1444466768	0	1	0	0	0	0	0	0	0	0	0	0	0	0	0	4.941538	4.284390	4.270133	4.270133	1.875238	12.750000	17.000000	99.194176	98.895782	98.858490	0	0	1	1	156	1167416
1444466769	1	1	0	1	0	0	0	0	0	0	0	0	0	0	0	4.941538	4.288667	4.274410	4.275836	1.874432	12.750000	17.000000	99.231468	98.895782	98.895782	0	0	1	1	156	1167435
1444466771	0	3	0	3	0	0	0	0	0	0	0	0	0	0	0	4.943151	4.282964	4.272984	4.271558	1.875238	12.750000	17.000000	99.120316	98.822021	98.784737	0	0	1	1	156	1165831
1444466772	0	1	1	0	0	0	0	0	0	0	0	0	0	0	0	4.941538	4.288667	4.272984	4.271558	1.876044	12.750000	17.000000	99.156868	98.821190	98.783882	0	0	1	1	156	1167423
1444466773	2	1	0	2	0	0	1	0	0	0	0	0	0	0	0	4.943151	4.285816	4.272984	4.271558	1.875238	12.750000	17.000000	99.120316	98.859314	98.784737	0	0	1	1	156	1167444
1444466774	1	0	1	1	0	0	0	0	0	0	0	0	0	0	0	4.939927	4.284390	4.270133	4.271558	1.875238	12.750000	17.000000	99.230751	98.894958	98.894958	0	0	1	1	156	1167445
1444466775	0	0	1	1	0	0	0	0	0	0	0	0	0	0	0	4.939927	4.285816	4.271558	4.270133	1.875238	12.750000	17.000000	99.230751	98.894958	98.894958	0	0	1	1	156	1164705
1444466777	0	0	1	2	0	0	0	0	0	0	0	0	0	0	0	4.941538	4.284390	4.271558	4.272984	1.875238	12.750000	17.000000	98.821190	98.634682	98.746590	0	0	1	1	156	1151817
1444466778	1	3	1	2	0	0	0	0	1	0	0	0	0	0	0	4.939927	4.284390	4.271558	4.271558	1.876044	12.750000	17.000000	99.230751	98.894958	98.857651	0	0	1	1	156	1167383
1444466779	1	2	1	1	0	0	0	0	0	0	0	0	0	0	0	4.943151	4.285816	4.271558	4.271558	1.876044	12.750000	17.000000	99.157608	98.822021	98.784737	0	0	1	1	156	1164690
1444466780	1	0	1	1	0	0	0	0	0	0	0	0	0	0	0	4.941538	4.287241	4.272984	4.270133	1.876044	12.750000	17.000000	99.194176	98.821190	98.858490	0	0	1	1	156	1167425
1444466781	1	2	0	1	0	0	0	0	0	0	0	0	0	0	0	4.939927	4.288667	4.272984	4.274410	1.874432	12.750000	17.000000	99.305382	98.894958	98.969566	0	0	1	1	156	1167444
1444466783	1	0	0	0	0	0	0	0	0	0	0	0	0	0	0	4.941538	4.284390	4.272984	4.271558	1.876044	12.750000	17.000000	99.156868	98.858490	98.821190	0	0	1	1	156	1165826
1444466784	1	0	2	0	0	0	0	0	0	0	0	0	0	0	0	4.944762	4.284390	4.270133	4.270133	1.876850	12.750000	17.000000	99.121078	98.561943	98.487404	0	0	1	1	156	1167416
1444466785	1	1	0	1	0	0	0	0	0	0	0	0	0	0	0	4.941538	4.287241	4.271558	4.271558	1.876044	12.750000	17.000000	99.194176	98.858490	98.858490	0	0	1	1	156	1167435
1444466786	1	2	0	1	0	0	1	0	0	0	0	0	0	0	0	4.944762	4.274410	4.280113	4.270133	1.876044	12.750000	17.000000	99.121078	98.785599	98.785599	0	0	1	1	156	1175121
1444466787	0	1	3	0	0	0	0	1	0	0	0	0	0	0	0	4.943151	4.284390	4.271558	4.271558	1.876850	12.750000	17.000000	99.120316	98.859314	98.859314	0	0	1	1	156	1167416
1444466789	2	1	2	1	0	0	0	0	0	0	0	0	0	0	0	4.941538	4.284390	4.270133	4.270133	1.876850	12.750000	17.000000	99.194176	98.933075	98.858490	0	0	1	1	156	1167435
1444466790	0	2	1	0	0	0	0	0	0	0	0	0	0	0	0	4.939927	4.284390	4.270133	4.270133	1.876044	12.750000	17.000000	99.193443	98.932274	98.932274	0	0	1	1	156	1167435
1444466791	0	1	0	0	0	0	0	0	0	0	0	0	0	0	0	4.936703	4.285816	4.272984	4.271558	1.875238	12.750000	17.000000	99.378662	99.005310	99.005310	0	0	1	1	156	1164677
1444466792	0	2	2	1	0	0	0	0	0	0	0	0	0	0	0	4.941538	4.288667	4.275836	4.272984	1.876850	12.750000	17.000000	99.156868	98.634682	98.895782	0	0	1	1	156	1167415
1444466793	1	3	3	1	0	1	0	1	0	0	0	0	0	0	0	4.939927	4.288667	4.275836	4.277261	1.876044	12.750000	17.000000	99.268059	98.969566	98.969566	0	0	1	1	156	1167436
1444466795	2	0	1	0	0	0	0	0	0	0	0	0	0	0	0	4.943151	4.285816	4.271558	4.271558	1.876044	12.750000	17.000000	99.045746	98.374580	98.337303	0	0	1	1	156	1165815
1444466796	0	0	0	1	0	0	0	0	0	0	0	0	0	0	0	4.938315	4.288667	4.274410	4.274410	1.875238	12.750000	17.000000	99.304680	99.006096	99.006096	0	0	1	1	156	1167426
1444466797	0	3	0	0	0	0	0	0	0	0	0	0	0	0	0	4.941538	4.287241	4.272984	4.271558	1.876044	12.750000	17.000000	99.231468	98.858490	98.933075	0	0	1	1	156	1167445
1444466798	1	0	3	2	0	0	0	0	0	0	0	0	0	0	0	4.939927	4.284390	4.270133	4.270133	1.876044	12.750000	17.000000	99.193443	98.932274	98.894958	0	0	1	1	156	1164675
1444466799	0	1	1	3	0	0	0	0	0	0	0	0	0	0	0	4.943151	4.287241	4.272984	4.271558	1.876044	12.750000	17.000000	98.710175	98.598305	98.710175	0	0	1	1	156	1167425
1444466801	2	0	1	2	0	0	0	0	0	0	0	0	0	0	0	4.939927	4.285816	4.271558	4.270133	1.876850	12.750000	17.000000	99.193443	98.894958	98.857651	0	0	1	1	156	1167445
1444466802	2	1	0	0	0	0	0	0	0	0	0	0	0	0	0	4.941538	4.284390	4.271558	4.271558	1.876044	12.750000	17.000000	99.156868	98.858490	98.821190	0	0	1	1	156	1164684
1444466803	3	0	2	1	0	0	0	0	0	0	0	0	0	0	0	4.941538	4.282964	4.270133	4.271558	1.876850	12.750000	17.000000	99.119583	98.858490	98.858490	0	0	1	1	156	1167429
1444466804	1	1	2	0	0	0	0	0	0	0	0	0	0	0	0	4.941538	4.281538	4.271558	4.270133	1.876044	12.750000	17.000000	99.194176	98.858490	98.858490	0	0	1	1	156	1167445
1444466805	0	0	2	2	0	0	0	0	0	0	0	0	0	0	0	4.938315	4.275836	4.272984	4.264430	1.875238	12.750000	17.000000	98.968781	99.155388	98.894127	0	0	1	1	156	1167437
1444466807	2	1	2	1	0	0	0	0	0	0	0	0	0	0	0	4.939927	4.285816	4.271558	4.253024	1.876850	12.750000	17.000000	99.268059	98.820328	98.857651	0	0	1	1	156	1165860
1444466808	1	1	1	1	0	0	0	0	0	0	0	0	0	0	0	4.943151	4.285816	4.274410	4.271558	1.877656	12.750000	17.000000	99.120316	98.784737	98.784737	0	0	1	1	156	1167415
1444466809	0	0	2	0	0	0	0	0	0	0	0	0	0	0	0	4.941538	4.285816	4.272984	4.271558	1.877656	13.000000	17.000000	99.194176	98.895782	98.858490	0	0	1	1	156	1167438
1444466810	1	0	1	1	0	0	0	0	0	0	0	0	0	0	0	4.941538	4.281538	4.270133	4.270133	1.876850	12.750000	17.000000	99.119583	98.933075	98.858490	0	0	1	1	156	1164675
1444466811	0	2	1	2	0	0	0	0	0	0	0	0	0	0	0	4.941538	4.284390	4.271558	4.270133	1.877656	13.000000	17.000000	99.194176	98.858490	98.821190	0	0	1	1	156	1167416
1444466813	2	2	2	0	0	0	0	0	0	0	0	0	0	0	0	4.941538	4.285816	4.272984	4.270133	1.876850	12.750000	17.000000	99.194176	98.858490	98.858490	0	0	1	1	156	1167435
1444466814	0	1	2	0	0	0	0	0	0	0	0	0	0	0	0	4.943151	4.281538	4.274410	4.271558	1.876850	12.750000	17.000000	99.083031	98.822021	98.822021	0	0	1	1	156	1164677
1444466815	0	2	1	0	0	0	0	0	0	0	0	0	0	0	0	4.939927	4.284390	4.270133	4.270133	1.876850	12.750000	17.000000	99.193443	98.894958	98.857651	0	0	1	1	156	1167416
1444466816	0	0	0	4	0	0	0	0	0	0	0	0	0	0	0	4.941538	4.282964	4.271558	4.272984	1.876850	12.750000	17.000000	99.082275	98.858490	98.821190	0	0	1	1	156	1167435
1444466817	0	0	0	1	0	0	0	0	0	0	0	0	0	0	0	4.939927	4.287241	4.272984	4.275836	1.876044	12.750000	17.000000	99.305382	98.894958	98.969566	0	0	1	1	156	1167435
1444466819	2	1	1	1	0	0	0	0	0	0	0	0	0	0	0	4.938315	4.215954	4.265855	4.258727	1.875238	12.750000	17.000000	99.080734	98.931450	98.931450	0	0	1	1	156	1201837
1444466820	2	3	1	0	0	0	0	0	0	0	0	0	0	0	0	4.941538	4.284390	4.272984	4.274410	1.877656	13.000000	17.000000	99.156868	98.895782	98.895782	0	0	1	1	156	1167423
1444466821	1	1	1	1	0	0	0	0	0	1	0	0	0	0	0	4.941538	4.285816	4.274410	4.272984	1.878462	13.000000	17.000000	99.194176	98.858490	98.858490	0	0	1	1	156	1167444
1444466822	0	2	0	1	0	0	0	0	0	0	0	0	0	0	0	4.941538	4.282964	4.271558	4.271558	1.877656	13.000000	17.000000	99.082275	98.895782	98.821190	0	0	1	1	156	1174944
1444466823	1	1	1	0	0	0	0	0	0	0	0	0	0	0	0	4.941538	4.282964	4.271558	4.272984	1.876850	12.750000	17.000000	99.119583	98.858490	98.858490	0	0	1	1	156	1167425
1444466825	1	0	1	1	0	1	0	0	0	0	0	0	0	0	0	4.941538	4.288667	4.270133	4.272984	1.876044	12.750000	17.000000	99.231468	98.858490	98.895782	0	0	1	1	156	1167444
1444466826	0	1	1	0	0	0	0	0	0	0	0	0	0	0	0	4.941538	4.285816	4.272984	4.270133	1.877656	13.000000	17.000000	99.194176	98.821190	98.821190	0	0	1	1	156	1164688
1444466827	1	0	0	1	0	0	0	0	0	0	0	0	0	0	0	4.943151	4.285816	4.272984	4.271558	1.877656	12.750000	17.000000	99.120316	98.635597	98.449150	0	0	1	1	156	1167426
1444466828	0	2	2	1	0	0	0	0	0	0	0	0	0	0	0	4.941538	4.285816	4.272984	4.271558	1.877656	13.000000	17.000000	99.156868	98.821190	98.783882	0	0	1	1	156	1167445
1444466829	1	0	1	0	0	0	0	0	0	0	0	0	0	0	0	4.939927	4.287241	4.275836	4.275836	1.876850	12.750000	17.000000	99.230751	98.969566	98.932274	0	0	1	1	156	1164673
1444466831	2	0	0	0	0	0	0	0	0	0	0	0	0	0	0	4.941538	4.282964	4.270133	4.271558	1.877656	13.000000	17.000000	99.156868	98.895782	98.821190	0	0	1	1	156	1168666
1444466832	1	0	2	2	0	1	0	0	0	0	0	0	0	0	0	4.941538	4.282964	4.271558	4.271558	1.878462	13.000000	17.000000	99.119583	98.858490	98.858490	0	0	1	1	156	1167435
1444466833	1	0	1	1	0	0	0	0	0	0	0	0	0	0	0	4.939927	4.295796	4.268707	4.270133	1.877656	13.000000	17.000000	99.193443	98.857651	98.820328	0	0	1	1	156	1167435
1444466834	0	0	0	2	0	0	0	0	0	0	0	0	0	0	0	4.943151	4.271558	4.278687	4.267281	1.877656	12.750000	17.000000	99.045746	98.747452	98.822021	0	0	1	1	156	1164679
1444466835	0	0	0	3	0	0	0	0	0	0	0	0	0	0	0	4.943151	4.287241	4.270133	4.271558	1.878462	13.000000	17.000000	99.120316	98.747452	98.784737	0	0	1	1	156	1167416
1444466837	1	0	1	0	0	0	0	0	0	0	0	0	0	0	0	4.941538	4.282964	4.271558	4.271558	1.878462	13.000000	17.000000	99.156868	98.858490	98.858490	0	0	1	1	156	1167448
1444466838	0	1	1	0	0	0	0	0	0	0	0	0	0	0	0	4.941538	4.281538	4.268707	4.270133	1.878462	13.000000	17.000000	99.119583	98.821190	98.821190	0	0	1	1	156	1164669
1444466839	0	0	1	0	0	0	0	0	0	0	0	0	0	0	0	4.939927	4.285816	4.270133	4.270133	1.877656	13.000000	17.000000	99.230751	98.894958	98.894958	0	0	1	1	156	1167416
1444466840	1	3	1	0	1	0	0	0	0	0	0	0	0	0	0	4.943151	4.282964	4.271558	4.270133	1.878462	13.000000	17.000000	99.083031	98.598305	98.896599	0	0	1	1	156	1167435
1444466841	1	1	2	2	0	0	0	0	0	1	0	0	0	0	0	4.939927	4.282964	4.272984	4.274410	1.877656	13.000000	17.000000	99.268059	98.894958	98.969566	0	0	1	1	156	1164704
1444466843	1	2	0	1	0	0	0	0	0	0	0	0	0	0	0	4.941538	4.285816	4.275836	4.271558	1.877656	13.000000	17.000000	99.156868	98.895782	98.485497	0	0	1	1	156	1168676
1444466844	3	1	1	0	0	0	0	0	0	0	0	0	0	0	0	4.941538	4.285816	4.271558	4.272984	1.879267	13.000000	17.000000	99.156868	98.858490	98.895782	0	0	1	1	156	1167445
1444466845	0	1	1	0	0	0	0	0	0	0	0	0	0	0	0	4.941538	4.282964	4.268707	4.272984	1.879267	13.000000	17.000000	99.082275	98.783882	98.783882	0	0	1	1	156	1167445
1444466846	0	1	0	1	0	0	0	0	0	0	0	0	0	0	0	4.941538	4.282964	4.268707	4.270133	1.878462	13.000000	17.000000	99.119583	98.858490	98.858490	0	0	1	1	156	1164690
1444466847	1	1	1	1	0	0	0	0	0	0	0	0	0	0	0	4.943151	4.268707	4.274410	4.271558	1.878462	13.000000	17.000000	99.045746	98.710175	98.784737	0	0	1	1	156	1167426
1444466849	1	1	2	0	1	1	0	1	0	0	1	0	0	0	0	4.943151	4.281538	4.271558	4.272984	1.878462	13.000000	17.000000	99.120316	98.896599	98.896599	0	0	1	1	156	1167445
1444466850	0	1	1	1	0	0	0	0	0	0	0	0	0	0	0	4.943151	4.282964	4.271558	4.272984	1.879267	13.000000	17.000000	99.083031	98.859314	98.896599	0	0	1	1	156	1164694
1444466851	1	1	0	2	0	0	0	0	0	0	0	0	0	0	0	4.941538	4.282964	4.268707	4.271558	1.879267	13.000000	17.000000	99.156868	98.783882	98.858490	0	0	1	1	156	1167425
1444466852	0	0	0	2	0	0	0	0	0	0	0	0	0	0	0	4.941538	4.284390	4.268707	4.275836	1.878462	13.000000	17.000000	99.119583	98.821190	98.933075	0	0	1	1	156	1167445
1444466853	0	0	1	0	0	0	0	0	0	0	0	0	0	0	0	4.941538	4.287241	4.278687	4.278687	1.877656	13.000000	17.000000	99.231468	99.007675	99.007675	0	0	1	1	156	1164704
1444466855	1	1	0	1	0	0	0	0	0	0	0	0	0	0	0	4.943151	4.294370	4.270133	4.270133	1.878462	13.000000	17.000000	99.232185	98.784737	98.896599	0	0	1	1	156	1168561
1444466856	0	1	1	0	0	0	0	0	0	0	0	0	0	0	0	4.943151	4.282964	4.271558	4.274410	1.877656	12.750000	17.000000	99.083031	98.822021	98.859314	0	0	1	1	156	1167432
1444466857	0	2	1	0	0	0	0	0	0	0	0	0	0	0	0	4.941538	4.285816	4.272984	4.271558	1.879267	13.000000	17.000000	99.231468	98.970383	98.821190	0	0	1	1	156	1176679
1444466858	0	0	0	4	0	0	0	0	0	0	0	0	0	0	0	4.943151	4.287241	4.271558	4.274410	1.879267	13.000000	17.000000	99.194893	98.822021	98.859314	0	0	1	1	156	1167416
1444466859	2	0	2	0	0	0	0	0	0	0	0	0	0	0	0	4.941538	4.281538	4.271558	4.272984	1.879267	13.000000	17.000000	99.194176	98.895782	98.933075	0	0	1	1	156	1167435
1444466861	0	1	0	1	0	0	0	0	0	0	0	0	0	0	0	4.943151	4.281538	4.274410	4.270133	1.880073	13.000000	17.000000	98.747452	99.120316	98.710175	0	0	1	1	156	1167435
1444466862	0	1	0	0	0	0	0	0	0	0	0	0	0	0	0	4.939927	4.285816	4.275836	4.272984	1.879267	13.000000	17.000000	99.193443	99.006889	98.894958	0	0	1	1	156	1194392
1444466863	0	1	0	2	0	0	0	0	0	0	0	0	0	0	0	4.939927	4.285816	4.272984	4.272984	1.880073	13.000000	17.000000	99.230751	98.932274	98.894958	0	0	1	1	156	1167416
1444466864	1	2	1	2	0	0	0	0	1	0	0	0	0	0	0	4.944762	4.290093	4.272984	4.271558	1.879267	13.000000	17.000000	99.046524	98.822884	98.860153	0	0	1	1	156	1167435
1444466865	0	1	0	1	0	0	0	0	0	0	0	0	0	0	0	4.939927	4.285816	4.277261	4.272984	1.879267	13.000000	17.000000	99.230751	99.044197	99.044197	0	0	1	1	156	1170041
1444466867	1	1	1	0	0	0	0	0	0	0	0	0	0	0	0	4.941538	4.284390	4.274410	4.272984	1.879267	13.000000	17.000000	99.119583	98.895782	98.821190	0	0	1	1	156	1168571
1444466868	1	1	2	0	0	0	0	0	0	0	0	0	0	0	0	4.941538	4.285816	4.270133	4.272984	1.880879	13.000000	17.000000	98.821190	98.858490	98.858490	0	0	1	1	156	1167445
1444466869	0	1	0	0	0	0	0	0	0	0	0	0	0	0	0	4.941538	4.282964	4.270133	4.271558	1.879267	13.000000	17.000000	98.895782	98.933075	98.746590	0	0	1	1	156	1164677
1444466870	0	0	0	2	0	0	0	0	0	0	0	0	0	0	0	4.939927	4.281538	4.272984	4.274410	1.879267	13.000000	17.000000	99.193443	98.969566	98.932274	0	0	1	1	156	1167425
1444466871	0	1	0	2	0	0	0	0	1	0	0	0	0	0	0	4.939927	4.282964	4.272984	4.271558	1.880073	13.000000	17.000000	99.156143	98.894958	98.894958	0	0	1	1	156	1167448
1444466873	0	1	1	0	0	0	0	0	0	0	0	0	0	0	0	4.941538	4.280113	4.272984	4.272984	1.879267	13.000000	17.000000	99.119583	98.821190	98.895782	0	0	1	1	156	1167445
1444466874	2	0	0	1	0	0	0	0	0	0	0	0	0	0	0	4.943151	4.282964	4.272984	4.275836	1.879267	13.000000	17.000000	99.120316	98.859314	98.896599	0	0	1	1	156	1164681
1444466875	1	1	2	0	0	0	0	1	0	0	0	0	0	0	0	4.941538	4.282964	4.274410	4.274410	1.880073	13.000000	17.000000	99.082275	98.933075	98.895782	0	0	1	1	156	1167423
1444466876	2	1	0	2	0	0	0	0	1	0	0	0	0	0	0	4.941538	4.284390	4.274410	4.274410	1.880073	13.000000	17.000000	99.082275	98.895782	98.895782	0	0	1	1	156	1167444
1444466877	0	0	4	3	0	0	0	0	0	0	0	0	0	0	0	4.941538	4.285816	4.275836	4.275836	1.879267	13.000000	17.000000	99.194176	98.933075	98.933075	0	0	1	1	156	1164680
1444466879	1	6	0	2	0	0	0	0	0	0	0	0	0	0	0	4.941538	4.282964	4.274410	4.272984	1.880879	13.000000	17.000000	99.082275	98.895782	98.821190	0	0	1	1	156	1168564
1444466880	0	0	0	0	0	0	0	0	0	0	0	0	0	0	0	4.939927	4.284390	4.270133	4.270133	1.880073	13.000000	17.000000	99.156143	98.894958	98.932274	0	0	1	1	156	1167435
1444466881	0	1	0	0	0	0	0	0	0	0	0	0	0	0	0	4.939927	4.285816	4.272984	4.275836	1.880073	13.000000	17.000000	99.156143	98.932274	98.969566	0	0	1	1	156	1164673
1444466882	1	2	0	1	0	0	0	0	0	0	0	0	0	0	0	4.943151	4.284390	4.274410	4.272984	1.880073	13.000000	17.000000	99.083031	98.822021	98.859314	0	0	1	1	156	1167416
1444466883	0	1	1	0	0	0	0	0	0	0	0	0	0	0	0	4.941538	4.285816	4.274410	4.270133	1.880073	13.000000	17.000000	99.119583	98.933075	98.821190	0	0	1	1	156	1167435
1444466885	1	2	1	2	0	0	0	0	0	0	0	0	0	0	0	4.939927	4.282964	4.274410	4.270133	1.880073	13.000000	17.000000	99.118820	98.932274	98.857651	0	0	1	1	156	1164693
1444466886	2	0	0	2	0	0	0	0	0	0	0	0	0	0	0	4.936703	4.285816	4.274410	4.272984	1.879267	13.000000	17.000000	99.266655	99.005310	99.005310	0	0	1	1	156	1167415
1444466887	1	3	1	2	0	0	0	0	0	0	0	0	0	0	0	4.943151	4.278687	4.260152	4.275836	1.880879	13.000000	17.000000	99.120316	98.859314	98.859314	0	0	1	1	156	1167436
1444466888	2	0	2	3	0	0	0	0	0	0	0	0	0	0	0	4.941538	4.284390	4.274410	4.275836	1.880879	13.000000	17.000000	99.082275	98.933075	98.895782	0	0	1	1	156	1167435
1444466889	0	2	3	2	0	0	0	0	1	0	0	0	0	0	0	4.939927	4.280113	4.261578	4.268707	1.878462	13.000000	17.000000	98.820328	98.745705	98.559158	0	0	1	1	156	1164682
1444466891	2	2	1	1	0	0	0	0	0	0	0	0	0	0	0	4.939927	4.284390	4.272984	4.272984	1.880073	13.000000	17.000000	99.230751	98.969566	98.969566	0	0	1	1	156	1168571
1444466892	3	1	3	0	0	1	0	0	0	0	0	0	0	0	0	4.943151	4.284390	4.274410	4.272984	1.880879	13.000000	17.000000	99.083031	98.822021	98.822021	0	0	1	1	156	1167445
1444466893	0	0	0	0	0	0	0	0	0	0	0	0	0	0	0	4.941538	4.281538	4.271558	4.274410	1.880073	13.000000	17.000000	99.119583	98.895782	98.933075	0	0	1	1	156	1164701
1444466894	0	3	0	2	0	0	0	0	1	0	0	0	0	0	0	4.939927	4.270133	4.274410	4.275836	1.880073	13.000000	17.000000	99.156143	98.932274	98.932274	0	0	1	1	156	1167425
1444466895	0	0	1	1	0	0	0	0	0	0	0	0	0	0	0	4.941538	4.282964	4.272984	4.271558	1.881685	13.000000	17.000000	99.156868	98.709282	98.634682	0	0	1	1	156	1167444
1444466897	2	1	2	1	0	1	0	0	0	0	0	0	0	0	0	4.941538	4.282964	4.272984	4.272984	1.880879	13.000000	17.000000	99.082275	98.858490	98.858490	0	0	1	1	156	1164693
1444466898	0	1	1	0	0	0	0	0	0	0	0	0	0	0	0	4.941538	4.282964	4.270133	4.274410	1.880073	13.000000	17.000000	99.082275	98.783882	98.895782	0	0	1	1	156	1167425
1444466899	1	0	0	0	0	0	0	0	0	0	0	0	0	0	0	4.939927	4.282964	4.272984	4.270133	1.880879	13.000000	17.000000	99.156143	99.006889	98.894958	0	0	1	1	156	1167445
1444466900	1	2	0	2	0	0	0	0	0	0	0	0	0	0	0	4.943151	4.281538	4.270133	4.271558	1.881685	13.000000	17.000000	98.747452	99.083031	98.747452	0	0	1	1	156	1167444
1444466901	0	0	1	2	0	0	0	0	0	0	0	0	0	0	0	4.941538	4.284390	4.272984	4.275836	1.880073	13.000000	17.000000	99.231468	98.933075	98.933075	0	0	1	1	156	1164681
1444466903	2	1	0	0	0	0	0	0	0	0	0	0	0	0	0	4.944762	4.284390	4.272984	4.270133	1.880879	13.000000	17.000000	99.083794	98.599228	98.450134	0	0	1	1	156	1168666
1444466904	0	0	0	2	0	0	0	0	0	0	0	0	0	0	0	4.943151	4.282964	4.272984	4.272984	1.880879	13.000000	17.000000	99.083031	98.822021	98.822021	0	0	1	1	156	1167435
1444466905	4	2	1	1	0	0	0	0	0	0	0	0	0	0	0	4.943151	4.282964	4.272984	4.270133	1.880879	13.000000	17.000000	99.120316	98.859314	98.822021	0	0	1	1	156	1164671
1444466906	0	3	1	0	0	0	0	0	0	0	0	0	0	0	0	4.941538	4.284390	4.271558	4.270133	1.880879	13.000000	17.000000	99.194176	98.858490	98.821190	0	0	1	1	156	1167416
1444466907	1	1	0	0	0	0	0	0	0	0	0	0	0	0	0	4.939927	4.290093	4.271558	4.270133	1.880073	13.000000	17.000000	99.156143	98.969566	98.932274	0	0	1	1	156	1167435
1444466909	0	2	1	0	0	0	0	0	0	0	0	0	0	0	0	4.944762	4.294370	4.267281	4.271558	1.880879	13.000000	17.000000	99.046524	98.785599	98.860153	0	0	1	1	156	1164674
1444466910	0	1	2	4	0	0	0	0	0	0	0	0	0	0	0	4.943151	4.282964	4.271558	4.271558	1.880879	13.000000	17.000000	99.120316	98.822021	98.784737	0	0	1	1	156	1167414
1444466911	0	0	0	1	0	0	0	0	0	0	0	0	0	0	0	4.939927	4.284390	4.271558	4.271558	1.881685	13.000000	17.000000	99.118820	98.857651	98.857651	0	0	1	1	156	1167435
1444466912	0	1	0	1	0	0	0	0	0	0	0	0	0	0	0	4.941538	4.282964	4.272984	4.272984	1.880879	13.000000	17.000000	99.119583	98.858490	98.821190	0	0	1	1	156	1164677
1444466913	1	1	1	1	0	0	0	0	0	0	0	0	0	0	0	4.939927	4.285816	4.275836	4.274410	1.880073	13.000000	17.000000	99.193443	98.969566	98.894958	0	0	1	1	156	1167416
1444466915	0	1	0	1	0	0	0	0	0	0	0	0	0	0	0	4.939927	4.285816	4.270133	4.270133	1.880879	13.000000	17.000000	99.118820	98.857651	98.857651	0	0	1	1	156	1168590
1444466916	0	0	1	2	0	0	0	0	0	0	0	0	0	0	0	4.943151	4.282964	4.271558	4.271558	1.882491	13.000000	17.000000	99.083031	98.822021	98.822021	0	0	1	1	156	1167442
1444466917	0	1	1	1	0	0	0	0	0	0	0	0	0	0	0	4.943151	4.285816	4.272984	4.272984	1.882491	13.000000	17.000000	99.083031	98.822021	98.784737	0	0	1	1	156	1164677
1444466918	1	0	1	1	0	0	0	0	0	0	0	0	0	0	0	4.941538	4.282964	4.272984	4.272984	1.881685	13.000000	17.000000	99.119583	98.858490	98.821190	0	0	1	1	156	1167426
1444466919	1	0	0	2	0	0	0	0	0	0	0	0	0	0	0	4.941538	4.284390	4.272984	4.271558	1.880879	13.000000	17.000000	99.082275	98.821190	98.858490	0	0	1	1	156	1167445
1444466921	1	2	1	2	0	0	0	0	0	0	0	0	0	0	0	4.941538	4.284390	4.272984	4.272984	1.882491	13.000000	17.000000	99.156868	98.895782	98.858490	0	0	1	1	156	1164676
1444466922	0	1	2	2	0	0	0	0	0	0	0	0	0	0	0	4.943151	4.282964	4.271558	4.272984	1.882491	13.000000	17.000000	98.822021	98.859314	98.710175	0	0	1	1	156	1167425
1444466923	1	0	0	1	0	0	0	0	0	0	0	0	0	0	0	4.943151	4.284390	4.272984	4.270133	1.881685	13.000000	17.000000	99.083031	98.859314	98.822021	0	0	1	1	156	1167445
1444466924	2	2	1	0	0	0	0	0	0	0	0	0	0	0	0	4.941538	4.282964	4.270133	4.271558	1.881685	13.000000	17.000000	99.156868	98.895782	98.895782	0	0	1	1	156	1164682
1444466925	0	2	0	1	0	0	0	0	0	0	0	0	0	0	0	4.939927	4.287241	4.275836	4.275836	1.880879	13.000000	17.000000	99.230751	98.969566	98.932274	0	0	1	1	156	1167423
1444466927	2	0	1	0	0	0	0	0	0	0	0	0	0	0	0	4.943151	4.282964	4.271558	4.271558	1.881685	13.000000	17.000000	99.120316	98.896599	98.822021	0	0	1	1	156	1168581
1444466928	1	0	1	1	0	0	0	0	0	0	0	0	0	0	0	4.941538	4.282964	4.265855	4.260152	1.880879	13.000000	17.000000	99.007675	98.821190	98.821190	0	0	1	1	156	1167435
1444466929	1	1	0	1	0	0	0	0	0	0	0	0	0	0	0	4.939927	4.270133	4.258727	4.257301	1.880879	13.000000	17.000000	98.894958	98.596466	99.044197	0	0	1	1	156	1164681
1444466930	0	3	0	2	0	0	0	0	0	0	0	0	0	0	0	4.939927	4.284390	4.272984	4.272984	1.881685	13.000000	17.000000	99.193443	98.969566	98.969566	0	0	1	1	156	1167416
1444466931	2	1	2	0	0	0	0	0	0	0	0	0	0	0	0	4.941538	4.285816	4.272984	4.272984	1.883297	13.000000	17.000000	99.119583	98.821190	98.858490	0	0	1	1	156	1167438
1444466933	2	2	0	0	0	0	0	0	0	0	0	0	0	0	0	4.941538	4.281538	4.271558	4.271558	1.881685	13.000000	17.000000	99.119583	98.858490	98.858490	0	0	1	1	156	1164674
1444466934	1	3	1	1	0	0	0	0	0	0	0	0	0	0	0	4.939927	4.282964	4.271558	4.271558	1.882491	13.000000	17.000000	99.118820	98.894958	98.857651	0	0	1	1	156	1167416
1444466935	1	1	1	2	0	0	0	0	0	0	0	0	0	0	0	4.943151	4.272984	4.257301	4.258727	1.882491	13.000000	17.000000	98.672874	98.486443	98.449150	0	0	1	1	156	1167435
1444466936	0	0	0	2	0	0	0	0	0	0	0	0	0	0	0	4.941538	4.284390	4.272984	4.271558	1.882491	13.000000	17.000000	99.082275	98.858490	98.410889	0	0	1	1	156	1164685
1444466937	0	1	0	1	0	0	0	0	1	0	0	0	0	0	0	4.938315	4.285816	4.275836	4.277261	1.881685	13.000000	17.000000	99.267357	99.006096	99.006096	0	0	1	1	156	1167416
1444466939	1	1	2	1	0	0	0	0	1	0	0	0	0	0	0	4.939927	4.282964	4.270133	4.271558	1.882491	13.000000	17.000000	99.156143	98.932274	98.857651	0	0	1	1	156	1168590
1444466940	2	0	2	1	0	1	0	0	0	0	0	0	0	0	0	4.943151	4.285816	4.272984	4.271558	1.883297	13.000000	17.000000	99.045746	98.784737	98.784737	0	0	1	1	156	1164689
1444466941	1	1	1	0	0	0	0	0	0	0	0	0	0	0	0	4.943151	4.282964	4.271558	4.271558	1.882491	13.000000	17.000000	99.083031	98.822021	98.822021	0	0	1	1	156	1167425
1444466942	0	1	1	1	0	0	0	0	1	0	0	0	0	0	0	4.943151	4.284390	4.272984	4.272984	1.883297	13.000000	17.000000	99.045746	98.747452	98.561020	0	0	1	1	156	1167445
1444466943	0	0	2	1	0	0	0	0	0	0	0	0	0	0	0	4.941538	4.282964	4.272984	4.272984	1.883297	13.000000	17.000000	99.082275	98.858490	98.821190	0	0	1	1	156	1167445
1444466945	0	2	1	0	0	0	0	0	0	0	0	0	0	0	0	4.943151	4.281538	4.272984	4.271558	1.883297	13.000000	17.000000	99.120316	98.896599	98.859314	0	0	1	1	156	1164680
1444466946	2	0	1	2	0	0	0	0	0	0	0	0	0	0	0	4.941538	4.282964	4.271558	4.271558	1.882491	13.000000	17.000000	99.119583	98.858490	98.858490	0	0	1	1	156	1167425
1444466947	1	1	1	0	0	0	0	0	0	0	0	0	0	0	0	4.943151	4.272984	4.272984	4.267281	1.883297	13.000000	17.000000	99.045746	98.784737	98.747452	0	0	1	1	156	1167444
1444466948	0	1	1	1	0	0	0	0	0	0	0	0	0	0	0	4.944762	4.287241	4.272984	4.268707	1.882491	13.000000	17.000000	99.009239	98.785599	98.748329	0	0	1	1	156	1164680
1444466949	0	1	2	2	0	0	0	0	0	0	0	0	0	0	0	4.939927	4.284390	4.272984	4.263004	1.882491	13.000000	17.000000	99.156143	98.969566	98.932274	0	0	1	1	156	1167421
1444466951	1	2	0	0	0	0	0	0	0	0	0	0	0	0	0	4.943151	4.284390	4.271558	4.272984	1.883297	13.000000	17.000000	99.045746	98.784737	98.747452	0	0	1	1	156	1168581
1444466952	1	1	1	1	0	0	0	0	1	0	0	0	0	0	0	4.941538	4.281538	4.270133	4.271558	1.883297	13.000000	17.000000	99.082275	98.895782	98.858490	0	0	1	1	156	1164675
1444466953	2	1	1	1	0	0	0	0	0	0	0	0	0	0	0	4.941538	4.282964	4.271558	4.272984	1.883297	13.000000	17.000000	99.119583	98.858490	98.858490	0	0	1	1	156	1167419
1444466954	2	1	0	2	0	0	0	0	0	0	0	0	0	0	0	4.941538	4.282964	4.268707	4.270133	1.882491	13.000000	17.000000	99.119583	98.858490	98.933075	0	0	1	1	156	1167435
1444466955	1	1	0	2	0	0	0	0	0	0	0	0	0	0	0	4.943151	4.285816	4.270133	4.271558	1.882491	13.000000	17.000000	99.083031	98.822021	98.784737	0	0	1	1	156	1164665
1444466957	0	0	1	1	0	0	0	0	0	0	0	0	0	0	0	4.941538	4.284390	4.271558	4.271558	1.882491	13.000000	17.000000	99.156868	98.858490	98.821190	0	0	1	1	156	1167413
1444466958	0	2	1	0	0	0	0	0	0	0	0	0	0	0	0	4.941538	4.281538	4.271558	4.271558	1.883297	13.000000	17.000000	99.082275	98.858490	98.858490	0	0	1	1	156	1167435
1444466959	0	0	0	0	0	0	0	0	0	0	0	0	0	0	0	4.943151	4.282964	4.271558	4.270133	1.883297	13.000000	17.000000	99.083031	98.822021	98.822021	0	0	1	1	156	1167435
1444466960	0	0	0	1	0	0	0	0	0	0	0	0	0	0	0	4.943151	4.285816	4.272984	4.271558	1.884103	13.000000	17.000000	99.120316	98.822021	98.822021	0	0	1	1	156	1164676
1444466961	1	0	0	1	0	0	0	0	0	0	0	0	0	0	0	4.939927	4.285816	4.275836	4.272984	1.882491	13.000000	17.000000	99.193443	98.932274	98.969566	0	0	1	1	156	1167415
1444466963	0	2	2	1	0	0	0	0	0	0	0	0	0	0	0	4.941538	4.282964	4.270133	4.271558	1.883297	13.000000	17.000000	99.082275	98.858490	98.821190	0	0	1	1	156	1168590
1444466964	1	0	0	0	0	0	0	0	0	0	0	0	0	0	0	4.941538	4.285816	4.272984	4.275836	1.884103	13.000000	17.000000	99.194176	98.895782	98.858490	0	0	1	1	156	1164678
1444466965	1	0	0	2	0	0	0	0	0	0	0	0	0	0	0	4.941538	4.282964	4.271558	4.272984	1.884103	13.000000	17.000000	99.119583	98.933075	98.858490	0	0	1	1	156	1167425
1444466966	0	1	2	0	0	0	0	0	0	0	0	0	0	0	0	4.941538	4.284390	4.275836	4.271558	1.884103	13.000000	17.000000	99.082275	98.858490	98.858490	0	0	1	1	156	1167445
1444466967	0	1	0	1	0	0	0	0	0	0	0	0	0	0	0	4.941538	4.282964	4.272984	4.271558	1.883297	13.000000	17.000000	99.082275	98.858490	98.821190	0	0	1	1	156	1164694
1444466969	1	1	2	0	0	0	0	0	0	0	0	0	0	0	0	4.943151	4.278687	4.261578	4.258727	1.882491	13.000000	17.000000	99.455902	99.008469	98.449150	0	0	1	1	156	1167425
1444466970	1	0	1	0	0	0	0	0	0	0	0	0	0	0	0	4.939927	4.285816	4.272984	4.271558	1.883297	13.000000	17.000000	99.193443	98.969566	98.932274	0	0	1	1	156	1167445
1444466971	0	1	2	0	0	0	0	0	0	0	0	0	0	0	0	4.941538	4.282964	4.272984	4.272984	1.884103	13.000000	17.000000	99.119583	98.858490	98.821190	0	0	1	1	156	1167447
1444466972	2	0	2	1	0	0	0	0	0	1	0	0	0	0	0	4.939927	4.282964	4.271558	4.274410	1.884103	13.000000	17.000000	99.156143	98.894958	98.932274	0	0	1	1	156	1164682
1444466973	1	3	0	0	0	0	0	0	0	0	0	0	0	0	0	4.935091	4.287241	4.277261	4.275836	1.882491	13.000000	17.000000	99.415337	99.191254	99.079208	0	0	1	1	156	1167421
1444466975	1	1	0	5	0	0	1	0	0	0	0	0	0	0	0	4.941538	4.275836	4.263004	4.277261	1.884103	13.000000	17.000000	99.082275	98.858490	98.821190	0	0	1	1	156	1168580
1444466976	0	0	0	1	0	0	0	0	0	0	0	0	0	0	0	4.941538	4.282964	4.270133	4.270133	1.884103	13.000000	17.000000	99.119583	98.858490	98.858490	0	0	1	1	156	1201240
1444466977	0	1	0	1	0	0	0	0	0	0	0	0	0	0	0	4.941538	4.284390	4.272984	4.261578	1.883297	13.000000	17.000000	99.343376	98.783882	98.858490	0	0	1	1	156	1184032
1444466978	4	0	1	2	0	0	0	0	0	0	0	0	0	0	0	4.943151	4.284390	4.271558	4.271558	1.884103	13.000000	17.000000	99.045746	98.784737	98.784737	0	0	1	1	156	1167425
1444466979	1	1	0	0	0	0	0	0	0	0	0	0	0	0	0	4.941538	4.284390	4.271558	4.271558	1.884103	13.000000	17.000000	99.082275	98.821190	98.783882	0	0	1	1	156	1164667
1444466981	0	0	1	1	0	0	0	0	0	0	0	0	0	0	0	4.941538	4.285816	4.275836	4.274410	1.884103	13.000000	17.000000	99.194176	98.895782	98.858490	0	0	1	1	156	1167419
1444466982	1	2	0	1	0	0	0	0	1	0	0	0	0	0	0	4.939927	4.282964	4.271558	4.271558	1.884103	13.000000	17.000000	99.193443	98.932274	98.932274	0	0	1	1	156	1167435
1444466983	1	0	2	3	0	0	0	0	0	0	0	0	0	0	0	4.943151	4.271558	4.261578	4.280113	1.884103	13.000000	17.000000	99.045746	98.822021	98.784737	0	0	1	1	156	1164596
1444466984	2	1	0	0	0	0	0	0	0	0	0	0	0	0	0	4.941538	4.284390	4.271558	4.271558	1.884909	13.000000	17.000000	99.231468	98.895782	98.858490	0	0	1	1	156	1184032
1444466985	1	1	1	1	0	0	0	0	0	0	0	0	0	0	0	4.938315	4.284390	4.274410	4.274410	1.884103	13.000000	17.000000	99.267357	99.006096	98.968781	0	0	1	1	156	1167426
1444466987	2	0	1	1	0	1	0	0	0	0	0	0	0	0	0	4.943151	4.282964	4.271558	4.258727	1.883297	13.000000	17.000000	98.971169	98.784737	98.784737	0	0	1	1	156	1168591
1444466988	4	0	2	1	0	0	0	0	0	0	0	0	0	0	0	4.941538	4.282964	4.272984	4.270133	1.884909	13.000000	17.000000	99.156868	98.858490	98.821190	0	0	1	1	156	1180435
1444466989	2	1	4	1	0	0	0	0	0	0	0	0	0	0	0	4.943151	4.282964	4.271558	4.272984	1.884909	13.000000	17.000000	99.045746	98.822021	98.822021	0	0	1	1	156	1167416
1444466990	1	1	1	0	0	0	0	0	0	0	0	0	0	0	0	4.941538	4.282964	4.270133	4.270133	1.884909	13.000000	17.000000	99.119583	98.858490	98.858490	0	0	1	1	156	1167445
1444466992	1	2	1	0	0	0	0	0	0	0	0	0	0	0	0	4.943151	4.284390	4.270133	4.272984	1.884909	13.000000	17.000000	99.083031	98.822021	98.374580	0	0	1	1	156	1180331
1444466993	2	2	1	2	0	0	0	0	0	0	0	0	0	0	0	4.939927	4.282964	4.270133	4.270133	1.884103	13.000000	17.000000	99.156143	98.894958	98.894958	0	0	1	1	156	1167415
1444466994	2	0	0	0	0	0	0	0	0	0	0	0	0	0	0	4.939927	4.284390	4.271558	4.271558	1.884103	13.000000	17.000000	99.193443	98.894958	98.894958	0	0	1	1	156	1167444
1444466995	1	0	1	0	0	0	0	0	0	0	0	0	0	0	0	4.941538	4.284390	4.271558	4.260152	1.883297	13.000000	17.000000	99.194176	98.783882	98.858490	0	0	1	1	156	1180330
1444466996	2	1	1	0	0	0	0	0	0	0	0	0	0	0	0	4.941538	4.282964	4.272984	4.271558	1.884909	13.000000	17.000000	99.119583	98.858490	98.821190	0	0	1	1	156	1167415
1444466998	0	2	2	0	0	0	0	0	0	0	0	0	0	0	0	4.941538	4.285816	4.274410	4.274410	1.884909	13.000000	17.000000	99.156868	98.933075	98.933075	0	0	1	1	156	1167447
1444466999	4	1	3	2	0	0	0	1	1	1	0	0	0	1	0	4.943151	4.285816	4.272984	4.274410	1.884909	13.000000	17.000000	99.418610	98.747452	98.747452	0	0	1	1	156	1185202
1444467000	1	1	0	0	0	0	0	0	0	0	0	0	0	0	0	4.941538	4.285816	4.271558	4.271558	1.884909	13.000000	17.000000	98.821190	98.783882	98.746590	0	0	1	1	156	1164684
1444467001	0	1	0	0	0	0	0	0	0	0	0	0	0	0	0	4.941538	4.285816	4.271558	4.270133	1.884909	13.000000	17.000000	99.156868	98.858490	98.821190	0	0	1	1	156	1167420
1444467002	0	3	0	0	0	0	0	0	0	0	0	0	0	0	0	4.939927	4.285816	4.267281	4.268707	1.884909	13.000000	17.000000	99.156143	98.894958	98.894958	0	0	1	1	156	1184052
1444467004	0	1	2	0	0	0	0	0	0	0	0	0	0	0	0	4.943151	4.294370	4.268707	4.267281	1.884909	13.000000	17.000000	99.157608	98.859314	98.822021	0	0	1	1	156	1164653
1444467005	2	1	2	2	0	0	1	0	0	0	0	0	0	0	0	4.939927	4.285816	4.271558	4.271558	1.885714	13.000000	17.000000	99.268059	98.894958	98.894958	0	0	1	1	156	1167413
1444467006	1	0	0	0	0	0	0	0	0	0	0	0	0	0	0	4.943151	4.284390	4.271558	4.271558	1.885714	13.000000	17.000000	99.120316	98.822021	98.822021	0	0	1	1	156	1184051
1444467007	1	1	1	0	0	0	0	0	0	0	0	0	0	0	0	4.939927	4.284390	4.271558	4.270133	1.884909	13.000000	17.000000	99.230751	98.932274	98.894958	0	0	1	1	156	1164673
1444467008	3	2	0	1	0	0	0	0	1	0	0	0	0	0	0	4.941538	4.275836	4.263004	4.264430	1.884909	13.000000	17.000000	98.821190	98.597389	98.560097	0	0	1	1	156	1167416
1444467010	1	0	1	2	0	0	0	0	0	0	0	0	0	0	0	4.939927	4.288667	4.274410	4.274410	1.884103	13.000000	17.000000	99.268059	98.969566	98.932274	0	0	1	1	156	1184051
1444467011	2	0	1	0	0	0	0	0	0	0	0	0	0	0	0	4.939927	4.285816	4.271558	4.270133	1.885714	13.000000	17.000000	99.193443	98.894958	98.857651	0	0	1	1	156	1165817
1444467012	1	1	1	0	0	0	0	0	0	0	0	0	0	0	0	4.941538	4.280113	4.270133	4.270133	1.885714	13.000000	17.000000	99.082275	98.821190	98.821190	0	0	1	1	156	1167426
1444467013	1	2	1	1	0	0	0	0	0	0	0	0	0	0	0	4.943151	4.284390	4.271558	4.271558	1.885714	13.000000	17.000000	99.194893	98.822021	98.859314	0	0	1	1	156	1184061
1444467014	1	1	0	0	0	0	0	0	0	0	0	0	0	0	0	4.943151	4.285816	4.271558	4.271558	1.885714	13.000000	17.000000	99.120316	98.822021	98.859314	0	0	1	1	156	1167435
1444467016	3	0	0	0	0	0	0	0	0	0	0	0	0	0	0	4.941538	4.288667	4.272984	4.271558	1.885714	13.000000	17.000000	99.194176	98.858490	98.858490	0	0	1	1	156	1164711
1444467017	0	3	1	2	0	0	0	0	2	0	0	0	0	0	0	4.941538	4.285816	4.271558	4.270133	1.885714	13.000000	17.000000	99.156868	98.858490	98.821190	0	0	1	1	156	1184042
1444467018	0	0	0	0	0	0	0	0	0	0	0	0	0	0	0	4.941538	4.288667	4.271558	4.271558	1.885714	13.000000	17.000000	99.156868	98.858490	98.821190	0	0	1	1	156	1167438
1444467019	0	0	0	1	0	0	0	0	0	0	0	0	0	0	0	4.941538	4.284390	4.271558	4.274410	1.885714	13.000000	17.000000	99.194176	98.858490	98.821190	0	0	1	1	156	1164707
1444467020	1	1	0	1	0	0	0	0	1	0	0	0	0	0	0	4.943151	4.275836	4.271558	4.267281	1.885714	13.000000	17.000000	99.157608	98.784737	98.784737	0	0	1	1	156	1167425
1444467022	0	2	0	0	0	0	0	0	0	0	0	0	0	0	0	4.939927	4.288667	4.274410	4.277261	1.885714	13.000000	17.000000	99.268059	98.969566	98.969566	0	0	1	1	156	1184061
1444467023	3	2	0	1	1	0	0	0	0	0	0	0	0	0	0	4.941538	4.284390	4.271558	4.271558	1.886520	13.000000	17.000000	99.194176	98.858490	98.858490	0	0	1	1	156	1165894
1444467024	1	1	2	1	0	0	0	0	0	0	0	0	0	0	0	4.941538	4.285816	4.272984	4.271558	1.886520	13.000000	17.000000	99.156868	98.821190	98.858490	0	0	1	1	156	1167420
1444467025	1	0	1	1	0	0	0	0	0	0	0	0	0	0	0	4.941538	4.288667	4.272984	4.272984	1.886520	13.000000	17.000000	99.194176	98.933075	98.933075	0	0	1	1	156	1184057
1444467026	4	2	1	0	1	0	0	0	0	0	0	0	0	0	0	4.941538	4.287241	4.272984	4.271558	1.886520	13.000000	17.000000	99.156868	98.858490	98.858490	0	0	1	1	156	1167433
1444467028	1	0	0	0	0	0	0	0	0	0	0	0	0	0	0	4.939927	4.285816	4.271558	4.271558	1.886520	13.000000	17.000000	99.193443	98.894958	98.857651	0	0	1	1	156	1164672
1444467029	2	2	2	2	0	0	0	0	2	0	0	0	0	0	0	4.941538	4.284390	4.271558	4.274410	1.886520	13.000000	17.000000	99.156868	98.821190	98.783882	0	0	1	1	156	1184032
1444467030	0	1	0	2	0	0	0	0	0	0	0	0	0	0	0	4.939927	4.287241	4.272984	4.270133	1.886520	13.000000	17.000000	99.193443	98.857651	98.894958	0	0	1	1	156	1167425
1444467031	0	0	1	1	0	0	0	0	0	0	0	0	0	0	0	4.941538	4.285816	4.272984	4.270133	1.886520	13.000000	17.000000	99.156868	98.821190	98.821190	0	0	1	1	156	1164688
1444467032	1	1	1	1	0	1	0	0	0	0	0	0	0	0	0	4.941538	4.287241	4.272984	4.274410	1.886520	13.000000	17.000000	98.895782	98.634682	98.783882	0	0	1	1	156	1184032
1444467034	0	0	0	2	0	0	0	0	0	0	0	0	0	0	0	4.941538	4.288667	4.274410	4.275836	1.886520	13.000000	17.000000	99.231468	98.895782	98.933075	0	0	1	1	156	1167426
1444467035	2	0	0	0	0	0	0	0	0	0	0	0	0	0	0	4.943151	4.285816	4.270133	4.270133	1.887326	13.000000	17.000000	99.083031	98.561020	98.561020	0	0	1	1	156	1165826
1444467036	1	0	1	0	0	0	0	0	0	0	0	0	0	0	0	4.939927	4.285816	4.271558	4.270133	1.885714	13.000000	17.000000	99.193443	98.932274	98.857651	0	0	1	1	156	1184042
1444467037	0	0	1	1	0	0	0	0	0	0	0	0	0	0	0	4.941538	4.284390	4.270133	4.270133	1.886520	13.000000	17.000000	99.194176	98.709282	98.522797	0	0	1	1	156	1167436
1444467038	0	1	1	2	0	0	0	0	0	1	0	0	0	0	0	4.941538	4.284390	4.270133	4.271558	1.886520	13.000000	17.000000	99.194176	98.858490	98.485497	0	0	1	1	156	1164679
1444467040	0	2	1	0	0	0	0	0	0	0	0	0	0	0	0	4.941538	4.285816	4.272984	4.271558	1.887326	13.000000	17.000000	99.194176	98.895782	98.821190	0	0	1	1	156	1184041
1444467041	1	1	0	0	0	0	0	0	0	0	0	0	0	0	0	4.943151	4.285816	4.270133	4.260152	1.887326	13.000000	17.000000	99.045746	98.822021	98.822021	0	0	1	1	156	1167435
1444467042	1	1	1	0	0	0	0	0	0	0	0	0	0	0	0	4.941538	4.284390	4.271558	4.272984	1.886520	13.000000	17.000000	99.194176	98.858490	98.895782	0	0	1	1	156	1167445
1444467043	1	0	1	1	0	0	0	0	0	0	0	0	0	0	0	4.941538	4.285816	4.272984	4.270133	1.887326	13.000000	17.000000	99.156868	98.821190	98.821190	0	0	1	1	156	1180331
1444467045	1	0	1	2	0	0	0	0	0	0	0	0	0	0	0	4.939927	4.281538	4.270133	4.271558	1.886520	13.000000	17.000000	99.193443	98.894958	98.857651	0	0	1	1	156	1167416
1444467046	0	1	0	0	0	0	0	0	0	0	0	0	0	0	0	4.936703	4.275836	4.263004	4.261578	1.884103	13.000000	17.000000	99.042641	98.855957	99.266655	0	0	1	1	156	1167442
1444467047	0	0	0	1	0	0	0	0	0	0	0	0	0	0	0	4.941538	4.285816	4.271558	4.271558	1.887326	13.000000	17.000000	99.194176	98.895782	98.821190	0	0	1	1	156	1181472
1444467048	0	0	2	1	0	0	0	0	0	1	0	0	0	0	0	4.943151	4.284390	4.271558	4.270133	1.886520	13.000000	17.000000	99.157608	98.822021	98.822021	0	0	1	1	156	1167413
1444467049	0	2	1	0	0	0	0	0	0	0	0	0	0	0	0	4.941538	4.285816	4.270133	4.271558	1.887326	13.000000	17.000000	99.156868	98.858490	98.821190	0	0	1	1	156	1167440
1444467051	0	0	1	1	0	0	0	0	0	0	0	0	0	0	0	4.941538	4.285816	4.270133	4.270133	1.887326	13.000000	17.000000	99.231468	98.858490	98.821190	0	0	1	1	156	1180318
1444467052	0	1	0	1	0	0	0	0	0	0	0	0	0	0	0	4.941538	4.275836	4.260152	4.277261	1.887326	13.000000	17.000000	99.119583	98.821190	98.783882	0	0	1	1	156	1167383
1444467053	0	0	2	1	0	0	0	0	0	0	0	0	0	0	0	4.941538	4.287241	4.271558	4.270133	1.886520	13.000000	17.000000	99.156868	98.821190	98.821190	0	0	1	1	156	1167435
1444467054	2	1	2	0	0	0	0	0	0	0	0	0	0	0	0	4.941538	4.285816	4.272984	4.272984	1.887326	13.000000	17.000000	99.156868	98.858490	98.858490	0	0	1	1	156	1167435
1444467055	0	1	1	0	0	0	0	0	0	0	0	0	0	0	0	4.941538	4.285816	4.274410	4.272984	1.887326	13.000000	17.000000	99.156868	98.858490	98.858490	0	0	1	1	156	1164683
1444467057	1	0	0	1	0	0	0	0	0	0	0	0	0	0	0	4.941538	4.285816	4.270133	4.271558	1.887326	13.000000	17.000000	99.194176	98.858490	98.895782	0	0	1	1	156	1167416
1444467058	0	0	1	1	0	0	0	0	0	0	0	0	0	0	0	4.939927	4.287241	4.274410	4.272984	1.887326	13.000000	17.000000	99.305382	98.969566	98.969566	0	0	1	1	156	1167435
1444467059	2	1	2	1	0	1	0	0	0	0	0	0	0	0	0	4.943151	4.274410	4.272984	4.268707	1.886520	13.000000	17.000000	99.157608	98.784737	98.822021	0	0	1	1	156	1165824
1444467060	0	0	0	0	0	0	0	0	0	0	0	0	0	0	0	4.941538	4.285816	4.271558	4.270133	1.888132	13.000000	17.000000	99.194176	98.895782	98.821190	0	0	1	1	156	1167426
1444467061	0	0	2	0	0	0	0	0	0	0	0	0	0	0	0	4.939927	4.284390	4.271558	4.272984	1.887326	13.000000	17.000000	99.193443	98.857651	98.857651	0	0	1	1	156	1167445
1444467063	1	1	1	3	0	0	0	0	0	0	0	0	0	0	0	4.943151	4.284390	4.271558	4.271558	1.888132	13.000000	17.000000	99.120316	98.822021	98.822021	0	0	1	1	156	1164700
1444467064	0	1	1	0	0	0	0	0	0	0	0	0	0	0	0	4.941538	4.287241	4.272984	4.271558	1.888132	13.000000	17.000000	99.194176	98.858490	98.821190	0	0	1	1	156	1167425
1444467065	0	2	1	1	0	0	0	0	0	0	0	0	0	0	0	4.941538	4.287241	4.272984	4.271558	1.888132	13.000000	17.000000	98.821190	98.597389	98.783882	0	0	1	1	156	1167444
1444467066	2	1	2	1	0	0	0	0	0	0	0	0	0	0	0	4.941538	4.285816	4.272984	4.272984	1.887326	13.000000	17.000000	99.194176	98.895782	98.858490	0	0	1	1	156	1175121
1444467067	2	0	4	1	0	0	0	0	0	0	0	0	0	0	0	4.944762	4.275836	4.271558	4.267281	1.888132	13.000000	17.000000	99.158348	98.785599	98.748329	0	0	1	1	156	1167425
1444467069	2	1	3	1	0	0	0	0	0	0	0	0	0	0	0	4.943151	4.285816	4.272984	4.271558	1.887326	13.000000	17.000000	99.194893	98.822021	98.784737	0	0	1	1	156	1167444
1444467070	1	0	1	1	0	0	0	0	0	0	0	0	0	0	0	4.939927	4.287241	4.272984	4.272984	1.888132	13.000000	17.000000	99.305382	99.006889	98.969566	0	0	1	1	156	1167440
1444467071	0	0	1	0	0	0	0	0	0	0	0	0	0	0	0	4.941538	4.287241	4.272984	4.271558	1.888132	13.000000	17.000000	99.156868	98.895782	98.858490	0	0	1	1	156	1165814
1444467072	0	0	0	1	0	0	0	0	0	0	0	0	0	0	0	4.943151	4.285816	4.271558	4.271558	1.888132	13.000000	17.000000	99.120316	98.822021	98.859314	0	0	1	1	156	1167418
1444467073	1	0	0	0	0	0	0	0	0	0	0	0	0	0	0	4.943151	4.281538	4.270133	4.270133	1.888132	13.000000	17.000000	99.194893	98.859314	98.822021	0	0	1	1	156	1167435
