time	cnt1	cnt2	cnt3	cnt4	1&2	1&3	1&4	2&3	2&4	3&4	1&2&3	1&2&4	1&3&4	2&3&4	1&2&3&4	adcr	adcp1	adcp2	adcp3	adcntc	ntcT	digT	p1	p2	p3	hvstate	pbsstate	ethstate	listpbs	sdstate	looptime
1444467075	0	0	3	0	0	0	0	0	0	0	0	0	0	0	0	4.938315	4.274410	4.258727	4.278687	1.887326	13.000000	17.000000	99.230042	99.006096	98.968781	0	0	1	1	156	1164667
1444467076	0	1	1	0	0	0	0	0	0	0	0	0	0	0	0	4.941538	4.282964	4.270133	4.270133	1.887326	13.000000	17.000000	99.194176	98.858490	98.858490	0	0	1	1	156	1212693
1444467077	1	0	1	1	0	0	0	0	0	0	0	0	0	0	0	4.939927	4.285816	4.271558	4.271558	1.888938	13.000000	17.000000	99.193443	98.857651	98.820328	0	0	1	1	156	1167412
1444467078	0	1	2	0	0	0	0	0	0	0	0	0	0	0	0	4.941538	4.284390	4.271558	4.270133	1.888938	13.000000	17.000000	99.231468	98.821190	98.858490	0	0	1	1	156	1219453
1444467079	1	0	3	2	0	0	0	0	0	0	0	0	0	0	0	4.939927	4.285816	4.272984	4.271558	1.888132	13.000000	17.000000	99.193443	98.894958	98.857651	0	0	1	1	156	1167415
1444467081	1	1	0	0	0	0	0	0	0	0	0	0	0	0	0	4.941538	4.272984	4.278687	4.267281	1.887326	13.000000	17.000000	99.194176	98.858490	98.821190	0	0	1	1	156	1167436
1444467082	2	1	3	1	1	0	0	0	0	0	0	0	0	0	0	4.939927	4.288667	4.275836	4.275836	1.888132	13.000000	17.000000	99.268059	98.969566	98.932274	0	0	1	1	156	1170018
1444467083	2	0	0	0	0	0	0	0	0	0	0	0	0	0	0	4.941538	4.284390	4.270133	4.272984	1.888132	13.000000	17.000000	99.194176	98.858490	98.858490	0	0	1	1	156	1168571
1444467084	1	2	0	2	0	0	0	0	0	0	0	0	0	0	0	4.943151	4.285816	4.271558	4.270133	1.888938	13.000000	17.000000	98.784737	98.710175	98.747452	0	0	1	1	156	1167445
1444467085	2	1	0	0	0	0	0	0	0	0	0	0	0	0	0	4.941538	4.287241	4.272984	4.272984	1.888132	13.000000	17.000000	98.895782	98.634682	98.821190	0	0	1	1	156	1164678
1444467087	1	2	3	0	0	0	0	0	0	0	0	0	0	0	0	4.939927	4.285816	4.271558	4.271558	1.888132	13.000000	17.000000	99.230751	98.932274	98.894958	0	0	1	1	156	1167425
1444467088	0	0	1	2	0	0	0	0	0	0	0	0	0	0	0	4.941538	4.285816	4.271558	4.271558	1.888132	13.000000	17.000000	99.194176	98.895782	98.858490	0	0	1	1	156	1167448
1444467089	2	3	3	2	0	0	0	1	0	0	0	0	0	0	0	4.939927	4.285816	4.271558	4.272984	1.888938	13.000000	17.000000	99.230751	98.894958	98.894958	0	0	1	1	156	1164681
1444467090	1	1	0	1	0	0	0	0	0	0	0	0	0	0	0	4.938315	4.271558	4.261578	4.261578	1.885714	13.000000	17.000000	99.267357	98.856796	98.894127	0	0	1	1	156	1167425
1444467091	1	1	0	1	0	0	0	0	0	0	0	0	0	0	0	4.943151	4.290093	4.272984	4.272984	1.888132	13.000000	17.000000	99.194893	98.822021	98.822021	0	0	1	1	156	1167442
1444467093	0	1	1	0	0	0	0	0	0	0	0	0	0	0	0	4.941538	4.287241	4.272984	4.272984	1.889744	13.000000	17.000000	99.194176	98.858490	98.858490	0	0	1	1	156	1167444
1444467094	1	2	0	2	0	0	0	0	0	0	0	0	0	0	0	4.939927	4.288667	4.275836	4.274410	1.888132	13.000000	17.000000	99.305382	99.044197	98.521835	0	0	1	1	156	1164740
1444467095	1	0	1	0	0	0	0	0	0	0	0	0	0	0	0	4.938315	4.287241	4.272984	4.272984	1.888132	13.000000	17.000000	99.342010	99.006096	99.006096	0	0	1	1	156	1168564
1444467096	0	0	0	0	0	0	0	0	0	0	0	0	0	0	0	4.941538	4.284390	4.272984	4.271558	1.888938	13.000000	17.000000	99.231468	98.858490	98.895782	0	0	1	1	156	1167435
1444467097	0	2	1	0	0	0	0	0	0	0	0	0	0	0	0	4.939927	4.284390	4.271558	4.271558	1.888132	13.000000	17.000000	99.193443	98.894958	98.894958	0	0	1	1	156	1164670
1444467099	3	0	2	1	0	0	0	0	0	0	0	0	0	0	0	4.941538	4.285816	4.270133	4.270133	1.888938	13.000000	17.000000	99.194176	98.895782	98.821190	0	0	1	1	156	1167412
1444467100	0	0	2	1	0	0	0	0	0	0	0	0	0	0	0	4.941538	4.285816	4.272984	4.272984	1.888938	13.000000	17.000000	99.156868	98.858490	98.783882	0	0	1	1	156	1167435
1444467101	2	1	0	2	0	0	0	0	1	0	0	0	0	0	0	4.941538	4.285816	4.271558	4.270133	1.888938	13.000000	17.000000	99.194176	98.858490	98.821190	0	0	1	1	156	1164671
1444467102	1	0	0	0	0	0	0	0	0	0	0	0	0	0	0	4.939927	4.288667	4.272984	4.271558	1.888938	13.000000	17.000000	99.193443	98.857651	98.857651	0	0	1	1	156	1167416
1444467103	0	2	1	0	0	0	0	0	0	0	0	0	0	0	0	4.941538	4.285816	4.261578	4.260152	1.887326	13.000000	17.000000	99.082275	98.821190	98.821190	0	0	1	1	156	1167435
1444467105	1	0	1	0	0	0	0	0	0	0	0	0	0	0	0	4.943151	4.287241	4.274410	4.272984	1.889744	13.000000	17.000000	99.120316	98.784737	98.822021	0	0	1	1	156	1167435
1444467106	2	1	1	1	0	0	0	0	0	0	0	0	0	0	0	4.939927	4.287241	4.275836	4.274410	1.888132	13.000000	17.000000	99.081512	98.633781	98.969566	0	0	1	1	156	1164690
1444467107	1	0	0	1	0	0	1	0	0	0	0	0	0	0	0	4.941538	4.284390	4.271558	4.270133	1.888938	13.000000	17.000000	99.156868	98.858490	98.783882	0	0	1	1	156	1168571
1444467108	0	1	1	1	0	0	0	0	0	0	0	0	0	0	0	4.943151	4.287241	4.271558	4.271558	1.889744	13.000000	17.000000	99.120316	98.822021	98.784737	0	0	1	1	156	1167444
1444467109	1	2	0	2	0	0	0	0	1	0	0	0	0	0	0	4.941538	4.285816	4.270133	4.270133	1.888938	13.000000	17.000000	99.156868	98.895782	98.858490	0	0	1	1	156	1164688
1444467111	0	0	0	2	0	0	0	0	0	0	0	0	0	0	0	4.943151	4.285816	4.260152	4.281538	1.889744	13.000000	17.000000	99.045746	98.822021	98.784737	0	0	1	1	156	1167426
1444467112	2	0	2	1	0	0	0	0	0	0	0	0	0	0	0	4.943151	4.287241	4.271558	4.271558	1.889744	13.000000	17.000000	99.120316	98.859314	98.822021	0	0	1	1	156	1167445
1444467113	0	1	0	0	0	0	0	0	0	0	0	0	0	0	0	4.941538	4.285816	4.271558	4.270133	1.889744	13.000000	17.000000	99.194176	98.933075	98.858490	0	0	1	1	156	1164685
1444467114	0	0	1	0	0	0	0	0	0	0	0	0	0	0	0	4.939927	4.285816	4.271558	4.271558	1.888938	13.000000	17.000000	99.230751	98.894958	98.894958	0	0	1	1	156	1167425
1444467115	0	1	0	1	0	0	0	0	0	0	0	0	0	0	0	4.941538	4.285816	4.271558	4.270133	1.888938	13.000000	17.000000	99.156868	98.858490	98.858490	0	0	1	1	156	1167444
1444467117	0	2	0	3	0	0	0	0	1	0	0	0	0	0	0	4.941538	4.287241	4.272984	4.271558	1.890550	13.250000	17.000000	99.194176	98.858490	98.858490	0	0	1	1	156	1164698
1444467118	2	3	0	0	0	0	0	0	0	0	0	0	0	0	0	4.939927	4.282964	4.274410	4.274410	1.888938	13.000000	17.000000	99.193443	98.932274	98.969566	0	0	1	1	156	1167421
1444467119	1	0	1	1	0	0	0	0	0	0	0	0	0	0	0	4.941538	4.284390	4.270133	4.271558	1.889744	13.000000	17.000000	99.231468	98.895782	98.858490	0	0	1	1	156	1168581
1444467120	1	1	1	0	0	0	0	0	0	0	0	0	0	0	0	4.941538	4.285816	4.272984	4.271558	1.889744	13.000000	17.000000	99.156868	98.821190	98.821190	0	0	1	1	156	1167435
1444467121	0	2	1	3	0	0	0	0	2	0	0	0	0	0	0	4.941538	4.288667	4.272984	4.270133	1.889744	13.000000	17.000000	99.156868	98.858490	98.858490	0	0	1	1	156	1164668
1444467123	1	1	1	2	0	0	0	0	1	0	0	0	0	0	0	4.943151	4.284390	4.271558	4.271558	1.889744	13.000000	17.000000	99.120316	98.859314	98.784737	0	0	1	1	156	1167416
1444467124	0	0	0	1	0	0	0	0	0	0	0	0	0	0	0	4.941538	4.285816	4.271558	4.271558	1.889744	13.000000	17.000000	98.783882	99.007675	98.746590	0	0	1	1	156	1167435
1444467125	0	0	1	1	0	0	0	0	0	0	0	0	0	0	0	4.941538	4.284390	4.270133	4.270133	1.889744	13.000000	17.000000	99.194176	98.858490	98.858490	0	0	1	1	156	1229039
1444467126	1	0	1	0	0	0	0	0	0	0	0	0	0	0	0	4.943151	4.277261	4.258727	4.274410	1.890550	13.000000	17.000000	99.083031	98.747452	98.822021	0	0	1	1	156	1167415
1444467128	2	0	0	0	0	0	0	0	0	0	0	0	0	0	0	4.941538	4.284390	4.270133	4.270133	1.889744	13.000000	17.000000	99.156868	98.858490	98.858490	0	0	1	1	156	1167435
1444467129	2	0	2	1	0	1	0	0	0	0	0	0	0	0	0	4.941538	4.285816	4.271558	4.271558	1.889744	13.000000	17.000000	99.156868	98.821190	98.783882	0	0	1	1	156	1164700
1444467130	1	1	1	0	0	0	0	0	0	0	0	0	0	0	0	4.938315	4.287241	4.275836	4.274410	1.889744	13.250000	17.000000	99.342010	99.006096	98.968781	0	0	1	1	156	1167416
1444467131	0	1	0	1	0	0	0	0	0	0	0	0	0	0	0	4.939927	4.284390	4.274410	4.272984	1.890550	13.250000	17.000000	99.118820	98.894958	98.894958	0	0	1	1	156	1168591
1444467132	0	0	1	0	0	0	0	0	0	0	0	0	0	0	0	4.944762	4.275836	4.275836	4.271558	1.890550	13.000000	17.000000	99.083794	98.711044	98.822884	0	0	1	1	156	1167445
1444467134	1	2	0	1	0	0	0	0	0	0	0	0	0	0	0	4.943151	4.272984	4.270133	4.270133	1.890550	13.000000	17.000000	99.083031	98.747452	98.896599	0	0	1	1	156	1164688
1444467135	0	1	1	0	0	0	0	0	0	0	0	0	0	0	0	4.943151	4.282964	4.270133	4.270133	1.890550	13.000000	17.000000	99.120316	98.859314	98.822021	0	0	1	1	156	1167426
1444467136	3	1	2	1	1	0	1	0	0	0	0	0	0	0	0	4.941538	4.284390	4.271558	4.274410	1.890550	13.250000	17.000000	99.119583	98.858490	98.858490	0	0	1	1	156	1167445
1444467137	1	0	0	2	0	0	0	0	0	0	0	0	0	0	0	4.944762	4.285816	4.272984	4.275836	1.890550	13.000000	17.000000	99.121078	98.785599	98.785599	0	0	1	1	156	1164675
1444467138	0	0	0	0	0	0	0	0	0	0	0	0	0	0	0	4.939927	4.285816	4.271558	4.272984	1.891355	13.250000	17.000000	99.230751	98.894958	98.894958	0	0	1	1	156	1167425
1444467140	0	1	1	1	0	0	0	0	0	0	0	0	0	0	0	4.943151	4.284390	4.271558	4.270133	1.891355	13.250000	17.000000	98.710175	98.598305	98.672874	0	0	1	1	156	1167444
1444467141	1	0	0	0	0	0	0	0	0	0	0	0	0	0	0	4.941538	4.285816	4.272984	4.272984	1.890550	13.250000	17.000000	98.858490	98.933075	98.783882	0	0	1	1	156	1164682
1444467142	0	1	1	0	0	0	0	1	0	0	0	0	0	0	0	4.939927	4.287241	4.275836	4.274410	1.889744	13.250000	17.000000	99.305382	99.081512	99.006889	0	0	1	1	156	1167420
1444467143	0	1	0	1	0	0	0	0	0	0	0	0	0	0	0	4.941538	4.282964	4.271558	4.271558	1.890550	13.250000	17.000000	99.194176	98.895782	98.858490	0	0	1	1	156	1168581
1444467144	2	3	0	2	0	0	0	0	1	0	0	0	0	0	0	4.938315	4.288667	4.274410	4.274410	1.889744	13.250000	17.000000	99.304680	99.006096	98.968781	0	0	1	1	156	1164674
1444467146	0	0	0	0	0	0	0	0	0	0	0	0	0	0	0	4.941538	4.287241	4.272984	4.272984	1.890550	13.250000	17.000000	99.268776	98.933075	98.895782	0	0	1	1	156	1167416
1444467147	0	2	0	1	0	0	0	0	0	0	0	0	0	0	0	4.943151	4.282964	4.271558	4.271558	1.889744	13.000000	17.000000	99.381340	98.747452	98.747452	0	0	1	1	156	1167435
1444467148	0	1	0	0	0	0	0	0	0	0	0	0	0	0	0	4.941538	4.288667	4.271558	4.271558	1.890550	13.250000	17.000000	99.156868	98.821190	98.858490	0	0	1	1	156	1167435
1444467149	0	3	0	0	0	0	0	0	0	0	0	0	0	0	0	4.941538	4.284390	4.271558	4.271558	1.890550	13.250000	17.000000	99.231468	98.895782	98.821190	0	0	1	1	156	1164702
1444467150	2	0	1	0	0	0	0	0	0	0	0	0	0	0	0	4.936703	4.284390	4.272984	4.271558	1.889744	13.250000	17.000000	99.303986	99.079971	99.042641	0	0	1	1	156	1167419
1444467152	1	1	2	0	0	0	0	0	0	0	0	0	0	0	0	4.941538	4.285816	4.274410	4.275836	1.890550	13.250000	17.000000	99.194176	98.858490	98.933075	0	0	1	1	156	1167435
1444467153	1	4	0	1	1	0	0	0	0	0	0	0	0	0	0	4.941538	4.285816	4.272984	4.272984	1.890550	13.250000	17.000000	99.156868	98.821190	98.933075	0	0	1	1	156	1164684
1444467154	1	0	1	1	0	0	0	0	0	0	0	0	0	0	0	4.938315	4.272984	4.261578	4.264430	1.888132	13.000000	17.000000	99.043419	98.520905	99.230042	0	0	1	1	156	1167413
1444467155	2	0	1	0	0	0	0	0	0	0	0	0	0	0	0	4.939927	4.290093	4.274410	4.272984	1.891355	13.250000	17.000000	99.230751	98.932274	98.969566	0	0	1	1	156	1168591
1444467156	1	1	1	2	0	0	0	0	0	0	0	0	0	0	0	4.941538	4.285816	4.271558	4.270133	1.891355	13.250000	17.000000	99.231468	98.858490	98.858490	0	0	1	1	156	1164701
1444467158	0	1	1	0	0	0	0	0	0	0	0	0	0	0	0	4.941538	4.285816	4.274410	4.271558	1.890550	13.250000	17.000000	99.082275	98.858490	98.821190	0	0	1	1	156	1167428
1444467159	2	0	0	2	0	0	0	0	0	0	0	0	0	0	0	4.941538	4.285816	4.271558	4.270133	1.890550	13.250000	17.000000	99.194176	98.821190	98.858490	0	0	1	1	156	1167445
1444467160	0	0	1	1	0	0	0	0	0	0	0	0	0	0	0	4.941538	4.284390	4.260152	4.260152	1.890550	13.250000	17.000000	98.783882	98.522797	98.522797	0	0	1	1	156	1167445
1444467161	0	2	1	1	0	0	0	0	0	0	0	0	0	0	0	4.941538	4.285816	4.272984	4.271558	1.890550	13.250000	17.000000	99.119583	98.821190	98.485497	0	0	1	1	156	1164692
1444467162	0	1	1	2	0	0	0	0	0	0	0	0	0	0	0	4.939927	4.285816	4.272984	4.271558	1.891355	13.250000	17.000000	99.193443	98.894958	98.857651	0	0	1	1	156	1167425
1444467164	0	1	0	2	0	0	0	0	0	0	0	0	0	0	0	4.943151	4.285816	4.272984	4.274410	1.891355	13.250000	17.000000	99.120316	98.784737	98.859314	0	0	1	1	156	1167445
1444467165	0	2	1	0	0	0	0	0	0	0	0	0	0	0	0	4.941538	4.285816	4.270133	4.270133	1.891355	13.250000	17.000000	99.194176	98.783882	98.895782	0	0	1	1	156	1176743
1444467166	0	4	0	2	0	0	0	0	0	0	0	0	0	0	0	4.938315	4.288667	4.277261	4.275836	1.890550	13.250000	17.000000	99.304680	99.043419	98.968781	0	0	1	1	156	1167421
1444467167	1	1	3	1	0	0	0	0	0	0	0	0	0	0	0	4.941538	4.275836	4.264430	4.260152	1.890550	13.250000	17.000000	98.709282	98.560097	98.522797	0	0	1	1	156	1168581
1444467168	0	2	2	1	0	0	0	0	0	0	0	0	0	0	0	4.943151	4.284390	4.271558	4.272984	1.892161	13.250000	17.000000	99.083031	98.784737	98.449150	0	0	1	1	156	1164662
1444467170	3	2	2	2	0	0	0	0	0	0	0	0	0	0	0	4.939927	4.282964	4.271558	4.270133	1.891355	13.250000	17.000000	99.156143	98.932274	98.894958	0	0	1	1	156	1167416
1444467171	1	1	0	1	0	0	1	0	0	0	0	0	0	0	0	4.941538	4.285816	4.271558	4.275836	1.891355	13.250000	17.000000	99.194176	98.895782	98.895782	0	0	1	1	156	1167435
1444467172	0	1	2	0	0	0	0	0	0	0	0	0	0	0	0	4.941538	4.285816	4.271558	4.272984	1.892161	13.250000	17.000000	99.156868	98.858490	98.858490	0	0	1	1	156	1164681
1444467173	1	0	2	1	0	0	0	0	0	0	0	0	0	0	0	4.941538	4.277261	4.260152	4.275836	1.892161	13.250000	17.000000	99.119583	98.821190	98.895782	0	0	1	1	156	1167416
1444467174	0	0	1	0	0	0	0	0	0	0	0	0	0	0	0	4.943151	4.284390	4.271558	4.274410	1.892161	13.250000	17.000000	99.120316	98.822021	98.859314	0	0	1	1	156	1167435
1444467176	1	2	0	1	0	0	0	0	0	0	0	0	0	0	0	4.941538	4.285816	4.272984	4.272984	1.892161	13.250000	17.000000	99.156868	98.858490	98.895782	0	0	1	1	156	1167435
1444467177	0	0	0	0	0	0	0	0	0	0	0	0	0	0	0	4.941538	4.281538	4.271558	4.272984	1.892161	13.250000	17.000000	99.119583	98.970383	98.895782	0	0	1	1	156	1164672
1444467178	0	1	1	0	0	0	0	0	0	0	0	0	0	0	0	4.938315	4.284390	4.274410	4.275836	1.891355	13.250000	17.000000	99.304680	99.043419	99.080734	0	0	1	1	156	1167415
1444467179	0	0	0	0	0	0	0	0	0	0	0	0	0	0	0	4.943151	4.275836	4.272984	4.268707	1.892161	13.250000	17.000000	99.120316	98.822021	98.933891	0	0	1	1	156	1168590
1444467180	1	0	0	0	0	0	0	0	0	0	0	0	0	0	0	4.943151	4.274410	4.272984	4.267281	1.892161	13.250000	17.000000	99.120316	98.822021	98.822021	0	0	1	1	156	1164687
1444467182	1	0	1	1	0	0	0	0	0	0	0	0	0	0	0	4.943151	4.284390	4.271558	4.274410	1.892967	13.250000	17.000000	99.157608	98.822021	98.859314	0	0	1	1	156	1167425
1444467183	1	1	1	1	0	0	0	0	0	0	0	0	0	0	0	4.941538	4.285816	4.272984	4.274410	1.892161	13.250000	17.000000	99.156868	98.821190	98.858490	0	0	1	1	156	1167445
1444467184	0	2	1	0	0	0	0	0	0	0	0	0	0	0	0	4.941538	4.282964	4.270133	4.272984	1.892967	13.250000	17.000000	99.082275	98.895782	98.933075	0	0	1	1	156	1164684
1444467185	1	1	0	0	0	0	0	0	0	0	0	0	0	0	0	4.941538	4.285816	4.271558	4.272984	1.892161	13.250000	17.000000	99.194176	98.858490	98.933075	0	0	1	1	156	1167425
1444467186	1	3	0	3	0	0	0	0	1	0	0	0	0	0	0	4.939927	4.284390	4.272984	4.272984	1.892967	13.250000	17.000000	98.783020	98.745705	98.820328	0	0	1	1	156	1167444
1444467188	2	1	1	1	0	0	0	0	0	0	0	0	0	0	0	4.943151	4.282964	4.271558	4.272984	1.892967	13.250000	17.000000	99.120316	98.822021	98.859314	0	0	1	1	156	1167444
1444467189	1	0	1	0	0	0	0	0	0	0	0	0	0	0	0	4.941538	4.282964	4.271558	4.274410	1.892967	13.250000	17.000000	99.119583	98.858490	98.933075	0	0	1	1	156	1164689
1444467190	1	1	2	0	0	0	0	0	0	0	0	0	0	0	0	4.939927	4.284390	4.274410	4.275836	1.891355	13.250000	17.000000	99.230751	98.969566	99.081512	0	0	1	1	156	1167529
1444467191	0	1	0	1	0	0	0	0	1	0	0	0	0	0	0	4.941538	4.281538	4.271558	4.272984	1.892967	13.250000	17.000000	99.156868	98.858490	98.895782	0	0	1	1	156	1168583
1444467192	0	1	0	0	0	0	0	0	0	0	0	0	0	0	0	4.941538	4.287241	4.272984	4.275836	1.892161	13.250000	17.000000	99.119583	98.858490	98.895782	0	0	1	1	156	1164672
1444467194	1	2	1	1	0	0	1	0	0	0	0	0	0	0	0	4.943151	4.290093	4.267281	4.272984	1.892967	13.250000	17.000000	99.045746	98.822021	98.896599	0	0	1	1	156	1167415
1444467195	0	0	1	1	0	0	0	0	0	0	0	0	0	0	0	4.943151	4.284390	4.272984	4.274410	1.892161	13.250000	17.000000	99.045746	98.784737	98.859314	0	0	1	1	156	1167432
1444467196	0	1	1	0	0	0	0	1	0	0	0	0	0	0	0	4.943151	4.285816	4.271558	4.272984	1.892161	13.250000	17.000000	98.784737	98.374580	98.710175	0	0	1	1	156	1164701
1444467197	0	0	0	0	0	0	0	0	0	0	0	0	0	0	0	4.939927	4.288667	4.272984	4.275836	1.892161	13.250000	17.000000	99.305382	98.969566	98.969566	0	0	1	1	156	1167416
1444467198	4	3	3	1	1	1	0	0	0	0	0	0	0	0	0	4.939927	4.284390	4.271558	4.277261	1.892967	13.250000	17.000000	99.193443	98.932274	98.969566	0	0	1	1	156	1167435
1444467200	0	0	0	0	0	0	0	0	0	0	0	0	0	0	0	4.939927	4.284390	4.272984	4.272984	1.892967	13.250000	17.000000	99.230751	98.969566	98.969566	0	0	1	1	156	1164592
1444467201	0	3	2	0	0	0	0	0	0	0	0	0	0	0	0	4.941538	4.282964	4.270133	4.274410	1.892967	13.250000	17.000000	99.119583	98.858490	98.933075	0	0	1	1	156	1167413
1444467202	0	0	1	2	0	0	0	0	0	0	0	0	0	0	0	4.939927	4.288667	4.277261	4.278687	1.892161	13.250000	17.000000	99.305382	99.044197	99.044197	0	0	1	1	156	1167435
1444467203	2	0	1	1	0	0	0	0	0	0	0	0	0	0	0	4.941538	4.285816	4.274410	4.274410	1.892967	13.250000	17.000000	99.119583	98.858490	98.895782	0	0	1	1	156	1168593
1444467204	1	1	1	0	0	0	0	0	0	0	0	0	0	0	0	4.939927	4.285816	4.271558	4.272984	1.892967	13.250000	17.000000	99.193443	98.857651	98.894958	0	0	1	1	156	1164826
1444467206	0	0	2	2	0	0	0	0	0	0	0	0	0	0	0	4.939927	4.282964	4.271558	4.274410	1.892967	13.250000	17.000000	99.156143	98.857651	98.932274	0	0	1	1	156	1167426
1444467207	1	1	1	0	0	0	0	0	0	0	0	0	0	0	0	4.939927	4.223083	4.258727	4.260152	1.892161	13.250000	17.000000	99.902374	98.559158	98.559158	0	0	1	1	156	1167445
1444467208	0	2	0	0	0	0	0	0	0	0	0	0	0	0	0	4.943151	4.282964	4.271558	4.261578	1.891355	13.250000	17.000000	99.344040	98.710175	98.822021	0	0	1	1	156	1164678
1444467209	0	1	1	2	0	0	0	1	0	0	0	0	0	0	0	4.939927	4.282964	4.270133	4.274410	1.893773	13.250000	17.500000	99.193443	98.894958	98.969566	0	0	1	1	156	1167425
1444467210	0	1	1	0	0	0	0	0	0	0	0	0	0	0	0	4.939927	4.282964	4.270133	4.274410	1.893773	13.250000	17.000000	99.156143	98.857651	98.932274	0	0	1	1	156	1167448
1444467212	1	1	1	1	0	0	0	0	1	0	0	0	0	0	0	4.941538	4.285816	4.271558	4.272984	1.892967	13.250000	17.000000	99.156868	98.858490	98.858490	0	0	1	1	156	1164708
1444467213	1	1	2	1	0	0	1	0	0	0	0	0	0	0	0	4.941538	4.281538	4.272984	4.274410	1.892967	13.250000	17.000000	99.119583	98.858490	98.895782	0	0	1	1	156	1167426
1444467214	0	3	1	2	0	0	0	0	0	0	0	0	0	0	0	4.946374	4.275836	4.277261	4.272984	1.892967	13.250000	17.000000	99.121826	98.823723	98.860992	0	0	1	1	156	1167440
1444467215	1	0	1	3	0	0	0	0	0	0	0	0	0	0	0	4.941538	4.281538	4.263004	4.261578	1.892161	13.250000	17.000000	99.044983	98.821190	98.933075	0	0	1	1	156	1165815
1444467216	0	1	3	0	0	0	0	0	0	0	0	0	0	0	0	4.941538	4.285816	4.272984	4.272984	1.893773	13.250000	17.500000	99.156868	98.821190	98.933075	0	0	1	1	156	1167416
1444467218	2	1	1	2	0	0	0	0	1	0	0	0	0	0	0	4.939927	4.282964	4.270133	4.272984	1.894579	13.250000	17.000000	99.156143	98.932274	98.969566	0	0	1	1	156	1167438
1444467219	0	1	2	2	0	0	0	0	0	0	0	0	0	0	0	4.941538	4.284390	4.271558	4.272984	1.894579	13.250000	17.500000	99.082275	98.858490	98.895782	0	0	1	1	156	1167435
1444467220	0	2	0	3	0	0	0	0	1	0	0	0	0	0	0	4.939927	4.281538	4.271558	4.270133	1.893773	13.250000	17.000000	99.156143	98.894958	98.894958	0	0	1	1	156	1164680
1444467221	1	0	0	2	0	0	0	0	0	0	0	0	0	0	0	4.941538	4.288667	4.271558	4.272984	1.893773	13.250000	17.000000	99.082275	98.560097	98.634682	0	0	1	1	156	1167416
1444467222	1	2	1	0	0	0	0	0	0	0	0	0	0	0	0	4.941538	4.284390	4.271558	4.272984	1.894579	13.250000	17.000000	99.082275	98.858490	98.933075	0	0	1	1	156	1167435
1444467224	0	0	0	0	0	0	0	0	0	0	0	0	0	0	0	4.941538	4.284390	4.272984	4.274410	1.893773	13.250000	17.000000	99.119583	98.858490	98.895782	0	0	1	1	156	1164721
1444467225	1	1	4	2	0	0	0	0	0	0	0	0	0	0	0	4.939927	4.284390	4.271558	4.271558	1.894579	13.250000	17.000000	99.156143	98.932274	98.932274	0	0	1	1	156	1167415
1444467226	3	1	0	1	0	0	0	0	0	0	0	0	0	0	0	4.939927	4.285816	4.275836	4.274410	1.892967	13.250000	17.500000	99.230751	98.969566	98.894958	0	0	1	1	156	1167435
1444467227	2	2	1	1	0	0	0	0	0	0	0	0	0	0	0	4.943151	4.282964	4.271558	4.274410	1.893773	13.250000	17.000000	99.045746	98.859314	98.896599	0	0	1	1	156	1165833
1444467228	0	0	2	0	0	0	0	0	0	0	0	0	0	0	0	4.943151	4.282964	4.271558	4.272984	1.893773	13.250000	17.500000	99.045746	98.672874	98.486443	0	0	1	1	156	1167426
1444467230	1	1	0	0	0	0	0	0	0	0	0	0	0	0	0	4.941538	4.282964	4.271558	4.271558	1.893773	13.250000	17.000000	99.119583	98.895782	98.933075	0	0	1	1	156	1167445
1444467231	1	1	1	0	0	0	0	1	0	0	0	0	0	0	0	4.939927	4.282964	4.272984	4.270133	1.893773	13.250000	17.500000	99.118820	98.894958	98.932274	0	0	1	1	156	1167448
1444467232	1	0	1	0	0	0	0	0	0	0	0	0	0	0	0	4.941538	4.282964	4.272984	4.272984	1.894579	13.250000	17.000000	99.156868	98.895782	98.895782	0	0	1	1	156	1164685
1444467233	1	0	1	2	0	0	0	0	0	0	0	0	0	0	0	4.944762	4.275836	4.272984	4.270133	1.894579	13.250000	17.500000	99.158348	98.785599	98.860153	0	0	1	1	156	1167425
1444467234	0	2	2	2	0	0	0	0	1	0	0	0	0	0	0	4.943151	4.284390	4.271558	4.270133	1.893773	13.250000	17.500000	99.045746	98.747452	98.747452	0	0	1	1	156	1167444
1444467236	0	2	0	2	0	0	0	0	0	0	0	0	0	0	0	4.941538	4.282964	4.271558	4.272984	1.894579	13.250000	17.500000	99.007675	98.560097	98.560097	0	0	1	1	156	1164693
1444467237	1	0	1	0	0	0	0	0	0	0	0	0	0	0	0	4.939927	4.285816	4.274410	4.274410	1.893773	13.250000	17.500000	99.193443	98.932274	98.932274	0	0	1	1	156	1167426
1444467238	0	0	0	0	0	0	0	0	0	0	0	0	0	0	0	4.939927	4.288667	4.274410	4.278687	1.893773	13.250000	17.500000	99.230751	99.006889	99.006889	0	0	1	1	156	1167440
1444467239	0	0	1	0	0	0	0	0	0	0	0	0	0	0	0	4.943151	4.282964	4.271558	4.270133	1.893773	13.250000	17.500000	99.083031	98.896599	98.822021	0	0	1	1	156	1165830
1444467240	0	2	1	0	0	0	0	0	0	0	0	0	0	0	0	4.939927	4.292944	4.268707	4.258727	1.892967	13.250000	17.500000	99.342690	98.820328	98.894958	0	0	1	1	156	1167416
1444467242	1	1	0	0	0	0	0	0	0	0	0	0	0	0	0	4.943151	4.284390	4.274410	4.272984	1.894579	13.250000	17.500000	99.120316	98.859314	98.822021	0	0	1	1	156	1167432
1444467243	1	1	0	1	0	0	0	0	0	0	0	0	0	0	0	4.941538	4.282964	4.270133	4.272984	1.894579	13.250000	17.500000	99.119583	98.895782	98.858490	0	0	1	1	156	1164678
1444467244	0	0	1	2	0	0	0	0	0	0	0	0	0	0	0	4.941538	4.281538	4.270133	4.270133	1.895385	13.250000	17.500000	99.119583	98.895782	98.858490	0	0	1	1	156	1167416
1444467245	1	0	1	2	0	0	0	0	0	0	0	0	0	0	0	4.943151	4.282964	4.272984	4.274410	1.894579	13.250000	17.500000	99.083031	98.784737	98.822021	0	0	1	1	156	1167435
1444467246	0	2	0	0	0	0	0	0	0	0	0	0	0	0	0	4.939927	4.270133	4.257301	4.257301	1.893773	13.250000	17.500000	97.178619	98.447212	98.708397	0	0	1	1	156	1167435
1444467248	0	1	0	1	0	0	0	0	1	0	0	0	0	0	0	4.941538	4.282964	4.271558	4.258727	1.892161	13.250000	17.500000	99.156868	98.746590	98.821190	0	0	1	1	156	1164681
1444467249	1	2	0	1	0	0	0	0	0	0	0	0	0	0	0	4.939927	4.284390	4.270133	4.270133	1.895385	13.250000	17.500000	99.156143	98.894958	98.894958	0	0	1	1	156	1167415
1444467250	0	0	1	1	0	0	0	0	0	0	0	0	0	0	0	4.939927	4.285816	4.272984	4.275836	1.893773	13.250000	17.500000	99.230751	99.006889	99.044197	0	0	1	1	156	1167439
1444467251	0	0	1	3	0	0	0	0	0	0	0	0	0	0	0	4.941538	4.282964	4.271558	4.270133	1.895385	13.250000	17.500000	99.156868	98.895782	98.895782	0	0	1	1	156	1165838
1444467252	1	3	0	1	0	0	0	0	1	0	0	0	0	0	0	4.941538	4.281538	4.271558	4.270133	1.895385	13.250000	17.500000	99.119583	98.895782	98.858490	0	0	1	1	156	1167426
1444467254	1	0	3	1	0	0	0	0	0	0	0	0	0	0	0	4.943151	4.282964	4.271558	4.258727	1.896191	13.250000	17.500000	98.971169	98.747452	98.784737	0	0	1	1	156	1167445
1444467255	3	1	1	1	0	0	0	0	1	0	0	0	0	0	0	4.941538	4.284390	4.271558	4.258727	1.893773	13.250000	17.500000	99.044983	98.783882	98.821190	0	0	1	1	156	1164688
1444467256	1	0	0	1	0	0	0	0	0	0	0	0	0	0	0	4.943151	4.284390	4.272984	4.271558	1.895385	13.250000	17.500000	99.045746	98.822021	98.784737	0	0	1	1	156	1167425
1444467257	0	1	2	1	0	0	0	0	0	0	0	0	0	0	0	4.941538	4.282964	4.271558	4.271558	1.895385	13.250000	17.500000	99.082275	98.858490	98.821190	0	0	1	1	156	1167448
1444467258	1	1	0	0	0	0	0	0	0	0	0	0	0	0	0	4.939927	4.282964	4.270133	4.271558	1.894579	13.250000	17.500000	99.156143	98.894958	98.894958	0	0	1	1	156	1167444
1444467260	2	1	2	2	0	0	0	0	0	0	0	0	0	0	0	4.939927	4.282964	4.270133	4.270133	1.895385	13.250000	17.500000	99.156143	98.894958	98.894958	0	0	1	1	156	1164702
1444467261	0	0	0	1	0	0	0	0	0	0	0	0	0	0	0	4.941538	4.284390	4.270133	4.270133	1.895385	13.250000	17.500000	99.119583	98.895782	98.634682	0	0	1	1	156	1167425
1444467262	2	0	0	3	0	0	0	0	0	0	0	0	0	0	0	4.941538	4.284390	4.274410	4.275836	1.894579	13.250000	17.500000	99.156868	98.933075	98.933075	0	0	1	1	156	1167440
1444467263	0	0	0	0	0	0	0	0	0	0	0	0	0	0	0	4.943151	4.282964	4.271558	4.272984	1.896191	13.250000	17.500000	99.120316	98.859314	98.896599	0	0	1	1	156	1165808
1444467264	2	1	0	3	0	0	0	0	1	0	0	0	0	0	0	4.941538	4.282964	4.272984	4.271558	1.895385	13.250000	17.500000	99.082275	98.821190	98.821190	0	0	1	1	156	1167416
1444467266	1	2	3	0	0	0	0	0	0	0	0	0	0	0	0	4.939927	4.281538	4.272984	4.271558	1.895385	13.250000	17.500000	99.156143	98.894958	98.857651	0	0	1	1	156	1167435
1444467267	0	0	0	0	0	0	0	0	0	0	0	0	0	0	0	4.939927	4.281538	4.271558	4.275836	1.896191	13.250000	17.500000	99.156143	98.894958	98.932274	0	0	1	1	156	1164671
1444467268	0	3	0	1	0	0	0	0	1	0	0	0	0	0	0	4.944762	4.282964	4.270133	4.271558	1.895385	13.250000	17.500000	99.046524	98.599228	98.412849	0	0	1	1	156	1167416
1444467269	1	2	1	0	0	0	0	0	0	0	0	0	0	0	0	4.941538	4.282964	4.271558	4.272984	1.896191	13.250000	17.500000	99.119583	98.858490	98.933075	0	0	1	1	156	1167435
1444467270	2	0	1	2	0	0	0	0	0	0	0	0	0	0	0	4.941538	4.284390	4.271558	4.270133	1.895385	13.250000	17.500000	99.082275	98.858490	98.858490	0	0	1	1	156	1203394
1444467272	1	0	2	0	0	0	0	0	0	0	0	0	0	0	0	4.939927	4.277261	4.258727	4.258727	1.895385	13.250000	17.500000	99.044197	98.559158	98.745705	0	0	1	1	156	1167416
1444467273	2	1	1	0	0	0	0	0	0	0	0	0	0	0	0	4.939927	4.284390	4.274410	4.274410	1.895385	13.250000	17.500000	99.193443	98.969566	98.969566	0	0	1	1	156	1167435
1444467274	0	2	2	0	0	0	0	0	0	0	0	0	0	0	0	4.939927	4.284390	4.274410	4.277261	1.895385	13.250000	17.500000	99.268059	99.006889	98.969566	0	0	1	1	156	1167438
1444467275	0	0	1	1	0	0	0	0	0	0	0	0	0	0	0	4.939927	4.282964	4.271558	4.271558	1.895385	13.250000	17.500000	99.156143	98.857651	98.857651	0	0	1	1	156	1165749
1444467276	2	0	2	2	0	1	0	0	0	0	0	0	0	0	0	4.936703	4.270133	4.272984	4.272984	1.894579	13.250000	17.500000	99.266655	99.005310	99.005310	0	0	1	1	156	1167425
1444467278	0	0	0	0	0	0	0	0	0	0	0	0	0	0	0	4.941538	4.282964	4.272984	4.274410	1.896191	13.250000	17.500000	99.231468	98.560097	99.156868	0	0	1	1	156	1167444
1444467279	1	0	0	0	0	0	0	0	0	0	0	0	0	0	0	4.941538	4.282964	4.270133	4.270133	1.896191	13.250000	17.500000	99.082275	98.560097	99.044983	0	0	1	1	156	1164696
1444467280	0	2	1	0	0	0	0	0	0	0	0	0	0	0	0	4.941538	4.282964	4.271558	4.271558	1.896191	13.250000	17.500000	99.082275	98.858490	98.821190	0	0	1	1	156	1167426
1444467281	1	1	0	1	1	0	0	0	0	0	0	0	0	0	0	4.939927	4.281538	4.271558	4.271558	1.895385	13.250000	17.500000	99.156143	98.932274	98.894958	0	0	1	1	156	1167447
1444467282	1	1	1	0	0	0	0	0	0	0	0	0	0	0	0	4.941538	4.282964	4.271558	4.270133	1.896191	13.250000	17.500000	99.119583	98.895782	98.783882	0	0	1	1	156	1164731
1444467284	0	1	2	1	0	0	0	0	0	0	0	0	0	0	0	4.943151	4.272984	4.272984	4.268707	1.896191	13.250000	17.500000	99.083031	98.822021	98.822021	0	0	1	1	156	1167425
1444467285	0	1	0	1	0	0	0	0	0	0	0	0	0	0	0	4.941538	4.282964	4.271558	4.271558	1.896191	13.250000	17.500000	99.119583	98.858490	98.858490	0	0	1	1	156	1167444
1444467286	1	0	2	2	0	0	0	0	0	0	0	0	0	0	0	4.941538	4.285816	4.274410	4.274410	1.896191	13.250000	17.500000	99.194176	98.933075	98.709282	0	0	1	1	156	1167440
1444467287	1	2	2	1	0	0	0	0	0	0	0	0	0	0	0	4.941538	4.281538	4.271558	4.272984	1.895385	13.250000	17.500000	99.119583	98.895782	98.933075	0	0	1	1	156	1165836
1444467288	0	1	0	2	0	0	0	0	0	0	0	0	0	0	0	4.941538	4.282964	4.270133	4.270133	1.896191	13.250000	17.500000	99.156868	98.858490	98.895782	0	0	1	1	156	1167419
1444467290	1	1	1	0	0	0	0	0	0	0	0	0	0	0	0	4.941538	4.282964	4.271558	4.270133	1.896191	13.250000	17.500000	99.156868	98.858490	98.821190	0	0	1	1	156	1167435
1444467291	1	2	1	3	0	1	0	0	1	0	0	0	0	0	0	4.941538	4.280113	4.271558	4.271558	1.896191	13.250000	17.500000	99.082275	98.858490	98.821190	0	0	1	1	156	1164678
1444467292	2	0	1	0	0	0	0	0	0	0	0	0	0	0	0	4.941538	4.288667	4.271558	4.270133	1.896996	13.250000	17.500000	99.156868	98.821190	98.821190	0	0	1	1	156	1167413
1444467293	0	1	1	1	0	0	0	0	0	0	0	0	0	0	0	4.941538	4.281538	4.272984	4.271558	1.896191	13.250000	17.500000	99.082275	98.858490	98.858490	0	0	1	1	156	1167435
1444467294	1	0	2	0	0	0	0	0	0	0	0	0	0	0	0	4.943151	4.282964	4.271558	4.271558	1.896996	13.250000	17.500000	99.045746	98.784737	98.784737	0	0	1	1	156	1164675
1444467296	0	1	1	0	0	0	0	0	0	0	0	0	0	0	0	4.943151	4.282964	4.271558	4.270133	1.896191	13.250000	17.500000	99.083031	98.859314	98.784737	0	0	1	1	156	1167416
1444467297	1	1	1	1	0	0	0	0	0	0	0	0	0	0	0	4.943151	4.284390	4.272984	4.258727	1.896996	13.250000	17.500000	99.157608	98.747452	98.784737	0	0	1	1	156	1167435
1444467298	0	1	0	1	0	0	0	0	0	0	0	0	0	0	0	4.939927	4.285816	4.274410	4.274410	1.896191	13.250000	17.500000	99.268059	98.969566	98.969566	0	0	1	1	156	1164681
1444467299	0	0	0	0	0	0	0	0	0	0	0	0	0	0	0	4.941538	4.285816	4.271558	4.272984	1.897802	13.250000	17.500000	99.156868	98.821190	98.821190	0	0	1	1	156	1168571
1444467300	3	0	0	1	0	0	0	0	0	0	0	0	0	0	0	4.941538	4.281538	4.270133	4.271558	1.896996	13.250000	17.500000	99.119583	98.895782	98.858490	0	0	1	1	156	1167550
1444467302	0	2	1	0	0	0	0	0	0	0	0	0	0	0	0	4.941538	4.281538	4.271558	4.271558	1.896996	13.250000	17.500000	99.156868	98.783882	98.858490	0	0	1	1	156	1167447
1444467303	2	0	0	0	0	0	0	0	0	0	0	0	0	0	0	4.941538	4.285816	4.271558	4.270133	1.897802	13.250000	17.500000	99.156868	98.858490	98.858490	0	0	1	1	156	1164683
1444467304	0	2	0	0	0	0	0	0	0	0	0	0	0	0	0	4.941538	4.282964	4.270133	4.270133	1.897802	13.250000	17.500000	99.194176	98.858490	98.821190	0	0	1	1	156	1167425
1444467305	0	1	1	2	0	0	0	0	0	0	0	0	0	0	0	4.939927	4.285816	4.271558	4.271558	1.897802	13.250000	17.500000	99.230751	98.894958	98.894958	0	0	1	1	156	1167442
1444467306	2	0	2	0	0	1	0	0	0	0	0	0	0	0	0	4.939927	4.287241	4.272984	4.274410	1.896996	13.250000	17.500000	99.268059	98.932274	98.932274	0	0	1	1	156	1164691
1444467308	0	0	1	0	0	0	0	0	0	0	0	0	0	0	0	4.943151	4.285816	4.272984	4.272984	1.896191	13.250000	17.500000	99.157608	98.822021	98.822021	0	0	1	1	156	1167425
1444467309	1	1	0	0	0	0	0	0	0	0	0	0	0	0	0	4.939927	4.284390	4.271558	4.271558	1.897802	13.250000	17.500000	99.230751	98.894958	98.932274	0	0	1	1	156	1167445
1444467310	1	1	1	2	0	0	0	0	0	0	0	0	0	0	0	4.936703	4.290093	4.277261	4.275836	1.896191	13.250000	17.500000	99.415993	99.079971	99.079971	0	0	1	1	156	1164704
1444467311	1	0	1	0	0	0	0	0	0	0	0	0	0	0	0	4.941538	4.287241	4.272984	4.271558	1.896996	13.250000	17.500000	99.156868	98.895782	98.858490	0	0	1	1	156	1168666
1444467312	1	1	1	1	0	0	0	0	0	0	0	0	0	0	0	4.941538	4.288667	4.272984	4.271558	1.896191	13.250000	17.500000	99.082275	98.783882	98.783882	0	0	1	1	156	1167435
1444467314	1	1	0	1	0	0	0	0	1	0	0	0	0	0	0	4.941538	4.285816	4.271558	4.272984	1.896996	13.250000	17.500000	99.156868	98.858490	98.821190	0	0	1	1	156	1167435
1444467315	2	3	1	3	0	0	1	0	1	0	0	0	0	0	0	4.941538	4.288667	4.271558	4.271558	1.896996	13.250000	17.500000	99.156868	98.821190	98.821190	0	0	1	1	156	1164683
1444467316	0	0	0	0	0	0	0	0	0	0	0	0	0	0	0	4.939927	4.288667	4.272984	4.274410	1.896996	13.250000	17.500000	99.268059	98.969566	98.932274	0	0	1	1	156	1167418
1444467317	1	0	0	0	0	0	0	0	0	0	0	0	0	0	0	4.941538	4.284390	4.271558	4.272984	1.897802	13.250000	17.500000	99.231468	98.895782	98.895782	0	0	1	1	156	1167435
1444467318	0	0	1	3	0	0	0	0	0	1	0	0	0	0	0	4.939927	4.284390	4.270133	4.270133	1.896996	13.250000	17.500000	99.230751	98.894958	98.857651	0	0	1	1	156	1164668
1444467320	0	2	1	0	0	0	0	0	0	0	0	0	0	0	0	4.941538	4.285816	4.272984	4.271558	1.897802	13.250000	17.500000	99.156868	98.821190	98.821190	0	0	1	1	156	1167412
1444467321	0	0	1	0	0	0	0	0	0	0	0	0	0	0	0	4.941538	4.285816	4.272984	4.272984	1.897802	13.250000	17.500000	99.156868	98.858490	98.783882	0	0	1	1	156	1167435
1444467322	1	0	2	2	0	0	0	0	0	0	0	0	0	0	0	4.939927	4.287241	4.272984	4.274410	1.896191	13.250000	17.500000	99.305382	98.932274	98.932274	0	0	1	1	156	1164683
1444467323	0	0	0	2	0	0	0	0	0	0	0	0	0	0	0	4.939927	4.284390	4.271558	4.271558	1.897802	13.250000	17.500000	99.230751	98.894958	98.894958	0	0	1	1	156	1168574
1444467324	0	2	0	0	0	0	0	0	0	0	0	0	0	0	0	4.939927	4.284390	4.270133	4.271558	1.896996	13.250000	17.500000	99.193443	98.894958	98.894958	0	0	1	1	156	1167444
1444467326	1	2	1	2	0	0	0	0	1	0	0	0	0	0	0	4.943151	4.272984	4.275836	4.271558	1.897802	13.250000	17.500000	99.120316	98.822021	98.784737	0	0	1	1	156	1164601
1444467327	1	0	1	1	0	0	0	0	0	0	0	0	0	0	0	4.941538	4.284390	4.271558	4.270133	1.897802	13.250000	17.500000	99.156868	98.933075	98.783882	0	0	1	1	156	1167426
1444467328	0	0	1	0	0	0	0	0	0	0	0	0	0	0	0	4.941538	4.284390	4.271558	4.271558	1.897802	13.250000	17.500000	99.156868	98.858490	98.821190	0	0	1	1	156	1167445
1444467329	0	0	0	1	0	0	0	0	0	0	0	0	0	0	0	4.939927	4.284390	4.270133	4.270133	1.898608	13.250000	17.500000	99.268059	98.932274	98.894958	0	0	1	1	156	1167445
1444467330	1	1	0	1	0	0	0	0	0	0	0	0	0	0	0	4.939927	4.284390	4.270133	4.271558	1.898608	13.250000	17.500000	99.193443	98.969566	98.894958	0	0	1	1	156	1204796
1444467332	1	2	2	2	0	0	0	0	0	0	0	0	0	0	0	4.941538	4.285816	4.260152	4.280113	1.897802	13.250000	17.500000	99.119583	98.821190	98.783882	0	0	1	1	156	1167426
1444467333	3	1	0	1	0	0	0	0	0	0	0	0	0	0	0	4.941538	4.282964	4.270133	4.271558	1.897802	13.250000	17.500000	99.194176	98.895782	98.858490	0	0	1	1	156	1167445
1444467334	0	1	1	0	0	0	0	0	0	0	0	0	0	0	0	4.933480	4.290093	4.275836	4.275836	1.896191	13.250000	17.500000	99.489395	99.190514	99.153160	0	0	1	1	156	1170068
1444467335	0	1	0	1	0	0	0	0	0	0	0	0	0	0	0	4.943151	4.287241	4.272984	4.274410	1.898608	13.250000	17.500000	99.120316	98.598305	98.859314	0	0	1	1	156	1168559
1444467336	0	1	1	0	0	0	0	0	0	0	0	0	0	0	0	4.943151	4.288667	4.272984	4.272984	1.899414	13.250000	17.500000	99.120316	98.822021	98.822021	0	0	1	1	156	1167435
1444467338	2	1	1	3	0	0	1	0	0	0	0	0	0	0	0	4.941538	4.287241	4.272984	4.270133	1.898608	13.250000	17.500000	99.194176	98.858490	98.858490	0	0	1	1	156	1164706
1444467339	1	1	2	1	0	0	0	0	1	0	0	0	0	0	0	4.943151	4.285816	4.271558	4.270133	1.897802	13.250000	17.500000	99.157608	98.784737	98.784737	0	0	1	1	156	1167419
1444467340	2	1	0	2	1	0	0	0	0	0	0	0	0	0	0	4.938315	4.272984	4.270133	4.258727	1.896996	13.250000	17.500000	99.342010	98.819481	98.894127	0	0	1	1	156	1167435
1444467341	1	4	1	1	0	0	0	0	0	0	0	0	0	0	0	4.941538	4.287241	4.272984	4.272984	1.899414	13.250000	17.500000	99.194176	98.895782	98.858490	0	0	1	1	156	1167432
1444467342	0	0	2	1	0	0	0	0	0	1	0	0	0	0	0	4.941538	4.285816	4.271558	4.271558	1.898608	13.250000	17.500000	99.194176	98.821190	98.895782	0	0	1	1	156	1164679
1444467344	0	0	2	3	0	0	0	0	0	0	0	0	0	0	0	4.941538	4.285816	4.271558	4.270133	1.899414	13.250000	17.500000	99.231468	98.858490	98.858490	0	0	1	1	156	1167415
1444467345	0	2	1	2	0	0	0	0	0	1	0	0	0	0	0	4.941538	4.285816	4.270133	4.270133	1.897802	13.250000	17.500000	99.194176	98.858490	98.858490	0	0	1	1	156	1167435
1444467346	0	0	1	1	0	0	0	0	0	0	0	0	0	0	0	4.939927	4.288667	4.275836	4.274410	1.897802	13.250000	17.500000	99.305382	98.969566	98.969566	0	0	1	1	156	1164684
1444467347	0	1	2	4	0	0	0	0	0	1	0	0	0	0	0	4.941538	4.282964	4.270133	4.270133	1.898608	13.250000	17.500000	99.194176	98.858490	98.858490	0	0	1	1	156	1168571
1444467348	0	1	1	1	0	0	0	0	0	0	0	0	0	0	0	4.939927	4.285816	4.271558	4.271558	1.899414	13.250000	17.500000	99.230751	98.894958	98.894958	0	0	1	1	156	1167442
1444467350	1	1	3	3	0	0	1	0	0	0	0	0	0	0	0	4.943151	4.285816	4.272984	4.275836	1.899414	13.250000	17.500000	99.120316	98.784737	98.784737	0	0	1	1	156	1164693
1444467351	1	3	0	3	0	0	0	0	1	0	0	0	0	0	0	4.941538	4.284390	4.270133	4.271558	1.899414	13.250000	17.500000	99.156868	98.858490	98.858490	0	0	1	1	156	1167425
1444467352	2	1	0	1	0	0	0	0	0	0	0	0	0	0	0	4.941538	4.284390	4.271558	4.274410	1.899414	13.250000	17.500000	99.156868	98.821190	98.858490	0	0	1	1	156	1167445
1444467353	2	1	1	3	0	0	0	0	0	0	0	0	0	0	0	4.939927	4.285816	4.272984	4.270133	1.898608	13.250000	17.500000	99.193443	98.894958	98.857651	0	0	1	1	156	1164763
1444467354	1	0	0	0	0	0	0	0	0	0	0	0	0	0	0	4.941538	4.284390	4.270133	4.258727	1.897802	13.250000	17.500000	99.417976	98.783882	98.858490	0	0	1	1	156	1167426
1444467356	1	1	0	0	0	0	0	0	0	0	0	0	0	0	0	4.941538	4.284390	4.271558	4.271558	1.900220	13.250000	17.500000	99.194176	98.858490	98.821190	0	0	1	1	156	1167445
1444467357	2	1	0	1	0	0	0	0	0	0	0	0	0	0	0	4.941538	4.284390	4.272984	4.271558	1.898608	13.250000	17.500000	99.156868	98.858490	98.858490	0	0	1	1	156	1167448
1444467358	2	0	0	1	0	0	0	0	0	0	0	0	0	0	0	4.939927	4.288667	4.275836	4.272984	1.899414	13.250000	17.500000	99.305382	98.969566	98.969566	0	0	1	1	156	1164678
1444467359	2	0	2	0	0	0	0	0	0	0	0	0	0	0	0	4.941538	4.285816	4.272984	4.270133	1.899414	13.250000	17.500000	99.194176	98.821190	98.858490	0	0	1	1	156	1168561
1444467360	1	0	1	0	0	0	0	0	0	0	0	0	0	0	0	4.939927	4.275836	4.260152	4.275836	1.899414	13.250000	17.500000	99.156143	98.894958	98.857651	0	0	1	1	156	1167436
1444467362	1	0	1	1	0	0	0	0	0	0	0	0	0	0	0	4.941538	4.274410	4.260152	4.278687	1.899414	13.250000	17.500000	99.156868	98.858490	98.858490	0	0	1	1	156	1164676
1444467363	2	2	3	0	0	0	0	0	0	0	0	0	0	0	0	4.943151	4.285816	4.271558	4.270133	1.899414	13.250000	17.500000	99.194893	98.747452	98.822021	0	0	1	1	156	1167416
1444467364	0	0	2	0	0	0	0	0	0	0	0	0	0	0	0	4.941538	4.284390	4.271558	4.270133	1.899414	13.250000	17.500000	99.194176	98.858490	98.858490	0	0	1	1	156	1167435
1444467365	1	2	0	1	0	0	0	0	0	0	0	0	0	0	0	4.941538	4.285816	4.272984	4.274410	1.899414	13.250000	17.500000	99.194176	98.858490	98.858490	0	0	1	1	156	1164682
1444467366	3	2	0	1	0	0	0	0	1	0	0	0	0	0	0	4.941538	4.285816	4.271558	4.268707	1.899414	13.250000	17.500000	99.194176	98.858490	98.858490	0	0	1	1	156	1167415
1444467368	0	1	2	1	0	0	0	0	0	0	0	0	0	0	0	4.941538	4.284390	4.271558	4.271558	1.900220	13.250000	17.500000	99.231468	98.485497	99.007675	0	0	1	1	156	1167436
1444467369	2	0	3	0	0	0	0	0	0	0	0	0	0	0	0	4.941538	4.271558	4.274410	4.260152	1.899414	13.250000	17.500000	98.858490	98.485497	98.634682	0	0	1	1	156	1164681
1444467370	2	2	0	2	0	0	0	0	1	0	0	0	0	0	0	4.939927	4.287241	4.275836	4.274410	1.897802	13.250000	17.500000	99.342690	98.969566	98.969566	0	0	1	1	156	1167416
1444467371	2	0	1	0	0	0	0	0	0	0	0	0	0	0	0	4.941538	4.284390	4.271558	4.271558	1.900220	13.250000	17.500000	99.231468	98.858490	98.858490	0	0	1	1	156	1168591
1444467372	0	4	1	1	0	0	0	0	1	0	0	0	0	0	0	4.943151	4.285816	4.271558	4.272984	1.900220	13.250000	17.500000	99.120316	98.822021	98.822021	0	0	1	1	156	1167445
1444467374	1	2	1	1	0	0	0	1	0	0	0	0	0	0	0	4.936703	4.285816	4.272984	4.272984	1.899414	13.250000	17.500000	99.303986	99.005310	99.005310	0	0	1	1	156	1164679
1444467375	4	0	1	1	0	0	0	0	0	0	0	0	0	0	0	4.939927	4.288667	4.275836	4.271558	1.899414	13.250000	17.500000	99.230751	98.559158	99.081512	0	0	1	1	156	1167425
1444467376	2	2	0	1	0	0	0	0	0	0	0	0	0	0	0	4.943151	4.285816	4.271558	4.271558	1.900220	13.250000	17.500000	99.157608	98.822021	98.859314	0	0	1	1	156	1167445
1444467377	0	0	1	0	0	0	0	0	0	0	0	0	0	0	0	4.941538	4.285816	4.271558	4.274410	1.900220	13.250000	17.500000	99.156868	98.858490	98.821190	0	0	1	1	156	1164698
1444467378	0	0	0	0	0	0	0	0	0	0	0	0	0	0	0	4.941538	4.285816	4.272984	4.271558	1.900220	13.250000	17.500000	99.156868	98.858490	98.821190	0	0	1	1	156	1167427
1444467380	0	1	0	2	0	0	0	0	0	0	0	0	0	0	0	4.939927	4.274410	4.260152	4.261578	1.897802	13.250000	17.500000	99.230751	98.820328	98.894958	0	0	1	1	156	1167445
1444467381	2	1	0	0	0	0	0	0	0	0	0	0	0	0	0	4.938315	4.285816	4.267281	4.270133	1.900220	13.250000	17.500000	99.267357	98.931450	98.931450	0	0	1	1	156	1164676
1444467382	0	2	0	0	0	0	0	0	0	0	0	0	0	0	0	4.938315	4.287241	4.265855	4.263004	1.900220	13.250000	17.500000	99.267357	99.006096	99.006096	0	0	1	1	156	1167418
1444467383	0	0	0	0	0	0	0	0	0	0	0	0	0	0	0	4.941538	4.285816	4.271558	4.270133	1.900220	13.250000	17.500000	99.156868	98.821190	98.821190	0	0	1	1	156	1168580
1444467384	0	0	0	0	0	0	0	0	0	0	0	0	0	0	0	4.938315	4.287241	4.272984	4.272984	1.899414	13.250000	17.500000	99.304680	99.043419	99.006096	0	0	1	1	156	1167437
1444467386	2	1	0	1	0	0	0	0	1	0	0	0	0	0	0	4.939927	4.285816	4.270133	4.272984	1.900220	13.250000	17.500000	99.193443	98.820328	98.857651	0	0	1	1	156	1164673
1444467387	0	0	3	0	0	0	0	0	0	0	0	0	0	0	0	4.943151	4.281538	4.271558	4.270133	1.900220	13.250000	17.500000	99.120316	98.822021	98.784737	0	0	1	1	156	1167416
1444467388	1	1	2	0	0	0	0	0	0	0	0	0	0	0	0	4.941538	4.285816	4.271558	4.271558	1.900220	13.250000	17.500000	99.119583	98.821190	98.821190	0	0	1	1	156	1167432
1444467389	1	1	3	1	0	0	0	0	0	0	0	0	0	0	0	4.941538	4.284390	4.271558	4.271558	1.901026	13.250000	17.500000	99.194176	98.858490	98.858490	0	0	1	1	156	1164669
1444467390	0	0	1	1	0	0	0	0	0	0	0	0	0	0	0	4.941538	4.285816	4.270133	4.270133	1.900220	13.250000	17.500000	99.156868	98.895782	98.858490	0	0	1	1	156	1167415
1444467392	1	0	1	1	0	0	0	0	0	0	0	0	0	0	0	4.941538	4.284390	4.270133	4.271558	1.901026	13.250000	17.500000	99.194176	98.858490	98.858490	0	0	1	1	156	1167435
1444467393	0	0	0	1	0	0	0	0	0	0	0	0	0	0	0	4.939927	4.285816	4.272984	4.271558	1.901026	13.250000	17.500000	99.193443	98.894958	98.820328	0	0	1	1	156	1164687
1444467394	0	1	1	2	0	0	0	0	0	0	0	0	0	0	0	4.938315	4.288667	4.275836	4.274410	1.900220	13.250000	17.500000	99.304680	99.006096	98.968781	0	0	1	1	156	1167416
1444467395	2	0	0	3	0	0	1	0	0	0	0	0	0	0	0	4.943151	4.285816	4.274410	4.271558	1.901026	13.250000	17.500000	99.120316	98.822021	98.747452	0	0	1	1	156	1168591
1444467396	0	0	0	0	0	0	0	0	0	0	0	0	0	0	0	4.941538	4.284390	4.272984	4.270133	1.900220	13.250000	17.500000	99.156868	98.858490	98.858490	0	0	1	1	156	1164735
1444467398	1	1	1	4	0	1	0	0	0	0	0	0	0	0	0	4.941538	4.285816	4.270133	4.270133	1.901026	13.250000	17.500000	99.194176	98.933075	98.858490	0	0	1	1	156	1167425
1444467399	0	0	0	2	0	0	0	0	0	0	0	0	0	0	0	4.939927	4.285816	4.271558	4.272984	1.901026	13.250000	17.500000	99.193443	98.894958	98.857651	0	0	1	1	156	1167445
1444467400	0	1	1	1	0	0	0	0	0	0	0	0	0	0	0	4.941538	4.285816	4.260152	4.280113	1.900220	13.250000	17.500000	99.082275	98.821190	98.821190	0	0	1	1	156	1167445
1444467401	1	2	2	0	0	0	0	0	0	0	0	0	0	0	0	4.943151	4.287241	4.260152	4.278687	1.901832	13.250000	17.500000	99.045746	98.784737	98.784737	0	0	1	1	156	1164683
1444467402	1	0	1	1	0	0	0	0	0	0	0	0	0	0	0	4.939927	4.287241	4.272984	4.271558	1.901832	13.500000	17.500000	99.193443	98.857651	98.894958	0	0	1	1	156	1167425
1444467404	1	0	1	1	0	0	0	0	0	0	0	0	0	0	0	4.943151	4.285816	4.267281	4.271558	1.901832	13.250000	17.500000	99.157608	98.784737	98.822021	0	0	1	1	156	1167445
1444467405	0	2	1	0	0	0	0	0	0	0	0	0	0	0	0	4.941538	4.287241	4.268707	4.272984	1.901832	13.250000	17.500000	99.194176	98.821190	98.821190	0	0	1	1	156	1164685
1444467406	3	1	0	0	0	0	0	0	0	0	0	0	0	0	0	4.939927	4.287241	4.274410	4.274410	1.900220	13.250000	17.500000	99.342690	98.969566	99.006889	0	0	1	1	156	1167421
1444467407	0	0	0	0	0	0	0	0	0	0	0	0	0	0	0	4.941538	4.272984	4.280113	4.268707	1.901026	13.250000	17.500000	99.156868	98.858490	98.821190	0	0	1	1	156	1168581
1444467408	2	1	2	1	0	0	0	0	1	0	0	0	0	0	0	4.944762	4.274410	4.280113	4.267281	1.901026	13.250000	17.500000	99.158348	98.860153	98.785599	0	0	1	1	156	1164682
1444467410	2	1	1	0	0	0	0	0	0	0	0	0	0	0	0	4.941538	4.282964	4.270133	4.270133	1.901832	13.250000	17.500000	99.231468	98.858490	98.895782	0	0	1	1	156	1167416
1444467411	1	1	0	1	0	0	0	0	0	0	0	0	0	0	0	4.941538	4.288667	4.272984	4.272984	1.901832	13.250000	17.500000	99.119583	98.821190	98.821190	0	0	1	1	156	1167435
1444467412	1	4	1	3	0	0	0	1	1	0	0	0	0	0	0	4.939927	4.285816	4.271558	4.271558	1.901832	13.500000	17.500000	99.230751	98.932274	98.894958	0	0	1	1	156	1167435
1444467413	0	2	1	1	0	0	0	1	0	0	0	0	0	0	0	4.939927	4.285816	4.272984	4.271558	1.901832	13.500000	17.500000	99.156143	98.857651	98.857651	0	0	1	1	156	1287931
1444467414	2	0	3	1	0	0	0	0	0	0	0	0	0	0	0	4.939927	4.287241	4.271558	4.271558	1.901832	13.500000	17.500000	99.193443	98.857651	98.857651	0	0	1	1	156	1167416
1444467416	0	1	1	1	0	0	0	0	0	0	0	0	0	0	0	4.939927	4.288667	4.270133	4.270133	1.901026	13.250000	17.500000	99.193443	98.932274	98.521835	0	0	1	1	156	1167435
1444467417	2	0	3	2	0	0	0	0	0	0	0	0	0	0	0	4.939927	4.285816	4.270133	4.272984	1.901026	13.250000	17.500000	99.156143	98.857651	98.894958	0	0	1	1	156	1273992
1444467418	1	1	1	1	0	0	0	0	1	0	0	0	0	0	0	4.941538	4.278687	4.275836	4.271558	1.901026	13.250000	17.500000	99.268776	98.933075	98.895782	0	0	1	1	156	1167416
1444467419	2	0	0	0	0	0	0	0	0	0	0	0	0	0	0	4.941538	4.284390	4.270133	4.270133	1.902637	13.500000	17.500000	99.156868	98.821190	98.933075	0	0	1	1	156	1168591
1444467421	0	1	0	1	0	0	0	0	0	0	0	0	0	0	0	4.941538	4.287241	4.274410	4.272984	1.901832	13.250000	17.500000	99.231468	98.895782	98.858490	0	0	1	1	156	1303769
1444467422	0	1	1	2	0	0	0	0	0	0	0	0	0	0	0	4.943151	4.287241	4.271558	4.271558	1.901832	13.250000	17.500000	99.194893	98.747452	98.822021	0	0	1	1	156	1167415
1444467423	0	1	1	2	0	0	0	0	0	0	0	0	0	0	0	4.943151	4.284390	4.268707	4.271558	1.901832	13.250000	17.500000	99.120316	98.822021	98.822021	0	0	1	1	156	1167445
1444467424	1	2	0	0	0	0	0	0	0	0	0	0	0	0	0	4.941538	4.285816	4.271558	4.271558	1.901832	13.250000	17.500000	99.156868	98.858490	98.858490	0	0	1	1	156	1298664
1444467426	2	1	0	0	0	0	0	0	0	0	0	0	0	0	0	4.941538	4.285816	4.274410	4.260152	1.901026	13.250000	17.500000	99.380669	98.746590	98.783882	0	0	1	1	156	1167416
1444467427	1	2	1	1	0	0	0	0	1	0	0	0	0	0	0	4.941538	4.285816	4.271558	4.271558	1.902637	13.500000	17.500000	99.156868	98.858490	98.821190	0	0	1	1	156	1167445
1444467428	0	1	1	2	0	0	0	0	0	0	0	0	0	0	0	4.944762	4.281538	4.270133	4.270133	1.902637	13.250000	17.500000	99.083794	98.785599	98.748329	0	0	1	1	156	1184061
1444467429	0	0	1	0	0	0	0	0	0	0	0	0	0	0	0	4.943151	4.285816	4.270133	4.268707	1.901832	13.250000	17.500000	99.157608	98.859314	98.784737	0	0	1	1	156	1284211
1444467431	0	1	0	1	0	0	0	0	0	0	0	0	0	0	0	4.941538	4.288667	4.277261	4.275836	1.901832	13.250000	17.500000	99.194176	98.933075	98.933075	0	0	1	1	156	1167425
1444467432	1	0	0	1	0	0	0	0	0	0	0	0	0	0	0	4.943151	4.287241	4.272984	4.270133	1.902637	13.250000	17.500000	99.157608	98.822021	98.822021	0	0	1	1	156	1168585
1444467433	2	1	1	3	1	0	0	0	0	0	0	0	0	0	0	4.941538	4.287241	4.272984	4.270133	1.902637	13.500000	17.500000	99.156868	98.821190	98.821190	0	0	1	1	156	1273922
1444467434	1	0	0	0	0	0	0	0	0	0	0	0	0	0	0	4.941538	4.274410	4.280113	4.268707	1.902637	13.500000	17.500000	99.156868	98.858490	98.821190	0	0	1	1	156	1167415
1444467436	1	0	1	2	0	0	0	0	0	0	0	0	0	0	0	4.941538	4.285816	4.270133	4.270133	1.902637	13.500000	17.500000	99.082275	98.560097	98.448196	0	0	1	1	156	1167436
1444467437	2	0	1	1	0	0	0	0	0	0	0	0	0	0	0	4.939927	4.288667	4.270133	4.271558	1.901832	13.500000	17.500000	99.268059	98.857651	98.932274	0	0	1	1	156	1180946
1444467438	1	1	1	1	0	0	0	0	0	0	0	0	0	0	0	4.939927	4.287241	4.272984	4.274410	1.901832	13.500000	17.500000	99.230751	98.894958	98.894958	0	0	1	1	156	1167383
1444467439	1	0	0	0	0	0	0	0	0	0	0	0	0	0	0	4.944762	4.294370	4.265855	4.267281	1.902637	13.250000	17.500000	99.121078	98.748329	98.785599	0	0	1	1	156	1167435
1444467440	2	2	0	1	0	0	0	0	0	0	0	0	0	0	0	4.941538	4.285816	4.267281	4.271558	1.901026	13.250000	17.500000	99.156868	98.783882	98.821190	0	0	1	1	156	1167433
1444467442	1	1	2	1	0	0	0	0	0	0	0	0	0	0	0	4.941538	4.285816	4.274410	4.270133	1.903443	13.500000	17.500000	99.194176	98.895782	98.821190	0	0	1	1	156	1181051
1444467443	1	1	0	1	0	0	0	0	0	0	0	0	0	0	0	4.939927	4.285816	4.271558	4.275836	1.901832	13.500000	17.500000	99.268059	98.894958	99.006889	0	0	1	1	156	1167383
1444467444	0	1	1	0	0	0	0	1	0	0	0	0	0	0	0	4.941538	4.285816	4.270133	4.270133	1.901832	13.250000	17.500000	99.156868	98.746590	98.821190	0	0	1	1	156	1168591
1444467445	2	1	1	1	0	0	0	0	0	0	0	0	0	0	0	4.943151	4.271558	4.274410	4.272984	1.902637	13.250000	17.500000	99.120316	98.822021	98.784737	0	0	1	1	156	1177380
1444467446	1	0	0	2	0	0	0	0	0	0	0	0	0	0	0	4.941538	4.288667	4.274410	4.272984	1.903443	13.500000	17.500000	99.156868	98.858490	98.821190	0	0	1	1	156	1167426
1444467448	2	1	0	1	0	0	0	0	0	0	0	0	0	0	0	4.941538	4.285816	4.271558	4.270133	1.902637	13.500000	17.500000	99.194176	98.858490	98.858490	0	0	1	1	156	1167445
1444467449	1	1	2	0	0	1	0	0	0	0	0	0	0	0	0	4.941538	4.285816	4.274410	4.272984	1.902637	13.500000	17.500000	99.231468	98.895782	98.858490	0	0	1	1	156	1180956
1444467450	0	0	0	1	0	0	0	0	0	0	0	0	0	0	0	4.941538	4.284390	4.275836	4.270133	1.903443	13.500000	17.500000	99.156868	98.895782	98.783882	0	0	1	1	156	1167416
1444467451	1	1	1	0	0	0	0	0	0	0	0	0	0	0	0	4.943151	4.284390	4.270133	4.271558	1.903443	13.500000	17.500000	99.194893	98.822021	98.822021	0	0	1	1	156	1167445
1444467452	2	0	1	0	0	1	0	0	0	0	0	0	0	0	0	4.941538	4.287241	4.270133	4.274410	1.903443	13.500000	17.500000	99.194176	98.858490	98.858490	0	0	1	1	156	1165324
1444467454	2	0	1	1	0	1	0	0	0	0	0	0	0	0	0	4.939927	4.285816	4.274410	4.272984	1.902637	13.500000	17.500000	99.230751	99.006889	98.932274	0	0	1	1	156	1167425
1444467455	1	1	0	0	0	0	0	0	0	0	0	0	0	0	0	4.939927	4.287241	4.272984	4.274410	1.902637	13.500000	17.500000	99.305382	98.894958	98.969566	0	0	1	1	156	1167445
1444467456	1	0	0	3	0	0	0	0	0	0	0	0	0	0	0	4.943151	4.284390	4.268707	4.270133	1.903443	13.500000	17.500000	99.157608	98.747452	98.859314	0	0	1	1	156	1168581
1444467457	1	2	1	1	0	0	0	0	0	0	0	0	0	0	0	4.941538	4.272984	4.272984	4.272984	1.902637	13.500000	17.500000	99.156868	98.933075	98.858490	0	0	1	1	156	1180948
1444467458	0	0	1	0	0	0	0	0	0	0	0	0	0	0	0	4.943151	4.285816	4.274410	4.271558	1.902637	13.250000	17.500000	99.120316	98.859314	98.822021	0	0	1	1	156	1167383
1444467460	1	1	0	0	0	0	0	0	0	0	0	0	0	0	0	4.941538	4.284390	4.274410	4.272984	1.903443	13.500000	17.500000	99.156868	98.895782	98.895782	0	0	1	1	156	1184052
1444467461	1	3	4	1	0	1	0	1	0	1	0	0	0	0	0	4.939927	4.287241	4.272984	4.272984	1.903443	13.500000	17.500000	99.305382	99.006889	98.969566	0	0	1	1	156	1165298
1444467462	1	0	1	1	0	1	0	0	0	0	0	0	0	0	0	4.941538	4.284390	4.268707	4.270133	1.903443	13.500000	17.500000	99.156868	98.783882	98.858490	0	0	1	1	156	1184033
1444467463	0	0	0	1	0	0	0	0	0	0	0	0	0	0	0	4.941538	4.284390	4.268707	4.270133	1.903443	13.500000	17.500000	99.194176	98.821190	98.858490	0	0	1	1	156	1167422
1444467465	2	0	1	0	0	0	0	0	0	0	0	0	0	0	0	4.939927	4.284390	4.271558	4.270133	1.904249	13.500000	17.500000	99.230751	98.894958	98.745705	0	0	1	1	156	1180946
1444467466	0	1	0	0	0	0	0	0	0	0	0	0	0	0	0	4.938315	4.288667	4.274410	4.272984	1.902637	13.500000	17.500000	99.304680	98.931450	98.931450	0	0	1	1	156	1167385
1444467467	2	1	1	2	0	0	0	0	0	0	0	0	0	0	0	4.939927	4.290093	4.274410	4.275836	1.903443	13.500000	17.500000	99.305382	98.932274	98.932274	0	0	1	1	156	1167435
1444467468	2	1	5	1	0	0	0	0	0	0	0	0	0	0	0	4.943151	4.285816	4.268707	4.260152	1.904249	13.500000	17.500000	99.045746	98.784737	98.896599	0	0	1	1	156	1168591
1444467469	1	0	3	1	0	0	0	0	0	0	0	0	0	0	0	4.941538	4.288667	4.272984	4.274410	1.903443	13.500000	17.500000	99.231468	98.933075	98.895782	0	0	1	1	156	1165326
1444467471	0	1	1	1	0	0	0	0	0	0	0	0	0	0	0	4.941538	4.285816	4.272984	4.272984	1.904249	13.500000	17.500000	99.156868	98.858490	98.858490	0	0	1	1	156	1167425
1444467472	1	0	1	0	0	0	0	0	0	0	0	0	0	0	0	4.944762	4.274410	4.275836	4.270133	1.904249	13.500000	17.500000	99.121078	98.860153	98.822884	0	0	1	1	156	1167445
1444467473	0	0	2	2	0	0	0	0	0	0	0	0	0	0	0	4.941538	4.284390	4.274410	4.271558	1.904249	13.500000	17.500000	99.156868	98.933075	98.858490	0	0	1	1	156	1165359
1444467474	1	3	1	2	0	0	0	0	0	0	0	0	0	0	0	4.936703	4.288667	4.271558	4.272984	1.902637	13.500000	17.500000	99.341316	98.967964	98.967964	0	0	1	1	156	1167428
1444467475	1	0	1	1	0	0	0	0	0	0	0	0	0	0	0	4.941538	4.284390	4.272984	4.271558	1.904249	13.500000	17.500000	99.194176	98.895782	98.821190	0	0	1	1	156	1167445
1444467477	0	0	1	1	0	0	0	0	0	0	0	0	0	0	0	4.939927	4.282964	4.271558	4.271558	1.903443	13.500000	17.500000	99.118820	98.932274	98.894958	0	0	1	1	156	1165316
1444467478	2	0	2	1	0	0	0	0	0	1	0	0	0	0	0	4.941538	4.285816	4.272984	4.272984	1.904249	13.500000	17.500000	99.194176	98.821190	98.970383	0	0	1	1	156	1167425
1444467479	1	0	1	1	0	0	0	0	0	0	0	0	0	0	0	4.939927	4.288667	4.275836	4.275836	1.903443	13.500000	17.500000	99.305382	98.969566	98.932274	0	0	1	1	156	1167440
1444467480	0	1	0	0	0	0	0	0	0	0	0	0	0	0	0	4.941538	4.284390	4.274410	4.274410	1.902637	13.500000	17.500000	98.933075	98.821190	98.821190	0	0	1	1	156	1166460
1444467481	1	0	3	0	0	0	0	0	0	0	0	0	0	0	0	4.939927	4.285816	4.271558	4.272984	1.904249	13.500000	17.500000	99.193443	98.857651	98.894958	0	0	1	1	156	1167415
1444467483	1	4	0	1	0	0	0	0	0	0	0	0	0	0	0	4.938315	4.288667	4.275836	4.274410	1.902637	13.500000	17.500000	99.304680	99.043419	99.006096	0	0	1	1	156	1167438
1444467484	2	0	1	2	0	0	0	0	0	0	0	0	0	0	0	4.939927	4.285816	4.271558	4.275836	1.904249	13.500000	17.500000	99.230751	98.820328	98.969566	0	0	1	1	156	1167435
1444467485	2	0	0	2	0	0	1	0	0	0	0	0	0	0	0	4.941538	4.285816	4.271558	4.274410	1.904249	13.500000	17.500000	99.156868	98.895782	98.895782	0	0	1	1	156	1165327
1444467486	1	0	0	0	0	0	0	0	0	0	0	0	0	0	0	4.941538	4.284390	4.272984	4.274410	1.904249	13.500000	17.500000	99.194176	98.933075	98.895782	0	0	1	1	156	1167416
1444467487	0	3	1	0	0	0	0	0	0	0	0	0	0	0	0	4.943151	4.280113	4.274410	4.275836	1.902637	13.250000	17.500000	99.120316	99.008469	98.971169	0	0	1	1	156	1167435
1444467489	1	1	1	2	0	0	0	0	0	0	0	0	0	0	0	4.943151	4.282964	4.274410	4.275836	1.905055	13.500000	17.500000	99.083031	98.598305	98.896599	0	0	1	1	156	1165390
1444467490	1	1	0	1	0	0	0	0	0	0	0	0	0	0	0	4.941538	4.284390	4.272984	4.272984	1.904249	13.500000	17.500000	99.156868	98.933075	98.933075	0	0	1	1	156	1167416
1444467491	1	1	3	1	0	0	0	0	0	0	0	0	0	0	0	4.938315	4.290093	4.280113	4.275836	1.902637	13.500000	17.500000	99.379326	99.118073	99.043419	0	0	1	1	156	1167437
1444467492	1	0	0	1	0	0	0	0	0	0	0	0	0	0	0	4.939927	4.280113	4.274410	4.272984	1.904249	13.500000	17.500000	99.118820	98.932274	98.894958	0	0	1	1	156	1166488
1444467493	0	0	1	0	0	0	0	0	0	0	0	0	0	0	0	4.943151	4.284390	4.271558	4.272984	1.905055	13.500000	17.500000	99.120316	98.822021	98.784737	0	0	1	1	156	1167423
1444467495	1	0	0	0	0	0	0	0	0	0	0	0	0	0	0	4.941538	4.285816	4.271558	4.271558	1.904249	13.500000	17.500000	99.156868	98.858490	98.821190	0	0	1	1	156	1167445
1444467496	1	2	0	2	0	0	0	0	1	0	0	0	0	0	0	4.936703	4.284390	4.272984	4.275836	1.905055	13.500000	17.500000	99.266655	99.042641	99.042641	0	0	1	1	156	1167445
1444467497	1	1	1	1	0	1	0	0	0	0	0	0	0	0	0	4.941538	4.285816	4.271558	4.274410	1.905055	13.500000	17.500000	99.119583	98.522797	99.119583	0	0	1	1	156	1165350
1444467498	2	1	1	1	0	0	0	0	0	0	0	0	0	0	0	4.941538	4.282964	4.271558	4.271558	1.904249	13.500000	17.500000	99.119583	98.858490	98.933075	0	0	1	1	156	1167426
1444467499	0	0	0	0	0	0	0	0	0	0	0	0	0	0	0	4.941538	4.285816	4.274410	4.272984	1.905055	13.500000	17.500000	99.194176	98.933075	98.895782	0	0	1	1	156	1167448
1444467501	0	0	0	0	0	0	0	0	0	0	0	0	0	0	0	4.941538	4.285816	4.270133	4.261578	1.904249	13.500000	17.500000	99.380669	98.783882	98.933075	0	0	1	1	156	1165323
1444467502	0	0	0	0	0	0	0	0	0	0	0	0	0	0	0	4.941538	4.288667	4.275836	4.272984	1.905861	13.500000	17.500000	99.156868	98.933075	98.858490	0	0	1	1	156	1167425
1444467503	1	2	0	0	0	0	0	0	0	0	0	0	0	0	0	4.939927	4.287241	4.274410	4.277261	1.904249	13.500000	17.500000	99.305382	98.969566	99.044197	0	0	1	1	156	1167443
1444467504	2	1	2	1	0	0	0	0	0	0	0	0	0	0	0	4.939927	4.281538	4.271558	4.272984	1.905055	13.500000	17.500000	99.118820	98.894958	98.932274	0	0	1	1	156	1166517
1444467505	1	0	0	2	0	0	0	0	0	0	0	0	0	0	0	4.944762	4.285816	4.271558	4.272984	1.905055	13.500000	17.500000	99.083794	98.524689	98.487404	0	0	1	1	156	1167416
1444467507	1	1	1	0	0	0	0	0	0	0	0	0	0	0	0	4.941538	4.282964	4.271558	4.272984	1.905055	13.500000	17.500000	99.119583	98.858490	98.933075	0	0	1	1	156	1167435
1444467508	1	1	2	1	0	1	0	0	0	0	0	0	0	0	0	4.941538	4.281538	4.272984	4.272984	1.905055	13.500000	17.500000	99.082275	98.858490	98.858490	0	0	1	1	156	1165323
1444467509	0	1	1	0	0	0	0	0	0	0	0	0	0	0	0	4.941538	4.282964	4.271558	4.272984	1.904249	13.500000	17.500000	99.044983	98.746590	98.858490	0	0	1	1	156	1167416
1444467510	1	1	0	2	0	0	0	0	0	0	0	0	0	0	0	4.941538	4.285816	4.274410	4.272984	1.905055	13.500000	17.500000	99.156868	98.895782	98.895782	0	0	1	1	156	1167435
1444467511	1	1	0	0	1	0	0	0	0	0	0	0	0	0	0	4.939927	4.287241	4.272984	4.272984	1.905055	13.500000	17.500000	99.193443	98.894958	98.932274	0	0	1	1	156	1167438
1444467513	1	1	3	0	0	1	0	0	0	0	0	0	0	0	0	4.943151	4.272984	4.278687	4.270133	1.905055	13.500000	17.500000	99.120316	98.822021	98.859314	0	0	1	1	156	1165323
1444467514	0	0	0	2	0	0	0	0	0	0	0	0	0	0	0	4.939927	4.282964	4.271558	4.272984	1.905861	13.500000	17.500000	99.156143	98.857651	98.894958	0	0	1	1	156	1167416
1444467515	0	2	1	1	0	0	0	1	0	0	0	0	0	0	0	4.938315	4.288667	4.272984	4.275836	1.905055	13.500000	17.500000	99.342010	98.968781	99.006096	0	0	1	1	156	1167435
1444467516	1	1	0	2	0	0	0	0	0	0	0	0	0	0	0	4.941538	4.288667	4.272984	4.274410	1.905055	13.500000	17.500000	99.156868	98.821190	98.895782	0	0	1	1	156	1166486
1444467517	2	0	0	1	0	0	0	0	0	0	0	0	0	0	0	4.941538	4.281538	4.274410	4.274410	1.905861	13.500000	17.500000	98.821190	98.970383	98.783882	0	0	1	1	156	1167425
1444467519	2	0	2	1	0	1	1	0	0	1	0	0	1	0	0	4.941538	4.282964	4.271558	4.272984	1.905861	13.500000	17.500000	99.082275	98.821190	98.858490	0	0	1	1	156	1167444
1444467520	1	2	0	0	0	0	0	0	0	0	0	0	0	0	0	4.941538	4.282964	4.272984	4.272984	1.905861	13.500000	17.500000	99.119583	98.858490	98.858490	0	0	1	1	156	1165395
1444467521	1	1	2	1	0	0	0	0	0	0	0	0	0	0	0	4.939927	4.285816	4.260152	4.281538	1.905055	13.500000	17.500000	99.118820	98.857651	98.894958	0	0	1	1	156	1167426
1444467522	2	1	1	3	0	1	0	0	0	0	0	0	0	0	0	4.941538	4.287241	4.272984	4.274410	1.905055	13.500000	17.500000	99.156868	98.895782	98.895782	0	0	1	1	156	1167445
1444467523	1	0	0	0	0	0	0	0	0	0	0	0	0	0	0	4.939927	4.282964	4.270133	4.272984	1.905861	13.500000	17.500000	99.156143	98.894958	98.894958	0	0	1	1	156	1165340
1444467525	2	0	0	0	0	0	0	0	0	0	0	0	0	0	0	4.943151	4.284390	4.268707	4.272984	1.905861	13.500000	17.500000	99.045746	98.784737	98.859314	0	0	1	1	156	1167425
1444467526	1	0	0	1	0	0	0	0	0	0	0	0	0	0	0	4.941538	4.282964	4.271558	4.272984	1.905861	13.500000	17.500000	99.082275	98.858490	98.895782	0	0	1	1	156	1167442
1444467527	1	1	0	2	0	0	0	0	0	0	0	0	0	0	0	4.939927	4.287241	4.275836	4.275836	1.905055	13.500000	17.500000	99.305382	99.044197	99.006889	0	0	1	1	156	1167439
1444467528	1	1	1	2	0	0	0	0	0	0	0	0	0	0	0	4.941538	4.284390	4.271558	4.274410	1.905861	13.500000	17.500000	99.231468	98.895782	98.933075	0	0	1	1	156	1166481
1444467529	1	0	2	1	0	0	0	0	0	0	0	0	0	0	0	4.941538	4.278687	4.258727	4.277261	1.906667	13.500000	17.500000	99.156868	98.858490	98.933075	0	0	1	1	156	1167416
1444467531	0	1	1	2	0	0	0	0	0	0	0	0	0	0	0	4.941538	4.284390	4.270133	4.274410	1.905861	13.500000	17.500000	99.194176	98.821190	98.895782	0	0	1	1	156	1167435
1444467532	1	3	1	3	0	0	0	0	0	0	0	0	0	0	0	4.941538	4.282964	4.272984	4.274410	1.905861	13.500000	17.500000	99.082275	98.858490	98.895782	0	0	1	1	156	1165341
1444467533	1	0	0	0	0	0	0	0	0	0	0	0	0	0	0	4.943151	4.282964	4.268707	4.272984	1.905861	13.500000	17.500000	99.157608	98.859314	98.896599	0	0	1	1	156	1167416
1444467534	2	1	1	1	0	0	1	0	0	0	0	0	0	0	0	4.941538	4.282964	4.271558	4.275836	1.905861	13.500000	17.500000	99.082275	98.821190	98.858490	0	0	1	1	156	1167432
1444467535	2	1	0	1	0	0	0	0	0	0	0	0	0	0	0	4.941538	4.285816	4.271558	4.272984	1.906667	13.500000	17.500000	99.194176	98.858490	98.895782	0	0	1	1	156	1165395
1444467537	1	3	0	2	0	0	0	0	2	0	0	0	0	0	0	4.941538	4.282964	4.270133	4.272984	1.905861	13.500000	17.500000	99.194176	98.821190	98.821190	0	0	1	1	156	1167416
1444467538	0	0	2	0	0	0	0	0	0	0	0	0	0	0	0	4.941538	4.287241	4.271558	4.261578	1.905861	13.500000	17.500000	99.194176	98.783882	98.858490	0	0	1	1	156	1167435
1444467539	3	3	2	1	0	0	0	0	0	0	0	0	0	0	0	4.941538	4.284390	4.272984	4.274410	1.905055	13.500000	17.500000	99.194176	98.671989	98.709282	0	0	1	1	156	1167435
1444467540	1	1	1	0	0	0	0	0	0	0	0	0	0	0	0	4.939927	4.281538	4.270133	4.271558	1.906667	13.500000	17.500000	99.156143	98.894958	98.894958	0	0	1	1	156	1176200
1444467541	0	1	2	1	0	0	0	0	0	0	0	0	0	0	0	4.939927	4.284390	4.271558	4.270133	1.905861	13.500000	17.500000	99.193443	98.894958	98.559158	0	0	1	1	156	1167426
1444467543	0	0	1	1	0	0	0	0	0	0	0	0	0	0	0	4.943151	4.284390	4.271558	4.274410	1.907473	13.500000	17.500000	99.120316	98.822021	98.822021	0	0	1	1	156	1167445
1444467544	1	1	0	2	0	0	0	0	0	0	0	0	0	0	0	4.943151	4.282964	4.272984	4.274410	1.906667	13.500000	17.500000	99.083031	98.822021	98.822021	0	0	1	1	156	1164701
1444467545	2	1	1	2	0	1	0	0	0	0	0	0	0	0	0	4.943151	4.285816	4.274410	4.274410	1.906667	13.500000	17.500000	99.120316	98.822021	98.859314	0	0	1	1	156	1167425
1444467546	0	0	0	2	0	0	0	0	0	0	0	0	0	0	0	4.943151	4.268707	4.275836	4.272984	1.905861	13.500000	17.500000	99.045746	98.822021	98.747452	0	0	1	1	156	1167444
1444467547	0	3	2	0	0	0	0	0	0	0	0	0	0	0	0	4.941538	4.272984	4.272984	4.272984	1.906667	13.500000	17.500000	99.119583	98.895782	98.895782	0	0	1	1	156	1164690
1444467549	0	1	2	1	0	0	0	0	0	0	0	0	0	0	0	4.943151	4.285816	4.271558	4.272984	1.907473	13.500000	17.500000	99.157608	98.859314	98.896599	0	0	1	1	156	1167426
1444467550	1	1	1	0	0	0	0	0	0	0	0	0	0	0	0	4.939927	4.282964	4.270133	4.271558	1.906667	13.500000	17.500000	99.156143	98.932274	98.894958	0	0	1	1	156	1167445
1444467551	0	1	3	2	0	0	0	0	0	0	0	0	0	0	0	4.938315	4.290093	4.280113	4.277261	1.905861	13.500000	17.500000	99.379326	99.118073	99.118073	0	0	1	1	156	1164702
1444467552	0	0	1	2	0	0	0	0	0	0	0	0	0	0	0	4.941538	4.285816	4.272984	4.271558	1.906667	13.500000	17.500000	99.194176	98.858490	98.858490	0	0	1	1	156	1168668
1444467553	0	0	2	1	0	0	0	0	0	0	0	0	0	0	0	4.941538	4.284390	4.270133	4.272984	1.906667	13.500000	17.500000	99.082275	98.858490	98.895782	0	0	1	1	156	1167435
1444467555	1	1	1	0	0	0	0	0	0	0	0	0	0	0	0	4.943151	4.282964	4.271558	4.274410	1.907473	13.500000	17.500000	99.083031	98.635597	98.561020	0	0	1	1	156	1167436
1444467556	1	1	1	1	0	0	1	0	0	0	0	0	0	0	0	4.941538	4.270133	4.255875	4.258727	1.905861	13.500000	17.500000	98.933075	98.485497	98.336288	0	0	1	1	156	1164668
1444467557	1	1	1	0	0	0	0	0	0	0	0	0	0	0	0	4.939927	4.287241	4.274410	4.277261	1.905861	13.500000	17.500000	99.156143	98.932274	98.969566	0	0	1	1	156	1167416
1444467558	1	2	1	1	0	0	0	0	0	0	0	0	0	0	0	4.943151	4.284390	4.272984	4.272984	1.906667	13.500000	17.500000	99.083031	98.822021	98.859314	0	0	1	1	156	1167435
1444467559	0	2	1	2	0	0	0	0	0	1	0	0	0	0	0	4.941538	4.282964	4.272984	4.272984	1.906667	13.500000	17.500000	99.119583	98.858490	98.821190	0	0	1	1	156	1164686
1444467561	1	2	0	0	0	0	0	0	0	0	0	0	0	0	0	4.943151	4.268707	4.280113	4.268707	1.906667	13.500000	17.500000	99.083031	98.822021	98.784737	0	0	1	1	156	1167415
1444467562	1	1	1	2	0	0	0	0	0	0	0	0	0	0	0	4.943151	4.285816	4.271558	4.272984	1.907473	13.500000	17.500000	99.008469	98.523727	98.561020	0	0	1	1	156	1167435
1444467563	0	0	1	1	0	0	0	0	0	1	0	0	0	0	0	4.939927	4.284390	4.272984	4.272984	1.906667	13.500000	17.500000	99.454628	98.932274	98.894958	0	0	1	1	156	1164734
1444467564	0	1	0	0	0	0	0	0	0	0	0	0	0	0	0	4.941538	4.282964	4.270133	4.270133	1.906667	13.500000	17.500000	99.119583	98.821190	98.858490	0	0	1	1	156	1168571
1444467565	3	1	1	2	0	0	0	0	0	0	0	0	0	0	0	4.939927	4.282964	4.274410	4.270133	1.907473	13.500000	17.500000	99.118820	98.857651	98.857651	0	0	1	1	156	1167447
1444467567	1	1	4	1	0	0	0	0	0	0	0	0	0	0	0	4.938315	4.271558	4.271558	4.265855	1.905861	13.500000	17.500000	99.192719	98.894127	98.968781	0	0	1	1	156	1167445
1444467568	3	0	0	3	0	0	1	0	0	0	0	0	0	0	0	4.938315	4.285816	4.267281	4.268707	1.906667	13.500000	17.500000	99.192719	98.931450	98.894127	0	0	1	1	156	1164687
1444467569	0	0	1	2	0	0	0	0	0	0	0	0	0	0	0	4.941538	4.281538	4.271558	4.271558	1.907473	13.500000	17.500000	99.119583	98.858490	98.858490	0	0	1	1	156	1167422
1444467570	2	1	2	0	0	0	0	1	0	0	0	0	0	0	0	4.941538	4.284390	4.272984	4.275836	1.908278	13.500000	17.500000	99.082275	98.858490	98.895782	0	0	1	1	156	1167445
1444467571	0	0	2	0	0	0	0	0	0	0	0	0	0	0	0	4.939927	4.282964	4.271558	4.274410	1.908278	13.500000	17.500000	99.156143	98.894958	98.969566	0	0	1	1	156	1164694
1444467573	0	1	1	0	0	0	0	1	0	0	0	0	0	0	0	4.939927	4.282964	4.271558	4.271558	1.906667	13.500000	17.500000	99.118820	98.894958	98.820328	0	0	1	1	156	1167425
1444467574	1	0	0	2	0	0	0	0	0	0	0	0	0	0	0	4.939927	4.282964	4.272984	4.270133	1.905861	13.500000	17.500000	98.857651	98.857651	98.783020	0	0	1	1	156	1167445
1444467575	0	1	0	0	0	0	0	0	0	0	0	0	0	0	0	4.939927	4.284390	4.274410	4.272984	1.907473	13.500000	17.500000	99.230751	99.006889	98.969566	0	0	1	1	156	1164679
1444467576	2	2	0	0	0	0	0	0	0	0	0	0	0	0	0	4.941538	4.282964	4.271558	4.270133	1.908278	13.500000	17.500000	99.082275	98.560097	98.895782	0	0	1	1	156	1168665
1444467577	0	2	0	0	0	0	0	0	0	0	0	0	0	0	0	4.941538	4.284390	4.272984	4.271558	1.907473	13.500000	17.500000	99.082275	98.858490	98.821190	0	0	1	1	156	1167435
1444467579	0	1	2	2	0	0	0	0	0	0	0	0	0	0	0	4.941538	4.282964	4.271558	4.270133	1.908278	13.500000	17.500000	99.119583	98.821190	98.821190	0	0	1	1	156	1164602
1444467580	0	0	1	0	0	0	0	0	0	0	0	0	0	0	0	4.941538	4.282964	4.270133	4.270133	1.908278	13.500000	17.500000	99.119583	98.821190	98.895782	0	0	1	1	156	1167416
1444467581	1	1	0	0	0	0	0	0	0	0	0	0	0	0	0	4.943151	4.282964	4.272984	4.257301	1.907473	13.500000	17.500000	99.120316	98.747452	98.784737	0	0	1	1	156	1167435
1444467582	0	2	0	1	0	0	0	0	0	0	0	0	0	0	0	4.941538	4.282964	4.270133	4.271558	1.908278	13.500000	17.500000	99.119583	98.858490	98.858490	0	0	1	1	156	1167435
1444467583	0	1	1	1	0	0	0	0	0	0	0	0	0	0	0	4.941538	4.284390	4.272984	4.271558	1.908278	13.500000	17.500000	99.082275	98.858490	98.858490	0	0	1	1	156	1194697
1444467585	0	1	0	2	0	0	0	0	0	0	0	0	0	0	0	4.941538	4.284390	4.271558	4.271558	1.908278	13.500000	17.500000	99.082275	98.858490	98.821190	0	0	1	1	156	1167419
1444467586	0	2	0	0	0	0	0	0	0	0	0	0	0	0	0	4.943151	4.281538	4.270133	4.270133	1.908278	13.500000	17.500000	99.083031	98.822021	98.822021	0	0	1	1	156	1167435
1444467587	1	0	2	0	0	0	0	0	0	0	0	0	0	0	0	4.941538	4.284390	4.275836	4.274410	1.907473	13.500000	17.500000	99.194176	98.933075	98.933075	0	0	1	1	156	1170242
1444467588	0	1	0	1	0	0	0	0	0	0	0	0	0	0	0	4.941538	4.284390	4.271558	4.271558	1.908278	13.500000	17.500000	99.082275	98.821190	98.821190	0	0	1	1	156	1168572
1444467589	2	0	0	0	0	0	0	0	0	0	0	0	0	0	0	4.941538	4.282964	4.270133	4.272984	1.908278	13.500000	17.500000	99.119583	98.895782	98.821190	0	0	1	1	156	1167445
1444467591	0	0	0	1	0	0	0	0	0	0	0	0	0	0	0	4.939927	4.281538	4.270133	4.272984	1.908278	13.500000	17.500000	99.156143	98.894958	98.857651	0	0	1	1	156	1164766
1444467592	0	1	1	0	0	0	0	0	0	0	0	0	0	0	0	4.941538	4.282964	4.271558	4.271558	1.908278	13.500000	17.500000	98.783882	98.858490	98.709282	0	0	1	1	156	1167425
1444467593	0	0	0	1	0	0	0	0	0	0	0	0	0	0	0	4.941538	4.282964	4.270133	4.271558	1.908278	13.500000	17.500000	99.119583	98.895782	98.858490	0	0	1	1	156	1167444
1444467594	1	0	2	0	0	0	0	0	0	0	0	0	0	0	0	4.941538	4.282964	4.271558	4.270133	1.908278	13.500000	17.500000	99.156868	98.895782	98.821190	0	0	1	1	156	1167448
1444467595	0	1	0	0	0	0	0	0	0	0	0	0	0	0	0	4.939927	4.282964	4.272984	4.271558	1.909084	13.500000	17.500000	99.118820	98.894958	98.857651	0	0	1	1	156	1164691
1444467597	0	1	0	1	0	0	0	0	1	0	0	0	0	0	0	4.943151	4.281538	4.270133	4.270133	1.908278	13.500000	17.500000	99.083031	98.822021	98.859314	0	0	1	1	156	1167425
1444467598	2	2	0	1	0	0	0	0	0	0	0	0	0	0	0	4.941538	4.282964	4.272984	4.274410	1.908278	13.500000	17.500000	99.082275	98.821190	98.895782	0	0	1	1	156	1167445
1444467599	0	0	2	0	0	0	0	0	0	0	0	0	0	0	0	4.939927	4.275836	4.277261	4.270133	1.908278	13.500000	17.500000	99.230751	98.932274	98.932274	0	0	1	1	156	1164718
1444467600	1	2	2	1	0	0	0	0	0	0	0	0	0	0	0	4.941538	4.282964	4.270133	4.271558	1.909084	13.500000	17.500000	99.119583	98.858490	98.933075	0	0	1	1	156	1168562
1444467601	0	0	0	0	0	0	0	0	0	0	0	0	0	0	0	4.943151	4.282964	4.271558	4.270133	1.909084	13.500000	17.500000	99.045746	98.784737	98.822021	0	0	1	1	156	1167438
1444467603	2	2	1	0	0	0	0	0	0	0	0	0	0	0	0	4.941538	4.282964	4.272984	4.270133	1.909084	13.500000	17.500000	99.119583	98.821190	98.821190	0	0	1	1	156	1164681
1444467604	2	0	0	0	0	0	0	0	0	0	0	0	0	0	0	4.941538	4.281538	4.270133	4.271558	1.908278	13.500000	17.500000	99.119583	98.858490	98.821190	0	0	1	1	156	1167416
1444467605	1	1	1	3	0	0	0	0	0	1	0	0	0	0	0	4.941538	4.288667	4.271558	4.270133	1.909084	13.500000	17.500000	99.119583	98.858490	98.522797	0	0	1	1	156	1167435
1444467606	3	2	0	1	0	0	0	0	0	0	0	0	0	0	0	4.944762	4.282964	4.268707	4.271558	1.909084	13.500000	17.500000	99.083794	98.860153	98.748329	0	0	1	1	156	1174944
1444467607	2	0	0	1	0	0	0	0	0	0	0	0	0	0	0	4.941538	4.284390	4.272984	4.270133	1.908278	13.500000	17.500000	99.082275	98.821190	98.821190	0	0	1	1	156	1167413
1444467609	1	2	0	0	0	0	0	0	0	0	0	0	0	0	0	4.941538	4.284390	4.272984	4.274410	1.909084	13.500000	17.500000	99.082275	98.858490	98.858490	0	0	1	1	156	1167436
1444467610	0	0	0	1	0	0	0	0	0	0	0	0	0	0	0	4.939927	4.281538	4.270133	4.271558	1.909084	13.500000	17.500000	99.156143	98.932274	98.894958	0	0	1	1	156	1167435
1444467611	0	0	0	0	0	0	0	0	0	0	0	0	0	0	0	4.939927	4.285816	4.274410	4.275836	1.908278	13.500000	17.500000	99.230751	99.044197	98.969566	0	0	1	1	156	1164683
1444467612	2	1	2	0	0	1	0	0	0	0	0	0	0	0	0	4.941538	4.278687	4.270133	4.271558	1.909890	13.500000	17.500000	99.119583	98.858490	98.858490	0	0	1	1	156	1168571
1444467613	0	0	0	1	0	0	0	0	0	0	0	0	0	0	0	4.941538	4.282964	4.271558	4.272984	1.909890	13.500000	17.500000	99.119583	98.858490	98.858490	0	0	1	1	156	1167442
1444467615	0	2	1	1	0	0	0	0	0	0	0	0	0	0	0	4.943151	4.284390	4.272984	4.274410	1.909084	13.500000	17.500000	99.083031	98.859314	98.859314	0	0	1	1	156	1164691
1444467616	1	0	0	1	0	0	0	0	0	0	0	0	0	0	0	4.943151	4.284390	4.272984	4.274410	1.909084	13.500000	17.500000	99.083031	98.822021	98.859314	0	0	1	1	156	1167425
1444467617	1	0	1	0	0	0	0	0	0	0	0	0	0	0	0	4.943151	4.282964	4.272984	4.271558	1.909890	13.500000	17.500000	99.083031	98.822021	98.784737	0	0	1	1	156	1167445
1444467618	2	2	1	1	0	0	0	0	1	0	0	0	0	0	0	4.941538	4.282964	4.272984	4.271558	1.909084	13.500000	17.500000	99.119583	98.821190	98.821190	0	0	1	1	156	1164691
1444467619	2	1	1	0	0	0	0	1	0	0	0	0	0	0	0	4.939927	4.274410	4.235914	4.258727	1.909084	13.500000	17.500000	98.783020	98.708397	98.596466	0	0	1	1	156	1167425
1444467621	1	0	0	2	0	0	0	0	0	0	0	0	0	0	0	4.939927	4.287241	4.274410	4.272984	1.909890	13.500000	17.500000	99.268059	98.969566	98.932274	0	0	1	1	156	1167445
1444467622	1	0	0	1	0	0	0	0	0	0	0	0	0	0	0	4.943151	4.282964	4.271558	4.271558	1.909890	13.500000	17.500000	99.083031	98.822021	98.822021	0	0	1	1	156	1167447
1444467623	1	1	0	1	0	0	0	0	0	0	0	0	0	0	0	4.939927	4.285816	4.274410	4.275836	1.909084	13.500000	17.500000	99.230751	98.969566	98.932274	0	0	1	1	156	1164687
1444467624	2	0	1	1	0	0	0	0	0	0	0	0	0	0	0	4.938315	4.287241	4.275836	4.274410	1.908278	13.500000	17.500000	99.230042	98.968781	98.931450	0	0	1	1	156	1168668
1444467625	2	0	0	3	0	0	1	0	0	0	0	0	0	0	0	4.941538	4.282964	4.272984	4.272984	1.909890	13.500000	17.500000	99.156868	98.858490	98.858490	0	0	1	1	156	1167435
1444467627	4	2	0	1	0	0	0	0	0	0	0	0	0	0	0	4.941538	4.284390	4.272984	4.270133	1.909890	13.500000	17.500000	99.082275	98.821190	98.783882	0	0	1	1	156	1164667
1444467628	0	2	0	2	0	0	0	0	0	0	0	0	0	0	0	4.943151	4.281538	4.271558	4.271558	1.909890	13.500000	17.500000	99.045746	98.822021	98.784737	0	0	1	1	156	1167412
1444467629	2	1	0	0	0	0	0	0	0	0	0	0	0	0	0	4.939927	4.282964	4.270133	4.271558	1.909890	13.500000	17.500000	99.156143	98.894958	98.894958	0	0	1	1	156	1167435
1444467630	2	0	0	1	0	0	0	0	0	0	0	0	0	0	0	4.941538	4.281538	4.271558	4.270133	1.909084	13.500000	17.500000	99.082275	98.895782	98.858490	0	0	1	1	156	1164683
1444467631	0	0	1	1	0	0	0	0	0	0	0	0	0	0	0	4.939927	4.284390	4.271558	4.271558	1.909890	13.500000	17.500000	99.118820	98.894958	98.820328	0	0	1	1	156	1167416
1444467633	1	4	1	0	0	0	0	0	0	0	0	0	0	0	0	4.939927	4.281538	4.261578	4.261578	1.909084	13.500000	17.500000	99.044197	98.857651	98.857651	0	0	1	1	156	1167435
1444467634	1	3	0	1	0	0	0	0	0	0	0	0	0	0	0	4.941538	4.282964	4.265855	4.260152	1.908278	13.500000	17.500000	99.007675	98.821190	98.858490	0	0	1	1	156	1164679
1444467635	0	1	0	1	0	0	0	0	0	0	0	0	0	0	0	4.939927	4.285816	4.275836	4.274410	1.909084	13.500000	17.500000	99.193443	98.708397	98.596466	0	0	1	1	156	1167415
1444467636	3	0	2	3	0	0	1	0	0	0	0	0	0	0	0	4.939927	4.282964	4.272984	4.271558	1.909084	13.500000	17.500000	99.118820	98.932274	98.857651	0	0	1	1	156	1168590
1444467637	1	1	6	1	0	1	0	0	0	0	0	0	0	0	0	4.941538	4.282964	4.272984	4.272984	1.909890	13.500000	17.500000	99.082275	98.858490	98.858490	0	0	1	1	156	1167445
1444467639	2	2	1	3	0	1	0	0	0	0	0	0	0	0	0	4.941538	4.281538	4.270133	4.272984	1.909890	13.500000	17.500000	99.119583	98.858490	98.821190	0	0	1	1	156	1164692
1444467640	1	0	0	2	0	0	0	0	0	0	0	0	0	0	0	4.941538	4.284390	4.258727	4.280113	1.910696	13.500000	17.500000	99.007675	98.858490	98.783882	0	0	1	1	156	1167426
1444467641	0	1	2	0	0	0	0	0	0	0	0	0	0	0	0	4.941538	4.284390	4.271558	4.271558	1.910696	13.500000	17.500000	99.082275	98.895782	98.821190	0	0	1	1	156	1167445
1444467642	0	0	1	0	0	0	0	0	0	0	0	0	0	0	0	4.941538	4.284390	4.272984	4.271558	1.909890	13.500000	17.500000	99.082275	98.895782	98.821190	0	0	1	1	156	1164691
1444467643	1	3	2	1	0	0	0	1	0	0	0	0	0	0	0	4.941538	4.282964	4.271558	4.271558	1.910696	13.500000	17.500000	99.119583	98.858490	98.858490	0	0	1	1	156	1167425
1444467645	1	0	0	0	0	0	0	0	0	0	0	0	0	0	0	4.943151	4.282964	4.270133	4.270133	1.909890	13.500000	17.500000	99.045746	98.822021	98.784737	0	0	1	1	156	1167445
1444467646	1	0	1	1	0	0	0	0	0	0	0	0	0	0	0	4.941538	4.285816	4.272984	4.272984	1.910696	13.500000	17.500000	99.119583	98.858490	98.783882	0	0	1	1	156	1164679
1444467647	1	1	0	0	0	0	0	0	0	0	0	0	0	0	0	4.938315	4.282964	4.274410	4.274410	1.909084	13.500000	17.500000	99.230042	98.968781	98.931450	0	0	1	1	156	1167421
1444467648	0	1	0	1	0	0	0	0	0	0	0	0	0	0	0	4.941538	4.282964	4.271558	4.271558	1.910696	13.500000	17.500000	99.156868	98.933075	98.858490	0	0	1	1	156	1168581
1444467649	2	0	3	2	0	0	0	0	0	0	0	0	0	0	0	4.941538	4.282964	4.270133	4.270133	1.911502	13.500000	17.500000	99.156868	98.858490	98.821190	0	0	1	1	156	1167435
1444467651	1	3	1	2	0	0	0	0	1	0	0	0	0	0	0	4.941538	4.282964	4.270133	4.270133	1.910696	13.500000	17.500000	99.082275	98.858490	98.858490	0	0	1	1	156	1164698
1444467652	0	1	0	0	0	0	0	0	0	0	0	0	0	0	0	4.941538	4.282964	4.271558	4.272984	1.910696	13.500000	17.500000	99.119583	98.895782	98.858490	0	0	1	1	156	1167416
1444467653	1	1	0	0	0	0	0	0	0	0	0	0	0	0	0	4.943151	4.282964	4.270133	4.270133	1.911502	13.500000	17.500000	98.710175	99.008469	98.747452	0	0	1	1	156	1167435
1444467654	1	1	0	1	0	0	0	0	0	0	0	0	0	0	0	4.941538	4.285816	4.272984	4.271558	1.910696	13.500000	17.500000	98.783882	99.082275	98.783882	0	0	1	1	156	1164672
1444467655	0	0	0	0	0	0	0	0	0	0	0	0	0	0	0	4.943151	4.282964	4.271558	4.271558	1.910696	13.500000	17.500000	99.083031	98.822021	98.784737	0	0	1	1	156	1167415
1444467657	0	2	3	2	0	0	0	0	0	0	0	0	0	0	0	4.943151	4.282964	4.271558	4.272984	1.910696	13.500000	17.500000	99.083031	98.822021	98.822021	0	0	1	1	156	1167438
1444467658	0	0	1	1	0	0	0	0	0	0	0	0	0	0	0	4.943151	4.284390	4.271558	4.271558	1.911502	13.500000	17.500000	99.120316	98.822021	98.822021	0	0	1	1	156	1164681
1444467659	1	0	1	1	0	0	0	0	0	0	0	0	0	0	0	4.938315	4.285816	4.277261	4.274410	1.909084	13.500000	17.500000	99.304680	99.006096	99.006096	0	0	1	1	156	1167416
1444467660	1	0	1	1	0	0	0	0	0	0	0	0	0	0	0	4.941538	4.285816	4.270133	4.270133	1.911502	13.500000	17.500000	98.858490	98.933075	98.783882	0	0	1	1	156	1168588
1444467661	0	0	1	1	0	0	0	0	0	1	0	0	0	0	0	4.941538	4.284390	4.271558	4.270133	1.911502	13.500000	17.500000	98.783882	98.895782	98.746590	0	0	1	1	156	1164682
1444467663	0	1	3	1	0	0	0	0	0	0	0	0	0	0	0	4.943151	4.284390	4.270133	4.270133	1.910696	13.500000	17.500000	99.157608	98.859314	98.784737	0	0	1	1	156	1167425
1444467664	3	0	0	0	0	0	0	0	0	0	0	0	0	0	0	4.939927	4.284390	4.272984	4.274410	1.909890	13.500000	17.500000	99.193443	98.932274	98.969566	0	0	1	1	156	1167447
1444467665	2	1	2	0	0	0	0	1	0	0	0	0	0	0	0	4.941538	4.285816	4.272984	4.271558	1.910696	13.500000	17.500000	99.268776	98.895782	98.895782	0	0	1	1	156	1167445
1444467666	1	0	0	0	0	0	0	0	0	0	0	0	0	0	0	4.943151	4.281538	4.271558	4.270133	1.911502	13.500000	17.500000	99.157608	98.822021	98.822021	0	0	1	1	156	1164689
1444467667	2	0	1	3	0	1	0	0	0	0	0	0	0	0	0	4.941538	4.285816	4.271558	4.274410	1.910696	13.500000	17.500000	99.156868	98.858490	98.821190	0	0	1	1	156	1167423
1444467669	2	0	1	1	0	0	0	0	0	0	0	0	0	0	0	4.939927	4.285816	4.272984	4.271558	1.911502	13.500000	17.500000	99.193443	98.894958	98.894958	0	0	1	1	156	1167444
1444467670	0	1	0	0	0	0	0	0	0	0	0	0	0	0	0	4.941538	4.284390	4.270133	4.271558	1.910696	13.500000	17.500000	99.231468	98.858490	98.858490	0	0	1	1	156	1176790
1444467671	2	2	2	0	0	0	0	0	0	0	0	0	0	0	0	4.939927	4.290093	4.277261	4.275836	1.909890	13.500000	17.500000	99.342690	99.006889	99.006889	0	0	1	1	156	1167424
1444467672	2	1	0	0	0	0	0	0	0	0	0	0	0	0	0	4.941538	4.282964	4.274410	4.272984	1.911502	13.500000	17.500000	99.119583	98.858490	98.858490	0	0	1	1	156	1168581
1444467673	1	1	1	1	1	1	0	1	0	0	1	0	0	0	0	4.941538	4.282964	4.271558	4.271558	1.911502	13.500000	17.500000	99.082275	98.821190	98.783882	0	0	1	1	156	1164675
1444467675	1	0	1	2	0	0	0	0	0	0	0	0	0	0	0	4.943151	4.284390	4.270133	4.270133	1.910696	13.500000	17.500000	98.784737	99.045746	98.747452	0	0	1	1	156	1167415
1444467676	2	2	3	3	0	1	1	1	0	0	0	0	0	0	0	4.939927	4.281538	4.271558	4.270133	1.911502	13.500000	17.500000	99.156143	98.894958	98.857651	0	0	1	1	156	1167435
1444467677	0	1	0	1	0	0	0	0	1	0	0	0	0	0	0	4.941538	4.284390	4.271558	4.270133	1.911502	13.500000	17.500000	99.156868	98.821190	98.783882	0	0	1	1	156	1164674
1444467678	0	0	0	1	0	0	0	0	0	0	0	0	0	0	0	4.939927	4.284390	4.271558	4.272984	1.912308	13.500000	17.500000	99.230751	98.894958	98.857651	0	0	1	1	156	1167418
1444467679	1	0	2	0	0	0	0	0	0	0	0	0	0	0	0	4.941538	4.281538	4.271558	4.271558	1.910696	13.500000	17.500000	99.194176	98.858490	98.821190	0	0	1	1	156	1167435
1444467681	1	1	1	0	0	0	0	0	0	0	0	0	0	0	0	4.941538	4.285816	4.272984	4.270133	1.912308	13.500000	17.500000	99.156868	98.821190	98.821190	0	0	1	1	156	1167432
1444467682	0	1	1	1	0	0	0	0	0	0	0	0	0	0	0	4.941538	4.284390	4.272984	4.271558	1.911502	13.500000	17.500000	99.156868	98.858490	98.821190	0	0	1	1	156	1164689
1444467683	1	0	1	1	0	0	0	0	0	0	0	0	0	0	0	4.941538	4.287241	4.274410	4.272984	1.911502	13.500000	17.500000	99.268776	98.970383	98.895782	0	0	1	1	156	1167415
1444467684	2	1	1	0	0	1	0	0	0	0	0	0	0	0	0	4.939927	4.285816	4.271558	4.271558	1.911502	13.500000	17.500000	99.193443	98.894958	98.857651	0	0	1	1	156	1168593
1444467685	0	0	3	1	0	0	0	0	0	0	0	0	0	0	0	4.941538	4.284390	4.270133	4.271558	1.911502	13.500000	17.500000	99.156868	98.858490	98.821190	0	0	1	1	156	1164684
1444467687	0	1	2	2	0	0	0	0	0	0	0	0	0	0	0	4.941538	4.282964	4.270133	4.270133	1.912308	13.500000	17.500000	99.156868	98.858490	98.858490	0	0	1	1	156	1167426
1444467688	1	0	0	0	0	0	0	0	0	0	0	0	0	0	0	4.941538	4.285816	4.272984	4.271558	1.911502	13.500000	17.500000	99.156868	98.858490	98.858490	0	0	1	1	156	1167445
1444467689	0	0	3	0	0	0	0	0	0	0	0	0	0	0	0	4.941538	4.285816	4.272984	4.270133	1.912308	13.500000	17.500000	99.156868	98.858490	98.783882	0	0	1	1	156	1164696
1444467690	1	0	0	3	0	0	1	0	0	0	0	0	0	0	0	4.941538	4.285816	4.271558	4.270133	1.911502	13.500000	17.500000	99.231468	98.858490	98.821190	0	0	1	1	156	1167425
1444467691	1	1	0	1	0	0	0	0	0	0	0	0	0	0	0	4.939927	4.285816	4.271558	4.271558	1.912308	13.500000	17.500000	99.230751	98.894958	98.894958	0	0	1	1	156	1167444
1444467693	0	1	1	1	0	0	0	0	0	0	0	0	0	0	0	4.943151	4.285816	4.260152	4.280113	1.912308	13.500000	17.500000	99.083031	98.822021	98.784737	0	0	1	1	156	1167445
1444467694	0	0	0	0	0	0	0	0	0	0	0	0	0	0	0	4.941538	4.285816	4.260152	4.280113	1.912308	13.500000	17.500000	99.119583	98.821190	98.858490	0	0	1	1	156	1164693
1444467695	3	1	2	2	0	1	1	0	0	0	0	0	0	0	0	4.941538	4.287241	4.272984	4.272984	1.911502	13.500000	17.500000	98.858490	98.933075	98.821190	0	0	1	1	156	1167421
1444467696	0	0	0	0	0	0	0	0	0	0	0	0	0	0	0	4.941538	4.285816	4.271558	4.271558	1.913114	13.500000	17.500000	99.156868	98.821190	98.858490	0	0	1	1	156	1168581
1444467697	1	0	1	0	0	0	0	0	0	0	0	0	0	0	0	4.941538	4.285816	4.272984	4.271558	1.912308	13.500000	17.500000	99.156868	98.858490	98.821190	0	0	1	1	156	1164682
1444467699	0	2	0	1	0	0	0	0	0	0	0	0	0	0	0	4.941538	4.285816	4.271558	4.271558	1.911502	13.500000	17.500000	99.156868	98.858490	98.821190	0	0	1	1	156	1167415
1444467700	1	0	1	0	0	0	0	0	0	0	0	0	0	0	0	4.943151	4.272984	4.280113	4.267281	1.912308	13.500000	17.500000	99.083031	98.784737	98.822021	0	0	1	1	156	1167435
1444467701	2	0	1	0	0	0	0	0	0	0	0	0	0	0	0	4.941538	4.275836	4.281538	4.270133	1.912308	13.500000	17.500000	99.194176	98.858490	98.783882	0	0	1	1	156	1164733
1444467702	1	2	0	1	0	0	0	0	1	0	0	0	0	0	0	4.941538	4.285816	4.272984	4.271558	1.913114	13.500000	17.500000	99.156868	98.858490	98.821190	0	0	1	1	156	1167416
1444467703	0	2	0	2	0	0	0	0	0	0	0	0	0	0	0	4.943151	4.285816	4.271558	4.270133	1.912308	13.500000	17.500000	99.120316	98.822021	98.784737	0	0	1	1	156	1167435
1444467705	2	0	2	0	0	1	0	0	0	0	0	0	0	0	0	4.941538	4.284390	4.270133	4.271558	1.912308	13.500000	17.500000	99.194176	98.895782	98.858490	0	0	1	1	156	1164590
1444467706	1	0	0	0	0	0	0	0	0	0	0	0	0	0	0	4.938315	4.282964	4.258727	4.258727	1.910696	13.500000	17.500000	99.155388	98.894127	98.894127	0	0	1	1	156	1167416
1444467707	3	0	1	1	0	0	0	0	0	0	0	0	0	0	0	4.943151	4.281538	4.261578	4.277261	1.912308	13.500000	17.500000	99.194893	98.896599	98.896599	0	0	1	1	156	1167432
1444467708	0	0	0	2	0	0	0	0	0	0	0	0	0	0	0	4.943151	4.288667	4.272984	4.271558	1.913114	13.500000	17.500000	99.120316	98.784737	98.784737	0	0	1	1	156	1168590
1444467709	1	0	0	2	0	0	0	0	0	0	0	0	0	0	0	4.941538	4.285816	4.271558	4.270133	1.912308	13.500000	17.500000	99.044983	98.709282	98.671989	0	0	1	1	156	1164798
1444467711	1	0	2	1	0	0	0	0	0	0	0	0	0	0	0	4.939927	4.287241	4.274410	4.272984	1.912308	13.500000	17.500000	99.268059	98.969566	98.932274	0	0	1	1	156	1167426
1444467712	1	2	2	0	0	0	0	0	0	0	0	0	0	0	0	4.941538	4.285816	4.272984	4.274410	1.913114	13.500000	17.500000	99.194176	98.895782	98.858490	0	0	1	1	156	1167445
1444467713	0	1	1	3	0	0	0	0	1	0	0	0	0	0	0	4.941538	4.285816	4.271558	4.270133	1.912308	13.500000	17.500000	99.156868	98.858490	98.783882	0	0	1	1	156	1164679
1444467714	3	4	2	2	0	0	0	0	1	0	0	0	0	0	0	4.939927	4.284390	4.271558	4.271558	1.913114	13.500000	17.500000	98.857651	98.633781	98.783020	0	0	1	1	156	1167425
1444467715	0	0	1	0	0	0	0	0	0	0	0	0	0	0	0	4.941538	4.287241	4.271558	4.270133	1.912308	13.500000	17.500000	99.156868	98.821190	98.821190	0	0	1	1	156	1167444
1444467717	0	0	0	1	0	0	0	0	0	0	0	0	0	0	0	4.941538	4.284390	4.270133	4.271558	1.913114	13.500000	17.500000	99.231468	98.895782	98.858490	0	0	1	1	156	1164694
1444467718	0	0	3	2	0	0	0	0	0	0	0	0	0	0	0	4.939927	4.285816	4.271558	4.270133	1.913114	13.500000	17.500000	99.193443	98.894958	98.857651	0	0	1	1	156	1167427
1444467719	0	1	0	2	0	0	0	0	0	0	0	0	0	0	0	4.938315	4.288667	4.275836	4.274410	1.912308	13.500000	17.500000	99.304680	98.968781	98.968781	0	0	1	1	156	1167440
1444467720	0	2	2	0	0	0	0	0	0	0	0	0	0	0	0	4.939927	4.271558	4.258727	4.257301	1.912308	13.500000	17.500000	99.081512	98.409904	98.559158	0	0	1	1	156	1168579
1444467721	2	0	0	1	0	0	0	0	0	0	0	0	0	0	0	4.939927	4.284390	4.271558	4.255875	1.913114	13.500000	17.500000	99.230751	98.857651	98.820328	0	0	1	1	156	1164679
1444467723	1	2	0	1	0	0	0	0	0	0	0	0	0	0	0	4.939927	4.285816	4.272984	4.272984	1.913919	13.500000	17.500000	99.193443	98.894958	98.820328	0	0	1	1	156	1167416
1444467724	0	0	0	1	0	0	0	0	0	0	0	0	0	0	0	4.941538	4.285816	4.271558	4.271558	1.913114	13.500000	17.500000	99.194176	98.821190	98.783882	0	0	1	1	156	1167438
1444467725	1	1	1	0	0	0	0	0	0	0	0	0	0	0	0	4.943151	4.284390	4.271558	4.271558	1.913919	13.500000	17.500000	99.157608	98.822021	98.784737	0	0	1	1	156	1164689
1444467726	1	1	1	1	0	0	0	0	0	0	0	0	0	0	0	4.941538	4.284390	4.271558	4.271558	1.913919	13.500000	17.500000	99.156868	98.858490	98.858490	0	0	1	1	156	1167416
1444467727	0	1	0	2	0	0	0	0	0	0	0	0	0	0	0	4.943151	4.287241	4.274410	4.271558	1.913114	13.500000	17.500000	99.120316	98.784737	98.784737	0	0	1	1	156	1167435
1444467729	0	0	2	2	0	0	0	0	0	0	0	0	0	0	0	4.941538	4.287241	4.272984	4.270133	1.913919	13.500000	17.500000	99.156868	98.895782	98.858490	0	0	1	1	156	1164669
1444467730	0	0	2	4	0	0	0	0	0	0	0	0	0	0	0	4.943151	4.284390	4.271558	4.270133	1.913919	13.500000	17.500000	99.157608	98.859314	98.784737	0	0	1	1	156	1167415
1444467731	0	0	0	0	0	0	0	0	0	0	0	0	0	0	0	4.938315	4.288667	4.275836	4.275836	1.912308	13.500000	17.500000	99.304680	98.968781	98.968781	0	0	1	1	156	1167435
1444467732	0	0	3	0	0	0	0	0	0	0	0	0	0	0	0	4.941538	4.285816	4.272984	4.270133	1.913114	13.500000	17.500000	99.156868	98.858490	98.821190	0	0	1	1	156	1165851
1444467733	1	1	1	0	0	0	0	0	0	0	0	0	0	0	0	4.943151	4.285816	4.271558	4.271558	1.913114	13.500000	17.500000	99.120316	98.822021	98.784737	0	0	1	1	156	1167425
1444467735	0	1	1	1	0	0	0	0	0	0	0	0	0	0	0	4.939927	4.285816	4.272984	4.272984	1.913919	13.500000	17.500000	99.230751	98.894958	98.559158	0	0	1	1	156	1167445
1444467736	2	0	0	1	0	0	0	0	0	0	0	0	0	0	0	4.943151	4.285816	4.272984	4.271558	1.913919	13.500000	17.500000	99.157608	98.822021	98.784737	0	0	1	1	156	1167445
1444467737	1	0	0	2	0	0	1	0	0	0	0	0	0	0	0	4.943151	4.285816	4.272984	4.272984	1.913919	13.500000	17.500000	99.157608	98.859314	98.784737	0	0	1	1	156	1164694
1444467738	0	0	1	0	0	0	0	0	0	0	0	0	0	0	0	4.941538	4.285816	4.271558	4.271558	1.913919	13.500000	17.500000	99.156868	98.858490	98.821190	0	0	1	1	156	1167425
1444467739	1	2	0	0	0	0	0	0	0	0	0	0	0	0	0	4.941538	4.275836	4.275836	4.272984	1.913919	13.500000	17.500000	99.156868	98.821190	98.821190	0	0	1	1	156	1167444
1444467741	1	2	0	2	0	0	0	0	2	0	0	0	0	0	0	4.941538	4.287241	4.274410	4.272984	1.913919	13.500000	17.500000	99.156868	98.821190	98.821190	0	0	1	1	156	1175205
1444467742	2	1	3	0	0	0	0	0	0	0	0	0	0	0	0	4.943151	4.285816	4.270133	4.270133	1.913919	13.500000	17.500000	99.157608	98.822021	98.822021	0	0	1	1	156	1167426
1444467743	1	0	1	1	0	0	0	0	0	0	0	0	0	0	0	4.939927	4.287241	4.274410	4.272984	1.913919	13.500000	17.500000	99.342690	98.969566	98.932274	0	0	1	1	156	1167440
1444467744	1	1	3	2	0	0	0	0	0	0	0	0	0	0	0	4.941538	4.285816	4.272984	4.272984	1.913919	13.500000	17.500000	99.194176	98.858490	98.858490	0	0	1	1	156	1165930
1444467745	2	2	1	1	0	0	0	0	0	0	0	0	0	0	0	4.941538	4.285816	4.272984	4.271558	1.913114	13.500000	17.500000	99.082275	98.783882	98.783882	0	0	1	1	156	1167416
1444467747	2	0	4	4	0	0	1	0	0	0	0	0	0	0	0	4.943151	4.285816	4.271558	4.270133	1.914725	13.500000	17.500000	99.157608	98.822021	98.784737	0	0	1	1	156	1167435
1444467748	2	0	0	1	0	0	0	0	0	0	0	0	0	0	0	4.939927	4.284390	4.271558	4.271558	1.913919	13.500000	17.500000	99.193443	98.894958	98.894958	0	0	1	1	156	1167438
1444467749	0	2	0	0	0	0	0	0	0	0	0	0	0	0	0	4.938315	4.287241	4.272984	4.272984	1.913919	13.750000	17.500000	99.304680	99.006096	98.968781	0	0	1	1	156	1164701
1444467750	1	2	0	3	0	0	0	0	1	0	0	0	0	0	0	4.941538	4.285816	4.272984	4.271558	1.913919	13.500000	17.500000	99.194176	98.895782	98.895782	0	0	1	1	156	1167416
1444467751	2	1	1	1	0	0	0	0	0	0	0	0	0	0	0	4.943151	4.285816	4.271558	4.270133	1.914725	13.500000	17.500000	99.157608	98.784737	98.822021	0	0	1	1	156	1167435
1444467753	4	0	0	1	0	0	0	0	0	0	0	0	0	0	0	4.941538	4.285816	4.274410	4.271558	1.913919	13.500000	17.500000	99.156868	98.858490	98.821190	0	0	1	1	156	1164672
1444467754	1	1	2	0	0	0	0	0	0	0	0	0	0	0	0	4.943151	4.285816	4.271558	4.271558	1.914725	13.500000	17.500000	99.157608	98.822021	98.822021	0	0	1	1	156	1167415
1444467755	0	0	2	2	0	0	0	0	0	0	0	0	0	0	0	4.941538	4.288667	4.272984	4.274410	1.913114	13.500000	17.500000	99.268776	98.858490	98.933075	0	0	1	1	156	1167435
1444467756	2	0	2	0	0	0	0	0	0	0	0	0	0	0	0	4.943151	4.285816	4.271558	4.271558	1.914725	13.500000	17.500000	99.157608	98.859314	98.822021	0	0	1	1	156	1165836
1444467757	2	1	0	0	1	0	0	0	0	0	0	0	0	0	0	4.939927	4.284390	4.268707	4.270133	1.914725	13.750000	17.500000	99.268059	98.857651	98.894958	0	0	1	1	156	1167426
1444467759	1	1	2	0	0	0	0	0	0	0	0	0	0	0	0	4.941538	4.281538	4.261578	4.265855	1.913114	13.500000	17.500000	100.872643	98.522797	98.485497	0	0	1	1	156	1167445
1444467760	0	2	2	0	0	0	0	0	0	0	0	0	0	0	0	4.941538	4.285816	4.271558	4.271558	1.914725	13.750000	17.500000	99.194176	98.858490	98.895782	0	0	1	1	157	1164690
1444467761	0	2	1	0	0	0	0	0	0	0	0	0	0	0	0	4.939927	4.284390	4.272984	4.270133	1.914725	13.750000	17.500000	99.230751	98.932274	98.894958	0	0	1	1	156	1167425
1444467762	0	2	0	1	0	0	0	0	0	0	0	0	0	0	0	4.941538	4.285816	4.271558	4.271558	1.914725	13.750000	17.500000	98.821190	98.634682	98.746590	0	0	1	1	156	1167444
1444467763	3	1	0	0	0	0	0	0	0	0	0	0	0	0	0	4.939927	4.284390	4.270133	4.270133	1.914725	13.750000	17.500000	99.193443	98.932274	98.894958	0	0	1	1	156	1167444
1444467765	0	1	2	0	0	0	0	0	0	0	0	0	0	0	0	4.941538	4.285816	4.272984	4.270133	1.914725	13.750000	17.500000	99.156868	98.895782	98.858490	0	0	1	1	156	1164684
1444467766	0	3	1	2	0	0	0	0	0	0	0	0	0	0	0	4.939927	4.285816	4.274410	4.271558	1.914725	13.750000	17.500000	99.156143	98.932274	98.857651	0	0	1	1	156	1167428
1444467767	1	1	2	0	0	0	0	0	0	0	0	0	0	0	0	4.939927	4.285816	4.277261	4.274410	1.913919	13.500000	17.500000	99.193443	99.044197	98.932274	0	0	1	1	156	1167440
1444467768	2	1	0	1	0	0	0	0	0	0	0	0	0	0	0	4.941538	4.284390	4.272984	4.270133	1.915531	13.750000	17.500000	99.156868	98.933075	98.821190	0	0	1	1	156	1165804
1444467769	1	1	2	1	0	0	0	0	0	0	0	0	0	0	0	4.941538	4.284390	4.271558	4.271558	1.913919	13.500000	17.500000	99.082275	98.783882	98.783882	0	0	1	1	156	1167416
1444467771	3	0	1	0	0	1	0	0	0	0	0	0	0	0	0	4.943151	4.285816	4.270133	4.270133	1.915531	13.750000	17.500000	99.120316	98.822021	98.784737	0	0	1	1	156	1167435
1444467772	0	2	0	0	0	0	0	0	0	0	0	0	0	0	0	4.941538	4.287241	4.274410	4.271558	1.914725	13.750000	17.500000	99.156868	98.858490	98.821190	0	0	1	1	156	1164661
1444467773	3	1	2	3	0	0	0	0	0	0	0	0	0	0	0	4.939927	4.284390	4.274410	4.270133	1.915531	13.750000	17.500000	99.230751	98.969566	98.857651	0	0	1	1	156	1167418
1444467774	0	0	1	3	0	0	0	0	0	0	0	0	0	0	0	4.941538	4.284390	4.272984	4.271558	1.914725	13.750000	17.500000	99.156868	98.895782	98.821190	0	0	1	1	156	1167435
1444467775	0	0	0	2	0	0	0	0	0	0	0	0	0	0	0	4.941538	4.287241	4.275836	4.270133	1.915531	13.750000	17.500000	99.156868	98.933075	98.821190	0	0	1	1	156	1167435
1444467777	1	1	1	1	0	0	0	0	0	0	0	0	0	0	0	4.941538	4.285816	4.277261	4.271558	1.915531	13.750000	17.500000	99.156868	98.895782	98.783882	0	0	1	1	156	1164686
1444467778	0	3	2	0	0	0	0	0	0	0	0	0	0	0	0	4.939927	4.282964	4.272984	4.271558	1.914725	13.750000	17.500000	99.118820	98.932274	98.894958	0	0	1	1	156	1167415
1444467779	1	0	0	5	0	0	1	0	0	0	0	0	0	0	0	4.938315	4.288667	4.274410	4.274410	1.913919	13.750000	17.500000	99.342010	98.968781	99.006096	0	0	1	1	156	1167435
1444467780	0	2	2	0	0	0	0	1	0	0	0	0	0	0	0	4.941538	4.287241	4.274410	4.270133	1.915531	13.750000	17.500000	99.156868	98.895782	98.821190	0	0	1	1	156	1165837
1444467781	1	1	1	1	0	0	1	0	0	0	0	0	0	0	0	4.943151	4.285816	4.272984	4.271558	1.915531	13.750000	17.500000	99.157608	98.896599	98.822021	0	0	1	1	156	1167426
1444467783	0	0	2	1	0	0	0	0	0	0	0	0	0	0	0	4.939927	4.282964	4.271558	4.271558	1.916337	13.750000	17.500000	99.118820	98.857651	98.559158	0	0	1	1	156	1167445
1444467784	0	0	0	1	0	0	0	0	0	0	0	0	0	0	0	4.943151	4.282964	4.274410	4.271558	1.916337	13.750000	17.500000	99.083031	98.896599	98.523727	0	0	1	1	156	1164693
1444467785	0	0	0	1	0	0	0	0	0	0	0	0	0	0	0	4.941538	4.284390	4.274410	4.271558	1.914725	13.750000	17.500000	99.119583	98.933075	98.821190	0	0	1	1	156	1167425
1444467786	0	0	0	1	0	0	0	0	0	0	0	0	0	0	0	4.941538	4.285816	4.274410	4.271558	1.914725	13.750000	17.500000	99.194176	98.933075	98.858490	0	0	1	1	156	1167445
1444467787	0	0	0	1	0	0	0	0	0	0	0	0	0	0	0	4.936703	4.284390	4.275836	4.272984	1.913919	13.750000	17.500000	99.303986	99.117302	99.005310	0	0	1	1	156	1164690
1444467789	0	0	1	2	0	0	0	0	0	0	0	0	0	0	0	4.943151	4.285816	4.258727	4.281538	1.915531	13.750000	17.500000	99.045746	98.896599	98.859314	0	0	1	1	156	1167426
1444467790	0	0	0	0	0	0	0	0	0	0	0	0	0	0	0	4.941538	4.282964	4.275836	4.271558	1.915531	13.750000	17.500000	99.119583	98.970383	98.821190	0	0	1	1	156	1167445
1444467791	0	1	0	0	0	0	0	0	0	0	0	0	0	0	0	4.939927	4.284390	4.272984	4.274410	1.914725	13.750000	17.500000	99.230751	98.969566	98.969566	0	0	1	1	156	1167440
1444467792	1	0	2	2	0	1	0	0	0	0	0	0	0	0	0	4.939927	4.288667	4.275836	4.275836	1.915531	13.750000	17.500000	99.230751	98.969566	98.894958	0	0	1	1	156	1165834
1444467793	1	0	1	0	0	0	0	0	0	0	0	0	0	0	0	4.939927	4.284390	4.275836	4.272984	1.915531	13.750000	17.500000	99.156143	98.969566	98.857651	0	0	1	1	156	1167415
1444467795	3	1	2	0	0	0	0	0	0	0	0	0	0	0	0	4.944762	4.292944	4.270133	4.268707	1.916337	13.750000	17.500000	99.046524	98.860153	98.785599	0	0	1	1	156	1167435
