time	cnt1	cnt2	cnt3	cnt4	1&2	1&3	1&4	2&3	2&4	3&4	1&2&3	1&2&4	1&3&4	2&3&4	1&2&3&4	adcr	adcp1	adcp2	adcp3	adcntc	ntcT	digT	p1	p2	p3	hvstate	pbsstate	ethstate	listpbs	sdstate	looptime
1444467796	1	1	1	1	0	0	0	0	0	0	0	0	0	0	0	4.944762	4.292944	4.268707	4.268707	1.916337	13.750000	17.500000	99.083794	98.785599	98.785599	0	0	1	1	156	1164685
1444467797	1	1	0	0	0	0	0	0	0	0	0	0	0	0	0	4.941538	4.285816	4.271558	4.271558	1.916337	13.750000	17.500000	99.156868	98.821190	98.821190	0	0	1	1	156	1214470
1444467798	0	1	1	0	0	0	0	0	0	0	0	0	0	0	0	4.941538	4.284390	4.272984	4.270133	1.916337	13.750000	17.500000	99.119583	98.933075	98.821190	0	0	1	1	156	1167416
1444467799	0	0	0	0	0	0	0	0	0	0	0	0	0	0	0	4.939927	4.285816	4.275836	4.275836	1.915531	13.750000	17.500000	99.305382	99.044197	98.969566	0	0	1	1	156	1201514
1444467801	1	0	0	2	0	0	0	0	0	0	0	0	0	0	0	4.941538	4.275836	4.263004	4.277261	1.916337	13.750000	17.500000	99.082275	98.933075	98.821190	0	0	1	1	156	1167416
1444467802	0	0	2	0	0	0	0	0	0	0	0	0	0	0	0	4.943151	4.282964	4.272984	4.272984	1.916337	13.750000	17.500000	99.083031	98.859314	98.822021	0	0	1	1	156	1167435
1444467803	0	1	1	0	0	0	0	0	0	0	0	0	0	0	0	4.939927	4.285816	4.274410	4.274410	1.915531	13.750000	17.500000	99.193443	98.969566	98.969566	0	0	1	1	156	1170238
1444467804	1	0	0	0	0	0	0	0	0	0	0	0	0	0	0	4.939927	4.280113	4.272984	4.271558	1.916337	13.750000	17.500000	99.156143	98.969566	98.820328	0	0	1	1	156	1168571
1444467805	0	0	0	1	0	0	0	0	0	0	0	0	0	0	0	4.941538	4.284390	4.275836	4.271558	1.916337	13.750000	17.500000	99.231468	98.933075	98.858490	0	0	1	1	156	1167445
1444467807	0	0	1	1	0	0	0	0	0	0	0	0	0	0	0	4.941538	4.282964	4.272984	4.271558	1.916337	13.750000	17.500000	99.156868	98.858490	98.858490	0	0	1	1	156	1164688
1444467808	1	0	0	0	0	0	0	0	0	0	0	0	0	0	0	4.943151	4.281538	4.274410	4.271558	1.916337	13.750000	17.500000	99.083031	98.896599	98.784737	0	0	1	1	156	1167425
1444467809	2	1	0	1	0	0	0	0	0	0	0	0	0	0	0	4.943151	4.281538	4.270133	4.270133	1.916337	13.750000	17.500000	99.120316	98.859314	98.822021	0	0	1	1	156	1167444
1444467810	0	1	1	1	0	0	0	0	1	0	0	0	0	0	0	4.941538	4.281538	4.271558	4.270133	1.916337	13.750000	17.500000	99.156868	98.895782	98.895782	0	0	1	1	156	1164693
1444467811	0	0	0	0	0	0	0	0	0	0	0	0	0	0	0	4.943151	4.285816	4.272984	4.258727	1.916337	13.750000	17.500000	99.045746	98.859314	98.747452	0	0	1	1	156	1167426
1444467813	1	0	2	1	0	0	0	0	0	0	0	0	0	0	0	4.943151	4.282964	4.272984	4.270133	1.916337	13.750000	17.500000	99.083031	98.933891	98.896599	0	0	1	1	156	1167445
1444467814	3	0	3	2	0	1	0	0	0	0	0	0	0	0	0	4.941538	4.285816	4.272984	4.270133	1.916337	13.750000	17.500000	99.156868	98.858490	98.821190	0	0	1	1	156	1167445
1444467815	0	1	0	1	0	0	0	0	0	0	0	0	0	0	0	4.939927	4.287241	4.277261	4.274410	1.916337	13.750000	17.500000	99.305382	99.044197	98.969566	0	0	1	1	156	1164681
1444467816	2	2	1	2	0	0	0	1	0	0	0	0	0	0	0	4.943151	4.282964	4.271558	4.270133	1.916337	13.750000	17.500000	99.083031	98.822021	98.822021	0	0	1	1	156	1168561
1444467817	2	1	0	0	0	0	0	0	0	0	0	0	0	0	0	4.943151	4.270133	4.278687	4.267281	1.916337	13.750000	17.500000	99.083031	98.822021	98.822021	0	0	1	1	156	1167435
1444467819	1	0	0	2	0	0	0	0	0	0	0	0	0	0	0	4.944762	4.274410	4.280113	4.268707	1.917143	13.750000	17.500000	99.083794	98.822884	98.785599	0	0	1	1	156	1164672
1444467820	0	2	2	2	0	0	0	0	1	0	0	0	0	0	0	4.943151	4.287241	4.272984	4.271558	1.917143	13.750000	17.500000	99.120316	98.822021	98.784737	0	0	1	1	156	1167416
1444467821	2	0	2	1	0	0	0	0	0	0	0	0	0	0	0	4.941538	4.284390	4.272984	4.270133	1.916337	13.750000	17.500000	99.082275	98.858490	98.821190	0	0	1	1	156	1167435
1444467822	1	0	0	0	0	0	0	0	0	0	0	0	0	0	0	4.939927	4.282964	4.271558	4.270133	1.915531	13.750000	17.500000	99.118820	98.857651	98.894958	0	0	1	1	156	1164672
1444467823	3	1	1	1	0	0	0	0	0	1	0	0	0	0	0	4.941538	4.281538	4.272984	4.271558	1.915531	13.750000	17.500000	99.194176	98.933075	98.858490	0	0	1	1	156	1167415
1444467825	0	0	2	1	0	0	0	0	0	0	0	0	0	0	0	4.941538	4.282964	4.272984	4.272984	1.917143	13.750000	17.500000	99.156868	98.709282	98.933075	0	0	1	1	156	1167435
1444467826	1	1	0	0	0	0	0	0	0	0	0	0	0	0	0	4.941538	4.285816	4.272984	4.271558	1.917143	13.750000	17.500000	99.194176	98.895782	98.858490	0	0	1	1	156	1167436
1444467827	0	1	1	1	0	0	0	0	1	0	0	0	0	0	0	4.939927	4.284390	4.272984	4.265855	1.913919	13.500000	17.500000	98.932274	98.521835	98.820328	0	0	1	1	156	1164683
1444467828	0	0	1	1	0	0	0	0	0	0	0	0	0	0	0	4.938315	4.284390	4.274410	4.274410	1.916337	13.750000	17.500000	99.230042	99.043419	98.968781	0	0	1	1	156	1168572
1444467829	2	2	0	2	0	0	0	0	0	0	0	0	0	0	0	4.941538	4.282964	4.272984	4.271558	1.917143	13.750000	17.500000	99.156868	98.895782	98.895782	0	0	1	1	156	1167445
1444467831	0	0	0	0	0	0	0	0	0	0	0	0	0	0	0	4.941538	4.281538	4.270133	4.271558	1.917143	13.750000	17.500000	99.119583	98.858490	98.858490	0	0	1	1	156	1164680
1444467832	2	0	2	1	0	0	0	0	0	0	0	0	0	0	0	4.941538	4.281538	4.270133	4.271558	1.917143	13.750000	17.500000	98.746590	98.597389	98.783882	0	0	1	1	156	1167425
1444467833	1	1	0	0	0	0	0	0	0	0	0	0	0	0	0	4.941538	4.285816	4.271558	4.271558	1.917143	13.750000	17.500000	99.231468	98.858490	98.821190	0	0	1	1	156	1167444
1444467834	0	1	0	0	0	0	0	0	0	0	0	0	0	0	0	4.943151	4.282964	4.272984	4.272984	1.917143	13.750000	17.500000	99.045746	98.896599	98.784737	0	0	1	1	156	1164699
1444467835	1	0	3	0	0	0	0	0	0	0	0	0	0	0	0	4.941538	4.284390	4.271558	4.270133	1.917949	13.750000	17.500000	99.082275	98.821190	98.821190	0	0	1	1	156	1167428
1444467837	1	1	0	1	1	0	0	0	0	0	0	0	0	0	0	4.941538	4.281538	4.272984	4.271558	1.917143	13.750000	17.500000	99.082275	98.858490	98.783882	0	0	1	1	156	1167445
1444467838	0	1	0	1	0	0	0	0	0	0	0	0	0	0	0	4.943151	4.280113	4.272984	4.271558	1.917949	13.750000	17.500000	99.045746	98.822021	98.747452	0	0	1	1	156	1164689
1444467839	0	0	2	2	0	0	0	0	0	0	0	0	0	0	0	4.939927	4.275836	4.263004	4.282964	1.915531	13.750000	17.500000	99.268059	99.006889	98.932274	0	0	1	1	156	1167418
1444467840	0	0	1	2	0	0	0	0	0	0	0	0	0	0	0	4.941538	4.282964	4.270133	4.271558	1.917949	13.750000	17.500000	99.156868	98.858490	98.858490	0	0	1	1	156	1168581
1444467841	0	0	0	0	0	0	0	0	0	0	0	0	0	0	0	4.939927	4.282964	4.272984	4.271558	1.918755	13.750000	17.500000	99.156143	99.044197	98.894958	0	0	1	1	156	1167438
1444467843	0	2	2	2	0	0	0	0	0	0	0	0	0	0	0	4.941538	4.281538	4.271558	4.271558	1.917143	13.750000	17.500000	99.119583	98.858490	98.858490	0	0	1	1	156	1164681
1444467844	1	0	2	0	0	0	0	0	0	0	0	0	0	0	0	4.939927	4.281538	4.271558	4.271558	1.917143	13.750000	17.500000	99.118820	98.894958	98.857651	0	0	1	1	156	1167416
1444467845	0	0	0	1	0	0	0	0	0	0	0	0	0	0	0	4.943151	4.281538	4.277261	4.270133	1.917949	13.750000	17.500000	99.083031	98.859314	98.523727	0	0	1	1	156	1167435
1444467846	1	2	1	0	0	0	0	0	0	0	0	0	0	0	0	4.941538	4.282964	4.271558	4.270133	1.917949	13.750000	17.500000	99.119583	98.858490	98.821190	0	0	1	1	156	1164679
1444467847	1	0	2	3	0	0	0	0	0	0	0	0	0	0	0	4.941538	4.282964	4.272984	4.271558	1.917949	13.750000	17.500000	99.119583	98.821190	98.821190	0	0	1	1	156	1167415
1444467849	0	0	0	1	0	0	0	0	0	0	0	0	0	0	0	4.943151	4.281538	4.272984	4.271558	1.917143	13.750000	17.500000	99.083031	98.784737	98.784737	0	0	1	1	156	1167435
1444467850	1	0	1	1	0	0	0	0	0	0	0	0	0	0	0	4.943151	4.284390	4.272984	4.271558	1.917949	13.750000	17.500000	99.045746	98.822021	98.822021	0	0	1	1	156	1164677
1444467851	0	1	2	1	0	0	0	0	0	0	0	0	0	0	0	4.939927	4.284390	4.272984	4.272984	1.917143	13.750000	17.500000	99.230751	99.044197	98.969566	0	0	1	1	156	1167416
1444467852	0	1	2	1	0	0	0	0	1	0	0	0	0	0	0	4.943151	4.284390	4.274410	4.270133	1.918755	13.750000	17.500000	99.083031	98.896599	98.449150	0	0	1	1	156	1168591
1444467853	0	1	1	0	0	0	0	0	0	0	0	0	0	0	0	4.941538	4.282964	4.271558	4.270133	1.917949	13.750000	17.500000	99.119583	98.858490	98.858490	0	0	1	1	156	1167445
1444467855	2	0	1	0	0	0	0	0	0	0	0	0	0	0	0	4.941538	4.282964	4.271558	4.275836	1.918755	13.750000	17.500000	99.156868	98.895782	98.858490	0	0	1	1	156	1176440
1444467856	3	0	1	2	0	0	0	0	0	0	0	0	0	0	0	4.939927	4.287241	4.267281	4.268707	1.917949	13.750000	17.500000	99.118820	98.894958	98.894958	0	0	1	1	156	1167425
1444467857	1	1	0	2	0	0	0	0	0	0	0	0	0	0	0	4.941538	4.282964	4.271558	4.270133	1.918755	13.750000	17.500000	99.119583	98.858490	98.858490	0	0	1	1	156	1167442
1444467858	1	0	1	4	0	0	0	0	0	0	0	0	0	0	0	4.941538	4.281538	4.271558	4.271558	1.917949	13.750000	18.000000	99.156868	98.895782	98.858490	0	0	1	1	156	1164676
1444467859	0	2	1	0	0	0	0	0	0	0	0	0	0	0	0	4.939927	4.282964	4.272984	4.271558	1.918755	13.750000	18.000000	99.118820	98.894958	98.857651	0	0	1	1	156	1167426
1444467861	2	0	0	0	0	0	0	0	0	0	0	0	0	0	0	4.941538	4.285816	4.272984	4.271558	1.917949	13.750000	17.500000	99.082275	98.821190	98.821190	0	0	1	1	156	1167445
1444467862	0	0	0	0	0	0	0	0	0	0	0	0	0	0	0	4.943151	4.285816	4.274410	4.272984	1.918755	13.750000	17.500000	99.157608	98.822021	98.822021	0	0	1	1	156	1164669
1444467863	1	1	0	0	0	0	0	0	0	0	0	0	0	0	0	4.939927	4.285816	4.275836	4.272984	1.917143	13.750000	18.000000	99.230751	98.932274	98.932274	0	0	1	1	156	1167420
1444467864	4	0	1	0	0	0	0	0	0	0	0	0	0	0	0	4.943151	4.282964	4.272984	4.271558	1.918755	13.750000	17.500000	99.045746	98.784737	98.784737	0	0	1	1	156	1168581
1444467865	2	1	2	1	0	0	0	0	1	0	0	0	0	0	0	4.941538	4.285816	4.272984	4.274410	1.917949	13.750000	18.000000	99.119583	98.858490	98.858490	0	0	1	1	156	1164674
1444467867	1	0	1	0	0	0	0	0	0	0	0	0	0	0	0	4.943151	4.282964	4.272984	4.271558	1.917949	13.750000	17.500000	99.083031	98.822021	98.784737	0	0	1	1	156	1167415
1444467868	0	1	1	3	0	0	0	0	0	0	0	0	0	0	0	4.943151	4.282964	4.271558	4.271558	1.918755	13.750000	18.000000	99.045746	98.822021	98.784737	0	0	1	1	156	1167436
1444467869	0	0	1	1	0	0	0	0	0	0	0	0	0	0	0	4.941538	4.284390	4.260152	4.260152	1.917143	13.750000	17.500000	99.119583	98.821190	98.858490	0	0	1	1	156	1167435
1444467870	0	0	1	0	0	0	0	0	0	0	0	0	0	0	0	4.938315	4.270133	4.260152	4.255875	1.915531	13.750000	18.000000	99.715248	98.595543	99.118073	0	0	1	1	156	1164679
1444467871	1	1	0	1	0	0	0	0	0	0	0	0	0	0	0	4.939927	4.284390	4.275836	4.272984	1.918755	13.750000	17.500000	99.193443	98.969566	98.969566	0	0	1	1	156	1167416
1444467873	1	1	1	1	0	0	1	0	0	0	0	0	0	0	0	4.941538	4.282964	4.271558	4.271558	1.918755	13.750000	18.000000	99.156868	98.895782	98.858490	0	0	1	1	156	1167438
1444467874	2	0	3	0	0	1	0	0	0	0	0	0	0	0	0	4.941538	4.282964	4.271558	4.271558	1.918755	13.750000	18.000000	99.082275	98.858490	98.821190	0	0	1	1	156	1164681
1444467875	2	1	1	1	0	1	0	0	0	0	0	0	0	0	0	4.935091	4.288667	4.275836	4.275836	1.917143	13.750000	18.000000	99.377983	99.153893	99.153893	0	0	1	1	156	1167416
1444467876	3	1	1	1	0	0	1	0	0	0	0	0	0	0	0	4.939927	4.285816	4.260152	4.282964	1.918755	13.750000	17.500000	99.118820	98.932274	98.857651	0	0	1	1	156	1168591
1444467877	2	0	1	0	0	0	0	0	0	0	0	0	0	0	0	4.941538	4.281538	4.258727	4.277261	1.918755	13.750000	18.000000	99.044983	98.858490	98.821190	0	0	1	1	156	1164681
1444467879	2	0	0	0	0	0	0	0	0	0	0	0	0	0	0	4.941538	4.282964	4.274410	4.270133	1.918755	13.750000	18.000000	99.119583	98.895782	98.821190	0	0	1	1	156	1167425
1444467880	1	0	2	1	0	0	0	0	0	0	0	0	0	0	0	4.939927	4.284390	4.271558	4.270133	1.918755	13.750000	18.000000	99.118820	98.857651	98.857651	0	0	1	1	156	1167445
1444467881	1	0	1	1	0	0	0	0	0	0	0	0	0	0	0	4.938315	4.285816	4.270133	4.271558	1.917949	13.750000	18.000000	99.230042	98.968781	98.931450	0	0	1	1	156	1167445
1444467882	0	0	1	0	0	0	0	0	0	0	0	0	0	0	0	4.939927	4.281538	4.270133	4.270133	1.917949	13.750000	18.000000	99.156143	98.894958	98.894958	0	0	1	1	156	1164685
1444467883	1	0	2	1	0	0	0	0	0	0	0	0	0	0	0	4.943151	4.284390	4.271558	4.270133	1.918755	13.750000	18.000000	99.045746	98.672874	98.449150	0	0	1	1	156	1167426
1444467885	1	2	1	1	0	0	0	0	0	1	0	0	0	0	0	4.943151	4.282964	4.271558	4.270133	1.918755	13.750000	18.000000	99.045746	98.784737	98.784737	0	0	1	1	156	1167445
1444467886	1	4	0	1	1	0	0	0	0	0	0	0	0	0	0	4.941538	4.284390	4.270133	4.270133	1.919561	13.750000	18.000000	99.156868	98.858490	98.895782	0	0	1	1	156	1164689
1444467887	1	1	0	0	0	0	0	0	0	0	0	0	0	0	0	4.939927	4.284390	4.274410	4.274410	1.918755	13.750000	18.000000	99.268059	98.969566	98.969566	0	0	1	1	156	1167420
1444467888	0	1	0	1	0	0	0	0	0	0	0	0	0	0	0	4.939927	4.282964	4.271558	4.271558	1.918755	13.750000	18.000000	99.156143	98.894958	98.857651	0	0	1	1	156	1168581
1444467889	3	2	0	2	0	0	0	0	1	0	0	0	0	0	0	4.943151	4.282964	4.272984	4.271558	1.919561	13.750000	18.000000	99.083031	98.784737	98.784737	0	0	1	1	156	1164693
1444467891	0	0	1	1	0	0	0	0	0	0	0	0	0	0	0	4.941538	4.282964	4.271558	4.271558	1.918755	13.750000	18.000000	99.119583	98.597389	98.858490	0	0	1	1	156	1167415
1444467892	1	2	2	0	0	0	0	0	0	0	0	0	0	0	0	4.941538	4.282964	4.271558	4.271558	1.919561	13.750000	18.000000	99.119583	98.858490	98.821190	0	0	1	1	156	1167436
1444467893	1	0	0	0	0	0	0	0	0	0	0	0	0	0	0	4.941538	4.284390	4.272984	4.271558	1.918755	13.750000	18.000000	99.082275	98.821190	98.858490	0	0	1	1	156	1164690
1444467894	2	0	0	2	0	0	0	0	0	0	0	0	0	0	0	4.941538	4.282964	4.271558	4.271558	1.918755	13.750000	18.000000	99.082275	98.858490	98.858490	0	0	1	1	156	1167418
1444467895	0	0	1	2	0	0	0	0	0	0	0	0	0	0	0	4.941538	4.282964	4.268707	4.271558	1.919561	13.750000	18.000000	99.119583	98.858490	98.821190	0	0	1	1	156	1167435
1444467897	0	1	1	0	0	0	0	0	0	0	0	0	0	0	0	4.941538	4.282964	4.271558	4.272984	1.919561	13.750000	18.000000	99.082275	98.858490	98.895782	0	0	1	1	156	1167432
1444467898	2	0	2	1	0	0	0	0	0	0	0	0	0	0	0	4.941538	4.284390	4.271558	4.274410	1.919561	13.750000	18.000000	99.119583	98.783882	98.933075	0	0	1	1	156	1164681
1444467899	1	0	1	2	0	0	0	0	0	0	0	0	0	0	0	4.939927	4.284390	4.275836	4.277261	1.918755	13.750000	18.000000	99.230751	98.969566	99.081512	0	0	1	1	156	1167416
1444467900	1	1	0	1	0	0	0	0	0	0	0	0	0	0	0	4.941538	4.285816	4.272984	4.274410	1.920366	13.750000	18.000000	99.119583	98.858490	98.858490	0	0	1	1	156	1168593
1444467901	1	1	1	3	0	0	0	0	0	0	0	0	0	0	0	4.941538	4.282964	4.271558	4.270133	1.919561	13.750000	18.000000	99.156868	98.895782	98.858490	0	0	1	1	156	1164683
1444467903	0	3	1	2	0	0	0	0	1	0	0	0	0	0	0	4.943151	4.281538	4.271558	4.271558	1.919561	13.750000	18.000000	99.045746	98.822021	98.784737	0	0	1	1	156	1167425
1444467904	2	2	0	0	0	0	0	0	0	0	0	0	0	0	0	4.941538	4.281538	4.271558	4.274410	1.920366	13.750000	18.000000	99.082275	98.858490	98.895782	0	0	1	1	156	1167442
1444467905	1	0	1	0	0	0	0	0	0	0	0	0	0	0	0	4.941538	4.282964	4.271558	4.274410	1.919561	13.750000	18.000000	99.156868	98.895782	98.858490	0	0	1	1	156	1164702
1444467906	0	1	1	1	0	0	0	0	0	0	0	0	0	0	0	4.941538	4.285816	4.272984	4.271558	1.919561	13.750000	18.000000	99.119583	98.858490	98.821190	0	0	1	1	156	1167425
1444467907	0	2	1	0	0	0	0	0	0	0	0	0	0	0	0	4.941538	4.282964	4.271558	4.270133	1.919561	13.750000	18.000000	99.194176	98.821190	98.821190	0	0	1	1	156	1167445
1444467909	0	1	0	0	0	0	0	0	0	0	0	0	0	0	0	4.943151	4.281538	4.268707	4.257301	1.920366	13.750000	18.000000	98.971169	98.784737	98.784737	0	0	1	1	156	1167445
1444467910	1	1	2	0	0	0	0	0	0	0	0	0	0	0	0	4.938315	4.280113	4.271558	4.271558	1.917949	13.750000	18.000000	99.230042	99.006096	99.006096	0	0	1	1	156	1174957
1444467911	0	0	0	0	0	0	0	0	0	0	0	0	0	0	0	4.939927	4.285816	4.275836	4.274410	1.918755	13.750000	18.000000	99.193443	98.932274	98.969566	0	0	1	1	156	1167420
1444467912	2	1	0	0	0	0	0	0	0	0	0	0	0	0	0	4.941538	4.284390	4.271558	4.270133	1.918755	13.750000	18.000000	99.082275	98.821190	98.821190	0	0	1	1	156	1168582
1444467913	0	0	3	0	0	0	0	0	0	0	0	0	0	0	0	4.941538	4.281538	4.271558	4.270133	1.919561	13.750000	18.000000	98.783882	98.560097	98.522797	0	0	1	1	156	1164682
1444467915	2	0	3	4	0	0	0	0	0	0	0	0	0	0	0	4.939927	4.284390	4.272984	4.272984	1.919561	13.750000	18.000000	99.268059	98.932274	98.894958	0	0	1	1	156	1167416
1444467916	2	0	0	2	0	0	0	0	0	0	0	0	0	0	0	4.941538	4.284390	4.271558	4.272984	1.920366	13.750000	18.000000	99.156868	98.858490	98.821190	0	0	1	1	156	1167435
1444467917	2	3	0	2	0	0	0	0	0	0	0	0	0	0	0	4.939927	4.282964	4.271558	4.270133	1.919561	13.750000	18.000000	99.156143	98.894958	98.857651	0	0	1	1	156	1164674
1444467918	2	3	0	0	1	0	0	0	0	0	0	0	0	0	0	4.943151	4.282964	4.271558	4.270133	1.921172	13.750000	18.000000	98.747452	98.971169	98.710175	0	0	1	1	156	1167415
1444467919	1	2	1	0	0	0	0	0	0	0	0	0	0	0	0	4.943151	4.282964	4.271558	4.272984	1.920366	13.750000	18.000000	99.083031	98.822021	98.896599	0	0	1	1	156	1167435
1444467921	0	1	2	0	0	0	0	0	0	0	0	0	0	0	0	4.943151	4.282964	4.270133	4.271558	1.920366	13.750000	18.000000	99.083031	98.784737	98.822021	0	0	1	1	156	1164594
1444467922	0	1	1	1	0	0	0	0	0	0	0	0	0	0	0	4.939927	4.282964	4.271558	4.270133	1.920366	13.750000	18.000000	99.156143	98.894958	98.969566	0	0	1	1	156	1167416
1444467923	1	0	0	0	0	0	0	0	0	0	0	0	0	0	0	4.938315	4.285816	4.274410	4.275836	1.919561	13.750000	18.000000	99.267357	99.006096	98.968781	0	0	1	1	156	1167435
1444467924	2	2	1	1	0	0	0	0	0	0	0	0	0	0	0	4.939927	4.280113	4.267281	4.265855	1.920366	13.750000	18.000000	100.088921	98.521835	98.521835	0	0	1	1	156	1168591
1444467925	2	0	1	1	0	0	0	0	0	0	0	0	0	0	0	4.941538	4.282964	4.270133	4.270133	1.920366	13.750000	18.000000	99.156868	98.895782	98.895782	0	0	1	1	157	1164869
1444467927	0	0	1	1	0	0	0	0	0	0	0	0	0	0	0	4.939927	4.282964	4.270133	4.272984	1.921172	13.750000	18.000000	99.118820	98.932274	98.932274	0	0	1	1	156	1167425
1444467928	1	1	1	3	0	0	0	0	0	0	0	0	0	0	0	4.941538	4.281538	4.271558	4.271558	1.920366	13.750000	18.000000	98.746590	98.560097	98.746590	0	0	1	1	156	1167445
1444467929	1	2	0	3	0	0	0	0	1	0	0	0	0	0	0	4.941538	4.282964	4.271558	4.272984	1.920366	13.750000	18.000000	98.783882	98.597389	98.783882	0	0	1	1	156	1164682
1444467930	0	0	1	0	0	0	0	0	0	0	0	0	0	0	0	4.939927	4.282964	4.272984	4.274410	1.921172	13.750000	18.000000	99.156143	98.857651	98.932274	0	0	1	1	156	1167426
1444467931	0	2	0	1	0	0	0	0	0	0	0	0	0	0	0	4.941538	4.282964	4.271558	4.270133	1.920366	13.750000	18.000000	99.119583	98.858490	98.858490	0	0	1	1	156	1167448
1444467933	0	0	2	0	0	0	0	0	0	0	0	0	0	0	0	4.941538	4.282964	4.271558	4.270133	1.921172	13.750000	18.000000	99.082275	98.858490	98.821190	0	0	1	1	156	1164682
1444467934	1	0	0	0	0	0	0	0	0	0	0	0	0	0	0	4.935091	4.285816	4.268707	4.271558	1.920366	13.750000	18.000000	99.265953	99.004509	99.004509	0	0	1	1	156	1167425
1444467935	0	1	1	2	0	0	0	0	1	0	0	0	0	0	0	4.939927	4.275836	4.264430	4.282964	1.919561	13.750000	18.000000	99.193443	98.969566	98.969566	0	0	1	1	156	1167437
1444467936	1	0	1	0	0	0	0	0	0	0	0	0	0	0	0	4.941538	4.282964	4.271558	4.271558	1.918755	13.750000	18.000000	98.895782	98.746590	98.783882	0	0	1	1	156	1165826
1444467937	2	4	1	2	0	0	0	0	1	0	0	0	0	0	0	4.939927	4.282964	4.271558	4.271558	1.921172	13.750000	18.000000	99.118820	98.894958	98.857651	0	0	1	1	156	1167415
1444467939	0	0	1	1	0	0	0	0	0	0	0	0	0	0	0	4.939927	4.285816	4.271558	4.271558	1.921172	13.750000	18.000000	99.118820	98.894958	98.857651	0	0	1	1	156	1167437
1444467940	0	3	0	1	0	0	0	0	1	0	0	0	0	0	0	4.939927	4.282964	4.272984	4.270133	1.921172	13.750000	18.000000	99.156143	98.894958	98.932274	0	0	1	1	156	1167435
1444467941	1	0	1	0	0	0	0	0	0	0	0	0	0	0	0	4.938315	4.281538	4.270133	4.270133	1.920366	13.750000	18.000000	99.155388	98.931450	98.968781	0	0	1	1	156	1164679
1444467942	1	1	2	1	0	0	0	0	0	0	0	0	0	0	0	4.941538	4.282964	4.272984	4.274410	1.921172	13.750000	18.000000	99.082275	98.858490	98.895782	0	0	1	1	156	1167412
1444467943	1	0	1	1	0	1	0	0	0	0	0	0	0	0	0	4.941538	4.284390	4.272984	4.271558	1.921172	13.750000	18.000000	99.082275	98.821190	98.821190	0	0	1	1	156	1167435
1444467945	1	1	1	1	0	0	0	0	0	0	0	0	0	0	0	4.943151	4.282964	4.271558	4.271558	1.921172	13.750000	18.000000	99.120316	98.822021	98.822021	0	0	1	1	156	1164681
1444467946	1	2	1	2	0	0	0	0	0	0	0	0	0	0	0	4.939927	4.282964	4.271558	4.272984	1.921172	13.750000	18.000000	99.156143	98.894958	98.969566	0	0	1	1	156	1167416
1444467947	2	1	0	1	0	0	0	0	0	0	0	0	0	0	0	4.939927	4.284390	4.272984	4.272984	1.920366	13.750000	18.000000	99.268059	99.006889	98.969566	0	0	1	1	156	1167435
1444467948	2	1	0	2	0	0	0	0	0	0	0	0	0	0	0	4.941538	4.282964	4.272984	4.272984	1.921172	13.750000	18.000000	99.119583	98.858490	98.821190	0	0	1	1	156	1165846
1444467949	1	1	1	2	0	0	0	0	0	0	0	0	0	0	0	4.941538	4.285816	4.275836	4.274410	1.922784	13.750000	18.000000	99.082275	98.858490	98.858490	0	0	1	1	156	1167425
1444467951	0	0	2	0	0	0	0	0	0	0	0	0	0	0	0	4.943151	4.282964	4.270133	4.271558	1.921978	13.750000	18.000000	99.083031	98.822021	98.784737	0	0	1	1	156	1167445
1444467952	2	0	0	1	0	0	0	0	0	0	0	0	0	0	0	4.943151	4.284390	4.271558	4.272984	1.921172	13.750000	18.000000	99.083031	98.822021	98.822021	0	0	1	1	156	1167445
1444467953	0	2	1	1	0	0	0	0	0	0	0	0	0	0	0	4.936703	4.284390	4.272984	4.272984	1.921172	13.750000	18.000000	99.266655	99.042641	99.042641	0	0	1	1	156	1164688
1444467954	1	0	3	0	0	0	0	0	0	0	0	0	0	0	0	4.941538	4.282964	4.260152	4.281538	1.921172	13.750000	18.000000	99.082275	98.858490	98.858490	0	0	1	1	156	1167426
1444467955	3	2	1	1	1	0	1	0	1	0	0	1	0	0	0	4.941538	4.282964	4.271558	4.272984	1.921172	13.750000	18.000000	99.119583	98.933075	98.895782	0	0	1	1	156	1167445
1444467957	1	0	1	0	0	0	0	0	0	0	0	0	0	0	0	4.941538	4.281538	4.271558	4.270133	1.921172	13.750000	18.000000	99.119583	98.858490	98.821190	0	0	1	1	156	1164695
1444467958	0	1	0	0	0	0	0	0	0	0	0	0	0	0	0	4.941538	4.282964	4.272984	4.270133	1.921172	13.750000	18.000000	99.082275	98.821190	98.821190	0	0	1	1	156	1167425
1444467959	2	1	1	0	0	0	0	0	0	0	0	0	0	0	0	4.939927	4.288667	4.277261	4.274410	1.920366	13.750000	18.000000	99.230751	98.969566	98.969566	0	0	1	1	156	1167440
1444467960	2	2	2	0	0	0	0	0	0	0	0	0	0	0	0	4.941538	4.282964	4.271558	4.270133	1.921978	13.750000	18.000000	99.119583	98.858490	98.895782	0	0	1	1	156	1165820
1444467961	1	2	1	0	0	0	0	0	0	0	0	0	0	0	0	4.943151	4.268707	4.280113	4.267281	1.921978	13.750000	18.000000	99.083031	98.859314	98.822021	0	0	1	1	156	1167415
1444467963	2	2	0	1	0	0	0	0	0	0	0	0	0	0	0	4.941538	4.282964	4.272984	4.271558	1.921172	13.750000	18.000000	98.970383	98.634682	98.560097	0	0	1	1	156	1167436
1444467964	0	0	1	0	0	0	0	0	0	0	0	0	0	0	0	4.941538	4.282964	4.272984	4.270133	1.921978	13.750000	18.000000	99.082275	98.821190	98.821190	0	0	1	1	156	1164679
1444467965	1	1	0	1	0	0	0	0	0	0	0	0	0	0	0	4.939927	4.282964	4.271558	4.271558	1.921978	13.750000	18.000000	99.118820	98.857651	98.857651	0	0	1	1	156	1167416
1444467966	2	0	0	2	0	0	0	0	0	0	0	0	0	0	0	4.939927	4.281538	4.271558	4.270133	1.921172	13.750000	18.000000	99.118820	98.894958	98.894958	0	0	1	1	156	1167435
1444467967	0	0	1	3	0	0	0	0	0	1	0	0	0	0	0	4.943151	4.282964	4.271558	4.270133	1.922784	13.750000	18.000000	98.710175	99.008469	98.710175	0	0	1	1	156	1167435
1444467969	2	1	0	0	0	0	0	0	0	0	0	0	0	0	0	4.943151	4.281538	4.271558	4.271558	1.921172	13.750000	18.000000	98.747452	99.083031	98.672874	0	0	1	1	156	1164679
1444467970	1	2	0	0	0	0	0	0	0	0	0	0	0	0	0	4.941538	4.282964	4.271558	4.271558	1.921172	13.750000	18.000000	99.119583	98.858490	98.821190	0	0	1	1	156	1167416
1444467971	0	1	1	0	0	0	0	1	0	0	0	0	0	0	0	4.939927	4.288667	4.275836	4.274410	1.921172	13.750000	18.000000	99.230751	98.932274	98.932274	0	0	1	1	156	1167438
1444467972	0	0	3	1	0	0	0	0	0	0	0	0	0	0	0	4.941538	4.282964	4.271558	4.272984	1.921978	13.750000	18.000000	99.119583	98.933075	98.933075	0	0	1	1	156	1165829
1444467973	0	3	3	0	0	0	0	0	0	0	0	0	0	0	0	4.941538	4.281538	4.270133	4.271558	1.921172	13.750000	18.000000	99.119583	98.895782	98.858490	0	0	1	1	156	1167425
1444467975	0	0	1	1	0	0	0	0	0	0	0	0	0	0	0	4.941538	4.282964	4.271558	4.270133	1.921978	13.750000	18.000000	98.821190	98.895782	98.746590	0	0	1	1	156	1167445
1444467976	2	2	0	1	0	0	0	0	0	0	0	0	0	0	0	4.941538	4.281538	4.270133	4.270133	1.921978	13.750000	18.000000	98.783882	98.634682	98.783882	0	0	1	1	156	1176740
1444467977	2	0	1	0	0	0	0	0	0	0	0	0	0	0	0	4.941538	4.282964	4.271558	4.272984	1.921978	13.750000	18.000000	99.119583	98.858490	98.821190	0	0	1	1	156	1167426
1444467978	0	1	0	1	0	0	0	0	0	0	0	0	0	0	0	4.939927	4.285816	4.272984	4.270133	1.921978	13.750000	18.000000	99.118820	98.894958	98.857651	0	0	1	1	156	1167447
1444467979	2	0	1	0	0	0	0	0	0	0	0	0	0	0	0	4.941538	4.280113	4.270133	4.272984	1.921978	13.750000	18.000000	99.082275	98.858490	98.895782	0	0	1	1	156	1167445
1444467981	0	0	2	0	0	0	0	0	0	0	0	0	0	0	0	4.943151	4.280113	4.270133	4.272984	1.921172	13.750000	18.000000	99.045746	98.784737	98.822021	0	0	1	1	156	1164681
1444467982	0	2	0	1	0	0	0	0	0	0	0	0	0	0	0	4.941538	4.281538	4.270133	4.272984	1.921978	13.750000	18.000000	99.119583	98.821190	98.821190	0	0	1	1	156	1167422
1444467983	2	1	1	0	0	0	0	0	0	0	0	0	0	0	0	4.939927	4.284390	4.274410	4.274410	1.921978	13.750000	18.000000	99.268059	99.044197	98.969566	0	0	1	1	156	1167440
1444467984	1	1	1	0	0	0	0	0	0	0	0	0	0	0	0	4.941538	4.284390	4.272984	4.271558	1.922784	13.750000	18.000000	99.082275	98.783882	98.821190	0	0	1	1	156	1165808
1444467985	0	0	3	0	0	0	0	0	0	0	0	0	0	0	0	4.943151	4.284390	4.271558	4.270133	1.921978	13.750000	18.000000	99.045746	98.784737	98.747452	0	0	1	1	156	1167418
1444467987	0	0	1	0	0	0	0	0	0	0	0	0	0	0	0	4.941538	4.281538	4.270133	4.270133	1.921978	13.750000	18.000000	99.119583	98.858490	98.858490	0	0	1	1	156	1167435
1444467988	2	0	0	3	0	0	0	0	0	0	0	0	0	0	0	4.941538	4.280113	4.271558	4.270133	1.922784	13.750000	18.000000	99.082275	98.783882	98.821190	0	0	1	1	156	1164662
1444467989	1	1	0	0	0	0	0	0	0	0	0	0	0	0	0	4.941538	4.284390	4.271558	4.271558	1.922784	13.750000	18.000000	99.082275	98.821190	98.821190	0	0	1	1	156	1167413
1444467990	0	2	0	0	0	0	0	0	0	0	0	0	0	0	0	4.941538	4.282964	4.270133	4.270133	1.921978	13.750000	18.000000	99.119583	98.933075	98.858490	0	0	1	1	156	1167435
1444467991	1	1	1	2	0	0	0	0	1	0	0	0	0	0	0	4.939927	4.288667	4.272984	4.271558	1.921978	13.750000	18.000000	99.193443	98.894958	98.894958	0	0	1	1	156	1164683
1444467993	2	2	0	3	0	0	0	0	0	0	0	0	0	0	0	4.941538	4.282964	4.272984	4.270133	1.922784	13.750000	18.000000	99.194176	98.858490	98.858490	0	0	1	1	156	1167416
1444467994	0	1	0	2	0	0	0	0	0	0	0	0	0	0	0	4.941538	4.282964	4.260152	4.260152	1.920366	13.750000	18.000000	99.044983	98.895782	98.783882	0	0	1	1	156	1167435
1444467995	1	1	1	0	0	0	0	0	0	0	0	0	0	0	0	4.938315	4.284390	4.275836	4.272984	1.921978	13.750000	18.000000	99.080734	98.632858	99.006096	0	0	1	1	156	1167435
1444467996	1	0	0	1	0	0	0	0	0	0	0	0	0	0	0	4.941538	4.284390	4.271558	4.271558	1.921978	13.750000	18.000000	99.156868	98.895782	98.560097	0	0	1	1	156	1165826
1444467997	1	2	1	0	0	0	0	0	0	0	0	0	0	0	0	4.943151	4.285816	4.271558	4.271558	1.921978	13.750000	18.000000	99.045746	98.784737	98.784737	0	0	1	1	156	1167425
1444467999	1	2	0	1	0	0	0	0	0	0	0	0	0	0	0	4.939927	4.282964	4.270133	4.271558	1.922784	13.750000	18.000000	99.193443	98.894958	98.894958	0	0	1	1	156	1167444
1444468000	1	1	3	0	0	0	0	1	0	0	0	0	0	0	0	4.938315	4.284390	4.272984	4.272984	1.921172	13.750000	18.000000	99.230042	98.968781	98.931450	0	0	1	1	156	1164688
1444468001	0	0	1	1	0	0	0	0	0	0	0	0	0	0	0	4.943151	4.287241	4.260152	4.281538	1.921978	13.750000	18.000000	99.157608	98.859314	98.822021	0	0	1	1	156	1167426
1444468002	2	0	0	0	0	0	0	0	0	0	0	0	0	0	0	4.943151	4.284390	4.272984	4.271558	1.922784	13.750000	18.000000	99.083031	98.859314	98.822021	0	0	1	1	156	1167445
1444468003	0	1	2	3	0	0	0	1	0	0	0	0	0	0	0	4.941538	4.282964	4.271558	4.272984	1.923590	13.750000	18.000000	99.082275	98.895782	98.821190	0	0	1	1	156	1164687
1444468005	0	1	1	1	0	0	0	0	1	0	0	0	0	0	0	4.941538	4.285816	4.271558	4.271558	1.922784	13.750000	18.000000	99.156868	98.821190	98.821190	0	0	1	1	156	1167425
1444468006	2	1	1	0	0	0	0	1	0	0	0	0	0	0	0	4.939927	4.282964	4.270133	4.272984	1.921978	13.750000	18.000000	99.268059	98.969566	98.932274	0	0	1	1	156	1167445
1444468007	0	3	1	3	0	0	0	0	1	0	0	0	0	0	0	4.938315	4.284390	4.274410	4.274410	1.922784	13.750000	18.000000	99.342010	99.043419	99.006096	0	0	1	1	156	1167440
1444468008	1	0	1	2	0	0	0	0	0	0	0	0	0	0	0	4.935091	4.284390	4.267281	4.270133	1.922784	13.750000	18.000000	99.265953	99.041862	99.004509	0	0	1	1	156	1165825
1444468009	0	1	0	0	0	0	0	0	0	0	0	0	0	0	0	4.943151	4.285816	4.271558	4.270133	1.923590	13.750000	18.000000	99.083031	98.523727	98.486443	0	0	1	1	156	1167395
1444468011	1	1	0	1	0	0	0	0	0	0	0	0	0	0	0	4.939927	4.288667	4.275836	4.274410	1.922784	13.750000	18.000000	99.230751	98.932274	98.932274	0	0	1	1	156	1167435
1444468012	0	1	2	2	0	0	0	0	1	0	0	0	0	0	0	4.941538	4.284390	4.270133	4.271558	1.923590	13.750000	18.000000	99.156868	98.858490	98.858490	0	0	1	1	156	1164675
1444468013	2	2	1	2	0	0	0	0	1	0	0	0	0	0	0	4.941538	4.284390	4.270133	4.270133	1.923590	13.750000	18.000000	99.194176	98.858490	98.783882	0	0	1	1	156	1167416
1444468014	2	1	1	1	0	0	0	0	0	0	0	0	0	0	0	4.943151	4.285816	4.271558	4.271558	1.923590	13.750000	18.000000	98.784737	99.045746	98.672874	0	0	1	1	156	1167435
1444468015	0	1	0	1	0	0	0	0	0	0	0	0	0	0	0	4.941538	4.284390	4.270133	4.270133	1.922784	13.750000	18.000000	98.821190	99.044983	98.783882	0	0	1	1	156	1164680
1444468017	1	2	1	1	0	1	0	0	1	0	0	0	0	0	0	4.939927	4.284390	4.271558	4.270133	1.923590	13.750000	18.000000	99.230751	98.894958	98.894958	0	0	1	1	156	1167416
1444468018	0	1	1	0	0	0	0	0	0	0	0	0	0	0	0	4.941538	4.285816	4.271558	4.270133	1.923590	13.750000	18.000000	99.194176	98.858490	98.858490	0	0	1	1	156	1167438
1444468019	2	0	0	1	0	0	0	0	0	0	0	0	0	0	0	4.939927	4.288667	4.275836	4.263004	1.921172	13.750000	18.000000	99.529243	98.857651	98.894958	0	0	1	1	156	1175126
1444468020	1	1	2	3	0	1	0	0	0	0	0	0	0	0	0	4.941538	4.284390	4.271558	4.271558	1.923590	13.750000	18.000000	99.194176	98.858490	98.858490	0	0	1	1	156	1168572
1444468021	1	2	0	1	0	0	0	0	1	0	0	0	0	0	0	4.941538	4.284390	4.270133	4.270133	1.923590	13.750000	18.000000	99.231468	98.858490	98.821190	0	0	1	1	156	1167448
1444468023	1	0	1	1	0	0	0	0	0	0	0	0	0	0	0	4.939927	4.282964	4.270133	4.271558	1.923590	13.750000	18.000000	99.193443	98.820328	98.820328	0	0	1	1	156	1167445
1444468024	3	0	3	2	0	0	0	0	0	0	0	0	0	0	0	4.944762	4.281538	4.270133	4.272984	1.923590	13.750000	18.000000	99.083794	98.785599	98.748329	0	0	1	1	156	1164683
1444468025	3	2	2	1	0	1	0	0	0	0	0	0	0	0	0	4.941538	4.288667	4.272984	4.272984	1.924396	13.750000	18.000000	99.156868	98.821190	98.821190	0	0	1	1	156	1167423
1444468026	1	0	0	0	0	0	0	0	0	0	0	0	0	0	0	4.941538	4.284390	4.271558	4.271558	1.923590	13.750000	18.000000	99.194176	98.858490	98.858490	0	0	1	1	156	1167444
1444468027	0	0	0	1	0	0	0	0	0	0	0	0	0	0	0	4.943151	4.285816	4.270133	4.270133	1.923590	13.750000	18.000000	99.157608	98.822021	98.784737	0	0	1	1	156	1164679
1444468029	1	1	1	1	0	0	0	0	0	0	0	0	0	0	0	4.939927	4.285816	4.271558	4.271558	1.924396	13.750000	18.000000	99.230751	98.894958	98.894958	0	0	1	1	156	1167426
1444468030	0	1	1	2	0	0	0	0	1	0	0	0	0	0	0	4.941538	4.285816	4.271558	4.264430	1.920366	13.750000	18.000000	99.231468	98.746590	98.783882	0	0	1	1	156	1167445
1444468031	3	1	2	2	0	0	0	0	0	0	0	0	0	0	0	4.941538	4.285816	4.274410	4.274410	1.923590	13.750000	18.000000	99.268776	98.933075	98.933075	0	0	1	1	156	1164682
1444468032	0	1	1	1	0	0	0	0	0	0	0	0	0	0	0	4.941538	4.287241	4.271558	4.270133	1.924396	13.750000	18.000000	99.156868	98.858490	98.821190	0	0	1	1	156	1168561
1444468033	2	1	1	1	0	0	0	0	0	0	0	0	0	0	0	4.943151	4.285816	4.270133	4.270133	1.923590	13.750000	18.000000	99.120316	98.784737	98.784737	0	0	1	1	156	1167435
1444468035	1	2	0	0	0	0	0	0	0	0	0	0	0	0	0	4.939927	4.284390	4.271558	4.271558	1.924396	13.750000	18.000000	99.230751	98.969566	98.857651	0	0	1	1	156	1167435
1444468036	0	0	2	1	0	0	0	0	0	0	0	0	0	0	0	4.943151	4.285816	4.272984	4.272984	1.924396	13.750000	18.000000	99.120316	98.822021	98.747452	0	0	1	1	156	1164669
1444468037	1	2	1	1	0	0	0	0	0	0	0	0	0	0	0	4.941538	4.285816	4.265855	4.258727	1.922784	13.750000	18.000000	99.082275	98.821190	98.821190	0	0	1	1	156	1167416
1444468038	0	3	0	2	0	0	0	0	0	0	0	0	0	0	0	4.941538	4.285816	4.271558	4.271558	1.923590	13.750000	18.000000	99.156868	98.858490	98.858490	0	0	1	1	156	1167435
1444468039	0	0	1	1	0	0	0	0	0	0	0	0	0	0	0	4.939927	4.288667	4.272984	4.272984	1.923590	13.750000	18.000000	99.230751	98.932274	98.857651	0	0	1	1	156	1164673
1444468041	0	0	1	1	0	0	0	0	0	0	0	0	0	0	0	4.943151	4.284390	4.271558	4.271558	1.923590	13.750000	18.000000	99.157608	98.822021	98.784737	0	0	1	1	156	1167419
1444468042	1	1	1	1	0	0	0	0	0	0	0	0	0	0	0	4.943151	4.285816	4.271558	4.270133	1.923590	13.750000	18.000000	99.157608	98.822021	98.822021	0	0	1	1	156	1167435
1444468043	0	1	2	0	0	0	0	0	0	0	0	0	0	0	0	4.936703	4.291519	4.278687	4.277261	1.921978	13.750000	18.000000	99.415993	99.079971	99.042641	0	0	1	1	156	1164683
1444468044	0	1	1	3	0	0	0	0	0	0	0	0	0	0	0	4.941538	4.287241	4.260152	4.281538	1.924396	13.750000	18.000000	99.119583	98.858490	98.821190	0	0	1	1	156	1168572
1444468045	1	1	0	1	0	0	0	0	0	0	0	0	0	0	0	4.943151	4.285816	4.272984	4.271558	1.924396	13.750000	18.000000	99.194893	98.933891	98.822021	0	0	1	1	156	1167445
1444468047	0	1	0	1	0	0	0	0	0	0	0	0	0	0	0	4.941538	4.285816	4.272984	4.271558	1.924396	13.750000	18.000000	99.119583	98.858490	98.783882	0	0	1	1	156	1164619
1444468048	1	1	0	1	0	0	0	0	0	0	0	0	0	0	0	4.941538	4.285816	4.270133	4.270133	1.923590	13.750000	18.000000	99.156868	98.821190	98.821190	0	0	1	1	156	1167428
1444468049	2	2	1	1	0	0	1	0	0	0	0	0	0	0	0	4.938315	4.274410	4.254449	4.257301	1.921978	13.750000	18.000000	99.230042	98.894127	98.894127	0	0	1	1	156	1167445
1444468050	1	1	1	0	0	0	0	0	0	0	0	0	0	0	0	4.939927	4.285816	4.270133	4.272984	1.926007	13.750000	18.000000	99.268059	98.857651	98.932274	0	0	1	1	156	1167442
1444468051	0	1	1	3	0	0	0	0	0	0	0	0	0	0	0	4.941538	4.285816	4.272984	4.271558	1.924396	13.750000	18.000000	99.156868	98.858490	98.821190	0	0	1	1	156	1194590
1444468053	0	0	1	0	0	0	0	0	0	0	0	0	0	0	0	4.939927	4.284390	4.271558	4.272984	1.925202	13.750000	18.000000	99.193443	98.857651	98.857651	0	0	1	1	156	1167428
1444468054	2	0	1	4	0	0	1	0	0	0	0	0	0	0	0	4.941538	4.285816	4.270133	4.270133	1.925202	13.750000	18.000000	99.156868	98.858490	98.858490	0	0	1	1	156	1167444
1444468055	1	2	1	2	0	0	0	0	0	0	0	0	0	0	0	4.939927	4.287241	4.274410	4.274410	1.923590	13.750000	18.000000	99.305382	98.969566	98.820328	0	0	1	1	156	1170223
1444468056	1	0	0	2	0	0	0	0	0	0	0	0	0	0	0	4.941538	4.285816	4.268707	4.271558	1.924396	13.750000	18.000000	99.194176	98.783882	98.858490	0	0	1	1	156	1168562
1444468057	1	2	0	0	0	0	0	0	0	0	0	0	0	0	0	4.943151	4.284390	4.268707	4.270133	1.924396	13.750000	18.000000	99.120316	98.710175	98.822021	0	0	1	1	156	1167435
1444468059	1	1	0	1	0	0	0	0	0	0	0	0	0	0	0	4.943151	4.285816	4.270133	4.271558	1.924396	13.750000	18.000000	99.157608	98.784737	98.822021	0	0	1	1	156	1164693
1444468060	2	2	0	0	0	0	0	0	0	0	0	0	0	0	0	4.943151	4.285816	4.271558	4.271558	1.924396	13.750000	18.000000	99.120316	98.747452	98.784737	0	0	1	1	156	1167415
1444468061	3	0	1	2	0	0	1	0	0	0	0	0	0	0	0	4.943151	4.285816	4.271558	4.270133	1.925202	13.750000	18.000000	99.157608	98.896599	98.859314	0	0	1	1	156	1167435
1444468062	1	0	1	0	0	0	0	0	0	0	0	0	0	0	0	4.943151	4.285816	4.274410	4.271558	1.925202	13.750000	18.000000	99.083031	98.822021	98.784737	0	0	1	1	156	1167439
1444468063	0	0	0	0	0	0	0	0	0	0	0	0	0	0	0	4.939927	4.288667	4.274410	4.274410	1.924396	13.750000	18.000000	99.230751	98.894958	98.894958	0	0	1	1	156	1164684
1444468065	1	0	0	0	0	0	0	0	0	0	0	0	0	0	0	4.939927	4.285816	4.271558	4.271558	1.924396	13.750000	18.000000	99.230751	98.969566	98.932274	0	0	1	1	156	1167416
1444468066	1	1	1	1	0	0	0	0	0	0	0	0	0	0	0	4.941538	4.287241	4.272984	4.271558	1.925202	13.750000	18.000000	99.156868	98.858490	98.895782	0	0	1	1	156	1167435
1444468067	0	0	1	0	0	0	0	0	0	0	0	0	0	0	0	4.935091	4.281538	4.260152	4.261578	1.921978	13.750000	18.000000	99.415337	98.929810	99.116554	0	0	1	1	156	1164670
1444468068	0	0	1	0	0	0	0	0	0	0	0	0	0	0	0	4.941538	4.287241	4.272984	4.274410	1.925202	13.750000	18.000000	99.194176	98.783882	98.858490	0	0	1	1	156	1168675
1444468069	0	0	3	0	0	0	0	0	0	0	0	0	0	0	0	4.943151	4.285816	4.268707	4.270133	1.925202	13.750000	18.000000	99.157608	98.784737	98.822021	0	0	1	1	156	1167444
1444468071	1	1	0	1	0	0	0	0	1	0	0	0	0	0	0	4.941538	4.285816	4.268707	4.271558	1.926007	13.750000	18.000000	99.194176	98.821190	98.858490	0	0	1	1	156	1164710
1444468072	1	1	0	0	0	0	0	0	0	0	0	0	0	0	0	4.939927	4.285816	4.272984	4.271558	1.925202	13.750000	18.000000	99.193443	98.894958	98.857651	0	0	1	1	156	1167425
1444468073	0	1	0	0	0	0	0	0	0	0	0	0	0	0	0	4.939927	4.282964	4.257301	4.255875	1.924396	13.750000	18.000000	99.044197	98.559158	98.559158	0	0	1	1	156	1167445
1444468074	1	2	0	1	0	0	0	0	1	0	0	0	0	0	0	4.941538	4.285816	4.270133	4.258727	1.924396	13.750000	18.000000	99.417976	98.709282	98.783882	0	0	1	1	156	1164680
1444468075	0	0	0	0	0	0	0	0	0	0	0	0	0	0	0	4.939927	4.284390	4.270133	4.271558	1.925202	13.750000	18.000000	99.193443	98.857651	98.857651	0	0	1	1	156	1167425
1444468077	1	0	1	2	0	0	0	0	0	0	0	0	0	0	0	4.941538	4.284390	4.270133	4.270133	1.926007	13.750000	18.000000	99.194176	98.933075	98.858490	0	0	1	1	156	1167448
1444468078	0	1	1	0	0	0	0	1	0	0	0	0	0	0	0	4.939927	4.285816	4.271558	4.270133	1.925202	13.750000	18.000000	99.193443	98.894958	98.857651	0	0	1	1	156	1167445
1444468079	0	0	3	2	0	0	0	0	0	0	0	0	0	0	0	4.938315	4.287241	4.275836	4.274410	1.925202	13.750000	18.000000	99.304680	99.006096	98.968781	0	0	1	1	156	1164693
1444468080	1	2	0	0	0	0	0	0	0	0	0	0	0	0	0	4.941538	4.285816	4.265855	4.260152	1.925202	13.750000	18.000000	99.082275	98.858490	98.783882	0	0	1	1	156	1168562
1444468081	1	0	0	1	0	0	0	0	0	0	0	0	0	0	0	4.943151	4.284390	4.275836	4.271558	1.926007	13.750000	18.000000	99.120316	98.822021	98.822021	0	0	1	1	156	1167435
1444468083	0	0	0	0	0	0	0	0	0	0	0	0	0	0	0	4.941538	4.285816	4.268707	4.270133	1.926007	13.750000	18.000000	99.156868	98.783882	98.821190	0	0	1	1	156	1164676
1444468084	0	0	2	2	0	0	0	0	0	0	0	0	0	0	0	4.941538	4.284390	4.271558	4.271558	1.926007	13.750000	18.000000	99.156868	98.858490	98.858490	0	0	1	1	156	1167417
1444468085	3	0	0	1	0	0	0	0	0	0	0	0	0	0	0	4.941538	4.284390	4.268707	4.272984	1.925202	13.750000	18.000000	99.156868	98.783882	98.858490	0	0	1	1	156	1167435
1444468086	1	1	0	2	0	0	0	0	0	0	0	0	0	0	0	4.941538	4.284390	4.271558	4.271558	1.926007	13.750000	18.000000	99.194176	98.783882	98.821190	0	0	1	1	156	1164687
1444468087	3	1	1	1	0	0	0	0	0	0	0	0	0	0	0	4.939927	4.288667	4.268707	4.268707	1.926007	13.750000	18.000000	99.268059	98.783020	98.521835	0	0	1	1	156	1167416
1444468089	2	0	1	1	0	0	0	0	0	0	0	0	0	0	0	4.941538	4.285816	4.274410	4.270133	1.926007	13.750000	18.000000	99.156868	98.895782	98.821190	0	0	1	1	156	1167435
1444468090	2	0	1	0	0	0	0	0	0	0	0	0	0	0	0	4.939927	4.285816	4.274410	4.270133	1.926813	14.000000	18.000000	99.230751	98.969566	98.894958	0	0	1	1	156	1164695
1444468091	0	0	2	0	0	0	0	0	0	0	0	0	0	0	0	4.939927	4.288667	4.271558	4.274410	1.925202	13.750000	18.000000	99.268059	98.932274	98.894958	0	0	1	1	156	1167416
1444468092	0	2	0	0	0	0	0	0	0	0	0	0	0	0	0	4.939927	4.284390	4.270133	4.271558	1.925202	13.750000	18.000000	99.230751	98.932274	98.894958	0	0	1	1	156	1168590
1444468093	3	1	1	0	0	0	0	1	0	0	0	0	0	0	0	4.941538	4.285816	4.270133	4.270133	1.925202	13.750000	18.000000	99.156868	98.448196	99.044983	0	0	1	1	156	1167445
1444468095	2	1	1	0	0	0	0	0	0	0	0	0	0	0	0	4.941538	4.285816	4.271558	4.270133	1.926813	13.750000	18.000000	99.156868	98.522797	99.044983	0	0	1	1	156	1164707
1444468096	0	0	0	0	0	0	0	0	0	0	0	0	0	0	0	4.939927	4.285816	4.271558	4.272984	1.926813	14.000000	18.000000	99.193443	98.894958	98.820328	0	0	1	1	156	1167425
1444468097	0	1	1	1	0	0	0	0	0	0	0	0	0	0	0	4.941538	4.285816	4.268707	4.272984	1.926007	13.750000	18.000000	99.156868	98.783882	98.821190	0	0	1	1	156	1167448
1444468098	1	1	2	1	0	0	0	0	0	0	0	0	0	0	0	4.941538	4.287241	4.271558	4.272984	1.926813	13.750000	18.000000	99.194176	98.821190	98.858490	0	0	1	1	156	1164710
1444468099	0	0	1	2	0	0	0	0	0	0	0	0	0	0	0	4.943151	4.275836	4.275836	4.267281	1.926813	13.750000	18.000000	99.157608	98.859314	98.822021	0	0	1	1	156	1167425
1444468101	2	0	0	1	0	0	0	0	0	0	0	0	0	0	0	4.941538	4.284390	4.270133	4.270133	1.926007	13.750000	18.000000	99.156868	98.821190	98.858490	0	0	1	1	156	1167444
1444468102	1	1	1	1	0	0	0	0	0	0	0	0	0	0	0	4.941538	4.285816	4.272984	4.270133	1.926007	13.750000	18.000000	98.821190	98.597389	98.671989	0	0	1	1	156	1164705
1444468103	0	1	1	2	0	0	0	0	0	0	0	0	0	0	0	4.939927	4.288667	4.272984	4.274410	1.926007	13.750000	18.000000	99.305382	98.894958	98.969566	0	0	1	1	156	1167421
1444468104	0	1	2	1	0	0	0	0	0	0	0	0	0	0	0	4.941538	4.285816	4.275836	4.271558	1.927619	14.000000	18.000000	99.156868	98.895782	98.821190	0	0	1	1	156	1168583
1444468105	0	1	1	0	0	0	0	0	0	0	0	0	0	0	0	4.941538	4.282964	4.271558	4.270133	1.927619	14.000000	18.000000	99.156868	98.858490	98.821190	0	0	1	1	156	1167435
1444468107	0	1	0	1	0	0	0	0	0	0	0	0	0	0	0	4.939927	4.278687	4.258727	4.263004	1.924396	13.750000	18.000000	99.230751	98.820328	98.857651	0	0	1	1	156	1164690
1444468108	1	1	4	2	0	0	0	0	0	0	0	0	0	0	0	4.941538	4.287241	4.271558	4.272984	1.926813	13.750000	18.000000	99.231468	98.821190	98.895782	0	0	1	1	156	1167412
1444468109	0	1	1	1	0	0	0	0	0	0	0	0	0	0	0	4.941538	4.285816	4.271558	4.271558	1.926007	13.750000	18.000000	99.194176	98.858490	98.858490	0	0	1	1	156	1167435
1444468110	0	0	0	1	0	0	0	0	0	0	0	0	0	0	0	4.939927	4.284390	4.272984	4.270133	1.926813	14.000000	18.000000	99.230751	98.969566	98.894958	0	0	1	1	156	1164663
1444468111	1	3	3	0	0	0	0	0	0	0	0	0	0	0	0	4.939927	4.284390	4.272984	4.270133	1.926007	13.750000	18.000000	99.268059	98.969566	98.894958	0	0	1	1	156	1167416
1444468113	0	1	0	0	0	0	0	0	0	0	0	0	0	0	0	4.939927	4.272984	4.255875	4.258727	1.926813	14.000000	18.000000	98.857651	98.372597	98.521835	0	0	1	1	156	1167435
1444468114	0	0	2	0	0	0	0	0	0	0	0	0	0	0	0	4.941538	4.284390	4.272984	4.254449	1.927619	14.000000	18.000000	99.231468	98.858490	98.858490	0	0	1	1	156	1164658
1444468115	0	1	0	0	0	0	0	0	0	0	0	0	0	0	0	4.939927	4.291519	4.275836	4.272984	1.926813	14.000000	18.000000	99.305382	98.969566	98.596466	0	0	1	1	156	1167415
1444468116	0	0	1	1	0	0	0	0	0	0	0	0	0	0	0	4.941538	4.285816	4.271558	4.271558	1.926813	13.750000	18.000000	99.156868	98.821190	98.783882	0	0	1	1	156	1168590
1444468117	1	2	2	2	0	0	0	0	0	0	0	0	0	0	0	4.941538	4.284390	4.270133	4.271558	1.927619	14.000000	18.000000	99.156868	98.858490	98.821190	0	0	1	1	156	1164800
1444468119	1	1	1	0	0	0	0	0	0	0	0	0	0	0	0	4.943151	4.285816	4.272984	4.270133	1.927619	13.750000	18.000000	99.120316	98.784737	98.822021	0	0	1	1	156	1167428
1444468120	1	1	1	0	0	0	0	0	0	0	0	0	0	0	0	4.938315	4.281538	4.267281	4.271558	1.926007	14.000000	18.000000	99.230042	98.856796	98.856796	0	0	1	1	156	1167445
1444468121	1	0	1	0	0	0	0	0	0	0	0	0	0	0	0	4.941538	4.285816	4.275836	4.274410	1.927619	14.000000	18.000000	99.156868	98.858490	98.783882	0	0	1	1	156	1167442
1444468122	2	0	2	1	0	1	0	0	0	0	0	0	0	0	0	4.941538	4.285816	4.271558	4.274410	1.927619	14.000000	18.000000	99.156868	98.858490	98.858490	0	0	1	1	156	1164699
1444468123	2	1	2	0	0	0	0	1	0	0	0	0	0	0	0	4.941538	4.284390	4.270133	4.272984	1.926813	13.750000	18.000000	99.156868	98.858490	98.783882	0	0	1	1	156	1167425
1444468125	1	2	1	0	0	0	0	0	0	0	0	0	0	0	0	4.939927	4.282964	4.272984	4.270133	1.926813	14.000000	18.000000	99.156143	98.969566	98.894958	0	0	1	1	156	1167445
1444468126	1	1	1	0	0	0	0	0	0	0	0	0	0	0	0	4.943151	4.284390	4.272984	4.270133	1.926813	13.750000	18.000000	99.157608	98.896599	98.859314	0	0	1	1	156	1164689
1444468127	0	0	1	1	0	0	0	0	0	0	0	0	0	0	0	4.939927	4.284390	4.272984	4.274410	1.926813	14.000000	18.000000	99.230751	98.932274	98.969566	0	0	1	1	156	1167421
1444468128	1	3	1	0	1	0	0	0	0	0	0	0	0	0	0	4.941538	4.285816	4.274410	4.270133	1.926813	13.750000	18.000000	99.194176	98.895782	98.858490	0	0	1	1	156	1168581
1444468129	0	1	1	0	0	0	0	0	0	0	0	0	0	0	0	4.941538	4.285816	4.272984	4.270133	1.927619	14.000000	18.000000	99.194176	98.858490	98.858490	0	0	1	1	156	1164678
1444468131	1	0	1	2	0	0	0	0	0	0	0	0	0	0	0	4.941538	4.284390	4.274410	4.270133	1.927619	14.000000	18.000000	99.156868	98.858490	98.783882	0	0	1	1	156	1167416
1444468132	3	0	1	0	0	1	0	0	0	0	0	0	0	0	0	4.941538	4.285816	4.272984	4.271558	1.928425	14.000000	18.000000	99.156868	98.858490	98.821190	0	0	1	1	156	1167435
1444468133	2	2	1	1	0	0	0	0	0	0	0	0	0	0	0	4.941538	4.278687	4.261578	4.275836	1.927619	14.000000	18.000000	99.119583	98.858490	98.821190	0	0	1	1	156	1167436
1444468134	2	0	1	0	0	0	0	0	0	0	0	0	0	0	0	4.943151	4.270133	4.263004	4.278687	1.926813	13.750000	18.000000	99.045746	98.784737	98.784737	0	0	1	1	156	1164686
1444468135	1	2	0	0	0	0	0	0	0	0	0	0	0	0	0	4.939927	4.285816	4.274410	4.271558	1.928425	14.000000	18.000000	99.193443	98.932274	98.894958	0	0	1	1	156	1167416
1444468137	0	1	0	1	0	0	0	0	0	0	0	0	0	0	0	4.939927	4.285816	4.271558	4.271558	1.926813	14.000000	18.000000	99.193443	98.857651	98.857651	0	0	1	1	156	1167435
1444468138	2	1	1	0	0	1	0	0	0	0	0	0	0	0	0	4.941538	4.287241	4.274410	4.272984	1.928425	14.000000	18.000000	99.194176	98.858490	98.821190	0	0	1	1	156	1164677
1444468139	0	2	2	0	0	0	0	1	0	0	0	0	0	0	0	4.939927	4.287241	4.275836	4.272984	1.927619	14.000000	18.000000	99.305382	99.044197	98.932274	0	0	1	1	156	1167416
1444468140	2	0	1	0	0	0	0	0	0	0	0	0	0	0	0	4.941538	4.272984	4.271558	4.271558	1.928425	14.000000	18.000000	99.156868	98.858490	98.858490	0	0	1	1	156	1168590
1444468141	0	2	0	1	0	0	0	0	0	0	0	0	0	0	0	4.947986	4.272984	4.278687	4.268707	1.927619	13.750000	18.000000	98.973579	98.712822	98.712822	0	0	1	1	156	1164689
1444468143	1	0	0	0	0	0	0	0	0	0	0	0	0	0	0	4.941538	4.284390	4.272984	4.271558	1.927619	14.000000	18.000000	99.082275	98.895782	98.821190	0	0	1	1	156	1167426
1444468144	1	1	1	0	0	0	0	0	0	0	0	0	0	0	0	4.943151	4.285816	4.274410	4.271558	1.928425	14.000000	18.000000	99.157608	98.859314	98.784737	0	0	1	1	156	1167445
1444468145	3	1	2	2	0	0	1	0	0	0	0	0	0	0	0	4.941538	4.284390	4.271558	4.271558	1.927619	14.000000	18.000000	99.156868	98.821190	98.821190	0	0	1	1	156	1164680
1444468146	1	1	0	0	0	0	0	0	0	0	0	0	0	0	0	4.936703	4.285816	4.271558	4.271558	1.926007	14.000000	18.000000	99.341316	99.042641	99.005310	0	0	1	1	156	1167425
1444468147	1	0	2	0	0	0	0	0	0	0	0	0	0	0	0	4.943151	4.285816	4.272984	4.272984	1.928425	14.000000	18.000000	99.157608	98.486443	99.083031	0	0	1	1	156	1167444
1444468149	1	0	0	1	0	0	0	0	0	0	0	0	0	0	0	4.939927	4.285816	4.272984	4.272984	1.927619	14.000000	18.000000	99.230751	98.894958	98.894958	0	0	1	1	156	1167445
1444468150	0	1	1	0	0	0	0	0	0	0	0	0	0	0	0	4.939927	4.282964	4.272984	4.271558	1.928425	14.000000	18.000000	99.118820	98.969566	98.820328	0	0	1	1	156	1164694
1444468151	4	1	1	0	0	0	0	0	0	0	0	0	0	0	0	4.938315	4.287241	4.278687	4.277261	1.927619	14.000000	18.000000	99.304680	99.118073	99.006096	0	0	1	1	156	1167424
1444468152	0	0	1	1	0	0	0	0	0	0	0	0	0	0	0	4.943151	4.288667	4.272984	4.272984	1.928425	14.000000	18.000000	99.120316	98.822021	98.822021	0	0	1	1	156	1168581
1444468153	1	1	3	1	0	0	0	1	0	0	0	0	0	0	0	4.941538	4.284390	4.271558	4.270133	1.927619	14.000000	18.000000	99.194176	98.895782	98.895782	0	0	1	1	156	1164697
1444468155	5	0	5	1	0	0	0	0	0	0	0	0	0	0	0	4.941538	4.285816	4.271558	4.271558	1.927619	14.000000	18.000000	98.783882	99.007675	98.746590	0	0	1	1	156	1167415
1444468156	0	0	1	1	0	0	0	0	0	0	0	0	0	0	0	4.941538	4.282964	4.270133	4.270133	1.928425	14.000000	18.000000	99.119583	98.821190	98.895782	0	0	1	1	156	1167435
1444468157	0	2	0	1	0	0	0	0	0	0	0	0	0	0	0	4.941538	4.284390	4.271558	4.270133	1.927619	14.000000	18.000000	98.858490	98.597389	98.336288	0	0	1	1	156	1177797
1444468158	2	2	1	1	0	0	0	0	1	0	0	0	0	0	0	4.938315	4.285816	4.272984	4.271558	1.927619	14.000000	18.000000	99.230042	99.006096	98.931450	0	0	1	1	156	1167416
1444468159	0	3	0	2	0	0	0	0	0	0	0	0	0	0	0	4.941538	4.284390	4.272984	4.271558	1.927619	14.000000	18.000000	99.156868	98.895782	98.858490	0	0	1	1	156	1167435
1444468161	1	1	0	1	0	0	0	0	0	0	0	0	0	0	0	4.941538	4.282964	4.271558	4.271558	1.927619	14.000000	18.000000	99.007675	98.783882	98.746590	0	0	1	1	156	1167435
1444468162	0	0	1	1	0	0	0	0	0	0	0	0	0	0	0	4.941538	4.282964	4.270133	4.270133	1.927619	14.000000	18.000000	98.933075	98.746590	98.821190	0	0	1	1	156	1164671
1444468163	0	1	1	1	0	0	0	0	0	0	0	0	0	0	0	4.939927	4.287241	4.277261	4.275836	1.927619	14.000000	18.000000	99.268059	98.969566	98.857651	0	0	1	1	156	1167416
1444468164	1	2	0	1	0	0	0	0	0	0	0	0	0	0	0	4.941538	4.285816	4.271558	4.271558	1.929231	14.000000	18.000000	99.194176	98.858490	98.858490	0	0	1	1	156	1168590
1444468165	0	1	0	1	0	0	0	0	0	0	0	0	0	0	0	4.939927	4.282964	4.274410	4.272984	1.929231	14.000000	18.000000	99.156143	98.857651	98.820328	0	0	1	1	156	1164693
1444468167	1	1	1	0	0	0	0	0	0	0	0	0	0	0	0	4.941538	4.282964	4.271558	4.271558	1.929231	14.000000	18.000000	99.119583	98.858490	98.821190	0	0	1	1	156	1167426
1444468168	0	2	0	1	0	0	0	0	1	0	0	0	0	0	0	4.939927	4.228786	4.265855	4.260152	1.927619	14.000000	18.000000	98.932274	98.745705	98.783020	0	0	1	1	156	1167445
1444468169	1	0	0	0	0	0	0	0	0	0	0	0	0	0	0	4.939927	4.284390	4.271558	4.260152	1.928425	14.000000	18.000000	99.342690	98.783020	98.820328	0	0	1	1	156	1164740
1444468170	1	0	2	1	0	0	0	0	0	0	0	0	0	0	0	4.941538	4.285816	4.272984	4.272984	1.929231	14.000000	18.000000	99.119583	98.858490	98.858490	0	0	1	1	156	1167425
1444468171	0	0	1	1	0	0	0	0	0	0	0	0	0	0	0	4.941538	4.285816	4.271558	4.270133	1.927619	14.000000	18.000000	99.231468	98.858490	98.821190	0	0	1	1	156	1167448
1444468173	3	0	1	0	0	1	0	0	0	0	0	0	0	0	0	4.941538	4.284390	4.271558	4.270133	1.929231	14.000000	18.000000	99.082275	98.821190	98.783882	0	0	1	1	156	1164609
1444468174	0	0	2	0	0	0	0	0	0	0	0	0	0	0	0	4.941538	4.281538	4.257301	4.278687	1.927619	14.000000	18.000000	99.082275	98.858490	98.821190	0	0	1	1	156	1167426
1444468175	0	1	0	1	0	0	0	0	1	0	0	0	0	0	0	4.939927	4.284390	4.274410	4.272984	1.929231	14.000000	18.000000	99.006889	98.969566	98.894958	0	0	1	1	156	1167440
1444468176	2	0	2	0	0	0	0	0	0	0	0	0	0	0	0	4.941538	4.284390	4.271558	4.270133	1.928425	14.000000	18.000000	99.194176	98.895782	98.858490	0	0	1	1	156	1168581
1444468177	0	1	0	0	0	0	0	0	0	0	0	0	0	0	0	4.943151	4.285816	4.271558	4.270133	1.929231	14.000000	18.000000	99.157608	98.822021	98.822021	0	0	1	1	156	1164818
1444468179	1	1	0	0	0	0	0	0	0	0	0	0	0	0	0	4.939927	4.282964	4.271558	4.270133	1.928425	14.000000	18.000000	99.156143	98.894958	98.857651	0	0	1	1	156	1167418
1444468180	0	0	2	0	0	0	0	0	0	0	0	0	0	0	0	4.939927	4.281538	4.270133	4.270133	1.929231	14.000000	18.000000	99.193443	98.932274	98.894958	0	0	1	1	156	1167435
1444468181	3	1	2	0	0	0	0	0	0	0	0	0	0	0	0	4.941538	4.284390	4.271558	4.272984	1.929231	14.000000	18.000000	99.156868	98.895782	98.821190	0	0	1	1	156	1164685
1444468182	0	0	0	1	0	0	0	0	0	0	0	0	0	0	0	4.941538	4.285816	4.271558	4.270133	1.929231	14.000000	18.000000	99.082275	98.858490	98.448196	0	0	1	1	156	1167416
1444468183	1	2	0	1	0	0	0	0	0	0	0	0	0	0	0	4.943151	4.284390	4.270133	4.270133	1.929231	14.000000	18.000000	99.120316	98.859314	98.822021	0	0	1	1	156	1167435
1444468185	1	1	0	2	0	0	1	0	0	0	0	0	0	0	0	4.939927	4.281538	4.271558	4.272984	1.930037	14.000000	18.000000	99.118820	98.894958	98.894958	0	0	1	1	156	1164674
1444468186	0	0	0	0	0	0	0	0	0	0	0	0	0	0	0	4.941538	4.281538	4.270133	4.270133	1.929231	14.000000	18.000000	99.119583	98.933075	98.858490	0	0	1	1	156	1167415
1444468187	1	2	0	1	0	0	0	0	0	0	0	0	0	0	0	4.939927	4.285816	4.277261	4.272984	1.928425	14.000000	18.000000	99.193443	98.932274	98.932274	0	0	1	1	156	1167435
1444468188	1	1	1	0	0	0	0	0	0	0	0	0	0	0	0	4.943151	4.281538	4.271558	4.272984	1.929231	14.000000	18.000000	99.083031	98.449150	99.008469	0	0	1	1	156	1168590
1444468189	0	1	1	2	0	0	0	0	1	0	0	0	0	0	0	4.943151	4.282964	4.270133	4.270133	1.930037	14.000000	18.000000	99.083031	98.486443	99.008469	0	0	1	1	156	1164694
1444468191	0	1	0	1	0	0	0	0	0	0	0	0	0	0	0	4.941538	4.282964	4.270133	4.272984	1.928425	14.000000	18.000000	99.082275	98.858490	98.821190	0	0	1	1	156	1167425
1444468192	2	1	1	3	0	0	0	0	0	0	0	0	0	0	0	4.941538	4.284390	4.271558	4.270133	1.928425	14.000000	18.000000	99.082275	98.821190	98.783882	0	0	1	1	156	1167448
1444468193	3	1	1	3	0	1	0	0	0	0	0	0	0	0	0	4.941538	4.282964	4.271558	4.271558	1.930037	14.000000	18.000000	99.156868	98.933075	98.858490	0	0	1	1	156	1164692
1444468194	1	1	1	0	0	0	0	0	0	0	0	0	0	0	0	4.944762	4.272984	4.272984	4.267281	1.929231	14.000000	18.000000	99.046524	98.785599	98.748329	0	0	1	1	156	1167425
1444468195	0	0	2	0	0	0	0	0	0	0	0	0	0	0	0	4.943151	4.282964	4.271558	4.271558	1.929231	14.000000	18.000000	99.120316	98.822021	98.822021	0	0	1	1	156	1167444
1444468197	0	0	0	1	0	0	0	0	0	0	0	0	0	0	0	4.941538	4.282964	4.272984	4.270133	1.930037	14.000000	18.000000	98.970383	98.298996	98.373596	0	0	1	1	156	1164702
1444468198	2	0	0	2	0	0	0	0	0	0	0	0	0	0	0	4.939927	4.284390	4.272984	4.272984	1.930037	14.000000	18.000000	99.268059	98.969566	98.932274	0	0	1	1	156	1167426
1444468199	0	1	1	1	0	0	0	0	0	0	0	0	0	0	0	4.941538	4.284390	4.274410	4.274410	1.929231	14.000000	18.000000	99.156868	98.970383	98.933075	0	0	1	1	156	1167440
1444468200	0	0	0	1	0	0	0	0	0	0	0	0	0	0	0	4.941538	4.284390	4.270133	4.270133	1.930037	14.000000	18.000000	99.119583	98.858490	98.858490	0	0	1	1	156	1165824
1444468201	0	1	1	1	0	0	0	0	0	0	0	0	0	0	0	4.936703	4.278687	4.260152	4.261578	1.928425	14.000000	18.000000	99.154648	98.967964	98.930634	0	0	1	1	156	1167416
1444468203	3	2	0	2	0	0	0	0	2	0	0	0	0	0	0	4.941538	4.282964	4.271558	4.271558	1.930037	14.000000	18.000000	99.156868	98.933075	98.895782	0	0	1	1	156	1167432
1444468204	1	1	1	1	0	0	0	0	1	0	0	0	0	0	0	4.941538	4.282964	4.271558	4.271558	1.930037	14.000000	18.000000	99.082275	98.858490	98.821190	0	0	1	1	156	1167435
1444468205	3	1	0	1	0	0	0	0	0	0	0	0	0	0	0	4.943151	4.282964	4.271558	4.270133	1.930843	14.000000	18.000000	99.045746	98.822021	98.784737	0	0	1	1	156	1164692
1444468206	0	3	1	0	0	0	0	0	0	0	0	0	0	0	0	4.939927	4.287241	4.271558	4.271558	1.930037	14.000000	18.000000	99.193443	98.894958	98.932274	0	0	1	1	156	1167416
1444468207	1	0	2	0	0	0	0	0	0	0	0	0	0	0	0	4.939927	4.278687	4.257301	4.255875	1.928425	14.000000	18.000000	98.894958	139.862976	98.559158	0	0	1	1	156	1167435
1444468209	3	1	2	1	0	0	0	0	0	0	0	0	0	0	0	4.941538	4.281538	4.270133	4.272984	1.930037	14.000000	18.000000	99.119583	98.858490	98.821190	0	0	1	1	157	1164673
1444468210	1	0	0	2	0	0	0	0	0	0	0	0	0	0	0	4.939927	4.282964	4.270133	4.270133	1.930037	14.000000	18.000000	99.193443	98.894958	98.894958	0	0	1	1	156	1167415
1444468211	0	0	2	0	0	0	0	0	0	0	0	0	0	0	0	4.936703	4.285816	4.277261	4.277261	1.928425	14.000000	18.000000	99.341316	99.079971	99.042641	0	0	1	1	156	1167435
1444468212	1	2	0	0	0	0	0	0	0	0	0	0	0	0	0	4.939927	4.282964	4.271558	4.270133	1.930843	14.000000	18.000000	99.156143	98.894958	98.857651	0	0	1	1	156	1165836
1444468213	1	1	0	2	0	0	0	0	1	0	0	0	0	0	0	4.943151	4.282964	4.272984	4.270133	1.930037	14.000000	18.000000	99.045746	98.635597	98.411865	0	0	1	1	156	1167425
1444468215	0	0	1	0	0	0	0	0	0	0	0	0	0	0	0	4.943151	4.282964	4.270133	4.270133	1.930843	14.000000	18.000000	99.083031	98.822021	98.822021	0	0	1	1	156	1167445
1444468216	2	1	0	0	1	0	0	0	0	0	0	0	0	0	0	4.941538	4.281538	4.270133	4.271558	1.929231	14.000000	18.000000	99.082275	98.821190	98.821190	0	0	1	1	156	1167448
1444468217	0	0	2	2	0	0	0	0	0	0	0	0	0	0	0	4.941538	4.282964	4.271558	4.270133	1.930843	14.000000	18.000000	99.082275	98.858490	98.821190	0	0	1	1	156	1164700
1444468218	0	0	2	1	0	0	0	0	0	0	0	0	0	0	0	4.944762	4.272984	4.271558	4.267281	1.930037	14.000000	18.000000	99.046524	98.822884	98.748329	0	0	1	1	156	1167425
1444468219	0	1	1	0	0	0	0	0	0	0	0	0	0	0	0	4.943151	4.284390	4.271558	4.270133	1.930037	14.000000	18.000000	99.045746	98.784737	98.784737	0	0	1	1	156	1167444
1444468221	0	0	4	2	0	0	0	0	0	0	0	0	0	0	0	4.941538	4.281538	4.272984	4.260152	1.930037	14.000000	18.000000	99.082275	98.783882	98.895782	0	0	1	1	156	1174936
1444468222	1	0	0	1	0	0	0	0	0	0	0	0	0	0	0	4.943151	4.282964	4.270133	4.270133	1.930037	14.000000	18.000000	99.045746	98.822021	98.822021	0	0	1	1	156	1167425
1444468223	1	0	2	1	0	0	0	0	0	0	0	0	0	0	0	4.939927	4.284390	4.272984	4.272984	1.930843	14.000000	18.000000	99.230751	99.006889	98.932274	0	0	1	1	156	1167443
1444468224	1	0	0	1	0	0	0	0	0	0	0	0	0	0	0	4.941538	4.282964	4.272984	4.272984	1.930843	14.000000	18.000000	99.082275	98.858490	98.858490	0	0	1	1	156	1165826
1444468225	1	0	1	0	0	0	0	0	0	0	0	0	0	0	0	4.939927	4.282964	4.271558	4.271558	1.930037	14.000000	18.000000	99.118820	98.820328	98.857651	0	0	1	1	156	1167415
1444468227	2	0	0	1	0	0	0	0	0	0	0	0	0	0	0	4.939927	4.277261	4.260152	4.277261	1.930843	14.000000	18.000000	99.081512	98.857651	98.894958	0	0	1	1	156	1167436
1444468228	1	0	1	1	0	0	0	0	0	0	0	0	0	0	0	4.943151	4.281538	4.271558	4.270133	1.930843	14.000000	18.000000	99.083031	98.784737	98.784737	0	0	1	1	156	1164779
1444468229	2	1	1	1	0	0	0	0	0	0	0	0	0	0	0	4.941538	4.282964	4.271558	4.270133	1.930843	14.000000	18.000000	99.119583	98.895782	98.858490	0	0	1	1	156	1167413
1444468230	1	3	3	4	0	0	0	0	2	0	0	0	0	0	0	4.941538	4.281538	4.270133	4.272984	1.931648	14.000000	18.000000	99.119583	98.858490	98.821190	0	0	1	1	156	1167435
1444468231	1	1	1	2	0	0	0	0	0	0	0	0	0	0	0	4.943151	4.284390	4.271558	4.272984	1.930843	14.000000	18.000000	99.045746	98.822021	98.784737	0	0	1	1	156	1167435
1444468233	1	0	1	1	0	0	0	0	0	0	0	0	0	0	0	4.939927	4.282964	4.271558	4.270133	1.930843	14.000000	18.000000	99.118820	98.932274	98.857651	0	0	1	1	156	1164685
1444468234	0	2	1	0	0	0	0	0	0	0	0	0	0	0	0	4.941538	4.281538	4.263004	4.257301	1.929231	14.000000	18.000000	99.044983	98.821190	98.821190	0	0	1	1	156	1167416
1444468235	3	0	2	3	0	0	0	0	0	0	0	0	0	0	0	4.939927	4.282964	4.271558	4.272984	1.930843	14.000000	18.000000	98.894958	98.708397	99.044197	0	0	1	1	156	1167435
1444468236	0	2	1	2	0	0	0	0	0	0	0	0	0	0	0	4.941538	4.282964	4.272984	4.271558	1.931648	14.000000	18.000000	99.119583	98.858490	98.597389	0	0	1	1	156	1165820
1444468237	1	0	0	1	0	0	0	0	0	0	0	0	0	0	0	4.943151	4.282964	4.272984	4.271558	1.930843	14.000000	18.000000	99.045746	98.784737	98.747452	0	0	1	1	156	1167425
1444468239	0	1	1	2	0	0	0	0	0	0	0	0	0	0	0	4.941538	4.282964	4.270133	4.272984	1.931648	14.000000	18.000000	99.119583	98.895782	98.895782	0	0	1	1	156	1167445
1444468240	2	2	1	0	0	0	0	0	0	0	0	0	0	0	0	4.936703	4.288667	4.272984	4.272984	1.930843	14.000000	18.000000	99.303986	99.042641	99.005310	0	0	1	1	156	1164673
1444468241	0	0	1	3	0	0	0	0	0	0	0	0	0	0	0	4.939927	4.287241	4.261578	4.280113	1.931648	14.000000	18.000000	99.156143	98.932274	98.894958	0	0	1	1	156	1167426
1444468242	1	0	0	1	0	0	0	0	0	0	0	0	0	0	0	4.943151	4.284390	4.271558	4.270133	1.931648	14.000000	18.000000	99.083031	98.859314	98.784737	0	0	1	1	156	1167445
1444468243	1	1	0	1	0	0	0	0	0	0	0	0	0	0	0	4.941538	4.282964	4.271558	4.274410	1.931648	14.000000	18.000000	99.082275	98.895782	98.895782	0	0	1	1	156	1164681
1444468245	1	3	4	0	0	0	0	0	0	0	0	0	0	0	0	4.941538	4.282964	4.271558	4.274410	1.931648	14.000000	18.000000	99.082275	98.858490	98.895782	0	0	1	1	156	1167425
1444468246	1	0	0	0	0	0	0	0	0	0	0	0	0	0	0	4.938315	4.281538	4.271558	4.272984	1.930843	14.000000	18.000000	99.230042	98.931450	98.931450	0	0	1	1	156	1167444
1444468247	1	0	0	0	0	0	0	0	0	0	0	0	0	0	0	4.939927	4.285816	4.275836	4.274410	1.930037	14.000000	18.000000	99.230751	98.969566	98.969566	0	0	1	1	156	1167440
1444468248	0	1	0	0	0	0	0	0	0	0	0	0	0	0	0	4.943151	4.291519	4.267281	4.270133	1.930843	14.000000	18.000000	99.083031	98.822021	98.896599	0	0	1	1	156	1165818
1444468249	0	3	3	0	0	0	0	1	0	0	0	0	0	0	0	4.941538	4.282964	4.271558	4.272984	1.932454	14.000000	18.000000	99.007675	98.634682	98.671989	0	0	1	1	156	1167413
1444468251	0	0	1	0	0	0	0	0	0	0	0	0	0	0	0	4.939927	4.285816	4.274410	4.277261	1.930843	14.000000	18.000000	99.156143	98.932274	98.969566	0	0	1	1	156	1167435
1444468252	1	0	2	0	0	0	0	0	0	0	0	0	0	0	0	4.939927	4.281538	4.271558	4.272984	1.932454	14.000000	18.000000	99.118820	98.894958	98.969566	0	0	1	1	156	1164679
1444468253	1	1	0	0	0	0	0	0	0	0	0	0	0	0	0	4.941538	4.282964	4.272984	4.271558	1.931648	14.000000	18.000000	99.119583	98.821190	98.821190	0	0	1	1	156	1167416
1444468254	0	1	0	0	0	0	0	0	0	0	0	0	0	0	0	4.941538	4.281538	4.270133	4.271558	1.930843	14.000000	18.000000	98.821190	99.044983	98.746590	0	0	1	1	156	1167435
1444468255	0	2	0	2	0	0	0	0	0	0	0	0	0	0	0	4.941538	4.282964	4.272984	4.272984	1.932454	14.000000	18.000000	98.746590	99.044983	98.821190	0	0	1	1	156	1164679
1444468257	0	0	0	0	0	0	0	0	0	0	0	0	0	0	0	4.941538	4.282964	4.270133	4.272984	1.932454	14.000000	18.000000	99.119583	98.858490	98.933075	0	0	1	1	156	1167416
1444468258	0	3	1	0	0	0	0	0	0	0	0	0	0	0	0	4.941538	4.282964	4.271558	4.274410	1.931648	14.000000	18.000000	99.082275	98.858490	98.858490	0	0	1	1	156	1167438
1444468259	1	1	0	0	0	0	0	0	0	0	0	0	0	0	0	4.938315	4.284390	4.274410	4.272984	1.930843	14.000000	18.000000	99.304680	99.006096	98.968781	0	0	1	1	156	1167435
1444468260	0	0	3	1	0	0	0	0	0	0	0	0	0	0	0	4.941538	4.282964	4.272984	4.272984	1.931648	14.000000	18.000000	99.119583	98.821190	98.895782	0	0	1	1	156	1165832
1444468261	2	0	1	3	0	1	0	0	0	0	0	0	0	0	0	4.939927	4.282964	4.270133	4.270133	1.931648	14.000000	18.000000	98.820328	98.969566	98.783020	0	0	1	1	156	1167425
1444468263	0	3	1	1	0	0	0	0	0	0	0	0	0	0	0	4.941538	4.281538	4.274410	4.274410	1.931648	14.000000	18.000000	99.082275	98.821190	98.858490	0	0	1	1	156	1167444
1444468264	0	0	2	1	0	0	0	0	0	0	0	0	0	0	0	4.941538	4.282964	4.271558	4.272984	1.931648	14.000000	18.000000	99.119583	98.895782	98.895782	0	0	1	1	156	1164694
1444468265	0	1	2	1	0	0	0	0	0	0	0	0	0	0	0	4.941538	4.284390	4.271558	4.271558	1.932454	14.000000	18.000000	99.119583	98.821190	98.821190	0	0	1	1	156	1167428
1444468266	0	1	0	1	0	0	0	0	0	0	0	0	0	0	0	4.941538	4.280113	4.270133	4.272984	1.932454	14.000000	18.000000	99.119583	98.858490	98.895782	0	0	1	1	156	1167445
1444468267	0	2	1	1	0	0	0	0	0	0	0	0	0	0	0	4.941538	4.281538	4.272984	4.272984	1.931648	14.000000	18.000000	99.119583	98.858490	98.895782	0	0	1	1	156	1164691
1444468269	1	2	0	2	0	0	0	0	0	0	0	0	0	0	0	4.941538	4.281538	4.271558	4.272984	1.933260	14.000000	18.000000	99.082275	98.858490	98.821190	0	0	1	1	156	1167423
1444468270	1	0	1	1	0	0	0	0	0	0	0	0	0	0	0	4.941538	4.284390	4.271558	4.272984	1.932454	14.000000	18.000000	99.082275	98.821190	98.858490	0	0	1	1	156	1167444
1444468271	1	1	0	0	0	0	0	0	0	0	0	0	0	0	0	4.939927	4.284390	4.272984	4.275836	1.931648	14.000000	18.000000	99.230751	99.044197	99.081512	0	0	1	1	156	1164687
1444468272	2	0	1	0	0	0	0	0	0	0	0	0	0	0	0	4.943151	4.282964	4.271558	4.272984	1.932454	14.000000	18.000000	99.120316	98.822021	98.822021	0	0	1	1	156	1168564
1444468273	0	2	1	2	0	0	0	1	0	0	0	0	0	0	0	4.941538	4.282964	4.271558	4.275836	1.932454	14.000000	18.000000	99.082275	98.821190	98.858490	0	0	1	1	156	1167435
1444468275	0	0	0	0	0	0	0	0	0	0	0	0	0	0	0	4.941538	4.284390	4.272984	4.274410	1.932454	14.000000	18.000000	99.156868	98.895782	98.560097	0	0	1	1	156	1167435
1444468276	0	0	1	1	0	0	0	0	0	0	0	0	0	0	0	4.941538	4.284390	4.271558	4.272984	1.933260	14.000000	18.000000	99.156868	98.858490	98.522797	0	0	1	1	156	1164674
1444468277	0	2	1	2	0	0	0	1	0	0	0	0	0	0	0	4.941538	4.282964	4.271558	4.271558	1.933260	14.000000	18.000000	99.082275	98.858490	98.821190	0	0	1	1	156	1167416
1444468278	0	1	0	2	0	0	0	0	0	0	0	0	0	0	0	4.939927	4.282964	4.270133	4.272984	1.933260	14.000000	18.000000	99.156143	98.894958	98.932274	0	0	1	1	156	1167435
1444468279	2	4	1	1	0	0	0	0	1	0	0	0	0	0	0	4.936703	4.287241	4.274410	4.275836	1.931648	14.000000	18.000000	99.266655	99.005310	99.042641	0	0	1	1	156	1164677
1444468281	0	1	3	0	0	0	0	0	0	0	0	0	0	0	0	4.941538	4.275836	4.261578	4.280113	1.932454	14.000000	18.000000	99.119583	98.858490	98.933075	0	0	1	1	156	1167416
1444468282	0	0	1	0	0	0	0	0	0	0	0	0	0	0	0	4.941538	4.284390	4.272984	4.271558	1.933260	14.000000	18.000000	99.082275	98.821190	98.821190	0	0	1	1	156	1167435
1444468283	1	1	1	0	0	0	0	0	0	0	0	0	0	0	0	4.939927	4.298647	4.260152	4.260152	1.930843	14.000000	18.000000	98.857651	98.783020	98.671089	0	0	1	1	156	1164681
1444468284	2	1	0	0	1	0	0	0	0	0	0	0	0	0	0	4.939927	4.288667	4.274410	4.275836	1.932454	14.000000	18.000000	99.193443	98.932274	98.969566	0	0	1	1	156	1168571
1444468285	0	1	0	2	0	0	0	0	1	0	0	0	0	0	0	4.941538	4.282964	4.271558	4.274410	1.932454	14.000000	18.000000	99.156868	98.895782	98.933075	0	0	1	1	156	1167445
1444468287	1	0	2	1	0	0	0	0	0	0	0	0	0	0	0	4.944762	4.275836	4.272984	4.270133	1.932454	14.000000	18.000000	99.009239	98.711044	98.785599	0	0	1	1	156	1167444
1444468288	2	0	0	0	0	0	0	0	0	0	0	0	0	0	0	4.943151	4.270133	4.272984	4.270133	1.932454	14.000000	18.000000	99.083031	98.784737	98.822021	0	0	1	1	156	1164687
1444468289	0	3	2	0	0	0	0	0	0	0	0	0	0	0	0	4.939927	4.284390	4.274410	4.274410	1.932454	14.000000	18.000000	99.156143	98.559158	98.820328	0	0	1	1	156	1167426
1444468290	0	1	2	0	0	0	0	0	0	0	0	0	0	0	0	4.939927	4.285816	4.272984	4.277261	1.931648	14.000000	18.000000	99.193443	98.969566	98.969566	0	0	1	1	156	1167445
1444468291	0	0	2	0	0	0	0	0	0	0	0	0	0	0	0	4.943151	4.281538	4.270133	4.274410	1.933260	14.000000	18.000000	99.083031	98.822021	98.896599	0	0	1	1	156	1176749
1444468293	2	2	0	1	0	0	0	0	0	0	0	0	0	0	0	4.941538	4.282964	4.270133	4.275836	1.931648	14.000000	18.000000	99.156868	98.895782	98.970383	0	0	1	1	156	1167425
1444468294	1	1	1	2	0	0	0	0	0	0	0	0	0	0	0	4.943151	4.285816	4.272984	4.271558	1.933260	14.000000	18.000000	99.120316	98.486443	99.008469	0	0	1	1	156	1167444
1444468295	1	1	1	1	0	0	0	0	0	0	0	0	0	0	0	4.938315	4.282964	4.274410	4.275836	1.931648	14.000000	18.000000	99.230042	99.006096	99.080734	0	0	1	1	156	1164727
1444468296	0	0	0	3	0	0	0	0	0	0	0	0	0	0	0	4.939927	4.274410	4.268707	4.263004	1.932454	14.000000	18.000000	98.783020	98.372597	98.596466	0	0	1	1	156	1168666
1444468297	1	1	0	1	0	0	0	0	0	0	0	0	0	0	0	4.941538	4.285816	4.274410	4.275836	1.932454	14.000000	18.000000	99.156868	98.858490	98.933075	0	0	1	1	156	1167435
1444468299	0	0	0	0	0	0	0	0	0	0	0	0	0	0	0	4.941538	4.282964	4.271558	4.270133	1.932454	14.000000	18.000000	99.119583	98.821190	98.783882	0	0	1	1	156	1164610
1444468300	1	1	0	0	0	0	0	0	0	0	0	0	0	0	0	4.941538	4.281538	4.271558	4.272984	1.932454	14.000000	18.000000	99.156868	98.895782	98.970383	0	0	1	1	156	1167416
1444468301	1	0	0	0	0	0	0	0	0	0	0	0	0	0	0	4.939927	4.282964	4.271558	4.272984	1.934066	14.000000	18.000000	98.745705	99.044197	98.820328	0	0	1	1	156	1167435
1444468302	0	0	4	0	0	0	0	0	0	0	0	0	0	0	0	4.941538	4.282964	4.271558	4.272984	1.933260	14.000000	18.000000	99.119583	98.783882	98.858490	0	0	1	1	156	1167435
1444468303	0	1	0	1	0	0	0	0	1	0	0	0	0	0	0	4.944762	4.282964	4.268707	4.271558	1.932454	14.000000	18.000000	99.046524	98.785599	98.822884	0	0	1	1	156	1205088
1444468305	0	1	1	0	0	0	0	0	0	0	0	0	0	0	0	4.941538	4.282964	4.270133	4.272984	1.931648	14.000000	18.000000	99.119583	98.858490	98.933075	0	0	1	1	156	1167412
1444468306	0	0	0	0	0	0	0	0	0	0	0	0	0	0	0	4.943151	4.282964	4.271558	4.270133	1.932454	14.000000	18.000000	99.083031	98.784737	98.822021	0	0	1	1	156	1167436
1444468307	1	1	1	0	0	0	0	0	0	0	0	0	0	0	0	4.939927	4.285816	4.275836	4.277261	1.933260	14.000000	18.000000	99.230751	98.969566	99.044197	0	0	1	1	156	1170216
1444468308	1	1	3	2	0	0	0	0	0	0	0	0	0	0	0	4.943151	4.282964	4.271558	4.272984	1.934066	14.000000	18.000000	99.083031	98.672874	98.561020	0	0	1	1	156	1168572
1444468309	1	1	0	2	0	0	0	0	0	0	0	0	0	0	0	4.941538	4.282964	4.271558	4.271558	1.933260	14.000000	18.000000	99.119583	98.821190	98.821190	0	0	1	1	156	1167445
1444468311	0	1	1	2	0	0	0	0	0	0	0	0	0	0	0	4.939927	4.285816	4.274410	4.272984	1.933260	14.000000	18.000000	99.193443	98.894958	98.894958	0	0	1	1	156	1164681
1444468312	1	0	1	0	0	0	0	0	0	0	0	0	0	0	0	4.941538	4.284390	4.272984	4.271558	1.932454	14.000000	18.000000	99.156868	98.895782	98.933075	0	0	1	1	156	1167425
1444468313	1	0	0	0	0	0	0	0	0	0	0	0	0	0	0	4.944762	4.272984	4.272984	4.271558	1.934066	14.000000	18.000000	99.009239	98.748329	98.822884	0	0	1	1	156	1167444
1444468314	1	1	1	4	0	0	0	0	1	0	0	0	0	0	0	4.941538	4.282964	4.271558	4.271558	1.934066	14.000000	18.000000	99.156868	98.858490	98.895782	0	0	1	1	156	1167444
1444468315	1	1	0	2	0	0	0	0	0	0	0	0	0	0	0	4.941538	4.282964	4.271558	4.270133	1.933260	14.000000	18.000000	99.007675	98.634682	98.485497	0	0	1	1	156	1164679
1444468317	0	0	2	0	0	0	0	0	0	0	0	0	0	0	0	4.936703	4.288667	4.274410	4.274410	1.932454	14.000000	18.000000	99.341316	99.042641	99.042641	0	0	1	1	156	1167426
1444468318	1	0	3	0	0	1	0	0	0	0	0	0	0	0	0	4.941538	4.284390	4.272984	4.272984	1.933260	14.000000	18.000000	99.119583	98.895782	98.933075	0	0	1	1	156	1167445
1444468319	0	0	0	0	0	0	0	0	0	0	0	0	0	0	0	4.939927	4.287241	4.275836	4.275836	1.933260	14.000000	18.000000	99.193443	98.969566	99.006889	0	0	1	1	156	1164697
1444468320	1	0	0	0	0	0	0	0	0	0	0	0	0	0	0	4.936703	4.271558	4.275836	4.271558	1.932454	14.000000	18.000000	99.303986	99.042641	99.042641	0	0	1	1	156	1168665
1444468321	0	0	0	0	0	0	0	0	0	0	0	0	0	0	0	4.939927	4.284390	4.272984	4.272984	1.933260	14.000000	18.000000	99.193443	98.671089	98.932274	0	0	1	1	156	1167436
1444468323	0	0	1	2	0	0	0	0	0	0	0	0	0	0	0	4.939927	4.282964	4.271558	4.272984	1.934066	14.000000	18.000000	99.193443	98.671089	99.006889	0	0	1	1	156	1164681
1444468324	0	2	1	1	0	0	0	0	1	0	0	0	0	0	0	4.941538	4.282964	4.271558	4.274410	1.934066	14.000000	18.000000	99.082275	98.858490	98.933075	0	0	1	1	156	1167416
1444468325	3	0	0	1	0	0	0	0	0	0	0	0	0	0	0	4.941538	4.285816	4.271558	4.270133	1.933260	14.000000	18.000000	99.156868	98.858490	98.821190	0	0	1	1	156	1167437
1444468326	0	0	1	1	0	0	0	0	0	0	0	0	0	0	0	4.941538	4.281538	4.272984	4.275836	1.934066	14.000000	18.000000	99.082275	98.858490	98.895782	0	0	1	1	156	1164667
1444468327	1	1	0	2	0	0	0	0	0	0	0	0	0	0	0	4.939927	4.290093	4.267281	4.272984	1.933260	14.000000	18.000000	99.156143	98.857651	98.932274	0	0	1	1	156	1167416
1444468329	2	1	2	0	0	0	0	1	0	0	0	0	0	0	0	4.941538	4.282964	4.272984	4.272984	1.933260	14.000000	18.000000	99.119583	98.821190	98.858490	0	0	1	1	156	1167433
1444468330	0	2	1	0	0	0	0	0	0	0	0	0	0	0	0	4.941538	4.282964	4.270133	4.272984	1.934066	14.000000	18.000000	99.082275	98.933075	98.933075	0	0	1	1	156	1167436
1444468331	1	1	0	1	0	0	0	0	0	0	0	0	0	0	0	4.938315	4.284390	4.274410	4.275836	1.933260	14.000000	18.000000	99.267357	99.006096	99.080734	0	0	1	1	156	1164756
1444468332	0	1	2	1	0	0	0	0	1	0	0	0	0	0	0	4.941538	4.282964	4.270133	4.271558	1.933260	14.000000	18.000000	99.119583	98.895782	98.933075	0	0	1	1	156	1168573
1444468333	1	0	2	0	0	0	0	0	0	0	0	0	0	0	0	4.939927	4.280113	4.270133	4.272984	1.934066	14.000000	18.000000	99.118820	98.894958	98.894958	0	0	1	1	156	1167445
1444468335	2	0	1	0	0	0	0	0	0	0	0	0	0	0	0	4.941538	4.281538	4.270133	4.272984	1.934066	14.000000	18.000000	99.082275	98.821190	98.895782	0	0	1	1	156	1164685
1444468336	2	0	3	2	0	0	0	0	0	0	0	0	0	0	0	4.941538	4.281538	4.270133	4.275836	1.934872	14.000000	18.000000	99.119583	98.858490	98.895782	0	0	1	1	156	1167422
1444468337	0	1	2	0	0	0	0	0	0	0	0	0	0	0	0	4.941538	4.281538	4.270133	4.272984	1.934066	14.000000	18.000000	99.156868	98.858490	98.933075	0	0	1	1	156	1167444
1444468338	0	1	0	0	0	0	0	0	0	0	0	0	0	0	0	4.943151	4.284390	4.272984	4.272984	1.934872	14.000000	18.000000	99.045746	98.784737	98.859314	0	0	1	1	156	1164707
1444468339	1	0	0	0	0	0	0	0	0	0	0	0	0	0	0	4.939927	4.285816	4.271558	4.272984	1.934066	14.000000	18.000000	99.193443	98.894958	98.894958	0	0	1	1	156	1167426
1444468341	3	1	1	3	0	0	0	0	0	0	0	0	0	0	0	4.941538	4.285816	4.270133	4.258727	1.931648	14.000000	18.000000	99.417976	98.746590	98.858490	0	0	1	1	156	1167445
1444468342	0	1	3	1	0	0	0	1	0	0	0	0	0	0	0	4.939927	4.282964	4.270133	4.271558	1.934066	14.000000	18.000000	99.156143	98.894958	98.857651	0	0	1	1	156	1167445
1444468343	1	1	1	2	0	0	0	1	0	0	0	0	0	0	0	4.941538	4.287241	4.275836	4.274410	1.933260	14.000000	18.000000	99.231468	98.560097	99.156868	0	0	1	1	156	1164679
1444468344	0	2	0	0	0	0	0	0	0	0	0	0	0	0	0	4.943151	4.284390	4.270133	4.272984	1.934872	14.000000	18.000000	99.120316	98.822021	98.859314	0	0	1	1	156	1168665
1444468345	1	0	0	1	0	0	0	0	0	0	0	0	0	0	0	4.941538	4.285816	4.271558	4.270133	1.934872	14.000000	18.000000	99.156868	98.858490	98.858490	0	0	1	1	156	1167437
1444468347	2	1	1	0	0	0	0	0	0	0	0	0	0	0	0	4.943151	4.287241	4.274410	4.272984	1.934872	14.000000	18.000000	99.120316	98.822021	98.822021	0	0	1	1	156	1164761
1444468348	1	0	1	2	0	0	1	0	0	0	0	0	0	0	0	4.939927	4.280113	4.270133	4.272984	1.934066	14.000000	18.000000	99.156143	98.857651	98.932274	0	0	1	1	156	1167416
1444468349	1	0	2	2	0	0	0	0	0	1	0	0	0	0	0	4.941538	4.285816	4.272984	4.275836	1.934872	14.000000	18.000000	99.119583	98.858490	98.895782	0	0	1	1	156	1167432
1444468350	0	1	2	0	0	0	0	1	0	0	0	0	0	0	0	4.939927	4.284390	4.272984	4.274410	1.934872	14.000000	18.000000	99.193443	98.969566	98.969566	0	0	1	1	156	1164672
1444468351	1	2	1	0	0	0	0	0	0	0	0	0	0	0	0	4.939927	4.287241	4.274410	4.272984	1.935678	14.000000	18.000000	99.230751	98.894958	98.857651	0	0	1	1	156	1167415
1444468353	2	0	1	0	0	0	0	0	0	0	0	0	0	0	0	4.941538	4.287241	4.274410	4.271558	1.935678	14.000000	18.000000	99.156868	98.858490	98.858490	0	0	1	1	156	1167436
1444468354	0	0	1	2	0	0	0	0	0	1	0	0	0	0	0	4.939927	4.284390	4.270133	4.270133	1.934872	14.000000	18.000000	99.230751	98.932274	98.857651	0	0	1	1	156	1164682
1444468355	2	2	2	0	0	0	0	0	0	0	0	0	0	0	0	4.941538	4.287241	4.274410	4.277261	1.934066	14.000000	18.000000	99.231468	98.933075	99.044983	0	0	1	1	156	1167416
1444468356	1	1	3	1	0	0	0	0	0	0	0	0	0	0	0	4.941538	4.288667	4.272984	4.272984	1.934872	14.000000	18.000000	99.156868	98.858490	98.858490	0	0	1	1	156	1168591
1444468357	3	2	0	0	1	0	0	0	0	0	0	0	0	0	0	4.941538	4.284390	4.271558	4.272984	1.934872	14.000000	18.000000	99.194176	98.858490	98.895782	0	0	1	1	156	1167445
1444468359	2	4	0	1	0	0	0	0	0	0	0	0	0	0	0	4.939927	4.285816	4.271558	4.272984	1.935678	14.000000	18.000000	99.193443	98.894958	98.969566	0	0	1	1	156	1164680
1444468360	1	0	0	3	0	0	0	0	0	0	0	0	0	0	0	4.938315	4.285816	4.272984	4.272984	1.934066	14.000000	18.000000	99.304680	99.006096	98.931450	0	0	1	1	156	1167425
1444468361	0	1	0	0	0	0	0	0	0	0	0	0	0	0	0	4.941538	4.270133	4.268707	4.277261	1.934066	14.000000	18.000000	99.119583	98.895782	98.933075	0	0	1	1	156	1167445
1444468362	2	0	0	1	0	0	0	0	0	0	0	0	0	0	0	4.943151	4.285816	4.258727	4.278687	1.934872	14.000000	18.000000	99.008469	98.784737	98.822021	0	0	1	1	156	1164679
1444468363	2	2	0	0	0	0	0	0	0	0	0	0	0	0	0	4.943151	4.282964	4.271558	4.270133	1.934872	14.000000	18.000000	99.120316	98.784737	98.822021	0	0	1	1	156	1167425
1444468365	1	0	0	0	0	0	0	0	0	0	0	0	0	0	0	4.939927	4.285816	4.270133	4.271558	1.934872	14.000000	18.000000	99.230751	98.969566	98.969566	0	0	1	1	156	1167445
1444468366	2	0	1	0	0	0	0	0	0	0	0	0	0	0	0	4.939927	4.285816	4.271558	4.270133	1.934872	14.000000	18.000000	99.230751	98.894958	98.894958	0	0	1	1	156	1164679
1444468367	0	2	3	2	0	0	0	0	1	1	0	0	0	0	0	4.939927	4.285816	4.274410	4.275836	1.934872	14.000000	18.000000	99.268059	98.969566	98.932274	0	0	1	1	156	1167421
1444468368	1	1	0	0	0	0	0	0	0	0	0	0	0	0	0	4.941538	4.272984	4.278687	4.267281	1.934872	14.000000	18.000000	99.156868	98.858490	98.821190	0	0	1	1	156	1168580
1444468369	2	0	2	0	0	1	0	0	0	0	0	0	0	0	0	4.943151	4.285816	4.271558	4.270133	1.934872	14.000000	18.000000	98.971169	98.523727	98.486443	0	0	1	1	156	1167435
1444468371	1	0	0	3	0	0	0	0	0	0	0	0	0	0	0	4.943151	4.285816	4.271558	4.270133	1.935678	14.000000	18.000000	99.157608	98.784737	98.747452	0	0	1	1	156	1164683
1444468372	1	0	3	1	0	1	0	0	0	1	0	0	0	0	0	4.941538	4.285816	4.272984	4.272984	1.935678	14.000000	18.000000	99.156868	98.821190	98.858490	0	0	1	1	156	1167416
1444468373	0	0	1	1	0	0	0	0	0	0	0	0	0	0	0	4.943151	4.287241	4.271558	4.271558	1.934872	14.000000	18.000000	99.120316	98.784737	98.747452	0	0	1	1	156	1167435
1444468374	2	2	1	1	0	0	0	0	0	0	0	0	0	0	0	4.939927	4.285816	4.271558	4.271558	1.934066	14.000000	18.000000	99.156143	98.857651	98.820328	0	0	1	1	156	1164679
1444468375	0	2	1	1	0	0	0	0	0	0	0	0	0	0	0	4.939927	4.285816	4.271558	4.270133	1.935678	14.000000	18.000000	99.193443	98.596466	98.894958	0	0	1	1	156	1167415
1444468377	1	0	1	0	0	0	0	0	0	0	0	0	0	0	0	4.941538	4.285816	4.272984	4.270133	1.935678	14.000000	18.000000	99.156868	98.858490	98.821190	0	0	1	1	156	1167435
1444468378	2	1	1	1	0	0	0	0	0	0	0	0	0	0	0	4.939927	4.285816	4.270133	4.270133	1.934872	14.000000	18.000000	99.193443	98.894958	98.894958	0	0	1	1	156	1164685
1444468379	1	1	2	1	0	0	0	0	0	0	0	0	0	0	0	4.939927	4.287241	4.275836	4.274410	1.934066	14.000000	18.000000	99.268059	98.969566	98.969566	0	0	1	1	156	1167419
1444468380	0	0	2	1	0	0	0	0	0	0	0	0	0	0	0	4.941538	4.284390	4.270133	4.271558	1.934872	14.000000	18.000000	99.194176	98.821190	98.858490	0	0	1	1	156	1168591
1444468381	2	1	3	0	0	0	0	0	0	0	0	0	0	0	0	4.941538	4.285816	4.270133	4.272984	1.934872	14.000000	18.000000	99.194176	98.895782	98.895782	0	0	1	1	156	1164680
1444468383	0	0	0	0	0	0	0	0	0	0	0	0	0	0	0	4.941538	4.285816	4.272984	4.270133	1.935678	14.000000	18.000000	98.858490	98.597389	98.746590	0	0	1	1	156	1167425
1444468384	1	4	1	2	0	0	0	0	0	0	0	0	0	0	0	4.939927	4.285816	4.271558	4.271558	1.934872	14.000000	18.000000	99.230751	98.894958	98.857651	0	0	1	1	156	1167444
1444468385	1	0	2	0	0	0	0	0	0	0	0	0	0	0	0	4.941538	4.284390	4.270133	4.272984	1.936484	14.000000	18.000000	99.231468	98.858490	98.858490	0	0	1	1	156	1167448
1444468386	1	1	1	2	0	0	0	0	0	1	0	0	0	0	0	4.939927	4.284390	4.271558	4.271558	1.935678	14.000000	18.000000	99.230751	98.932274	98.857651	0	0	1	1	156	1164697
1444468387	2	1	0	2	0	0	0	0	0	0	0	0	0	0	0	4.939927	4.285816	4.270133	4.271558	1.934872	14.000000	18.000000	99.193443	98.894958	98.820328	0	0	1	1	156	1167425
1444468389	1	2	0	1	0	0	0	0	1	0	0	0	0	0	0	4.943151	4.285816	4.271558	4.274410	1.935678	14.000000	18.000000	99.120316	98.747452	98.747452	0	0	1	1	156	1167442
1444468390	2	1	0	0	0	0	0	0	0	0	0	0	0	0	0	4.939927	4.285816	4.275836	4.274410	1.935678	14.000000	18.000000	99.230751	98.932274	98.857651	0	0	1	1	156	1164687
1444468391	0	0	2	0	0	0	0	0	0	0	0	0	0	0	0	4.941538	4.287241	4.272984	4.274410	1.934066	14.000000	18.000000	99.268776	99.007675	98.933075	0	0	1	1	156	1167420
1444468392	2	0	1	0	0	1	0	0	0	0	0	0	0	0	0	4.943151	4.285816	4.271558	4.270133	1.936484	14.000000	18.000000	99.157608	98.784737	98.822021	0	0	1	1	156	1168584
1444468393	1	2	0	1	0	0	0	0	0	0	0	0	0	0	0	4.939927	4.285816	4.272984	4.272984	1.934872	14.000000	18.000000	99.305382	98.932274	98.932274	0	0	1	1	156	1164679
1444468395	0	1	0	0	0	0	0	0	0	0	0	0	0	0	0	4.941538	4.284390	4.272984	4.272984	1.935678	14.000000	18.000000	99.231468	98.895782	98.821190	0	0	1	1	156	1167416
1444468396	2	0	1	0	0	0	0	0	0	0	0	0	0	0	0	4.941538	4.285816	4.274410	4.271558	1.936484	14.000000	18.000000	99.156868	98.895782	98.858490	0	0	1	1	156	1167435
1444468397	0	0	0	1	0	0	0	0	0	0	0	0	0	0	0	4.941538	4.285816	4.272984	4.270133	1.936484	14.000000	18.000000	99.194176	98.821190	98.895782	0	0	1	1	156	1164665
1444468398	1	1	2	0	0	0	0	1	0	0	0	0	0	0	0	4.941538	4.285816	4.272984	4.272984	1.935678	14.000000	18.000000	99.156868	98.858490	98.821190	0	0	1	1	156	1167415
1444468399	0	2	1	0	0	0	0	0	0	0	0	0	0	0	0	4.936703	4.287241	4.275836	4.274410	1.934872	14.000000	18.000000	99.341316	99.005310	99.005310	0	0	1	1	156	1167436
1444468401	1	0	0	1	0	0	0	0	0	0	0	0	0	0	0	4.943151	4.280113	4.260152	4.278687	1.936484	14.000000	18.000000	99.120316	98.859314	98.896599	0	0	1	1	156	1167436
1444468402	1	0	2	2	0	0	0	0	0	0	0	0	0	0	0	4.943151	4.274410	4.260152	4.280113	1.936484	14.000000	18.000000	99.120316	98.822021	98.822021	0	0	1	1	156	1164673
1444468403	0	0	1	0	0	0	0	0	0	0	0	0	0	0	0	4.939927	4.278687	4.261578	4.263004	1.934066	14.000000	18.000000	98.932274	98.596466	98.633781	0	0	1	1	156	1167416
1444468404	2	1	0	0	0	0	0	0	0	0	0	0	0	0	0	4.939927	4.287241	4.272984	4.275836	1.935678	14.000000	18.000000	99.268059	98.894958	98.969566	0	0	1	1	156	1168591
1444468405	2	2	0	2	0	0	0	0	0	0	0	0	0	0	0	4.943151	4.285816	4.275836	4.272984	1.936484	14.000000	18.000000	99.120316	98.822021	98.784737	0	0	1	1	156	1164681
1444468407	2	2	0	0	0	0	0	0	0	0	0	0	0	0	0	4.941538	4.284390	4.270133	4.272984	1.936484	14.000000	18.000000	99.194176	98.895782	98.895782	0	0	1	1	156	1167425
1444468408	0	2	1	0	0	0	0	0	0	0	0	0	0	0	0	4.943151	4.272984	4.275836	4.271558	1.936484	14.000000	18.000000	99.194893	98.784737	98.822021	0	0	1	1	156	1167445
1444468409	3	0	0	3	0	0	0	0	0	0	0	0	0	0	0	4.941538	4.272984	4.270133	4.271558	1.935678	14.000000	18.000000	99.156868	98.858490	98.858490	0	0	1	1	156	1164689
1444468410	1	0	1	1	0	0	0	0	0	0	0	0	0	0	0	4.939927	4.285816	4.270133	4.274410	1.936484	14.000000	18.000000	99.193443	98.932274	98.932274	0	0	1	1	156	1167426
1444468411	2	2	1	0	0	0	0	0	0	0	0	0	0	0	0	4.941538	4.285816	4.272984	4.272984	1.936484	14.000000	18.000000	99.156868	98.858490	98.858490	0	0	1	1	156	1167445
1444468413	3	0	2	1	0	0	0	0	0	0	0	0	0	0	0	4.941538	4.284390	4.271558	4.274410	1.935678	14.000000	18.000000	99.194176	98.858490	98.895782	0	0	1	1	156	1167445
1444468414	1	1	4	0	0	0	0	0	0	0	0	0	0	0	0	4.941538	4.285816	4.270133	4.270133	1.936484	14.000000	18.000000	99.194176	98.858490	98.858490	0	0	1	1	156	1164683
1444468415	3	0	0	0	0	0	0	0	0	0	0	0	0	0	0	4.939927	4.284390	4.274410	4.277261	1.935678	14.000000	18.000000	99.268059	98.969566	98.969566	0	0	1	1	156	1167420
1444468416	1	2	1	1	0	0	0	0	0	0	0	0	0	0	0	4.941538	4.284390	4.271558	4.270133	1.936484	14.000000	18.000000	99.156868	98.821190	98.858490	0	0	1	1	156	1168580
1444468417	0	1	1	1	0	0	0	0	1	0	0	0	0	0	0	4.941538	4.284390	4.270133	4.270133	1.935678	14.000000	18.000000	99.194176	98.858490	98.858490	0	0	1	1	156	1164679
1444468419	1	0	0	1	0	0	0	0	0	0	0	0	0	0	0	4.941538	4.287241	4.271558	4.271558	1.937289	14.000000	18.000000	99.156868	98.821190	98.821190	0	0	1	1	156	1167416
1444468420	0	0	2	1	0	0	0	0	0	0	0	0	0	0	0	4.939927	4.285816	4.271558	4.271558	1.935678	14.000000	18.000000	99.193443	98.894958	98.820328	0	0	1	1	156	1167435
1444468421	1	1	1	1	0	0	0	0	0	0	0	0	0	0	0	4.941538	4.285816	4.270133	4.271558	1.936484	14.000000	18.000000	99.156868	98.821190	98.783882	0	0	1	1	156	1164668
1444468422	2	2	0	0	0	0	0	0	0	0	0	0	0	0	0	4.941538	4.284390	4.270133	4.274410	1.936484	14.000000	18.000000	98.821190	99.044983	98.821190	0	0	1	1	156	1167416
1444468423	0	0	1	3	0	0	0	0	0	0	0	0	0	0	0	4.941538	4.285816	4.271558	4.270133	1.936484	14.000000	18.000000	99.156868	98.858490	98.821190	0	0	1	1	156	1167435
1444468425	0	0	1	0	0	0	0	0	0	0	0	0	0	0	0	4.941538	4.287241	4.272984	4.272984	1.937289	14.000000	18.000000	99.194176	98.858490	98.821190	0	0	1	1	156	1164609
1444468426	1	2	1	2	0	0	0	0	0	0	0	0	0	0	0	4.943151	4.284390	4.271558	4.271558	1.936484	14.000000	18.000000	99.194893	98.822021	98.859314	0	0	1	1	156	1167416
1444468427	1	3	1	2	0	1	0	0	0	0	0	0	0	0	0	4.941538	4.287241	4.274410	4.275836	1.935678	14.000000	18.000000	99.231468	98.970383	99.007675	0	0	1	1	156	1167435
1444468428	1	0	2	1	0	0	0	0	0	0	0	0	0	0	0	4.941538	4.287241	4.271558	4.268707	1.936484	14.000000	18.000000	99.156868	98.858490	98.522797	0	0	1	1	156	1168591
1444468429	1	3	0	1	0	0	0	0	0	0	0	0	0	0	0	4.943151	4.285816	4.272984	4.264430	1.936484	14.000000	18.000000	99.418610	98.672874	98.747452	0	0	1	1	156	1164792
1444468431	0	1	3	1	0	0	0	0	0	1	0	0	0	0	0	4.943151	4.285816	4.271558	4.270133	1.937289	14.000000	18.000000	99.120316	98.822021	98.784737	0	0	1	1	156	1167425
1444468432	4	2	1	3	0	0	1	0	1	0	0	0	0	0	0	4.943151	4.284390	4.271558	4.272984	1.937289	14.000000	18.000000	99.157608	98.822021	98.784737	0	0	1	1	156	1167447
1444468433	0	0	1	0	0	0	0	0	0	0	0	0	0	0	0	4.939927	4.288667	4.275836	4.272984	1.937289	14.000000	18.000000	99.230751	98.932274	98.894958	0	0	1	1	156	1164689
1444468434	2	0	6	0	0	1	0	0	0	0	0	0	0	0	0	4.941538	4.284390	4.272984	4.271558	1.937289	14.000000	18.000000	99.194176	98.933075	98.895782	0	0	1	1	156	1167426
1444468435	0	2	0	0	0	0	0	0	0	0	0	0	0	0	0	4.941538	4.285816	4.274410	4.270133	1.937289	14.000000	18.000000	99.194176	98.858490	98.858490	0	0	1	1	156	1167445
1444468437	4	0	1	1	0	0	0	0	0	0	0	0	0	0	0	4.941538	4.285816	4.272984	4.272984	1.937289	14.000000	18.000000	99.156868	98.821190	98.895782	0	0	1	1	156	1164687
1444468438	1	1	0	2	0	0	0	0	0	0	0	0	0	0	0	4.939927	4.285816	4.271558	4.271558	1.937289	14.000000	18.000000	99.193443	98.857651	98.857651	0	0	1	1	156	1167425
1444468439	1	0	1	1	0	0	0	0	0	0	0	0	0	0	0	4.941538	4.288667	4.274410	4.274410	1.936484	14.000000	18.000000	99.343376	98.970383	98.933075	0	0	1	1	156	1167439
1444468440	3	0	1	0	0	0	0	0	0	0	0	0	0	0	0	4.941538	4.284390	4.271558	4.272984	1.937289	14.000000	18.000000	99.156868	98.858490	98.821190	0	0	1	1	156	1168581
1444468441	1	6	0	2	0	0	0	0	2	0	0	0	0	0	0	4.936703	4.284390	4.271558	4.271558	1.934872	14.000000	18.000000	99.303986	98.967964	98.967964	0	0	1	1	156	1164680
1444468443	1	1	3	2	0	0	0	0	0	0	0	0	0	0	0	4.943151	4.275836	4.261578	4.261578	1.936484	14.000000	18.000000	98.822021	98.598305	98.449150	0	0	1	1	156	1167416
1444468444	2	0	1	0	0	0	0	0	0	0	0	0	0	0	0	4.939927	4.288667	4.272984	4.271558	1.936484	14.000000	18.000000	99.268059	98.932274	98.932274	0	0	1	1	156	1167435
1444468445	1	1	0	4	0	0	0	0	0	0	0	0	0	0	0	4.941538	4.285816	4.271558	4.270133	1.937289	14.000000	18.000000	99.194176	98.858490	98.821190	0	0	1	1	156	1164669
1444468446	0	1	1	1	0	0	0	0	0	0	0	0	0	0	0	4.939927	4.285816	4.271558	4.270133	1.937289	14.000000	18.000000	99.230751	98.894958	98.894958	0	0	1	1	156	1167415
1444468447	2	1	1	2	0	0	0	0	0	0	0	0	0	0	0	4.941538	4.272984	4.278687	4.267281	1.937289	14.000000	18.000000	99.156868	98.858490	98.783882	0	0	1	1	156	1167435
1444468449	1	0	0	1	0	0	0	0	0	0	0	0	0	0	0	4.943151	4.272984	4.278687	4.265855	1.937289	14.000000	18.000000	99.120316	98.784737	98.747452	0	0	1	1	156	1164670
1444468450	2	2	2	0	1	0	0	0	0	0	0	0	0	0	0	4.939927	4.285816	4.271558	4.271558	1.937289	14.000000	18.000000	99.193443	98.857651	98.820328	0	0	1	1	156	1167416
1444468451	2	0	2	1	0	0	0	0	0	0	0	0	0	0	0	4.938315	4.287241	4.274410	4.274410	1.936484	14.000000	18.000000	99.304680	98.968781	98.968781	0	0	1	1	156	1167435
1444468452	1	0	1	1	0	0	0	0	0	0	0	0	0	0	0	4.941538	4.285816	4.271558	4.271558	1.937289	14.000000	18.000000	99.156868	98.821190	98.821190	0	0	1	1	156	1179962
1444468453	0	1	0	0	0	0	0	0	0	0	0	0	0	0	0	4.939927	4.284390	4.272984	4.272984	1.936484	14.000000	18.000000	99.193443	98.894958	98.969566	0	0	1	1	156	1167428
1444468455	0	1	0	1	0	0	0	0	0	0	0	0	0	0	0	4.941538	4.284390	4.272984	4.270133	1.938095	14.000000	18.000000	99.231468	98.895782	98.821190	0	0	1	1	156	1167445
1444468456	0	4	1	1	0	0	0	0	1	0	0	0	0	0	0	4.941538	4.284390	4.270133	4.271558	1.937289	14.000000	18.000000	99.194176	98.895782	98.858490	0	0	1	1	156	1167445
1444468457	1	1	0	0	0	0	0	0	0	0	0	0	0	0	0	4.941538	4.284390	4.271558	4.271558	1.937289	14.000000	18.000000	99.156868	98.858490	98.858490	0	0	1	1	156	1164681
1444468458	1	3	1	3	0	0	1	0	0	0	0	0	0	0	0	4.939927	4.285816	4.271558	4.270133	1.937289	14.000000	18.000000	99.193443	98.894958	98.857651	0	0	1	1	156	1167425
1444468459	2	0	0	0	0	0	0	0	0	0	0	0	0	0	0	4.936703	4.287241	4.272984	4.272984	1.936484	14.000000	18.000000	99.341316	99.079971	99.042641	0	0	1	1	156	1167444
1444468461	1	1	1	0	0	0	0	0	0	0	0	0	0	0	0	4.939927	4.284390	4.271558	4.274410	1.937289	14.000000	18.000000	99.193443	98.894958	98.894958	0	0	1	1	156	1164699
1444468462	1	1	3	0	0	0	0	0	0	0	0	0	0	0	0	4.941538	4.287241	4.261578	4.260152	1.939707	14.250000	18.000000	99.082275	98.783882	98.858490	0	0	1	1	156	1167426
1444468463	1	0	0	0	0	0	0	0	0	0	0	0	0	0	0	4.936703	4.280113	4.267281	4.261578	1.936484	14.000000	18.000000	99.005310	98.706619	98.519943	0	0	1	1	156	1167440
1444468464	1	2	2	0	0	0	0	0	0	0	0	0	0	0	0	4.943151	4.287241	4.271558	4.271558	1.938095	14.000000	18.000000	99.120316	98.784737	98.337303	0	0	1	1	156	1165843
1444468465	2	2	1	0	0	0	0	0	0	0	0	0	0	0	0	4.941538	4.284390	4.270133	4.270133	1.937289	14.000000	18.000000	99.156868	98.858490	98.821190	0	0	1	1	156	1167416
1444468467	0	0	2	0	0	0	0	0	0	0	0	0	0	0	0	4.943151	4.284390	4.271558	4.270133	1.938095	14.000000	18.000000	99.157608	98.822021	98.784737	0	0	1	1	156	1167435
1444468468	1	1	1	0	0	0	0	0	0	0	0	0	0	0	0	4.941538	4.271558	4.278687	4.265855	1.938095	14.000000	18.000000	99.156868	98.858490	98.821190	0	0	1	1	156	1167436
1444468469	1	0	1	1	0	0	0	0	0	0	0	0	0	0	0	4.946374	4.272984	4.280113	4.267281	1.938095	14.000000	18.000000	99.047302	98.749191	98.749191	0	0	1	1	156	1164669
1444468470	0	1	1	2	0	0	0	0	1	0	0	0	0	0	0	4.941538	4.284390	4.271558	4.271558	1.938095	14.000000	18.000000	99.119583	98.821190	98.821190	0	0	1	1	156	1167416
1444468471	2	0	0	1	0	0	0	0	0	0	0	0	0	0	0	4.941538	4.284390	4.272984	4.271558	1.938095	14.000000	18.000000	99.156868	98.858490	98.821190	0	0	1	1	156	1167435
1444468473	3	2	0	0	0	0	0	0	0	0	0	0	0	0	0	4.943151	4.285816	4.272984	4.270133	1.938095	14.000000	18.000000	99.083031	98.822021	98.747452	0	0	1	1	156	1164690
1444468474	0	2	0	1	0	0	0	0	0	0	0	0	0	0	0	4.939927	4.284390	4.270133	4.270133	1.938901	14.250000	18.000000	99.230751	98.894958	98.894958	0	0	1	1	156	1167415
1444468475	4	0	0	1	0	0	1	0	0	0	0	0	0	0	0	4.938315	4.285816	4.272984	4.274410	1.936484	14.000000	18.000000	99.304680	99.006096	99.006096	0	0	1	1	156	1167435
1444468476	0	1	1	0	0	0	0	0	0	0	0	0	0	0	0	4.943151	4.274410	4.272984	4.270133	1.938901	14.000000	18.000000	99.120316	98.822021	98.784737	0	0	1	1	156	1165880
1444468477	2	1	1	2	0	0	0	0	1	0	0	0	0	0	0	4.941538	4.285816	4.271558	4.270133	1.938901	14.000000	18.000000	99.194176	98.895782	98.821190	0	0	1	1	156	1167426
1444468479	0	0	0	1	0	0	0	0	0	0	0	0	0	0	0	4.941538	4.284390	4.270133	4.270133	1.938095	14.000000	18.000000	99.156868	98.858490	98.858490	0	0	1	1	156	1167445
1444468480	0	1	0	0	0	0	0	0	0	0	0	0	0	0	0	4.941538	4.285816	4.272984	4.271558	1.938095	14.000000	18.000000	99.156868	98.858490	98.783882	0	0	1	1	156	1164689
1444468481	1	0	0	2	0	0	0	0	0	0	0	0	0	0	0	4.939927	4.284390	4.270133	4.271558	1.938095	14.000000	18.000000	99.230751	98.894958	98.857651	0	0	1	1	156	1167425
1444468482	1	3	1	0	0	0	0	0	0	0	0	0	0	0	0	4.941538	4.284390	4.270133	4.271558	1.938901	14.000000	18.000000	98.783882	98.634682	98.746590	0	0	1	1	156	1167445
1444468483	1	1	1	3	0	0	0	0	1	0	0	0	0	0	0	4.941538	4.285816	4.271558	4.271558	1.938901	14.000000	18.000000	99.194176	98.858490	98.858490	0	0	1	1	156	1167445
1444468485	2	1	0	0	0	0	0	0	0	0	0	0	0	0	0	4.943151	4.285816	4.270133	4.272984	1.939707	14.000000	18.000000	99.157608	98.784737	98.784737	0	0	1	1	156	1164696
1444468486	0	0	5	2	0	0	0	0	0	0	0	0	0	0	0	4.943151	4.285816	4.271558	4.270133	1.938901	14.000000	18.000000	99.120316	98.784737	98.784737	0	0	1	1	156	1167429
1444468487	1	1	0	0	0	0	0	0	0	0	0	0	0	0	0	4.939927	4.287241	4.272984	4.277261	1.937289	14.000000	18.000000	99.305382	98.969566	98.969566	0	0	1	1	156	1167440
1444468488	1	2	0	1	0	0	0	0	0	0	0	0	0	0	0	4.941538	4.287241	4.271558	4.272984	1.938901	14.000000	18.000000	99.194176	98.821190	98.821190	0	0	1	1	156	1165805
1444468489	0	1	2	0	0	0	0	0	0	0	0	0	0	0	0	4.943151	4.287241	4.271558	4.270133	1.938095	14.000000	18.000000	99.008469	98.710175	98.710175	0	0	1	1	156	1167416
1444468491	0	2	0	0	0	0	0	0	0	0	0	0	0	0	0	4.941538	4.285816	4.271558	4.270133	1.938901	14.000000	18.000000	99.156868	98.858490	98.821190	0	0	1	1	156	1167435
1444468492	1	1	0	0	0	0	0	0	0	0	0	0	0	0	0	4.941538	4.284390	4.270133	4.270133	1.938901	14.000000	18.000000	99.156868	98.858490	98.821190	0	0	1	1	156	1164660
1444468493	0	0	1	3	0	0	0	0	0	0	0	0	0	0	0	4.938315	4.288667	4.274410	4.275836	1.938095	14.000000	18.000000	99.304680	98.968781	98.968781	0	0	1	1	156	1167418
1444468494	0	0	2	0	0	0	0	0	0	0	0	0	0	0	0	4.939927	4.284390	4.270133	4.271558	1.938095	14.000000	18.000000	99.230751	98.857651	98.894958	0	0	1	1	156	1167435
1444468495	0	1	0	0	0	0	0	0	0	0	0	0	0	0	0	4.943151	4.284390	4.274410	4.272984	1.938901	14.000000	18.000000	99.120316	98.822021	98.784737	0	0	1	1	156	1167435
1444468497	1	0	0	1	0	0	0	0	0	0	0	0	0	0	0	4.941538	4.285816	4.271558	4.271558	1.938901	14.000000	18.000000	99.156868	98.858490	98.783882	0	0	1	1	156	1164674
1444468498	0	2	0	3	0	0	0	0	0	0	0	0	0	0	0	4.939927	4.285816	4.270133	4.270133	1.938095	14.000000	18.000000	99.230751	98.894958	98.969566	0	0	1	1	156	1167416
1444468499	1	0	0	0	0	0	0	0	0	0	0	0	0	0	0	4.939927	4.288667	4.272984	4.275836	1.938901	14.250000	18.000000	99.305382	98.932274	98.969566	0	0	1	1	156	1167435
1444468500	1	0	2	2	0	0	0	0	0	0	0	0	0	0	0	4.941538	4.285816	4.271558	4.271558	1.939707	14.250000	18.000000	99.194176	98.895782	98.821190	0	0	1	1	156	1165828
1444468501	1	2	1	1	0	0	1	0	0	0	0	0	0	0	0	4.939927	4.284390	4.268707	4.270133	1.938095	14.000000	18.000000	99.193443	98.783020	98.857651	0	0	1	1	156	1167425
1444468503	2	0	0	1	0	0	0	0	0	0	0	0	0	0	0	4.941538	4.281538	4.258727	4.261578	1.938901	14.000000	18.000000	97.217308	98.037895	98.485497	0	0	1	1	156	1167445
1444468504	1	1	1	0	1	0	0	0	0	0	0	0	0	0	0	4.943151	4.285816	4.270133	4.270133	1.938901	14.000000	18.000000	99.157608	98.822021	98.486443	0	0	1	1	156	1164704
1444468505	1	1	2	3	0	0	0	0	0	0	0	0	0	0	0	4.941538	4.285816	4.271558	4.270133	1.938901	14.000000	18.000000	99.156868	98.858490	98.821190	0	0	1	1	156	1167425
1444468506	0	1	2	0	0	0	0	0	0	0	0	0	0	0	0	4.939927	4.284390	4.267281	4.270133	1.938901	14.250000	18.000000	99.230751	98.820328	98.894958	0	0	1	1	156	1167445
1444468507	0	1	0	0	0	0	0	0	0	0	0	0	0	0	0	4.939927	4.284390	4.270133	4.272984	1.938901	14.250000	18.000000	99.193443	98.894958	98.857651	0	0	1	1	156	1164681
1444468509	0	1	0	1	0	0	0	0	0	0	0	0	0	0	0	4.939927	4.285816	4.257301	4.278687	1.938901	14.250000	18.000000	99.156143	98.932274	98.894958	0	0	1	1	156	1167426
1444468510	1	2	1	0	0	0	0	0	0	0	0	0	0	0	0	4.943151	4.285816	4.268707	4.270133	1.939707	14.000000	18.000000	99.120316	98.859314	98.822021	0	0	1	1	156	1167445
1444468511	2	1	2	1	0	0	0	0	0	1	0	0	0	0	0	4.939927	4.288667	4.275836	4.272984	1.938901	14.250000	18.000000	99.268059	98.894958	98.894958	0	0	1	1	156	1167440
1444468512	0	1	0	2	0	0	0	0	0	0	0	0	0	0	0	4.943151	4.285816	4.270133	4.271558	1.939707	14.000000	18.000000	99.120316	98.747452	98.784737	0	0	1	1	156	1165830
1444468513	0	1	2	0	0	0	0	0	0	0	0	0	0	0	0	4.939927	4.285816	4.270133	4.270133	1.938901	14.250000	18.000000	99.193443	98.894958	98.820328	0	0	1	1	156	1167415
1444468515	0	2	0	2	0	0	0	0	0	0	0	0	0	0	0	4.941538	4.292944	4.264430	4.268707	1.939707	14.250000	18.000000	99.156868	98.746590	98.858490	0	0	1	1	156	1167435
