time	cnt1	cnt2	cnt3	cnt4	1&2	1&3	1&4	2&3	2&4	3&4	1&2&3	1&2&4	1&3&4	2&3&4	1&2&3&4	adcr	adcp1	adcp2	adcp3	adcntc	ntcT	digT	p1	p2	p3	hvstate	pbsstate	ethstate	listpbs	sdstate	looptime
1444468516	2	0	0	1	0	0	0	0	0	0	0	0	0	0	0	4.944762	4.294370	4.265855	4.268707	1.939707	14.000000	18.000000	99.083794	98.711044	98.785599	0	0	1	1	156	1164678
1444468517	1	1	1	0	0	0	0	0	0	0	0	0	0	0	0	4.941538	4.288667	4.272984	4.270133	1.938901	14.000000	18.000000	99.194176	98.821190	98.895782	0	0	1	1	156	1214381
1444468518	1	0	2	1	0	0	0	0	0	0	0	0	0	0	0	4.941538	4.285816	4.270133	4.271558	1.940513	14.250000	18.000000	99.194176	98.821190	98.858490	0	0	1	1	156	1167418
1444468520	1	2	1	0	0	0	0	0	0	0	0	0	0	0	0	4.939927	4.285816	4.270133	4.270133	1.938901	14.250000	18.000000	99.193443	98.783020	98.857651	0	0	1	1	156	1201494
1444468521	3	1	1	1	0	0	0	0	0	0	0	0	0	0	0	4.941538	4.285816	4.270133	4.271558	1.939707	14.250000	18.000000	99.156868	98.522797	98.858490	0	0	1	1	156	1167415
1444468522	2	1	0	0	0	0	0	0	0	0	0	0	0	0	0	4.941538	4.282964	4.271558	4.270133	1.939707	14.250000	18.000000	99.082275	98.821190	98.821190	0	0	1	1	156	1167436
1444468523	0	2	2	2	0	0	0	0	1	0	0	0	0	0	0	4.936703	4.290093	4.281538	4.277261	1.939707	14.250000	18.000000	99.415993	99.154648	99.042641	0	0	1	1	156	1180455
1444468524	2	0	0	2	0	0	1	0	0	0	0	0	0	0	0	4.941538	4.285816	4.270133	4.272984	1.940513	14.250000	18.000000	99.231468	98.858490	98.858490	0	0	1	1	156	1168571
1444468526	1	1	0	0	0	0	0	0	0	0	0	0	0	0	0	4.943151	4.284390	4.270133	4.257301	1.939707	14.000000	18.000000	99.120316	98.672874	98.822021	0	0	1	1	156	1167445
1444468527	1	1	1	1	0	0	0	0	0	0	0	0	0	0	0	4.943151	4.285816	4.268707	4.270133	1.940513	14.250000	18.000000	98.822021	98.822021	98.672874	0	0	1	1	156	1164688
1444468528	0	0	2	2	0	0	0	0	0	0	0	0	0	0	0	4.939927	4.285816	4.271558	4.271558	1.939707	14.250000	18.000000	99.193443	98.857651	98.857651	0	0	1	1	156	1167425
1444468529	1	1	0	2	0	0	0	0	0	0	0	0	0	0	0	4.938315	4.287241	4.272984	4.271558	1.938901	14.250000	18.000000	99.267357	98.968781	98.968781	0	0	1	1	156	1167448
1444468530	0	0	2	0	0	0	0	0	0	0	0	0	0	0	0	4.941538	4.288667	4.274410	4.271558	1.939707	14.250000	18.000000	99.119583	98.895782	98.821190	0	0	1	1	156	1164683
1444468532	1	1	0	2	0	0	0	0	0	0	0	0	0	0	0	4.939927	4.280113	4.268707	4.270133	1.939707	14.250000	18.000000	99.118820	98.894958	98.857651	0	0	1	1	156	1167425
1444468533	1	2	1	1	0	0	0	0	0	0	0	0	0	0	0	4.939927	4.285816	4.270133	4.272984	1.939707	14.250000	18.000000	99.193443	98.783020	98.857651	0	0	1	1	156	1167442
1444468534	1	0	1	1	0	0	0	0	0	0	0	0	0	0	0	4.941538	4.285816	4.270133	4.270133	1.940513	14.250000	18.000000	99.194176	98.821190	98.858490	0	0	1	1	156	1167444
1444468535	1	0	3	2	0	1	0	0	0	0	0	0	0	0	0	4.941538	4.287241	4.272984	4.272984	1.939707	14.250000	18.000000	99.268776	98.895782	98.895782	0	0	1	1	156	1164689
1444468536	0	0	0	0	0	0	0	0	0	0	0	0	0	0	0	4.939927	4.281538	4.271558	4.271558	1.939707	14.250000	18.000000	99.118820	98.783020	98.857651	0	0	1	1	156	1168564
1444468538	1	0	1	1	0	0	0	0	0	0	0	0	0	0	0	4.939927	4.285816	4.271558	4.270133	1.940513	14.250000	18.000000	99.193443	98.857651	98.820328	0	0	1	1	156	1167434
1444468539	1	1	2	0	0	0	0	0	0	0	0	0	0	0	0	4.939927	4.284390	4.270133	4.270133	1.939707	14.250000	18.000000	99.193443	98.932274	98.894958	0	0	1	1	156	1164679
1444468540	1	0	1	0	0	0	0	0	0	0	0	0	0	0	0	4.941538	4.285816	4.274410	4.268707	1.941319	14.250000	18.000000	99.156868	98.858490	98.821190	0	0	1	1	156	1167416
1444468541	0	2	1	0	0	0	0	0	0	0	0	0	0	0	0	4.941538	4.285816	4.271558	4.272984	1.939707	14.250000	18.000000	99.156868	98.821190	98.783882	0	0	1	1	156	1167435
1444468542	2	0	1	1	0	0	0	0	0	0	0	0	0	0	0	4.941538	4.282964	4.271558	4.270133	1.939707	14.250000	18.000000	99.119583	98.858490	98.821190	0	0	1	1	156	1164682
1444468544	0	0	2	0	0	0	0	0	0	0	0	0	0	0	0	4.941538	4.285816	4.274410	4.271558	1.940513	14.250000	18.000000	99.156868	98.858490	98.821190	0	0	1	1	156	1167415
1444468545	1	1	0	0	0	0	0	0	0	0	0	0	0	0	0	4.941538	4.275836	4.258727	4.277261	1.939707	14.250000	18.000000	99.119583	98.783882	98.821190	0	0	1	1	156	1167435
1444468546	1	0	0	1	0	0	0	0	0	0	0	0	0	0	0	4.941538	4.282964	4.272984	4.270133	1.941319	14.250000	18.000000	99.119583	98.821190	98.783882	0	0	1	1	156	1167435
1444468547	1	1	1	4	0	0	0	0	1	0	0	0	0	0	0	4.939927	4.287241	4.274410	4.272984	1.940513	14.250000	18.000000	98.932274	99.156143	98.820328	0	0	1	1	156	1164669
1444468548	2	1	0	1	0	0	0	0	1	0	0	0	0	0	0	4.941538	4.284390	4.271558	4.271558	1.940513	14.250000	18.000000	99.082275	98.821190	98.783882	0	0	1	1	156	1168571
1444468550	2	0	0	0	0	0	0	0	0	0	0	0	0	0	0	4.939927	4.285816	4.270133	4.270133	1.940513	14.250000	18.000000	99.193443	98.820328	98.857651	0	0	1	1	156	1167445
1444468551	1	0	1	0	0	0	0	0	0	0	0	0	0	0	0	4.941538	4.284390	4.268707	4.270133	1.939707	14.250000	18.000000	99.194176	98.821190	98.858490	0	0	1	1	156	1164685
1444468552	1	0	1	0	0	0	0	0	0	0	0	0	0	0	0	4.943151	4.271558	4.268707	4.272984	1.940513	14.250000	18.000000	99.120316	98.747452	98.784737	0	0	1	1	156	1167425
1444468553	2	0	1	1	0	1	0	0	0	0	0	0	0	0	0	4.941538	4.284390	4.268707	4.271558	1.941319	14.250000	18.000000	99.194176	98.821190	98.858490	0	0	1	1	156	1167445
1444468554	0	1	1	0	0	0	0	0	0	0	0	0	0	0	0	4.943151	4.284390	4.274410	4.271558	1.941319	14.250000	18.000000	99.045746	98.822021	98.747452	0	0	1	1	156	1164760
1444468556	0	1	1	1	0	0	0	0	0	0	0	0	0	0	0	4.941538	4.281538	4.271558	4.271558	1.941319	14.250000	18.000000	99.119583	98.858490	98.858490	0	0	1	1	156	1167425
1444468557	0	0	1	1	0	0	0	0	0	0	0	0	0	0	0	4.941538	4.284390	4.272984	4.270133	1.940513	14.250000	18.000000	99.156868	98.933075	98.821190	0	0	1	1	156	1167445
1444468558	0	0	0	0	0	0	0	0	0	0	0	0	0	0	0	4.936703	4.281538	4.271558	4.272984	1.939707	14.250000	18.000000	99.266655	99.005310	98.967964	0	0	1	1	156	1164688
1444468559	0	2	0	1	0	0	0	0	0	0	0	0	0	0	0	4.938315	4.287241	4.271558	4.274410	1.939707	14.250000	18.000000	99.342010	98.968781	99.080734	0	0	1	1	156	1167421
1444468560	1	1	1	0	0	0	0	0	0	0	0	0	0	0	0	4.943151	4.281538	4.268707	4.270133	1.939707	14.000000	18.000000	99.120316	98.747452	98.784737	0	0	1	1	156	1168580
1444468562	0	1	0	0	0	0	0	0	0	0	0	0	0	0	0	4.941538	4.284390	4.272984	4.271558	1.941319	14.250000	18.000000	99.194176	98.933075	98.858490	0	0	1	1	156	1167436
1444468563	0	2	0	2	0	0	0	0	0	0	0	0	0	0	0	4.941538	4.284390	4.274410	4.272984	1.940513	14.250000	18.000000	99.231468	98.895782	98.858490	0	0	1	1	156	1164726
1444468564	2	3	2	1	0	0	0	0	0	0	0	0	0	0	0	4.941538	4.285816	4.274410	4.271558	1.941319	14.250000	18.000000	99.231468	99.007675	98.895782	0	0	1	1	156	1167416
1444468565	0	1	1	1	0	0	0	0	1	0	0	0	0	0	0	4.941538	4.282964	4.271558	4.270133	1.940513	14.250000	18.000000	99.007675	98.783882	98.783882	0	0	1	1	156	1167435
1444468566	0	0	0	1	0	0	0	0	0	0	0	0	0	0	0	4.941538	4.282964	4.270133	4.271558	1.938901	14.000000	18.000000	98.895782	98.746590	98.709282	0	0	1	1	156	1164682
1444468568	0	0	0	0	0	0	0	0	0	0	0	0	0	0	0	4.941538	4.284390	4.271558	4.271558	1.941319	14.250000	18.000000	99.156868	98.858490	98.821190	0	0	1	1	156	1167415
1444468569	0	0	4	1	0	0	0	0	0	0	0	0	0	0	0	4.938315	4.287241	4.272984	4.274410	1.939707	14.250000	18.000000	99.304680	98.931450	98.931450	0	0	1	1	156	1167439
1444468570	0	1	1	1	0	0	0	0	0	0	0	0	0	0	0	4.943151	4.284390	4.274410	4.272984	1.940513	14.250000	18.000000	99.120316	98.784737	98.784737	0	0	1	1	156	1175127
1444468571	1	0	0	0	0	0	0	0	0	0	0	0	0	0	0	4.939927	4.287241	4.275836	4.272984	1.941319	14.250000	18.000000	99.305382	99.044197	98.745705	0	0	1	1	156	1167416
1444468572	3	2	1	0	0	0	0	0	0	0	0	0	0	0	0	4.938315	4.288667	4.274410	4.272984	1.940513	14.250000	18.000000	99.304680	98.968781	98.931450	0	0	1	1	156	1168695
1444468574	1	2	0	2	0	0	0	0	0	0	0	0	0	0	0	4.941538	4.284390	4.275836	4.271558	1.941319	14.250000	18.500000	99.119583	98.895782	98.821190	0	0	1	1	156	1167445
1444468575	1	0	1	1	0	0	0	0	0	1	0	0	0	0	0	4.939927	4.284390	4.271558	4.270133	1.940513	14.250000	18.000000	99.156143	98.894958	98.857651	0	0	1	1	156	1164699
1444468576	3	1	1	3	0	0	0	0	0	0	0	0	0	0	0	4.941538	4.285816	4.271558	4.271558	1.941319	14.250000	18.000000	98.821190	98.597389	98.746590	0	0	1	1	156	1167425
1444468577	3	1	0	1	0	0	0	0	0	0	0	0	0	0	0	4.941538	4.284390	4.274410	4.271558	1.941319	14.250000	18.000000	99.044983	98.895782	98.821190	0	0	1	1	156	1167444
1444468578	0	0	1	0	0	0	0	0	0	0	0	0	0	0	0	4.943151	4.284390	4.270133	4.270133	1.941319	14.250000	18.000000	99.083031	98.710175	98.784737	0	0	1	1	156	1164673
1444468580	1	2	1	0	0	0	0	0	0	0	0	0	0	0	0	4.941538	4.282964	4.274410	4.271558	1.941319	14.250000	18.000000	99.082275	98.895782	98.821190	0	0	1	1	156	1167428
1444468581	4	0	0	0	0	0	0	0	0	0	0	0	0	0	0	4.941538	4.280113	4.272984	4.270133	1.941319	14.250000	18.000000	99.082275	98.895782	98.821190	0	0	1	1	156	1167445
1444468582	2	1	1	2	0	0	0	0	0	0	0	0	0	0	0	4.943151	4.281538	4.271558	4.270133	1.941319	14.250000	18.000000	99.120316	98.859314	98.859314	0	0	1	1	156	1164668
1444468583	0	2	1	1	0	0	0	0	0	0	0	0	0	0	0	4.939927	4.287241	4.261578	4.282964	1.939707	14.250000	18.500000	99.230751	98.969566	98.932274	0	0	1	1	156	1167418
1444468584	2	0	1	0	0	0	0	0	0	0	0	0	0	0	0	4.941538	4.285816	4.272984	4.271558	1.941319	14.250000	18.000000	99.119583	98.895782	98.821190	0	0	1	1	156	1168581
1444468586	0	1	2	0	0	0	0	0	0	0	0	0	0	0	0	4.941538	4.285816	4.271558	4.270133	1.942125	14.250000	18.500000	99.156868	98.858490	98.783882	0	0	1	1	156	1164681
1444468587	3	0	1	1	0	1	0	0	0	0	0	0	0	0	0	4.941538	4.284390	4.271558	4.271558	1.941319	14.250000	18.000000	99.156868	98.895782	98.858490	0	0	1	1	156	1167419
1444468588	1	2	0	1	0	0	0	0	0	0	0	0	0	0	0	4.939927	4.280113	4.271558	4.271558	1.941319	14.250000	18.500000	99.118820	98.894958	98.857651	0	0	1	1	156	1167435
1444468589	1	1	0	1	0	0	0	0	0	0	0	0	0	0	0	4.941538	4.282964	4.275836	4.271558	1.941319	14.250000	18.000000	99.082275	98.858490	98.783882	0	0	1	1	156	1167435
1444468590	0	1	0	2	0	0	0	0	0	0	0	0	0	0	0	4.941538	4.282964	4.274410	4.270133	1.941319	14.250000	18.500000	99.082275	98.821190	98.783882	0	0	1	1	156	1164691
1444468592	0	1	3	1	0	0	0	0	0	0	0	0	0	0	0	4.943151	4.282964	4.271558	4.271558	1.942125	14.250000	18.000000	99.045746	98.747452	98.784737	0	0	1	1	156	1167415
1444468593	0	1	2	0	0	0	0	0	0	0	0	0	0	0	0	4.941538	4.281538	4.268707	4.270133	1.941319	14.250000	18.500000	99.119583	98.783882	98.858490	0	0	1	1	156	1167435
1444468594	1	1	0	0	0	0	0	0	0	0	0	0	0	0	0	4.943151	4.282964	4.271558	4.271558	1.941319	14.250000	18.000000	99.045746	98.859314	98.822021	0	0	1	1	156	1164691
1444468595	1	3	2	0	0	1	0	1	0	0	0	0	0	0	0	4.939927	4.288667	4.275836	4.272984	1.940513	14.250000	18.500000	99.268059	98.969566	98.969566	0	0	1	1	156	1167416
1444468596	3	1	2	1	1	0	0	0	0	0	0	0	0	0	0	4.943151	4.284390	4.271558	4.268707	1.941319	14.250000	18.000000	99.120316	98.822021	98.449150	0	0	1	1	156	1168591
1444468598	3	0	3	1	0	0	0	0	0	0	0	0	0	0	0	4.941538	4.282964	4.271558	4.271558	1.941319	14.250000	18.000000	98.821190	98.858490	98.746590	0	0	1	1	156	1176751
1444468599	0	0	0	1	0	0	0	0	0	0	0	0	0	0	0	4.939927	4.282964	4.270133	4.271558	1.941319	14.250000	18.000000	99.118820	98.783020	98.820328	0	0	1	1	156	1167425
1444468600	0	0	3	2	0	0	0	0	0	0	0	0	0	0	0	4.941538	4.284390	4.271558	4.271558	1.941319	14.250000	18.500000	99.119583	98.858490	98.821190	0	0	1	1	156	1167447
1444468601	2	0	2	1	0	0	0	0	0	0	0	0	0	0	0	4.943151	4.281538	4.271558	4.271558	1.941319	14.250000	18.000000	99.045746	98.822021	98.747452	0	0	1	1	156	1167445
1444468602	1	1	0	0	0	0	0	0	0	0	0	0	0	0	0	4.941538	4.280113	4.271558	4.271558	1.941319	14.250000	18.500000	99.082275	98.821190	98.821190	0	0	1	1	156	1164677
1444468604	0	1	2	1	0	0	0	0	0	0	0	0	0	0	0	4.943151	4.282964	4.271558	4.272984	1.942125	14.250000	18.000000	99.045746	98.784737	98.822021	0	0	1	1	156	1167423
1444468605	1	2	1	0	0	0	0	0	0	0	0	0	0	0	0	4.941538	4.282964	4.271558	4.271558	1.942125	14.250000	18.500000	99.119583	98.821190	98.821190	0	0	1	1	156	1167444
1444468606	1	0	1	0	0	0	0	0	0	0	0	0	0	0	0	4.941538	4.284390	4.272984	4.271558	1.941319	14.250000	18.000000	99.119583	98.895782	98.858490	0	0	1	1	156	1164698
1444468607	1	3	2	1	0	0	0	1	0	0	0	0	0	0	0	4.941538	4.285816	4.274410	4.275836	1.940513	14.250000	18.500000	99.156868	98.933075	98.933075	0	0	1	1	156	1167421
1444468608	2	1	1	1	0	1	0	0	1	0	0	0	0	0	0	4.939927	4.281538	4.271558	4.271558	1.941319	14.250000	18.500000	99.118820	98.894958	98.857651	0	0	1	1	156	1168581
1444468610	1	1	0	2	0	0	0	0	0	0	0	0	0	0	0	4.939927	4.282964	4.272984	4.272984	1.942125	14.250000	18.000000	99.156143	98.894958	98.857651	0	0	1	1	156	1164681
1444468611	2	1	1	0	0	0	0	0	0	0	0	0	0	0	0	4.943151	4.284390	4.272984	4.271558	1.942125	14.250000	18.000000	99.083031	98.822021	98.822021	0	0	1	1	156	1167416
1444468612	1	0	1	0	0	0	0	0	0	0	0	0	0	0	0	4.941538	4.284390	4.271558	4.271558	1.941319	14.250000	18.000000	99.082275	98.858490	98.821190	0	0	1	1	156	1167435
1444468613	1	1	1	0	0	0	0	0	0	0	0	0	0	0	0	4.941538	4.282964	4.271558	4.270133	1.942125	14.250000	18.000000	99.082275	98.821190	98.821190	0	0	1	1	156	1164685
1444468614	2	1	3	0	0	0	0	0	0	0	0	0	0	0	0	4.936703	4.285816	4.272984	4.272984	1.939707	14.250000	18.500000	99.229324	99.005310	98.967964	0	0	1	1	156	1167416
1444468616	0	0	0	3	0	0	0	0	0	0	0	0	0	0	0	4.943151	4.275836	4.261578	4.274410	1.942125	14.250000	18.000000	99.083031	98.859314	98.747452	0	0	1	1	156	1167436
1444468617	0	0	0	1	0	0	0	0	0	0	0	0	0	0	0	4.941538	4.280113	4.270133	4.271558	1.942125	14.250000	18.500000	99.044983	98.783882	98.783882	0	0	1	1	156	1167435
1444468618	0	0	1	1	0	0	0	0	0	0	0	0	0	0	0	4.941538	4.278687	4.268707	4.267281	1.942125	14.250000	18.500000	99.082275	98.821190	98.709282	0	0	1	1	156	1164701
1444468619	1	0	0	0	0	0	0	0	0	0	0	0	0	0	0	4.936703	4.284390	4.272984	4.268707	1.940513	14.250000	18.500000	99.229324	98.930634	98.818626	0	0	1	1	156	1167416
1444468620	2	1	1	1	0	0	0	0	1	0	0	0	0	0	0	4.939927	4.275836	4.265855	4.265855	1.941319	14.250000	18.500000	98.969566	98.745705	98.596466	0	0	1	1	156	1168591
1444468622	0	2	0	0	0	0	0	0	0	0	0	0	0	0	0	4.939927	4.272984	4.260152	4.258727	1.942125	14.250000	18.500000	98.857651	98.633781	98.559158	0	0	1	1	156	1164690
1444468623	1	2	0	0	0	0	0	0	0	0	0	0	0	0	0	4.941538	4.258727	4.260152	4.260152	1.942125	14.250000	18.500000	98.746590	98.485497	98.485497	0	0	1	1	156	1167425
1444468624	2	0	3	1	0	0	1	0	0	0	0	0	0	0	0	4.941538	4.267281	4.257301	4.258727	1.942930	14.250000	18.500000	98.709282	98.224411	98.261703	0	0	1	1	156	1167445
1444468625	0	1	2	0	0	0	0	0	0	0	0	0	0	0	0	4.939927	4.265855	4.254449	4.254449	1.942930	14.250000	18.000000	98.671089	98.447212	98.409904	0	0	1	1	156	1164693
1444468626	1	2	1	1	0	0	0	1	0	0	0	0	0	0	0	4.941538	4.264430	4.251598	4.251598	1.942930	14.250000	18.500000	98.597389	98.410889	98.373596	0	0	1	1	156	1167425
1444468628	0	0	1	2	0	0	0	0	0	1	0	0	0	0	0	4.941538	4.260152	4.248746	4.248746	1.942125	14.250000	18.500000	98.560097	98.373596	98.298996	0	0	1	1	156	1167445
1444468629	1	2	1	0	0	0	0	0	0	0	0	0	0	0	0	4.941538	4.258727	4.245895	4.245895	1.942930	14.250000	18.500000	98.187103	97.963295	98.149803	0	0	1	1	156	1167444
1444468630	1	1	0	1	0	0	0	0	1	0	0	0	0	0	0	4.941538	4.253024	4.241618	4.241618	1.942125	14.250000	18.000000	98.000603	98.149803	98.000603	0	0	1	1	156	1164695
1444468631	2	2	0	2	0	0	0	0	1	0	0	0	0	0	0	4.938315	4.254449	4.245895	4.241618	1.942125	14.250000	18.500000	98.446251	98.184982	98.147659	0	0	1	1	156	1167421
1444468632	0	1	0	0	0	0	0	0	0	0	0	0	0	0	0	4.941538	4.248746	4.240192	4.237340	1.943736	14.250000	18.500000	98.224411	97.963295	97.888695	0	0	1	1	156	1168581
1444468634	0	2	0	1	0	0	0	0	0	0	0	0	0	0	0	4.939927	4.245895	4.234488	4.233063	1.942930	14.250000	18.500000	98.148735	97.924858	97.887550	0	0	1	1	156	1164680
1444468635	1	1	2	0	0	0	0	0	0	0	0	0	0	0	0	4.939927	4.244469	4.233063	4.231637	1.942930	14.250000	18.500000	98.111427	97.812912	97.850227	0	0	1	1	156	1167416
1444468636	0	1	0	1	0	0	0	0	0	0	0	0	0	0	0	4.939927	4.241618	4.228786	4.228786	1.941319	14.250000	18.500000	97.999466	97.700981	97.775604	0	0	1	1	156	1167435
1444468637	0	0	0	0	0	0	0	0	0	0	0	0	0	0	0	4.941538	4.238766	4.227360	4.228786	1.941319	14.250000	18.000000	97.851402	97.627594	97.627594	0	0	1	1	156	1164743
1444468638	2	0	2	1	0	0	1	0	0	0	0	0	0	0	0	4.941538	4.235914	4.224508	4.224508	1.942930	14.250000	18.500000	97.925987	97.664902	97.664902	0	0	1	1	156	1167415
1444468640	0	1	0	0	0	0	0	0	0	0	0	0	0	0	0	4.941538	4.233063	4.223083	4.224508	1.942125	14.250000	18.000000	97.814095	97.553009	97.553009	0	0	1	1	156	1167439
1444468641	1	1	0	1	0	0	0	0	0	0	0	0	0	0	0	4.943151	4.233063	4.218805	4.220231	1.942930	14.250000	18.500000	97.740692	97.405113	97.479691	0	0	1	1	156	1164599
1444468642	1	2	0	2	0	0	0	0	1	0	0	0	0	0	0	4.939927	4.228786	4.208825	4.205974	1.941319	14.250000	18.500000	97.626366	97.402496	97.439804	0	0	1	1	156	1167416
1444468643	1	0	0	0	0	0	0	0	0	0	0	0	0	0	0	4.939927	4.228786	4.215954	4.215954	1.942125	14.250000	18.500000	97.589058	97.141312	97.439804	0	0	1	1	156	1167435
1444468644	1	1	1	0	0	0	0	0	0	0	0	0	0	0	0	4.943151	4.223083	4.210251	4.210251	1.942930	14.250000	18.000000	97.554253	97.218681	97.218681	0	0	1	1	156	1168591
1444468646	0	0	2	1	0	0	0	0	0	0	0	0	0	0	0	4.941538	4.221657	4.207399	4.210251	1.942930	14.250000	18.500000	97.515701	97.254616	97.254616	0	0	1	1	156	1164811
1444468647	0	0	0	0	0	0	0	0	0	0	0	0	0	0	0	4.941538	4.218805	4.207399	4.207399	1.942930	14.250000	18.500000	97.441101	97.142723	97.142723	0	0	1	1	156	1167428
1444468648	1	2	0	2	0	0	1	0	0	0	0	0	0	0	0	4.939927	4.217380	4.205974	4.203122	1.942930	14.250000	18.500000	97.402496	97.178619	97.178619	0	0	1	1	156	1167445
1444468649	1	0	1	0	0	0	0	0	0	0	0	0	0	0	0	4.939927	4.214528	4.203122	4.205974	1.942930	14.250000	18.000000	97.365181	97.104012	97.066689	0	0	1	1	156	1164698
1444468650	0	0	0	1	0	0	0	0	0	0	0	0	0	0	0	4.941538	4.213102	4.200271	4.200271	1.943736	14.250000	18.500000	97.217308	96.956223	96.956223	0	0	1	1	156	1150942
1444468652	1	0	1	0	0	1	0	0	0	0	0	0	0	0	0	4.941538	4.210251	4.197419	4.197419	1.942125	14.250000	18.000000	97.217308	96.881607	96.956223	0	0	1	1	156	1167383
1444468653	1	0	1	1	0	0	0	0	0	0	0	0	0	0	0	4.941538	4.207399	4.193142	4.194568	1.943736	14.250000	18.500000	97.142723	96.844330	96.844330	0	0	1	1	156	1164692
1444468654	0	0	0	0	0	0	0	0	0	0	0	0	0	0	0	4.941538	4.203122	4.188865	4.193142	1.942125	14.250000	18.500000	97.142723	96.844330	96.844330	0	0	1	1	156	1167425
1444468655	0	0	1	0	0	0	0	0	0	0	0	0	0	0	0	4.941538	4.201696	4.193142	4.194568	1.942930	14.250000	18.500000	97.105423	96.807030	96.807030	0	0	1	1	156	1167444
1444468656	0	0	0	0	0	0	0	0	0	0	0	0	0	0	0	4.944762	4.207399	4.183162	4.183162	1.942930	14.250000	18.500000	96.884583	96.660927	96.549103	0	0	1	1	156	1165826
1444468658	0	0	0	1	0	0	0	0	0	0	0	0	0	0	0	4.941538	4.197419	4.184587	4.186013	1.943736	14.250000	18.500000	96.695122	96.322128	96.284828	0	0	1	1	156	1167414
1444468659	0	0	1	0	0	0	0	0	0	0	0	0	0	0	0	4.939927	4.197419	4.184587	4.181736	1.943736	14.250000	18.500000	96.805519	96.581650	96.507027	0	0	1	1	156	1167435
1444468660	2	0	0	1	0	0	0	0	0	0	0	0	0	0	0	4.939927	4.191716	4.178885	4.180310	1.943736	14.250000	18.500000	96.768196	96.469704	96.469704	0	0	1	1	156	1167435
1444468661	2	0	0	0	0	0	0	0	0	0	0	0	0	0	0	4.939927	4.188865	4.176033	4.176033	1.942930	14.250000	18.000000	96.656265	96.395096	96.432404	0	0	1	1	156	1164679
1444468662	0	2	0	0	0	0	0	0	0	0	0	0	0	0	0	4.943151	4.184587	4.173181	4.168904	1.943736	14.250000	18.500000	96.211922	96.435654	96.062775	0	0	1	1	156	1167415
1444468664	0	0	0	0	0	0	0	0	0	0	0	0	0	0	0	4.943151	4.183162	4.170330	4.167478	1.943736	14.250000	18.500000	96.510231	96.174629	96.174629	0	0	1	1	156	1167435
1444468665	0	2	1	1	0	0	0	0	0	0	0	0	0	0	0	4.941538	4.181736	4.167478	4.166052	1.943736	14.250000	18.000000	96.508644	96.172928	96.135620	0	0	1	1	156	1164774
1444468666	0	0	0	1	0	0	0	0	0	0	0	0	0	0	0	4.939927	4.180310	4.166052	4.164627	1.943736	14.250000	18.000000	96.395096	96.096588	96.096588	0	0	1	1	156	1167416
1444468667	0	0	0	0	0	0	0	0	0	0	0	0	0	0	0	4.939927	4.176033	4.167478	4.164627	1.942125	14.250000	18.500000	96.357773	96.133896	96.059280	0	0	1	1	156	1167435
1444468668	0	0	0	1	0	0	0	0	0	0	0	0	0	0	0	4.941538	4.171755	4.161775	4.158924	1.944542	14.250000	18.500000	96.172928	95.949135	95.874535	0	0	1	1	156	1165952
1444468670	0	1	1	1	0	0	0	0	0	0	0	0	0	0	0	4.939927	4.168904	4.157498	4.157498	1.943736	14.250000	18.500000	96.133896	95.872726	95.872726	0	0	1	1	156	1167425
1444468671	2	2	0	0	1	0	0	0	0	0	0	0	0	0	0	4.941538	4.170330	4.157498	4.154646	1.943736	14.250000	18.500000	96.098328	95.688042	95.501541	0	0	1	1	156	1167445
1444468672	2	2	0	1	1	0	1	0	0	0	0	0	0	0	0	4.939927	4.164627	4.153221	4.151795	1.943736	14.250000	18.000000	96.059280	95.798096	95.798096	0	0	1	1	156	1167445
1444468673	1	0	0	1	0	0	0	0	0	0	0	0	0	0	0	4.941538	4.161775	4.151795	4.151795	1.943736	14.250000	18.500000	95.949135	95.688042	95.688042	0	0	1	1	156	1164688
1444468674	0	0	0	1	0	0	0	0	0	0	0	0	0	0	0	4.939927	4.160349	4.147518	4.148943	1.944542	14.250000	18.500000	95.947334	95.686165	95.648849	0	0	1	1	156	1167425
1444468676	0	0	0	1	0	0	0	0	0	0	0	0	0	0	0	4.943151	4.153221	4.144666	4.141815	1.943736	14.250000	18.500000	95.876335	95.503464	95.540764	0	0	1	1	156	1167445
1444468677	1	0	1	0	0	0	0	0	0	0	0	0	0	0	0	4.941538	4.146092	4.141815	4.141815	1.944542	14.250000	18.000000	95.725334	95.464233	95.464233	0	0	1	1	156	1164687
1444468678	0	0	0	0	0	0	0	0	0	0	0	0	0	0	0	4.939927	4.151795	4.138963	4.140389	1.943736	14.250000	18.500000	95.798096	95.424980	95.424980	0	0	1	1	156	1167426
1444468679	0	0	0	1	0	0	0	0	0	0	0	0	0	0	0	4.939927	4.153221	4.143240	4.141815	1.942930	14.250000	18.500000	95.760788	95.536926	95.462303	0	0	1	1	156	1167440
1444468680	0	0	1	0	0	0	0	0	0	0	0	0	0	0	0	4.941538	4.148943	4.136112	4.137537	1.944542	14.250000	18.500000	95.576141	95.277748	95.315048	0	0	1	1	156	1165836
1444468682	0	0	1	1	0	0	0	0	0	0	0	0	0	0	0	4.941538	4.144666	4.133260	4.137537	1.943736	14.250000	18.500000	95.538834	95.277748	95.315048	0	0	1	1	156	1167418
1444468683	1	0	0	0	0	0	0	0	0	0	0	0	0	0	0	4.941538	4.141815	4.128983	4.130409	1.944542	14.250000	18.500000	95.464233	95.240448	95.203148	0	0	1	1	156	1167435
1444468684	0	0	0	0	0	0	0	0	0	0	0	0	0	0	0	4.944762	4.141815	4.128983	4.131835	1.944542	14.250000	18.500000	95.281761	95.058105	95.095375	0	0	1	1	156	1164675
1444468685	0	1	0	1	0	0	0	0	0	0	0	0	0	0	0	4.941538	4.138963	4.128983	4.127557	1.944542	14.250000	18.000000	95.352356	95.091255	95.053963	0	0	1	1	156	1167413
1444468686	0	1	1	2	0	0	0	0	1	0	0	0	0	0	0	4.941538	4.136112	4.124706	4.126132	1.945348	14.250000	18.500000	95.277748	95.053963	94.979362	0	0	1	1	156	1167436
1444468688	2	0	1	0	0	0	0	0	0	0	0	0	0	0	0	4.941538	4.134686	4.123280	4.123280	1.944542	14.250000	18.500000	95.165840	94.942055	94.942055	0	0	1	1	156	1167435
1444468689	1	0	0	0	0	0	0	0	0	0	0	0	0	0	0	4.941538	4.133260	4.121854	4.123280	1.944542	14.250000	18.500000	95.165840	94.904755	94.942055	0	0	1	1	156	1164678
1444468690	0	0	0	0	0	0	0	0	0	0	0	0	0	0	0	4.943151	4.130409	4.119003	4.120429	1.943736	14.250000	18.500000	95.018738	94.720444	94.757729	0	0	1	1	156	1167416
1444468691	1	1	0	1	1	0	0	0	0	0	0	0	0	0	0	4.939927	4.130409	4.120429	4.119003	1.944542	14.250000	18.500000	95.126488	94.865318	94.566818	0	0	1	1	156	1167435
1444468692	0	1	1	0	0	0	0	0	0	0	0	0	0	0	0	4.943151	4.126132	4.114726	4.119003	1.945348	14.250000	18.500000	94.981445	94.683151	94.720444	0	0	1	1	156	1165842
1444468694	0	0	0	0	0	0	0	0	0	0	0	0	0	0	0	4.943151	4.121854	4.111874	4.114726	1.945348	14.250000	18.500000	94.869598	94.645866	94.645866	0	0	1	1	156	1167425
1444468695	1	1	0	0	1	0	0	0	0	0	0	0	0	0	0	4.943151	4.120429	4.109022	4.110448	1.945348	14.250000	18.000000	94.795021	94.496712	94.533997	0	0	1	1	156	1167445
1444468696	0	0	1	0	0	0	0	0	0	0	0	0	0	0	0	4.941538	4.117577	4.104745	4.107596	1.944542	14.250000	18.500000	94.755569	94.531761	94.569061	0	0	1	1	156	1164695
1444468697	1	0	0	0	0	0	0	0	0	0	0	0	0	0	0	4.939927	4.130409	4.104745	4.089062	1.944542	14.250000	18.500000	94.604118	94.119087	94.231018	0	0	1	1	156	1167426
1444468698	0	0	0	0	0	0	0	0	0	0	0	0	0	0	0	4.941538	4.114726	4.101893	4.101893	1.945348	14.250000	18.500000	94.718262	94.457153	94.457153	0	0	1	1	156	1167445
1444468700	0	0	0	0	0	0	0	0	0	0	0	0	0	0	0	4.941538	4.109022	4.100468	4.097616	1.945348	14.250000	18.500000	94.606354	94.345253	94.307961	0	0	1	1	156	1167447
1444468701	1	0	1	2	0	0	0	0	0	0	0	0	0	0	0	4.941538	4.107596	4.096190	4.094765	1.945348	14.250000	18.500000	94.531761	94.233368	94.196068	0	0	1	1	156	1164698
1444468702	0	0	1	0	0	0	0	0	0	0	0	0	0	0	0	4.939927	4.104745	4.091913	4.091913	1.945348	14.250000	18.500000	94.492188	94.156387	94.193695	0	0	1	1	156	1167426
1444468703	0	0	0	0	0	0	0	0	0	0	0	0	0	0	0	4.941538	4.106171	4.090487	4.093339	1.944542	14.250000	18.500000	94.531761	94.196068	94.233368	0	0	1	1	156	1167440
1444468704	1	0	1	2	0	0	0	0	0	0	0	0	0	0	0	4.941538	4.090487	4.074804	4.096190	1.944542	14.250000	18.500000	94.270668	93.972275	94.009567	0	0	1	1	156	1165810
1444468706	0	0	0	0	0	0	0	0	0	0	0	0	0	0	0	4.941538	4.099042	4.084785	4.086210	1.945348	14.250000	18.500000	94.233368	93.934982	94.009567	0	0	1	1	156	1167416
1444468707	0	1	0	0	0	0	0	0	0	0	0	0	0	0	0	4.941538	4.096190	4.080507	4.083359	1.945348	14.250000	18.500000	94.196068	93.860367	93.934982	0	0	1	1	156	1167435
1444468708	1	2	0	1	0	0	0	0	1	0	0	0	0	0	0	4.939927	4.091913	4.079082	4.080507	1.945348	14.250000	18.500000	94.231018	93.895203	93.969841	0	0	1	1	156	1164672
1444468709	0	0	0	0	0	0	0	0	0	0	0	0	0	0	0	4.939927	4.090487	4.077656	4.079082	1.945348	14.250000	18.500000	94.119087	93.820595	93.820595	0	0	1	1	156	1167415
1444468710	2	0	0	1	0	0	0	0	0	0	0	0	0	0	0	4.943151	4.090487	4.073379	4.076230	1.946154	14.250000	18.500000	93.974693	93.452675	93.415382	0	0	1	1	156	1167435
1444468712	0	0	0	0	0	0	0	0	0	0	0	0	0	0	0	4.944762	4.084785	4.070527	4.073379	1.945348	14.250000	18.500000	93.902580	93.343445	93.380730	0	0	1	1	156	1164674
1444468713	0	0	0	0	0	0	0	0	0	0	0	0	0	0	0	4.941538	4.083359	4.069101	4.073379	1.945348	14.250000	18.500000	93.897675	93.561974	93.636589	0	0	1	1	156	1167416
1444468714	0	0	0	0	0	0	0	0	0	0	0	0	0	0	0	4.941538	4.080507	4.066250	4.069101	1.945348	14.250000	18.500000	93.823074	93.561974	93.561974	0	0	1	1	156	1167435
1444468715	0	0	0	0	0	0	0	0	0	0	0	0	0	0	0	4.939927	4.079082	4.067676	4.069101	1.944542	14.250000	18.500000	93.895203	93.596718	93.596718	0	0	1	1	156	1167435
1444468716	0	0	0	0	0	0	0	0	0	0	0	0	0	0	0	4.941538	4.077656	4.061973	4.066250	1.946154	14.250000	18.500000	93.636589	93.375488	93.338196	0	0	1	1	156	1165836
1444468718	0	0	0	2	0	0	0	0	0	0	0	0	0	0	0	4.941538	4.070527	4.059121	4.059121	1.946154	14.250000	18.500000	93.599281	93.039803	93.487381	0	0	1	1	156	1167425
1444468719	0	0	0	0	0	0	0	0	0	0	0	0	0	0	0	4.941538	4.067676	4.056270	4.059121	1.946154	14.250000	18.500000	93.487381	93.300888	93.263580	0	0	1	1	156	1167445
1444468720	2	0	1	0	0	0	0	0	0	0	0	0	0	0	0	4.941538	4.069101	4.056270	4.054844	1.945348	14.250000	18.500000	93.487381	93.188988	93.188988	0	0	1	1	156	1164692
1444468721	1	0	0	1	0	0	0	0	0	0	0	0	0	0	0	4.941538	4.064824	4.053418	4.053418	1.945348	14.250000	18.500000	93.375488	93.151688	93.114388	0	0	1	1	156	1167427
1444468722	0	0	0	1	0	0	0	0	0	0	0	0	0	0	0	4.939927	4.063398	4.047715	4.047715	1.945348	14.250000	18.500000	93.335541	93.111679	93.074371	0	0	1	1	156	1167445
1444468724	1	1	0	1	0	0	0	0	1	0	0	0	0	0	0	4.938315	4.061973	4.043437	4.046289	1.945348	14.250000	18.500000	93.332893	92.996986	93.108963	0	0	1	1	156	1164689
1444468725	0	0	0	0	0	0	0	0	0	0	0	0	0	0	0	4.941538	4.057695	4.044863	4.046289	1.946154	14.250000	18.500000	93.188988	92.853294	92.927879	0	0	1	1	156	1167422
1444468726	0	0	0	0	0	0	0	0	0	0	0	0	0	0	0	4.941538	4.053418	4.040586	4.043437	1.946154	14.250000	18.500000	93.188988	92.815987	92.890587	0	0	1	1	156	1167445
1444468727	0	0	3	1	0	0	0	0	0	0	0	0	0	0	0	4.938315	4.053418	4.039160	4.043437	1.944542	14.250000	18.500000	93.258263	92.959648	92.959648	0	0	1	1	156	1167440
1444468728	1	3	2	0	0	0	0	0	0	0	0	0	0	0	0	4.939927	4.051992	4.036309	4.039160	1.945348	14.250000	18.500000	93.037048	92.701241	92.775864	0	0	1	1	156	1165828
1444468730	2	0	0	1	0	0	1	0	0	0	0	0	0	0	0	4.941538	4.044863	4.032032	4.034883	1.945348	14.250000	18.500000	92.927879	92.629486	92.741386	0	0	1	1	156	1167416
1444468731	1	0	1	1	0	0	0	0	0	0	0	0	0	0	0	4.941538	4.044863	4.030606	4.030606	1.946960	14.250000	18.500000	92.890587	92.554901	92.554901	0	0	1	1	156	1167433
1444468732	1	1	1	1	0	0	0	0	0	0	0	0	0	0	0	4.941538	4.039160	4.027754	4.030606	1.946154	14.250000	18.500000	92.704086	92.517593	92.592194	0	0	1	1	156	1181253
1444468733	0	0	0	0	0	0	0	0	0	0	0	0	0	0	0	4.941538	4.033457	4.027754	4.024903	1.946154	14.250000	18.500000	92.704086	92.405693	92.368393	0	0	1	1	156	1167416
1444468734	0	0	0	1	0	0	0	0	0	0	0	0	0	0	0	4.941538	4.034883	4.024903	4.024903	1.945348	14.250000	18.500000	92.629486	92.368393	92.405693	0	0	1	1	156	1167432
1444468736	0	1	0	0	0	0	0	0	0	0	0	0	0	0	0	4.941538	4.032032	4.019200	4.020626	1.946960	14.250000	18.500000	92.592194	92.256508	92.256508	0	0	1	1	156	1164672
1444468737	1	0	0	0	0	0	0	0	0	0	0	0	0	0	0	4.941538	4.030606	4.016348	4.017774	1.946154	14.250000	18.500000	92.517593	92.219200	92.293800	0	0	1	1	156	1167415
1444468738	1	0	1	0	0	0	0	0	0	0	0	0	0	0	0	4.939927	4.030606	4.014923	4.017774	1.946154	14.250000	18.500000	92.477379	92.178886	92.216202	0	0	1	1	156	1167435
1444468739	0	1	0	1	0	0	0	0	0	0	0	0	0	0	0	4.938315	4.029180	4.016348	4.017774	1.945348	14.250000	18.500000	92.511772	92.213181	92.287834	0	0	1	1	156	1164679
1444468740	0	0	0	1	0	0	0	0	0	0	0	0	0	0	0	4.941538	4.022051	4.010645	4.012071	1.946154	14.250000	18.500000	92.405693	92.032700	92.070000	0	0	1	1	156	1168571
1444468742	0	1	0	0	0	0	0	0	0	0	0	0	0	0	0	4.941538	4.022051	4.009220	4.010645	1.946960	14.250000	18.500000	92.256508	91.958115	91.995407	0	0	1	1	156	1167445
1444468743	0	0	2	0	0	0	0	0	0	0	0	0	0	0	0	4.939927	4.017774	4.007794	4.006368	1.946154	14.250000	18.500000	92.216202	91.992325	91.992325	0	0	1	1	156	1167445
1444468744	0	0	2	0	0	0	0	0	0	0	0	0	0	0	0	4.941538	4.019200	4.004942	4.004942	1.946960	14.250000	18.500000	92.219200	91.958115	91.920807	0	0	1	1	156	1164688
1444468745	0	0	0	0	0	0	0	0	0	0	0	0	0	0	0	4.939927	4.014923	4.003517	4.003517	1.946960	14.250000	18.500000	92.141579	91.843086	91.843086	0	0	1	1	156	1167425
1444468746	1	1	0	0	0	0	0	0	0	0	0	0	0	0	0	4.939927	4.013497	3.987833	4.010645	1.946154	14.250000	18.500000	92.029633	91.768463	91.731140	0	0	1	1	156	1167445
1444468748	2	1	0	0	1	0	0	0	0	0	0	0	0	0	0	4.943151	4.014923	3.986408	4.006368	1.946960	14.250000	18.500000	91.886604	91.625595	91.588310	0	0	1	1	156	1164682
1444468749	0	0	1	0	0	0	0	0	0	0	0	0	0	0	0	4.939927	4.007794	3.994962	3.994962	1.946960	14.250000	18.500000	92.029633	91.693832	91.693832	0	0	1	1	156	1167425
1444468750	0	1	0	0	0	0	0	0	0	0	0	0	0	0	0	4.941538	4.007794	3.993536	3.993536	1.946960	14.250000	18.500000	91.883514	91.585106	91.547813	0	0	1	1	156	1167445
1444468751	0	0	0	1	0	0	0	0	0	0	0	0	0	0	0	4.939927	4.007794	3.993536	3.992110	1.946960	14.250000	18.500000	91.992325	91.619209	91.581902	0	0	1	1	156	1164723
1444468752	1	0	0	1	0	0	0	0	0	0	0	0	0	0	0	4.943151	4.003517	3.989259	3.987833	1.946960	14.250000	18.500000	91.700188	91.401878	91.364594	0	0	1	1	156	1168668
1444468754	0	1	0	0	0	0	0	0	0	0	0	0	0	0	0	4.939927	3.999239	3.983556	3.984982	1.946960	14.250000	18.500000	91.731140	91.395348	91.395348	0	0	1	1	156	1167436
1444468755	0	0	1	0	0	0	0	0	0	0	0	0	0	0	0	4.943151	4.000665	3.984982	3.984982	1.946960	14.250000	18.500000	91.588310	91.252724	90.954430	0	0	1	1	156	1167435
1444468756	0	0	0	0	0	0	0	0	0	0	0	0	0	0	0	4.941538	3.993536	3.982130	3.983556	1.946960	14.250000	18.500000	91.547813	91.286713	90.951027	0	0	1	1	156	1164675
1444468757	0	1	0	1	0	0	0	0	0	0	0	0	0	0	0	4.943151	3.989259	3.979279	3.980705	1.946960	14.250000	18.500000	91.439171	91.140877	91.178162	0	0	1	1	156	1167416
1444468758	0	0	1	0	0	0	0	0	0	0	0	0	0	0	0	4.941538	3.990685	3.979279	3.977853	1.946960	14.250000	18.500000	91.547813	91.212112	91.174820	0	0	1	1	156	1167435
1444468760	0	0	0	0	0	0	0	0	0	0	0	0	0	0	0	4.936703	3.989259	3.976427	3.977853	1.945348	14.250000	18.500000	91.538132	91.314125	91.239449	0	0	1	1	156	1164673
1444468761	1	0	0	0	0	0	0	0	0	0	0	0	0	0	0	4.941538	3.982130	3.963595	3.976427	1.947766	14.250000	18.500000	91.361313	91.100227	91.100227	0	0	1	1	156	1167416
1444468762	0	0	0	0	0	0	0	0	0	0	0	0	0	0	0	4.943151	3.987833	3.973576	3.970724	1.947766	14.250000	18.500000	91.290016	90.917152	90.917152	0	0	1	1	156	1167435
1444468763	0	1	0	0	0	0	0	0	0	0	0	0	0	0	0	4.939927	3.970724	3.957892	3.957892	1.945348	14.250000	18.500000	90.947601	90.798363	90.910309	0	0	1	1	156	1164690
1444468764	0	1	0	1	0	0	0	0	0	0	0	0	0	0	0	4.939927	3.979279	3.969299	3.970724	1.946960	14.250000	18.500000	91.208786	90.984917	90.947601	0	0	1	1	156	1168571
1444468766	1	0	0	0	0	0	0	0	0	0	0	0	0	0	0	4.941538	3.977853	3.965021	3.965021	1.946960	14.250000	18.500000	91.062927	90.839134	90.801826	0	0	1	1	156	1167445
1444468767	0	1	0	0	0	0	0	0	0	0	0	0	0	0	0	4.939927	3.973576	3.962170	3.962170	1.946960	14.250000	18.500000	91.022224	90.761040	90.761040	0	0	1	1	156	1164638
1444468768	0	1	2	0	0	0	0	0	0	0	0	0	0	0	0	4.939927	3.972150	3.960744	3.957892	1.947766	14.250000	18.500000	90.649124	90.537178	90.611801	0	0	1	1	156	1167425
1444468769	1	0	0	2	0	0	0	0	0	0	0	0	0	0	0	4.941538	3.970724	3.956467	3.956467	1.946960	14.250000	18.500000	90.951027	90.652626	90.615326	0	0	1	1	156	1167444
1444468770	0	0	0	1	0	0	0	0	0	0	0	0	0	0	0	4.938315	3.969299	3.957892	3.956467	1.946154	14.250000	18.500000	90.906868	90.645599	90.645599	0	0	1	1	156	1167448
1444468772	0	0	0	0	0	0	0	0	0	0	0	0	0	0	0	4.941538	3.966447	3.952189	3.952189	1.946960	14.250000	18.500000	90.801826	90.503433	90.466141	0	0	1	1	156	1194609
1444468773	0	0	0	0	0	0	0	0	0	0	0	0	0	0	0	4.939927	3.962170	3.946486	3.936506	1.947766	14.250000	18.500000	90.686432	90.462555	90.462555	0	0	1	1	156	1167426
1444468774	1	0	0	0	0	0	0	0	0	0	0	0	0	0	0	4.941538	3.960744	3.947912	3.946486	1.946960	14.250000	18.500000	90.689919	90.391533	90.316940	0	0	1	1	156	1167445
1444468775	1	0	1	1	0	0	0	0	0	1	0	0	0	0	0	4.941538	3.959318	3.945061	3.947912	1.947766	14.250000	18.500000	90.652626	90.428833	90.354240	0	0	1	1	156	1170251
1444468776	0	0	0	1	0	0	0	0	0	0	0	0	0	0	0	4.939927	3.956467	3.940784	3.942209	1.947766	14.250000	18.500000	90.574486	90.201378	90.201378	0	0	1	1	156	1168666
1444468778	0	0	0	2	0	0	0	0	0	0	0	0	0	0	0	4.941538	3.956467	3.937932	3.940784	1.947766	14.250000	18.500000	90.205040	90.316940	90.093140	0	0	1	1	156	1167435
1444468779	0	0	1	1	0	0	0	0	0	0	0	0	0	0	0	4.941538	3.952189	3.937932	3.936506	1.946960	14.250000	18.500000	90.167747	90.316940	89.981239	0	0	1	1	156	1164679
1444468780	1	1	0	0	0	0	0	0	0	0	0	0	0	0	0	4.943151	3.949338	3.935081	3.933655	1.948572	14.250000	18.500000	90.357834	89.947670	89.947670	0	0	1	1	156	1167416
1444468781	0	0	2	1	0	0	0	0	0	0	0	0	0	0	0	4.941538	3.949338	3.932229	3.932229	1.948572	14.250000	18.500000	90.316940	89.906639	89.981239	0	0	1	1	156	1167437
1444468782	2	0	0	1	0	0	0	0	0	0	0	0	0	0	0	4.941538	3.939358	3.927952	3.926526	1.948572	14.250000	18.500000	90.242332	89.869339	89.869339	0	0	1	1	156	1167435
1444468784	0	0	2	1	0	0	0	0	0	0	0	0	0	0	0	4.936703	3.927952	3.913694	3.932229	1.946960	14.250000	18.500000	90.268715	89.970024	89.895355	0	0	1	1	156	1164678
1444468785	0	1	1	1	0	0	0	0	0	0	0	0	0	0	0	4.941538	3.937932	3.923674	3.923674	1.948572	14.250000	18.500000	90.130440	89.794746	89.757439	0	0	1	1	156	1167413
1444468786	0	2	0	1	0	0	0	0	0	0	0	0	0	0	0	4.943151	3.935081	3.922249	3.922249	1.948572	14.250000	18.500000	89.984970	89.649376	89.649376	0	0	1	1	156	1167435
1444468787	1	0	0	0	0	0	0	0	0	0	0	0	0	0	0	4.939927	3.935081	3.920823	3.920823	1.947766	14.250000	18.500000	90.014809	89.790939	89.492455	0	0	1	1	156	1164683
1444468788	1	1	0	0	0	0	0	0	0	0	0	0	0	0	0	4.939927	3.932229	3.920823	3.919397	1.946960	14.250000	18.500000	89.940186	89.641701	89.567078	0	0	1	1	156	1168574
1444468790	1	1	1	1	0	0	0	0	0	0	0	0	0	0	0	4.941538	3.926526	3.915120	3.913694	1.948572	14.250000	18.500000	89.832039	89.496353	89.459045	0	0	1	1	156	1167445
1444468791	1	1	0	0	0	0	0	0	0	0	0	0	0	0	0	4.941538	3.923674	3.909417	3.910843	1.948572	14.250000	18.500000	89.757439	89.347160	89.384453	0	0	1	1	156	1164702
1444468792	0	0	1	0	0	0	0	0	0	0	0	0	0	0	0	4.941538	3.923674	3.909417	3.910843	1.948572	14.250000	18.500000	89.645554	89.272552	89.272552	0	0	1	1	156	1167422
1444468793	1	1	1	1	0	0	0	0	0	0	0	0	0	0	0	4.941538	3.917971	3.903714	3.905140	1.947766	14.250000	18.500000	89.533646	89.235252	89.160652	0	0	1	1	156	1167444
1444468794	0	1	1	0	0	0	0	0	0	0	0	0	0	0	0	4.941538	3.916546	3.902288	3.900862	1.949377	14.250000	18.500000	89.496353	89.160652	89.160652	0	0	1	1	156	1164696
1444468796	1	0	0	0	0	0	0	0	0	0	0	0	0	0	0	4.943151	3.913694	3.900862	3.899436	1.948572	14.250000	18.500000	89.388374	89.090065	89.052788	0	0	1	1	156	1167426
1444468797	0	1	0	1	0	0	0	0	0	0	0	0	0	0	0	4.939927	3.910843	3.883753	3.906565	1.949377	14.250000	18.500000	89.343208	89.082031	89.007401	0	0	1	1	156	1167445
1444468798	1	2	0	1	0	0	0	0	0	0	0	0	0	0	0	4.941538	3.909417	3.895159	3.893734	1.949377	14.250000	18.500000	89.272552	88.974159	88.936859	0	0	1	1	156	1167445
1444468799	0	1	0	1	0	0	0	0	1	0	0	0	0	0	0	4.939927	3.907991	3.895159	3.893734	1.948572	14.250000	18.500000	89.044724	89.193970	88.932785	0	0	1	1	156	1164698
1444468800	2	0	0	0	0	0	0	0	0	0	0	0	0	0	0	4.941538	3.902288	3.886605	3.889456	1.949377	14.250000	18.500000	89.160652	88.787666	88.824959	0	0	1	1	156	1168665
1444468802	1	1	0	0	0	0	0	0	0	0	0	0	0	0	0	4.941538	3.900862	3.883753	3.886605	1.949377	14.250000	18.500000	89.160652	88.824959	88.787666	0	0	1	1	156	1167438
1444468803	1	1	1	0	0	0	0	0	0	0	0	0	0	0	0	4.941538	3.898011	3.885179	3.882328	1.948572	14.250000	18.500000	89.086060	88.787666	88.750359	0	0	1	1	156	1164685
1444468804	1	0	1	0	0	0	0	0	0	0	0	0	0	0	0	4.939927	3.896585	3.880902	3.880902	1.949377	14.250000	18.500000	89.007401	88.634293	88.671600	0	0	1	1	156	1167416
1444468805	0	1	1	0	0	0	0	0	0	0	0	0	0	0	0	4.941538	3.892308	3.882328	3.878050	1.948572	14.250000	18.500000	88.824959	88.601166	88.526566	0	0	1	1	156	1167435
1444468806	2	0	0	1	0	0	0	0	0	0	0	0	0	0	0	4.941538	3.892308	3.878050	3.876625	1.949377	14.250000	18.500000	88.824959	88.489273	88.526566	0	0	1	1	156	1164679
1444468808	0	0	0	0	0	0	0	0	0	0	0	0	0	0	0	4.941538	3.889456	3.876625	3.875199	1.948572	14.250000	18.500000	88.787666	88.451965	88.451965	0	0	1	1	156	1167415
1444468809	1	0	0	2	0	0	0	0	0	0	0	0	0	0	0	4.941538	3.888031	3.873773	3.872347	1.948572	14.250000	18.500000	88.713066	88.414673	88.340080	0	0	1	1	156	1167435
1444468810	0	0	1	1	0	0	0	0	0	0	0	0	0	0	0	4.941538	3.882328	3.870922	3.869496	1.949377	14.250000	18.500000	88.638474	88.377373	88.265472	0	0	1	1	156	1164682
1444468811	1	1	0	0	0	0	0	0	0	0	0	0	0	0	0	4.938315	3.882328	3.868070	3.868070	1.948572	14.250000	18.500000	88.742081	88.406181	88.368851	0	0	1	1	156	1167416
1444468812	2	1	2	0	0	1	0	1	0	0	0	0	0	0	0	4.941538	3.878050	3.863793	3.862367	1.950183	14.250000	18.500000	88.526566	88.190872	87.892479	0	0	1	1	156	1168591
1444468814	2	1	3	0	0	1	0	0	0	0	0	0	0	0	0	4.941538	3.878050	3.860941	3.862367	1.950183	14.250000	18.500000	88.563866	88.153572	88.190872	0	0	1	1	156	1167445
1444468815	0	0	0	0	0	0	0	0	0	0	0	0	0	0	0	4.943151	3.876625	3.859515	3.860941	1.950183	14.250000	18.500000	88.456200	88.083321	88.120605	0	0	1	1	156	1164690
1444468816	1	1	0	0	0	0	0	0	0	0	0	0	0	0	0	4.939927	3.875199	3.858090	3.859515	1.950183	14.250000	18.500000	88.410423	88.074615	88.074615	0	0	1	1	156	1167425
1444468817	1	0	3	0	0	1	0	0	0	0	0	0	0	0	0	4.941538	3.858090	3.860941	3.859515	1.950183	14.250000	18.500000	88.340080	88.004379	88.004379	0	0	1	1	156	1167445
1444468818	0	1	0	0	0	0	0	0	0	0	0	0	0	0	0	4.939927	3.858090	3.858090	3.856664	1.950183	14.250000	18.500000	88.335800	88.037308	87.999992	0	0	1	1	156	1164679
1444468820	0	1	0	1	0	0	0	0	0	0	0	0	0	0	0	4.943151	3.866644	3.852387	3.850961	1.950989	14.250000	18.500000	88.195183	87.934174	87.859596	0	0	1	1	156	1167426
1444468821	0	0	1	3	0	0	0	0	0	0	0	0	0	0	0	4.943151	3.865218	3.849535	3.848109	1.950183	14.250000	18.500000	88.157890	87.785027	87.785027	0	0	1	1	156	1167445
1444468822	0	2	0	0	0	0	0	0	0	0	0	0	0	0	0	4.941538	3.865218	3.846684	3.848109	1.950183	14.250000	18.500000	88.116272	87.743279	87.743279	0	0	1	1	156	1164701
1444468823	1	1	0	2	0	0	0	0	1	0	0	0	0	0	0	4.939927	3.865218	3.850961	3.849535	1.949377	14.250000	18.500000	88.223862	87.925369	87.850746	0	0	1	1	156	1167420
1444468824	1	0	1	0	0	1	0	0	0	0	0	0	0	0	0	4.944762	3.868070	3.842407	3.842407	1.950989	14.250000	18.500000	88.013123	87.640381	87.603096	0	0	1	1	156	1168581
1444468826	0	1	1	0	0	0	0	0	0	0	0	0	0	0	0	4.941538	3.856664	3.842407	3.840981	1.950183	14.250000	18.500000	88.004379	87.594086	87.594086	0	0	1	1	156	1167432
1444468827	1	0	1	0	0	0	0	0	0	0	0	0	0	0	0	4.939927	3.842407	3.832426	3.829575	1.950183	14.250000	18.500000	87.776131	87.253761	87.291077	0	0	1	1	156	1164783
1444468828	0	0	2	0	0	0	0	0	0	0	0	0	0	0	0	4.939927	3.856664	3.839555	3.842407	1.950989	14.250000	18.500000	87.962692	87.589577	87.626884	0	0	1	1	156	1167416
1444468829	2	0	1	0	0	0	0	0	0	0	0	0	0	0	0	4.941538	3.852387	3.836703	3.838129	1.950989	14.250000	18.500000	87.855179	87.407585	87.519485	0	0	1	1	156	1167435
1444468830	0	1	0	0	0	0	0	0	0	0	0	0	0	0	0	4.939927	3.849535	3.835278	3.833852	1.950989	14.250000	18.500000	87.813446	87.477638	87.477638	0	0	1	1	156	1164676
1444468832	0	0	0	1	0	0	0	0	0	0	0	0	0	0	0	4.943151	3.836703	3.840981	3.829575	1.950989	14.250000	18.500000	87.635872	87.337570	87.300293	0	0	1	1	156	1167415
1444468833	2	2	0	0	1	0	0	0	0	0	0	0	0	0	0	4.941538	3.848109	3.832426	3.832426	1.950989	14.250000	18.500000	87.594086	87.109192	87.034592	0	0	1	1	156	1167435
1444468834	0	0	0	0	0	0	0	0	0	0	0	0	0	0	0	4.941538	3.845258	3.831000	3.816743	1.950989	14.250000	18.500000	87.631393	87.258392	87.295692	0	0	1	1	156	1174933
1444468835	0	0	0	0	0	0	0	0	0	0	0	0	0	0	0	4.941538	3.846684	3.831000	3.833852	1.950989	14.250000	18.500000	87.668686	87.332985	87.109192	0	0	1	1	156	1167415
1444468836	0	1	2	1	0	0	0	1	0	0	0	0	0	0	0	4.941538	3.842407	3.831000	3.828149	1.951795	14.500000	18.500000	87.556793	87.221085	87.221085	0	0	1	1	156	1168590
1444468838	1	4	1	3	0	0	0	0	2	0	0	0	0	0	0	4.941538	3.840981	3.826723	3.823872	1.951795	14.500000	18.500000	87.556793	87.183792	87.258392	0	0	1	1	156	1164690
1444468839	0	0	1	0	0	0	0	0	0	0	0	0	0	0	0	4.939927	3.840981	3.822446	3.822446	1.950989	14.250000	18.500000	87.552261	87.141830	87.141830	0	0	1	1	156	1167426
1444468840	0	2	0	0	0	0	0	0	0	0	0	0	0	0	0	4.941538	3.836703	3.816743	3.812466	1.951795	14.500000	18.500000	87.407585	87.034592	87.109192	0	0	1	1	156	1167445
1444468841	0	1	0	0	0	0	0	0	0	0	0	0	0	0	0	4.941538	3.836703	3.818169	3.821020	1.952601	14.500000	18.500000	87.370277	86.997299	87.071884	0	0	1	1	156	1167445
1444468842	0	0	0	0	0	0	0	0	0	0	0	0	0	0	0	4.943151	3.833852	3.819594	3.818169	1.951795	14.250000	18.500000	87.300293	86.964714	86.964714	0	0	1	1	156	1164692
1444468844	1	2	1	1	0	0	0	1	1	0	0	0	0	0	0	4.941538	3.832426	3.816743	3.816743	1.952601	14.500000	18.500000	87.258392	86.959999	86.922691	0	0	1	1	156	1167428
1444468845	1	2	2	0	0	0	0	1	0	0	0	0	0	0	0	4.941538	3.829575	3.813891	3.813891	1.952601	14.500000	18.500000	87.258392	86.885399	86.848099	0	0	1	1	156	1167444
1444468846	0	0	0	0	0	0	0	0	0	0	0	0	0	0	0	4.941538	3.828149	3.812466	3.813891	1.952601	14.500000	18.500000	87.183792	86.773499	86.848099	0	0	1	1	156	1164684
1444468847	1	1	1	0	0	0	0	1	0	0	0	0	0	0	0	4.939927	3.829575	3.811040	3.812466	1.951795	14.500000	18.500000	87.253761	86.955269	86.917961	0	0	1	1	156	1167421
1444468848	0	0	2	1	0	0	0	0	0	1	0	0	0	0	0	4.941538	3.822446	3.811040	3.809614	1.952601	14.500000	18.500000	87.071884	86.736198	86.698906	0	0	1	1	156	1168581
1444468850	1	1	0	0	0	0	0	0	0	0	0	0	0	0	0	4.941538	3.823872	3.806763	3.809614	1.952601	14.500000	18.500000	87.109192	86.736198	86.736198	0	0	1	1	156	1164691
1444468851	0	0	0	1	0	0	0	0	0	0	0	0	0	0	0	4.943151	3.822446	3.803911	3.806763	1.951795	14.250000	18.500000	87.001999	86.629128	86.629128	0	0	1	1	156	1167416
1444468852	0	0	1	0	0	0	0	0	0	0	0	0	0	0	0	4.941538	3.818169	3.805337	3.803911	1.952601	14.500000	18.500000	86.997299	86.549706	86.586998	0	0	1	1	156	1167435
1444468853	0	0	0	0	0	0	0	0	0	0	0	0	0	0	0	4.941538	3.816743	3.803911	3.801059	1.952601	14.500000	18.500000	86.848099	86.288605	86.624298	0	0	1	1	156	1167435
1444468854	0	1	0	1	0	0	0	0	0	0	0	0	0	0	0	4.941538	3.813891	3.799634	3.799634	1.952601	14.500000	18.500000	86.848099	86.512398	86.475105	0	0	1	1	156	1175115
1444468856	0	1	0	0	0	0	0	0	0	0	0	0	0	0	0	4.943151	3.803911	3.805337	3.795357	1.953407	14.500000	18.500000	86.778275	86.405396	86.442680	0	0	1	1	156	1167416
1444468857	1	0	0	0	0	0	0	0	0	0	0	0	0	0	0	4.941538	3.812466	3.795357	3.796782	1.953407	14.500000	18.500000	86.810799	86.363197	86.400505	0	0	1	1	156	1167436
1444468858	0	1	1	0	0	0	0	0	0	0	0	0	0	0	0	4.941538	3.811040	3.793931	3.795357	1.953407	14.500000	18.500000	86.773499	86.400505	86.363197	0	0	1	1	156	1164710
1444468859	0	0	0	0	0	0	0	0	0	0	0	0	0	0	0	4.941538	3.809614	3.795357	3.793931	1.952601	14.500000	18.500000	86.736198	86.363197	86.400505	0	0	1	1	156	1167416
1444468860	1	0	1	0	0	0	0	0	0	0	0	0	0	0	0	4.941538	3.808188	3.792505	3.791079	1.953407	14.500000	18.500000	86.661606	86.251312	86.288605	0	0	1	1	156	1168593
1444468862	0	1	0	1	0	0	0	0	1	0	0	0	0	0	0	4.941538	3.805337	3.788228	3.791079	1.953407	14.500000	18.500000	86.624298	86.214005	86.251312	0	0	1	1	156	1164678
1444468863	0	0	0	1	0	0	0	0	0	0	0	0	0	0	0	4.944762	3.793931	3.791079	3.786802	1.953407	14.500000	18.500000	86.447563	86.112099	86.074821	0	0	1	1	156	1167425
1444468864	1	2	0	0	0	0	0	0	0	0	0	0	0	0	0	4.943151	3.801059	3.785376	3.785376	1.952601	14.500000	18.500000	86.517258	86.032524	86.069817	0	0	1	1	156	1167444
1444468865	0	1	1	0	0	0	0	0	0	0	0	0	0	0	0	4.941538	3.798208	3.782525	3.783951	1.953407	14.500000	18.500000	86.363197	86.176712	85.654510	0	0	1	1	156	1164686
1444468866	0	1	0	0	0	0	0	0	0	0	0	0	0	0	0	4.939927	3.799634	3.782525	3.783951	1.953407	14.500000	18.500000	86.470222	86.059799	86.097107	0	0	1	1	156	1167425
1444468868	1	0	0	2	0	0	0	0	0	0	0	0	0	0	0	4.941538	3.796782	3.782525	3.783951	1.954213	14.500000	18.500000	86.363197	86.027512	86.027512	0	0	1	1	156	1167445
1444468869	0	2	2	2	0	0	0	0	1	0	0	0	0	0	0	4.943151	3.793931	3.778248	3.776822	1.954213	14.500000	18.500000	85.957947	85.957947	85.808800	0	0	1	1	156	1167445
1444468870	0	0	0	0	0	0	0	0	0	0	0	0	0	0	0	4.941538	3.791079	3.778248	3.778248	1.953407	14.500000	18.500000	86.027512	85.803719	85.878319	0	0	1	1	156	1164682
1444468871	1	1	0	1	0	0	1	0	0	0	0	0	0	0	0	4.939927	3.793931	3.776822	3.778248	1.953407	14.500000	18.500000	86.358292	85.985176	85.835930	0	0	1	1	156	1167420
1444468872	1	1	1	0	0	0	0	0	0	0	0	0	0	0	0	4.943151	3.791079	3.773970	3.773970	1.954213	14.500000	18.500000	86.107094	85.771523	85.734230	0	0	1	1	156	1168581
1444468874	1	0	1	0	0	0	0	0	0	0	0	0	0	0	0	4.939927	3.786802	3.771119	3.771119	1.953407	14.500000	18.500000	86.097107	85.761299	85.723991	0	0	1	1	156	1164674
1444468875	1	0	1	0	0	0	0	0	0	0	0	0	0	0	0	4.939927	3.783951	3.771119	3.768267	1.954213	14.500000	18.500000	86.022484	85.686676	85.686676	0	0	1	1	156	1167416
1444468876	0	0	0	0	0	0	0	0	0	0	0	0	0	0	0	4.941538	3.779673	3.754010	3.752584	1.952601	14.500000	18.500000	87.631393	85.356117	85.281525	0	0	1	1	156	1167435
1444468877	0	0	0	0	0	0	0	0	0	0	0	0	0	0	0	4.941538	3.779673	3.765416	3.751158	1.953407	14.500000	18.500000	86.027512	85.505318	85.617218	0	0	1	1	156	1164674
1444468878	1	1	2	0	0	0	0	0	0	0	0	0	0	0	0	4.941538	3.776822	3.763990	3.763990	1.954213	14.500000	18.500000	85.878319	85.579918	85.505318	0	0	1	1	156	1167415
1444468880	0	0	0	0	0	0	0	0	0	0	0	0	0	0	0	4.939927	3.775396	3.761138	3.759713	1.954213	14.500000	18.500000	85.835930	85.537437	85.537437	0	0	1	1	156	1167439
1444468881	0	1	1	1	0	0	0	0	1	0	0	0	0	0	0	4.941538	3.776822	3.759713	3.761138	1.954213	14.500000	18.500000	85.803719	85.430725	85.468025	0	0	1	1	156	1167436
1444468882	0	0	2	1	0	0	0	0	0	0	0	0	0	0	0	4.941538	3.773970	3.756861	3.758287	1.954213	14.500000	18.500000	85.766418	85.393425	85.430725	0	0	1	1	156	1164670
1444468883	1	0	1	0	0	1	0	0	0	0	0	0	0	0	0	4.944762	3.762564	3.762564	3.755435	1.953407	14.500000	18.500000	85.702072	85.366592	85.366592	0	0	1	1	156	1167416
1444468884	0	1	0	0	0	0	0	0	0	0	0	0	0	0	0	4.943151	3.769693	3.755435	3.756861	1.954213	14.500000	18.500000	85.585075	85.286781	85.286781	0	0	1	1	156	1168591
1444468886	0	0	1	0	0	0	0	0	0	0	0	0	0	0	0	4.941538	3.769693	3.752584	3.752584	1.955018	14.500000	18.500000	85.654510	85.244232	85.356117	0	0	1	1	156	1164696
1444468887	0	1	0	0	0	0	0	0	0	0	0	0	0	0	0	4.941538	3.765416	3.749732	3.752584	1.954213	14.500000	18.500000	85.579918	85.169632	85.244232	0	0	1	1	156	1167428
1444468888	0	0	2	2	0	0	0	0	0	0	0	0	0	0	0	4.941538	3.763990	3.748307	3.748307	1.955018	14.500000	18.500000	85.542625	85.132332	85.169632	0	0	1	1	156	1167444
1444468889	1	0	0	0	0	0	0	0	0	0	0	0	0	0	0	4.941538	3.762564	3.746881	3.746881	1.954213	14.500000	18.500000	85.468025	85.095032	85.057732	0	0	1	1	156	1164691
1444468890	1	0	0	0	0	0	0	0	0	0	0	0	0	0	0	4.941538	3.759713	3.744030	3.742604	1.955824	14.500000	18.500000	85.430725	85.057732	84.833939	0	0	1	1	156	1167426
1444468892	0	1	3	1	0	0	0	1	1	1	0	0	0	1	0	4.941538	3.759713	3.744030	3.744030	1.955018	14.500000	18.500000	85.393425	84.983131	85.020432	0	0	1	1	156	1167445
1444468893	0	0	0	0	0	0	0	0	0	0	0	0	0	0	0	4.941538	3.758287	3.744030	3.741178	1.955018	14.500000	18.500000	85.318825	84.983131	84.983131	0	0	1	1	156	1164601
1444468894	1	1	1	0	0	0	0	1	0	0	0	0	0	0	0	4.941538	3.755435	3.741178	3.739752	1.955824	14.500000	18.500000	85.318825	84.908531	84.908531	0	0	1	1	156	1167425
1444468895	1	0	0	0	0	0	0	0	0	0	0	0	0	0	0	4.939927	3.755435	3.741178	3.742604	1.954213	14.500000	18.500000	85.313568	84.977768	84.940453	0	0	1	1	156	1167440
1444468896	0	3	2	0	0	0	0	2	0	0	0	0	0	0	0	4.941538	3.751158	3.735475	3.736901	1.955018	14.500000	18.500000	85.206924	84.833939	84.833939	0	0	1	1	156	1168581
1444468898	1	0	0	0	0	0	0	0	0	0	0	0	0	0	0	4.939927	3.748307	3.732623	3.736901	1.955824	14.500000	18.500000	85.164322	84.530029	84.865829	0	0	1	1	156	1164790
1444468899	0	0	0	0	0	0	0	0	0	0	0	0	0	0	0	4.941538	3.745455	3.732623	3.731198	1.955018	14.500000	18.500000	85.057732	84.796631	84.759338	0	0	1	1	156	1167416
1444468900	0	0	0	0	0	0	0	0	0	0	0	0	0	0	0	4.939927	3.748307	3.731198	3.732623	1.955018	14.500000	18.500000	85.089699	84.716583	84.753891	0	0	1	1	156	1167438
1444468901	0	0	1	0	0	0	0	0	0	0	0	0	0	0	0	4.941538	3.741178	3.731198	3.731198	1.956630	14.500000	18.500000	84.983131	84.647430	84.684738	0	0	1	1	156	1164675
1444468902	0	0	1	1	0	0	0	0	0	0	0	0	0	0	0	4.944762	3.748307	3.725495	3.726920	1.955018	14.500000	18.500000	84.882027	84.509270	84.509270	0	0	1	1	156	1167415
1444468904	0	1	0	0	0	0	0	0	0	0	0	0	0	0	0	4.941538	3.742604	3.724069	3.725495	1.954213	14.500000	18.500000	84.908531	84.460945	84.535545	0	0	1	1	156	1167432
1444468905	0	2	1	1	0	0	0	0	0	0	0	0	0	0	0	4.939927	3.738326	3.724069	3.722643	1.955018	14.500000	18.500000	84.641968	84.268852	84.231537	0	0	1	1	156	1164692
1444468906	0	1	1	0	0	0	0	0	0	0	0	0	0	0	0	4.938315	3.738326	3.725495	3.725495	1.955824	14.500000	18.500000	84.935066	84.599159	84.561836	0	0	1	1	156	1167416
1444468907	0	0	0	0	0	0	0	0	0	0	0	0	0	0	0	4.939927	3.736901	3.721217	3.722643	1.955018	14.500000	18.500000	84.865829	84.492722	84.530029	0	0	1	1	156	1167435
1444468908	0	0	0	0	0	0	0	0	0	0	0	0	0	0	0	4.941538	3.729772	3.718366	3.718366	1.955824	14.500000	18.500000	84.684738	84.349045	84.349045	0	0	1	1	156	1168591
1444468910	0	0	0	0	0	0	0	0	0	0	0	0	0	0	0	4.938315	3.724069	3.712663	3.708386	1.952601	14.500000	18.500000	84.860420	84.300568	84.449867	0	0	1	1	156	1164684
1444468911	1	1	1	0	0	0	0	0	0	0	0	0	0	0	0	4.941538	3.731198	3.714089	3.716940	1.957436	14.500000	18.500000	84.647430	84.237152	84.274445	0	0	1	1	156	1167422
1444468912	1	0	0	0	0	0	0	0	0	0	0	0	0	0	0	4.941538	3.726920	3.712663	3.711237	1.955824	14.500000	18.500000	84.572838	84.274445	84.237152	0	0	1	1	156	1167444
1444468913	0	0	0	0	0	0	0	0	0	0	0	0	0	0	0	4.941538	3.726920	3.711237	3.711237	1.955824	14.500000	18.500000	84.498238	84.162552	84.162552	0	0	1	1	156	1176760
1444468914	3	0	1	0	0	0	0	0	0	0	0	0	0	0	0	4.941538	3.722643	3.706960	3.706960	1.956630	14.500000	18.500000	84.498238	84.125252	84.050644	0	0	1	1	156	1167425
1444468916	1	0	0	0	0	0	0	0	0	0	0	0	0	0	0	4.943151	3.714089	3.706960	3.704108	1.956630	14.500000	18.500000	84.391891	83.981728	84.019012	0	0	1	1	156	1167445
1444468917	1	1	0	1	0	0	0	0	0	0	0	0	0	0	0	4.941538	3.709811	3.705534	3.702682	1.956630	14.500000	18.500000	84.349045	84.013351	84.013351	0	0	1	1	156	1164685
1444468918	1	1	1	1	0	1	0	0	0	0	0	0	0	0	0	4.941538	3.716940	3.702682	3.702682	1.957436	14.500000	18.500000	84.274445	83.714958	83.640358	0	0	1	1	156	1167426
1444468919	0	0	0	0	0	0	0	0	0	0	0	0	0	0	0	4.939927	3.721217	3.704108	3.702682	1.957436	14.500000	18.500000	84.380783	84.007668	83.933037	0	0	1	1	156	1167440
1444468920	0	0	1	0	0	0	0	0	0	0	0	0	0	0	0	4.941538	3.714089	3.698405	3.699831	1.956630	14.500000	18.500000	84.199844	83.864151	83.901443	0	0	1	1	156	1165951
1444468922	0	1	2	1	0	0	0	0	0	0	0	0	0	0	0	4.939927	3.712663	3.696980	3.696980	1.957436	14.500000	18.500000	84.268852	83.895729	83.821106	0	0	1	1	156	1167416
1444468923	0	2	1	1	0	0	0	1	1	0	0	0	0	0	0	4.941538	3.708386	3.696980	3.695554	1.955824	14.500000	18.500000	84.199844	83.864151	83.752251	0	0	1	1	156	1167435
1444468924	2	3	0	1	0	0	0	0	1	0	0	0	0	0	0	4.941538	3.711237	3.695554	3.695554	1.958242	14.500000	18.500000	84.162552	83.565758	83.826859	0	0	1	1	156	1167435
1444468925	0	0	2	2	0	0	0	0	0	1	0	0	0	0	0	4.943151	3.706960	3.691277	3.691277	1.958242	14.500000	18.500000	83.981728	83.459717	83.720718	0	0	1	1	156	1164685
1444468926	1	0	1	0	0	0	0	0	0	0	0	0	0	0	0	4.941538	3.708386	3.691277	3.689851	1.957436	14.500000	18.500000	84.013351	83.640358	83.565758	0	0	1	1	156	1167416
1444468928	1	2	1	1	1	0	0	0	0	0	0	0	0	0	0	4.939927	3.704108	3.689851	3.691277	1.957436	14.500000	18.500000	84.007668	83.671860	83.671860	0	0	1	1	156	1167437
1444468929	0	0	0	0	0	0	0	0	0	0	0	0	0	0	0	4.941538	3.704108	3.689851	3.686999	1.957436	14.500000	18.500000	83.901443	83.565758	83.528465	0	0	1	1	156	1164682
1444468930	1	0	1	1	0	0	0	0	0	0	0	0	0	0	0	4.944762	3.709811	3.682722	3.684148	1.958242	14.500000	18.500000	83.875595	83.502846	83.428291	0	0	1	1	156	1167415
1444468931	1	0	0	0	0	0	0	0	0	0	0	0	0	0	0	4.939927	3.702682	3.688425	3.675593	1.956630	14.500000	18.500000	83.970352	83.634544	83.522614	0	0	1	1	156	1167432
1444468932	0	0	0	0	0	0	0	0	0	0	0	0	0	0	0	4.941538	3.698405	3.681296	3.682722	1.958242	14.500000	18.500000	83.528465	83.267365	83.416565	0	0	1	1	156	1165834
1444468934	1	1	0	0	0	0	0	0	0	0	0	0	0	0	0	4.941538	3.695554	3.681296	3.681296	1.958242	14.500000	18.500000	83.752251	83.416565	83.341965	0	0	1	1	156	1167426
1444468935	2	0	0	0	0	0	0	0	0	0	0	0	0	0	0	4.941538	3.694128	3.678445	3.679871	1.958242	14.500000	18.500000	83.714958	83.379272	83.379272	0	0	1	1	156	1167448
1444468936	1	0	3	1	0	0	0	0	0	0	0	0	0	0	0	4.939927	3.689851	3.678445	3.677019	1.958242	14.500000	18.500000	83.709183	83.410690	83.373375	0	0	1	1	156	1167445
1444468937	2	0	0	1	0	0	0	0	0	0	0	0	0	0	0	4.944762	3.685574	3.677019	3.675593	1.959048	14.500000	18.500000	83.540115	83.279198	83.204651	0	0	1	1	156	1164685
1444468938	0	0	0	1	0	0	0	0	0	0	0	0	0	0	0	4.939927	3.688425	3.677019	3.677019	1.958242	14.500000	18.500000	83.597244	83.298752	83.261436	0	0	1	1	156	1167422
1444468940	1	0	0	0	0	0	0	0	0	0	0	0	0	0	0	4.941538	3.688425	3.675593	3.672742	1.959048	14.500000	18.500000	83.528465	83.192757	83.155464	0	0	1	1	156	1167444
1444468941	1	0	0	0	0	0	0	0	0	0	0	0	0	0	0	4.943151	3.685574	3.671316	3.672742	1.958242	14.500000	18.500000	83.459717	83.161407	83.124123	0	0	1	1	156	1164690
1444468942	0	0	1	1	0	0	0	0	0	0	0	0	0	0	0	4.939927	3.684148	3.672742	3.669890	1.958242	14.500000	18.500000	83.485306	83.186813	83.149498	0	0	1	1	156	1167426
1444468943	0	0	0	0	0	0	0	0	0	0	0	0	0	0	0	4.939927	3.685574	3.671316	3.669890	1.958242	14.500000	18.500000	83.522614	83.186813	83.149498	0	0	1	1	156	1167440
1444468944	1	0	1	0	0	0	0	0	0	0	0	0	0	0	0	4.941538	3.679871	3.668464	3.667039	1.959048	14.500000	18.500000	83.341965	83.043564	82.968964	0	0	1	1	156	1165854
1444468946	3	2	1	1	0	0	0	0	0	0	0	0	0	0	0	4.941538	3.677019	3.665613	3.664187	1.959048	14.500000	18.500000	83.304665	82.968964	82.931671	0	0	1	1	156	1167413
1444468947	0	1	0	1	0	0	0	0	1	0	0	0	0	0	0	4.941538	3.677019	3.667039	3.661336	1.959854	14.500000	18.500000	83.192757	82.931671	82.819763	0	0	1	1	156	1167435
1444468948	0	0	0	0	0	0	0	0	0	0	0	0	0	0	0	4.941538	3.677019	3.662761	3.661336	1.959854	14.500000	18.500000	83.267365	82.931671	82.931671	0	0	1	1	156	1164677
1444468949	1	0	0	0	0	0	0	0	0	0	0	0	0	0	0	4.941538	3.675593	3.661336	3.658484	1.959854	14.500000	18.500000	83.155464	82.819763	82.819763	0	0	1	1	156	1167416
1444468950	1	0	1	0	0	0	0	0	0	0	0	0	0	0	0	4.943151	3.671316	3.649930	3.647078	1.957436	14.500000	18.500000	83.012260	82.751251	82.713966	0	0	1	1	156	1167435
1444468952	0	0	0	0	0	0	0	0	0	0	0	0	0	0	0	4.939927	3.669890	3.658484	3.654207	1.959854	14.500000	18.500000	83.037567	82.851006	82.739075	0	0	1	1	156	1167435
1444468953	2	0	0	1	0	0	0	0	0	0	0	0	0	0	0	4.939927	3.669890	3.657058	3.655633	1.959854	14.500000	18.500000	83.074875	82.813698	82.739075	0	0	1	1	156	1164707
1444468954	0	2	1	1	0	0	0	0	0	0	0	0	0	0	0	4.939927	3.667039	3.654207	3.654207	1.960659	14.500000	18.500000	83.037567	82.701759	82.701759	0	0	1	1	156	1167418
1444468955	0	0	0	0	0	0	0	0	0	0	0	0	0	0	0	4.939927	3.667039	3.655633	3.652781	1.959854	14.500000	18.500000	82.962944	82.701759	82.701759	0	0	1	1	156	1167435
1444468956	1	0	1	0	0	1	0	0	0	0	0	0	0	0	0	4.936703	3.665613	3.651356	3.651356	1.959048	14.500000	18.500000	82.988213	82.652199	82.614861	0	0	1	1	156	1165818
1444468958	0	1	0	0	0	0	0	0	0	0	0	0	0	0	0	4.939927	3.659910	3.639949	3.654207	1.959854	14.500000	18.500000	82.813698	82.552513	82.477898	0	0	1	1	156	1167425
1444468959	0	0	0	0	0	0	0	0	0	0	0	0	0	0	0	4.941538	3.659910	3.648504	3.647078	1.960659	14.500000	18.500000	82.782471	82.521370	82.446777	0	0	1	1	156	1167445
1444468960	2	1	1	2	0	0	0	0	0	0	0	0	0	0	0	4.941538	3.657058	3.642801	3.642801	1.959854	14.500000	18.500000	82.782471	82.446777	82.409485	0	0	1	1	156	1164680
1444468961	2	0	2	0	0	1	0	0	0	0	0	0	0	0	0	4.939927	3.654207	3.642801	3.641375	1.960659	14.500000	18.500000	82.739075	82.440590	82.440590	0	0	1	1	156	1167425
1444468962	0	3	0	2	0	0	0	0	1	0	0	0	0	0	0	4.938315	3.639949	3.639949	3.635672	1.958242	14.500000	18.500000	82.695656	82.397057	82.285095	0	0	1	1	156	1167444
1444468964	0	1	0	0	0	0	0	0	0	0	0	0	0	0	0	4.941538	3.651356	3.638524	3.638524	1.960659	14.500000	18.500000	82.633278	82.260277	82.372177	0	0	1	1	156	1164685
1444468965	2	1	2	3	0	0	1	1	0	0	0	0	0	0	0	4.943151	3.651356	3.635672	3.635672	1.960659	14.500000	18.500000	82.527534	82.117371	81.968224	0	0	1	1	156	1167426
1444468966	2	0	2	0	0	0	0	0	0	0	0	0	0	0	0	4.941538	3.645653	3.632821	3.635672	1.960659	14.500000	18.500000	82.484077	82.148384	82.185677	0	0	1	1	156	1167445
1444468967	1	0	1	0	0	0	0	0	0	0	0	0	0	0	0	4.939927	3.647078	3.638524	3.638524	1.959854	14.500000	18.500000	82.589836	82.291328	82.254021	0	0	1	1	156	1167442
1444468968	0	0	0	0	0	0	0	0	0	0	0	0	0	0	0	4.943151	3.645653	3.632821	3.631395	1.960659	14.500000	18.500000	82.378387	82.042801	82.042801	0	0	1	1	156	1165829
1444468970	1	1	0	1	0	0	0	0	0	0	0	0	0	0	0	4.939927	3.644227	3.628543	3.628543	1.960659	14.500000	18.500000	82.365959	82.067467	82.067467	0	0	1	1	156	1167416
1444468971	0	0	0	0	0	0	0	0	0	0	0	0	0	0	0	4.941538	3.639949	3.627118	3.627118	1.960659	14.500000	18.500000	81.999191	82.148384	81.887291	0	0	1	1	156	1167435
1444468972	0	0	0	0	0	0	0	0	0	0	0	0	0	0	0	4.943151	3.639949	3.627118	3.628543	1.961465	14.500000	18.500000	82.005508	82.117371	81.893654	0	0	1	1	156	1164683
1444468973	0	1	0	0	0	0	0	0	0	0	0	0	0	0	0	4.941538	3.637098	3.624266	3.625692	1.961465	14.500000	18.500000	82.185677	81.924591	81.887291	0	0	1	1	156	1167415
1444468974	0	0	0	0	0	0	0	0	0	0	0	0	0	0	0	4.939927	3.634246	3.622840	3.622840	1.960659	14.500000	18.500000	82.179405	81.843597	81.880913	0	0	1	1	156	1167437
1444468976	1	0	0	1	0	0	0	0	0	0	0	0	0	0	0	4.941538	3.632821	3.621415	3.622840	1.960659	14.500000	18.500000	82.073784	81.849991	81.775391	0	0	1	1	156	1164682
1444468977	0	1	0	2	0	0	0	0	1	0	0	0	0	0	0	4.939927	3.631395	3.617137	3.621415	1.961465	14.500000	18.500000	82.104782	81.806297	81.843597	0	0	1	1	156	1167416
1444468978	0	0	0	0	0	0	0	0	0	0	0	0	0	0	0	4.941538	3.629969	3.617137	3.617137	1.962271	14.500000	18.500000	82.036484	81.775391	81.775391	0	0	1	1	156	1167432
1444468979	0	1	1	0	0	0	0	0	0	0	0	0	0	0	0	4.939927	3.628543	3.618563	3.618563	1.960659	14.500000	18.500000	82.067467	81.731667	81.768974	0	0	1	1	156	1167435
1444468980	2	1	0	0	1	0	0	0	0	0	0	0	0	0	0	4.941538	3.624266	3.614286	3.614286	1.961465	14.500000	18.500000	81.887291	81.626198	81.588898	0	0	1	1	156	1165836
1444468982	2	0	1	0	0	0	0	0	0	0	0	0	0	0	0	4.939927	3.627118	3.614286	3.610008	1.962271	14.500000	18.500000	81.918221	81.619728	81.545113	0	0	1	1	156	1167429
1444468983	3	0	0	1	0	0	0	0	0	0	0	0	0	0	0	4.939927	3.622840	3.610008	3.611434	1.962271	14.500000	18.500000	81.843597	81.545113	81.582413	0	0	1	1	156	1167445
1444468984	0	0	1	0	0	0	0	0	0	0	0	0	0	0	0	4.941538	3.618563	3.610008	3.608583	1.962271	14.500000	18.500000	81.775391	81.551590	81.514290	0	0	1	1	156	1164696
1444468985	2	0	0	0	0	0	0	0	0	0	0	0	0	0	0	4.941538	3.618563	3.608583	3.608583	1.962271	14.500000	18.500000	81.700798	81.476990	81.402390	0	0	1	1	156	1167423
1444468986	0	0	1	1	0	0	0	0	0	0	0	0	0	0	0	4.941538	3.618563	3.605731	3.607157	1.962271	14.500000	18.500000	81.700798	81.402390	81.439697	0	0	1	1	156	1167444
1444468988	0	0	0	0	0	0	0	0	0	0	0	0	0	0	0	4.941538	3.615712	3.602880	3.604306	1.963077	14.500000	18.500000	81.663490	81.365097	81.365097	0	0	1	1	156	1164690
1444468989	1	2	2	2	0	0	0	0	1	0	0	0	0	0	0	4.939927	3.612860	3.604306	3.601454	1.963077	14.500000	18.500000	81.619728	81.358543	81.321236	0	0	1	1	156	1167426
1444468990	0	0	1	0	0	0	0	0	0	0	0	0	0	0	0	4.941538	3.610008	3.594325	3.588622	1.963077	14.500000	18.500000	81.476990	81.290504	81.253197	0	0	1	1	156	1167445
1444468991	1	1	1	0	0	0	0	0	0	0	0	0	0	0	0	4.939927	3.615712	3.604306	3.602880	1.961465	14.500000	18.500000	81.619728	81.358543	81.321236	0	0	1	1	156	1164692
1444468992	0	1	0	1	0	0	0	0	1	0	0	0	0	0	0	4.941538	3.610008	3.600028	3.597177	1.961465	14.500000	18.500000	81.663490	81.103996	81.103996	0	0	1	1	156	1168666
1444468994	0	0	0	0	0	0	0	0	0	0	0	0	0	0	0	4.943151	3.610008	3.597177	3.594325	1.963077	14.500000	18.500000	81.408920	81.110626	81.036049	0	0	1	1	156	1167435
1444468995	3	2	1	2	0	0	1	1	0	0	0	0	0	0	0	4.941538	3.608583	3.594325	3.594325	1.962271	14.500000	18.500000	81.365097	81.103996	81.103996	0	0	1	1	156	1167438
1444468996	0	1	1	0	0	0	0	0	0	0	0	0	0	0	0	4.939927	3.604306	3.594325	3.592900	1.962271	14.500000	18.500000	81.433167	81.171997	81.134682	0	0	1	1	156	1164679
1444468997	0	0	1	0	0	0	0	0	0	0	0	0	0	0	0	4.941538	3.602880	3.592900	3.590048	1.963077	14.500000	18.500000	81.253197	81.029404	81.029404	0	0	1	1	156	1167416
1444468998	1	0	2	0	0	0	0	0	0	0	0	0	0	0	0	4.941538	3.601454	3.591474	3.588622	1.963077	14.500000	18.500000	81.290504	80.954803	80.992111	0	0	1	1	156	1167435
1444469000	1	1	3	0	0	0	0	1	0	0	0	0	0	0	0	4.943151	3.600028	3.588622	3.587197	1.963077	14.500000	18.500000	81.185196	80.886902	80.924187	0	0	1	1	156	1164682
1444469001	3	0	1	0	0	0	0	0	0	0	0	0	0	0	0	4.941538	3.597177	3.587197	3.584345	1.962271	14.500000	18.500000	81.141304	80.842911	80.842911	0	0	1	1	156	1167415
1444469002	0	1	0	1	0	0	0	0	0	0	0	0	0	0	0	4.938315	3.595751	3.587197	3.584345	1.961465	14.500000	18.500000	81.165375	80.941437	80.904121	0	0	1	1	156	1167435
1444469003	0	1	0	1	0	0	0	0	0	0	0	0	0	0	0	4.938315	3.595751	3.584345	3.584345	1.963077	14.750000	18.500000	81.240021	80.941437	80.941437	0	0	1	1	156	1164682
1444469004	1	3	2	2	0	1	0	0	2	0	0	0	0	0	0	4.939927	3.592900	3.581494	3.580068	1.963883	14.750000	18.500000	81.022751	80.836189	80.761566	0	0	1	1	156	1168571
1444469006	0	0	1	1	0	0	0	0	0	0	0	0	0	0	0	4.943151	3.588622	3.571513	3.574365	1.963077	14.500000	18.500000	81.558067	80.364876	80.327599	0	0	1	1	156	1167445
1444469007	1	0	0	0	0	0	0	0	0	0	0	0	0	0	0	4.939927	3.591474	3.578642	3.577216	1.963077	14.500000	18.500000	81.097374	80.724251	80.761566	0	0	1	1	156	1167445
1444469008	1	1	1	0	0	0	0	0	0	0	0	0	0	0	0	4.941538	3.588622	3.575790	3.574365	1.963883	14.500000	18.500000	80.954803	80.619110	80.581802	0	0	1	1	156	1182645
1444469009	1	3	0	0	0	0	0	0	0	0	0	0	0	0	0	4.941538	3.585771	3.574365	3.572939	1.963883	14.500000	18.500000	80.917511	80.656410	80.581802	0	0	1	1	156	1167425
1444469010	0	2	2	0	0	0	0	1	0	0	0	0	0	0	0	4.941538	3.582919	3.571513	3.570087	1.964689	14.750000	18.500000	80.581802	80.619110	80.432610	0	0	1	1	156	1167445
1444469012	0	0	0	0	0	0	0	0	0	0	0	0	0	0	0	4.941538	3.582919	3.570087	3.567236	1.964689	14.750000	18.500000	80.768311	80.469910	80.432610	0	0	1	1	156	1165127
1444469013	0	2	1	2	0	0	0	0	1	0	0	0	0	0	0	4.939927	3.582919	3.568662	3.568662	1.964689	14.750000	18.500000	80.761566	80.463066	80.463066	0	0	1	1	156	1167464
1444469014	1	0	0	1	0	0	0	0	0	0	0	0	0	0	0	4.944762	3.568662	3.574365	3.562959	1.964689	14.500000	18.500000	80.632668	80.371742	80.297203	0	0	1	1	156	1167445
1444469015	0	0	2	2	0	0	0	0	0	0	0	0	0	0	0	4.939927	3.578642	3.567236	3.568662	1.963883	14.750000	18.500000	80.761566	80.463066	80.425766	0	0	1	1	156	1164699
1444469016	1	0	0	0	0	0	0	0	0	0	0	0	0	0	0	4.941538	3.572939	3.562959	3.551553	1.963077	14.500000	18.500000	80.544510	80.208824	80.246117	0	0	1	1	156	1168666
1444469018	0	0	0	1	0	0	0	0	0	0	0	0	0	0	0	4.941538	3.572939	3.558681	3.558681	1.964689	14.750000	18.500000	80.581802	80.283409	80.283409	0	0	1	1	156	1167435
1444469019	3	0	2	0	0	0	0	0	0	0	0	0	0	0	0	4.943151	3.570087	3.558681	3.555830	1.964689	14.500000	18.500000	80.439445	80.178452	80.141151	0	0	1	1	156	1164616
1444469020	1	0	0	1	0	0	1	0	0	0	0	0	0	0	0	4.941538	3.568662	3.555830	3.554404	1.964689	14.750000	18.500000	80.469910	80.171524	80.059624	0	0	1	1	156	1167415
1444469021	3	0	0	0	0	0	0	0	0	0	0	0	0	0	0	4.941538	3.558681	3.561533	3.551553	1.964689	14.750000	18.500000	80.395309	80.059624	80.059624	0	0	1	1	156	1167435
1444469022	0	3	0	0	0	0	0	0	0	0	0	0	0	0	0	4.943151	3.564384	3.554404	3.551553	1.964689	14.500000	18.500000	80.364876	80.066582	79.954712	0	0	1	1	156	1167436
1444469024	0	1	0	1	0	0	0	0	1	0	0	0	0	0	0	4.943151	3.565810	3.552979	3.550127	1.964689	14.500000	18.500000	80.253014	79.992004	79.917435	0	0	1	1	156	1194610
1444469025	0	1	0	2	0	0	0	0	0	0	0	0	0	0	0	4.941538	3.562959	3.552979	3.550127	1.965495	14.750000	18.500000	80.283409	79.985016	79.985016	0	0	1	1	156	1167418
1444469026	0	1	1	0	0	0	0	0	0	0	0	0	0	0	0	4.943151	3.558681	3.550127	3.545850	1.964689	14.500000	18.500000	80.178452	79.917435	79.805565	0	0	1	1	156	1167435
1444469027	1	3	0	4	0	0	1	0	1	0	0	0	0	0	0	4.939927	3.560107	3.550127	3.548701	1.964689	14.750000	18.500000	80.276520	80.015335	79.903404	0	0	1	1	156	1170218
1444469028	1	0	0	0	0	0	0	0	0	0	0	0	0	0	0	4.939927	3.555830	3.544424	3.541572	1.964689	14.750000	18.500000	80.201889	79.866089	79.754150	0	0	1	1	156	1168571
1444469030	0	0	1	1	0	0	0	0	0	0	0	0	0	0	0	4.939927	3.557256	3.542998	3.544424	1.964689	14.750000	18.500000	80.052650	79.791466	79.716843	0	0	1	1	156	1167445
1444469031	0	0	0	1	0	0	0	0	0	0	0	0	0	0	0	4.941538	3.554404	3.542998	3.540147	1.965495	14.750000	18.500000	80.059624	79.761223	79.649323	0	0	1	1	156	1164690
1444469032	0	0	3	1	0	0	0	0	0	0	0	0	0	0	0	4.941538	3.552979	3.540147	3.535869	1.965495	14.750000	18.500000	79.985016	79.388229	79.761223	0	0	1	1	156	1167425
1444469033	1	1	1	2	0	0	0	0	1	0	0	0	0	0	0	4.941538	3.550127	3.537295	3.537295	1.966300	14.750000	18.500000	79.910431	79.612030	79.574722	0	0	1	1	156	1167445
1444469034	0	1	0	0	0	0	0	0	0	0	0	0	0	0	0	4.939927	3.548701	3.538721	3.535869	1.966300	14.750000	18.500000	79.940720	79.642220	79.567596	0	0	1	1	156	1167447
1444469036	0	1	1	0	0	0	0	0	0	0	0	0	0	0	0	4.939927	3.547276	3.534444	3.534444	1.966300	14.750000	18.500000	79.866089	79.604904	79.492981	0	0	1	1	156	1164691
1444469037	1	1	0	0	1	0	0	0	0	0	0	0	0	0	0	4.943151	3.544424	3.528741	3.528741	1.966300	14.750000	18.500000	79.768280	79.432701	79.432701	0	0	1	1	156	1167425
1444469038	1	2	0	0	0	0	0	0	0	0	0	0	0	0	0	4.939927	3.542998	3.530166	3.530166	1.965495	14.750000	18.500000	79.791466	79.455658	79.455658	0	0	1	1	156	1167442
1444469039	0	1	1	0	0	0	0	0	0	0	0	0	0	0	0	4.939927	3.542998	3.524463	3.540147	1.964689	14.750000	18.500000	79.791466	79.567596	79.530281	0	0	1	1	156	1164695
1444469040	1	0	0	0	0	0	0	0	0	0	0	0	0	0	0	4.939927	3.538721	3.527315	3.528741	1.966300	14.750000	18.500000	79.716843	79.418350	79.418350	0	0	1	1	156	1168666
1444469042	0	0	2	1	0	0	0	0	0	0	0	0	0	0	0	4.941538	3.538721	3.527315	3.525889	1.967106	14.750000	18.500000	79.649323	79.350929	79.313637	0	0	1	1	156	1167435
1444469043	1	0	2	1	0	0	0	0	0	0	0	0	0	0	0	4.943151	3.538721	3.525889	3.523038	1.966300	14.750000	18.500000	79.619133	79.283546	79.208977	0	0	1	1	156	1164746
1444469044	0	1	0	1	0	0	0	0	0	0	0	0	0	0	0	4.941538	3.535869	3.524463	3.523038	1.967106	14.750000	18.500000	79.537430	79.239037	79.164444	0	0	1	1	156	1167415
1444469045	0	0	0	0	0	0	0	0	0	0	0	0	0	0	0	4.943151	3.533018	3.523038	3.523038	1.967912	14.750000	18.500000	79.171684	79.432701	79.097115	0	0	1	1	156	1167435
1444469046	0	0	0	0	0	0	0	0	0	0	0	0	0	0	0	4.939927	3.533018	3.524463	3.521612	1.967106	14.750000	18.500000	79.231796	79.455658	79.119858	0	0	1	1	156	1164675
1444469048	0	1	1	0	0	0	0	0	0	0	0	0	0	0	0	4.941538	3.530166	3.518760	3.515909	1.967106	14.750000	18.500000	79.462837	79.164444	79.052536	0	0	1	1	156	1167416
1444469049	0	0	0	0	0	0	0	0	0	0	0	0	0	0	0	4.941538	3.530166	3.515909	3.515909	1.967912	14.750000	18.500000	79.388229	79.089836	79.089836	0	0	1	1	156	1167437
1444469050	0	1	0	2	0	0	0	0	0	0	0	0	0	0	0	4.943151	3.525889	3.517335	3.514483	1.967106	14.750000	18.500000	79.320831	79.097115	78.985252	0	0	1	1	156	1167435
1444469051	0	1	0	0	0	0	0	0	0	0	0	0	0	0	0	4.939927	3.525889	3.517335	3.517335	1.966300	14.750000	18.500000	79.381035	79.119858	79.082550	0	0	1	1	156	1164673
1444469052	0	0	0	2	0	0	0	0	0	0	0	0	0	0	0	4.941538	3.524463	3.513057	3.510206	1.968718	14.750000	18.500000	79.015236	78.977936	78.791443	0	0	1	1	156	1168569
1444469054	0	2	0	1	0	0	0	0	1	0	0	0	0	0	0	4.941538	3.524463	3.510206	3.508780	1.967912	14.750000	18.500000	79.239037	78.866035	78.866035	0	0	1	1	156	1167444
1444469055	1	1	1	3	0	0	0	0	0	0	0	0	0	0	0	4.941538	3.523038	3.508780	3.505929	1.968718	14.750000	18.500000	79.164444	78.866035	78.828743	0	0	1	1	156	1164689
1444469056	2	2	0	0	0	0	0	0	0	0	0	0	0	0	0	4.936703	3.521612	3.510206	3.507354	1.966300	14.750000	18.500000	79.254639	78.918610	78.881271	0	0	1	1	156	1167428
1444469057	0	0	1	1	0	0	0	0	0	0	0	0	0	0	0	4.941538	3.518760	3.505929	3.503077	1.967106	14.750000	18.500000	79.089836	78.791443	78.716843	0	0	1	1	156	1167445
1444469058	0	1	0	1	0	0	0	0	0	0	0	0	0	0	0	4.943151	3.515909	3.501651	3.501651	1.968718	14.750000	18.500000	78.985252	78.649666	78.649666	0	0	1	1	156	1164693
1444469060	0	1	0	0	0	0	0	0	0	0	0	0	0	0	0	4.941538	3.513057	3.505929	3.500226	1.967106	14.750000	18.500000	78.977936	78.679543	78.604950	0	0	1	1	156	1167423
1444469061	1	2	1	1	0	0	0	0	0	0	0	0	0	0	0	4.943151	3.511631	3.500226	3.498800	1.967912	14.750000	18.500000	78.910675	78.575096	78.500519	0	0	1	1	156	1167444
1444469062	0	1	0	0	0	0	0	0	0	0	0	0	0	0	0	4.936703	3.514483	3.500226	3.498800	1.967106	14.750000	18.500000	79.067955	78.694595	78.731934	0	0	1	1	156	1167444
1444469063	0	0	0	2	0	0	0	0	0	0	0	0	0	0	0	4.939927	3.511631	3.498800	3.498800	1.967912	14.750000	18.500000	78.933304	78.597496	78.597496	0	0	1	1	156	1164683
1444469064	1	1	0	1	0	0	0	0	1	0	0	0	0	0	0	4.939927	3.508780	3.494523	3.493097	1.968718	14.750000	18.500000	78.858681	78.522873	78.485565	0	0	1	1	156	1168666
1444469066	0	0	2	0	0	0	0	0	0	0	0	0	0	0	0	4.939927	3.501651	3.480265	3.478839	1.967106	14.750000	18.500000	80.463066	78.224388	78.299004	0	0	1	1	156	1167435
1444469067	1	2	0	0	0	0	0	0	0	0	0	0	0	0	0	4.941538	3.504503	3.490245	3.477413	1.968718	14.750000	18.500000	78.791443	78.306557	78.418449	0	0	1	1	156	1164678
1444469068	0	0	0	1	0	0	0	0	0	0	0	0	0	0	0	4.939927	3.501651	3.491671	3.488820	1.969524	14.750000	18.500000	78.709435	78.410942	78.299004	0	0	1	1	156	1167415
1444469069	1	0	1	1	0	0	0	0	0	0	0	0	0	0	0	4.941538	3.501651	3.487394	3.487394	1.968718	14.750000	18.500000	78.679543	78.343849	78.381149	0	0	1	1	156	1167438
1444469070	0	1	1	0	0	0	0	1	0	0	0	0	0	0	0	4.941538	3.498800	3.487394	3.485968	1.969524	14.750000	18.500000	78.567642	78.269249	78.231956	0	0	1	1	156	1164682
1444469072	2	0	1	1	0	1	0	0	0	0	0	0	0	0	0	4.939927	3.495948	3.485968	3.483117	1.968718	14.750000	18.500000	78.560188	78.299004	78.224388	0	0	1	1	156	1167416
1444469073	2	0	0	0	0	0	0	0	0	0	0	0	0	0	0	4.941538	3.494523	3.484542	3.480265	1.968718	14.750000	18.500000	78.530350	78.082756	78.157349	0	0	1	1	156	1167435
1444469074	1	0	0	1	0	0	0	0	0	0	0	0	0	0	0	4.943151	3.494523	3.483117	3.477413	1.968718	14.750000	18.500000	78.388657	78.053070	78.015785	0	0	1	1	156	1164676
1444469075	0	1	0	0	0	0	0	0	0	0	0	0	0	0	0	4.939927	3.494523	3.480265	3.480265	1.968718	14.750000	18.500000	78.597496	78.187065	78.149757	0	0	1	1	156	1167415
1444469076	1	0	1	1	0	0	0	0	0	0	0	0	0	0	0	4.941538	3.491671	3.477413	3.477413	1.969524	14.750000	18.500000	78.343849	78.008156	77.970856	0	0	1	1	156	1168593
1444469078	2	1	1	0	0	0	0	0	0	0	0	0	0	0	0	4.939927	3.487394	3.473136	3.474562	1.969524	14.750000	18.500000	78.336319	78.000519	78.000519	0	0	1	1	156	1167444
1444469079	0	1	0	1	0	0	0	0	1	0	0	0	0	0	0	4.939927	3.485968	3.473136	3.471710	1.969524	14.750000	18.500000	78.261696	78.000519	77.925896	0	0	1	1	156	1164687
1444469080	1	1	3	0	0	0	0	1	0	0	0	0	0	0	0	4.941538	3.484542	3.470285	3.467433	1.969524	14.750000	18.500000	78.231956	77.896263	77.635162	0	0	1	1	156	1167426
1444469081	2	0	1	1	0	1	1	0	0	0	0	0	0	0	0	4.941538	3.484542	3.468859	3.468859	1.969524	14.750000	18.500000	78.157349	77.821663	77.784363	0	0	1	1	156	1167445
1444469082	2	0	2	0	0	0	0	0	0	0	0	0	0	0	0	4.941538	3.480265	3.468859	3.467433	1.969524	14.750000	18.500000	78.157349	77.821663	77.784363	0	0	1	1	156	1164676
1444469084	1	0	1	2	0	1	0	0	0	0	0	0	0	0	0	4.939927	3.478839	3.466007	3.467433	1.970330	14.750000	18.500000	78.149757	77.776649	77.739334	0	0	1	1	156	1167425
1444469085	0	0	0	1	0	0	0	0	0	0	0	0	0	0	0	4.941538	3.468859	3.464582	3.467433	1.970330	14.750000	18.500000	78.045456	77.747070	77.747070	0	0	1	1	156	1167445
1444469086	1	1	0	3	0	0	1	0	0	0	0	0	0	0	0	4.943151	3.466007	3.473136	3.463156	1.969524	14.750000	18.500000	77.978493	77.642921	77.642921	0	0	1	1	156	1164678
1444469087	1	2	1	0	0	0	0	0	0	0	0	0	0	0	0	4.939927	3.478839	3.464582	3.461730	1.967912	14.750000	18.500000	77.776649	77.702026	77.627403	0	0	1	1	156	1167421
1444469088	0	1	1	0	0	0	0	1	0	0	0	0	0	0	0	4.941538	3.471710	3.460304	3.458879	1.970330	14.750000	18.500000	77.858955	77.523270	77.448677	0	0	1	1	156	1168581
1444469090	2	0	0	0	0	0	0	0	0	0	0	0	0	0	0	4.941538	3.470285	3.457453	3.457453	1.971136	14.750000	18.500000	77.896263	77.523270	77.523270	0	0	1	1	156	1167437
1444469091	1	1	5	1	0	0	0	0	0	1	0	0	0	0	0	4.941538	3.468859	3.456027	3.456027	1.971136	14.750000	18.500000	77.821663	77.523270	77.448677	0	0	1	1	156	1164674
1444469092	0	0	0	0	0	0	0	0	0	0	0	0	0	0	0	4.943151	3.471710	3.454602	3.453176	1.971941	14.750000	18.500000	77.754776	77.381905	77.344627	0	0	1	1	156	1167416
1444469093	0	0	0	0	0	0	0	0	0	0	0	0	0	0	0	4.943151	3.467433	3.454602	3.454602	1.969524	14.750000	18.500000	77.717491	77.381905	77.344627	0	0	1	1	156	1167433
1444469094	1	2	0	3	0	0	0	0	1	0	0	0	0	0	0	4.939927	3.466007	3.450324	3.448898	1.970330	14.750000	18.500000	77.440849	77.105034	77.105034	0	0	1	1	156	1164683
1444469096	0	1	0	0	0	0	0	0	0	0	0	0	0	0	0	4.938315	3.466007	3.447473	3.448898	1.970330	14.750000	18.500000	77.806252	77.283714	77.358360	0	0	1	1	156	1167416
1444469097	4	1	3	2	0	2	1	0	0	0	0	0	0	0	0	4.941538	3.463156	3.447473	3.446047	1.971941	14.750000	18.500000	77.672462	77.299469	77.224869	0	0	1	1	156	1167435
1444469098	1	1	0	2	0	0	1	0	0	0	0	0	0	0	0	4.939927	3.458879	3.444621	3.444621	1.971941	14.750000	18.500000	77.627403	77.216972	77.254280	0	0	1	1	156	1164685
1444469099	1	1	0	1	0	0	1	0	0	0	0	0	0	0	0	4.935091	3.454602	3.456027	3.444621	1.969524	14.750000	19.000000	77.716125	77.417336	77.342636	0	0	1	1	156	1167416
1444469100	2	0	1	0	0	0	0	0	0	0	0	0	0	0	0	4.941538	3.460304	3.443195	3.441770	1.971941	14.750000	18.500000	77.523270	77.112968	77.075676	0	0	1	1	156	1168590
1444469102	0	1	2	0	0	0	0	0	0	0	0	0	0	0	0	4.941538	3.454602	3.440344	3.438918	1.971941	14.750000	18.500000	77.485970	77.112968	77.038383	0	0	1	1	156	1164695
1444469103	2	0	0	1	0	0	0	0	0	0	0	0	0	0	0	4.941538	3.451750	3.437492	3.438918	1.972747	14.750000	18.500000	77.336769	77.001076	77.001076	0	0	1	1	156	1167426
1444469104	1	1	1	1	0	0	0	0	0	0	0	0	0	0	0	4.939927	3.450324	3.437492	3.436067	1.971941	14.750000	19.000000	77.328903	77.030418	76.955788	0	0	1	1	156	1167445
1444469105	1	1	1	2	0	1	0	0	1	0	0	0	0	0	0	4.939927	3.490245	3.426086	3.421809	1.970330	14.750000	18.500000	77.030418	76.955788	76.769241	0	0	1	1	156	1167445
1444469106	0	0	1	1	0	0	0	0	0	0	0	0	0	0	0	4.941538	3.446047	3.431789	3.423235	1.971136	14.750000	19.000000	77.485970	76.814575	76.889183	0	0	1	1	156	1164689
1444469108	0	0	0	2	0	0	0	0	0	0	0	0	0	0	0	4.941538	3.444621	3.431789	3.430364	1.972747	14.750000	18.500000	77.187576	76.889183	76.851875	0	0	1	1	156	1167425
1444469109	0	1	0	1	0	0	0	0	1	0	0	0	0	0	0	4.943151	3.441770	3.430364	3.428938	1.972747	14.750000	18.500000	77.120888	76.822594	76.748024	0	0	1	1	156	1167447
1444469110	1	2	1	2	0	0	0	0	0	1	0	0	0	0	0	4.941538	3.441770	3.428938	3.426086	1.972747	14.750000	18.500000	77.112968	76.777283	76.702682	0	0	1	1	156	1164693
1444469111	0	1	0	0	0	0	0	0	0	0	0	0	0	0	0	4.939927	3.441770	3.427512	3.426086	1.971941	14.750000	19.000000	77.216972	76.806541	76.731926	0	0	1	1	156	1167421
1444469112	2	0	0	0	0	0	0	0	0	0	0	0	0	0	0	4.941538	3.437492	3.417532	3.414680	1.971941	14.750000	18.500000	76.926476	76.702682	76.665382	0	0	1	1	156	1168581
1444469114	1	0	2	0	0	1	0	0	0	0	0	0	0	0	0	4.941538	3.437492	3.418958	3.411829	1.971941	14.750000	19.000000	76.851875	76.590790	76.553482	0	0	1	1	156	1164682
1444469115	0	0	1	1	0	0	0	0	0	0	0	0	0	0	0	4.939927	3.434641	3.420383	3.421809	1.973553	14.750000	18.500000	76.993095	76.545364	76.657303	0	0	1	1	156	1167416
1444469116	0	0	0	2	0	0	0	0	0	0	0	0	0	0	0	4.943151	3.433215	3.421809	3.417532	1.972747	14.750000	19.000000	76.859894	76.524300	76.412437	0	0	1	1	156	1167438
1444469117	0	0	1	0	0	0	0	0	0	0	0	0	0	0	0	4.941538	3.430364	3.414680	3.417532	1.972747	14.750000	18.500000	76.814575	76.441582	76.441582	0	0	1	1	156	1164723
1444469118	2	2	1	1	1	1	0	0	0	0	0	0	0	0	0	4.941538	3.428938	3.416106	3.416106	1.972747	14.750000	19.000000	76.739990	76.441582	76.366989	0	0	1	1	156	1167416
1444469120	2	0	1	0	0	0	0	0	0	0	0	0	0	0	0	4.941538	3.430364	3.413254	3.410403	1.973553	14.750000	19.000000	76.702682	76.366989	76.068596	0	0	1	1	156	1167435
1444469121	1	1	0	0	0	0	0	0	0	0	0	0	0	0	0	4.941538	3.426086	3.413254	3.408977	1.973553	14.750000	19.000000	76.665382	76.329681	76.255089	0	0	1	1	156	1167435
1444469122	0	0	0	0	0	0	0	0	0	0	0	0	0	0	0	4.943151	3.423235	3.411829	3.406126	1.974359	14.750000	19.000000	76.598869	76.263290	76.151428	0	0	1	1	156	1164681
1444469123	0	0	0	1	0	0	0	0	0	0	0	0	0	0	0	4.938315	3.423235	3.413254	3.407552	1.973553	14.750000	19.000000	76.611893	76.350624	76.238655	0	0	1	1	156	1167416
1444469124	0	1	0	0	0	0	0	0	0	0	0	0	0	0	0	4.939927	3.416106	3.404700	3.407552	1.973553	14.750000	19.000000	76.470741	76.172249	76.209557	0	0	1	1	156	1168590
1444469126	1	0	1	0	0	0	0	0	0	0	0	0	0	0	0	4.939927	3.416106	3.401849	3.401849	1.974359	14.750000	19.000000	76.508049	76.172249	76.097626	0	0	1	1	156	1164698
1444469127	0	0	0	0	0	0	0	0	0	0	0	0	0	0	0	4.941538	3.414680	3.400423	3.403274	1.974359	14.750000	19.000000	76.366989	75.956696	75.770203	0	0	1	1	156	1167426
1444469128	2	0	2	1	0	1	0	0	0	0	0	0	0	0	0	4.941538	3.411829	3.400423	3.398997	1.974359	14.750000	19.000000	76.329681	76.031288	75.956696	0	0	1	1	156	1167445
1444469129	0	0	0	0	0	0	0	0	0	0	0	0	0	0	0	4.939927	3.411829	3.400423	3.400423	1.974359	14.750000	19.000000	76.321495	76.023010	76.023010	0	0	1	1	156	1164694
1444469130	2	1	3	2	0	2	0	0	0	0	0	0	0	0	0	4.943151	3.408977	3.394720	3.394720	1.975165	14.750000	19.000000	76.225998	75.890419	75.815842	0	0	1	1	156	1167425
1444469132	1	3	2	1	0	0	0	1	0	0	0	0	0	0	0	4.944762	3.401849	3.397571	3.389017	1.975165	14.750000	19.000000	76.159668	75.861473	75.712372	0	0	1	1	156	1167444
1444469133	0	0	0	0	0	0	0	0	0	0	0	0	0	0	0	4.941538	3.406126	3.393294	3.390443	1.974359	14.750000	19.000000	76.143188	75.807495	75.807495	0	0	1	1	156	1167445
1444469134	1	0	1	0	0	0	0	0	0	0	0	0	0	0	0	4.941538	3.404700	3.391868	3.389017	1.973553	14.750000	19.000000	75.732895	75.770203	75.471794	0	0	1	1	156	1164719
1444469135	1	0	1	0	0	0	0	0	0	0	0	0	0	0	0	4.939927	3.406126	3.390443	3.390443	1.974359	14.750000	19.000000	76.172249	75.836441	75.799141	0	0	1	1	156	1167421
1444469136	0	0	0	0	0	0	0	0	0	0	0	0	0	0	0	4.941538	3.401849	3.390443	3.384739	1.975165	14.750000	19.000000	75.993996	75.732895	75.583702	0	0	1	1	156	1168584
1444469138	0	1	0	3	0	0	0	0	1	0	0	0	0	0	0	4.941538	3.398997	3.386165	3.384739	1.975165	14.750000	19.000000	75.695602	75.434502	75.434502	0	0	1	1	156	1175135
1444469139	2	1	1	2	0	1	1	0	0	0	0	0	0	0	0	4.938315	3.397571	3.386165	3.384739	1.975165	14.750000	19.000000	75.977394	75.678787	75.641472	0	0	1	1	156	1167416
1444469140	0	2	2	0	0	0	0	0	0	0	0	0	0	0	0	4.941538	3.398997	3.386165	3.380462	1.975971	14.750000	19.000000	75.919395	75.583702	75.471794	0	0	1	1	156	1167435
1444469141	3	1	2	0	0	1	0	0	0	0	0	0	0	0	0	4.939927	3.393294	3.380462	3.379036	1.975165	14.750000	19.000000	75.873764	75.537956	75.500641	0	0	1	1	156	1164708
1444469142	0	1	0	0	0	0	0	0	0	0	0	0	0	0	0	4.939927	3.393294	3.379036	3.377611	1.975971	15.000000	19.000000	75.500641	75.649887	75.426018	0	0	1	1	156	1167415
1444469144	0	2	1	1	0	0	0	0	0	0	0	0	0	0	0	4.939927	3.387591	3.377611	3.379036	1.975165	14.750000	19.000000	75.761826	75.500641	75.426018	0	0	1	1	156	1167435
1444469145	0	0	1	0	0	0	0	0	0	0	0	0	0	0	0	4.939927	3.390443	3.377611	3.376185	1.975971	15.000000	19.000000	75.761826	75.426018	75.314087	0	0	1	1	156	1173805
1444469146	1	0	1	0	0	0	0	0	0	0	0	0	0	0	0	4.939927	3.387591	3.374759	3.371908	1.975971	15.000000	19.000000	75.687202	75.351395	75.276772	0	0	1	1	156	1167418
1444469147	0	0	1	0	0	0	0	0	0	0	0	0	0	0	0	4.939927	3.386165	3.376185	3.373333	1.975165	14.750000	19.000000	75.687202	75.426018	75.388710	0	0	1	1	156	1167435
1444469148	0	1	1	1	0	0	0	0	1	0	0	0	0	0	0	4.941538	3.371908	3.373333	3.370482	1.975971	14.750000	19.000000	75.546402	75.285309	75.210709	0	0	1	1	156	1168591
1444469150	0	2	1	0	0	0	0	1	0	0	0	0	0	0	0	4.943151	3.383314	3.370482	3.367630	1.976777	14.750000	19.000000	75.480263	75.181961	75.107391	0	0	1	1	156	1164825
1444469151	3	1	0	2	1	0	1	0	1	0	0	1	0	0	0	4.941538	3.380462	3.367630	3.369056	1.976777	15.000000	19.000000	75.434502	75.136108	75.136108	0	0	1	1	156	1167425
1444469152	0	0	0	1	0	0	0	0	0	0	0	0	0	0	0	4.941538	3.376185	3.364779	3.364779	1.977582	15.000000	19.000000	75.397202	75.061516	75.098808	0	0	1	1	156	1167445
1444469153	1	1	0	3	0	0	0	0	0	0	0	0	0	0	0	4.941538	3.374759	3.364779	3.363353	1.977582	15.000000	19.000000	75.397202	75.098808	75.098808	0	0	1	1	156	1164691
1444469154	2	0	0	1	0	0	1	0	0	0	0	0	0	0	0	4.939927	3.373333	3.361928	3.361928	1.976777	15.000000	19.000000	75.314087	75.090225	75.052902	0	0	1	1	156	1167426
1444469156	0	0	0	0	0	0	0	0	0	0	0	0	0	0	0	4.941538	3.369056	3.351947	3.367630	1.976777	15.000000	19.000000	75.248009	74.949615	74.986916	0	0	1	1	156	1167445
1444469157	0	1	1	1	0	0	0	0	0	0	0	0	0	0	0	4.939927	3.370482	3.347670	3.363353	1.978388	15.000000	19.000000	75.164841	74.978287	74.903656	0	0	1	1	156	1164697
1444469158	0	1	0	1	0	0	0	0	1	0	0	0	0	0	0	4.943151	3.369056	3.357650	3.356225	1.977582	15.000000	19.000000	75.107391	74.846382	74.846382	0	0	1	1	156	1167425
1444469159	0	1	1	1	0	0	0	1	0	0	0	0	0	0	0	4.941538	3.369056	3.357650	3.356225	1.976777	15.000000	19.000000	75.248009	74.875015	74.875015	0	0	1	1	156	1167440
1444469160	0	1	0	1	0	0	0	0	1	0	0	0	0	0	0	4.941538	3.366205	3.353373	3.353373	1.977582	15.000000	19.000000	75.098808	74.800415	74.800415	0	0	1	1	156	1168581
1444469162	4	0	1	3	0	0	0	0	0	0	0	0	0	0	0	4.941538	3.363353	3.350521	3.350521	1.977582	15.000000	19.000000	75.024208	74.725815	74.688515	0	0	1	1	156	1164679
1444469163	2	0	0	0	0	0	0	0	0	0	0	0	0	0	0	4.941538	3.351947	3.356225	3.346244	1.978388	15.000000	19.000000	74.949615	74.725815	74.651222	0	0	1	1	156	1167415
1444469164	0	2	0	2	0	0	0	0	0	0	0	0	0	0	0	4.941538	3.360502	3.350521	3.346244	1.977582	15.000000	19.000000	74.986916	74.688515	74.613914	0	0	1	1	156	1167436
1444469165	0	1	1	0	0	0	0	0	0	0	0	0	0	0	0	4.943151	3.359076	3.347670	3.347670	1.978388	15.000000	19.000000	74.920952	74.548080	74.585358	0	0	1	1	156	1164710
1444469166	0	2	0	1	0	0	0	0	1	0	0	0	0	0	0	4.941538	3.354799	3.346244	3.344818	1.977582	15.000000	19.000000	74.837715	74.613914	74.539322	0	0	1	1	156	1167416
1444469168	2	0	0	1	0	0	0	0	0	0	0	0	0	0	0	4.943151	3.353373	3.344818	3.343393	1.978388	15.000000	19.000000	74.771805	74.510788	74.436211	0	0	1	1	156	1167435
1444469169	0	0	0	0	0	0	0	0	0	0	0	0	0	0	0	4.936703	3.354799	3.343393	3.341967	1.976777	15.000000	19.000000	74.923683	74.587654	74.550308	0	0	1	1	156	1164680
1444469170	0	0	2	1	0	0	0	0	0	0	0	0	0	0	0	4.941538	3.351947	3.340541	3.339115	1.979194	15.000000	19.000000	74.464714	74.613914	74.278229	0	0	1	1	156	1167415
1444469171	1	2	0	1	0	0	0	0	1	0	0	0	0	0	0	4.939927	3.350521	3.339115	3.340541	1.978388	15.000000	19.000000	74.754410	74.493233	74.418610	0	0	1	1	156	1167435
1444469172	0	1	4	1	0	0	0	0	0	1	0	0	0	0	0	4.939927	3.346244	3.337690	3.334838	1.978388	15.000000	19.000000	74.567856	74.306679	74.120117	0	0	1	1	156	1165837
1444469174	2	1	1	2	0	0	1	0	0	0	0	0	0	0	0	4.939927	3.349096	3.334838	3.331987	1.978388	15.000000	19.000000	74.679794	74.343987	74.269363	0	0	1	1	156	1167426
1444469175	2	1	1	1	0	0	0	0	0	0	0	0	0	0	0	4.939927	3.344818	3.333412	3.330561	1.979194	15.000000	19.000000	74.567856	74.232056	74.194740	0	0	1	1	156	1167445
1444469176	0	1	0	2	0	0	0	0	0	0	0	0	0	0	0	4.943151	3.341967	3.330561	3.330561	1.980000	15.000000	19.000000	74.175217	74.175217	74.063347	0	0	1	1	156	1167445
1444469177	0	1	1	0	0	0	0	0	0	0	0	0	0	0	0	4.941538	3.339115	3.329135	3.327709	1.979194	15.000000	19.000000	74.129028	74.166328	74.054436	0	0	1	1	156	1164700
1444469178	1	1	0	0	0	0	0	0	0	0	0	0	0	0	0	4.939927	3.336264	3.326284	3.324858	1.979194	15.000000	19.000000	74.418610	74.120117	74.157433	0	0	1	1	156	1167426
1444469180	2	0	2	1	0	0	0	0	0	0	0	0	0	0	0	4.939927	3.339115	3.326284	3.323432	1.978388	15.000000	19.000000	74.418610	74.045494	74.045494	0	0	1	1	156	1167447
1444469181	3	1	1	1	0	0	0	0	0	0	0	0	0	0	0	4.941538	3.336264	3.327709	3.320580	1.979194	15.000000	19.000000	74.352829	74.054436	73.867935	0	0	1	1	156	1164699
1444469182	1	0	0	1	0	0	0	0	0	0	0	0	0	0	0	4.941538	3.330561	3.322006	3.320580	1.980000	15.000000	19.000000	74.278229	73.942520	73.905228	0	0	1	1	156	1167425
1444469183	1	0	1	2	0	1	0	0	0	0	0	0	0	0	0	4.936703	3.324858	3.316303	3.309175	1.976777	15.000000	19.000000	74.102287	74.176956	73.952942	0	0	1	1	156	1167437
1444469184	1	0	1	1	0	1	0	0	0	0	0	0	0	0	0	4.941538	3.330561	3.319155	3.302046	1.980806	15.000000	19.000000	74.129028	73.756027	73.756027	0	0	1	1	156	1165820
1444469186	0	1	0	0	0	0	0	0	0	0	0	0	0	0	0	4.941538	3.326284	3.313452	3.313452	1.980000	15.000000	19.000000	74.091728	73.756027	73.718735	0	0	1	1	156	1167415
1444469187	2	1	2	2	0	0	0	0	0	0	0	0	0	0	0	4.943151	3.327709	3.312026	3.312026	1.980000	15.000000	19.000000	74.063347	73.690475	73.690475	0	0	1	1	156	1167438
1444469188	2	0	1	0	0	0	0	0	0	0	0	0	0	0	0	4.941538	3.324858	3.313452	3.310600	1.980806	15.000000	19.000000	74.017128	73.681435	73.644127	0	0	1	1	156	1167435
1444469189	2	1	2	0	0	0	0	0	0	0	0	0	0	0	0	4.939927	3.323432	3.309175	3.307749	1.980000	15.000000	19.000000	74.008194	73.672371	73.635071	0	0	1	1	156	1164705
1444469190	2	1	0	1	1	0	0	0	0	0	0	0	0	0	0	4.939927	3.320580	3.310600	3.307749	1.980806	15.000000	19.000000	73.933556	73.597763	73.597763	0	0	1	1	156	1167416
1444469192	1	1	1	1	0	0	0	0	0	0	0	0	0	0	0	4.941538	3.317729	3.306323	3.306323	1.980806	15.000000	19.000000	73.830635	73.532242	73.494934	0	0	1	1	156	1167435
1444469193	1	0	2	1	0	0	0	0	0	0	0	0	0	0	0	4.939927	3.319155	3.303472	3.303472	1.981612	15.000000	19.000000	73.858932	73.485825	73.485825	0	0	1	1	156	1164685
1444469194	1	1	3	1	0	0	0	0	1	0	0	0	0	0	0	4.939927	3.313452	3.303472	3.303472	1.980806	15.000000	19.000000	73.821617	73.485825	73.448517	0	0	1	1	156	1167411
1444469195	0	1	2	0	0	0	0	0	0	0	0	0	0	0	0	4.938315	3.314878	3.302046	3.302046	1.980000	15.000000	19.000000	73.849930	73.514023	73.476707	0	0	1	1	156	1167435
1444469196	0	1	0	0	0	0	0	0	0	0	0	0	0	0	0	4.941538	3.313452	3.299194	3.300620	1.980806	15.000000	19.000000	73.718735	73.345734	73.345734	0	0	1	1	156	1165837
1444469198	0	1	3	0	0	0	0	0	0	0	0	0	0	0	0	4.943151	3.309175	3.297769	3.294917	1.980806	15.000000	19.000000	73.653183	73.317596	73.056587	0	0	1	1	156	1167426
1444469199	0	0	0	1	0	0	0	0	0	0	0	0	0	0	0	4.941538	3.307749	3.296343	3.296343	1.980806	15.000000	19.000000	73.569542	73.271149	73.233849	0	0	1	1	156	1167445
1444469200	0	1	1	1	0	0	0	0	0	0	0	0	0	0	0	4.941538	3.307749	3.293491	3.292066	1.981612	15.000000	19.000000	73.532242	73.196541	73.121948	0	0	1	1	156	1164692
1444469201	0	0	0	1	0	0	0	0	0	0	0	0	0	0	0	4.941538	3.304897	3.294917	3.292066	1.981612	15.000000	19.000000	73.457642	73.196541	73.084641	0	0	1	1	156	1167425
1444469202	0	2	2	1	0	0	0	0	1	0	0	0	0	0	0	4.941538	3.293491	3.292066	3.290640	1.981612	15.000000	19.000000	73.494934	73.159248	73.084641	0	0	1	1	156	1167445
1444469204	1	1	0	0	0	0	0	0	0	0	0	0	0	0	0	4.941538	3.302046	3.289214	3.287788	1.982418	15.000000	19.000000	73.383041	73.121948	73.010040	0	0	1	1	156	1167445
1444469205	0	0	2	2	0	0	0	0	0	0	0	0	0	0	0	4.941538	3.296343	3.286362	3.283511	1.982418	15.000000	19.000000	73.308441	73.010040	72.823555	0	0	1	1	156	1164778
1444469206	1	1	0	0	0	0	0	0	0	0	0	0	0	0	0	4.941538	3.299194	3.284937	3.282085	1.982418	15.000000	19.000000	73.345734	72.972748	72.860847	0	0	1	1	156	1167425
1444469207	1	1	1	2	0	0	0	0	0	0	0	0	0	0	0	4.938315	3.299194	3.284937	3.284937	1.982418	15.000000	19.000000	73.402046	73.028816	72.991486	0	0	1	1	156	1167440
1444469208	0	3	1	1	0	0	0	1	1	0	0	0	0	0	0	4.941538	3.293491	3.282085	3.282085	1.982418	15.000000	19.000000	73.196541	72.898148	72.898148	0	0	1	1	156	1165817
1444469210	1	0	0	1	0	0	0	0	0	0	0	0	0	0	0	4.943151	3.294917	3.279234	3.276382	1.982418	15.000000	19.000000	73.093887	72.795586	72.795586	0	0	1	1	156	1167415
1444469211	1	1	0	0	0	0	0	0	0	0	0	0	0	0	0	4.943151	3.289214	3.274956	3.276382	1.983224	15.000000	19.000000	73.093887	72.609146	72.571861	0	0	1	1	156	1167436
1444469212	1	0	0	0	0	0	0	0	0	0	0	0	0	0	0	4.939927	3.277808	3.267828	3.264976	1.981612	15.000000	19.000000	72.926155	72.478416	72.478416	0	0	1	1	156	1164689
1444469213	1	1	0	1	1	0	0	0	0	0	0	0	0	0	0	4.938315	3.286362	3.276382	3.273531	1.982418	15.000000	19.000000	73.140785	72.804871	72.804871	0	0	1	1	156	1167416
1444469214	1	1	1	0	0	0	0	0	0	0	0	0	0	0	0	4.941538	3.284937	3.273531	3.272105	1.983224	15.000000	19.000000	72.935440	72.637047	72.674355	0	0	1	1	156	1167435
1444469216	0	1	0	0	0	0	0	0	0	0	0	0	0	0	0	4.944762	3.286362	3.266402	3.266402	1.983224	15.000000	19.000000	72.842194	72.543991	72.469444	0	0	1	1	156	1167435
1444469217	1	1	2	3	0	0	0	0	0	0	0	0	0	0	0	4.944762	3.286362	3.267828	3.267828	1.982418	15.000000	19.000000	72.842194	72.506714	72.469444	0	0	1	1	156	1164678
1444469218	2	1	1	1	0	0	1	0	0	0	0	0	0	0	0	4.941538	3.279234	3.266402	3.264976	1.983224	15.000000	19.000000	72.711647	72.264061	72.264061	0	0	1	1	156	1167414
1444469219	0	0	0	1	0	0	0	0	0	0	0	0	0	0	0	4.941538	3.279234	3.269253	3.264976	1.984029	15.000000	19.000000	72.823555	72.525162	72.450562	0	0	1	1	156	1167435
1444469220	0	1	1	1	0	0	0	0	1	0	0	0	0	0	0	4.941538	3.274956	3.263551	3.259273	1.984029	15.000000	19.000000	72.674355	72.375961	72.301361	0	0	1	1	156	1165852
1444469222	2	0	5	0	0	1	0	0	0	0	0	0	0	0	0	4.943151	3.273531	3.259273	3.260699	1.983224	15.000000	19.000000	72.683723	72.310852	72.273567	0	0	1	1	156	1167428
1444469223	1	2	2	1	0	0	0	0	0	0	0	0	0	0	0	4.938315	3.260699	3.249293	3.247867	1.981612	15.000000	19.000000	72.730232	72.319664	72.356995	0	0	1	1	156	1167445
1444469224	1	0	1	0	0	1	0	0	0	0	0	0	0	0	0	4.938315	3.270679	3.253570	3.253570	1.983224	15.000000	19.000000	72.618256	72.319664	72.282341	0	0	1	1	156	1164679
1444469225	1	1	2	1	0	0	0	0	0	0	0	0	0	0	0	4.941538	3.264976	3.253570	3.253570	1.983224	15.000000	19.000000	72.487854	72.189461	72.189461	0	0	1	1	156	1167422
1444469226	0	0	0	0	0	0	0	0	0	0	0	0	0	0	0	4.941538	3.264976	3.250719	3.250719	1.984835	15.000000	19.000000	72.487854	72.226753	72.077560	0	0	1	1	156	1167445
1444469228	0	0	1	0	0	0	0	0	0	0	0	0	0	0	0	4.939927	3.262125	3.250719	3.247867	1.984029	15.000000	19.000000	72.478416	72.179916	72.105293	0	0	1	1	156	1176763
1444469229	2	2	2	0	0	0	0	0	0	0	0	0	0	0	0	4.941538	3.260699	3.247867	3.246441	1.985641	15.000000	19.000000	72.375961	72.040268	72.002960	0	0	1	1	156	1167425
1444469230	2	0	0	0	0	0	0	0	0	0	0	0	0	0	0	4.944762	3.249293	3.249293	3.240738	1.984029	15.000000	19.000000	72.171242	71.910316	71.835770	0	0	1	1	156	1167445
1444469231	3	2	1	1	1	0	0	0	0	0	0	0	0	0	0	4.939927	3.257848	3.246441	3.245016	1.984835	15.000000	19.000000	72.478416	72.030670	72.030670	0	0	1	1	156	1167440
1444469232	0	0	3	1	0	0	0	0	0	0	0	0	0	0	0	4.941538	3.254996	3.242164	3.242164	1.984835	15.000000	19.000000	72.226753	71.704575	72.002960	0	0	1	1	156	1165820
1444469234	1	1	0	0	0	0	0	0	0	0	0	0	0	0	0	4.941538	3.252144	3.242164	3.239313	1.984835	15.000000	19.000000	72.152161	71.816475	71.779167	0	0	1	1	156	1167416
1444469235	0	1	0	2	0	0	0	0	1	0	0	0	0	0	0	4.939927	3.250719	3.237887	3.235035	1.984835	15.000000	19.000000	72.179916	71.806801	71.732178	0	0	1	1	156	1167437
