time	cnt1	cnt2	cnt3	cnt4	1&2	1&3	1&4	2&3	2&4	3&4	1&2&3	1&2&4	1&3&4	2&3&4	1&2&3&4	adcr	adcp1	adcp2	adcp3	adcntc	ntcT	digT	p1	p2	p3	hvstate	pbsstate	ethstate	listpbs	sdstate	looptime
1444469236	3	2	1	1	0	0	0	0	0	0	0	0	0	0	0	4.941538	3.250719	3.237887	3.236461	1.984835	15.000000	19.000000	72.114868	71.816475	71.741875	0	0	1	1	156	1164682
1444469237	1	2	2	1	0	1	0	0	1	0	0	0	0	0	0	4.943151	3.239313	3.226481	3.240738	1.985641	15.000000	19.000000	72.012558	71.676964	71.676964	0	0	1	1	156	1214407
1444469238	0	0	0	0	0	0	0	0	0	0	0	0	0	0	0	4.941538	3.246441	3.233610	3.232184	1.985641	15.000000	19.000000	72.002960	71.667274	71.704575	0	0	1	1	156	1167416
1444469240	1	1	0	1	1	0	0	0	0	0	0	0	0	0	0	4.939927	3.243590	3.233610	3.230758	1.985641	15.000000	19.000000	71.956047	71.694878	71.582939	0	0	1	1	156	1201546
1444469241	0	0	0	1	0	0	0	0	0	0	0	0	0	0	0	4.939927	3.242164	3.229332	3.226481	1.985641	15.000000	19.000000	71.844124	71.545631	71.471008	0	0	1	1	156	1167415
1444469242	0	0	1	0	0	0	0	0	0	0	0	0	0	0	0	4.943151	3.232184	3.233610	3.226481	1.985641	15.000000	19.000000	71.826111	71.527817	71.453247	0	0	1	1	156	1167436
1444469243	2	1	1	2	0	1	0	0	0	0	0	0	0	0	0	4.941538	3.240738	3.229332	3.229332	1.986447	15.000000	19.000000	71.853767	71.592674	71.555374	0	0	1	1	156	1170265
1444469244	0	0	1	0	0	0	0	0	0	0	0	0	0	0	0	4.941538	3.236461	3.223629	3.225055	1.987253	15.000000	19.000000	71.741875	71.406181	71.406181	0	0	1	1	156	1168676
1444469246	2	0	1	0	0	0	0	0	0	0	0	0	0	0	0	4.939927	3.235035	3.226481	3.223629	1.986447	15.000000	19.000000	71.694878	71.396378	71.359070	0	0	1	1	156	1167445
1444469247	0	0	0	2	0	0	0	0	0	0	0	0	0	0	0	4.941538	3.236461	3.227907	3.222203	1.985641	15.000000	19.000000	71.704575	71.406181	71.331573	0	0	1	1	156	1164692
1444469248	0	0	1	0	0	0	0	0	0	0	0	0	0	0	0	4.943151	3.230758	3.222203	3.217926	1.987253	15.000000	19.000000	71.378670	71.304100	71.154953	0	0	1	1	156	1167425
1444469249	1	1	1	0	0	0	0	0	0	0	0	0	0	0	0	4.943151	3.230758	3.217926	3.216501	1.987253	15.000000	19.000000	71.527817	71.341377	71.192230	0	0	1	1	156	1167444
1444469250	2	1	2	0	0	1	0	0	0	0	0	0	0	0	0	4.941538	3.226481	3.217926	3.215075	1.987253	15.000000	19.000000	71.480774	71.182381	71.145081	0	0	1	1	156	1164685
1444469252	1	0	0	2	0	0	0	0	0	0	0	0	0	0	0	4.939927	3.229332	3.219352	3.215075	1.987253	15.000000	19.000000	71.545631	71.284447	71.135201	0	0	1	1	156	1167428
1444469253	0	0	0	0	0	0	0	0	0	0	0	0	0	0	0	4.941538	3.223629	3.217926	3.215075	1.987253	15.000000	19.000000	71.443481	71.182381	71.107788	0	0	1	1	156	1167445
1444469254	0	0	0	1	0	0	0	0	0	0	0	0	0	0	0	4.943151	3.223629	3.216501	3.212223	1.988059	15.000000	19.000000	71.304100	71.043083	71.005806	0	0	1	1	156	1167445
1444469255	0	2	0	2	0	0	0	0	0	0	0	0	0	0	0	4.938315	3.212223	5.815650	3.200817	1.985641	15.000000	19.000000	71.573196	71.087990	71.162636	0	0	1	1	156	1164678
1444469256	0	2	1	1	0	0	0	0	0	0	0	0	0	0	0	4.939927	3.220778	3.210798	3.209372	1.987253	15.000000	19.000000	71.396378	71.097885	71.060577	0	0	1	1	156	1168562
1444469258	1	1	0	3	0	0	0	0	0	0	0	0	0	0	0	4.939927	3.219352	3.207946	3.206520	1.987253	15.000000	19.000000	71.247131	71.023262	70.911331	0	0	1	1	156	1167438
1444469259	0	0	2	1	0	0	0	0	0	1	0	0	0	0	0	4.939927	3.215075	3.203669	3.203669	1.988059	15.000000	19.000000	71.247131	70.911331	70.948639	0	0	1	1	156	1164675
1444469260	0	1	0	2	0	0	0	0	0	0	0	0	0	0	0	4.939927	3.215075	3.202243	3.205095	1.988059	15.000000	19.000000	71.209824	70.874016	70.874016	0	0	1	1	156	1167416
1444469261	0	2	2	2	0	0	0	0	0	0	0	0	0	0	0	4.941538	3.206520	3.199392	3.193689	1.987253	15.000000	19.000000	70.846687	70.995888	70.548286	0	0	1	1	156	1167435
1444469262	1	1	1	0	0	0	0	0	0	0	0	0	0	0	0	4.941538	3.215075	3.200817	3.199392	1.987253	15.000000	19.000000	71.107788	70.772087	70.399094	0	0	1	1	156	1164685
1444469264	3	2	2	1	0	0	1	0	0	0	0	0	0	0	0	4.941538	3.212223	3.197966	3.196540	1.988865	15.250000	19.000000	71.033188	70.697495	70.660194	0	0	1	1	156	1167416
1444469265	0	0	2	1	0	0	0	0	0	0	0	0	0	0	0	4.941538	3.210798	3.196540	3.196540	1.988059	15.000000	19.000000	71.033188	70.660194	70.622887	0	0	1	1	156	1167435
1444469266	0	1	0	0	0	0	0	0	0	0	0	0	0	0	0	4.941538	3.197966	3.200817	3.190837	1.988865	15.250000	19.000000	70.995888	70.697495	70.585587	0	0	1	1	156	1167435
1444469267	0	2	2	1	0	0	0	0	0	0	0	0	0	0	0	4.939927	3.207946	3.195114	3.193689	1.988059	15.000000	19.000000	71.023262	70.687462	70.612839	0	0	1	1	156	1164681
1444469268	2	1	2	0	0	0	0	1	0	0	0	0	0	0	0	4.939927	3.203669	3.190837	3.189411	1.988865	15.250000	19.000000	70.874016	70.538208	70.239716	0	0	1	1	156	1168572
1444469270	1	1	1	1	0	0	0	0	0	0	0	0	0	0	0	4.939927	3.202243	3.187985	3.190837	1.988865	15.250000	19.000000	70.911331	70.500900	70.500900	0	0	1	1	156	1167445
1444469271	1	1	1	2	0	0	0	0	0	0	0	0	0	0	0	4.941538	3.199392	3.187985	3.186560	1.989670	15.250000	19.000000	70.846687	70.548286	70.473686	0	0	1	1	156	1184638
1444469272	1	1	0	1	0	0	0	0	0	0	0	0	0	0	0	4.941538	3.199392	3.186560	3.183708	1.989670	15.250000	19.000000	70.734787	70.436394	70.361794	0	0	1	1	156	1167425
1444469273	0	0	0	3	0	0	0	0	0	0	0	0	0	0	0	4.941538	3.199392	3.183708	3.183708	1.990476	15.250000	19.000000	70.473686	70.361794	70.287193	0	0	1	1	156	1167445
1444469274	2	1	1	0	0	0	0	0	0	0	0	0	0	0	0	4.939927	3.196540	3.182282	3.180857	1.990476	15.250000	19.000000	70.463593	70.314346	70.277031	0	0	1	1	156	1164683
1444469276	0	4	0	3	0	0	0	0	3	0	0	0	0	0	0	4.941538	3.193689	3.182282	3.180857	1.990476	15.250000	19.000000	70.585587	70.249893	70.212593	0	0	1	1	156	1167425
1444469277	1	0	1	0	0	0	0	0	0	0	0	0	0	0	0	4.941538	3.192263	3.179431	3.178005	1.990476	15.250000	19.000000	70.548286	70.212593	70.175293	0	0	1	1	156	1167447
1444469278	1	1	0	0	0	0	0	0	0	0	0	0	0	0	0	4.941538	3.190837	3.178005	3.178005	1.990476	15.250000	19.000000	70.473686	70.138000	70.175293	0	0	1	1	156	1164692
1444469279	1	0	1	2	0	0	0	0	0	0	0	0	0	0	0	4.939927	3.190837	3.178005	3.178005	1.989670	15.250000	19.000000	70.687462	70.239716	70.165100	0	0	1	1	156	1167421
1444469280	1	2	1	0	0	0	0	0	0	0	0	0	0	0	0	4.943151	3.186560	3.173728	3.170877	1.991282	15.250000	19.000000	70.371918	70.036331	69.961761	0	0	1	1	156	1168682
1444469282	1	4	2	0	0	1	0	1	0	0	0	0	0	0	0	4.941538	3.183708	3.170877	3.168025	1.991282	15.250000	19.000000	70.361794	70.026100	69.988808	0	0	1	1	156	1167432
1444469283	0	1	0	1	0	0	0	0	0	0	0	0	0	0	0	4.943151	3.185134	3.170877	3.168025	1.990476	15.250000	19.000000	70.297340	69.924477	69.924477	0	0	1	1	156	1164690
1444469284	1	3	2	0	0	0	0	1	0	0	0	0	0	0	0	4.939927	3.182282	3.168025	3.169451	1.990476	15.250000	19.000000	70.314346	70.015854	69.941231	0	0	1	1	156	1167416
1444469285	0	1	0	1	0	0	0	0	0	0	0	0	0	0	0	4.939927	3.180857	3.168025	3.166599	1.990476	15.250000	19.000000	70.239716	69.903923	69.866608	0	0	1	1	156	1167435
1444469286	1	0	1	1	0	0	0	0	0	0	0	0	0	0	0	4.939927	3.176579	3.166599	3.165174	1.991282	15.250000	19.000000	70.202415	69.866608	69.829292	0	0	1	1	156	1164670
1444469288	0	1	1	1	0	0	0	0	1	0	0	0	0	0	0	4.941538	3.178005	3.165174	3.163748	1.991282	15.250000	19.000000	70.063400	69.765007	69.727707	0	0	1	1	156	1167416
1444469289	0	3	1	2	0	0	0	0	1	0	0	0	0	0	0	4.939927	3.173728	3.160896	3.162322	1.991282	15.250000	19.000000	70.127785	69.829292	69.754669	0	0	1	1	156	1167435
1444469290	0	1	2	1	0	0	0	0	0	0	0	0	0	0	0	4.941538	3.172302	3.158045	3.158045	1.991282	15.250000	19.000000	70.063400	69.727707	69.615807	0	0	1	1	156	1164692
1444469291	1	1	0	0	0	0	0	0	0	0	0	0	0	0	0	4.939927	3.172302	3.160896	3.159470	1.991282	15.250000	19.000000	70.090477	69.717354	69.642738	0	0	1	1	156	1167418
1444469292	0	2	1	2	0	0	0	0	1	0	0	0	0	0	0	4.939927	3.169451	3.156619	3.156619	1.992088	15.250000	19.000000	70.015854	69.642738	69.605423	0	0	1	1	156	1168591
1444469294	2	2	0	1	1	0	0	0	0	0	0	0	0	0	0	4.941538	3.166599	3.149490	3.142361	1.992894	15.250000	19.000000	69.839607	69.541206	69.541206	0	0	1	1	156	1167445
1444469295	1	1	1	0	1	0	0	0	0	0	0	0	0	0	0	4.938315	3.159470	3.148064	3.140936	1.990476	15.250000	19.000000	69.632362	69.221802	69.259125	0	0	1	1	156	1164679
1444469296	2	1	1	0	0	0	0	0	0	0	0	0	0	0	0	4.939927	3.165174	3.152342	3.149490	1.992088	15.250000	19.000000	69.829292	69.493492	69.456177	0	0	1	1	156	1167425
1444469297	0	2	3	0	0	0	0	0	0	0	0	0	0	0	0	4.941538	3.160896	3.149490	3.149490	1.992894	15.250000	19.000000	69.765007	69.429314	69.392014	0	0	1	1	156	1167447
1444469298	1	0	2	2	0	1	0	0	0	0	0	0	0	0	0	4.939927	3.159470	3.148064	3.148064	1.992894	15.250000	19.000000	69.680046	69.418869	69.306938	0	0	1	1	156	1164689
1444469300	3	1	0	0	0	0	0	0	0	0	0	0	0	0	0	4.939927	3.159470	3.143787	3.143787	1.992894	15.250000	19.000000	69.717354	69.344246	69.344246	0	0	1	1	156	1167426
1444469301	3	3	1	2	1	0	0	0	1	0	0	0	0	0	0	4.941538	3.153767	3.136658	3.140936	1.992088	15.250000	19.000000	69.503906	69.019020	68.981728	0	0	1	1	156	1167445
1444469302	2	3	3	0	0	1	0	1	0	0	0	0	0	0	0	4.939927	3.153767	3.140936	3.140936	1.992894	15.250000	19.000000	69.605423	69.195000	69.120377	0	0	1	1	156	1164668
1444469303	0	1	2	1	0	0	0	0	1	0	0	0	0	0	0	4.939927	3.153767	3.139510	3.140936	1.991282	15.250000	19.000000	69.680046	69.269623	69.269623	0	0	1	1	156	1167421
1444469304	1	0	2	0	0	0	0	0	0	0	0	0	0	0	0	4.941538	3.149490	3.139510	3.136658	1.992894	15.250000	19.000000	69.466606	69.093620	69.056320	0	0	1	1	156	1168581
1444469306	2	0	0	1	0	0	1	0	0	0	0	0	0	0	0	4.941538	3.146639	3.135233	3.135233	1.993700	15.250000	19.000000	69.429314	69.093620	69.056320	0	0	1	1	156	1164689
1444469307	2	3	2	3	0	0	1	0	1	0	0	0	0	0	0	4.939927	3.148064	3.132381	3.133807	1.993700	15.250000	19.000000	69.493492	69.045761	69.083069	0	0	1	1	156	1167415
1444469308	1	0	0	0	0	0	0	0	0	0	0	0	0	0	0	4.944762	3.145213	3.133807	3.132381	1.993700	15.250000	19.000000	69.301064	68.891045	68.741943	0	0	1	1	156	1167435
1444469309	2	1	1	2	0	0	0	0	1	1	0	0	0	0	0	4.941538	3.142361	3.130955	3.130955	1.993700	15.250000	19.000000	69.242813	68.981728	68.944427	0	0	1	1	156	1167435
1444469310	2	0	0	1	0	0	0	0	0	0	0	0	0	0	0	4.939927	3.140936	3.129530	3.126678	1.994506	15.250000	19.000000	69.269623	68.933823	68.896507	0	0	1	1	156	1164672
1444469312	0	0	1	1	0	0	0	0	0	0	0	0	0	0	0	4.939927	3.138084	3.125252	3.130955	1.993700	15.250000	19.000000	69.195000	68.896507	68.896507	0	0	1	1	156	1167416
1444469313	1	1	0	0	0	0	0	0	0	0	0	0	0	0	0	4.941538	3.142361	3.123827	3.122401	1.994506	15.250000	19.000000	69.168213	68.832520	68.795219	0	0	1	1	156	1167435
1444469314	0	0	1	0	0	0	0	0	0	0	0	0	0	0	0	4.941538	3.139510	3.122401	3.120975	1.993700	15.250000	19.000000	69.130920	68.720627	68.720627	0	0	1	1	156	1164673
1444469315	2	0	3	1	0	1	0	0	0	0	0	0	0	0	0	4.939927	3.135233	3.123827	3.123827	1.993700	15.250000	19.000000	69.232315	68.747261	68.821884	0	0	1	1	156	1167414
1444469316	0	2	2	2	0	0	0	0	0	0	0	0	0	0	0	4.941538	3.130955	3.120975	3.120975	1.994506	15.250000	19.000000	68.944427	68.646027	68.646027	0	0	1	1	156	1168591
1444469318	0	1	0	1	0	0	0	0	0	0	0	0	0	0	0	4.941538	3.130955	3.116698	3.116698	1.995311	15.250000	19.000000	68.944427	68.608719	68.571434	0	0	1	1	156	1164692
1444469319	0	0	3	1	0	0	0	0	0	0	0	0	0	0	0	4.939927	3.130955	3.115272	3.115272	1.994506	15.250000	19.000000	68.933823	68.598015	68.598015	0	0	1	1	156	1167427
1444469320	1	0	2	1	0	0	0	0	0	0	0	0	0	0	0	4.941538	3.128104	3.112421	3.115272	1.995311	15.250000	19.000000	68.832520	68.496826	68.496826	0	0	1	1	156	1167445
1444469321	2	2	3	2	1	0	0	0	0	0	0	0	0	0	0	4.941538	3.126678	3.112421	3.113846	1.995311	15.250000	19.000000	68.869820	68.422234	68.459526	0	0	1	1	156	1167442
1444469322	0	0	0	0	0	0	0	0	0	0	0	0	0	0	0	4.939927	3.123827	3.110995	3.110995	1.995311	15.250000	19.000000	68.859192	68.486076	68.448769	0	0	1	1	156	1164700
1444469324	1	3	1	2	0	0	0	1	1	0	0	0	0	0	0	4.941538	3.120975	3.109569	3.108143	1.995311	15.250000	19.000000	68.720627	68.384926	68.347633	0	0	1	1	156	1167426
1444469325	2	1	1	0	0	0	0	0	0	0	0	0	0	0	0	4.939927	3.119549	3.105292	3.106718	1.995311	15.250000	19.000000	68.672638	68.374153	68.374153	0	0	1	1	156	1167445
1444469326	0	2	0	0	0	0	0	0	0	0	0	0	0	0	0	4.943151	3.120975	3.105292	3.106718	1.996117	15.250000	19.000000	68.619423	68.246552	68.246552	0	0	1	1	156	1164693
1444469327	2	0	3	1	0	2	0	0	0	0	0	0	0	0	0	4.938315	3.118124	3.103866	3.105292	1.995311	15.250000	19.000000	68.736595	68.326042	68.326042	0	0	1	1	156	1167420
1444469328	1	1	1	2	0	0	0	0	0	0	0	0	0	0	0	4.943151	3.113846	3.102440	3.101015	1.996117	15.250000	19.000000	68.470276	68.171982	68.134682	0	0	1	1	156	1168581
1444469330	0	1	1	1	0	0	0	0	0	0	0	0	0	0	0	4.939927	3.115272	3.101015	3.101015	1.996923	15.250000	19.000000	68.598015	68.224907	68.224907	0	0	1	1	156	1164704
1444469331	1	1	2	2	0	1	0	0	1	0	0	0	0	0	0	4.941538	3.110995	3.098163	3.096737	1.996117	15.250000	19.000000	68.459526	68.161133	68.086533	0	0	1	1	156	1167415
1444469332	0	1	2	2	0	0	0	0	0	0	0	0	0	0	0	4.941538	3.109569	3.096737	3.095311	1.996923	15.250000	19.000000	68.347633	68.011932	67.974632	0	0	1	1	156	1167435
1444469333	1	1	1	1	0	0	0	0	0	0	0	0	0	0	0	4.939927	3.105292	3.093886	3.091034	1.996923	15.250000	19.000000	68.374153	68.001030	67.963715	0	0	1	1	156	1164681
1444469334	0	0	0	1	0	0	0	0	0	0	0	0	0	0	0	4.939927	3.099589	3.085331	3.082480	1.995311	15.250000	19.000000	67.627914	67.627914	67.702538	0	0	1	1	156	1167416
1444469336	2	4	1	2	0	1	0	0	1	0	0	0	0	0	0	4.939927	3.103866	3.092460	3.089608	1.996117	15.250000	19.000000	68.262215	67.963715	67.963715	0	0	1	1	156	1167435
1444469337	1	0	1	0	0	0	0	0	0	0	0	0	0	0	0	4.941538	3.101015	3.089608	3.088183	1.996923	15.250000	19.000000	68.235733	67.862740	67.825439	0	0	1	1	156	1167438
1444469338	1	1	1	2	1	0	0	0	0	0	0	0	0	0	0	4.939927	3.098163	3.085331	3.086757	1.997729	15.250000	19.000000	68.187584	67.777161	67.851784	0	0	1	1	156	1164686
1444469339	0	0	3	0	0	0	0	0	0	0	0	0	0	0	0	4.935091	3.102440	3.088183	3.088183	1.995311	15.250000	19.000000	68.304413	68.005623	67.930931	0	0	1	1	156	1167416
1444469340	3	2	3	1	0	0	0	0	1	0	0	0	0	0	0	4.939927	3.093886	3.078202	3.089608	1.996923	15.250000	19.000000	68.038345	67.739853	67.665222	0	0	1	1	156	1168590
1444469342	2	0	1	0	0	0	0	0	0	0	0	0	0	0	0	4.939927	3.093886	3.072500	3.082480	1.997729	15.250000	19.000000	67.926399	67.665222	67.627914	0	0	1	1	156	1164679
1444469343	1	2	2	1	0	0	0	0	1	0	0	0	0	0	0	4.939927	3.092460	3.079628	3.079628	1.997729	15.250000	19.000000	67.963715	67.627914	67.665222	0	0	1	1	156	1167426
1444469344	1	0	0	0	0	0	0	0	0	0	0	0	0	0	0	4.939927	3.092460	3.078202	3.078202	1.998535	15.500000	19.000000	68.001030	67.627914	67.590607	0	0	1	1	156	1167445
1444469345	0	2	0	3	0	0	0	0	0	0	0	0	0	0	0	4.939927	3.089608	3.076777	3.076777	1.998535	15.500000	19.000000	67.889099	67.553291	67.515976	0	0	1	1	156	1164700
1444469346	2	1	0	1	0	0	0	0	0	0	0	0	0	0	0	4.939927	3.085331	3.073925	3.073925	1.998535	15.500000	19.000000	67.814468	67.478676	67.515976	0	0	1	1	156	1167426
1444469348	2	2	0	2	0	0	0	0	0	0	0	0	0	0	0	4.941538	3.088183	3.073925	3.072500	1.998535	15.250000	19.000000	67.750832	67.452446	67.228653	0	0	1	1	156	1167445
1444469349	2	1	2	0	0	0	0	1	0	0	0	0	0	0	0	4.939927	3.085331	3.072500	3.069648	1.998535	15.500000	19.000000	67.777161	67.441360	67.366737	0	0	1	1	156	1167445
1444469350	0	2	0	2	0	0	0	0	1	0	0	0	0	0	0	4.939927	3.083905	3.071074	3.071074	1.997729	15.250000	19.000000	67.777161	67.366737	67.366737	0	0	1	1	156	1164701
1444469351	0	2	0	2	0	0	0	0	1	0	0	0	0	0	0	4.939927	3.083905	3.072500	3.071074	1.998535	15.500000	19.000000	67.777161	67.441360	67.404045	0	0	1	1	156	1167420
1444469352	2	2	2	2	0	0	0	0	0	0	0	0	0	0	0	4.939927	3.079628	3.066797	3.065371	1.998535	15.500000	19.000000	67.665222	67.366737	67.292114	0	0	1	1	156	1168581
1444469354	0	1	1	2	0	0	0	0	0	0	0	0	0	0	0	4.939927	3.076777	3.063945	3.065371	1.998535	15.500000	19.000000	67.590607	67.217491	67.292114	0	0	1	1	156	1164692
1444469355	3	2	3	2	0	0	0	1	1	1	0	0	0	1	0	4.943151	3.076777	3.065371	3.063945	1.999341	15.500000	19.000000	67.500801	67.016068	67.239799	0	0	1	1	156	1167415
1444469356	0	4	0	0	0	0	0	0	0	0	0	0	0	0	0	4.941538	3.075351	3.063945	3.061093	1.999341	15.500000	19.000000	67.527046	67.265953	67.116753	0	0	1	1	156	1167434
1444469357	1	1	0	0	0	0	0	0	0	0	0	0	0	0	0	4.941538	3.072500	3.059668	3.058242	1.999341	15.500000	19.000000	67.415146	67.116753	67.042145	0	0	1	1	156	1164676
1444469358	0	0	4	2	0	0	0	0	0	0	0	0	0	0	0	4.939927	3.073925	3.059668	3.058242	2.000147	15.500000	19.000000	67.515976	67.142860	67.105553	0	0	1	1	156	1167418
1444469360	1	2	1	2	0	0	0	0	1	0	0	0	0	0	0	4.939927	3.071074	3.055390	3.056816	2.000147	15.500000	19.000000	67.404045	67.068245	67.105553	0	0	1	1	156	1167435
1444469361	1	0	0	1	0	0	0	0	0	0	0	0	0	0	0	4.941538	3.068222	3.056816	3.041133	1.999341	15.500000	19.500000	67.303253	66.930252	66.930252	0	0	1	1	156	1164594
1444469362	1	0	0	1	0	0	0	0	0	0	0	0	0	0	0	4.943151	3.063945	3.053965	3.058242	2.000952	15.500000	19.000000	67.239799	66.904205	66.904205	0	0	1	1	156	1167415
1444469363	4	1	0	2	0	0	1	0	0	0	0	0	0	0	0	4.939927	3.066797	3.056816	3.055390	1.999341	15.500000	19.000000	67.329430	67.030930	66.993622	0	0	1	1	156	1167438
1444469364	0	2	1	1	0	0	0	0	0	0	0	0	0	0	0	4.939927	3.063945	3.051113	3.051113	2.000952	15.500000	19.000000	67.254799	66.881683	66.844376	0	0	1	1	156	1168590
1444469366	3	1	1	1	0	0	0	0	0	0	0	0	0	0	0	4.941538	3.061093	3.051113	3.046836	2.000952	15.500000	19.000000	67.191345	66.892952	66.781059	0	0	1	1	156	1164810
1444469367	1	1	0	0	1	0	0	0	0	0	0	0	0	0	0	4.939927	3.059668	3.046836	3.048262	2.000952	15.500000	19.000000	67.180176	66.807060	66.769753	0	0	1	1	156	1167425
1444469368	1	1	1	0	0	1	0	0	0	0	0	0	0	0	0	4.941538	3.059668	3.046836	3.046836	2.000147	15.500000	19.000000	67.079453	66.706459	66.631859	0	0	1	1	156	1167442
1444469369	3	3	4	1	0	2	0	1	0	0	0	0	0	0	0	4.939927	3.056816	3.045410	3.041133	2.000952	15.500000	19.000000	67.105553	66.695129	66.695129	0	0	1	1	156	1164686
1444469370	2	3	0	1	1	0	0	0	1	0	0	0	0	0	0	4.939927	3.053965	3.045410	3.042559	2.001758	15.500000	19.500000	66.993622	66.695129	66.583199	0	0	1	1	156	1167425
1444469372	1	1	1	1	0	0	0	0	0	0	0	0	0	0	0	4.941538	3.053965	3.042559	3.041133	2.001758	15.500000	19.000000	66.967552	66.631859	66.557266	0	0	1	1	156	1167445
1444469373	0	1	2	1	0	0	0	1	0	0	0	0	0	0	0	4.939927	3.052539	3.039707	3.036856	2.000952	15.500000	19.500000	66.918999	66.583199	66.508575	0	0	1	1	156	1164693
1444469374	0	0	2	0	0	0	0	0	0	0	0	0	0	0	0	4.941538	3.039707	3.025450	3.025450	2.000952	15.500000	19.500000	66.706459	66.408066	66.221565	0	0	1	1	156	1167425
1444469375	2	1	2	0	0	0	0	0	0	0	0	0	0	0	0	4.939927	3.049687	3.039707	3.035430	2.001758	15.500000	19.500000	66.769753	66.396637	66.620506	0	0	1	1	156	1167440
1444469376	1	0	0	2	0	0	1	0	0	0	0	0	0	0	0	4.941538	3.048262	3.039707	3.032578	2.000952	15.500000	19.500000	66.743759	66.408066	66.370766	0	0	1	1	156	1165831
1444469378	1	1	1	1	0	0	0	0	0	0	0	0	0	0	0	4.941538	3.043984	3.031152	3.031152	2.001758	15.500000	19.500000	66.706459	66.370766	66.333458	0	0	1	1	156	1167415
1444469379	1	2	2	1	0	0	0	0	1	0	0	0	0	0	0	4.936703	3.043984	3.029727	3.029727	2.000952	15.500000	19.500000	66.747124	66.411095	66.411095	0	0	1	1	156	1167435
1444469380	3	2	1	4	1	0	2	0	0	0	0	0	0	0	0	4.941538	3.034004	3.022598	3.032578	2.001758	15.500000	19.500000	66.594559	66.296165	66.296165	0	0	1	1	156	1167435
1444469381	0	0	3	1	0	0	0	0	0	0	0	0	0	0	0	4.939927	3.028301	3.018321	3.032578	2.001758	15.500000	19.500000	66.583199	66.284698	66.172768	0	0	1	1	156	1164671
1444469382	3	0	1	3	0	1	1	0	0	0	0	0	0	0	0	4.939927	3.036856	3.025450	3.022598	2.002564	15.500000	19.500000	66.508575	66.210083	66.172768	0	0	1	1	156	1167416
1444469384	2	2	0	2	1	0	0	0	1	0	0	0	0	0	0	4.939927	3.036856	3.024024	3.022598	2.002564	15.500000	19.500000	66.471260	66.172768	66.135452	0	0	1	1	156	1167435
1444469385	4	1	3	0	0	1	0	0	0	0	0	0	0	0	0	4.941538	3.035430	3.021172	3.021172	2.002564	15.500000	19.500000	66.482666	66.109673	66.146973	0	0	1	1	156	1164693
1444469386	2	3	2	3	0	0	0	1	0	0	0	0	0	0	0	4.939927	3.032578	3.019747	3.018321	2.002564	15.500000	19.500000	66.433952	66.023521	66.023521	0	0	1	1	156	1167416
1444469387	1	3	2	0	0	1	0	0	0	0	0	0	0	0	0	4.939927	3.031152	3.019747	3.018321	2.002564	15.500000	19.500000	66.433952	66.135452	66.135452	0	0	1	1	156	1167435
1444469388	3	0	3	1	0	1	0	0	0	0	0	0	0	0	0	4.941538	3.018321	3.016895	3.019747	2.003370	15.500000	19.500000	66.333458	65.997772	65.923172	0	0	1	1	156	1165864
1444469390	3	1	2	1	0	1	0	0	0	0	0	0	0	0	0	4.941538	3.029727	3.016895	3.014044	2.004176	15.500000	19.500000	66.258865	65.960472	65.848579	0	0	1	1	156	1167426
1444469391	3	1	2	0	0	1	0	0	0	0	0	0	0	0	0	4.941538	3.024024	3.011192	3.014044	2.004176	15.500000	19.500000	66.221565	65.848579	65.885872	0	0	1	1	156	1167445
1444469392	2	1	1	0	0	0	0	0	0	0	0	0	0	0	0	4.941538	3.025450	3.011192	3.012618	2.004176	15.500000	19.500000	66.184265	65.773979	65.811279	0	0	1	1	156	1167445
1444469393	0	0	1	0	0	0	0	0	0	0	0	0	0	0	0	4.939927	3.021172	3.012618	3.009766	2.004176	15.500000	19.500000	66.135452	65.836967	65.762344	0	0	1	1	156	1164700
1444469394	2	1	0	5	0	0	0	0	0	0	0	0	0	0	0	4.941538	3.019747	3.008341	3.009766	2.004176	15.500000	19.500000	65.997772	65.587486	65.736679	0	0	1	1	156	1167426
1444469396	2	1	1	0	1	0	0	0	0	0	0	0	0	0	0	4.939927	3.021172	3.009766	3.005489	2.004176	15.500000	19.500000	66.060837	65.725029	65.650414	0	0	1	1	156	1167445
1444469397	0	2	0	0	0	0	0	0	0	0	0	0	0	0	0	4.943151	3.018321	3.006915	3.005489	2.004982	15.500000	19.500000	65.972031	65.636452	65.599159	0	0	1	1	156	1164729
1444469398	0	1	0	2	0	0	0	0	0	0	0	0	0	0	0	4.941538	3.015469	3.002638	3.001212	2.004982	15.500000	19.500000	65.960472	65.662079	65.587486	0	0	1	1	156	1167428
1444469399	1	0	0	1	0	0	0	0	0	0	0	0	0	0	0	4.938315	3.014044	3.004063	3.005489	2.003370	15.500000	19.500000	66.011963	65.676056	65.676056	0	0	1	1	156	1167440
1444469400	0	0	2	2	0	0	0	0	0	1	0	0	0	0	0	4.941538	3.012618	3.002638	3.001212	2.004982	15.500000	19.500000	65.885872	65.512871	65.512871	0	0	1	1	156	1165830
1444469402	2	0	0	1	0	0	0	0	0	0	0	0	0	0	0	4.939927	3.009766	2.999786	2.998360	2.005788	15.500000	19.500000	65.575783	65.687721	65.389221	0	0	1	1	156	1167415
1444469403	1	1	3	1	0	0	0	0	0	0	0	0	0	0	0	4.941538	3.011192	2.998360	2.998360	2.004982	15.500000	19.500000	65.811279	65.400986	65.438278	0	0	1	1	156	1167436
1444469404	0	3	2	2	0	0	0	2	0	0	0	0	0	0	0	4.941538	3.009766	2.996934	2.994083	2.005788	15.500000	19.500000	65.773979	65.438278	65.400986	0	0	1	1	156	1164686
1444469405	3	0	2	1	0	1	0	0	0	0	0	0	0	0	0	4.943151	3.006915	2.995509	2.992657	2.005788	15.500000	19.500000	65.673737	65.338142	65.300858	0	0	1	1	156	1167418
1444469406	0	4	1	3	0	0	0	0	1	0	0	0	0	0	0	4.941538	3.002638	2.991231	2.992657	2.004982	15.500000	19.500000	65.699379	65.326385	65.363678	0	0	1	1	156	1167435
1444469408	3	0	1	1	0	0	0	0	0	0	0	0	0	0	0	4.941538	3.006915	2.992657	2.989806	2.005788	15.500000	19.500000	65.587486	65.289078	65.251785	0	0	1	1	156	1167433
1444469409	1	1	2	4	0	0	0	0	1	0	0	0	0	0	0	4.939927	3.002638	2.989806	2.991231	2.005788	15.500000	19.500000	65.613098	65.314598	65.277298	0	0	1	1	156	1164688
1444469410	3	2	2	0	0	0	0	0	0	0	0	0	0	0	0	4.939927	3.001212	2.986954	2.988380	2.006593	15.500000	19.500000	65.613098	65.239975	65.239975	0	0	1	1	156	1167416
1444469411	0	0	4	1	0	0	0	0	0	0	0	0	0	0	0	4.938315	3.001212	2.986954	2.986954	2.005788	15.500000	19.500000	65.601410	65.190842	65.228172	0	0	1	1	156	1167435
1444469412	0	1	0	1	0	0	0	0	1	0	0	0	0	0	0	4.936703	2.998360	2.986954	2.984103	2.005788	15.500000	19.500000	65.589699	65.216347	65.179016	0	0	1	1	156	1165867
1444469414	1	3	1	4	0	0	0	0	1	0	0	0	0	0	0	4.941538	2.994083	2.982677	2.984103	2.006593	15.500000	19.500000	65.438278	65.065285	65.102592	0	0	1	1	156	1167426
1444469415	2	2	1	0	0	1	0	0	0	0	0	0	0	0	0	4.941538	2.994083	2.981251	2.982677	2.007399	15.500000	19.500000	65.400986	64.990692	64.990692	0	0	1	1	156	1167445
1444469416	1	1	3	3	0	1	0	0	1	0	0	0	0	0	0	4.939927	2.992657	2.979825	2.978400	2.006593	15.500000	19.500000	65.351913	64.978806	64.941483	0	0	1	1	156	1175204
1444469417	2	2	1	2	0	1	0	0	0	0	0	0	0	0	0	4.936703	3.018321	2.966994	2.966994	2.004982	15.500000	19.500000	65.104340	65.029671	64.992332	0	0	1	1	156	1167425
1444469418	1	0	0	1	0	0	0	0	0	0	0	0	0	0	0	4.941538	2.988380	2.975548	2.976974	2.007399	15.500000	19.500000	65.214478	64.916084	64.916084	0	0	1	1	156	1167442
1444469420	1	1	1	0	0	0	0	0	0	0	0	0	0	0	0	4.941538	2.988380	2.975548	2.972697	2.008205	15.500000	19.500000	65.214478	64.916084	64.841492	0	0	1	1	156	1167445
1444469421	0	1	0	0	0	0	0	0	0	0	0	0	0	0	0	4.941538	2.985528	2.972697	2.971271	2.008205	15.500000	19.500000	65.139885	64.766891	64.766891	0	0	1	1	156	1164705
1444469422	1	0	3	1	0	0	0	0	0	0	0	0	0	0	0	4.941538	2.982677	2.969845	2.969845	2.007399	15.500000	19.500000	65.102592	64.766891	64.692299	0	0	1	1	156	1167426
1444469423	1	0	1	1	0	1	0	0	0	0	0	0	0	0	0	4.939927	2.985528	2.971271	2.971271	2.007399	15.500000	19.500000	65.165359	64.754936	64.829559	0	0	1	1	156	1167440
1444469424	2	0	1	1	0	0	0	0	0	0	0	0	0	0	0	4.941538	2.979825	2.966994	2.965568	2.008205	15.500000	19.500000	65.027992	64.692299	64.654991	0	0	1	1	156	1165814
1444469426	1	2	1	0	0	0	0	0	0	0	0	0	0	0	0	4.941538	2.976974	2.965568	2.966994	2.008205	15.500000	19.500000	64.916084	64.617691	64.617691	0	0	1	1	156	1167413
1444469427	3	2	1	3	0	1	0	0	1	0	0	0	0	0	0	4.939927	2.978400	2.962716	2.962716	2.008205	15.500000	19.500000	64.941483	64.568367	64.605682	0	0	1	1	156	1167435
1444469428	3	2	1	1	0	0	0	1	1	0	0	0	0	0	0	4.941538	2.974123	2.962716	2.962716	2.008205	15.500000	19.500000	64.916084	64.580391	64.543091	0	0	1	1	156	1164663
1444469429	2	3	2	1	0	1	0	1	0	0	0	0	0	0	0	4.939927	2.969845	2.961291	2.958439	2.009011	15.500000	19.500000	64.829559	64.531059	64.493752	0	0	1	1	156	1167416
1444469430	1	1	0	1	0	0	0	0	0	0	0	0	0	0	0	4.939927	2.969845	2.951310	2.951310	2.007399	15.500000	19.500000	64.717621	64.419128	64.456436	0	0	1	1	156	1167435
1444469432	2	1	1	2	0	1	0	0	1	0	0	0	0	0	0	4.941538	2.971271	2.955588	2.948459	2.007399	15.500000	19.500000	64.692299	64.393898	64.393898	0	0	1	1	156	1164688
1444469433	2	1	4	3	0	0	0	1	0	0	0	0	0	0	0	4.941538	2.966994	2.955588	2.954162	2.009817	15.500000	19.500000	64.692299	64.393898	64.356598	0	0	1	1	156	1167416
1444469434	2	1	1	1	0	0	0	0	0	0	0	0	0	0	0	4.941538	2.965568	2.952736	2.951310	2.009011	15.500000	19.500000	64.692299	64.356598	64.282005	0	0	1	1	156	1167438
1444469435	1	0	2	1	0	0	0	0	0	0	0	0	0	0	0	4.938315	2.966994	2.954162	2.954162	2.009011	15.500000	19.500000	64.705635	64.295074	64.332405	0	0	1	1	156	1167435
1444469436	1	0	0	1	0	0	1	0	0	0	0	0	0	0	0	4.941538	2.962716	2.949885	2.948459	2.009817	15.500000	19.500000	64.543091	64.170105	64.207397	0	0	1	1	156	1165836
1444469438	3	0	1	2	0	1	0	0	0	0	0	0	0	0	0	4.941538	2.958439	2.941330	2.951310	2.009817	15.500000	19.500000	64.468498	64.170105	64.132805	0	0	1	1	156	1167426
1444469439	1	1	3	2	0	0	1	0	0	1	0	0	0	0	0	4.941538	2.959865	2.947033	2.949885	2.009817	15.500000	19.500000	64.505791	64.170105	64.132805	0	0	1	1	156	1167445
1444469440	2	1	0	2	0	0	0	0	0	0	0	0	0	0	0	4.939927	2.957013	2.945607	2.942756	2.009817	15.500000	19.500000	64.419128	64.195259	64.046013	0	0	1	1	156	1164723
1444469441	2	1	2	2	0	0	0	0	1	0	0	0	0	0	0	4.941538	2.957013	2.942756	2.941330	2.009817	15.500000	19.500000	64.393898	63.983608	63.946308	0	0	1	1	156	1167425
1444469442	1	3	1	2	0	0	0	0	0	0	0	0	0	0	0	4.939927	2.954162	2.939904	2.941330	2.009817	15.500000	19.500000	64.381813	63.971390	64.008705	0	0	1	1	156	1167445
1444469444	1	0	1	1	0	0	0	0	0	0	0	0	0	0	0	4.941538	2.951310	2.939904	2.937053	2.009817	15.500000	19.500000	64.319305	63.946308	63.909008	0	0	1	1	156	1164690
1444469445	0	6	0	4	0	0	0	0	3	0	0	0	0	0	0	4.941538	2.949885	2.935627	2.937053	2.010623	15.500000	19.500000	64.282005	63.722511	64.058205	0	0	1	1	156	1167426
1444469446	1	1	1	1	0	0	1	0	0	0	0	0	0	0	0	4.939927	2.948459	2.934201	2.935627	2.010623	15.750000	19.500000	64.269882	63.859451	63.896767	0	0	1	1	156	1167445
1444469447	0	2	1	0	0	0	0	0	0	0	0	0	0	0	0	4.939927	2.947033	2.937053	2.935627	2.009817	15.500000	19.500000	64.269882	63.896767	63.896767	0	0	1	1	156	1167442
1444469448	0	1	0	1	0	0	0	0	0	0	0	0	0	0	0	4.939927	2.947033	2.931350	2.931350	2.011429	15.750000	19.500000	64.195259	63.747520	63.784828	0	0	1	1	156	1176088
1444469450	1	0	0	0	0	0	0	0	0	0	0	0	0	0	0	4.939927	2.942756	2.931350	2.931350	2.011429	15.750000	19.500000	64.083321	63.710205	63.747520	0	0	1	1	156	1167418
1444469451	2	2	2	2	0	0	0	2	0	0	0	0	0	0	0	4.939927	2.941330	2.929924	2.929924	2.011429	15.750000	19.500000	64.083321	63.710205	63.635586	0	0	1	1	156	1167435
1444469452	0	2	2	0	0	0	0	0	0	0	0	0	0	0	0	4.939927	2.941330	2.928498	2.927073	2.011429	15.750000	19.500000	64.008705	63.672894	63.672894	0	0	1	1	156	1164684
1444469453	2	1	2	2	1	0	0	0	0	0	0	0	0	0	0	4.941538	2.941330	2.928498	2.925647	2.011429	15.750000	19.500000	63.946308	63.536015	63.610615	0	0	1	1	156	1167416
1444469454	2	3	0	2	0	0	0	0	0	0	0	0	0	0	0	4.941538	2.938479	2.924221	2.924221	2.011429	15.750000	19.500000	63.909008	63.461418	63.498714	0	0	1	1	156	1167435
1444469456	3	1	2	1	0	0	0	0	0	0	0	0	0	0	0	4.941538	2.935627	2.922795	2.924221	2.011429	15.750000	19.500000	63.871712	63.536015	63.573315	0	0	1	1	156	1164689
1444469457	2	3	0	2	1	0	0	0	0	0	0	0	0	0	0	4.936703	2.935627	2.925647	2.924221	2.010623	15.750000	19.500000	63.946930	63.573566	63.573566	0	0	1	1	156	1167415
1444469458	5	0	1	1	0	1	1	0	0	0	0	0	0	0	0	4.939927	2.927073	2.911389	2.924221	2.012234	15.750000	19.500000	63.784828	63.486340	63.411716	0	0	1	1	156	1167435
1444469459	1	1	2	0	0	0	0	0	0	0	0	0	0	0	0	4.938315	2.934201	2.919944	2.922795	2.011429	15.750000	19.500000	63.884510	63.473957	63.511276	0	0	1	1	156	1164676
1444469460	3	2	0	0	0	0	0	0	0	0	0	0	0	0	0	4.941538	2.927073	2.909964	2.909964	2.011429	15.750000	19.500000	61.932144	63.349518	63.200321	0	0	1	1	156	1168571
1444469462	1	2	2	4	0	1	0	0	1	0	0	0	0	0	0	4.939927	2.928498	2.917092	2.915667	2.011429	15.750000	19.500000	63.747520	63.337097	63.374409	0	0	1	1	156	1167445
1444469463	4	1	2	2	0	1	1	1	0	0	0	0	0	0	0	4.941538	2.928498	2.912815	2.917092	2.012234	15.750000	19.500000	63.685211	63.274921	63.274921	0	0	1	1	156	1167445
1444469464	0	0	1	0	0	0	0	0	0	0	0	0	0	0	0	4.939927	2.922795	2.915667	2.911389	2.012234	15.750000	19.500000	63.598274	63.262470	63.225163	0	0	1	1	156	1164722
1444469465	3	2	2	2	0	1	1	0	0	0	0	0	0	0	0	4.939927	2.912815	2.907112	2.909964	2.013040	15.750000	19.500000	63.486340	63.150536	63.150536	0	0	1	1	156	1167425
1444469466	0	1	0	2	0	0	0	0	0	0	0	0	0	0	0	4.941538	2.918518	2.909964	2.908538	2.013040	15.750000	19.500000	63.424118	63.051125	62.976524	0	0	1	1	156	1167445
1444469468	0	2	1	1	0	0	0	0	0	0	0	0	0	0	0	4.941538	2.921370	2.908538	2.907112	2.013846	15.750000	19.500000	63.461418	63.125725	63.051125	0	0	1	1	156	1164688
1444469469	3	2	1	1	0	0	0	0	0	0	0	0	0	0	0	4.939927	2.918518	2.905686	2.904261	2.013040	15.750000	19.500000	63.449028	63.075916	63.150536	0	0	1	1	156	1167425
1444469470	0	1	2	2	0	0	0	0	0	0	0	0	0	0	0	4.939927	2.918518	2.905686	2.904261	2.013040	15.750000	19.500000	63.411716	63.001293	63.038605	0	0	1	1	156	1167445
1444469471	0	3	1	0	0	0	0	0	0	0	0	0	0	0	0	4.938315	2.917092	2.905686	2.905686	2.012234	15.750000	19.500000	63.399307	63.138042	63.026073	0	0	1	1	156	1164697
1444469472	0	2	1	5	0	0	0	1	2	1	0	0	0	1	0	4.939927	2.911389	2.901409	2.899983	2.013846	15.750000	19.500000	63.299782	62.926666	62.852047	0	0	1	1	156	1168665
1444469474	3	4	2	2	0	0	1	0	0	0	0	0	0	0	0	4.941538	2.909964	2.897132	2.901409	2.013040	15.750000	19.500000	63.200321	62.715431	62.790028	0	0	1	1	156	1167436
1444469475	3	0	0	0	0	0	0	0	0	0	0	0	0	0	0	4.939927	2.911389	2.898557	2.897132	2.013846	15.750000	19.500000	63.262470	62.889355	62.814732	0	0	1	1	156	1167435
1444469476	2	2	2	3	0	1	0	0	0	0	0	0	0	0	0	4.939927	2.908538	2.895706	2.897132	2.013846	15.750000	19.500000	63.187851	62.814732	62.852047	0	0	1	1	156	1164676
1444469477	2	2	3	1	0	0	0	0	0	0	0	0	0	0	0	4.939927	2.907112	2.895706	2.897132	2.013846	15.750000	19.500000	63.150536	62.852047	62.777420	0	0	1	1	156	1167416
1444469478	3	1	5	1	0	0	0	0	0	0	0	0	0	0	0	4.943151	2.909964	2.890003	2.892854	2.013846	15.750000	19.500000	63.063633	62.728050	62.690762	0	0	1	1	156	1167435
1444469480	3	2	0	2	0	0	0	0	1	0	0	0	0	0	0	4.943151	2.908538	2.890003	2.888577	2.013846	15.750000	19.500000	62.989063	62.690762	62.616184	0	0	1	1	156	1164717
1444469481	1	1	0	2	0	0	0	0	0	0	0	0	0	0	0	4.941538	2.901409	2.891429	2.888577	2.015458	15.750000	19.500000	63.051125	62.678131	62.603535	0	0	1	1	156	1167414
1444469482	2	2	1	1	0	0	0	0	0	0	0	0	0	0	0	4.941538	2.901409	2.890003	2.890003	2.015458	15.750000	19.500000	62.939224	62.603535	62.566235	0	0	1	1	156	1167435
1444469483	2	2	2	1	0	0	0	0	1	0	0	0	0	0	0	4.939927	2.901409	2.890003	2.887151	2.013846	15.750000	19.500000	62.963978	62.628174	62.553555	0	0	1	1	156	1164689
1444469484	2	0	1	0	0	1	0	0	0	0	0	0	0	0	0	4.941538	2.898557	2.887151	2.885726	2.014652	15.750000	19.500000	62.827328	62.528934	62.491634	0	0	1	1	156	1168574
1444469486	4	1	1	4	0	0	2	0	1	0	0	0	0	0	0	4.938315	2.898557	2.882874	2.882874	2.015458	15.750000	19.500000	62.914097	62.578186	62.578186	0	0	1	1	156	1167445
1444469487	1	2	0	4	1	0	1	0	1	0	0	1	0	0	0	4.941538	2.894280	2.884300	2.874320	2.014652	15.750000	19.500000	62.901928	62.417038	62.454338	0	0	1	1	156	1164606
1444469488	2	1	1	1	0	0	0	0	0	0	0	0	0	0	0	4.939927	2.891429	2.881449	2.881449	2.015458	15.750000	19.500000	62.740108	62.478928	62.441624	0	0	1	1	156	1167425
1444469489	0	1	0	2	0	0	0	0	0	0	0	0	0	0	0	4.941538	2.894280	2.880023	2.878597	2.016264	15.750000	19.500000	62.715431	62.342438	62.342438	0	0	1	1	156	1167447
1444469490	1	2	1	3	0	0	0	0	1	0	0	0	0	0	0	4.941538	2.890003	2.877171	2.877171	2.016264	15.750000	19.500000	62.603535	62.305141	62.267841	0	0	1	1	156	1167445
1444469492	0	0	1	1	0	0	0	0	0	0	0	0	0	0	0	4.941538	2.890003	2.877171	2.875746	2.017070	15.750000	19.500000	62.491634	62.491634	62.230541	0	0	1	1	156	1194545
1444469493	0	0	1	0	0	0	0	0	0	0	0	0	0	0	0	4.941538	2.888577	2.875746	2.875746	2.017070	15.750000	19.500000	62.640831	62.267841	62.230541	0	0	1	1	156	1167426
1444469494	0	5	2	3	0	0	0	1	1	1	0	0	0	0	0	4.941538	2.885726	2.872894	2.871468	2.017070	15.750000	19.500000	62.491634	62.193241	62.118633	0	0	1	1	156	1167447
1444469495	1	0	1	1	0	0	0	0	0	0	0	0	0	0	0	4.941538	2.882874	2.872894	2.872894	2.016264	15.750000	19.500000	62.528934	62.305141	62.193241	0	0	1	1	156	1170247
1444469496	1	1	1	1	0	0	1	0	0	0	0	0	0	0	0	4.939927	2.882874	2.872894	2.867191	2.017070	15.750000	19.500000	62.478928	62.105812	62.105812	0	0	1	1	156	1168666
1444469498	3	2	4	3	0	0	0	0	1	1	0	0	0	0	0	4.941538	2.880023	2.868617	2.867191	2.017875	15.750000	19.500000	62.454338	62.044037	62.044037	0	0	1	1	156	1167435
1444469499	1	2	3	2	0	1	0	0	0	1	0	0	0	0	0	4.941538	2.878597	2.867191	2.865765	2.017070	15.750000	19.500000	62.342438	62.081341	62.081341	0	0	1	1	156	1164677
1444469500	4	0	3	0	0	1	0	0	0	0	0	0	0	0	0	4.941538	2.878597	2.865765	2.862914	2.017875	15.750000	19.500000	62.379738	61.969437	61.969437	0	0	1	1	156	1167415
1444469501	1	1	1	3	0	0	0	0	0	0	0	0	0	0	0	4.941538	2.870042	2.854359	2.862914	2.017875	15.750000	19.500000	62.267841	61.932144	61.894844	0	0	1	1	156	1167436
1444469502	0	1	1	0	0	0	0	0	0	0	0	0	0	0	0	4.941538	2.872894	2.864339	2.860062	2.017070	15.750000	19.500000	62.155941	61.932144	61.857548	0	0	1	1	156	1167435
1444469504	1	0	2	1	0	0	0	0	0	0	0	0	0	0	0	4.939927	2.872894	2.861488	2.860062	2.017875	15.750000	19.500000	62.255062	61.919254	61.844635	0	0	1	1	156	1164690
1444469505	2	3	2	1	0	0	1	0	0	0	0	0	0	0	0	4.938315	2.871468	2.864339	2.855785	2.018681	15.750000	19.500000	62.167622	61.906364	61.757069	0	0	1	1	156	1167416
1444469506	1	3	3	6	0	0	0	2	1	0	0	0	0	0	0	4.939927	2.868617	2.857211	2.857211	2.018681	15.750000	19.500000	62.180439	61.844635	61.807327	0	0	1	1	156	1167435
1444469507	0	1	1	1	0	0	0	0	0	0	0	0	0	0	0	4.939927	2.870042	2.857211	2.857211	2.017875	15.750000	19.500000	62.217751	61.844635	61.770008	0	0	1	1	156	1164717
1444469508	2	1	2	4	1	1	1	0	1	0	0	1	0	0	0	4.941538	2.852933	2.848656	2.854359	2.017875	15.750000	19.500000	62.044037	61.671043	61.671043	0	0	1	1	156	1168571
1444469510	0	1	3	1	0	0	0	0	0	1	0	0	0	0	0	4.939927	2.864339	2.854359	2.852933	2.017875	15.750000	19.500000	62.105812	61.732700	61.658081	0	0	1	1	156	1167444
1444469511	3	0	0	1	0	0	0	0	0	0	0	0	0	0	0	4.941538	2.864339	2.852933	2.851508	2.018681	15.750000	19.500000	61.969437	61.633751	61.559155	0	0	1	1	156	1164707
1444469512	3	1	1	1	0	0	0	0	0	0	0	0	0	0	0	4.941538	2.862914	2.850082	2.848656	2.019487	15.750000	19.500000	61.969437	61.633751	61.559155	0	0	1	1	156	1167425
1444469513	1	1	2	0	0	0	0	0	0	0	0	0	0	0	0	4.939927	2.860062	2.850082	2.848656	2.018681	15.750000	19.500000	61.919254	61.546143	61.546143	0	0	1	1	156	1167445
1444469514	0	3	1	0	0	0	0	0	0	0	0	0	0	0	0	4.936703	2.855785	2.847230	2.845805	2.017875	15.750000	19.500000	61.930794	61.594769	61.557434	0	0	1	1	156	1164683
1444469516	1	4	2	3	0	0	0	0	1	0	0	0	0	0	0	4.943151	2.857211	2.845805	2.845805	2.019487	15.750000	19.500000	61.758587	61.236557	61.646713	0	0	1	1	156	1167425
1444469517	1	0	0	1	0	0	0	0	0	0	0	0	0	0	0	4.941538	2.855785	2.841527	2.845805	2.019487	15.750000	19.500000	61.782948	61.409958	61.447254	0	0	1	1	156	1167445
1444469518	0	1	1	1	0	0	0	0	0	0	0	0	0	0	0	4.939927	2.857211	2.841527	2.841527	2.020293	15.750000	19.500000	61.844635	61.434208	61.359589	0	0	1	1	156	1167447
1444469519	1	0	1	0	0	0	0	0	0	0	0	0	0	0	0	4.936703	2.857211	2.842953	2.844379	2.018681	15.750000	19.500000	61.930794	61.482765	61.482765	0	0	1	1	156	1164699
1444469520	0	2	0	0	0	0	0	0	0	0	0	0	0	0	0	4.941538	2.852933	2.838676	2.837250	2.020293	15.750000	19.500000	61.671043	61.335358	61.298050	0	0	1	1	156	1168562
1444469522	2	2	1	4	0	0	0	0	1	0	0	0	0	0	0	4.941538	2.851508	2.837250	2.824418	2.020293	15.750000	19.500000	61.596451	61.186157	61.260750	0	0	1	1	156	1167435
1444469523	1	1	3	2	0	0	0	0	1	0	0	0	0	0	0	4.941538	2.847230	2.837250	2.835824	2.018681	15.750000	19.500000	61.409958	61.260750	61.148853	0	0	1	1	156	1164698
1444469524	1	0	1	1	0	0	0	0	0	0	0	0	0	0	0	4.943151	2.845805	2.835824	2.834399	2.020293	15.750000	19.500000	61.497566	61.161983	61.124695	0	0	1	1	156	1167415
1444469525	0	2	4	1	0	0	0	0	0	0	0	0	0	0	0	4.936703	2.844379	2.832973	2.834399	2.020293	15.750000	19.500000	61.594769	61.221409	61.258739	0	0	1	1	156	1167439
1444469526	0	0	4	1	0	0	0	0	0	0	0	0	0	0	0	4.941538	2.844379	2.832973	2.830121	2.019487	15.750000	19.500000	61.484554	61.074261	61.111553	0	0	1	1	156	1186005
1444469528	0	3	0	2	0	0	0	0	1	0	0	0	0	0	0	4.941538	2.840102	2.830121	2.828696	2.021099	15.750000	19.500000	61.409958	61.036961	60.999657	0	0	1	1	156	1167418
1444469529	2	1	3	1	1	1	0	0	0	0	0	0	0	0	0	4.938315	2.830121	2.815864	2.818715	2.018681	15.750000	19.500000	61.383835	61.010590	61.085239	0	0	1	1	156	1167435
1444469530	0	3	0	2	0	0	0	0	0	0	0	0	0	0	0	4.943151	2.840102	2.824418	2.825844	2.021099	15.750000	19.500000	61.311138	60.975548	60.900974	0	0	1	1	156	1164684
1444469531	1	2	1	3	0	0	0	0	0	0	0	0	0	0	0	4.938315	2.838676	2.822993	2.820141	2.019487	15.750000	19.500000	61.346504	61.010590	61.010590	0	0	1	1	156	1167413
1444469532	2	0	1	0	0	0	0	0	0	0	0	0	0	0	0	4.939927	2.835824	2.822993	2.824418	2.021099	15.750000	19.500000	61.247646	60.874535	60.911846	0	0	1	1	156	1168590
1444469534	2	4	3	2	0	0	0	0	1	0	0	0	0	0	0	4.936703	2.837250	2.822993	2.821567	2.020293	15.750000	19.500000	61.370747	60.997395	60.922722	0	0	1	1	156	1167448
1444469535	0	2	0	0	0	0	0	0	0	0	0	0	0	0	0	4.941538	2.832973	2.821567	2.820141	2.021099	15.750000	19.500000	61.148853	60.813160	60.738567	0	0	1	1	156	1176759
1444469536	0	0	0	0	0	0	0	0	0	0	0	0	0	0	0	4.936703	2.824418	2.817290	2.817290	2.020293	15.750000	19.500000	61.296078	60.810715	60.885391	0	0	1	1	156	1167425
1444469537	4	0	2	1	0	1	0	0	0	0	0	0	0	0	0	4.943151	2.832973	2.817290	2.817290	2.021905	15.750000	19.500000	61.124695	60.565392	60.863686	0	0	1	1	156	1167444
1444469538	2	2	1	0	0	0	0	1	0	0	0	0	0	0	0	4.939927	2.830121	2.815864	2.815864	2.021905	15.750000	19.500000	61.098400	60.501423	60.762600	0	0	1	1	156	1164703
1444469540	1	3	2	2	0	0	1	1	0	0	0	0	0	0	0	4.939927	2.827270	2.813012	2.810161	2.022711	15.750000	19.500000	61.098400	60.613358	60.613358	0	0	1	1	156	1167426
1444469541	1	0	0	0	0	0	0	0	0	0	0	0	0	0	0	4.939927	2.825844	2.810161	2.811587	2.021905	15.750000	19.500000	61.023781	60.576042	60.576042	0	0	1	1	156	1167447
1444469542	1	1	0	4	1	0	0	0	0	0	0	0	0	0	0	4.939927	2.824418	2.813012	2.810161	2.021905	15.750000	19.500000	60.986465	60.576042	60.538731	0	0	1	1	156	1164692
1444469543	6	2	1	2	0	0	1	0	0	0	0	0	0	0	0	4.939927	2.824418	2.811587	2.811587	2.021905	15.750000	19.500000	60.986465	60.613358	60.613358	0	0	1	1	156	1167420
1444469544	1	3	2	2	0	0	0	0	1	0	0	0	0	0	0	4.941538	2.821567	2.804458	2.807309	2.022711	15.750000	19.500000	60.701267	60.589371	60.440166	0	0	1	1	156	1168578
1444469546	3	4	2	1	0	0	0	1	0	0	0	0	0	0	0	4.941538	2.821567	2.805884	2.803032	2.022711	15.750000	19.500000	60.850464	60.440166	60.402866	0	0	1	1	156	1167435
1444469547	1	1	4	3	0	0	0	0	0	1	0	0	0	0	0	4.941538	2.817290	2.804458	2.807309	2.023517	16.000000	19.500000	60.775867	60.402866	60.365574	0	0	1	1	156	1164682
1444469548	1	0	1	0	0	0	0	0	0	0	0	0	0	0	0	4.939927	2.815864	2.804458	2.801606	2.022711	15.750000	19.500000	60.762600	60.389484	60.352173	0	0	1	1	156	1167418
1444469549	1	0	1	0	0	0	0	0	0	0	0	0	0	0	0	4.941538	2.811587	2.800180	2.801606	2.022711	15.750000	19.500000	60.738567	60.328274	60.365574	0	0	1	1	156	1167435
1444469550	1	3	2	1	0	0	0	0	0	0	0	0	0	0	0	4.939927	2.810161	2.797329	2.798755	2.022711	15.750000	19.500000	60.687977	60.277554	60.314857	0	0	1	1	156	1164669
1444469552	1	4	0	1	0	0	0	0	0	0	0	0	0	0	0	4.941538	2.810161	2.798755	2.794477	2.024323	16.000000	19.500000	60.552071	60.253670	60.216377	0	0	1	1	156	1167413
1444469553	0	2	2	3	0	0	0	0	1	1	0	0	0	0	0	4.941538	2.810161	2.795903	2.797329	2.023517	16.000000	19.500000	60.589371	60.179077	60.179077	0	0	1	1	156	1167436
1444469554	1	1	4	3	0	0	0	0	1	0	0	0	0	0	0	4.941538	2.810161	2.794477	2.795903	2.024323	16.000000	19.500000	60.514771	60.104473	60.141777	0	0	1	1	156	1164660
1444469555	3	3	0	2	0	0	0	0	1	0	0	0	0	0	0	4.936703	2.807309	2.797329	2.794477	2.023517	16.000000	19.500000	60.586700	60.250675	60.176006	0	0	1	1	156	1167416
1444469556	0	0	2	0	0	0	0	0	0	0	0	0	0	0	0	4.939927	2.805884	2.791626	2.791626	2.024323	16.000000	19.500000	60.501423	60.090992	60.090992	0	0	1	1	156	1168591
1444469558	0	1	1	2	0	0	0	0	0	0	0	0	0	0	0	4.941538	2.800180	2.787349	2.788774	2.024323	16.000000	19.500000	60.402866	59.955276	59.992580	0	0	1	1	156	1164694
1444469559	0	0	0	2	0	0	0	0	0	0	0	0	0	0	0	4.941538	2.803032	2.788774	2.787349	2.025128	16.000000	19.500000	60.365574	59.955276	59.917984	0	0	1	1	156	1167423
1444469560	0	0	0	3	0	0	0	0	0	0	0	0	0	0	0	4.939927	2.798755	2.785923	2.787349	2.025128	16.000000	19.500000	60.352173	59.904434	59.941746	0	0	1	1	156	1167444
1444469561	2	2	0	2	0	0	0	0	0	0	0	0	0	0	0	4.941538	2.798755	2.781646	2.783072	2.024323	16.000000	19.500000	60.290970	59.843384	59.917984	0	0	1	1	156	1167444
1444469562	1	1	0	3	0	0	0	0	0	0	0	0	0	0	0	4.943151	2.798755	2.781646	2.781646	2.025128	16.000000	19.500000	60.192520	59.819649	59.782360	0	0	1	1	156	1164688
1444469564	3	2	0	2	0	0	0	0	1	0	0	0	0	0	0	4.941538	2.794477	2.777369	2.775943	2.024323	16.000000	19.500000	60.141777	59.768787	59.843384	0	0	1	1	156	1167426
1444469565	2	1	0	3	0	0	0	0	1	0	0	0	0	0	0	4.939927	2.791626	2.778794	2.778794	2.025128	16.000000	19.500000	60.165611	59.755196	59.792503	0	0	1	1	156	1167445
1444469566	2	0	1	2	0	0	0	0	0	0	0	0	0	0	0	4.939927	2.794477	2.780220	2.777369	2.025128	16.000000	19.500000	60.202927	59.792503	59.755196	0	0	1	1	156	1164700
1444469567	5	1	2	4	0	0	1	1	0	0	0	0	0	0	0	4.941538	2.791626	2.777369	2.780220	2.024323	16.000000	19.500000	60.104473	59.731487	59.731487	0	0	1	1	156	1167423
1444469568	1	0	0	2	0	0	0	0	0	0	0	0	0	0	0	4.941538	2.787349	2.775943	2.775943	2.025128	16.000000	19.500000	59.992580	59.656887	59.619587	0	0	1	1	156	1168581
1444469570	1	1	1	3	0	0	0	0	1	1	0	0	0	0	0	4.936703	2.790200	2.774517	2.773091	2.025128	16.000000	19.500000	60.138668	59.690636	59.615967	0	0	1	1	156	1164686
1444469571	2	1	2	1	0	0	0	0	0	0	0	0	0	0	0	4.941538	2.778794	2.763111	2.777369	2.025934	16.000000	19.500000	59.880684	59.507690	59.544983	0	0	1	1	156	1167416
1444469572	2	6	3	1	0	0	0	2	1	0	0	0	0	0	0	4.943151	2.783072	2.770240	2.770240	2.025934	16.000000	19.500000	59.894218	59.558640	59.484062	0	0	1	1	156	1167435
1444469573	1	4	2	1	0	0	0	0	1	0	0	0	0	0	0	4.939927	2.784497	2.768814	2.771665	2.025934	16.000000	19.500000	59.904434	59.494011	59.494011	0	0	1	1	156	1167435
1444469574	1	1	1	2	0	0	0	0	0	0	0	0	0	0	0	4.939927	2.781646	2.767388	2.767388	2.026740	16.000000	19.500000	59.829815	59.494011	59.456699	0	0	1	1	156	1164686
1444469576	3	1	2	0	0	0	0	0	0	0	0	0	0	0	0	4.941538	2.775943	2.765962	2.765962	2.024323	16.000000	19.500000	59.806084	59.507690	59.395786	0	0	1	1	156	1167415
1444469577	1	3	0	0	0	0	0	0	0	0	0	0	0	0	0	4.939927	2.778794	2.765962	2.765962	2.025934	16.000000	19.500000	59.643257	59.195518	59.494011	0	0	1	1	156	1167435
1444469578	4	5	3	3	0	0	0	2	0	0	0	0	0	0	0	4.941538	2.775943	2.763111	2.764537	2.026740	16.000000	19.500000	59.619587	59.171997	59.507690	0	0	1	1	156	1164679
1444469579	1	1	1	1	0	0	0	0	0	0	0	0	0	0	0	4.939927	2.775943	2.764537	2.758834	2.026740	16.000000	19.500000	59.643257	59.120895	59.083588	0	0	1	1	156	1167416
1444469580	2	1	2	4	0	0	0	0	0	0	0	0	0	0	0	4.938315	2.774517	2.760259	2.761685	2.025934	16.000000	19.500000	59.741589	59.293705	59.331024	0	0	1	1	156	1168591
1444469582	1	2	3	1	0	0	0	0	0	0	0	0	0	0	0	4.939927	2.770240	2.758834	2.758834	2.025934	16.000000	19.500000	59.568630	59.232834	59.195518	0	0	1	1	156	1164704
1444469583	6	2	2	2	1	0	0	0	0	0	0	0	0	0	0	4.939927	2.768814	2.755982	2.755982	2.026740	16.000000	19.500000	59.531319	59.158207	59.120895	0	0	1	1	156	1167425
1444469584	1	3	0	3	0	0	0	0	1	0	0	0	0	0	0	4.939927	2.770240	2.757408	2.755982	2.027546	16.000000	19.500000	59.419384	59.008961	59.158207	0	0	1	1	156	1167445
1444469585	4	3	0	1	0	0	1	0	0	0	0	0	0	0	0	4.941538	2.767388	2.754556	2.753131	2.027546	16.000000	19.500000	59.246590	58.948200	59.060101	0	0	1	1	156	1164682
1444469586	4	2	1	2	1	0	0	0	0	0	0	0	0	0	0	4.941538	2.767388	2.753131	2.753131	2.026740	16.000000	20.000000	59.358494	58.985500	58.985500	0	0	1	1	156	1167426
1444469588	2	1	1	1	1	0	1	0	1	0	0	1	0	0	0	4.939927	2.764537	2.751705	2.750279	2.026740	16.000000	19.500000	59.419384	58.971653	59.046272	0	0	1	1	156	1167447
1444469589	1	1	2	3	0	0	0	0	1	0	0	0	0	0	0	4.939927	2.760259	2.748853	2.747428	2.027546	16.000000	19.500000	59.307453	58.971653	58.934341	0	0	1	1	156	1167445
1444469590	0	4	3	2	0	0	0	1	1	0	0	0	0	0	0	4.943151	2.758834	2.748853	2.748853	2.027546	16.000000	20.000000	59.260345	58.924763	58.924763	0	0	1	1	156	1164681
1444469591	0	2	1	0	0	0	0	0	0	0	0	0	0	0	0	4.939927	2.751705	2.738873	2.754556	2.027546	16.000000	20.000000	59.307453	58.934341	58.971653	0	0	1	1	156	1167418
1444469592	1	0	0	2	0	0	0	0	0	0	0	0	0	0	0	4.939927	2.757408	2.746002	2.744576	2.027546	16.000000	20.000000	59.232834	58.859715	58.822407	0	0	1	1	156	1168581
1444469594	2	1	2	2	0	0	1	0	0	0	0	0	0	0	0	4.941538	2.755982	2.746002	2.744576	2.028352	16.000000	20.000000	59.134697	58.836304	58.799004	0	0	1	1	156	1164680
1444469595	1	0	1	3	0	0	1	0	0	0	0	0	0	0	0	4.939927	2.755982	2.743150	2.741725	2.027546	16.000000	20.000000	59.158207	58.785088	58.747776	0	0	1	1	156	1167418
1444469596	0	4	2	1	0	0	0	1	0	0	0	0	0	0	0	4.939927	2.751705	2.741725	2.740299	2.027546	16.000000	20.000000	59.120895	58.822407	58.710468	0	0	1	1	156	1167435
1444469597	3	0	1	0	0	0	0	0	0	0	0	0	0	0	0	4.939927	2.748853	2.741725	2.740299	2.028352	16.000000	20.000000	59.083588	58.747776	58.710468	0	0	1	1	156	1164691
1444469598	1	1	1	3	0	0	0	0	1	0	0	0	0	0	0	4.941538	2.748853	2.737447	2.734596	2.028352	16.000000	20.000000	58.985500	58.687099	58.649799	0	0	1	1	156	1167413
1444469600	4	1	4	2	0	0	0	0	0	0	0	0	0	0	0	4.941538	2.747428	2.736022	2.733170	2.028352	16.000000	20.000000	58.948200	58.575199	58.537903	0	0	1	1	156	1167435
1444469601	2	1	3	0	0	0	0	1	0	0	0	0	0	0	0	4.939927	2.748853	2.736022	2.734596	2.029158	16.000000	20.000000	58.971653	58.598530	58.635845	0	0	1	1	156	1167435
1444469602	2	5	4	2	0	1	0	1	0	0	0	0	0	0	0	4.941538	2.744576	2.734596	2.733170	2.029963	16.000000	20.000000	58.873604	58.575199	58.500603	0	0	1	1	156	1164687
1444469603	1	1	0	0	1	0	0	0	0	0	0	0	0	0	0	4.939927	2.746002	2.736022	2.733170	2.028352	16.000000	20.000000	58.897030	58.598530	58.486599	0	0	1	1	156	1167416
1444469604	0	1	2	2	0	0	0	0	0	0	0	0	0	0	0	4.941538	2.738873	2.733170	2.728893	2.029158	16.000000	20.000000	58.724396	58.463310	58.239513	0	0	1	1	156	1168591
1444469606	1	2	0	0	0	0	0	0	0	0	0	0	0	0	0	4.943151	2.738873	2.730319	2.727467	2.029158	16.000000	20.000000	58.775608	58.402733	58.290878	0	0	1	1	156	1164712
1444469607	1	1	2	4	0	0	0	0	0	0	0	0	0	0	0	4.941538	2.740299	2.730319	2.726041	2.029158	16.000000	20.000000	58.687099	58.388706	58.314114	0	0	1	1	156	1167425
1444469608	5	0	2	2	0	1	0	0	0	0	0	0	0	0	0	4.939927	2.738873	2.726041	2.726041	2.029158	16.000000	20.000000	58.747776	58.411980	58.374660	0	0	1	1	156	1167444
1444469609	3	2	1	3	0	0	0	0	0	0	0	0	0	0	0	4.936703	2.737447	2.726041	2.724616	2.028352	16.000000	20.000000	58.719902	58.383888	58.346550	0	0	1	1	156	1164714
1444469610	3	2	2	2	0	0	0	0	0	0	0	0	0	0	0	4.941538	2.733170	2.718913	2.726041	2.029963	16.000000	20.000000	58.537903	58.314114	58.239513	0	0	1	1	156	1167426
1444469612	2	1	0	1	0	0	1	0	0	0	0	0	0	0	0	4.941538	2.731744	2.721764	2.721764	2.029963	16.000000	20.000000	58.500603	58.314114	58.202209	0	0	1	1	156	1167445
1444469613	3	2	4	3	0	0	1	0	1	0	0	0	0	0	0	4.939927	2.730319	2.721764	2.718913	2.030769	16.000000	20.000000	58.561226	58.262733	58.113487	0	0	1	1	156	1164607
1444469614	1	2	6	0	0	0	0	1	0	0	0	0	0	0	0	4.939927	2.730319	2.720338	2.718913	2.030769	16.000000	20.000000	58.523907	58.188114	58.113487	0	0	1	1	156	1167427
1444469615	0	3	1	1	0	0	0	0	1	0	0	0	0	0	0	4.938315	2.730319	2.720338	2.717487	2.029963	16.000000	20.000000	58.547226	58.211323	58.173992	0	0	1	1	156	1167440
1444469616	1	1	2	3	0	0	0	0	1	0	0	0	0	0	0	4.943151	2.727467	2.714635	2.716061	2.029963	16.000000	20.000000	58.253586	58.029861	58.029861	0	0	1	1	156	1168578
1444469618	4	1	0	2	0	0	0	0	0	0	0	0	0	0	0	4.943151	2.730319	2.713210	2.714635	2.029963	16.000000	20.000000	58.365448	57.992580	57.955292	0	0	1	1	156	1164813
1444469619	1	2	2	2	0	0	0	0	0	0	0	0	0	0	0	4.939927	2.726041	2.711784	2.711784	2.031575	16.000000	20.000000	58.225418	57.777676	57.740364	0	0	1	1	156	1167413
1444469620	4	0	3	1	0	1	0	0	0	0	0	0	0	0	0	4.936703	2.723190	2.713210	2.713210	2.029963	16.000000	20.000000	58.383888	58.085205	58.010525	0	0	1	1	156	1167435
1444469621	1	2	3	2	0	1	0	1	0	0	0	0	0	0	0	4.939927	2.721764	2.710358	2.711784	2.031575	16.000000	20.000000	58.300041	57.889610	57.889610	0	0	1	1	156	1164690
1444469622	3	1	2	1	0	1	0	0	1	0	0	0	0	0	0	4.941538	2.720338	2.706081	2.707506	2.031575	16.000000	20.000000	58.202209	57.903812	57.903812	0	0	1	1	156	1167416
1444469624	0	2	2	0	0	0	0	0	0	0	0	0	0	0	0	4.939927	2.716061	2.706081	2.706081	2.032381	16.000000	20.000000	57.889610	58.038868	57.777676	0	0	1	1	156	1167435
1444469625	1	2	2	1	0	0	0	0	0	0	0	0	0	0	0	4.939927	2.717487	2.704655	2.703229	2.031575	16.000000	20.000000	57.889610	58.001549	57.777676	0	0	1	1	156	1164680
1444469626	5	4	3	2	1	2	1	0	0	1	0	0	1	0	0	4.939927	2.713210	2.704655	2.703229	2.030769	16.000000	20.000000	58.076176	57.814991	57.777676	0	0	1	1	156	1167415
1444469627	2	1	2	4	0	1	0	0	1	0	0	0	0	0	0	4.936703	2.716061	2.704655	2.704655	2.031575	16.000000	20.000000	58.159874	57.823841	57.823841	0	0	1	1	156	1167438
1444469628	2	1	1	1	1	0	0	0	0	0	0	0	0	0	0	4.939927	2.711784	2.700378	2.701803	2.032381	16.000000	20.000000	58.038868	57.740364	57.740364	0	0	1	1	156	1168591
1444469630	1	1	1	3	0	0	0	0	1	0	0	0	0	0	0	4.939927	2.708932	2.697526	2.698952	2.032381	16.000000	20.000000	58.001549	57.665745	57.665745	0	0	1	1	156	1164694
1444469631	4	0	3	0	0	0	0	0	0	0	0	0	0	0	0	4.939927	2.710358	2.698952	2.697526	2.032381	16.000000	20.000000	57.740364	57.665745	57.553810	0	0	1	1	156	1167425
1444469632	2	4	0	1	0	0	0	0	0	0	0	0	0	0	0	4.941538	2.707506	2.696100	2.696100	2.032381	16.000000	20.000000	57.903812	57.530827	57.568119	0	0	1	1	156	1167445
1444469633	0	1	4	2	0	0	0	0	0	0	0	0	0	0	0	4.941538	2.704655	2.696100	2.696100	2.033187	16.000000	20.000000	57.791916	57.568119	57.456223	0	0	1	1	156	1164698
1444469634	1	2	0	0	0	0	0	0	0	0	0	0	0	0	0	4.939927	2.704655	2.693249	2.693249	2.033187	16.000000	20.000000	57.852295	57.479187	57.553810	0	0	1	1	156	1167428
1444469636	2	5	1	4	0	0	0	0	2	0	0	0	0	0	0	4.943151	2.703229	2.693249	2.691823	2.032381	16.000000	20.000000	57.768848	57.433266	57.395981	0	0	1	1	156	1167445
1444469637	2	1	2	2	0	1	0	0	0	0	0	0	0	0	0	4.939927	2.700378	2.691823	2.690398	2.033187	16.000000	20.000000	57.777676	57.441879	57.404568	0	0	1	1	156	1164705
1444469638	1	2	4	1	1	0	0	1	0	0	0	0	0	0	0	4.941538	2.700378	2.688972	2.693249	2.033187	16.000000	20.000000	57.680019	57.344326	57.344326	0	0	1	1	156	1167423
1444469639	3	4	1	3	2	0	0	0	1	0	0	0	0	0	0	4.939927	2.701803	2.690398	2.687546	2.031575	16.000000	20.000000	57.740364	57.404568	57.404568	0	0	1	1	156	1167440
1444469640	7	2	6	2	0	1	0	1	0	0	0	0	0	0	0	4.939927	2.697526	2.687546	2.681843	2.033993	16.000000	20.000000	57.628433	57.329941	57.255322	0	0	1	1	156	1165937
1444469642	4	3	4	4	1	1	2	0	2	0	0	1	0	0	0	4.941538	2.697526	2.683269	2.684695	2.033187	16.000000	20.000000	57.642719	57.232433	57.269726	0	0	1	1	156	1167416
1444469643	1	1	2	2	0	0	0	0	0	0	0	0	0	0	0	4.939927	2.694675	2.683269	2.683269	2.033993	16.000000	20.000000	57.591118	57.255322	57.218006	0	0	1	1	156	1167435
1444469644	2	3	1	2	0	0	0	0	1	0	0	0	0	0	0	4.941538	2.693249	2.681843	2.673288	2.032381	16.000000	20.000000	57.493523	57.083229	57.195133	0	0	1	1	156	1167435
1444469645	1	2	3	1	0	1	0	0	0	0	0	0	0	0	0	4.943151	2.691823	2.678992	2.666160	2.034799	16.000000	20.000000	57.470554	57.023109	57.097687	0	0	1	1	156	1164687
1444469646	4	2	3	4	0	0	0	1	2	1	0	0	0	1	0	4.939927	2.690398	2.678992	2.677566	2.033993	16.000000	20.000000	57.441879	57.106068	57.106068	0	0	1	1	156	1167415
1444469648	0	2	0	1	0	0	0	0	1	0	0	0	0	0	0	4.939927	2.688972	2.676140	2.677566	2.033187	16.000000	20.000000	57.367252	57.068764	57.068764	0	0	1	1	156	1167439
1444469649	3	1	3	5	0	0	1	0	0	0	0	0	0	0	0	4.938315	2.688972	2.677566	2.676140	2.033187	16.000000	20.000000	57.464840	57.128925	57.091602	0	0	1	1	156	1164681
1444469650	1	2	2	2	0	0	0	0	1	0	0	0	0	0	0	4.939927	2.686120	2.674714	2.674714	2.034799	16.000000	20.000000	57.367252	57.031448	56.994137	0	0	1	1	156	1167416
1444469651	0	0	4	4	0	0	0	0	0	0	0	0	0	0	0	4.941538	2.678992	2.678992	2.671863	2.033993	16.000000	20.000000	57.381630	56.971333	57.008629	0	0	1	1	156	1167435
1444469652	2	3	2	2	0	0	1	1	0	0	0	0	0	0	0	4.938315	2.686120	2.666160	2.663308	2.033187	16.000000	20.000000	57.166256	56.942310	56.718369	0	0	1	1	156	1165835
1444469654	2	1	6	2	0	1	0	0	0	0	0	0	0	0	0	4.939927	2.684695	2.671863	2.670437	2.034799	16.000000	20.000000	57.292633	56.882202	56.844891	0	0	1	1	156	1167425
1444469655	0	1	2	1	0	0	0	0	0	1	0	0	0	0	0	4.941538	2.680417	2.670437	2.671863	2.034799	16.000000	20.000000	57.232433	56.896732	56.822136	0	0	1	1	156	1167448
1444469656	5	1	1	5	0	1	2	0	0	0	0	0	0	0	0	4.939927	2.680417	2.666160	2.666160	2.034799	16.000000	20.000000	57.218006	56.844891	56.807579	0	0	1	1	156	1167444
1444469657	2	1	2	4	0	0	1	0	1	0	0	0	0	0	0	4.939927	2.678992	2.664734	2.663308	2.035604	16.250000	20.000000	57.180695	56.770271	56.807579	0	0	1	1	156	1164688
1444469658	0	1	1	0	0	0	0	0	0	0	0	0	0	0	0	4.941538	2.674714	2.663308	2.654754	2.035604	16.000000	20.000000	55.069069	56.486446	56.486446	0	0	1	1	156	1167426
1444469660	0	2	2	1	0	0	0	0	0	0	0	0	0	0	0	4.938315	2.677566	2.663308	2.661882	2.036410	16.250000	20.000000	57.166256	56.755692	56.718369	0	0	1	1	156	1167445
1444469661	1	0	3	1	0	0	0	0	0	0	0	0	0	0	0	4.941538	2.673288	2.659031	2.660457	2.036410	16.250000	20.000000	57.008629	56.598339	56.635639	0	0	1	1	156	1164700
1444469662	1	1	4	0	0	1	0	0	0	0	0	0	0	0	0	4.941538	2.671863	2.659031	2.657605	2.034799	16.000000	20.000000	56.934032	56.598339	56.598339	0	0	1	1	156	1167425
1444469663	2	4	2	3	0	1	1	1	1	0	0	0	0	0	0	4.936703	2.673288	2.660457	2.659031	2.033993	16.250000	20.000000	57.077126	56.666439	56.629101	0	0	1	1	156	1167439
1444469664	2	4	2	1	0	1	0	1	0	0	0	0	0	0	0	4.939927	2.669011	2.654754	2.654754	2.035604	16.250000	20.000000	56.919518	56.509094	56.546398	0	0	1	1	156	1165838
1444469666	1	2	2	1	1	0	0	1	0	0	0	0	0	0	0	4.943151	2.667585	2.654754	2.653328	2.036410	16.250000	20.000000	56.836674	56.351944	56.351944	0	0	1	1	156	1167415
1444469667	1	0	1	1	0	0	0	0	0	0	0	0	0	0	0	4.941538	2.666160	2.653328	2.653328	2.035604	16.000000	20.000000	56.859432	56.374550	56.449142	0	0	1	1	156	1167435
1444469668	5	4	2	2	2	0	0	0	0	0	0	0	0	0	0	4.941538	2.663308	2.653328	2.650476	2.036410	16.250000	20.000000	56.822136	56.411842	56.411842	0	0	1	1	156	1164695
1444469669	1	1	3	5	0	1	0	0	1	0	0	0	0	0	0	4.941538	2.663308	2.650476	2.651902	2.036410	16.250000	20.000000	56.784836	56.337250	56.411842	0	0	1	1	156	1167416
1444469670	0	0	1	1	0	0	0	0	0	0	0	0	0	0	0	4.943151	2.663308	2.649051	2.649051	2.036410	16.250000	20.000000	56.650238	56.314655	56.277367	0	0	1	1	156	1167435
1444469672	2	2	5	3	0	0	0	0	1	1	0	0	0	0	0	4.943151	2.660457	2.647625	2.646199	2.034799	16.000000	20.000000	56.724815	56.277367	56.240086	0	0	1	1	156	1167432
1444469673	2	1	2	1	0	0	0	0	0	0	0	0	0	0	0	4.938315	2.659031	2.646199	2.646199	2.035604	16.250000	20.000000	56.681049	56.270481	56.307812	0	0	1	1	156	1164673
1444469674	0	6	2	0	0	0	0	0	0	0	0	0	0	0	0	4.939927	2.656179	2.649051	2.644773	2.036410	16.250000	20.000000	56.583714	56.210594	56.210594	0	0	1	1	156	1167416
1444469675	4	3	2	2	0	0	0	1	1	0	0	0	0	0	0	4.938315	2.657605	2.644773	2.647625	2.035604	16.250000	20.000000	56.643723	56.270481	56.307812	0	0	1	1	156	1167435
1444469676	1	3	3	2	0	1	0	0	0	0	0	0	0	0	0	4.939927	2.654754	2.641922	2.641922	2.037216	16.250000	20.000000	56.546398	56.098663	56.135975	0	0	1	1	156	1165824
1444469678	3	4	3	1	1	0	0	0	0	0	0	0	0	0	0	4.938315	2.653328	2.637645	2.639070	2.037216	16.250000	20.000000	56.569077	56.158512	56.121193	0	0	1	1	156	1167425
1444469679	2	0	3	2	0	1	1	0	0	0	0	0	0	0	0	4.939927	2.651902	2.639070	2.640496	2.038022	16.250000	20.000000	56.471779	56.061348	56.098663	0	0	1	1	156	1167441
1444469680	2	3	2	2	0	1	0	0	0	0	0	0	0	0	0	4.943151	2.647625	2.637645	2.636219	2.038022	16.250000	20.000000	56.314655	56.016357	55.941784	0	0	1	1	156	1164676
1444469681	2	3	1	1	0	1	0	0	0	0	0	0	0	0	0	4.941538	2.647625	2.634793	2.631942	2.037216	16.250000	20.000000	56.337250	55.926952	55.926952	0	0	1	1	156	1167426
1444469682	1	3	4	4	0	0	0	0	1	2	0	0	0	0	0	4.941538	2.644773	2.631942	2.634793	2.037216	16.250000	20.000000	56.262646	55.889652	55.926952	0	0	1	1	156	1167445
1444469684	0	1	2	3	0	0	0	0	1	0	0	0	0	0	0	4.939927	2.643348	2.633367	2.631942	2.037216	16.250000	20.000000	56.210594	55.912106	55.874798	0	0	1	1	156	1164703
1444469685	1	2	2	2	0	0	0	0	1	0	0	0	0	0	0	4.941538	2.644773	2.630516	2.629090	2.038828	16.250000	20.000000	55.964256	55.815060	55.740456	0	0	1	1	156	1167425
1444469686	1	1	3	1	0	0	0	0	1	0	0	0	0	0	0	4.941538	2.640496	2.627664	2.629090	2.038022	16.250000	20.000000	56.188046	55.740456	55.815060	0	0	1	1	156	1167444
1444469687	1	2	2	2	0	0	0	0	0	0	0	0	0	0	0	4.939927	2.639070	2.629090	2.630516	2.037216	16.250000	20.000000	56.210594	55.837482	55.874798	0	0	1	1	156	1167444
1444469688	0	1	1	2	0	0	0	0	0	0	0	0	0	0	0	4.943151	2.640496	2.626239	2.627664	2.038828	16.250000	20.000000	56.053642	55.680775	55.718063	0	0	1	1	156	1165827
1444469690	3	2	4	6	0	0	1	0	1	0	0	0	0	0	0	4.939927	2.637645	2.624813	2.623387	2.038828	16.250000	20.000000	56.061348	55.725552	55.688240	0	0	1	1	156	1167416
1444469691	4	1	3	3	0	1	0	0	0	0	0	0	0	0	0	4.941538	2.636219	2.617684	2.617684	2.037216	16.250000	20.000000	55.964256	55.628563	55.665863	0	0	1	1	156	1167435
1444469692	2	0	1	0	0	0	0	0	0	0	0	0	0	0	0	4.939927	2.624813	2.611981	2.611981	2.038022	16.250000	20.000000	56.397160	55.538994	55.762859	0	0	1	1	156	1164691
1444469693	2	0	0	0	0	0	0	0	0	0	0	0	0	0	0	4.939927	2.634793	2.620536	2.620536	2.038828	16.250000	20.000000	56.024044	55.613617	55.650925	0	0	1	1	156	1167519
1444469694	2	0	1	2	0	0	0	0	0	0	0	0	0	0	0	4.941538	2.634793	2.621961	2.620536	2.039634	16.250000	20.000000	55.926952	55.591259	55.553959	0	0	1	1	156	1167435
1444469696	3	3	1	4	0	0	0	1	2	0	0	0	0	0	0	4.939927	2.629090	2.619110	2.617684	2.038828	16.250000	20.000000	55.800171	55.538994	55.464375	0	0	1	1	156	1164720
1444469697	0	2	1	1	0	0	0	0	0	0	0	0	0	0	0	4.941538	2.627664	2.614833	2.617684	2.039634	16.250000	20.000000	55.852352	55.442066	55.479366	0	0	1	1	156	1167416
1444469698	4	2	2	4	0	1	1	0	0	0	0	0	0	0	0	4.938315	2.619110	2.606278	2.604852	2.038022	16.250000	20.000000	56.046543	55.449356	55.412037	0	0	1	1	156	1167435
1444469699	3	3	2	4	0	0	0	0	1	0	0	0	0	0	0	4.939927	2.627664	2.614833	2.616258	2.038828	16.250000	20.000000	55.874798	55.240501	55.576305	0	0	1	1	156	1167435
1444469700	0	2	2	2	0	0	0	1	0	0	0	0	0	0	0	4.939927	2.623387	2.611981	2.611981	2.040440	16.250000	20.000000	55.762859	55.389740	55.389740	0	0	1	1	156	1176241
1444469702	4	3	3	2	0	0	0	0	1	0	0	0	0	0	0	4.938315	2.654754	2.614833	2.603426	2.038022	16.250000	20.000000	56.942310	55.113453	55.225418	0	0	1	1	156	1167426
1444469703	2	2	7	2	0	1	0	0	0	0	0	0	0	0	0	4.939927	2.621961	2.609129	2.611981	2.039634	16.250000	20.000000	55.650925	55.315121	55.315121	0	0	1	1	156	1167445
1444469704	2	1	2	0	0	1	0	0	0	0	0	0	0	0	0	4.941538	2.619110	2.610555	2.607704	2.039634	16.250000	20.000000	55.591259	55.218266	55.218266	0	0	1	1	156	1164698
1444469705	1	2	3	2	0	0	0	0	0	0	0	0	0	0	0	4.941538	2.617684	2.607704	2.607704	2.039634	16.250000	20.000000	55.553959	55.180962	55.218266	0	0	1	1	156	1167429
1444469706	3	3	2	5	0	1	0	0	1	0	0	0	0	0	0	4.939927	2.617684	2.603426	2.603426	2.040440	16.250000	20.000000	55.576305	55.165874	55.203182	0	0	1	1	156	1167445
1444469708	4	2	2	3	0	1	1	0	0	1	0	0	0	0	0	4.939927	2.613407	2.604852	2.600575	2.039634	16.250000	20.000000	55.464375	55.128563	55.091255	0	0	1	1	156	1164704
1444469709	1	2	1	1	0	0	0	1	1	0	0	0	0	0	0	4.943151	2.613407	2.603426	2.603426	2.040440	16.250000	20.000000	55.382465	55.084175	55.046890	0	0	1	1	156	1167425
1444469710	1	3	2	3	0	0	0	0	1	0	0	0	0	0	0	4.939927	2.611981	2.600575	2.600575	2.040440	16.250000	20.000000	55.427048	55.091255	55.053936	0	0	1	1	156	1167445
1444469711	1	3	2	1	0	0	0	0	0	0	0	0	0	0	0	4.938315	2.614833	2.602001	2.599149	2.038828	16.250000	20.000000	55.449356	55.076122	55.038803	0	0	1	1	156	1164694
1444469712	7	3	4	7	0	0	0	1	1	0	0	0	0	0	0	4.941538	2.607704	2.600575	2.597723	2.041245	16.250000	20.000000	55.292862	55.031765	54.957169	0	0	1	1	156	1168564
1444469714	1	5	3	5	0	0	0	1	0	2	0	0	0	0	0	4.939927	2.606278	2.597723	2.594872	2.040440	16.250000	20.000000	55.277802	54.979317	54.942009	0	0	1	1	156	1167435
1444469715	1	2	0	0	1	0	0	0	0	0	0	0	0	0	0	4.943151	2.604852	2.597723	2.593446	2.040440	16.250000	20.000000	55.196037	54.823174	54.748596	0	0	1	1	156	1167435
1444469716	4	1	3	2	0	0	1	1	0	0	0	0	0	0	0	4.941538	2.604852	2.592021	2.593446	2.042051	16.250000	20.000000	55.218266	54.696075	54.733372	0	0	1	1	156	1164689
1444469717	4	7	1	1	0	0	0	0	0	0	0	0	0	0	0	4.941538	2.603426	2.590595	2.590595	2.040440	16.250000	20.000000	55.180962	54.845272	54.807972	0	0	1	1	156	1167416
1444469718	0	1	2	3	0	0	0	0	0	0	0	0	0	0	0	4.939927	2.600575	2.594872	2.590595	2.041245	16.250000	20.000000	55.091255	54.830070	54.792767	0	0	1	1	156	1167435
1444469720	1	2	0	1	0	0	0	0	0	0	0	0	0	0	0	4.943151	2.600575	2.590595	2.587743	2.041245	16.250000	20.000000	55.046890	54.785881	54.711304	0	0	1	1	156	1164689
1444469721	0	3	1	3	0	0	0	0	1	0	0	0	0	0	0	4.943151	2.592021	2.590595	2.586318	2.041245	16.250000	20.000000	54.972321	54.674019	54.674019	0	0	1	1	156	1167416
1444469722	4	2	2	5	0	0	0	0	0	0	0	0	0	0	0	4.939927	2.599149	2.587743	2.584892	2.042051	16.250000	20.000000	54.979317	54.718140	54.680824	0	0	1	1	156	1167436
1444469723	6	0	5	2	0	2	1	0	0	0	0	0	0	0	0	4.939927	2.597723	2.587743	2.584892	2.039634	16.250000	20.000000	54.904690	54.718140	54.606201	0	0	1	1	156	1164690
1444469724	5	0	3	1	0	1	0	0	0	0	0	0	0	0	0	4.941538	2.597723	2.584892	2.584892	2.042051	16.250000	20.000000	54.957169	54.658775	54.621483	0	0	1	1	156	1168571
1444469726	1	3	2	0	0	0	0	0	0	0	0	0	0	0	0	4.941538	2.593446	2.582040	2.582040	2.042051	16.250000	20.000000	54.919876	54.584175	54.509575	0	0	1	1	156	1167447
1444469727	2	2	3	1	0	0	0	1	1	0	0	0	0	0	0	4.938315	2.590595	2.579189	2.577763	2.042857	16.250000	20.000000	54.889515	54.628242	54.516270	0	0	1	1	156	1167445
1444469728	1	1	1	3	0	0	0	0	0	1	0	0	0	0	0	4.938315	2.590595	2.580615	2.579189	2.042051	16.250000	20.000000	54.814865	54.553593	54.516270	0	0	1	1	156	1164695
1444469729	2	1	4	0	0	1	0	1	0	0	0	0	0	0	0	4.941538	2.590595	2.577763	2.576337	2.042051	16.250000	20.000000	54.807972	54.397678	54.397678	0	0	1	1	156	1167422
1444469730	2	1	1	4	0	0	0	0	1	0	0	0	0	0	0	4.939927	2.586318	2.579189	2.577763	2.042857	16.250000	20.000000	54.718140	54.456955	54.419643	0	0	1	1	156	1167445
1444469732	4	2	6	1	0	1	0	0	0	0	0	0	0	0	0	4.939927	2.584892	2.574911	2.574911	2.042051	16.250000	20.000000	54.718140	54.456955	54.419643	0	0	1	1	156	1164701
1444469733	1	2	2	0	0	0	0	0	0	0	0	0	0	0	0	4.941538	2.584892	2.573486	2.572060	2.042051	16.250000	20.000000	54.696075	54.360378	54.323078	0	0	1	1	156	1167425
1444469734	2	2	1	3	1	0	1	0	0	0	0	0	0	0	0	4.943151	2.580615	2.573486	2.570634	2.042857	16.250000	20.000000	54.450291	54.263855	54.226574	0	0	1	1	156	1167445
1444469735	3	6	3	4	2	0	0	0	1	0	0	0	0	0	0	4.935091	2.586318	2.569208	2.570634	2.040440	16.250000	20.000000	54.784420	54.410931	54.410931	0	0	1	1	156	1164690
1444469736	2	2	1	1	0	1	0	0	1	0	0	0	0	0	0	4.941538	2.580615	2.569208	2.567783	2.042857	16.250000	20.000000	54.434971	54.024685	54.323078	0	0	1	1	156	1168665
1444469738	0	1	1	1	0	0	0	0	0	0	0	0	0	0	0	4.941538	2.580615	2.567783	2.566357	2.043663	16.250000	20.000000	54.546875	54.211182	54.211182	0	0	1	1	156	1167434
1444469739	2	1	2	5	1	0	0	0	0	0	0	0	0	0	0	4.939927	2.576337	2.566357	2.564931	2.042857	16.250000	20.000000	54.494267	54.121151	54.083843	0	0	1	1	156	1164609
1444469740	4	0	2	2	0	2	0	0	0	0	0	0	0	0	0	4.939927	2.573486	2.564931	2.564931	2.042857	16.250000	20.000000	54.382328	54.158463	54.121151	0	0	1	1	156	1167416
1444469741	3	1	1	3	0	0	0	0	0	0	0	0	0	0	0	4.939927	2.569208	2.553525	2.553525	2.042857	16.250000	20.000000	54.531574	54.233082	53.971905	0	0	1	1	156	1167435
1444469742	1	0	2	2	0	0	0	0	0	0	0	0	0	0	0	4.939927	2.574911	2.562080	2.560654	2.043663	16.250000	20.000000	54.494267	54.083843	54.046532	0	0	1	1	156	1167435
1444469744	2	6	3	4	0	0	0	1	1	0	0	0	0	0	0	4.941538	2.570634	2.559228	2.559228	2.043663	16.250000	20.000000	54.360378	54.024685	53.950089	0	0	1	1	156	1194576
1444469745	3	5	1	3	2	0	0	0	1	0	0	0	0	0	0	4.939927	2.569208	2.557802	2.556377	2.044469	16.250000	20.000000	54.270397	53.971905	53.897285	0	0	1	1	156	1167415
1444469746	3	3	1	1	0	1	0	0	0	0	0	0	0	0	0	4.941538	2.563505	2.562080	2.553525	2.043663	16.250000	20.000000	54.323078	53.950089	53.875488	0	0	1	1	156	1167435
1444469747	3	2	5	2	0	0	0	0	0	1	0	0	0	0	0	4.938315	2.567783	2.557802	2.557802	2.043663	16.250000	20.000000	54.329655	53.956421	53.919094	0	0	1	1	156	1170257
1444469748	2	1	7	6	0	1	0	0	1	1	0	0	0	0	0	4.939927	2.563505	2.552099	2.552099	2.044469	16.250000	20.000000	54.158463	53.822666	53.785351	0	0	1	1	156	1168575
1444469750	0	0	3	0	0	0	0	0	0	0	0	0	0	0	0	4.939927	2.563505	2.550674	2.553525	2.044469	16.250000	20.000000	54.158463	53.822666	53.785351	0	0	1	1	156	1167445
1444469751	4	1	1	2	0	0	0	0	0	0	0	0	0	0	0	4.941538	2.563505	2.550674	2.550674	2.043663	16.250000	20.000000	54.099285	53.763592	53.726284	0	0	1	1	156	1164686
1444469752	2	0	6	1	0	0	1	0	0	0	0	0	0	0	0	4.941538	2.559228	2.546396	2.546396	2.044469	16.250000	20.000000	54.024685	53.726284	53.763592	0	0	1	1	156	1167425
1444469753	3	4	2	2	0	0	0	0	2	0	0	0	0	0	0	4.941538	2.559228	2.549248	2.546396	2.044469	16.250000	20.000000	54.024685	53.688992	53.614391	0	0	1	1	156	1167445
1444469754	1	2	2	3	0	0	0	0	2	0	0	0	0	0	0	4.941538	2.557802	2.544971	2.544971	2.045275	16.250000	20.000000	53.950089	53.651691	53.577087	0	0	1	1	156	1167444
1444469756	5	3	2	3	0	0	0	0	1	1	0	0	0	0	0	4.936703	2.559228	2.547822	2.546396	2.043663	16.250000	20.000000	54.052921	53.716896	53.679565	0	0	1	1	156	1164696
1444469757	3	3	5	3	1	1	0	0	2	0	0	0	0	0	0	4.943151	2.553525	2.537842	2.547822	2.045275	16.250000	20.000000	53.853703	53.555405	53.518116	0	0	1	1	156	1167426
1444469758	3	4	3	3	0	0	0	1	2	2	0	0	0	1	0	4.941538	2.550674	2.542119	2.540693	2.046081	16.250000	20.000000	53.800892	53.577087	53.465195	0	0	1	1	156	1167445
1444469759	4	4	3	2	1	1	0	1	0	1	0	0	0	0	0	4.935091	2.544971	2.544971	2.540693	2.042857	16.250000	20.000000	53.962757	53.663971	53.626621	0	0	1	1	156	1174951
1444469761	2	3	1	3	0	0	1	0	0	0	0	0	0	0	0	4.941538	2.549248	2.539268	2.539268	2.046081	16.250000	20.000000	53.726284	53.278702	53.577087	0	0	1	1	156	1168665
1444469762	2	1	2	2	0	0	0	0	0	0	0	0	0	0	0	4.943151	2.547822	2.536416	2.534990	2.046081	16.250000	20.000000	53.667263	53.368969	53.368969	0	0	1	1	156	1167436
1444469763	3	1	1	0	0	0	0	0	0	0	0	0	0	0	0	4.939927	2.547822	2.536416	2.534990	2.045275	16.250000	20.000000	53.710728	53.374924	53.337608	0	0	1	1	156	1164683
1444469764	6	1	5	3	0	1	0	0	0	0	0	0	0	0	0	4.939927	2.544971	2.533565	2.533565	2.045275	16.250000	20.000000	53.673412	53.337608	53.300304	0	0	1	1	156	1167418
1444469765	0	1	3	2	0	0	0	0	0	0	0	0	0	0	0	4.936703	2.564931	2.530713	2.526436	2.044469	16.250000	20.000000	53.642227	53.343544	53.343544	0	0	1	1	156	1167435
1444469767	2	2	1	0	0	0	0	0	0	0	0	0	0	0	0	4.943151	2.543545	2.527862	2.530713	2.046081	16.250000	20.000000	53.555405	53.219822	53.145245	0	0	1	1	156	1164702
1444469768	0	2	1	1	0	0	0	0	0	0	0	0	0	0	0	4.939927	2.539268	2.530713	2.526436	2.044469	16.250000	20.000000	53.561481	53.225677	53.151058	0	0	1	1	156	1167413
1444469769	2	0	2	1	0	0	0	0	0	0	0	0	0	0	0	4.939927	2.539268	2.529287	2.527862	2.046081	16.250000	20.000000	53.561481	53.225677	53.151058	0	0	1	1	156	1167435
1444469770	1	4	1	5	0	0	1	1	1	0	0	0	0	0	0	4.939927	2.537842	2.526436	2.525010	2.046081	16.250000	20.000000	53.486855	53.151058	53.151058	0	0	1	1	156	1167435
1444469771	3	1	3	3	0	0	0	1	0	0	0	0	0	0	0	4.938315	2.536416	2.526436	2.525010	2.046081	16.250000	20.000000	53.545853	53.135300	53.097977	0	0	1	1	156	1164692
1444469773	3	4	4	2	0	1	0	0	1	0	0	0	0	0	0	4.941538	2.534990	2.522159	2.523584	2.046081	16.250000	20.000000	53.390598	53.092205	53.017605	0	0	1	1	156	1168571
1444469774	5	0	8	3	0	1	0	0	0	0	0	0	0	0	0	4.939927	2.532139	2.523584	2.522159	2.046886	16.250000	20.000000	53.337608	53.001812	53.001812	0	0	1	1	156	1167442
1444469775	1	2	0	2	0	0	0	0	0	0	0	0	0	0	0	4.939927	2.530713	2.522159	2.520733	2.046886	16.250000	20.000000	53.262989	53.039124	53.001812	0	0	1	1	156	1186346
1444469776	2	2	4	3	0	0	0	0	1	0	0	0	0	0	0	4.939927	2.530713	2.519307	2.519307	2.046081	16.250000	20.000000	53.300304	52.964497	52.889874	0	0	1	1	156	1167425
1444469777	3	2	1	3	0	0	0	0	1	0	0	0	0	0	0	4.941538	2.526436	2.517881	2.517881	2.046886	16.250000	20.000000	53.054905	52.719204	52.868401	0	0	1	1	156	1167444
1444469779	5	2	2	2	1	0	0	0	0	0	0	0	0	0	0	4.941538	2.527862	2.516456	2.515030	2.046886	16.250000	20.000000	53.092205	52.719204	52.831108	0	0	1	1	156	1164697
1444469780	5	2	1	1	0	0	0	0	0	0	0	0	0	0	0	4.939927	2.526436	2.516456	2.513604	2.047692	16.500000	20.000000	53.151058	52.777939	52.777939	0	0	1	1	156	1167426
1444469781	4	1	5	2	0	1	0	0	0	0	0	0	0	0	0	4.939927	2.523584	2.510752	2.512178	2.046886	16.250000	20.000000	53.076431	52.740627	52.703316	0	0	1	1	156	1167447
1444469782	2	0	2	1	0	0	0	0	0	0	0	0	0	0	0	4.939927	2.520733	2.510752	2.510752	2.046886	16.250000	20.000000	53.113743	52.740627	52.703316	0	0	1	1	156	1167445
1444469783	2	4	2	0	0	0	0	1	0	0	0	0	0	0	0	4.936703	2.520733	2.510752	2.512178	2.046081	16.250000	20.000000	53.119534	52.820839	52.820839	0	0	1	1	156	1164679
1444469785	4	2	1	2	1	0	0	0	0	0	0	0	0	0	0	4.944762	2.520733	2.507901	2.507901	2.047692	16.250000	20.000000	52.900063	52.601860	52.564587	0	0	1	1	156	1168662
1444469786	3	2	2	1	0	1	0	0	1	0	0	0	0	0	0	4.941538	2.517881	2.506475	2.505049	2.046081	16.250000	20.000000	52.980309	52.607311	52.570011	0	0	1	1	156	1167432
1444469787	1	0	2	0	0	0	0	0	0	0	0	0	0	0	0	4.939927	2.515030	2.505049	2.505049	2.046886	16.250000	20.000000	52.889874	52.591381	52.628693	0	0	1	1	156	1164690
1444469788	1	3	2	1	0	0	0	0	1	0	0	0	0	0	0	4.939927	2.515030	2.505049	2.506475	2.048498	16.500000	20.000000	52.889874	52.554070	52.516762	0	0	1	1	156	1167416
1444469789	1	2	4	5	0	0	0	1	1	0	0	0	0	0	0	4.939927	2.512178	2.503624	2.502198	2.047692	16.500000	20.000000	52.852558	52.479450	52.479450	0	0	1	1	156	1167435
1444469791	1	2	3	6	0	0	0	0	0	0	0	0	0	0	0	4.941538	2.510752	2.500772	2.502198	2.047692	16.250000	20.000000	52.756508	52.420818	52.420818	0	0	1	1	156	1164683
1444469792	1	2	1	3	0	0	0	0	0	0	0	0	0	0	0	4.939927	2.510752	2.497921	2.497921	2.048498	16.500000	20.000000	52.554070	52.628693	52.367516	0	0	1	1	156	1167415
1444469793	0	2	1	1	0	0	0	0	0	0	0	0	0	0	0	4.939927	2.507901	2.497921	2.499346	2.048498	16.500000	20.000000	52.703316	52.367516	52.404823	0	0	1	1	156	1167436
1444469794	1	4	2	3	0	0	0	1	1	0	0	0	0	0	0	4.941538	2.509327	2.495069	2.496495	2.049304	16.500000	20.000000	52.719204	52.308918	52.308918	0	0	1	1	156	1164703
1444469795	1	0	1	0	0	1	0	0	0	0	0	0	0	0	0	4.939927	2.507901	2.496495	2.496495	2.047692	16.500000	20.000000	52.703316	52.404823	52.330204	0	0	1	1	156	1167418
1444469797	2	6	2	3	0	0	0	0	1	0	0	0	0	0	0	4.941538	2.503624	2.492218	2.493644	2.047692	16.250000	20.000000	52.607311	52.234322	52.271622	0	0	1	1	156	1168591
1444469798	4	2	3	2	0	0	0	0	0	0	0	0	0	0	0	4.939927	2.503624	2.490792	2.482237	2.046081	16.250000	20.000000	52.703316	52.218269	52.218269	0	0	1	1	156	1167445
1444469799	0	2	1	3	0	0	0	0	1	0	0	0	0	0	0	4.941538	2.502198	2.490792	2.482237	2.047692	16.250000	20.000000	52.607311	52.122425	52.122425	0	0	1	1	156	1164687
1444469800	1	1	1	2	0	0	0	0	0	0	0	0	0	0	0	4.941538	2.499346	2.489366	2.487941	2.049304	16.500000	20.000000	52.420818	52.085125	52.122425	0	0	1	1	156	1167425
1444469801	1	2	1	2	0	0	0	0	0	0	0	0	0	0	0	4.939927	2.499346	2.487941	2.486515	2.048498	16.500000	20.000000	52.442135	52.143646	52.106339	0	0	1	1	156	1167448
1444469803	3	5	5	2	0	0	0	1	0	0	0	0	0	0	0	4.936703	2.497921	2.487941	2.487941	2.047692	16.500000	20.000000	52.447487	52.148796	52.148796	0	0	1	1	156	1164688
1444469804	2	4	0	2	0	0	1	0	0	0	0	0	0	0	0	4.941538	2.492218	2.486515	2.485089	2.049304	16.500000	20.000000	52.234322	52.047825	52.010517	0	0	1	1	156	1167425
1444469805	3	3	3	4	1	0	0	1	0	0	0	0	0	0	0	4.943151	2.493644	2.482237	2.480812	2.050110	16.500000	20.000000	52.250355	51.952057	51.914761	0	0	1	1	156	1167445
1444469806	2	1	0	0	0	0	0	0	0	0	0	0	0	0	0	4.941538	2.489366	2.482237	2.479386	2.049304	16.500000	20.000000	52.234322	51.898624	51.898624	0	0	1	1	156	1164672
1444469807	2	3	4	2	0	0	0	1	0	0	0	0	0	0	0	4.936703	2.492218	2.483663	2.479386	2.048498	16.500000	20.000000	52.298141	51.999447	51.962116	0	0	1	1	156	1167420
1444469809	2	0	4	0	0	1	0	0	0	0	0	0	0	0	0	4.941538	2.489366	2.479386	2.479386	2.049304	16.500000	20.000000	52.159721	51.824028	51.861324	0	0	1	1	156	1168584
1444469810	1	2	3	2	0	1	0	0	1	0	0	0	0	0	0	4.939927	2.487941	2.473683	2.476534	2.050110	16.500000	20.000000	52.180958	51.807835	51.807835	0	0	1	1	156	1167435
1444469811	1	4	3	4	0	0	0	0	1	0	0	0	0	0	0	4.939927	2.485089	2.475109	2.475109	2.049304	16.500000	20.000000	52.106339	51.770527	51.770527	0	0	1	1	156	1164708
1444469812	1	3	3	2	0	0	0	0	1	0	0	0	0	0	0	4.941538	2.476534	2.463703	2.465128	2.048498	16.500000	20.000000	51.824028	51.189930	51.413734	0	0	1	1	156	1167416
1444469813	3	3	2	3	1	0	0	1	0	0	0	0	0	0	0	4.938315	2.485089	2.475109	2.472257	2.049304	16.500000	20.000000	52.090237	51.754314	51.716995	0	0	1	1	156	1167435
1444469815	2	2	0	4	0	0	1	0	0	0	0	0	0	0	0	4.939927	2.480812	2.469406	2.469406	2.050110	16.500000	20.000000	51.994400	51.658588	51.583969	0	0	1	1	156	1164690
1444469816	1	4	2	2	0	0	0	0	1	0	0	0	0	0	0	4.939927	2.477960	2.467980	2.467980	2.050110	16.500000	20.000000	51.957081	51.583969	51.621288	0	0	1	1	156	1167415
1444469817	3	3	0	4	0	0	1	0	2	0	0	0	0	0	0	4.939927	2.473683	2.470831	2.462277	2.050110	16.500000	20.000000	51.957081	51.583969	51.546661	0	0	1	1	156	1167435
1444469818	1	2	3	2	0	0	0	0	0	0	0	0	0	0	0	4.944762	2.470831	2.467980	2.465128	2.050110	16.500000	20.000000	51.781807	51.446331	51.483612	0	0	1	1	156	1164690
1444469819	6	2	1	3	1	1	0	0	1	0	0	0	0	0	0	4.939927	2.476534	2.466554	2.465128	2.047692	16.500000	20.000000	51.658588	51.695908	51.472042	0	0	1	1	156	1167416
1444469821	1	2	3	5	0	0	0	0	1	0	0	0	0	0	0	4.939927	2.473683	2.462277	2.465128	2.050110	16.500000	20.000000	51.807835	51.472042	51.509350	0	0	1	1	156	1168591
1444469822	3	2	3	1	0	1	0	0	0	0	0	0	0	0	0	4.941538	2.470831	2.462277	2.462277	2.050110	16.500000	20.000000	51.712128	51.451035	51.413734	0	0	1	1	156	1164681
1444469823	5	6	2	4	0	0	0	0	2	0	0	0	0	0	0	4.941538	2.469406	2.460851	2.462277	2.050916	16.500000	20.000000	51.674831	51.413734	51.413734	0	0	1	1	156	1167425
1444469824	0	2	4	6	0	0	0	1	0	0	0	0	0	0	0	4.943151	2.466554	2.458000	2.458000	2.050916	16.500000	20.000000	51.616467	51.318172	51.318172	0	0	1	1	156	1167445
1444469825	4	5	2	1	1	1	0	0	1	0	0	0	0	0	0	4.939927	2.469406	2.458000	2.456574	2.050110	16.500000	20.000000	51.658588	51.322796	51.285477	0	0	1	1	156	1167444
1444469827	6	3	5	2	1	0	0	0	0	1	0	0	0	0	0	4.939927	2.466554	2.455148	2.453722	2.050916	16.500000	20.000000	51.695908	51.285477	51.248173	0	0	1	1	156	1164682
1444469828	2	3	2	2	0	1	0	0	0	0	0	0	0	0	0	4.941538	2.466554	2.455148	2.453722	2.051722	16.500000	20.000000	51.600231	51.264538	51.227242	0	0	1	1	156	1167426
1444469829	3	2	1	0	1	0	0	0	0	0	0	0	0	0	0	4.939927	2.463703	2.453722	2.453722	2.050916	16.500000	20.000000	51.583969	51.248173	51.248173	0	0	1	1	156	1167445
1444469830	3	6	2	2	1	0	0	1	0	0	0	0	0	0	0	4.939927	2.466554	2.452297	2.452297	2.050916	16.500000	20.000000	51.546661	51.136230	51.173538	0	0	1	1	156	1164687
1444469831	2	1	1	3	0	0	0	0	0	0	0	0	0	0	0	4.939927	2.462277	2.453722	2.452297	2.050110	16.500000	20.000000	51.546661	51.210854	51.136230	0	0	1	1	156	1167420
1444469833	6	5	2	4	1	1	0	0	2	0	0	0	0	0	0	4.939927	2.459425	2.448019	2.446594	2.050916	16.500000	20.000000	51.434723	51.136230	51.173538	0	0	1	1	156	1168581
1444469834	2	2	3	4	0	0	0	0	0	1	0	0	0	0	0	4.939927	2.460851	2.450871	2.446594	2.051722	16.500000	20.000000	51.434723	51.098919	51.098919	0	0	1	1	156	1164687
1444469835	5	2	3	3	0	0	0	2	1	1	0	0	0	1	0	4.941538	2.458000	2.446594	2.446594	2.050916	16.500000	20.000000	51.376438	51.040733	51.040733	0	0	1	1	156	1167416
1444469836	2	2	1	2	0	0	0	0	1	0	0	0	0	0	0	4.939927	2.456574	2.445168	2.443742	2.050916	16.500000	20.000000	51.397415	51.024292	50.986988	0	0	1	1	156	1167435
1444469837	1	1	4	4	0	0	0	0	1	0	0	0	0	0	0	4.941538	2.455148	2.445168	2.443742	2.051722	16.500000	20.000000	51.301838	51.003441	50.928837	0	0	1	1	156	1164693
1444469839	2	2	2	1	0	0	0	0	1	0	0	0	0	0	0	4.943151	2.453722	2.442316	2.442316	2.050916	16.500000	20.000000	51.094448	50.908016	50.870728	0	0	1	1	156	1167416
1444469840	4	3	0	1	0	0	0	0	0	0	0	0	0	0	0	4.941538	2.453722	2.442316	2.439465	2.052527	16.500000	20.000000	51.227242	50.891537	50.891537	0	0	1	1	156	1167435
1444469841	2	0	3	3	0	0	0	0	0	0	0	0	0	0	0	4.939927	2.452297	2.438039	2.439465	2.051722	16.500000	20.000000	51.248173	50.875046	50.875046	0	0	1	1	156	1167439
1444469842	4	2	2	1	1	1	0	0	0	0	0	0	0	0	0	4.935091	2.450871	2.438039	2.439465	2.050916	16.500000	20.000000	51.273693	50.900211	50.937561	0	0	1	1	156	1164696
1444469843	2	1	3	5	0	0	0	0	0	0	0	0	0	0	0	4.939927	2.450871	2.439465	2.438039	2.051722	16.500000	20.000000	51.210854	50.837742	50.800426	0	0	1	1	156	1167416
1444469845	0	1	0	4	0	0	0	0	1	0	0	0	0	0	0	4.941538	2.448019	2.429485	2.430910	2.051722	16.500000	20.000000	51.040733	50.667747	50.705048	0	0	1	1	156	1168591
1444469846	3	3	3	1	1	0	0	0	0	0	0	0	0	0	0	4.938315	2.919944	2.425207	2.425207	2.050916	16.500000	20.000000	51.269119	50.895870	50.485317	0	0	1	1	156	1164691
1444469847	3	6	3	2	0	1	0	1	1	0	0	0	0	0	0	4.939927	2.446594	2.436613	2.432336	2.052527	16.500000	20.000000	51.098919	50.725807	50.725807	0	0	1	1	156	1167425
1444469848	0	1	5	2	0	0	0	1	0	0	0	0	0	0	0	4.939927	2.443742	2.433762	2.432336	2.053334	16.500000	20.000000	51.024292	50.651184	50.651184	0	0	1	1	156	1167448
1444469849	6	2	2	3	0	0	0	0	1	0	0	0	0	0	0	4.938315	2.445168	2.433762	2.430910	2.051722	16.500000	20.000000	51.045166	50.634613	50.597286	0	0	1	1	156	1176769
1444469851	2	4	2	5	0	0	0	0	2	0	0	0	0	0	0	4.941538	2.442316	2.428059	2.428059	2.052527	16.500000	20.000000	50.928837	50.555851	50.555851	0	0	1	1	156	1167425
1444469852	2	5	2	4	0	0	0	0	0	0	0	0	0	0	0	4.943151	2.439465	2.428059	2.425207	2.053334	16.500000	20.000000	50.609715	50.535145	50.385998	0	0	1	1	156	1167445
1444469853	2	1	2	5	1	0	0	0	0	0	0	0	0	0	0	4.943151	2.439465	2.425207	2.425207	2.053334	16.500000	20.000000	50.870728	50.497856	50.460567	0	0	1	1	156	1167444
1444469854	4	4	2	4	0	0	0	0	0	0	0	0	0	0	0	4.939927	2.438039	2.426633	2.425207	2.053334	16.500000	20.000000	50.800426	50.464630	50.427319	0	0	1	1	156	1164690
1444469855	6	1	2	2	0	1	0	0	0	0	0	0	0	0	0	4.939927	2.438039	2.425207	2.425207	2.052527	16.500000	20.000000	50.875046	50.464630	50.427319	0	0	1	1	156	1167423
1444469857	3	3	1	5	0	0	0	0	1	0	0	0	0	0	0	4.941538	2.433762	2.419504	2.420930	2.054139	16.500000	20.000000	50.742340	50.332047	50.406654	0	0	1	1	156	1168581
1444469858	7	3	3	3	0	1	1	0	0	0	0	0	0	0	0	4.941538	2.432336	2.419504	2.419504	2.053334	16.500000	20.000000	50.705048	50.332047	50.332047	0	0	1	1	156	1164696
1444469859	6	5	1	6	0	0	2	0	1	1	0	0	0	0	0	4.939927	2.429485	2.412375	2.410950	2.052527	16.500000	20.000000	50.651184	50.091515	50.166134	0	0	1	1	156	1167416
1444469860	1	4	0	3	0	0	0	0	1	0	0	0	0	0	0	4.938315	2.430910	2.419504	2.420930	2.052527	16.500000	20.000000	50.671932	50.336018	50.336018	0	0	1	1	156	1167435
1444469861	2	2	6	5	0	1	0	0	0	1	0	0	0	0	0	4.941538	2.426633	2.415227	2.416653	2.054139	16.500000	20.000000	50.518551	50.220150	50.220150	0	0	1	1	156	1164705
1444469863	0	2	0	6	0	0	0	0	0	0	0	0	0	0	0	4.941538	2.428059	2.413801	2.413801	2.054139	16.500000	20.000000	50.555851	50.220150	50.145557	0	0	1	1	156	1167419
1444469864	5	3	2	3	0	0	0	0	0	0	0	0	0	0	0	4.939927	2.423782	2.412375	2.412375	2.054139	16.500000	20.000000	50.501938	50.166134	50.166134	0	0	1	1	156	1167435
1444469865	3	2	1	2	0	0	0	0	0	0	0	0	0	0	0	4.944762	2.418078	2.413801	2.410950	2.053334	16.500000	20.000000	50.477180	50.029881	50.067158	0	0	1	1	156	1164602
1444469866	1	3	5	6	0	0	0	0	2	1	0	0	0	0	0	4.939927	2.420930	2.410950	2.409524	2.053334	16.500000	20.000000	50.464630	50.166134	50.054199	0	0	1	1	156	1167416
1444469867	5	2	3	1	0	0	0	0	1	0	0	0	0	0	0	4.936703	2.423782	2.410950	2.412375	2.054139	16.500000	20.000000	50.543354	50.132660	50.169991	0	0	1	1	156	1167435
1444469869	4	3	2	2	0	0	0	0	0	0	0	0	0	0	0	4.939927	2.420930	2.408098	2.408098	2.054139	16.500000	20.000000	50.352692	50.016888	50.016888	0	0	1	1	156	1168593
1444469870	1	2	1	3	0	0	0	0	0	0	0	0	0	0	0	4.939927	2.418078	2.405247	2.403821	2.054139	16.500000	20.000000	50.315376	50.016888	49.942268	0	0	1	1	156	1164801
1444469871	4	3	3	1	1	1	0	0	0	1	0	0	0	0	0	4.939927	2.419504	2.403821	2.403821	2.054139	16.500000	20.000000	50.352692	49.942268	49.942268	0	0	1	1	156	1167425
1444469872	2	1	3	3	0	0	0	0	0	0	0	0	0	0	0	4.939927	2.415227	2.403821	2.400970	2.054139	16.500000	20.500000	50.315376	49.904953	49.755711	0	0	1	1	156	1167444
1444469873	4	1	3	4	0	0	0	0	0	0	0	0	0	0	0	4.939927	2.412375	2.400970	2.399544	2.053334	16.500000	20.000000	50.278065	49.867641	49.830330	0	0	1	1	156	1164930
1444469875	3	2	1	3	0	0	1	0	0	0	0	0	0	0	0	4.941538	2.412375	2.400970	2.400970	2.054945	16.500000	20.500000	50.182850	49.847164	49.772564	0	0	1	1	156	1167422
1444469876	5	6	1	4	3	0	0	0	0	0	0	0	0	0	0	4.939927	2.413801	2.399544	2.396692	2.054945	16.500000	20.000000	50.203445	49.793022	49.755711	0	0	1	1	156	1167444
1444469877	5	6	3	2	0	1	0	0	1	0	0	0	0	0	0	4.939927	2.409524	2.399544	2.399544	2.054945	16.500000	20.500000	50.128819	49.793022	49.755711	0	0	1	1	156	1164691
1444469878	1	5	2	3	0	0	1	0	2	0	0	0	0	0	0	4.938315	2.408098	2.396692	2.393841	2.054139	16.500000	20.500000	50.149403	49.776169	49.738842	0	0	1	1	156	1167426
1444469879	2	3	5	3	0	0	0	0	1	1	0	0	0	0	0	4.939927	2.408098	2.396692	2.396692	2.054945	16.500000	20.500000	50.091515	49.718395	49.718395	0	0	1	1	156	1167440
1444469881	2	2	7	2	0	1	1	1	1	1	0	0	1	0	0	4.941538	2.406672	2.396692	2.392415	2.054945	16.500000	20.000000	49.959061	49.623367	49.623367	0	0	1	1	156	1168581
1444469882	1	0	0	0	0	0	0	0	0	0	0	0	0	0	0	4.941538	2.403821	2.393841	2.390989	2.054945	16.500000	20.500000	49.959061	49.623367	49.548771	0	0	1	1	156	1164690
1444469883	3	3	7	5	0	2	0	0	0	1	0	0	0	0	0	4.939927	2.399544	2.388138	2.389564	2.054945	16.500000	20.500000	49.904953	49.531845	49.494526	0	0	1	1	156	1167416
1444469884	3	4	2	4	0	0	0	0	1	0	0	0	0	0	0	4.941538	2.400970	2.389564	2.386712	2.054945	16.500000	20.500000	49.847164	49.586063	49.474163	0	0	1	1	156	1167435
1444469885	7	3	5	2	0	3	0	0	1	0	0	0	0	0	0	4.941538	2.400970	2.388138	2.388138	2.055751	16.500000	20.500000	49.847164	49.436871	49.511471	0	0	1	1	156	1164679
1444469887	1	1	3	2	0	0	0	0	1	0	0	0	0	0	0	4.941538	2.398118	2.385286	2.378157	2.054945	16.500000	20.500000	49.772564	49.474163	49.474163	0	0	1	1	156	1167416
1444469888	1	4	4	2	0	0	0	0	0	0	0	0	0	0	0	4.941538	2.399544	2.386712	2.385286	2.055751	16.500000	20.500000	49.809864	49.511471	49.399567	0	0	1	1	156	1167435
1444469889	4	2	4	4	0	0	1	0	2	0	0	0	0	0	0	4.938315	2.396692	2.383860	2.385286	2.055751	16.500000	20.500000	49.813488	49.402927	49.477573	0	0	1	1	156	1164708
1444469890	0	2	6	2	0	0	0	0	0	0	0	0	0	0	0	4.941538	2.395267	2.383860	2.381009	2.056557	16.500000	20.500000	49.697968	49.362267	49.324966	0	0	1	1	156	1167419
1444469891	4	6	1	4	0	0	1	0	1	0	0	0	0	0	0	4.938315	2.396692	2.383860	2.382435	2.054945	16.500000	20.500000	49.776169	49.440254	49.365604	0	0	1	1	156	1167435
1444469893	3	3	4	1	0	1	0	1	0	0	0	0	0	0	0	4.936703	2.393841	2.381009	2.379583	2.054139	16.500000	20.500000	49.721966	49.385941	49.348606	0	0	1	1	156	1165863
1444469894	5	3	4	4	0	0	1	0	1	0	0	0	0	0	0	4.939927	2.392415	2.373880	2.381009	2.055751	16.500000	20.500000	49.643776	49.233345	49.270660	0	0	1	1	156	1167426
1444469895	5	4	4	7	0	2	0	1	1	0	0	0	0	0	0	4.941538	2.389564	2.378157	2.376732	2.056557	16.500000	20.500000	49.548771	49.250374	49.175770	0	0	1	1	156	1167445
1444469896	4	3	4	2	0	0	1	0	0	0	0	0	0	0	0	4.943151	2.388138	2.378157	2.373880	2.056557	16.500000	20.500000	49.528393	49.192802	49.080944	0	0	1	1	156	1167445
1444469897	4	3	3	2	0	1	1	0	0	0	0	0	0	0	0	4.939927	2.386712	2.375306	2.372454	2.056557	16.500000	20.500000	49.531845	49.158726	49.121414	0	0	1	1	156	1164698
1444469899	1	1	4	1	0	0	0	0	0	0	0	0	0	0	0	4.936703	2.376732	2.371029	2.369603	2.054139	16.500000	20.500000	49.572628	49.199265	49.161926	0	0	1	1	156	1167425
1444469900	2	3	6	5	1	0	0	0	1	1	0	0	0	0	0	4.941538	2.385286	2.371029	2.372454	2.056557	16.500000	20.500000	49.213070	49.175770	49.063873	0	0	1	1	156	1167444
1444469901	2	1	4	1	0	0	0	0	0	0	0	0	0	0	0	4.941538	2.381009	2.369603	2.368177	2.056557	16.500000	20.500000	49.399567	48.840084	49.026573	0	0	1	1	156	1164689
1444469902	5	5	1	2	0	0	0	1	1	0	0	0	0	0	0	4.939927	2.379583	2.368177	2.365326	2.056557	16.500000	20.500000	49.307972	48.972168	48.934856	0	0	1	1	156	1167425
1444469903	0	4	3	2	0	0	0	1	0	0	0	0	0	0	0	4.936703	2.382435	2.371029	2.369603	2.054945	16.500000	20.500000	49.460613	49.087257	49.049919	0	0	1	1	156	1167443
1444469905	2	2	5	3	0	0	0	0	1	0	0	0	0	0	0	4.941538	2.376732	2.366751	2.363900	2.056557	16.500000	20.500000	49.213070	48.914680	48.877377	0	0	1	1	156	1165830
1444469906	4	7	3	6	0	0	0	0	2	0	0	0	0	0	0	4.939927	2.376732	2.365326	2.365326	2.056557	16.500000	20.500000	49.233345	48.972168	48.860233	0	0	1	1	156	1167416
1444469907	1	3	7	6	0	0	0	0	0	2	0	0	0	0	0	4.939927	2.375306	2.366751	2.362474	2.057363	16.500000	20.500000	48.934856	49.084099	48.710991	0	0	1	1	156	1167435
1444469908	5	3	2	6	0	1	0	0	0	0	0	0	0	0	0	4.939927	2.371029	2.362474	2.361048	2.056557	16.500000	20.500000	49.158726	48.860233	48.822922	0	0	1	1	156	1167435
1444469909	4	3	4	5	0	1	1	0	1	0	0	0	0	0	0	4.941538	2.372454	2.361048	2.359623	2.056557	16.500000	20.500000	49.101177	48.765484	48.728184	0	0	1	1	156	1164685
1444469911	4	4	4	0	0	1	0	0	0	0	0	0	0	0	0	4.939927	2.369603	2.359623	2.358197	2.056557	16.500000	20.500000	49.046787	48.710991	48.673672	0	0	1	1	156	1167418
1444469912	2	3	1	0	0	0	0	0	0	0	0	0	0	0	0	4.941538	2.368177	2.358197	2.356771	2.056557	16.500000	20.500000	49.063873	48.802784	48.690887	0	0	1	1	156	1167435
1444469913	4	2	6	5	0	2	1	0	1	0	0	0	0	0	0	4.939927	2.363900	2.356771	2.353920	2.056557	16.500000	20.500000	49.046787	48.673672	48.636356	0	0	1	1	156	1164704
1444469914	1	2	2	1	0	0	0	1	0	0	0	0	0	0	0	4.939927	2.366751	2.355345	2.352494	2.056557	16.500000	20.500000	49.009480	48.636356	48.636356	0	0	1	1	156	1167413
1444469915	2	2	3	2	0	0	0	1	0	0	0	0	0	0	0	4.939927	2.365326	2.358197	2.353920	2.056557	16.500000	20.500000	49.009480	48.673672	48.599052	0	0	1	1	156	1167435
1444469917	2	3	3	0	0	0	0	0	0	0	0	0	0	0	0	4.941538	2.363900	2.353920	2.352494	2.057363	16.500000	20.500000	48.951981	48.578987	48.541679	0	0	1	1	156	1165836
1444469918	5	5	2	6	1	1	1	0	2	0	0	1	0	0	0	4.941538	2.361048	2.352494	2.349642	2.057363	16.500000	20.500000	48.877377	48.541679	48.504383	0	0	1	1	156	1167429
1444469919	2	3	1	1	1	0	0	0	0	0	0	0	0	0	0	4.939927	2.359623	2.348217	2.348217	2.057363	16.500000	20.500000	48.860233	48.524429	48.487110	0	0	1	1	156	1167445
1444469920	0	5	2	1	0	0	0	0	0	0	0	0	0	0	0	4.941538	2.359623	2.349642	2.346791	2.058169	16.500000	20.500000	48.802784	48.504383	48.429790	0	0	1	1	156	1164701
1444469921	3	1	3	2	0	0	0	0	0	0	0	0	0	0	0	4.939927	2.358197	2.346791	2.342514	2.058169	16.500000	20.500000	48.748302	48.449806	48.412491	0	0	1	1	156	1167423
1444469923	4	1	0	1	0	0	1	0	0	0	0	0	0	0	0	4.941538	2.358197	2.345365	2.343939	2.057363	16.500000	20.500000	48.765484	48.429790	48.392483	0	0	1	1	156	1167444
1444469924	1	3	5	5	0	1	0	1	0	0	0	0	0	0	0	4.939927	2.355345	2.343939	2.342514	2.058169	16.500000	20.500000	48.710991	48.337868	48.337868	0	0	1	1	156	1167444
1444469925	2	3	3	1	0	0	0	0	0	0	0	0	0	0	0	4.939927	2.353920	2.342514	2.341088	2.057363	16.500000	20.500000	48.673672	48.300560	48.300560	0	0	1	1	156	1164690
1444469926	2	4	1	1	0	0	0	0	0	0	0	0	0	0	0	4.941538	2.352494	2.333959	2.331108	2.059780	16.500000	20.500000	48.578987	48.243286	48.243286	0	0	1	1	156	1167426
1444469927	4	4	4	3	0	1	1	0	1	0	0	0	0	0	0	4.938315	2.352494	2.342514	2.339662	2.057363	16.500000	20.500000	48.395187	48.544483	48.171249	0	0	1	1	156	1167440
1444469929	7	4	1	2	0	1	0	0	1	0	0	0	0	0	0	4.941538	2.352494	2.339662	2.338236	2.058975	16.500000	20.500000	48.578987	48.205994	47.944893	0	0	1	1	156	1165849
1444469930	3	2	5	1	0	0	0	0	1	0	0	0	0	0	0	4.943151	2.348217	2.336811	2.336811	2.057363	16.500000	20.500000	48.484348	48.148762	48.111481	0	0	1	1	156	1167416
1444469931	2	3	1	2	0	0	0	0	1	0	0	0	0	0	0	4.941538	2.348217	2.336811	2.333959	2.058975	16.500000	20.500000	48.504383	48.168690	48.056797	0	0	1	1	156	1167435
1444469932	4	2	7	5	1	0	1	0	0	0	0	0	0	0	0	4.936703	2.346791	2.336811	2.333959	2.057363	16.500000	20.500000	48.527210	48.153858	48.116528	0	0	1	1	156	1164668
1444469933	3	4	5	2	0	0	0	1	1	1	0	0	0	1	0	4.939927	2.338236	2.323979	2.335385	2.058975	16.500000	20.500000	48.412491	48.076694	48.002068	0	0	1	1	156	1167416
1444469935	1	3	2	4	0	0	0	0	1	0	0	0	0	0	0	4.941538	2.343939	2.332533	2.331108	2.058975	16.500000	20.500000	48.392483	48.094090	48.019493	0	0	1	1	156	1167435
1444469936	2	7	5	4	0	1	0	0	2	0	0	0	0	0	0	4.941538	2.339662	2.329682	2.328256	2.058975	16.500000	20.500000	48.317886	47.982201	47.870300	0	0	1	1	156	1167435
1444469937	5	3	2	4	0	1	0	0	1	0	0	0	0	0	0	4.939927	2.336811	2.328256	2.326830	2.058975	16.500000	20.500000	48.225941	47.964756	47.852829	0	0	1	1	156	1164701
1444469938	3	3	2	4	0	0	0	0	1	0	0	0	0	0	0	4.941538	2.333959	2.325405	2.325405	2.057363	16.500000	20.500000	48.243286	47.907600	47.870300	0	0	1	1	156	1167416
1444469939	5	6	3	4	0	0	0	0	1	0	0	0	0	0	0	4.938315	2.335385	2.328256	2.322553	2.058169	16.500000	20.500000	48.245899	47.947311	47.835327	0	0	1	1	156	1167435
1444469940	3	4	1	3	1	0	0	1	1	1	0	0	0	1	0	4.944762	2.331108	2.322553	2.321127	2.058975	16.500000	20.500000	48.128857	47.756104	47.718826	0	0	1	1	156	1165835
1444469942	4	4	4	2	0	0	0	0	0	0	0	0	0	0	0	4.939927	2.332533	2.321127	2.319701	2.059780	16.500000	20.500000	48.076694	47.628952	47.628952	0	0	1	1	156	1167426
1444469943	6	3	3	1	0	1	0	0	0	0	0	0	0	0	0	4.938315	2.333959	2.322553	2.321127	2.058975	16.500000	20.500000	48.133923	47.798008	47.798008	0	0	1	1	156	1167445
1444469944	3	4	3	5	1	0	0	0	1	0	0	0	0	0	0	4.941538	2.331108	2.319701	2.316850	2.058975	16.500000	20.500000	48.056797	47.721096	47.646496	0	0	1	1	156	1164700
1444469945	0	4	0	3	0	0	0	0	0	0	0	0	0	0	0	4.939927	2.329682	2.321127	2.318276	2.058169	16.500000	20.500000	48.039375	47.703571	47.666260	0	0	1	1	156	1167425
1444469946	7	0	2	2	0	1	1	0	0	0	0	0	0	0	0	4.941538	2.328256	2.316850	2.313998	2.059780	16.500000	20.500000	47.795692	47.497299	47.571899	0	0	1	1	156	1167445
1444469948	3	3	3	2	0	1	0	0	0	0	0	0	0	0	0	4.941538	2.325405	2.313998	2.313998	2.058975	16.500000	20.500000	47.795692	47.460003	47.571899	0	0	1	1	156	1164698
1444469949	4	2	5	3	1	0	0	0	1	1	0	0	0	0	0	4.939927	2.325405	2.313998	2.312573	2.059780	16.500000	20.500000	47.927448	47.591637	47.554325	0	0	1	1	156	1167425
1444469950	6	4	3	1	1	2	1	0	1	0	0	1	0	0	0	4.939927	2.325405	2.311147	2.312573	2.058975	16.500000	20.500000	47.927448	47.517014	47.517014	0	0	1	1	156	1167448
1444469951	1	1	5	3	0	0	0	0	0	1	0	0	0	0	0	4.938315	2.325405	2.312573	2.311147	2.058975	16.500000	20.500000	47.909977	47.574062	47.536743	0	0	1	1	156	1167440
1444469952	4	3	7	2	0	1	0	1	1	0	0	0	0	0	0	4.939927	2.321127	2.313998	2.308295	2.059780	16.500000	20.500000	47.815502	47.517014	47.405079	0	0	1	1	156	1165858
1444469954	3	0	2	5	0	1	0	0	0	0	0	0	0	0	0	4.941538	2.321127	2.308295	2.306870	2.058169	16.500000	20.500000	47.721096	47.460003	47.348103	0	0	1	1	156	1167416
1444469955	3	4	2	4	0	0	2	0	0	0	0	0	0	0	0	4.941538	2.319701	2.306870	2.308295	2.059780	16.500000	20.500000	47.683796	47.422703	47.422703	0	0	1	1	156	1167435
