time	cnt1	cnt2	cnt3	cnt4	1&2	1&3	1&4	2&3	2&4	3&4	1&2&3	1&2&4	1&3&4	2&3&4	1&2&3&4	adcr	adcp1	adcp2	adcp3	adcntc	ntcT	digT	p1	p2	p3	hvstate	pbsstate	ethstate	listpbs	sdstate	looptime
1444472838	44	44	39	37	3	3	2	3	3	3	0	0	0	0	0	4.944762	0.698619	0.698619	0.692916	1.585128	6.750000	9.500000	5.299859	5.337135	5.150760	0	0	1	1	155	1164684
1444472840	46	23	38	38	1	1	1	2	0	8	0	0	0	0	0	4.943151	0.698619	0.695768	0.692916	1.585934	6.750000	9.500000	5.305803	5.268516	5.193941	0	0	1	1	155	1214167
1444472841	35	32	30	36	4	1	3	1	3	6	0	0	0	0	0	4.943151	0.695768	0.694342	0.694342	1.585128	6.750000	9.500000	5.305803	5.268516	5.193941	0	0	1	1	155	1167395
1444472842	32	37	44	36	3	3	2	5	4	3	0	0	1	0	0	4.943151	0.698619	0.697194	0.694342	1.584322	6.750000	9.500000	5.343090	5.268516	5.231229	0	0	1	1	155	1201518
1444472843	41	40	31	38	4	5	4	5	4	4	0	0	1	0	0	4.941538	0.698619	0.695768	0.691491	1.584322	6.750000	9.500000	5.311751	5.237153	5.125255	0	0	1	1	155	1167395
1444472844	38	35	34	33	5	1	2	1	9	2	0	1	0	1	0	4.941538	0.694342	0.694342	0.687213	1.581905	6.750000	9.500000	5.349051	5.274452	5.125255	0	0	1	1	155	1167419
1444472846	31	42	46	38	7	5	2	2	4	4	1	0	1	0	0	4.943151	0.698619	0.695768	0.692916	1.583517	6.750000	9.500000	5.343090	5.268516	5.156654	0	0	1	1	155	1170171
1444472847	42	39	40	35	7	5	4	3	3	3	1	0	0	0	0	4.941538	0.697194	0.695768	0.691491	1.584322	6.750000	9.500000	5.349051	5.274452	5.125255	0	0	1	1	155	1168550
1444472848	36	44	35	35	7	3	0	5	4	3	1	0	0	1	0	4.938315	0.698619	0.694342	0.691491	1.583517	6.750000	9.500000	5.360980	5.286333	5.174361	0	0	1	1	155	1167428
1444472849	38	37	40	42	6	2	3	4	5	9	0	0	0	1	0	4.944762	0.698619	0.695768	0.685788	1.582711	6.750000	9.500000	5.374409	5.225310	5.150760	0	0	1	1	155	1164658
1444472850	37	34	27	41	7	2	8	3	3	5	0	1	1	0	0	4.941538	0.698619	0.695768	0.691491	1.583517	6.750000	9.500000	5.349051	5.274452	5.125255	0	0	1	1	155	1167404
1444472852	40	34	38	31	4	6	3	2	4	4	2	0	0	0	0	4.941538	0.695768	0.694342	0.691491	1.582711	6.750000	9.500000	5.274452	5.237153	5.050656	0	0	1	1	155	1167431
1444472853	29	36	34	36	2	1	2	3	6	1	0	0	0	0	0	4.943151	0.694342	0.695768	0.688639	1.582711	6.750000	9.500000	5.231229	5.231229	5.119368	0	0	1	1	155	1167428
1444472854	33	42	37	34	4	3	1	3	2	2	1	0	0	0	0	4.943151	0.695768	0.692916	0.691491	1.583517	6.750000	9.500000	5.305803	5.193941	5.156654	0	0	1	1	155	1164669
1444472855	42	41	35	41	4	2	6	2	1	3	0	0	1	0	0	4.943151	0.697194	0.692916	0.691491	1.582711	6.750000	9.500000	5.305803	5.156654	5.156654	0	0	1	1	155	1167404
1444472856	34	32	35	41	1	4	4	2	5	3	0	0	1	0	0	4.943151	0.694342	0.694342	0.691491	1.582711	6.750000	9.500000	5.268516	5.156654	5.119368	0	0	1	1	155	1167429
1444472858	36	31	39	32	3	1	2	1	2	0	0	0	0	0	0	4.939927	0.697194	0.694342	0.691491	1.581099	6.750000	9.500000	5.317701	5.205767	5.168456	0	0	1	1	155	1164665
1444472859	28	33	32	38	3	2	2	2	5	4	0	0	0	1	0	4.943151	0.694342	0.694342	0.691491	1.581905	6.750000	9.500000	5.231229	5.156654	5.156654	0	0	1	1	155	1168540
1444472860	39	37	35	51	6	3	4	4	7	5	1	0	0	1	0	4.943151	0.695768	0.694342	0.687213	1.581905	6.750000	9.500000	5.268516	5.193941	5.082079	0	0	1	1	155	1167419
1444472861	35	41	28	43	5	3	1	1	9	9	1	1	1	1	1	4.943151	0.692916	0.691491	0.688639	1.581099	6.500000	9.500000	5.231229	5.156654	5.082079	0	0	1	1	155	1164679
1444472862	38	36	44	41	7	2	2	4	7	6	0	0	0	1	0	4.941538	0.694342	0.692916	0.688639	1.581905	6.750000	9.500000	5.274452	5.199852	5.087955	0	0	1	1	155	1167392
1444472864	31	28	30	31	3	3	3	2	2	3	0	0	0	0	0	4.939927	0.694342	0.692916	0.688639	1.580293	6.500000	9.500000	5.205767	5.168456	5.056522	0	0	1	1	155	1167419
1444472865	37	31	40	34	5	2	2	1	4	4	0	0	1	0	0	4.943151	0.692916	0.694342	0.688639	1.581099	6.500000	9.500000	5.193941	5.193941	5.119368	0	0	1	1	155	1164679
1444472866	31	36	46	34	3	3	1	3	3	4	0	0	0	0	0	4.943151	0.692916	0.692916	0.688639	1.581099	6.500000	9.500000	5.231229	5.193941	5.082079	0	0	1	1	155	1167395
1444472867	29	28	25	27	3	3	2	1	1	1	0	0	0	0	0	4.941538	0.694342	0.687213	0.687213	1.580293	6.500000	9.500000	5.237153	5.162553	5.087955	0	0	1	1	155	1167419
1444472868	31	40	47	36	2	2	0	4	7	3	0	0	0	1	0	4.943151	0.692916	0.691491	0.690065	1.580293	6.500000	9.500000	5.156654	5.082079	5.044793	0	0	1	1	155	1167524
1444472870	39	38	32	22	3	3	1	8	2	3	2	0	0	0	0	4.941538	0.694342	0.691491	0.684362	1.579487	6.500000	9.500000	5.162553	5.125255	5.087955	0	0	1	1	155	1164666
1444472871	39	31	37	33	3	6	1	2	2	4	1	0	1	0	0	4.941538	0.692916	0.688639	0.688639	1.579487	6.500000	9.000000	5.199852	5.162553	5.125255	0	0	1	1	155	1168550
1444472872	34	40	35	46	7	4	3	3	4	4	0	1	0	0	0	4.943151	0.692916	0.691491	0.685788	1.579487	6.500000	9.500000	5.231229	5.082079	5.044793	0	0	1	1	155	1167429
1444472873	41	29	33	29	3	4	1	3	3	4	0	0	0	1	0	4.943151	0.692916	0.690065	0.685788	1.579487	6.500000	9.000000	5.156654	5.156654	4.932930	0	0	1	1	155	1164669
1444472874	30	33	37	39	6	2	3	4	4	3	2	1	0	1	0	4.941538	0.690065	0.688639	0.687213	1.578681	6.500000	9.000000	5.199852	5.125255	4.976057	0	0	1	1	155	1167404
1444472876	45	42	33	42	6	4	4	5	6	3	0	2	0	0	0	4.941538	0.694342	0.690065	0.685788	1.579487	6.500000	9.000000	5.199852	5.125255	5.050656	0	0	1	1	155	1167428
1444472877	39	40	32	26	6	4	4	4	3	1	1	0	0	0	0	4.943151	0.692916	0.691491	0.685788	1.579487	6.500000	9.500000	5.193941	5.119368	4.970217	0	0	1	1	155	1164667
1444472878	38	45	40	55	5	2	3	7	10	4	1	0	0	0	0	4.941538	0.690065	0.688639	0.685788	1.579487	6.500000	9.000000	5.162553	5.050656	5.013357	0	0	1	1	155	1167407
1444472879	47	36	34	30	6	4	3	5	7	2	0	0	1	1	0	4.943151	0.691491	0.687213	0.685788	1.579487	6.500000	9.000000	5.156654	5.044793	4.970217	0	0	1	1	156	1167450
1444472880	32	39	26	36	4	0	2	4	3	3	0	0	0	0	0	4.943151	0.690065	0.685788	0.687213	1.578681	6.500000	9.000000	5.156654	5.044793	5.007506	0	0	1	1	155	1167424
1444472882	36	32	23	32	6	1	2	2	2	2	1	0	0	0	0	4.943151	0.691491	0.688639	0.681510	1.575458	6.500000	9.000000	5.231229	5.082079	5.007506	0	0	1	1	155	1164662
1444472883	40	37	42	40	4	2	3	3	3	9	0	0	0	2	0	4.943151	0.688639	0.688639	0.685788	1.578681	6.500000	9.000000	5.119368	5.007506	4.970217	0	0	1	1	155	1168645
1444472884	39	43	35	28	3	5	4	3	5	3	0	2	0	0	0	4.939927	0.691491	0.687213	0.684362	1.577876	6.500000	9.000000	5.093833	5.056522	5.019210	0	0	1	1	155	1167422
1444472885	32	46	47	46	6	4	3	4	6	4	0	1	0	0	0	4.941538	0.691491	0.688639	0.682936	1.578681	6.500000	9.000000	5.125255	5.050656	4.938757	0	0	1	1	155	1164668
1444472886	33	42	37	38	4	4	4	5	4	6	0	0	1	0	0	4.943151	0.690065	0.687213	0.682936	1.577876	6.500000	9.000000	5.156654	5.044793	4.932930	0	0	1	1	155	1167395
1444472888	26	37	40	35	4	0	2	4	6	4	0	1	0	0	0	4.943151	0.687213	0.688639	0.682936	1.577876	6.500000	9.000000	5.156654	5.082079	4.932930	0	0	1	1	155	1167419
1444472889	42	42	34	37	6	1	10	4	4	4	0	1	1	1	0	4.943151	0.691491	0.685788	0.684362	1.578681	6.500000	9.000000	5.082079	4.970217	4.895644	0	0	1	1	155	1164655
1444472890	31	31	38	39	1	3	1	2	3	4	0	0	0	0	0	4.943151	0.690065	0.685788	0.682936	1.577070	6.500000	9.000000	5.119368	5.007506	4.932930	0	0	1	1	156	1167416
1444472891	33	39	28	37	3	2	0	2	1	4	0	0	0	0	0	4.944762	0.688639	0.685788	0.685788	1.577876	6.500000	9.000000	5.038935	5.001660	4.964385	0	0	1	1	155	1167414
1444472892	33	24	31	40	5	3	2	5	1	5	0	0	0	0	0	4.943151	0.688639	0.685788	0.682936	1.576264	6.500000	9.000000	5.044793	5.007506	4.932930	0	0	1	1	155	1167419
1444472894	39	39	35	40	7	2	3	9	3	4	0	1	0	2	0	4.943151	0.684362	0.688639	0.682936	1.575458	6.500000	9.000000	5.082079	5.007506	4.970217	0	0	1	1	155	1164656
1444472895	43	43	39	34	7	3	2	5	2	4	1	0	0	0	0	4.943151	0.687213	0.685788	0.682936	1.577070	6.500000	9.000000	5.082079	4.970217	4.858357	0	0	1	1	155	1168550
1444472896	36	47	43	31	3	2	2	6	8	1	0	0	0	1	0	4.943151	0.687213	0.685788	0.681510	1.575458	6.500000	9.000000	5.119368	5.007506	4.858357	0	0	1	1	155	1167431
1444472897	32	35	36	38	4	4	2	2	4	5	0	0	0	0	0	4.939927	0.685788	0.685788	0.681510	1.575458	6.500000	9.000000	5.093833	5.019210	4.907276	0	0	1	1	155	1164672
1444472898	36	36	34	44	6	1	7	4	8	4	0	2	0	0	0	4.941538	0.687213	0.685788	0.681510	1.576264	6.500000	9.000000	5.087955	5.013357	4.864160	0	0	1	1	155	1167405
1444472900	51	35	27	45	7	1	6	3	4	4	0	0	0	0	0	4.943151	0.687213	0.684362	0.682936	1.576264	6.500000	9.000000	5.044793	4.970217	4.895644	0	0	1	1	155	1167429
1444472901	36	41	33	33	8	4	1	2	4	1	0	0	1	1	0	4.943151	0.685788	0.682936	0.681510	1.575458	6.500000	9.000000	4.970217	5.007506	4.895644	0	0	1	1	155	1164714
1444472902	34	32	38	32	4	4	0	6	6	1	1	0	0	1	0	4.943151	0.685788	0.685788	0.681510	1.576264	6.500000	9.000000	5.007506	5.007506	4.895644	0	0	1	1	155	1167404
1444472903	38	41	55	35	2	5	3	6	1	6	0	0	1	0	0	4.938315	0.685788	0.687213	0.681510	1.575458	6.500000	9.000000	5.025068	5.062392	4.913097	0	0	1	1	155	1167428
1444472904	32	39	38	35	3	5	1	5	6	7	0	0	1	0	0	4.941538	0.687213	0.682936	0.681510	1.575458	6.500000	9.000000	5.013357	4.901458	4.901458	0	0	1	1	155	1164669
1444472906	33	27	33	38	4	0	3	3	2	5	0	1	0	0	0	4.941538	0.685788	0.682936	0.682936	1.574652	6.500000	9.000000	5.013357	4.938757	4.901458	0	0	1	1	155	1167399
1444472907	32	36	39	42	4	4	4	3	5	4	0	1	0	1	0	4.941538	0.685788	0.684362	0.680085	1.575458	6.500000	9.000000	4.901458	4.938757	4.789560	0	0	1	1	155	1168565
1444472908	39	29	26	43	2	1	1	1	3	3	0	1	0	0	0	4.941538	0.685788	0.685788	0.682936	1.574652	6.500000	9.000000	5.013357	4.976057	4.938757	0	0	1	1	155	1167419
1444472909	34	33	35	33	0	5	1	3	4	3	0	0	0	1	0	4.941538	0.684362	0.682936	0.680085	1.575458	6.500000	9.000000	5.013357	4.901458	4.789560	0	0	1	1	155	1164740
1444472910	26	34	38	33	2	1	2	4	6	3	0	0	0	0	0	4.941538	0.685788	0.682936	0.678659	1.574652	6.500000	9.000000	5.013357	4.938757	4.826860	0	0	1	1	155	1167394
1444472912	39	40	44	37	4	5	3	8	11	8	1	0	1	3	0	4.943151	0.685788	0.682936	0.678659	1.573846	6.500000	9.000000	4.858357	4.895644	4.783781	0	0	1	1	155	1167419
1444472913	50	43	38	45	5	5	3	2	10	4	0	0	0	0	0	4.943151	0.685788	0.682936	0.680085	1.573846	6.500000	9.000000	5.007506	4.932930	4.821071	0	0	1	1	156	1291861
1444472914	29	33	35	38	0	3	0	3	3	3	0	0	0	0	0	4.943151	0.685788	0.681510	0.678659	1.573846	6.500000	9.000000	5.007506	4.932930	4.821071	0	0	1	1	156	1167413
1444472915	40	41	36	42	5	2	6	4	2	1	0	0	0	0	0	4.943151	0.682936	0.682936	0.678659	1.573846	6.500000	9.000000	4.932930	4.932930	4.821071	0	0	1	1	155	1167414
1444472917	43	39	28	36	3	3	2	3	3	3	0	0	0	1	0	4.943151	0.682936	0.682936	0.680085	1.573846	6.500000	9.000000	4.895644	4.932930	4.858357	0	0	1	1	155	1294602
1444472918	40	25	42	34	2	5	1	3	4	4	0	1	0	0	0	4.941538	0.682936	0.680085	0.678659	1.572235	6.500000	9.000000	4.901458	4.864160	4.826860	0	0	1	1	155	1167394
1444472919	36	35	38	35	9	1	4	3	4	3	1	1	1	1	1	4.943151	0.682936	0.680085	0.675807	1.573040	6.500000	9.000000	4.932930	4.821071	4.746494	0	0	1	1	155	1168574
1444472920	31	33	37	40	3	1	0	6	2	6	1	0	0	1	0	4.943151	0.682936	0.681510	0.677233	1.573040	6.500000	9.000000	4.858357	4.783781	4.821071	0	0	1	1	155	1167429
1444472922	41	28	39	53	4	3	0	0	2	8	0	0	0	0	0	4.944762	0.682936	0.680085	0.677233	1.573846	6.500000	9.000000	4.927110	4.889835	4.740733	0	0	1	1	155	1275224
1444472923	50	28	25	26	2	0	3	2	0	2	0	0	0	0	0	4.941538	0.682936	0.682936	0.674382	1.572235	6.500000	9.000000	4.938757	4.864160	4.789560	0	0	1	1	155	1167405
1444472924	38	41	34	41	2	1	4	5	4	2	0	0	0	0	0	4.943151	0.682936	0.681510	0.675807	1.573040	6.500000	9.000000	4.932930	4.821071	4.671920	0	0	1	1	155	1167429
1444472925	39	43	37	38	5	4	3	3	5	5	1	0	1	0	0	4.941538	0.682936	0.681510	0.677233	1.573040	6.500000	9.000000	4.938757	4.864160	4.714962	0	0	1	1	155	1278547
1444472927	45	37	32	42	6	9	6	3	6	1	2	0	0	1	0	4.943151	0.681510	0.681510	0.675807	1.572235	6.500000	9.000000	4.858357	4.895644	4.746494	0	0	1	1	155	1167404
1444472928	38	28	44	44	6	2	2	0	4	8	1	0	0	0	0	4.943151	0.674382	0.674382	0.681510	1.573040	6.500000	9.000000	4.821071	4.895644	4.783781	0	0	1	1	155	1167429
1444472929	34	28	48	31	4	4	2	1	4	4	0	2	0	0	0	4.941538	0.680085	0.680085	0.677233	1.572235	6.500000	9.000000	4.864160	4.864160	4.752261	0	0	1	1	155	1283989
1444472930	43	47	31	37	8	1	4	0	3	2	0	2	0	0	0	4.939927	0.681510	0.681510	0.677233	1.571429	6.500000	9.000000	4.869965	4.832654	4.758029	0	0	1	1	155	1167400
1444472931	37	35	42	37	3	4	1	8	3	10	0	0	0	1	0	4.941538	0.678659	0.682936	0.677233	1.572235	6.500000	9.000000	4.864160	4.864160	4.789560	0	0	1	1	155	1168565
1444472933	39	36	34	38	5	2	6	1	4	5	0	0	0	0	0	4.941538	0.680085	0.678659	0.677233	1.570623	6.500000	9.000000	4.901458	4.789560	4.752261	0	0	1	1	156	1167440
1444472934	36	38	37	34	5	3	0	2	6	4	0	0	0	0	0	4.943151	0.680085	0.678659	0.675807	1.571429	6.500000	9.000000	4.895644	4.783781	4.783781	0	0	1	1	155	1274559
1444472935	27	42	32	35	5	0	2	4	7	4	0	0	0	2	0	4.943151	0.680085	0.678659	0.674382	1.571429	6.500000	9.000000	4.895644	4.783781	4.783781	0	0	1	1	155	1167394
1444472936	33	35	45	40	2	4	2	4	6	3	0	0	1	0	0	4.943151	0.680085	0.678659	0.674382	1.571429	6.500000	9.000000	4.709207	4.783781	4.671920	0	0	1	1	155	1167419
1444472938	35	35	37	30	4	3	2	2	3	2	0	0	0	0	0	4.944762	0.680085	0.678659	0.674382	1.571429	6.500000	9.000000	4.889835	4.815285	4.666184	0	0	1	1	155	1165313
1444472939	47	45	48	47	5	5	2	4	6	6	0	1	1	0	0	4.944762	0.680085	0.678659	0.674382	1.571429	6.500000	9.000000	4.889835	4.778008	4.666184	0	0	1	1	155	1167395
1444472940	37	37	38	44	5	2	2	5	3	5	0	0	0	1	0	4.941538	0.680085	0.675807	0.670104	1.571429	6.500000	9.000000	4.864160	4.789560	4.677662	0	0	1	1	155	1167419
1444472941	35	34	34	32	4	4	2	3	2	2	0	1	0	0	0	4.943151	0.680085	0.678659	0.672956	1.570623	6.500000	9.000000	4.858357	4.783781	4.709207	0	0	1	1	155	1165281
1444472942	34	30	46	48	3	3	1	1	3	5	0	0	0	0	0	4.941538	0.678659	0.680085	0.675807	1.569817	6.500000	9.000000	4.789560	4.826860	4.714962	0	0	1	1	155	1167395
1444472944	41	39	30	33	6	4	1	6	1	2	1	0	0	0	0	4.946374	0.678659	0.678659	0.674382	1.570623	6.500000	9.000000	4.772239	4.809505	4.660451	0	0	1	1	155	1168575
1444472945	48	39	34	36	8	8	6	1	4	4	1	2	0	0	0	4.939927	0.678659	0.675807	0.674382	1.569817	6.500000	9.000000	4.795341	4.758029	4.683406	0	0	1	1	155	1165297
1444472946	49	38	38	65	5	5	5	2	6	12	1	1	2	0	1	4.943151	0.678659	0.677233	0.674382	1.569817	6.500000	9.000000	4.821071	4.746494	4.709207	0	0	1	1	155	1167407
1444472947	35	37	39	33	5	1	5	7	5	4	1	2	0	1	0	4.939927	0.678659	0.674382	0.674382	1.569817	6.500000	9.000000	4.795341	4.758029	4.720717	0	0	1	1	156	1167450
1444472948	29	31	33	38	5	3	2	1	4	8	1	1	1	1	1	4.943151	0.678659	0.675807	0.674382	1.569817	6.500000	9.000000	4.783781	4.634634	4.597347	0	0	1	1	155	1167423
1444472950	28	47	37	32	3	1	1	4	6	4	0	0	0	0	0	4.938315	0.678659	0.677233	0.675807	1.569011	6.500000	9.000000	4.875773	4.763800	4.726477	0	0	1	1	155	1165291
1444472951	24	39	33	22	3	4	1	3	3	2	0	0	0	0	0	4.943151	0.677233	0.675807	0.671530	1.569011	6.250000	9.000000	4.783781	4.746494	4.634634	0	0	1	1	155	1167405
1444472952	30	41	29	32	2	2	2	2	5	3	0	0	1	0	0	4.943151	0.677233	0.675807	0.671530	1.569817	6.500000	9.000000	4.783781	4.746494	4.597347	0	0	1	1	155	1167429
1444472953	37	30	29	48	3	4	2	3	5	3	1	0	1	1	0	4.939927	0.677233	0.677233	0.671530	1.569817	6.500000	9.000000	4.758029	4.758029	4.646095	0	0	1	1	155	1165341
1444472954	56	31	42	41	6	8	5	6	4	10	2	2	1	1	1	4.939927	0.675807	0.677233	0.672956	1.568205	6.250000	9.000000	4.795341	4.795341	4.646095	0	0	1	1	155	1167399
1444472956	35	31	27	44	3	2	2	0	8	5	0	1	0	0	0	4.944762	0.672956	0.675807	0.671530	1.569011	6.250000	9.000000	4.740733	4.740733	4.628909	0	0	1	1	156	1168585
1444472957	36	38	35	44	8	3	4	5	2	8	2	0	0	0	0	4.941538	0.675807	0.674382	0.671530	1.569817	6.500000	9.000000	4.752261	4.714962	4.640363	0	0	1	1	155	1165284
1444472958	31	39	30	28	1	0	1	4	4	1	0	0	0	0	0	4.941538	0.677233	0.674382	0.671530	1.568205	6.250000	9.000000	4.789560	4.677662	4.640363	0	0	1	1	155	1167398
1444472959	42	38	30	29	5	4	3	1	3	1	0	0	0	0	0	4.939927	0.675807	0.674382	0.671530	1.568205	6.250000	9.000000	4.758029	4.683406	4.646095	0	0	1	1	155	1167419
1444472960	35	40	38	28	2	2	0	4	5	2	0	0	0	0	0	4.943151	0.675807	0.674382	0.671530	1.568205	6.250000	9.000000	4.746494	4.709207	4.522772	0	0	1	1	155	1167419
1444472962	35	39	38	44	5	5	1	1	4	7	0	0	1	0	0	4.943151	0.675807	0.674382	0.670104	1.568205	6.250000	9.000000	4.783781	4.671920	4.597347	0	0	1	1	155	1165293
1444472963	27	34	40	41	2	2	2	5	7	6	1	1	1	1	1	4.939927	0.675807	0.674382	0.671530	1.568205	6.250000	9.000000	4.758029	4.683406	4.571472	0	0	1	1	155	1167394
1444472964	43	44	33	36	9	3	2	5	4	3	0	0	1	2	0	4.943151	0.674382	0.674382	0.670104	1.568205	6.250000	9.000000	4.634634	4.671920	4.560059	0	0	1	1	155	1167418
1444472965	34	44	38	42	2	3	3	2	8	5	0	0	0	1	0	4.941538	0.675807	0.674382	0.668679	1.567399	6.250000	9.000000	4.752261	4.714962	4.565764	0	0	1	1	155	1165291
1444472966	39	38	38	33	5	3	2	2	5	6	0	0	1	1	0	4.938315	0.674382	0.674382	0.671530	1.566594	6.250000	9.000000	4.726477	4.726477	4.577182	0	0	1	1	155	1167395
1444472968	47	43	39	42	6	4	2	6	6	5	0	1	0	2	0	4.941538	0.672956	0.674382	0.670104	1.567399	6.250000	9.000000	4.677662	4.677662	4.565764	0	0	1	1	155	1168575
1444472969	36	37	25	28	3	4	2	1	3	1	1	0	0	0	0	4.941538	0.671530	0.671530	0.670104	1.567399	6.250000	9.000000	4.677662	4.528465	4.565764	0	0	1	1	155	1165349
1444472970	31	49	34	41	0	0	2	5	7	4	0	0	0	0	0	4.941538	0.674382	0.671530	0.668679	1.567399	6.250000	9.000000	4.677662	4.603065	4.565764	0	0	1	1	155	1167404
1444472971	36	39	45	42	4	3	2	5	5	3	1	0	1	0	0	4.931868	0.672956	0.671530	0.670104	1.566594	6.500000	9.000000	4.749555	4.674810	4.600064	0	0	1	1	155	1167428
1444472972	40	33	39	37	5	2	3	4	4	4	0	1	0	1	0	4.941538	0.672956	0.671530	0.670104	1.567399	6.250000	9.000000	4.714962	4.528465	4.677662	0	0	1	1	155	1167428
1444472974	30	36	31	29	3	1	2	3	6	1	0	1	0	0	0	4.943151	0.674382	0.671530	0.670104	1.566594	6.250000	9.000000	4.634634	4.634634	4.597347	0	0	1	1	155	1165274
1444472975	32	37	32	29	3	2	1	6	6	4	0	1	0	0	0	4.941538	0.671530	0.671530	0.670104	1.566594	6.250000	9.000000	4.677662	4.603065	4.565764	0	0	1	1	155	1167405
1444472976	33	40	39	35	3	3	1	2	7	3	0	0	0	0	0	4.941538	0.670104	0.662976	0.665827	1.566594	6.250000	9.000000	6.169636	4.603065	4.453866	0	0	1	1	155	1167429
1444472977	29	29	36	48	2	1	0	0	2	5	0	0	0	0	0	4.941538	0.672956	0.670104	0.667253	1.566594	6.250000	9.000000	4.677662	4.603065	4.491166	0	0	1	1	155	1165293
1444472978	30	36	30	49	2	2	5	1	9	5	0	1	0	0	0	4.939927	0.670104	0.671530	0.668679	1.565788	6.250000	9.000000	4.608783	4.646095	4.571472	0	0	1	1	155	1167400
1444472980	36	34	37	32	1	1	2	5	0	3	0	0	1	0	0	4.941538	0.672956	0.670104	0.664401	1.565788	6.250000	9.000000	4.603065	4.565764	4.453866	0	0	1	1	155	1168562
1444472981	24	32	41	47	1	2	0	6	5	6	0	0	0	0	0	4.941538	0.670104	0.671530	0.667253	1.565788	6.250000	9.000000	4.603065	4.640363	4.491166	0	0	1	1	155	1165323
1444472982	24	37	34	37	4	2	3	4	6	5	0	1	0	0	0	4.943151	0.671530	0.671530	0.667253	1.564982	6.250000	9.000000	4.634634	4.634634	4.485485	0	0	1	1	155	1167394
1444472983	37	32	38	34	4	6	4	2	1	3	1	1	1	0	1	4.949597	0.670104	0.665827	0.665827	1.565788	6.250000	9.000000	4.574520	4.537281	4.462803	0	0	1	1	155	1167418
1444472984	33	34	28	33	2	1	2	2	6	2	0	1	0	0	0	4.943151	0.670104	0.668679	0.665827	1.564982	6.250000	9.000000	4.597347	4.560059	4.448198	0	0	1	1	155	1167419
1444472986	35	37	35	32	4	3	3	4	5	5	0	1	1	0	0	4.941538	0.671530	0.668679	0.667253	1.565788	6.250000	9.000000	4.640363	4.528465	4.491166	0	0	1	1	155	1165356
1444472987	28	38	42	41	4	1	3	4	2	5	0	0	0	0	0	4.943151	0.671530	0.668679	0.668679	1.564982	6.250000	9.000000	4.634634	4.560059	4.485485	0	0	1	1	155	1167395
1444472988	46	44	40	40	7	3	6	4	6	5	0	1	1	0	0	4.943151	0.671530	0.670104	0.665827	1.564982	6.250000	9.000000	4.597347	4.522772	4.410910	0	0	1	1	155	1167416
1444472989	43	33	36	41	2	3	2	1	5	2	0	0	0	0	0	4.943151	0.671530	0.668679	0.664401	1.564176	6.250000	9.000000	4.634634	4.597347	4.448198	0	0	1	1	155	1165269
1444472990	37	34	45	39	3	2	3	3	2	6	0	0	0	0	0	4.941538	0.671530	0.670104	0.664401	1.564176	6.250000	9.000000	4.640363	4.565764	4.453866	0	0	1	1	155	1167394
1444472992	36	52	40	32	5	5	2	2	6	4	0	0	0	0	0	4.943151	0.671530	0.670104	0.665827	1.564982	6.250000	9.000000	4.410910	4.410910	4.373623	0	0	1	1	155	1168574
1444472993	39	40	34	43	6	1	1	4	6	4	0	1	0	0	0	4.943151	0.671530	0.668679	0.664401	1.564176	6.250000	9.000000	4.634634	4.522772	4.410910	0	0	1	1	155	1165294
1444472994	39	45	36	42	3	2	2	4	6	2	0	0	0	1	0	4.939927	0.670104	0.668679	0.664401	1.563370	6.250000	9.000000	4.608783	4.571472	4.459538	0	0	1	1	155	1167404
1444472995	36	29	36	35	4	2	3	1	6	8	0	1	1	1	0	4.941538	0.671530	0.668679	0.665827	1.564176	6.250000	9.000000	4.640363	4.416567	4.379268	0	0	1	1	155	1167428
1444472996	39	32	49	41	5	2	2	4	4	11	1	1	1	2	1	4.943151	0.668679	0.667253	0.662976	1.564176	6.250000	9.000000	4.597347	4.485485	4.448198	0	0	1	1	155	1165283
1444472998	38	38	29	28	6	2	3	6	3	1	1	2	0	1	0	4.941538	0.668679	0.665827	0.664401	1.564176	6.250000	9.000000	4.565764	4.491166	4.453866	0	0	1	1	156	1167426
1444472999	36	37	37	52	4	3	2	2	4	6	0	0	0	1	0	4.943151	0.668679	0.667253	0.665827	1.563370	6.250000	9.000000	4.560059	4.448198	4.410910	0	0	1	1	155	1167424
1444473000	46	36	34	32	7	4	4	5	3	1	0	1	0	0	0	4.944762	0.667253	0.665827	0.664401	1.563370	6.250000	9.000000	4.554358	4.479809	4.442535	0	0	1	1	155	1167428
1444473001	30	27	51	39	4	2	1	2	3	6	0	0	0	1	0	4.941538	0.667253	0.665827	0.665827	1.562564	6.250000	9.000000	4.528465	4.453866	4.491166	0	0	1	1	155	1165362
1444473002	29	37	39	35	1	2	1	6	2	2	0	0	1	0	0	4.939927	0.668679	0.667253	0.662976	1.561758	6.250000	9.000000	4.571472	4.534161	4.384915	0	0	1	1	155	1167399
1444473004	35	32	36	33	4	4	1	4	2	2	1	0	0	0	0	4.944762	0.668679	0.667253	0.662976	1.563370	6.250000	9.000000	4.517084	4.479809	4.367984	0	0	1	1	155	1168564
1444473005	40	42	40	33	4	5	0	3	6	3	0	0	0	0	0	4.943151	0.668679	0.665827	0.662976	1.563370	6.250000	9.000000	4.560059	4.485485	4.373623	0	0	1	1	155	1175520
1444473006	40	40	39	49	5	0	3	4	6	3	0	0	0	0	0	4.943151	0.668679	0.665827	0.662976	1.562564	6.250000	9.000000	4.560059	4.522772	4.373623	0	0	1	1	155	1167395
1444473007	42	41	41	32	8	2	1	5	1	3	0	0	0	1	0	4.944762	0.667253	0.667253	0.661550	1.562564	6.250000	9.000000	4.554358	4.479809	4.405259	0	0	1	1	155	1167419
1444473008	43	43	28	37	7	2	3	3	5	1	0	1	0	0	0	4.943151	0.665827	0.667253	0.662976	1.562564	6.250000	9.000000	4.485485	4.448198	4.373623	0	0	1	1	155	1165327
1444473010	38	44	43	40	2	2	1	2	8	5	0	1	0	1	0	4.941538	0.665827	0.667253	0.661550	1.561758	6.250000	9.000000	4.491166	4.491166	4.416567	0	0	1	1	155	1167397
1444473011	31	30	40	26	4	0	0	2	8	7	0	0	0	0	0	4.941538	0.665827	0.667253	0.662976	1.561758	6.250000	9.000000	4.491166	4.491166	4.379268	0	0	1	1	155	1167419
1444473012	33	41	26	37	5	1	1	3	12	5	0	0	1	2	0	4.943151	0.665827	0.662976	0.662976	1.561758	6.250000	9.000000	4.485485	4.448198	4.299048	0	0	1	1	155	1167419
1444473013	35	42	58	41	2	3	4	10	7	8	1	1	1	3	1	4.943151	0.665827	0.664401	0.661550	1.561758	6.250000	9.000000	4.485485	4.448198	4.373623	0	0	1	1	156	1165291
1444473014	36	40	30	52	3	1	5	2	7	3	0	1	0	0	0	4.941538	0.667253	0.664401	0.662976	1.560952	6.250000	9.000000	4.528465	4.416567	4.416567	0	0	1	1	156	1167415
1444473016	34	39	38	35	3	3	3	4	3	7	0	0	2	0	0	4.944762	0.664401	0.660124	0.661550	1.560952	6.250000	9.000000	4.479809	4.442535	4.405259	0	0	1	1	155	1168569
1444473017	44	43	27	31	7	0	2	2	3	1	0	0	0	0	0	4.943151	0.664401	0.664401	0.660124	1.561758	6.250000	9.000000	4.522772	4.410910	4.373623	0	0	1	1	155	1165387
1444473018	33	39	34	25	1	2	1	3	4	2	0	0	0	1	0	4.943151	0.665827	0.664401	0.660124	1.560952	6.250000	9.000000	4.485485	4.410910	4.336335	0	0	1	1	155	1167407
1444473019	40	32	31	41	3	5	2	2	2	2	1	0	0	0	0	4.941538	0.664401	0.664401	0.660124	1.560952	6.250000	9.000000	4.491166	4.453866	4.341968	0	0	1	1	155	1167429
1444473020	40	36	44	24	6	1	3	7	5	4	1	1	0	1	0	4.941538	0.665827	0.662976	0.658698	1.561758	6.250000	9.000000	4.491166	4.341968	4.341968	0	0	1	1	155	1165300
1444473022	28	42	34	26	5	4	2	6	4	2	1	0	0	0	0	4.943151	0.665827	0.664401	0.660124	1.560147	6.250000	9.000000	4.485485	4.448198	4.299048	0	0	1	1	155	1167404
1444473023	40	27	34	25	4	2	3	4	2	1	0	0	0	0	0	4.943151	0.662976	0.665827	0.660124	1.559341	6.250000	8.500000	4.410910	4.410910	4.299048	0	0	1	1	155	1167428
1444473024	28	40	34	32	2	2	0	5	7	2	0	0	0	1	0	4.939927	0.664401	0.662976	0.660124	1.560147	6.250000	9.000000	4.422226	4.235669	4.459538	0	0	1	1	155	1167428
1444473025	41	49	34	43	8	2	3	5	6	4	1	0	0	0	0	4.943151	0.662976	0.660124	0.660124	1.560952	6.250000	9.000000	4.410910	4.336335	4.299048	0	0	1	1	155	1165300
1444473026	40	31	43	41	9	4	1	1	5	4	0	0	1	0	0	4.943151	0.664401	0.662976	0.660124	1.560147	6.250000	9.000000	4.485485	4.373623	4.336335	0	0	1	1	155	1167400
1444473028	37	34	36	36	6	1	0	4	6	6	1	0	0	0	0	4.943151	0.662976	0.661550	0.660124	1.558535	6.250000	8.500000	4.448198	4.373623	4.299048	0	0	1	1	155	1168565
1444473029	36	28	35	34	2	2	6	4	3	3	0	0	1	0	0	4.943151	0.662976	0.662976	0.660124	1.560147	6.250000	8.500000	4.373623	4.336335	4.336335	0	0	1	1	155	1165307
1444473030	36	35	48	35	3	4	1	6	1	6	0	0	1	0	0	4.943151	0.661550	0.660124	0.657273	1.559341	6.250000	8.500000	4.410910	4.336335	4.224475	0	0	1	1	155	1167395
1444473031	37	39	40	31	4	4	2	5	2	5	1	0	1	0	0	4.941538	0.662976	0.662976	0.657273	1.560147	6.250000	8.500000	4.453866	4.379268	4.267370	0	0	1	1	155	1167419
1444473032	36	40	36	37	3	1	2	3	6	8	0	0	0	0	0	4.946374	0.662976	0.660124	0.657273	1.559341	6.250000	8.500000	4.399612	4.362349	4.250561	0	0	1	1	155	1165372
1444473034	25	30	31	36	1	2	2	5	2	5	0	0	1	0	0	4.943151	0.662976	0.662976	0.657273	1.559341	6.250000	8.500000	4.410910	4.336335	4.224475	0	0	1	1	155	1167394
1444473035	34	38	44	49	2	1	2	7	7	9	1	0	0	0	0	4.941538	0.664401	0.661550	0.657273	1.559341	6.250000	8.500000	4.416567	4.379268	4.267370	0	0	1	1	155	1167419
1444473036	42	39	52	36	8	3	2	3	4	5	0	0	0	0	0	4.943151	0.664401	0.662976	0.657273	1.559341	6.250000	8.500000	4.410910	4.373623	4.112611	0	0	1	1	155	1165299
1444473037	37	37	41	41	4	3	2	4	4	6	1	0	0	0	0	4.941538	0.662976	0.661550	0.657273	1.558535	6.250000	8.500000	4.416567	4.341968	4.267370	0	0	1	1	155	1167394
1444473038	34	38	38	40	1	2	3	4	4	4	0	0	0	1	0	4.941538	0.661550	0.662976	0.657273	1.557729	6.250000	8.500000	4.341968	4.379268	4.267370	0	0	1	1	155	1167419
1444473040	53	27	44	27	6	5	2	5	1	4	1	0	0	0	0	4.943151	0.658698	0.657273	0.657273	1.557729	6.250000	8.500000	4.336335	4.336335	4.261762	0	0	1	1	155	1168574
1444473041	33	42	37	33	4	4	4	1	2	3	0	0	0	1	0	4.943151	0.660124	0.657273	0.658698	1.558535	6.250000	8.500000	4.336335	4.299048	4.261762	0	0	1	1	155	1165342
1444473042	36	30	29	36	5	4	2	4	4	2	2	0	0	0	0	4.941538	0.660124	0.658698	0.657273	1.558535	6.250000	8.500000	4.379268	4.304669	4.267370	0	0	1	1	155	1167405
1444473043	41	37	35	31	2	1	2	3	2	5	0	0	0	0	0	4.943151	0.660124	0.658698	0.657273	1.557729	6.250000	8.500000	4.336335	4.299048	4.261762	0	0	1	1	155	1167429
1444473044	44	36	35	27	4	3	5	2	2	6	0	1	0	0	0	4.944762	0.661550	0.660124	0.655847	1.557729	6.250000	8.500000	4.367984	4.293434	4.069783	0	0	1	1	155	1165307
1444473046	40	35	31	40	1	3	3	1	6	6	0	0	0	0	0	4.939927	0.661550	0.660124	0.654421	1.557729	6.250000	8.500000	4.347602	4.310292	4.235669	0	0	1	1	155	1167404
1444473047	37	32	51	54	5	2	2	3	4	6	0	0	0	0	0	4.943151	0.660124	0.658698	0.654421	1.557729	6.250000	8.500000	4.373623	4.299048	4.149898	0	0	1	1	155	1167428
1444473048	46	33	48	39	3	4	4	2	7	5	0	0	0	0	0	4.944762	0.655847	0.664401	0.654421	1.556923	6.000000	8.500000	4.330709	4.293434	4.181609	0	0	1	1	155	1165423
1444473049	33	33	37	32	3	2	1	6	4	1	0	0	0	0	0	4.943151	0.661550	0.658698	0.654421	1.557729	6.250000	8.500000	4.336335	4.224475	4.187188	0	0	1	1	155	1167405
1444473050	39	35	35	33	4	2	7	7	0	3	1	0	0	0	0	4.941538	0.658698	0.658698	0.657273	1.556923	6.250000	8.500000	4.341968	4.304669	4.230071	0	0	1	1	155	1167424
1444473052	27	39	33	40	5	4	2	4	6	5	0	0	0	1	0	4.944762	0.658698	0.658698	0.655847	1.556923	6.000000	8.500000	4.256160	4.330709	4.181609	0	0	1	1	155	1168565
1444473053	35	41	37	43	7	2	4	3	3	2	0	0	0	0	0	4.941538	0.658698	0.657273	0.654421	1.556923	6.250000	8.500000	4.304669	4.230071	4.230071	0	0	1	1	155	1174912
1444473054	39	43	33	33	4	1	3	2	4	2	0	1	0	0	0	4.941538	0.658698	0.657273	0.655847	1.556923	6.250000	8.500000	4.304669	4.267370	4.192771	0	0	1	1	155	1167395
1444473055	37	39	44	33	4	6	3	1	4	4	0	0	0	0	0	4.943151	0.658698	0.654421	0.651569	1.557729	6.250000	8.500000	4.336335	4.261762	4.224475	0	0	1	1	155	1167419
1444473056	38	39	31	24	5	6	1	4	1	1	1	0	0	0	0	4.941538	0.657273	0.654421	0.644441	1.555311	6.000000	8.500000	4.714962	4.118172	4.118172	0	0	1	1	155	1164646
1444473058	31	26	35	31	6	1	1	3	4	6	0	0	0	1	0	4.939927	0.658698	0.657273	0.655847	1.556117	6.250000	8.500000	4.347602	4.272981	4.235669	0	0	1	1	155	1167395
1444473059	35	37	31	34	1	0	1	0	6	3	0	0	0	0	0	4.943151	0.658698	0.657273	0.652995	1.556923	6.250000	8.500000	4.299048	4.261762	4.149898	0	0	1	1	155	1167419
1444473060	46	35	35	35	4	2	3	3	5	3	0	0	0	0	0	4.941538	0.655847	0.657273	0.652995	1.556117	6.000000	8.500000	4.304669	4.230071	4.155471	0	0	1	1	155	1164643
1444473061	40	36	37	41	4	2	2	6	4	6	0	0	0	1	0	4.943151	0.658698	0.657273	0.651569	1.556117	6.000000	8.500000	4.149898	4.224475	4.112611	0	0	1	1	155	1167394
1444473062	28	31	35	40	1	1	1	4	4	6	0	0	0	2	0	4.941538	0.655847	0.657273	0.652995	1.556117	6.000000	8.500000	4.304669	4.230071	4.155471	0	0	1	1	155	1167419
1444473064	29	39	37	31	1	0	4	4	6	3	0	1	0	0	0	4.941538	0.657273	0.657273	0.652995	1.555311	6.000000	8.500000	4.304669	4.267370	4.118172	0	0	1	1	155	1168574
1444473065	37	37	41	27	5	2	1	5	4	4	0	0	1	1	0	4.941538	0.655847	0.657273	0.652995	1.556117	6.000000	8.500000	4.230071	4.267370	4.155471	0	0	1	1	155	1164693
1444473066	32	40	31	34	1	4	3	3	2	4	0	0	0	0	0	4.941538	0.655847	0.657273	0.652995	1.554506	6.000000	8.500000	4.230071	4.230071	4.118172	0	0	1	1	155	1167404
1444473067	25	29	37	43	2	2	3	5	4	3	0	0	1	0	0	4.939927	0.654421	0.651569	0.647292	1.553700	6.000000	8.500000	5.205767	3.974488	4.123732	0	0	1	1	155	1167429
1444473068	31	41	35	40	5	2	1	4	9	3	0	0	0	0	0	4.941538	0.657273	0.654421	0.652995	1.554506	6.000000	8.500000	4.192771	4.155471	3.968976	0	0	1	1	155	1164667
1444473070	36	49	26	33	6	2	4	1	4	3	0	1	0	0	0	4.943151	0.654421	0.654421	0.652995	1.555311	6.000000	8.500000	4.224475	4.149898	4.112611	0	0	1	1	155	1167404
1444473071	23	44	27	31	7	2	0	2	5	2	1	0	0	0	0	4.941538	0.657273	0.654421	0.652995	1.554506	6.000000	8.500000	4.230071	4.192771	4.118172	0	0	1	1	155	1167428
1444473072	40	39	38	32	5	2	6	1	5	5	0	1	0	0	0	4.943151	0.657273	0.654421	0.650144	1.554506	6.000000	8.500000	4.224475	4.149898	4.075325	0	0	1	1	155	1164670
1444473073	38	35	33	39	4	2	1	3	7	2	0	0	0	0	0	4.943151	0.657273	0.652995	0.647292	1.554506	6.000000	8.500000	4.224475	4.149898	4.038038	0	0	1	1	155	1167405
1444473074	39	40	30	35	8	2	2	3	4	5	0	1	0	1	0	4.943151	0.657273	0.654421	0.650144	1.555311	6.000000	8.500000	4.187188	4.112611	4.000751	0	0	1	1	155	1167424
1444473076	39	44	36	33	6	3	3	4	6	2	1	2	0	0	0	4.943151	0.657273	0.654421	0.650144	1.553700	6.000000	8.500000	4.224475	4.149898	4.075325	0	0	1	1	155	1165795
1444473077	40	41	39	33	3	2	1	3	6	6	0	0	0	0	0	4.943151	0.655847	0.654421	0.650144	1.554506	6.000000	8.500000	4.224475	4.149898	4.075325	0	0	1	1	155	1167395
1444473078	38	29	44	48	2	1	5	0	1	8	0	1	0	0	0	4.943151	0.657273	0.654421	0.650144	1.553700	6.000000	8.500000	4.261762	4.187188	4.075325	0	0	1	1	155	1167419
1444473079	42	43	33	39	8	4	3	5	8	5	1	1	0	0	0	4.943151	0.655847	0.654421	0.647292	1.552088	6.000000	8.500000	4.299048	4.187188	4.075325	0	0	1	1	155	1167419
1444473080	39	32	35	35	2	4	1	4	2	6	0	1	0	0	0	4.943151	0.654421	0.655847	0.650144	1.553700	6.000000	8.500000	4.187188	4.187188	3.926176	0	0	1	1	155	1164650
1444473082	41	33	36	39	5	2	3	5	3	4	0	0	1	0	0	4.943151	0.654421	0.652995	0.650144	1.553700	6.000000	8.500000	4.149898	4.112611	4.075325	0	0	1	1	155	1167394
1444473083	41	41	43	32	6	2	3	4	3	1	0	0	1	0	0	4.943151	0.654421	0.651569	0.650144	1.552894	6.000000	8.500000	4.149898	4.112611	4.075325	0	0	1	1	155	1167419
1444473084	34	40	47	44	3	5	1	7	5	5	1	0	0	1	0	4.944762	0.654421	0.651569	0.650144	1.553700	6.000000	8.500000	4.181609	4.144332	4.032508	0	0	1	1	155	1164649
1444473085	40	33	38	35	2	0	4	3	2	3	0	0	0	0	0	4.944762	0.652995	0.651569	0.648718	1.553700	6.000000	8.500000	4.181609	3.920682	3.957958	0	0	1	1	155	1167395
1444473086	30	50	40	38	4	2	1	4	8	5	0	0	0	1	0	4.943151	0.654421	0.651569	0.650144	1.552894	6.000000	8.500000	4.187188	4.112611	4.075325	0	0	1	1	155	1167419
1444473088	30	34	42	36	5	3	3	4	4	5	0	1	1	0	0	4.943151	0.654421	0.652995	0.650144	1.552894	6.000000	8.500000	4.187188	4.112611	4.075325	0	0	1	1	155	1165811
1444473089	52	31	31	30	4	3	2	2	2	2	0	0	0	0	0	4.943151	0.652995	0.651569	0.650144	1.553700	6.000000	8.500000	4.149898	4.112611	4.075325	0	0	1	1	155	1167404
1444473090	31	47	32	31	6	3	1	5	3	3	0	0	0	0	0	4.946374	0.652995	0.651569	0.647292	1.552088	6.000000	8.500000	4.138770	4.064244	3.952456	0	0	1	1	155	1167429
1444473091	46	47	43	27	5	5	0	5	4	3	0	0	0	0	0	4.943151	0.654421	0.651569	0.647292	1.552894	6.000000	8.500000	4.187188	4.112611	4.000751	0	0	1	1	155	1167426
1444473092	41	43	30	38	7	4	4	0	4	4	0	1	0	0	0	4.941538	0.654421	0.651569	0.648718	1.552088	6.000000	8.500000	4.192771	4.118172	3.931675	0	0	1	1	155	1164586
1444473094	32	40	35	37	5	1	2	6	6	5	0	1	0	1	0	4.943151	0.652995	0.651569	0.647292	1.552088	6.000000	8.500000	4.187188	4.112611	4.000751	0	0	1	1	155	1167407
1444473095	28	32	38	30	1	4	2	5	0	2	0	0	0	0	0	4.941538	0.654421	0.651569	0.647292	1.552088	6.000000	8.500000	4.192771	4.118172	4.006275	0	0	1	1	155	1167428
1444473096	36	43	45	33	7	2	3	3	5	4	0	1	0	0	0	4.943151	0.654421	0.648718	0.647292	1.552088	6.000000	8.500000	4.149898	3.926176	4.000751	0	0	1	1	155	1204513
1444473097	32	37	31	43	2	2	2	3	5	3	0	0	0	0	0	4.941538	0.654421	0.648718	0.647292	1.552088	6.000000	8.500000	4.192771	4.043574	4.006275	0	0	1	1	155	1167404
1444473098	38	36	38	40	8	3	3	1	2	5	0	2	0	0	0	4.941538	0.652995	0.650144	0.648718	1.552088	6.000000	8.500000	4.118172	4.043574	4.006275	0	0	1	1	155	1167426
1444473100	26	18	37	38	0	1	0	1	4	4	0	0	0	0	0	4.941538	0.651569	0.650144	0.643015	1.549670	6.000000	8.500000	4.192771	4.080873	4.006275	0	0	1	1	155	1171294
1444473101	38	39	39	25	2	4	4	5	4	5	0	0	0	0	0	4.943151	0.651569	0.648718	0.648718	1.551282	6.000000	8.500000	4.112611	4.038038	3.963464	0	0	1	1	155	1167394
1444473102	46	40	35	39	4	6	2	4	3	7	0	0	0	0	0	4.941538	0.651569	0.650144	0.648718	1.552088	6.000000	8.500000	4.118172	4.043574	4.006275	0	0	1	1	155	1167421
1444473103	41	34	32	38	4	4	2	2	4	4	0	0	1	0	0	4.941538	0.651569	0.650144	0.645867	1.551282	6.000000	8.500000	4.118172	4.080873	3.968976	0	0	1	1	155	1167419
1444473104	44	42	46	45	5	3	4	3	4	8	0	1	0	0	0	4.943151	0.651569	0.648718	0.645867	1.550476	6.000000	8.500000	4.075325	4.075325	3.926176	0	0	1	1	155	1176681
1444473106	30	41	42	41	4	0	1	3	4	8	0	0	0	1	0	4.943151	0.651569	0.650144	0.641589	1.551282	6.000000	8.500000	4.112611	4.038038	3.888890	0	0	1	1	155	1167392
1444473107	45	52	41	32	9	5	0	6	6	8	1	0	0	1	0	4.943151	0.652995	0.650144	0.645867	1.551282	6.000000	8.500000	4.112611	4.038038	3.926176	0	0	1	1	155	1167418
1444473108	36	41	33	48	4	1	3	3	7	8	0	0	0	1	0	4.946374	0.651569	0.648718	0.645867	1.551282	6.000000	8.500000	4.101508	4.026982	3.915193	0	0	1	1	155	1164688
1444473109	38	41	30	41	6	1	0	2	7	3	0	0	0	0	0	4.941538	0.651569	0.650144	0.644441	1.550476	6.000000	8.500000	4.118172	4.006275	3.931675	0	0	1	1	155	1167395
1444473110	45	30	31	33	3	1	5	1	2	3	0	0	0	0	0	4.941538	0.648718	0.650144	0.647292	1.549670	6.000000	8.500000	4.043574	4.043574	3.931675	0	0	1	1	155	1167419
1444473112	39	29	40	27	7	2	1	5	3	4	1	0	0	1	0	4.943151	0.651569	0.648718	0.645867	1.550476	6.000000	8.500000	4.112611	4.038038	3.963464	0	0	1	1	155	1165818
1444473113	35	35	29	35	5	0	5	0	0	3	0	0	0	0	0	4.943151	0.648718	0.647292	0.644441	1.549670	6.000000	8.500000	4.038038	3.963464	3.926176	0	0	1	1	155	1167402
1444473114	36	30	34	31	5	4	2	3	3	2	0	0	0	0	0	4.943151	0.648718	0.647292	0.644441	1.549670	6.000000	8.500000	4.038038	3.963464	3.926176	0	0	1	1	155	1167428
1444473115	43	39	35	35	3	4	4	7	6	5	0	0	0	0	0	4.943151	0.648718	0.645867	0.645867	1.549670	6.000000	8.500000	4.038038	4.000751	3.926176	0	0	1	1	155	1164661
1444473116	42	34	29	35	7	1	1	1	3	2	0	0	0	0	0	4.943151	0.650144	0.647292	0.644441	1.548865	6.000000	8.500000	4.038038	4.000751	3.963464	0	0	1	1	155	1167404
1444473118	57	37	35	41	7	4	3	7	5	1	1	0	0	0	0	4.941538	0.650144	0.648718	0.644441	1.549670	6.000000	8.500000	4.043574	3.857077	3.894376	0	0	1	1	155	1167429
1444473119	33	51	33	32	5	4	3	2	4	2	1	0	0	0	0	4.943151	0.647292	0.645867	0.645867	1.549670	6.000000	8.500000	4.038038	4.000751	3.926176	0	0	1	1	155	1167429
1444473120	31	40	26	48	2	1	1	2	7	2	0	0	0	0	0	4.943151	0.648718	0.647292	0.644441	1.548865	6.000000	8.500000	4.038038	4.000751	3.851603	0	0	1	1	155	1164674
1444473121	32	37	38	41	1	2	2	4	7	3	1	0	0	0	0	4.943151	0.647292	0.645867	0.643015	1.548865	6.000000	8.500000	4.038038	3.963464	3.888890	0	0	1	1	155	1167404
1444473122	48	42	48	38	2	9	1	3	4	5	0	0	1	0	0	4.939927	0.648718	0.647292	0.644441	1.548059	6.000000	8.500000	4.049111	4.011799	3.937175	0	0	1	1	155	1167424
1444473124	43	30	40	36	2	8	1	2	2	5	0	0	1	0	0	4.936703	0.647292	0.644441	0.640163	1.548059	6.000000	8.500000	4.060196	4.022860	3.948188	0	0	1	1	155	1165795
1444473125	34	44	34	30	6	3	1	2	4	5	1	1	1	1	1	4.941538	0.648718	0.647292	0.643015	1.548865	6.000000	8.500000	4.043574	4.006275	3.894376	0	0	1	1	155	1167392
1444473126	34	41	45	43	2	1	2	3	1	5	0	0	0	0	0	4.943151	0.648718	0.648718	0.644441	1.548865	6.000000	8.500000	4.038038	4.000751	3.888890	0	0	1	1	155	1167419
1444473127	25	32	27	32	2	1	1	3	3	6	0	0	0	0	0	4.944762	0.648718	0.647292	0.637312	1.546447	6.000000	8.500000	4.144332	3.995234	3.846133	0	0	1	1	155	1175108
1444473128	42	35	34	34	3	3	1	0	6	3	0	0	0	0	0	4.943151	0.645867	0.647292	0.643015	1.548059	6.000000	8.500000	3.963464	3.963464	3.888890	0	0	1	1	155	1167394
1444473130	31	40	40	42	2	2	3	4	6	6	0	1	0	0	0	4.939927	0.647292	0.648718	0.643015	1.548059	6.000000	8.500000	4.011799	4.011799	3.899864	0	0	1	1	155	1167421
1444473131	33	32	34	37	3	3	2	2	3	5	1	0	0	0	0	4.941538	0.645867	0.647292	0.643015	1.548865	6.000000	8.500000	3.968976	4.006275	3.894376	0	0	1	1	155	1167419
1444473132	38	39	50	43	7	4	5	3	1	3	0	0	1	0	0	4.941538	0.643015	0.641589	0.643015	1.548059	6.000000	8.500000	4.006275	3.931675	3.857077	0	0	1	1	155	1164658
1444473133	36	31	29	29	7	3	0	0	4	3	1	0	0	0	0	4.943151	0.645867	0.644441	0.643015	1.547253	6.000000	8.500000	3.963464	3.926176	3.926176	0	0	1	1	155	1167395
1444473134	43	37	34	34	3	2	3	3	3	4	0	0	0	0	0	4.939927	0.647292	0.645867	0.643015	1.546447	6.000000	8.500000	4.049111	3.937175	3.937175	0	0	1	1	155	1167419
1444473136	42	37	33	39	6	1	4	1	8	7	0	2	1	0	0	4.944762	0.647292	0.644441	0.644441	1.547253	6.000000	8.500000	3.957958	3.883408	3.883408	0	0	1	1	155	1165863
1444473137	42	37	41	43	6	5	5	8	4	7	1	0	1	0	0	4.939927	0.645867	0.644441	0.641589	1.545641	6.000000	8.500000	3.974488	3.937175	3.825242	0	0	1	1	155	1167404
1444473138	36	40	34	54	3	2	2	3	6	3	1	0	0	0	0	4.943151	0.648718	0.644441	0.637312	1.546447	6.000000	8.500000	4.000751	3.851603	3.814316	0	0	1	1	155	1167428
1444473139	35	36	41	28	2	3	1	3	5	2	0	0	0	0	0	4.941538	0.645867	0.645867	0.641589	1.546447	6.000000	8.500000	4.006275	3.931675	3.819778	0	0	1	1	155	1164657
1444473140	32	26	36	30	2	4	4	3	4	6	1	0	0	0	0	4.943151	0.645867	0.644441	0.641589	1.547253	6.000000	8.500000	3.963464	3.926176	3.814316	0	0	1	1	155	1167405
1444473142	30	42	44	36	3	3	1	5	5	3	1	0	0	0	0	4.941538	0.643015	0.643015	0.640163	1.545641	6.000000	8.500000	3.931675	3.931675	3.819778	0	0	1	1	155	1167429
1444473143	37	44	49	36	6	6	2	5	3	5	1	0	0	1	0	4.946374	0.643015	0.644441	0.640163	1.546447	6.000000	8.500000	3.915193	3.915193	3.803405	0	0	1	1	155	1167429
1444473144	36	35	32	49	3	1	3	1	5	5	0	0	0	0	0	4.941538	0.643015	0.644441	0.641589	1.546447	6.000000	8.500000	3.931675	3.968976	3.819778	0	0	1	1	155	1164690
1444473145	40	45	39	31	9	5	1	2	3	3	0	1	0	0	0	4.943151	0.644441	0.645867	0.641589	1.547253	6.000000	8.500000	3.926176	3.888890	3.814316	0	0	1	1	155	1167401
1444473146	45	34	41	30	3	4	4	5	4	3	0	0	1	1	0	4.939927	0.644441	0.645867	0.641589	1.546447	6.000000	8.500000	3.937175	3.899864	3.825242	0	0	1	1	155	1167423
1444473148	42	37	44	39	6	3	2	1	7	4	0	1	0	0	0	4.944762	0.644441	0.643015	0.640163	1.545641	6.000000	8.500000	3.920682	3.846133	3.771585	0	0	1	1	155	1165786
1444473149	32	37	33	39	4	2	4	2	6	4	0	0	1	0	0	4.943151	0.643015	0.643015	0.640163	1.546447	6.000000	8.500000	3.888890	3.851603	3.814316	0	0	1	1	155	1167394
1444473150	41	33	37	42	3	5	6	2	4	3	0	0	1	0	0	4.941538	0.635886	0.647292	0.640163	1.545641	6.000000	8.500000	3.894376	3.857077	3.819778	0	0	1	1	155	1167419
1444473151	30	35	37	47	2	1	3	4	7	4	0	1	0	0	0	4.944762	0.637312	0.637312	0.637312	1.546447	6.000000	8.500000	3.920682	3.846133	3.734309	0	0	1	1	155	1164669
1444473152	29	47	38	30	4	2	2	5	2	2	0	1	0	0	0	4.943151	0.644441	0.641589	0.637312	1.545641	6.000000	8.500000	3.888890	3.851603	3.814316	0	0	1	1	155	1167395
1444473154	35	41	43	36	3	2	2	3	3	3	0	0	0	0	0	4.943151	0.643015	0.643015	0.637312	1.545641	6.000000	8.500000	3.926176	3.851603	3.739743	0	0	1	1	155	1167419
1444473155	47	34	42	42	3	8	2	3	4	4	0	0	1	0	0	4.943151	0.643015	0.643015	0.638738	1.544835	6.000000	8.500000	3.926176	3.851603	3.739743	0	0	1	1	155	1167419
1444473156	33	35	43	40	7	2	4	3	4	5	1	0	0	0	0	4.946374	0.641589	0.640163	0.637312	1.545641	6.000000	8.500000	3.803405	3.840667	3.728879	0	0	1	1	155	1164642
1444473157	51	40	37	47	4	1	5	2	4	6	0	0	0	0	0	4.944762	0.644441	0.643015	0.637312	1.544835	5.750000	8.500000	3.883408	3.846133	3.734309	0	0	1	1	155	1167392
1444473158	33	32	34	36	2	5	2	3	5	7	0	1	0	0	0	4.941538	0.643015	0.643015	0.637312	1.544029	5.750000	8.500000	3.894376	3.894376	3.707879	0	0	1	1	155	1167418
1444473160	33	40	36	33	2	3	2	3	10	2	0	0	0	0	0	4.943151	0.641589	0.640163	0.637312	1.544029	5.750000	8.500000	3.851603	3.777029	3.739743	0	0	1	1	155	1165794
1444473161	35	44	30	30	6	1	0	2	7	2	0	0	0	1	0	4.943151	0.643015	0.640163	0.637312	1.544835	6.000000	8.500000	3.851603	3.777029	3.739743	0	0	1	1	156	1167426
1444473162	40	29	38	29	6	2	1	2	3	7	0	1	0	0	0	4.944762	0.641589	0.641589	0.635886	1.543224	5.750000	8.500000	3.846133	3.808859	3.771585	0	0	1	1	155	1167424
1444473163	29	46	28	32	3	2	1	3	6	4	0	0	0	1	0	4.943151	0.634460	0.624480	0.633035	1.543224	5.750000	8.500000	139.763321	4.075325	3.702454	0	0	1	1	155	1164660
1444473164	47	48	38	34	7	3	1	4	7	3	1	0	0	0	0	4.939927	0.641589	0.640163	0.637312	1.544835	6.000000	8.500000	3.862552	3.825242	3.750620	0	0	1	1	157	1167446
1444473166	39	37	43	40	6	3	2	5	4	3	1	0	0	1	0	4.943151	0.641589	0.640163	0.637312	1.543224	5.750000	8.500000	3.851603	3.814316	3.777029	0	0	1	1	155	1167419
1444473167	34	39	27	48	2	5	1	5	6	7	1	0	0	0	0	4.941538	0.641589	0.640163	0.635886	1.543224	5.750000	8.500000	3.857077	3.782479	3.670580	0	0	1	1	155	1164661
1444473168	33	24	34	42	3	1	4	0	5	3	0	2	0	0	0	4.943151	0.641589	0.640163	0.635886	1.543224	5.750000	8.500000	3.665168	3.739743	3.590592	0	0	1	1	155	1167404
1444473169	35	38	38	35	4	3	2	5	5	2	0	0	0	0	0	4.941538	0.643015	0.640163	0.635886	1.543224	5.750000	8.500000	3.857077	3.819778	3.707879	0	0	1	1	155	1167428
1444473170	36	47	41	41	4	3	2	5	5	5	0	1	1	0	0	4.939927	0.643015	0.641589	0.637312	1.543224	5.750000	8.500000	3.862552	3.825242	3.713307	0	0	1	1	155	1167426
1444473172	32	35	33	34	2	1	1	6	5	2	0	0	0	0	0	4.941538	0.641589	0.640163	0.635886	1.543224	5.750000	8.500000	3.857077	3.782479	3.707879	0	0	1	1	155	1165785
1444473173	42	40	29	46	9	2	3	1	9	2	1	1	0	0	0	4.941538	0.641589	0.640163	0.635886	1.543224	5.750000	8.500000	3.857077	3.782479	3.707879	0	0	1	1	155	1167394
1444473174	24	37	39	40	2	2	4	5	5	4	0	0	0	0	0	4.941538	0.634460	0.637312	0.633035	1.542418	5.750000	8.500000	3.707879	3.745179	3.633281	0	0	1	1	155	1167419
1444473175	38	32	31	33	5	0	7	3	6	5	0	0	0	0	0	4.944762	0.641589	0.637312	0.635886	1.543224	5.750000	8.500000	3.734309	3.734309	3.547934	0	0	1	1	155	1164725
1444473176	35	29	46	42	3	3	3	1	5	9	0	0	0	0	0	4.943151	0.637312	0.637312	0.635886	1.543224	5.750000	8.500000	3.814316	3.739743	3.702454	0	0	1	1	155	1167395
1444473178	42	27	42	34	3	5	5	1	1	3	0	1	0	1	0	4.943151	0.637312	0.637312	0.637312	1.543224	5.750000	8.500000	3.739743	3.739743	3.702454	0	0	1	1	155	1167419
1444473179	32	37	31	36	3	3	3	3	4	3	0	0	1	0	0	4.941538	0.637312	0.637312	0.637312	1.542418	5.750000	8.500000	3.745179	3.745179	3.670580	0	0	1	1	155	1164655
1444473180	29	36	40	30	5	0	2	3	3	4	0	1	0	0	0	4.944762	0.640163	0.637312	0.634460	1.542418	5.750000	8.500000	3.697033	3.697033	3.585209	0	0	1	1	155	1167394
1444473181	47	41	41	38	6	2	5	2	4	3	0	0	0	1	0	4.943151	0.640163	0.637312	0.634460	1.542418	5.750000	8.500000	3.814316	3.702454	3.665168	0	0	1	1	155	1167418
1444473182	48	35	40	28	5	3	2	3	3	1	0	0	0	0	0	4.939927	0.640163	0.637312	0.634460	1.541612	5.750000	8.500000	3.825242	3.750620	3.601372	0	0	1	1	155	1167419
1444473184	24	31	41	36	0	3	0	5	6	5	0	0	0	1	0	4.943151	0.640163	0.637312	0.633035	1.541612	5.750000	8.500000	3.777029	3.739743	3.627879	0	0	1	1	155	1165825
1444473185	35	29	37	38	3	4	2	0	3	3	0	0	0	0	0	4.943151	0.640163	0.637312	0.634460	1.541612	5.750000	8.500000	3.739743	3.739743	3.590592	0	0	1	1	155	1167404
1444473186	46	41	36	43	4	1	2	3	5	2	0	1	0	0	0	4.943151	0.637312	0.637312	0.633035	1.540806	5.750000	8.500000	3.702454	3.702454	3.665168	0	0	1	1	155	1167429
1444473187	36	34	29	33	3	1	1	3	3	2	0	0	0	0	0	4.944762	0.635886	0.635886	0.633035	1.542418	5.750000	8.500000	3.697033	3.734309	3.622484	0	0	1	1	155	1164654
1444473188	28	50	37	29	3	3	3	3	9	2	0	1	1	0	0	4.941538	0.637312	0.635886	0.634460	1.541612	5.750000	8.000000	3.745179	3.745179	3.633281	0	0	1	1	155	1167404
1444473190	32	36	29	42	4	2	2	4	2	4	0	0	0	0	0	4.941538	0.635886	0.637312	0.633035	1.541612	5.750000	8.000000	3.707879	3.745179	3.633281	0	0	1	1	155	1167428
1444473191	44	37	38	43	4	4	5	6	7	10	0	1	1	2	0	4.943151	0.635886	0.634460	0.633035	1.541612	5.750000	8.000000	3.739743	3.665168	3.590592	0	0	1	1	155	1164661
1444473192	47	38	48	41	4	3	2	5	7	6	0	0	0	0	0	4.944762	0.635886	0.634460	0.633035	1.541612	5.750000	8.500000	3.697033	3.659758	3.585209	0	0	1	1	156	1167426
1444473193	39	37	36	31	4	2	2	0	1	4	0	0	0	0	0	4.943151	0.635886	0.635886	0.633035	1.540806	5.750000	8.000000	3.739743	3.702454	3.627879	0	0	1	1	155	1167424
1444473194	29	31	43	35	1	3	1	1	3	4	0	0	0	0	0	4.941538	0.637312	0.635886	0.634460	1.540000	5.750000	8.500000	3.745179	3.670580	3.670580	0	0	1	1	155	1167424
1444473196	47	35	44	33	5	4	3	5	5	5	1	1	0	2	0	4.943151	0.637312	0.635886	0.630183	1.540806	5.750000	8.000000	3.739743	3.665168	3.553306	0	0	1	1	155	1165795
1444473197	41	32	38	40	7	2	4	3	6	6	0	1	0	1	0	4.943151	0.637312	0.634460	0.631609	1.540806	5.750000	8.500000	3.702454	3.665168	3.516017	0	0	1	1	155	1167395
1444473198	38	32	35	32	5	2	2	0	2	7	0	0	0	0	0	4.941538	0.635886	0.634460	0.631609	1.540000	5.750000	8.000000	3.707879	3.670580	3.558683	0	0	1	1	155	1167416
1444473199	37	43	34	37	4	2	1	3	2	4	0	0	0	0	0	4.941538	0.637312	0.634460	0.631609	1.540000	5.750000	8.000000	3.745179	3.670580	3.558683	0	0	1	1	155	1164649
1444473200	31	34	46	28	3	3	1	4	4	1	0	0	0	0	0	4.944762	0.637312	0.634460	0.631609	1.540806	5.750000	8.000000	3.734309	3.659758	3.547934	0	0	1	1	155	1167397
1444473202	28	42	28	39	1	1	2	4	7	4	0	1	0	0	0	4.941538	0.637312	0.635886	0.631609	1.540000	5.750000	8.000000	3.670580	3.707879	3.595982	0	0	1	1	155	1167419
1444473203	39	29	32	31	4	1	2	3	6	4	0	0	0	0	0	4.943151	0.633035	0.633035	0.631609	1.539194	5.750000	8.000000	3.739743	3.665168	3.590592	0	0	1	1	155	1164645
1444473204	46	45	37	39	4	1	3	2	5	4	0	0	0	0	0	4.943151	0.637312	0.635886	0.631609	1.540000	5.750000	8.000000	3.702454	3.702454	3.478731	0	0	1	1	155	1167392
1444473205	32	41	34	27	3	2	2	5	4	4	0	0	0	0	0	4.936703	0.637312	0.633035	0.630183	1.538388	5.750000	8.000000	3.761509	3.686837	3.574830	0	0	1	1	155	1167419
1444473206	28	35	41	35	4	2	0	2	4	4	0	0	0	0	0	4.939927	0.637312	0.634460	0.631609	1.539194	5.750000	8.000000	3.750620	3.675995	3.564063	0	0	1	1	155	1164658
1444473208	44	34	39	41	3	3	5	2	2	2	0	0	1	0	0	4.943151	0.634460	0.635886	0.630183	1.539194	5.750000	8.000000	3.665168	3.665168	3.590592	0	0	1	1	155	1168550
1444473209	37	49	36	42	5	3	3	5	6	5	0	0	0	1	0	4.941538	0.634460	0.631609	0.624480	1.538388	5.750000	8.000000	1.917513	3.595982	3.446784	0	0	1	1	155	1167429
1444473210	40	37	35	32	2	2	1	6	3	6	0	0	0	0	0	4.941538	0.635886	0.633035	0.631609	1.539194	5.750000	8.000000	3.670580	3.633281	3.595982	0	0	1	1	155	1167428
1444473211	28	34	37	45	3	0	1	1	3	4	0	0	0	0	0	4.943151	0.634460	0.633035	0.631609	1.539194	5.750000	8.000000	3.665168	3.590592	3.553306	0	0	1	1	155	1164660
1444473212	33	39	35	40	5	2	2	2	4	4	0	0	0	0	0	4.941538	0.635886	0.633035	0.631609	1.539194	5.750000	8.000000	3.670580	3.595982	3.558683	0	0	1	1	155	1167404
1444473214	40	35	37	37	5	3	4	4	4	1	1	1	0	0	0	4.943151	0.635886	0.631609	0.625906	1.539194	5.750000	8.000000	3.665168	3.590592	3.478731	0	0	1	1	155	1167428
1444473215	30	40	35	33	5	2	3	4	5	5	0	1	0	0	0	4.943151	0.628757	0.637312	0.627332	1.538388	5.750000	8.000000	3.665168	3.590592	3.478731	0	0	1	1	155	1164716
1444473216	41	35	37	38	6	5	1	0	2	2	0	0	0	0	0	4.943151	0.633035	0.633035	0.628757	1.539194	5.750000	8.000000	3.665168	3.553306	3.478731	0	0	1	1	155	1167404
1444473217	35	34	26	35	3	2	2	2	6	3	0	1	0	0	0	4.943151	0.634460	0.633035	0.628757	1.537583	5.750000	8.000000	3.627879	3.627879	3.516017	0	0	1	1	155	1167429
1444473218	22	27	28	36	2	3	3	3	6	5	0	0	1	2	0	4.941538	0.634460	0.631609	0.630183	1.537583	5.750000	8.000000	3.670580	3.633281	3.521382	0	0	1	1	155	1164565
1444473220	40	33	41	42	5	2	3	8	2	7	0	1	0	0	0	4.939927	0.634460	0.631609	0.627332	1.537583	5.750000	8.000000	3.675995	3.564063	3.489438	0	0	1	1	155	1168541
1444473221	34	34	30	37	0	2	2	2	7	4	0	0	1	1	0	4.943151	0.631609	0.631609	0.621629	1.535165	5.750000	8.000000	3.627879	3.590592	3.478731	0	0	1	1	155	1167419
1444473222	52	43	38	37	11	2	1	6	2	4	0	0	0	0	0	4.944762	0.633035	0.633035	0.630183	1.536777	5.750000	8.000000	3.659758	3.585209	3.473383	0	0	1	1	155	1167419
1444473223	43	30	31	44	0	1	4	0	8	4	0	0	0	0	0	4.944762	0.631609	0.633035	0.628757	1.536777	5.750000	8.000000	3.585209	3.585209	3.510658	0	0	1	1	156	1164826
1444473224	39	38	40	40	8	2	2	2	3	6	0	0	0	1	0	4.941538	0.633035	0.633035	0.628757	1.537583	5.750000	8.000000	3.595982	3.633281	3.521382	0	0	1	1	155	1167395
1444473226	37	31	42	38	2	2	6	5	3	6	0	0	1	1	0	4.943151	0.631609	0.628757	0.628757	1.536777	5.750000	8.000000	3.590592	3.553306	3.516017	0	0	1	1	155	1167419
1444473227	40	33	35	44	5	4	3	4	3	2	0	1	0	0	0	4.941538	0.631609	0.630183	0.628757	1.536777	5.750000	8.000000	3.595982	3.558683	3.484083	0	0	1	1	155	1164650
1444473228	28	49	48	49	7	2	2	3	13	13	0	1	1	1	0	4.944762	0.631609	0.631609	0.628757	1.537583	5.750000	8.000000	3.585209	3.547934	3.473383	0	0	1	1	155	1167392
1444473229	32	34	32	32	6	2	1	4	3	4	0	0	0	1	0	4.943151	0.631609	0.630183	0.627332	1.536777	5.750000	8.000000	3.590592	3.516017	3.478731	0	0	1	1	157	1167461
1444473230	37	41	42	40	9	5	3	10	8	9	3	1	2	4	1	4.941538	0.631609	0.631609	0.628757	1.535971	5.750000	8.000000	3.521382	3.521382	3.521382	0	0	1	1	155	1164671
1444473232	31	33	39	35	4	3	0	4	3	5	1	0	0	0	0	4.941538	0.633035	0.630183	0.624480	1.536777	5.750000	8.000000	3.595982	3.558683	3.409486	0	0	1	1	156	1168574
1444473233	24	29	33	32	3	1	1	2	4	4	0	0	0	1	0	4.943151	0.631609	0.630183	0.625906	1.536777	5.750000	8.000000	3.590592	3.553306	3.441444	0	0	1	1	155	1167423
1444473234	36	33	33	56	4	3	5	4	4	8	0	1	1	0	0	4.943151	0.630183	0.630183	0.624480	1.536777	5.750000	8.000000	3.590592	3.553306	3.404157	0	0	1	1	155	1167429
1444473235	36	34	30	38	2	2	1	0	2	3	0	0	0	0	0	4.944762	0.631609	0.630183	0.624480	1.536777	5.750000	8.000000	3.473383	3.510658	3.398834	0	0	1	1	155	1164667
1444473236	39	38	40	43	4	3	2	5	3	3	1	0	0	0	0	4.943151	0.631609	0.631609	0.624480	1.535971	5.750000	8.000000	3.590592	3.553306	3.404157	0	0	1	1	155	1167404
1444473238	35	32	42	32	5	1	2	1	4	5	1	0	0	0	0	4.943151	0.633035	0.631609	0.624480	1.535165	5.750000	8.000000	3.590592	3.553306	3.404157	0	0	1	1	155	1167428
1444473239	38	33	35	34	3	2	2	3	5	3	0	1	0	0	0	4.939927	0.628757	0.628757	0.617351	1.535165	5.750000	8.000000	3.601372	3.526750	3.377504	0	0	1	1	155	1164658
1444473240	38	31	37	40	3	3	2	1	3	5	1	0	0	0	0	4.941538	0.631609	0.631609	0.625906	1.535971	5.750000	8.000000	3.595982	3.558683	3.409486	0	0	1	1	155	1167402
1444473241	38	30	37	47	3	0	3	5	4	6	0	0	0	0	0	4.941538	0.628757	0.628757	0.624480	1.535165	5.750000	8.000000	3.521382	3.484083	3.372187	0	0	1	1	155	1167428
1444473242	32	42	24	32	4	1	1	2	5	4	0	0	0	0	0	4.941538	0.627332	0.625906	0.625906	1.535165	5.750000	8.000000	3.484083	3.484083	3.446784	0	0	1	1	155	1164664
1444473244	42	34	44	35	2	5	3	4	2	4	0	0	0	1	0	4.938315	0.627332	0.628757	0.625906	1.534359	5.750000	8.000000	3.532120	3.494797	3.420149	0	0	1	1	155	1168540
1444473245	26	31	28	41	4	2	1	1	2	4	0	0	0	0	0	4.941538	0.627332	0.628757	0.623054	1.534359	5.750000	8.000000	3.484083	3.521382	3.372187	0	0	1	1	155	1167418
1444473246	46	38	39	40	6	3	3	1	1	4	0	1	0	0	0	4.943151	0.625906	0.624480	0.624480	1.535165	5.750000	8.000000	3.516017	3.478731	3.404157	0	0	1	1	155	1164686
1444473247	48	31	32	36	5	3	2	3	4	3	1	1	1	1	1	4.943151	0.627332	0.628757	0.624480	1.534359	5.750000	8.000000	3.516017	3.478731	3.478731	0	0	1	1	155	1167395
1444473248	48	37	38	44	4	2	5	4	7	6	1	0	0	2	0	4.941538	0.628757	0.628757	0.623054	1.534359	5.750000	8.000000	3.521382	3.484083	3.334888	0	0	1	1	155	1167419
1444473250	40	36	39	29	3	3	2	7	3	4	0	0	0	0	0	4.936703	0.631609	0.625906	0.621629	1.534359	5.750000	8.000000	3.537493	3.462822	3.350815	0	0	1	1	155	1167419
1444473251	34	35	34	47	0	6	4	0	8	8	0	0	1	0	0	4.943151	0.627332	0.627332	0.621629	1.533553	5.750000	8.000000	3.478731	3.478731	3.292295	0	0	1	1	155	1164645
1444473252	39	39	29	51	6	1	2	4	5	3	0	0	0	1	0	4.943151	0.627332	0.628757	0.623054	1.533553	5.750000	8.000000	3.516017	3.478731	3.329584	0	0	1	1	155	1167392
1444473253	26	36	38	39	4	2	1	5	8	2	1	1	0	1	0	4.943151	0.627332	0.627332	0.623054	1.533553	5.750000	8.000000	3.441444	3.441444	3.366870	0	0	1	1	155	1167419
1444473254	33	37	31	45	4	1	3	1	3	5	0	0	0	0	0	4.943151	0.628757	0.628757	0.623054	1.533553	5.750000	8.000000	3.516017	3.516017	3.366870	0	0	1	1	155	1164655
1444473256	32	30	32	24	2	1	0	3	1	1	0	0	0	0	0	4.941538	0.628757	0.627332	0.621629	1.534359	5.750000	8.000000	3.521382	3.484083	3.334888	0	0	1	1	155	1168551
1444473257	42	29	30	34	5	2	3	0	0	6	0	0	0	0	0	4.943151	0.625906	0.624480	0.620203	1.532747	5.750000	8.000000	3.441444	3.366870	3.329584	0	0	1	1	155	1167429
1444473258	44	45	34	35	6	3	5	3	5	4	0	0	0	0	0	4.941538	0.624480	0.624480	0.623054	1.533553	5.750000	8.000000	3.446784	3.334888	3.334888	0	0	1	1	155	1164662
1444473259	48	31	38	47	4	3	5	5	3	3	0	2	0	0	0	4.943151	0.625906	0.624480	0.623054	1.533553	5.750000	8.000000	3.441444	3.366870	3.329584	0	0	1	1	155	1167404
1444473260	33	45	28	47	7	0	3	1	10	4	0	1	0	1	0	4.941538	0.625906	0.624480	0.623054	1.533553	5.750000	8.000000	3.446784	3.372187	3.334888	0	0	1	1	155	1167428
1444473262	34	42	44	34	5	8	3	7	1	5	2	0	1	0	0	4.943151	0.631609	0.623054	0.621629	1.533553	5.750000	8.000000	3.441444	3.366870	3.366870	0	0	1	1	156	1167449
1444473263	40	35	49	37	4	5	2	1	4	8	1	1	1	1	1	4.944762	0.625906	0.624480	0.620203	1.533553	5.750000	8.000000	3.436109	3.361560	3.249733	0	0	1	1	155	1174874
1444473264	49	46	47	39	3	3	1	5	8	5	0	0	0	1	0	4.943151	0.625906	0.624480	0.620203	1.533553	5.750000	8.000000	3.366870	3.329584	3.255009	0	0	1	1	155	1167404
1444473265	36	36	32	34	5	3	4	4	2	5	0	1	1	0	0	4.943151	0.625906	0.624480	0.620203	1.532747	5.750000	8.000000	3.441444	3.366870	3.292295	0	0	1	1	155	1167428
1444473266	33	35	37	34	5	4	0	1	2	5	1	0	0	0	0	4.939927	0.625906	0.624480	0.620203	1.531942	5.750000	8.000000	3.377504	3.377504	3.265570	0	0	1	1	155	1164683
1444473268	38	33	26	29	3	5	2	3	3	3	1	0	1	0	0	4.944762	0.625906	0.624480	0.620203	1.532747	5.750000	8.000000	3.436109	3.398834	3.287008	0	0	1	1	155	1168644
1444473269	36	37	52	40	2	1	1	4	5	7	0	0	0	1	0	4.943151	0.625906	0.623054	0.620203	1.531942	5.500000	8.000000	3.441444	3.366870	3.255009	0	0	1	1	155	1167422
1444473270	21	34	29	40	2	0	1	3	4	3	0	0	0	0	0	4.943151	0.625906	0.624480	0.618777	1.532747	5.750000	8.000000	3.441444	3.366870	3.292295	0	0	1	1	155	1164651
1444473271	27	49	28	37	5	2	4	3	5	2	1	1	1	1	1	4.944762	0.621629	0.620203	0.617351	1.534359	5.750000	8.000000	3.361560	3.361560	3.287008	0	0	1	1	155	1167395
1444473272	38	33	33	43	11	2	3	2	4	2	1	0	0	0	0	4.944762	0.623054	0.625906	0.618777	1.531942	5.500000	8.000000	3.361560	3.361560	3.324284	0	0	1	1	155	1167419
1444473274	41	34	43	34	3	3	2	3	1	5	0	0	0	0	0	4.943151	0.623054	0.621629	0.621629	1.531942	5.500000	8.000000	3.366870	3.292295	3.292295	0	0	1	1	156	1167440
1444473275	33	44	34	48	8	2	1	3	6	4	0	1	0	0	0	4.943151	0.621629	0.623054	0.620203	1.531942	5.500000	8.000000	3.366870	3.329584	3.292295	0	0	1	1	155	1164650
1444473276	43	38	33	43	2	4	4	2	5	7	0	0	0	0	0	4.944762	0.623054	0.621629	0.620203	1.531942	5.500000	8.000000	3.361560	3.324284	3.287008	0	0	1	1	155	1167395
1444473277	49	32	41	36	5	4	2	1	4	6	0	0	1	0	0	4.943151	0.623054	0.621629	0.617351	1.531136	5.500000	8.000000	3.366870	3.329584	3.292295	0	0	1	1	155	1167419
1444473278	44	36	33	41	4	4	6	5	5	3	1	1	0	2	0	4.941538	0.621629	0.623054	0.618777	1.530330	5.500000	8.000000	3.372187	3.297588	3.222989	0	0	1	1	155	1164650
1444473280	43	49	44	35	9	3	3	3	4	6	0	0	0	0	0	4.943151	0.623054	0.623054	0.617351	1.531942	5.500000	8.000000	3.366870	3.292295	3.217722	0	0	1	1	155	1168550
1444473281	27	39	37	45	5	4	3	5	1	4	1	0	0	0	0	4.944762	0.620203	0.623054	0.617351	1.531136	5.500000	8.000000	3.361560	3.324284	3.212459	0	0	1	1	155	1167429
1444473282	37	45	29	33	7	3	2	4	6	2	0	0	0	0	0	4.943151	0.621629	0.623054	0.617351	1.531136	5.500000	8.000000	3.329584	3.292295	3.217722	0	0	1	1	155	1164692
1444473283	47	35	43	38	6	2	2	5	0	5	1	0	0	0	0	4.941538	0.623054	0.611648	0.614500	1.528718	5.500000	8.000000	3.334888	3.222989	3.111092	0	0	1	1	155	1167405
1444473284	27	38	41	41	4	1	1	3	10	4	0	1	0	0	0	4.941538	0.623054	0.621629	0.618777	1.531136	5.500000	8.000000	3.372187	3.334888	3.222989	0	0	1	1	155	1167429
1444473286	33	35	38	35	5	2	0	3	6	3	0	0	0	1	0	4.943151	0.623054	0.621629	0.617351	1.530330	5.500000	8.000000	3.366870	3.329584	3.180435	0	0	1	1	156	1164659
1444473287	30	34	28	36	1	3	3	1	4	3	0	0	0	0	0	4.943151	0.623054	0.621629	0.617351	1.530330	5.500000	8.000000	3.366870	3.329584	3.180435	0	0	1	1	155	1167404
1444473288	41	41	39	38	6	7	2	3	7	4	1	1	1	0	0	4.943151	0.624480	0.620203	0.614500	1.530330	5.500000	8.000000	3.366870	3.329584	3.217722	0	0	1	1	155	1167428
1444473289	40	44	35	42	5	5	3	2	7	6	0	1	1	0	0	4.943151	0.620203	0.621629	0.618777	1.529524	5.500000	8.000000	3.180435	3.217722	3.143148	0	0	1	1	155	1167429
1444473290	45	33	41	37	2	5	1	5	3	5	0	0	0	1	0	4.941538	0.620203	0.620203	0.617351	1.528718	5.500000	8.000000	3.260288	3.260288	3.222989	0	0	1	1	155	1164675
1444473292	43	36	33	37	4	0	5	2	5	3	0	0	0	1	0	4.943151	0.620203	0.620203	0.617351	1.529524	5.500000	8.000000	3.292295	3.217722	3.217722	0	0	1	1	155	1168645
1444473293	37	25	53	31	1	3	3	5	3	4	0	0	0	1	0	4.939927	0.620203	0.620203	0.617351	1.529524	5.500000	8.000000	3.302881	3.265570	3.228258	0	0	1	1	155	1167419
1444473294	27	27	50	35	1	2	1	0	1	7	0	0	0	0	0	4.941538	0.620203	0.618777	0.615926	1.530330	5.500000	8.000000	3.297588	3.222989	3.222989	0	0	1	1	155	1164648
1444473295	35	42	42	46	5	2	1	6	6	1	0	0	0	0	0	4.941538	0.618777	0.618777	0.617351	1.528718	5.500000	8.000000	3.260288	3.222989	3.185690	0	0	1	1	155	1167394
1444473296	38	39	36	42	6	1	2	3	2	2	0	0	0	0	0	4.943151	0.620203	0.620203	0.617351	1.527912	5.500000	8.000000	3.292295	3.255009	3.217722	0	0	1	1	155	1167418
1444473298	32	32	40	39	0	1	2	3	1	7	0	0	1	0	0	4.943151	0.620203	0.620203	0.618777	1.528718	5.500000	8.000000	3.292295	3.255009	3.217722	0	0	1	1	155	1164646
1444473299	32	41	31	36	4	3	1	5	5	6	3	1	1	1	1	4.941538	0.620203	0.620203	0.617351	1.527912	5.500000	8.000000	3.297588	3.260288	3.185690	0	0	1	1	155	1167397
1444473300	36	42	38	38	5	0	2	2	6	3	0	1	0	0	0	4.943151	0.621629	0.620203	0.614500	1.528718	5.500000	8.000000	3.292295	3.255009	3.143148	0	0	1	1	155	1167419
1444473301	42	40	39	42	6	4	2	7	7	6	1	0	0	0	0	4.941538	0.621629	0.618777	0.615926	1.528718	5.500000	8.000000	3.297588	3.260288	3.073790	0	0	1	1	155	1167419
1444473302	29	34	41	32	3	1	1	3	2	5	0	0	0	0	0	4.941538	0.623054	0.620203	0.617351	1.529524	5.500000	8.000000	3.260288	3.185690	3.111092	0	0	1	1	155	1164656
1444473304	30	46	34	38	3	4	2	4	6	5	0	0	0	0	0	4.944762	0.620203	0.620203	0.615926	1.527912	5.500000	8.000000	3.287008	3.249733	3.137910	0	0	1	1	155	1168550
1444473305	42	28	26	43	4	3	1	0	2	7	0	0	0	0	0	4.943151	0.621629	0.618777	0.613074	1.528718	5.500000	8.000000	3.329584	3.217722	3.105860	0	0	1	1	155	1167429
1444473306	37	31	49	36	6	6	3	8	5	7	3	0	1	1	0	4.943151	0.620203	0.615926	0.614500	1.528718	5.500000	8.000000	3.329584	3.180435	3.105860	0	0	1	1	155	1164654
1444473307	31	43	38	38	4	3	3	6	5	7	0	0	1	2	0	4.944762	0.618777	0.617351	0.614500	1.528718	5.500000	8.000000	3.100634	3.063358	3.063358	0	0	1	1	155	1167404
1444473308	34	35	35	40	1	2	2	2	1	4	0	0	0	0	0	4.941538	0.618777	0.617351	0.615926	1.527106	5.500000	8.000000	3.222989	3.185690	3.148391	0	0	1	1	155	1167428
1444473310	44	43	35	43	7	2	7	3	5	7	0	0	0	1	0	4.943151	0.618777	0.617351	0.615926	1.527912	5.500000	8.000000	3.255009	3.180435	3.143148	0	0	1	1	155	1164658
1444473311	37	39	36	38	7	3	3	1	3	6	0	0	0	0	0	4.944762	0.618777	0.617351	0.614500	1.527106	5.500000	8.000000	3.212459	3.175185	3.137910	0	0	1	1	155	1167405
1444473312	36	36	35	40	6	2	3	4	2	5	0	0	0	0	0	4.941538	0.618777	0.617351	0.614500	1.526300	5.500000	8.000000	3.222989	3.222989	3.111092	0	0	1	1	155	1167429
1444473313	43	29	33	39	4	3	4	2	2	4	0	1	2	0	0	4.943151	0.617351	0.617351	0.615926	1.527912	5.500000	8.000000	3.255009	3.180435	3.105860	0	0	1	1	155	1167429
1444473314	30	45	35	60	3	1	6	7	12	8	0	3	0	2	0	4.943151	0.618777	0.618777	0.613074	1.527106	5.500000	8.000000	3.255009	3.180435	3.068572	0	0	1	1	155	1164654
1444473316	34	46	45	29	5	5	2	4	5	0	1	0	0	0	0	4.943151	0.617351	0.615926	0.613074	1.527106	5.500000	8.000000	3.255009	3.180435	3.068572	0	0	1	1	156	1168562
1444473317	32	41	37	25	6	1	0	3	2	6	0	0	0	0	0	4.943151	0.618777	0.617351	0.613074	1.527106	5.500000	8.000000	3.217722	3.180435	3.068572	0	0	1	1	155	1167414
1444473318	42	33	38	34	3	4	1	6	3	4	0	0	1	0	0	4.939927	0.615926	0.614500	0.610223	1.525495	5.500000	8.000000	3.190947	3.190947	3.116324	0	0	1	1	155	1164650
1444473319	45	36	42	42	6	2	3	3	6	3	0	0	0	0	0	4.943151	0.618777	0.617351	0.608797	1.527106	5.500000	8.000000	3.217722	3.105860	3.068572	0	0	1	1	155	1167392
1444473320	42	38	40	30	3	4	2	1	3	6	0	0	0	0	0	4.944762	0.618777	0.617351	0.611648	1.527106	5.500000	8.000000	3.249733	3.212459	3.063358	0	0	1	1	155	1167419
1444473322	44	37	44	38	8	6	0	2	2	5	1	0	0	0	0	4.943151	0.618777	0.617351	0.613074	1.527106	5.500000	8.000000	3.255009	3.180435	3.105860	0	0	1	1	155	1164648
1444473323	35	34	33	36	6	4	3	6	1	6	1	1	1	1	1	4.941538	0.620203	0.614500	0.611648	1.525495	5.500000	8.000000	3.222989	3.111092	3.073790	0	0	1	1	155	1167394
1444473324	27	33	32	39	4	1	3	0	3	3	0	0	0	0	0	4.943151	0.610223	0.614500	0.610223	1.525495	5.500000	8.000000	3.143148	3.068572	2.993999	0	0	1	1	155	1167419
1444473325	40	34	34	45	3	5	3	2	7	9	1	1	0	1	0	4.941538	0.615926	0.614500	0.613074	1.526300	5.500000	8.000000	3.111092	3.073790	3.073790	0	0	1	1	155	1164648
1444473326	37	32	37	35	2	2	1	4	2	2	0	0	0	0	0	4.941538	0.617351	0.614500	0.614500	1.525495	5.500000	8.000000	3.222989	3.111092	3.111092	0	0	1	1	155	1167395
1444473328	41	47	46	31	2	4	5	4	4	6	0	0	0	0	0	4.944762	0.614500	0.614500	0.611648	1.526300	5.500000	8.000000	3.175185	3.137910	2.988808	0	0	1	1	155	1152612
1444473329	47	38	39	43	7	3	1	4	5	6	0	0	0	2	0	4.943151	0.615926	0.617351	0.613074	1.526300	5.500000	8.000000	3.143148	3.105860	3.068572	0	0	1	1	155	1167393
1444473330	41	38	38	41	2	4	1	2	4	4	0	0	0	0	0	4.938315	0.617351	0.614500	0.611648	1.524689	5.500000	8.000000	3.196208	3.158885	3.121561	0	0	1	1	155	1164668
1444473331	35	37	37	49	3	6	4	3	11	7	0	0	1	0	0	4.941538	0.610223	0.608797	0.615926	1.525495	5.500000	8.000000	3.111092	3.111092	2.999192	0	0	1	1	155	1167405
1444473332	32	35	33	34	4	0	1	1	2	7	0	0	0	0	0	4.943151	0.614500	0.614500	0.610223	1.525495	5.500000	8.000000	3.180435	3.031285	2.993999	0	0	1	1	156	1167450
1444473334	30	36	40	44	4	2	3	3	8	3	0	0	1	0	0	4.943151	0.615926	0.614500	0.608797	1.525495	5.500000	8.000000	3.217722	3.031285	2.993999	0	0	1	1	155	1164665
1444473335	38	33	45	43	5	3	1	7	6	8	1	0	0	1	0	4.941538	0.615926	0.614500	0.610223	1.524689	5.500000	8.000000	3.185690	3.148391	3.036491	0	0	1	1	155	1167404
1444473336	29	32	38	36	4	3	1	3	4	7	0	0	0	1	0	4.931868	0.614500	0.614500	0.610223	1.524689	5.500000	8.000000	3.179913	3.142540	3.067794	0	0	1	1	155	1167428
1444473337	32	40	41	46	4	2	2	0	5	6	0	0	0	0	0	4.939927	0.614500	0.614500	0.608797	1.524689	5.500000	8.000000	3.153636	3.153636	3.004389	0	0	1	1	155	1164657
1444473338	33	37	36	27	3	3	2	1	3	5	0	0	0	0	0	4.943151	0.614500	0.608797	0.607371	1.524689	5.500000	8.000000	3.105860	3.143148	3.031285	0	0	1	1	155	1167401
1444473340	38	33	31	46	3	2	1	5	4	8	0	0	0	0	0	4.943151	0.614500	0.613074	0.610223	1.524689	5.500000	8.000000	3.105860	3.068572	2.993999	0	0	1	1	155	1168564
1444473341	41	25	22	37	4	2	2	2	0	4	1	0	0	0	0	4.939927	0.613074	0.611648	0.611648	1.523883	5.500000	8.000000	3.153636	3.079011	3.079011	0	0	1	1	155	1167421
1444473342	44	41	46	36	4	3	2	4	4	4	0	0	0	0	0	4.943151	0.614500	0.613074	0.610223	1.524689	5.500000	8.000000	3.105860	3.068572	2.993999	0	0	1	1	155	1164646
1444473343	44	37	29	43	5	2	3	3	8	4	0	0	0	0	0	4.943151	0.613074	0.607371	0.605945	1.524689	5.500000	8.000000	3.105860	3.068572	2.956710	0	0	1	1	155	1167395
1444473344	35	43	34	36	4	2	2	5	4	2	0	0	0	0	0	4.943151	0.613074	0.610223	0.610223	1.523883	5.500000	8.000000	3.105860	3.105860	3.031285	0	0	1	1	155	1167419
1444473346	37	27	19	30	2	3	3	1	1	1	0	0	0	1	0	4.943151	0.614500	0.613074	0.610223	1.523077	5.500000	8.000000	3.105860	3.068572	3.031285	0	0	1	1	155	1164593
1444473347	40	30	32	31	4	2	5	3	4	5	1	1	0	1	0	4.943151	0.613074	0.611648	0.607371	1.523883	5.500000	8.000000	3.105860	3.031285	2.956710	0	0	1	1	155	1167395
1444473348	39	46	40	37	8	2	6	5	6	4	0	1	1	0	0	4.943151	0.613074	0.611648	0.608797	1.523077	5.500000	8.000000	3.105860	3.068572	2.956710	0	0	1	1	155	1167419
1444473349	37	39	40	33	3	1	1	4	3	5	0	0	0	0	0	4.941538	0.614500	0.611648	0.607371	1.523883	5.500000	8.000000	3.111092	3.036491	2.812695	0	0	1	1	155	1194512
1444473350	55	41	33	38	5	4	1	1	3	5	0	0	0	1	0	4.943151	0.611648	0.613074	0.607371	1.523077	5.500000	8.000000	3.068572	3.068572	2.956710	0	0	1	1	155	1167394
1444473352	36	29	31	33	1	1	2	1	4	4	0	0	0	1	0	4.943151	0.614500	0.613074	0.607371	1.523883	5.500000	8.000000	3.105860	3.068572	2.956710	0	0	1	1	155	1168577
1444473353	29	31	36	36	3	1	1	2	3	6	0	0	1	1	0	4.943151	0.611648	0.613074	0.608797	1.523883	5.500000	8.000000	3.068572	3.068572	2.993999	0	0	1	1	155	1167428
1444473354	37	35	32	37	3	2	3	3	7	2	0	1	0	0	0	4.943151	0.611648	0.613074	0.607371	1.523077	5.500000	8.000000	3.031285	3.068572	2.956710	0	0	1	1	155	1170199
1444473355	29	43	33	39	2	2	1	3	4	5	0	0	0	0	0	4.939927	0.611648	0.613074	0.607371	1.522271	5.500000	8.000000	3.079011	3.079011	2.967077	0	0	1	1	155	1167407
1444473356	29	41	30	31	3	5	1	3	2	5	0	0	1	0	0	4.941538	0.611648	0.611648	0.607371	1.523077	5.500000	8.000000	3.073790	3.073790	2.961893	0	0	1	1	155	1167429
1444473358	36	39	37	28	4	1	3	5	5	7	0	0	0	1	0	4.943151	0.605945	0.604520	0.610223	1.523077	5.500000	8.000000	3.068572	2.993999	2.956710	0	0	1	1	155	1164660
1444473359	34	29	31	44	3	1	2	2	7	3	0	0	0	1	0	4.939927	0.610223	0.608797	0.608797	1.522271	5.500000	8.000000	3.079011	2.967077	2.855143	0	0	1	1	155	1167404
1444473360	42	26	47	51	3	1	3	3	3	11	0	0	0	0	0	4.943151	0.610223	0.608797	0.607371	1.522271	5.250000	8.000000	3.031285	2.993999	2.956710	0	0	1	1	155	1167428
1444473361	32	43	42	40	4	1	1	5	4	4	0	0	0	0	0	4.941538	0.611648	0.610223	0.608797	1.522271	5.500000	8.000000	3.073790	2.999192	2.961893	0	0	1	1	156	1164686
1444473362	35	34	35	37	2	1	1	3	3	6	0	0	0	0	0	4.939927	0.611648	0.610223	0.608797	1.520659	5.250000	8.000000	3.079011	3.041700	2.967077	0	0	1	1	155	1167399
1444473364	38	34	21	27	7	4	1	2	4	2	1	0	0	0	0	4.946374	0.610223	0.607371	0.605945	1.522271	5.250000	8.000000	3.058148	2.983622	2.946360	0	0	1	1	155	1168564
1444473365	37	37	41	44	5	2	1	5	5	4	1	0	0	0	0	4.944762	0.611648	0.610223	0.605945	1.522271	5.250000	8.000000	3.026083	3.026083	2.839707	0	0	1	1	155	1167419
1444473366	31	40	32	39	0	0	2	4	3	3	0	0	0	0	0	4.943151	0.611648	0.610223	0.604520	1.521465	5.250000	8.000000	3.068572	3.031285	2.882135	0	0	1	1	155	1164659
1444473367	29	41	33	48	1	3	3	3	3	3	0	0	0	1	0	4.941538	0.610223	0.610223	0.605945	1.521465	5.250000	8.000000	3.036491	2.999192	2.887293	0	0	1	1	155	1167395
1444473368	34	33	39	39	4	1	4	4	3	7	0	0	0	1	0	4.941538	0.610223	0.610223	0.605945	1.520659	5.250000	8.000000	2.999192	2.999192	2.887293	0	0	1	1	155	1167419
1444473370	35	32	31	28	5	2	3	2	3	3	0	0	1	0	0	4.943151	0.610223	0.610223	0.604520	1.520659	5.250000	8.000000	3.068572	2.993999	2.882135	0	0	1	1	155	1164638
1444473371	32	48	39	39	1	2	3	5	4	7	0	0	0	1	0	4.941538	0.611648	0.608797	0.605945	1.520659	5.250000	8.000000	3.073790	3.036491	2.812695	0	0	1	1	155	1167395
1444473372	44	24	43	27	5	3	1	1	4	3	1	1	0	0	0	4.941538	0.608797	0.610223	0.605945	1.521465	5.250000	8.000000	2.999192	2.961893	2.924594	0	0	1	1	155	1167422
1444473373	47	48	35	32	8	5	4	6	5	2	1	0	0	0	0	4.943151	0.608797	0.608797	0.598817	1.519048	5.250000	8.000000	3.105860	3.031285	2.882135	0	0	1	1	155	1175234
1444473374	40	35	27	43	6	5	4	2	8	4	2	1	0	0	0	4.941538	0.608797	0.608797	0.605945	1.520659	5.250000	8.000000	2.999192	2.924594	2.924594	0	0	1	1	155	1167394
1444473376	35	33	41	46	1	1	3	2	7	9	0	0	0	0	0	4.939927	0.608797	0.608797	0.605945	1.520659	5.250000	7.500000	2.967077	2.929766	2.892454	0	0	1	1	155	1168574
1444473377	29	32	41	40	2	4	0	3	6	8	0	0	0	1	0	4.943151	0.608797	0.607371	0.605945	1.520659	5.250000	8.000000	2.993999	2.956710	2.882135	0	0	1	1	155	1164658
1444473378	38	42	30	37	3	2	5	4	6	6	1	1	1	2	1	4.943151	0.608797	0.607371	0.605945	1.520659	5.250000	7.500000	2.993999	2.919423	2.919423	0	0	1	1	155	1167404
1444473379	37	48	47	43	4	3	3	4	6	8	1	0	1	0	0	4.943151	0.607371	0.607371	0.605945	1.520659	5.250000	7.500000	2.993999	2.919423	2.919423	0	0	1	1	155	1167429
1444473380	37	40	38	36	4	5	2	7	3	4	2	0	1	1	0	4.943151	0.608797	0.605945	0.604520	1.520659	5.250000	7.500000	2.993999	2.956710	2.882135	0	0	1	1	155	1167429
1444473382	41	45	37	29	3	4	0	2	3	6	0	0	0	0	0	4.944762	0.608797	0.607371	0.605945	1.520659	5.250000	7.500000	2.988808	2.914259	2.876983	0	0	1	1	155	1164680
1444473383	31	31	41	44	4	3	3	3	3	6	0	0	1	1	0	4.943151	0.608797	0.607371	0.605945	1.519854	5.250000	7.500000	2.993999	2.919423	2.882135	0	0	1	1	155	1167404
1444473384	26	34	51	44	2	1	1	4	2	9	0	0	0	0	0	4.941538	0.610223	0.604520	0.601668	1.519854	5.250000	7.500000	2.961893	2.999192	2.887293	0	0	1	1	155	1167428
1444473385	30	41	46	36	4	2	1	2	6	6	0	1	0	1	0	4.941538	0.608797	0.607371	0.605945	1.519854	5.250000	7.500000	2.887293	2.887293	2.887293	0	0	1	1	155	1164658
1444473386	39	31	34	34	3	2	3	2	3	4	0	0	0	0	0	4.941538	0.605945	0.605945	0.603094	1.519854	5.250000	7.500000	3.036491	2.924594	2.849994	0	0	1	1	155	1167399
1444473388	42	29	47	39	3	4	0	2	2	8	0	0	0	0	0	4.943151	0.608797	0.607371	0.603094	1.520659	5.250000	7.500000	2.919423	2.882135	2.844848	0	0	1	1	155	1168565
1444473389	42	41	36	44	8	4	7	2	9	4	2	2	0	0	0	4.939927	0.608797	0.607371	0.603094	1.518242	5.250000	7.500000	3.004389	2.929766	2.817832	0	0	1	1	155	1164647
1444473390	39	34	48	47	4	3	2	3	4	6	0	0	0	0	0	4.941538	0.607371	0.608797	0.603094	1.519048	5.250000	7.500000	2.924594	2.961893	2.812695	0	0	1	1	155	1167395
1444473391	32	47	43	42	7	1	1	5	4	7	1	0	0	0	0	4.943151	0.607371	0.604520	0.603094	1.519854	5.250000	7.500000	2.919423	2.882135	2.732988	0	0	1	1	155	1167419
1444473392	41	40	34	41	5	3	4	6	5	3	1	0	0	0	0	4.943151	0.607371	0.604520	0.604520	1.519854	5.250000	7.500000	2.882135	2.882135	2.844848	0	0	1	1	155	1167419
1444473394	43	52	39	27	6	4	1	4	5	2	1	0	0	0	0	4.944762	0.605945	0.604520	0.603094	1.519048	5.250000	7.500000	2.914259	2.876983	2.839707	0	0	1	1	155	1164637
1444473395	32	35	38	38	5	4	2	2	3	8	0	0	1	0	0	4.936703	0.610223	0.603094	0.603094	1.517436	5.250000	7.500000	2.940120	2.865448	2.828112	0	0	1	1	155	1167394
1444473396	39	40	30	47	8	0	1	2	6	5	0	0	0	0	0	4.943151	0.605945	0.603094	0.603094	1.519048	5.250000	7.500000	2.844848	2.844848	2.770275	0	0	1	1	155	1167419
1444473397	32	44	40	38	7	4	2	4	5	2	1	1	0	0	0	4.943151	0.605945	0.604520	0.603094	1.519048	5.250000	7.500000	2.844848	2.807562	2.844848	0	0	1	1	155	1164669
1444473398	44	37	42	36	3	4	4	4	2	6	1	0	1	0	0	4.943151	0.605945	0.605945	0.600242	1.517436	5.250000	7.500000	2.882135	2.844848	2.695701	0	0	1	1	155	1167395
1444473400	43	43	40	40	9	1	3	4	5	5	0	0	0	1	0	4.939927	0.607371	0.604520	0.603094	1.518242	5.250000	7.500000	2.929766	2.892454	2.817832	0	0	1	1	155	1168575
1444473401	40	40	29	38	3	3	1	4	4	3	1	0	0	0	0	4.943151	0.605945	0.605945	0.600242	1.518242	5.250000	7.500000	2.919423	2.882135	2.770275	0	0	1	1	155	1164659
1444473402	35	32	47	30	3	3	3	2	2	4	0	1	1	0	0	4.944762	0.604520	0.604520	0.601668	1.518242	5.250000	7.500000	2.914259	2.876983	2.765158	0	0	1	1	155	1167404
1444473403	35	31	53	37	2	3	5	4	4	7	0	1	0	1	0	4.943151	0.605945	0.604520	0.598817	1.518242	5.250000	7.500000	2.919423	2.882135	2.770275	0	0	1	1	155	1167426
1444473404	44	31	33	34	5	1	5	3	1	3	0	2	0	0	0	4.943151	0.605945	0.604520	0.600242	1.518242	5.250000	7.500000	2.919423	2.882135	2.770275	0	0	1	1	155	1167428
1444473406	38	35	39	39	4	2	2	4	3	7	0	0	0	0	0	4.943151	0.605945	0.605945	0.600242	1.518242	5.250000	7.500000	2.919423	2.844848	2.770275	0	0	1	1	155	1164662
1444473407	48	34	24	26	6	3	2	0	2	1	0	0	0	0	0	4.943151	0.605945	0.604520	0.601668	1.517436	5.250000	7.500000	2.919423	2.882135	2.770275	0	0	1	1	155	1167404
1444473408	31	31	40	37	4	4	1	1	1	6	0	0	0	0	0	4.941538	0.604520	0.604520	0.600242	1.517436	5.250000	7.500000	2.849994	2.775396	2.738097	0	0	1	1	155	1167429
1444473409	33	27	35	38	3	1	2	1	3	4	0	0	0	0	0	4.943151	0.605945	0.605945	0.600242	1.516630	5.250000	7.500000	2.919423	2.882135	2.770275	0	0	1	1	155	1164644
1444473410	37	33	46	36	3	6	4	4	6	4	1	1	1	2	1	4.941538	0.604520	0.605945	0.600242	1.516630	5.250000	7.500000	2.924594	2.887293	2.738097	0	0	1	1	155	1167400
1444473412	34	45	44	43	3	5	1	4	6	8	0	1	0	1	0	4.941538	0.603094	0.601668	0.600242	1.517436	5.250000	7.500000	2.849994	2.812695	2.775396	0	0	1	1	155	1168565
1444473413	34	36	27	43	3	2	2	2	3	5	0	0	0	0	0	4.944762	0.604520	0.600242	0.597391	1.518242	5.250000	7.500000	2.765158	2.802433	2.765158	0	0	1	1	155	1192317
1444473414	48	37	45	44	3	2	3	2	5	3	0	0	0	1	0	4.943151	0.603094	0.601668	0.600242	1.516630	5.250000	7.500000	2.844848	2.807562	2.770275	0	0	1	1	155	1167394
1444473415	39	23	43	44	4	1	2	1	5	10	0	1	0	1	0	4.944762	0.603094	0.601668	0.601668	1.517436	5.250000	7.500000	2.839707	2.839707	2.765158	0	0	1	1	155	1167422
1444473416	33	33	32	33	2	2	3	3	3	6	0	1	0	0	0	4.938315	0.603094	0.601668	0.601668	1.516630	5.250000	7.500000	2.897617	2.822969	2.822969	0	0	1	1	156	1164710
1444473418	37	39	41	39	6	0	0	3	8	7	0	0	0	1	0	4.941538	0.604520	0.603094	0.598817	1.516630	5.250000	7.500000	2.887293	2.812695	2.775396	0	0	1	1	155	1167395
1444473419	26	27	45	27	3	2	1	4	1	6	0	0	0	0	0	4.944762	0.605945	0.604520	0.597391	1.517436	5.250000	7.500000	2.876983	2.839707	2.578783	0	0	1	1	155	1167419
1444473420	30	45	40	46	2	4	3	4	5	4	0	0	0	0	0	4.943151	0.603094	0.601668	0.597391	1.516630	5.250000	7.500000	2.882135	2.807562	2.695701	0	0	1	1	155	1167419
1444473421	31	37	49	34	2	3	1	3	4	0	0	0	0	0	0	4.943151	0.603094	0.601668	0.597391	1.516630	5.250000	7.500000	2.882135	2.770275	2.695701	0	0	1	1	155	1176681
1444473422	49	41	39	37	12	4	4	1	1	5	0	0	1	0	0	4.941538	0.604520	0.603094	0.600242	1.515824	5.250000	7.500000	2.887293	2.812695	2.738097	0	0	1	1	155	1167395
1444473424	36	30	39	39	2	1	2	4	4	5	0	1	0	1	0	4.944762	0.604520	0.601668	0.598817	1.515824	5.250000	7.500000	2.876983	2.839707	2.690610	0	0	1	1	156	1168596
1444473425	42	45	42	43	6	4	3	6	3	8	0	0	0	0	0	4.943151	0.600242	0.607371	0.598817	1.515018	5.250000	7.500000	2.844848	2.807562	2.695701	0	0	1	1	155	1164648
1444473426	28	30	38	37	3	2	4	4	3	4	0	0	0	0	0	4.944762	0.603094	0.603094	0.597391	1.515824	5.250000	7.500000	2.839707	2.727884	2.690610	0	0	1	1	155	1167405
1444473427	32	32	36	43	1	3	1	2	3	6	0	0	0	0	0	4.944762	0.603094	0.601668	0.598817	1.515018	5.250000	7.500000	2.876983	2.802433	2.727884	0	0	1	1	155	1167429
1444473428	38	33	41	44	2	5	3	3	6	6	0	0	1	0	0	4.943151	0.604520	0.603094	0.597391	1.515018	5.250000	7.500000	2.844848	2.807562	2.695701	0	0	1	1	155	1164687
1444473430	36	40	40	41	3	3	2	8	4	2	1	0	0	1	0	4.933480	0.601668	0.600242	0.598817	1.514213	5.250000	7.500000	2.838407	2.801046	2.763687	0	0	1	1	155	1167404
1444473431	49	36	40	39	4	2	5	4	2	4	0	0	0	0	0	4.943151	0.603094	0.603094	0.598817	1.515018	5.250000	7.500000	2.807562	2.658413	2.844848	0	0	1	1	155	1167428
1444473432	34	34	23	35	5	2	3	2	3	0	0	1	0	0	0	4.944762	0.600242	0.601668	0.598817	1.515018	5.250000	7.500000	2.802433	2.727884	2.727884	0	0	1	1	155	1167428
1444473433	34	33	37	37	4	2	1	2	4	3	0	0	0	0	0	4.943151	0.601668	0.600242	0.598817	1.515018	5.250000	7.500000	2.770275	2.732988	2.732988	0	0	1	1	155	1164652
1444473434	46	51	40	39	7	3	4	7	5	3	1	1	0	0	0	4.939927	0.603094	0.600242	0.597391	1.514213	5.250000	7.500000	2.817832	2.780520	2.743209	0	0	1	1	155	1167400
1444473436	38	29	45	26	2	2	1	2	0	4	0	0	0	0	0	4.943151	0.603094	0.600242	0.598817	1.514213	5.250000	7.500000	2.807562	2.732988	2.695701	0	0	1	1	155	1168565
1444473437	47	43	34	35	6	1	1	3	5	4	0	1	0	0	0	4.941538	0.601668	0.600242	0.595965	1.514213	5.250000	7.500000	2.812695	2.775396	2.626200	0	0	1	1	155	1164681
1444473438	46	32	44	41	6	4	5	4	3	7	1	1	1	0	0	4.943151	0.601668	0.601668	0.597391	1.514213	5.250000	7.500000	2.807562	2.732988	2.621126	0	0	1	1	155	1167392
1444473439	34	37	31	39	2	1	1	3	4	4	0	1	0	0	0	4.943151	0.601668	0.600242	0.597391	1.513407	5.250000	7.500000	2.770275	2.770275	2.658413	0	0	1	1	155	1167419
1444473440	43	39	35	36	6	4	2	4	4	2	0	1	0	0	0	4.941538	0.603094	0.600242	0.595965	1.514213	5.250000	7.500000	2.812695	2.738097	2.663499	0	0	1	1	155	1164640
1444473442	45	30	23	36	6	0	1	3	3	3	0	0	0	0	0	4.943151	0.601668	0.600242	0.595965	1.514213	5.250000	7.500000	2.807562	2.732988	2.621126	0	0	1	1	155	1167394
1444473443	39	40	34	25	3	2	2	3	1	3	0	0	0	0	0	4.944762	0.603094	0.600242	0.595965	1.514213	5.250000	7.500000	2.765158	2.578783	2.578783	0	0	1	1	155	1167418
1444473444	52	43	47	45	6	7	2	6	6	5	2	0	0	1	0	4.943151	0.601668	0.600242	0.595965	1.513407	5.250000	7.500000	2.770275	2.770275	2.658413	0	0	1	1	155	1167419
1444473445	31	39	37	37	4	3	1	1	1	5	0	0	0	0	0	4.941538	0.598817	0.600242	0.595965	1.514213	5.250000	7.500000	2.738097	2.775396	2.626200	0	0	1	1	155	1164646
1444473446	34	29	30	47	2	1	2	3	4	4	0	0	0	1	0	4.941538	0.600242	0.600242	0.595965	1.512601	5.250000	7.500000	2.812695	2.775396	2.663499	0	0	1	1	155	1167395
1444473448	35	39	32	35	3	1	3	1	5	4	0	1	1	0	0	4.944762	0.597391	0.600242	0.595965	1.513407	5.250000	7.500000	2.727884	2.765158	2.616058	0	0	1	1	155	1168575
1444473449	28	33	38	34	2	1	1	4	4	5	1	1	1	2	1	4.941538	0.598817	0.600242	0.594539	1.510989	5.250000	7.500000	2.700798	2.775396	2.626200	0	0	1	1	155	1164646
1444473450	41	37	36	28	8	2	3	3	3	3	0	1	1	0	0	4.943151	0.598817	0.600242	0.594539	1.513407	5.250000	7.500000	2.732988	2.732988	2.658413	0	0	1	1	155	1167404
1444473451	40	41	41	29	4	3	1	4	4	4	0	1	0	0	0	4.943151	0.600242	0.600242	0.595965	1.512601	5.250000	7.500000	2.732988	2.732988	2.658413	0	0	1	1	155	1167431
1444473452	31	29	37	29	3	3	1	3	1	7	0	1	0	0	0	4.943151	0.600242	0.597391	0.595965	1.512601	5.250000	7.500000	2.732988	2.695701	2.658413	0	0	1	1	155	1164660
1444473454	33	32	38	48	1	1	1	3	8	6	0	0	0	0	0	4.943151	0.600242	0.595965	0.594539	1.512601	5.250000	7.500000	2.732988	2.695701	2.621126	0	0	1	1	155	1167404
1444473455	30	39	31	32	5	1	2	4	3	7	1	1	0	0	0	4.939927	0.598817	0.597391	0.591688	1.512601	5.250000	7.500000	2.668584	2.593963	2.519340	0	0	1	1	155	1167428
1444473456	38	45	42	35	7	2	3	4	3	8	0	1	0	0	0	4.944762	0.598817	0.597391	0.591688	1.512601	5.250000	7.500000	2.765158	2.690610	2.578783	0	0	1	1	155	1164666
1444473457	35	25	37	38	4	2	2	3	1	3	0	0	0	0	0	4.943151	0.598817	0.597391	0.593114	1.512601	5.250000	7.500000	2.732988	2.695701	2.583840	0	0	1	1	155	1167405
1444473458	44	49	34	49	9	3	3	2	5	5	1	2	0	0	0	4.939927	0.600242	0.597391	0.593114	1.510989	5.250000	7.500000	2.780520	2.705897	2.593963	0	0	1	1	155	1167424
1444473460	27	32	39	36	2	0	1	2	3	5	0	0	0	0	0	4.943151	0.598817	0.597391	0.591688	1.509377	5.000000	7.500000	2.770275	2.658413	2.583840	0	0	1	1	155	1168562
1444473461	35	36	47	33	1	6	0	3	5	5	0	0	0	1	0	4.944762	0.600242	0.595965	0.593114	1.512601	5.250000	7.500000	2.765158	2.690610	2.392408	0	0	1	1	155	1164647
1444473462	33	38	39	35	5	2	3	3	9	4	0	1	0	0	0	4.943151	0.598817	0.597391	0.593114	1.510989	5.250000	7.500000	2.732988	2.695701	2.546553	0	0	1	1	155	1167395
1444473463	41	34	37	39	4	5	3	3	5	3	0	2	0	1	0	4.941538	0.598817	0.597391	0.594539	1.511795	5.250000	7.500000	2.738097	2.700798	2.588901	0	0	1	1	155	1167419
1444473464	37	29	32	37	2	3	1	1	1	4	0	0	0	1	0	4.938315	0.598817	0.597391	0.593114	1.510183	5.250000	7.500000	2.748323	2.711000	2.599029	0	0	1	1	155	1164649
1444473466	37	43	32	33	5	2	3	5	8	3	1	1	1	1	1	4.943151	0.600242	0.598817	0.593114	1.511795	5.250000	7.500000	2.732988	2.695701	2.546553	0	0	1	1	155	1167394
1444473467	44	40	36	39	6	1	2	1	5	5	0	1	0	0	0	4.944762	0.595965	0.597391	0.593114	1.512601	5.250000	7.500000	2.690610	2.653334	2.541509	0	0	1	1	155	1167418
1444473468	36	42	32	36	1	4	0	2	6	2	0	0	0	0	0	4.941538	0.597391	0.597391	0.594539	1.510989	5.250000	7.500000	2.663499	2.700798	2.588901	0	0	1	1	155	1164660
1444473469	34	38	39	43	2	4	2	4	8	3	0	0	0	1	0	4.943151	0.597391	0.597391	0.594539	1.511795	5.250000	7.500000	2.658413	2.732988	2.621126	0	0	1	1	155	1167395
1444473470	24	34	31	38	3	2	1	5	4	1	0	0	0	0	0	4.939927	0.597391	0.597391	0.594539	1.510183	5.250000	7.500000	2.705897	2.705897	2.593963	0	0	1	1	155	1167419
1444473472	40	34	37	36	5	2	2	3	5	5	0	1	0	0	0	4.939927	0.595965	0.595965	0.591688	1.510183	5.250000	7.500000	2.556652	2.705897	2.519340	0	0	1	1	155	1168572
1444473473	31	41	26	44	5	1	1	4	5	3	0	0	0	0	0	4.939927	0.597391	0.593114	0.594539	1.510989	5.250000	7.500000	2.668584	2.631274	2.593963	0	0	1	1	155	1164570
1444473474	39	51	38	42	4	2	4	1	4	3	1	0	1	0	0	4.944762	0.597391	0.595965	0.591688	1.510989	5.250000	7.500000	2.653334	2.616058	2.541509	0	0	1	1	155	1167404
1444473475	17	32	33	41	4	0	2	2	4	6	0	0	0	1	0	4.939927	0.595965	0.595965	0.591688	1.509377	5.250000	7.500000	2.705897	2.668584	2.519340	0	0	1	1	155	1167428
1444473476	32	49	33	35	4	0	2	4	4	2	0	0	0	0	0	4.939927	0.595965	0.594539	0.591688	1.510989	5.250000	7.500000	2.668584	2.631274	2.519340	0	0	1	1	155	1164788
1444473478	38	37	39	40	4	2	2	1	4	6	0	0	0	1	0	4.946374	0.595965	0.595965	0.591688	1.510183	5.000000	7.500000	2.685519	2.610994	2.424679	0	0	1	1	155	1167404
1444473479	31	41	39	50	4	1	3	0	4	8	0	0	0	0	0	4.941538	0.597391	0.595965	0.590262	1.509377	5.000000	7.500000	2.626200	2.626200	2.551601	0	0	1	1	155	1167426
1444473480	27	40	41	29	2	5	1	2	5	4	1	0	0	0	0	4.943151	0.594539	0.595965	0.590262	1.510183	5.250000	7.500000	2.695701	2.621126	2.434690	0	0	1	1	155	1164650
1444473481	39	39	43	40	2	4	5	3	5	5	0	0	0	1	0	4.943151	0.593114	0.593114	0.591688	1.510183	5.250000	7.500000	2.621126	2.621126	2.509266	0	0	1	1	155	1167407
1444473482	35	43	26	36	2	3	5	3	5	4	0	0	1	0	0	4.941538	0.595965	0.595965	0.591688	1.509377	5.000000	7.500000	2.700798	2.588901	2.514302	0	0	1	1	155	1167423
1444473484	38	44	38	30	6	3	2	5	3	2	1	0	1	0	0	4.949597	0.591688	0.593114	0.590262	1.510183	5.000000	7.500000	2.600875	2.563636	2.489160	0	0	1	1	155	1168564
1444473485	42	31	40	29	4	3	5	4	4	7	0	2	0	0	0	4.943151	0.594539	0.595965	0.591688	1.511795	5.250000	7.500000	2.546553	2.546553	2.509266	0	0	1	1	155	1164652
1444473486	42	44	24	36	6	2	1	0	3	3	0	0	1	0	0	4.943151	0.595965	0.595965	0.590262	1.510183	5.250000	7.500000	2.621126	2.621126	2.546553	0	0	1	1	155	1167395
1444473487	38	35	32	33	5	4	3	5	5	5	1	0	0	1	0	4.941538	0.593114	0.595965	0.590262	1.509377	5.000000	7.500000	2.626200	2.626200	2.514302	0	0	1	1	155	1167419
1444473488	29	20	37	32	5	0	1	1	1	5	0	0	0	0	0	4.941538	0.593114	0.595965	0.591688	1.509377	5.000000	7.500000	2.626200	2.663499	2.551601	0	0	1	1	155	1164651
1444473490	36	37	42	35	3	5	5	3	3	1	0	0	0	0	0	4.943151	0.594539	0.591688	0.591688	1.506154	5.000000	7.500000	2.621126	2.583840	2.471979	0	0	1	1	155	1167395
1444473491	26	45	41	45	6	4	3	4	7	8	0	1	1	1	0	4.943151	0.594539	0.591688	0.590262	1.509377	5.000000	7.500000	2.621126	2.546553	2.471979	0	0	1	1	155	1167419
1444473492	35	37	32	34	6	2	4	3	3	3	0	1	0	0	0	4.944762	0.594539	0.593114	0.591688	1.509377	5.000000	7.500000	2.578783	2.541509	2.429682	0	0	1	1	155	1164660
1444473493	34	27	36	25	3	0	1	1	2	3	0	0	0	0	0	4.944762	0.594539	0.594539	0.591688	1.509377	5.000000	7.500000	2.616058	2.541509	2.504235	0	0	1	1	155	1167397
1444473494	44	37	36	35	2	3	5	0	3	6	0	0	0	0	0	4.939927	0.595965	0.594539	0.590262	1.508572	5.000000	7.500000	2.668584	2.593963	2.482029	0	0	1	1	155	1167418
1444473496	32	26	32	40	3	2	3	1	4	3	0	0	0	0	0	4.943151	0.588836	0.587411	0.593114	1.508572	5.000000	7.500000	2.621126	2.546553	2.434690	0	0	1	1	155	1168574
1444473497	39	36	37	43	6	4	3	2	5	5	1	1	1	1	1	4.943151	0.591688	0.587411	0.590262	1.509377	5.000000	7.500000	2.621126	2.546553	2.434690	0	0	1	1	155	1164679
1444473498	41	30	38	42	5	2	4	4	7	4	1	1	1	1	1	4.943151	0.594539	0.593114	0.588836	1.508572	5.000000	7.500000	2.621126	2.583840	2.360116	0	0	1	1	155	1167404
1444473499	45	41	32	42	10	3	5	5	5	3	1	2	0	0	0	4.944762	0.594539	0.593114	0.590262	1.508572	5.000000	7.500000	2.578783	2.578783	2.466960	0	0	1	1	155	1167429
1444473500	38	32	48	34	8	4	2	3	2	4	0	0	0	0	0	4.943151	0.594539	0.591688	0.588836	1.508572	5.000000	7.500000	2.621126	2.546553	2.434690	0	0	1	1	156	1164687
1444473502	40	33	33	33	5	3	3	2	4	2	1	1	1	1	1	4.941538	0.594539	0.593114	0.588836	1.508572	5.000000	7.500000	2.551601	2.588901	2.439701	0	0	1	1	155	1167404
1444473503	36	36	40	33	5	1	5	1	1	2	0	0	0	0	0	4.943151	0.595965	0.591688	0.588836	1.507766	5.000000	7.500000	2.621126	2.434690	2.397403	0	0	1	1	155	1167428
1444473504	38	41	28	29	4	4	1	2	4	3	1	0	0	0	0	4.943151	0.594539	0.591688	0.588836	1.506960	5.000000	7.500000	2.658413	2.509266	2.360116	0	0	1	1	155	1164661
1444473505	42	35	31	35	9	2	1	3	4	7	1	1	0	0	0	4.939927	0.591688	0.594539	0.588836	1.507766	5.000000	7.500000	2.556652	2.593963	2.482029	0	0	1	1	155	1167405
1444473506	29	35	35	35	4	1	5	3	7	8	0	0	0	1	0	4.939927	0.591688	0.593114	0.588836	1.506960	5.000000	7.500000	2.556652	2.556652	2.482029	0	0	1	1	155	1167424
1444473508	40	37	41	41	7	4	2	3	3	7	3	1	0	0	0	4.943151	0.591688	0.590262	0.587411	1.507766	5.000000	7.500000	2.509266	2.509266	2.471979	0	0	1	1	155	1165798
1444473509	44	44	34	37	8	2	2	0	6	3	0	0	0	0	0	4.941538	0.588836	0.581708	0.587411	1.506154	5.000000	7.500000	2.514302	2.514302	2.514302	0	0	1	1	155	1167395
1444473510	35	39	37	36	3	3	4	5	3	4	0	0	0	1	0	4.941538	0.591688	0.590262	0.588836	1.506960	5.000000	7.500000	2.551601	2.477003	2.477003	0	0	1	1	155	1167419
1444473511	32	37	46	37	4	6	0	2	3	3	1	0	0	0	0	4.944762	0.591688	0.588836	0.588836	1.507766	5.000000	7.500000	2.541509	2.504235	2.429682	0	0	1	1	155	1167422
1444473512	23	43	34	35	3	1	3	4	2	2	0	1	1	0	0	4.943151	0.591688	0.591688	0.588836	1.506960	5.000000	7.500000	2.546553	2.434690	2.434690	0	0	1	1	155	1164683
1444473514	47	32	43	49	2	3	4	6	9	4	0	0	1	1	0	4.949597	0.591688	0.587411	0.587411	1.506960	5.000000	7.500000	2.526397	2.451921	2.414680	0	0	1	1	155	1167394
1444473515	38	35	38	36	2	5	4	5	3	5	0	1	1	1	0	4.944762	0.591688	0.590262	0.588836	1.507766	5.000000	7.500000	2.504235	2.504235	2.392408	0	0	1	1	155	1167419
1444473516	39	35	36	28	7	8	2	4	1	3	0	0	0	0	0	4.943151	0.591688	0.590262	0.588836	1.506960	5.000000	7.500000	2.546553	2.509266	2.471979	0	0	1	1	155	1164650
1444473517	36	27	43	29	3	5	3	3	1	4	0	0	1	0	0	4.944762	0.591688	0.591688	0.587411	1.506960	5.000000	7.500000	2.541509	2.504235	2.392408	0	0	1	1	155	1167395
1444473518	42	36	39	43	3	1	3	3	3	6	0	0	0	1	0	4.941538	0.591688	0.590262	0.587411	1.506154	5.000000	7.500000	2.551601	2.477003	2.402402	0	0	1	1	155	1167419
1444473520	28	35	46	34	2	3	3	4	3	6	0	0	0	1	0	4.943151	0.591688	0.590262	0.587411	1.506960	5.000000	7.500000	2.546553	2.509266	2.434690	0	0	1	1	155	1165793
1444473521	41	27	34	36	3	4	4	0	2	7	1	1	1	0	1	4.943151	0.591688	0.588836	0.587411	1.506154	5.000000	7.500000	2.546553	2.509266	2.397403	0	0	1	1	155	1167404
1444473522	27	29	31	41	2	3	2	1	0	6	0	0	1	0	0	4.941538	0.591688	0.591688	0.584559	1.506154	5.000000	7.500000	2.514302	2.514302	2.439701	0	0	1	1	155	1167428
1444473523	47	37	49	42	3	5	5	6	4	8	0	0	2	1	0	4.943151	0.588836	0.591688	0.585985	1.506154	5.000000	7.500000	2.509266	2.509266	2.434690	0	0	1	1	155	1167428
1444473524	31	39	34	24	2	4	3	2	4	5	0	0	0	1	0	4.943151	0.590262	0.591688	0.585985	1.506154	5.000000	7.500000	2.509266	2.509266	2.397403	0	0	1	1	155	1164677
1444473526	39	36	43	47	4	3	1	4	4	9	0	0	0	0	0	4.941538	0.583133	0.585985	0.591688	1.506154	5.000000	7.500000	2.477003	2.477003	2.402402	0	0	1	1	155	1167404
1444473527	49	32	32	44	6	1	1	2	6	5	1	0	0	0	0	4.943151	0.588836	0.588836	0.585985	1.505348	5.000000	7.500000	2.509266	2.397403	2.397403	0	0	1	1	155	1167429
1444473528	49	46	31	38	8	6	5	3	6	4	0	2	1	0	0	4.943151	0.590262	0.587411	0.585985	1.506154	5.000000	7.500000	2.509266	2.434690	2.397403	0	0	1	1	155	1164649
1444473529	39	44	34	43	4	1	2	3	6	6	1	0	0	1	0	4.943151	0.588836	0.587411	0.585985	1.505348	5.000000	7.500000	2.471979	2.434690	2.397403	0	0	1	1	155	1167404
1444473530	37	49	47	47	3	3	4	1	5	5	0	0	1	0	0	4.939927	0.590262	0.588836	0.587411	1.504542	5.000000	7.500000	2.482029	2.482029	2.407404	0	0	1	1	155	1167424
1444473532	36	35	34	33	2	3	3	3	5	2	0	0	0	1	0	4.943151	0.590262	0.588836	0.585985	1.505348	5.000000	7.500000	2.471979	2.434690	2.360116	0	0	1	1	155	1165792
1444473533	39	31	38	40	6	0	1	1	2	5	0	0	0	0	0	4.943151	0.588836	0.587411	0.587411	1.505348	5.000000	7.500000	2.471979	2.434690	2.360116	0	0	1	1	155	1167392
1444473534	32	33	46	51	3	3	1	5	4	6	0	0	0	2	0	4.941538	0.588836	0.588836	0.585985	1.505348	5.000000	7.500000	2.477003	2.439701	2.402402	0	0	1	1	155	1167419
1444473535	31	44	34	40	4	6	4	2	6	5	1	1	2	1	1	4.941538	0.590262	0.588836	0.583133	1.504542	5.000000	7.500000	2.477003	2.439701	2.327804	0	0	1	1	155	1167419
1444473536	33	48	40	23	6	3	0	8	3	5	1	0	0	2	0	4.943151	0.588836	0.588836	0.584559	1.504542	5.000000	7.500000	2.471979	2.434690	2.322829	0	0	1	1	155	1164628
1444473538	33	35	27	38	1	0	8	1	3	1	0	0	0	0	0	4.944762	0.590262	0.588836	0.583133	1.504542	5.000000	7.500000	2.466960	2.280583	2.243307	0	0	1	1	155	1167394
1444473539	48	41	25	27	4	3	1	1	5	4	0	0	1	0	0	4.941538	0.588836	0.587411	0.584559	1.504542	5.000000	7.500000	2.477003	2.439701	2.327804	0	0	1	1	155	1167419
1444473540	35	34	32	40	3	1	4	2	2	4	0	0	0	0	0	4.941538	0.590262	0.588836	0.583133	1.503736	5.000000	7.500000	2.514302	2.439701	2.327804	0	0	1	1	155	1164640
1444473541	41	41	31	42	4	3	3	4	1	5	0	0	1	0	0	4.943151	0.590262	0.588836	0.584559	1.503736	5.000000	7.500000	2.471979	2.471979	2.322829	0	0	1	1	155	1167395
1444473542	39	39	36	25	7	3	3	7	3	2	2	1	0	0	0	4.941538	0.590262	0.588836	0.583133	1.503736	5.000000	7.500000	2.477003	2.439701	2.327804	0	0	1	1	155	1167419
1444473544	46	44	38	47	5	4	7	2	8	7	0	2	1	0	0	4.939927	0.590262	0.585985	0.584559	1.503736	5.000000	7.500000	2.482029	2.444714	2.370093	0	0	1	1	155	1165815
1444473545	32	38	41	44	6	3	2	4	5	4	1	0	0	1	0	4.941538	0.590262	0.588836	0.583133	1.503736	5.000000	7.500000	2.514302	2.439701	2.365103	0	0	1	1	155	1167402
1444473546	41	37	35	44	6	4	4	2	3	4	1	1	0	0	0	4.944762	0.588836	0.588836	0.583133	1.503736	5.000000	7.500000	2.504235	2.392408	2.280583	0	0	1	1	155	1167428
1444473547	35	41	29	36	11	0	2	1	5	4	0	1	0	0	0	4.944762	0.588836	0.588836	0.584559	1.503736	5.000000	7.500000	2.466960	2.429682	2.317858	0	0	1	1	155	1164657
1444473548	37	38	43	44	5	4	1	4	7	6	0	1	0	1	0	4.941538	0.585985	0.587411	0.584559	1.504542	5.000000	7.500000	2.439701	2.402402	2.327804	0	0	1	1	156	1167426
1444473550	28	36	39	42	2	4	2	5	1	4	0	0	0	0	0	4.943151	0.580282	0.580282	0.581708	1.503736	5.000000	7.500000	2.360116	2.360116	2.322829	0	0	1	1	155	1167424
1444473551	47	28	40	36	5	2	1	3	4	2	0	0	0	0	0	4.941538	0.587411	0.585985	0.585985	1.503736	5.000000	7.500000	2.439701	2.365103	2.290505	0	0	1	1	155	1167429
1444473552	40	30	43	36	4	6	3	2	2	4	1	0	1	1	0	4.944762	0.587411	0.585985	0.583133	1.503736	5.000000	7.500000	2.392408	2.392408	2.317858	0	0	1	1	155	1164653
1444473553	28	30	36	24	2	1	0	3	2	1	1	0	0	0	0	4.939927	0.585985	0.585985	0.583133	1.503736	5.000000	7.500000	2.444714	2.370093	2.332782	0	0	1	1	155	1167404
1444473554	35	37	38	42	4	2	1	3	4	4	0	0	1	0	0	4.936703	0.585985	0.577430	0.581708	1.502125	5.000000	7.500000	2.492091	2.417417	2.380081	0	0	1	1	155	1167424
1444473556	44	29	33	44	3	1	3	1	6	2	0	0	0	0	0	4.941538	0.585985	0.581708	0.583133	1.501319	5.000000	7.500000	2.402402	2.327804	2.290505	0	0	1	1	155	1165801
1444473557	32	28	38	21	4	3	0	2	0	2	0	0	0	0	0	4.941538	0.585985	0.585985	0.584559	1.502931	5.000000	7.500000	2.439701	2.402402	2.290505	0	0	1	1	155	1167395
1444473558	28	33	24	42	2	0	0	3	7	3	0	0	0	1	0	4.943151	0.587411	0.585985	0.583133	1.502931	5.000000	7.500000	2.434690	2.360116	2.285542	0	0	1	1	155	1167422
