time	cnt1	cnt2	cnt3	cnt4	1&2	1&3	1&4	2&3	2&4	3&4	1&2&3	1&2&4	1&3&4	2&3&4	1&2&3&4	adcr	adcp1	adcp2	adcp3	adcntc	ntcT	digT	p1	p2	p3	hvstate	pbsstate	ethstate	listpbs	sdstate	looptime
1444473559	35	39	26	30	6	1	2	2	4	5	0	0	0	0	0	4.941538	0.587411	0.585985	0.581708	1.502931	5.000000	7.500000	2.402402	2.365103	2.290505	0	0	1	1	155	1164653
1444473560	32	39	34	43	6	0	1	3	6	5	0	0	0	1	0	4.943151	0.585985	0.585985	0.584559	1.502931	5.000000	7.500000	2.434690	2.397403	2.360116	0	0	1	1	155	1213825
1444473562	37	39	44	40	6	2	2	2	5	5	0	0	0	0	0	4.943151	0.585985	0.585985	0.581708	1.503736	5.000000	7.500000	2.434690	2.397403	2.285542	0	0	1	1	155	1167394
1444473563	44	43	50	32	8	5	4	5	3	3	0	0	0	1	0	4.943151	0.587411	0.581708	0.581708	1.502931	5.000000	7.500000	2.434690	2.397403	2.248254	0	0	1	1	155	1201387
1444473564	36	36	38	48	5	2	1	1	6	5	0	0	0	0	0	4.941538	0.587411	0.585985	0.581708	1.502931	5.000000	7.500000	2.477003	2.402402	2.290505	0	0	1	1	155	1167394
1444473565	41	43	49	40	5	4	4	3	3	4	0	1	0	0	0	4.943151	0.585985	0.585985	0.580282	1.502931	5.000000	7.500000	2.397403	2.360116	2.285542	0	0	1	1	155	1167419
1444473566	40	22	35	21	3	5	3	4	2	2	2	0	0	0	0	4.941538	0.587411	0.585985	0.581708	1.502125	5.000000	7.500000	2.439701	2.365103	2.253204	0	0	1	1	155	1180396
1444473568	43	39	36	46	6	3	5	4	7	3	0	0	0	0	0	4.939927	0.583133	0.584559	0.580282	1.499707	5.000000	7.500000	2.295470	2.370093	2.220846	0	0	1	1	155	1168654
1444473569	38	43	37	43	5	3	2	4	7	3	0	1	0	1	0	4.941538	0.584559	0.585985	0.580282	1.502931	5.000000	7.500000	2.365103	2.402402	2.290505	0	0	1	1	155	1167428
1444473570	39	35	32	21	7	5	0	2	3	1	1	0	0	0	0	4.943151	0.583133	0.585985	0.580282	1.502125	5.000000	7.500000	2.360116	2.360116	2.248254	0	0	1	1	155	1164659
1444473571	29	26	44	36	2	3	3	8	2	2	0	0	0	0	0	4.936703	0.584559	0.585985	0.581708	1.501319	5.000000	7.500000	2.380081	2.380081	2.268073	0	0	1	1	155	1167404
1444473572	46	35	35	39	4	3	2	5	6	5	0	1	1	1	0	4.943151	0.577430	0.581708	0.585985	1.502125	5.000000	7.500000	2.397403	2.397403	2.285542	0	0	1	1	155	1167428
1444473574	38	29	41	42	4	4	1	3	2	9	1	0	0	0	0	4.943151	0.584559	0.585985	0.580282	1.502125	5.000000	7.500000	2.360116	2.285542	2.248254	0	0	1	1	155	1167429
1444473575	43	39	34	32	5	3	2	4	2	3	1	1	1	1	1	4.943151	0.584559	0.585985	0.578856	1.502125	5.000000	7.500000	2.360116	2.360116	2.248254	0	0	1	1	155	1164660
1444473576	38	44	32	44	7	3	3	2	5	7	0	0	0	1	0	4.941538	0.583133	0.583133	0.581708	1.501319	5.000000	7.500000	2.402402	2.327804	2.253204	0	0	1	1	155	1167404
1444473577	31	29	37	27	2	0	2	3	3	4	0	0	0	0	0	4.939927	0.576005	0.587411	0.573153	1.500513	5.000000	7.500000	2.332782	2.295470	2.295470	0	0	1	1	155	1167429
1444473578	42	38	39	39	7	5	4	3	6	7	1	0	0	0	0	4.941538	0.585985	0.584559	0.580282	1.501319	5.000000	7.500000	2.365103	2.290505	2.141307	0	0	1	1	155	1164688
1444473580	33	39	38	42	7	0	2	1	2	2	0	0	0	0	0	4.949597	0.583133	0.581708	0.577430	1.501319	5.000000	7.500000	2.340204	2.265727	2.154010	0	0	1	1	155	1168642
1444473581	31	35	41	41	2	4	3	3	5	8	0	0	0	1	0	4.941538	0.584559	0.583133	0.578856	1.501319	5.000000	7.500000	2.365103	2.327804	2.178606	0	0	1	1	155	1167419
1444473582	45	32	48	39	6	5	4	5	3	8	0	0	0	0	0	4.943151	0.584559	0.584559	0.580282	1.501319	5.000000	7.500000	2.360116	2.285542	2.210966	0	0	1	1	155	1164649
1444473583	38	31	35	39	5	1	1	2	3	5	0	0	0	0	0	4.943151	0.585985	0.583133	0.578856	1.501319	5.000000	7.500000	2.360116	2.322829	2.173679	0	0	1	1	155	1167395
1444473584	34	36	39	38	3	2	1	2	3	3	0	0	0	0	0	4.944762	0.581708	0.583133	0.577430	1.500513	5.000000	7.000000	2.280583	2.280583	2.206033	0	0	1	1	155	1167419
1444473586	40	26	41	31	6	6	2	1	2	5	1	0	0	0	0	4.943151	0.583133	0.585985	0.577430	1.498901	5.000000	7.500000	2.322829	2.285542	2.173679	0	0	1	1	155	1164644
1444473587	43	33	29	43	3	3	6	3	2	5	1	1	0	0	0	4.943151	0.581708	0.583133	0.578856	1.501319	5.000000	7.000000	2.285542	2.322829	2.210966	0	0	1	1	155	1167395
1444473588	37	39	32	27	4	3	2	6	2	4	1	0	0	0	0	4.941538	0.580282	0.583133	0.578856	1.501319	5.000000	7.500000	2.253204	2.290505	2.178606	0	0	1	1	155	1167422
1444473589	32	51	34	49	5	4	2	3	3	7	0	0	0	0	0	4.943151	0.583133	0.583133	0.580282	1.500513	5.000000	7.000000	2.322829	2.285542	2.173679	0	0	1	1	155	1167419
1444473590	41	35	39	34	5	1	2	7	3	6	1	0	0	0	0	4.941538	0.581708	0.583133	0.580282	1.500513	5.000000	7.500000	2.290505	2.327804	2.178606	0	0	1	1	155	1164639
1444473592	36	36	39	28	4	3	1	5	3	5	0	0	0	0	0	4.943151	0.583133	0.583133	0.571727	1.498095	5.000000	7.000000	2.397403	2.322829	2.173679	0	0	1	1	155	1168550
1444473593	29	35	29	38	5	2	4	1	8	3	1	2	1	1	1	4.943151	0.583133	0.583133	0.580282	1.500513	5.000000	7.000000	2.322829	2.322829	2.210966	0	0	1	1	155	1167429
1444473594	29	37	32	40	1	2	2	4	7	6	0	0	0	1	0	4.943151	0.581708	0.583133	0.578856	1.500513	5.000000	7.000000	2.285542	2.285542	2.173679	0	0	1	1	155	1164689
1444473595	42	40	36	38	5	5	2	5	3	4	2	1	1	0	1	4.941538	0.581708	0.584559	0.580282	1.499707	5.000000	7.000000	2.327804	2.290505	2.178606	0	0	1	1	155	1167404
1444473596	32	35	39	38	4	3	1	3	5	6	1	0	0	1	0	4.941538	0.581708	0.583133	0.578856	1.499707	5.000000	7.000000	2.290505	2.290505	2.178606	0	0	1	1	155	1167429
1444473598	37	30	30	39	5	2	2	0	2	4	0	0	1	0	0	4.944762	0.583133	0.584559	0.573153	1.498901	5.000000	7.000000	2.317858	2.317858	2.206033	0	0	1	1	155	1164633
1444473599	44	34	39	42	6	3	3	3	7	5	0	0	0	0	0	4.943151	0.583133	0.580282	0.580282	1.499707	5.000000	7.000000	2.285542	2.248254	2.210966	0	0	1	1	155	1167404
1444473600	34	41	37	33	5	2	0	1	3	4	1	0	0	0	0	4.943151	0.583133	0.580282	0.580282	1.499707	5.000000	7.000000	2.322829	2.248254	2.210966	0	0	1	1	155	1167431
1444473601	25	44	36	24	1	0	1	3	5	5	0	0	0	0	0	4.941538	0.581708	0.580282	0.577430	1.499707	5.000000	7.000000	2.327804	2.253204	2.178606	0	0	1	1	155	1167429
1444473602	40	45	43	42	5	3	3	7	6	6	0	0	1	1	0	4.939927	0.583133	0.580282	0.576005	1.499707	5.000000	7.000000	2.332782	2.258157	2.183535	0	0	1	1	155	1164667
1444473604	27	27	33	39	4	3	3	6	1	4	0	0	1	0	0	4.943151	0.581708	0.577430	0.573153	1.500513	5.000000	7.000000	2.322829	2.248254	2.136393	0	0	1	1	155	1168541
1444473605	37	39	37	38	6	1	3	2	0	9	0	0	1	0	0	4.944762	0.581708	0.581708	0.578856	1.499707	5.000000	7.000000	2.317858	2.243307	2.168757	0	0	1	1	155	1167419
1444473606	39	32	26	42	2	5	3	1	3	3	0	0	1	0	0	4.941538	0.583133	0.581708	0.577430	1.498901	5.000000	7.000000	2.290505	2.215905	2.178606	0	0	1	1	155	1164646
1444473607	53	46	40	36	15	5	4	4	1	3	0	1	0	0	0	4.943151	0.581708	0.581708	0.576005	1.499707	5.000000	7.000000	2.322829	2.248254	2.136393	0	0	1	1	155	1167395
1444473608	39	40	35	32	5	1	4	2	5	6	0	0	0	0	0	4.944762	0.576005	0.580282	0.576005	1.499707	5.000000	7.000000	2.243307	2.243307	2.131483	0	0	1	1	156	1167440
1444473610	41	39	29	42	2	5	3	2	6	4	0	0	0	0	0	4.943151	0.580282	0.580282	0.570302	1.497290	4.750000	7.000000	2.360116	2.248254	2.136393	0	0	1	1	155	1164651
1444473611	33	33	35	39	3	2	1	3	6	7	1	0	0	1	0	4.943151	0.580282	0.581708	0.576005	1.498901	5.000000	7.000000	2.248254	2.248254	2.136393	0	0	1	1	155	1167394
1444473612	38	40	42	46	3	6	2	3	2	7	1	0	0	0	0	4.939927	0.580282	0.581708	0.577430	1.498095	5.000000	7.000000	2.220846	2.258157	2.183535	0	0	1	1	155	1167421
1444473613	38	46	47	41	3	5	2	6	8	4	0	0	0	3	0	4.943151	0.580282	0.581708	0.577430	1.498095	5.000000	7.000000	2.248254	2.285542	2.173679	0	0	1	1	155	1167419
1444473614	35	46	37	32	5	3	0	1	1	5	0	0	0	0	0	4.941538	0.580282	0.581708	0.577430	1.498095	5.000000	7.000000	2.215905	2.290505	2.141307	0	0	1	1	155	1164649
1444473616	35	45	35	36	5	2	4	1	6	6	0	0	0	0	0	4.943151	0.574579	0.573153	0.571727	1.498095	5.000000	7.000000	2.173679	2.248254	2.136393	0	0	1	1	155	1168551
1444473617	39	35	38	38	4	1	2	4	3	4	0	0	1	0	0	4.943151	0.580282	0.578856	0.577430	1.498095	5.000000	7.000000	2.248254	2.173679	2.136393	0	0	1	1	155	1167429
1444473618	42	33	52	34	6	3	3	4	6	6	0	0	1	1	0	4.943151	0.580282	0.578856	0.577430	1.497290	4.750000	7.000000	2.248254	2.173679	2.173679	0	0	1	1	155	1164678
1444473619	30	45	42	35	3	1	3	4	5	4	0	0	1	0	0	4.943151	0.580282	0.578856	0.577430	1.498095	5.000000	7.000000	2.210966	2.173679	2.136393	0	0	1	1	155	1167404
1444473620	40	41	42	36	3	1	1	2	3	5	0	0	0	0	0	4.943151	0.581708	0.577430	0.573153	1.498095	5.000000	7.000000	2.248254	2.173679	2.136393	0	0	1	1	155	1167428
1444473622	36	48	32	42	6	3	4	2	5	6	0	0	2	0	0	4.943151	0.580282	0.577430	0.576005	1.497290	4.750000	7.000000	2.285542	2.248254	2.136393	0	0	1	1	155	1164647
1444473623	31	47	43	34	3	2	2	4	7	5	0	0	0	0	0	4.939927	0.578856	0.578856	0.573153	1.496484	4.750000	7.000000	2.258157	2.183535	2.108913	0	0	1	1	155	1167405
1444473624	40	44	35	40	4	1	2	3	6	3	0	1	0	0	0	4.943151	0.580282	0.578856	0.574579	1.498095	5.000000	7.000000	2.210966	2.210966	2.099106	0	0	1	1	155	1167429
1444473625	30	35	41	34	4	1	2	4	2	3	0	0	0	1	0	4.943151	0.578856	0.578856	0.573153	1.498095	5.000000	7.000000	2.248254	2.136393	2.024531	0	0	1	1	155	1164719
1444473626	35	30	30	43	4	2	1	2	5	9	0	0	0	0	0	4.939927	0.580282	0.580282	0.574579	1.496484	4.750000	7.000000	2.258157	2.183535	2.108913	0	0	1	1	155	1167399
1444473628	41	41	42	34	3	5	1	5	4	5	1	0	0	0	0	4.943151	0.580282	0.578856	0.570302	1.495678	4.750000	7.000000	2.248254	2.173679	2.061819	0	0	1	1	155	1168562
1444473629	42	34	41	35	6	3	1	2	2	3	0	0	0	0	0	4.944762	0.577430	0.577430	0.574579	1.498095	5.000000	7.000000	2.206033	2.168757	2.056934	0	0	1	1	155	1167419
1444473630	44	36	30	48	4	6	3	3	1	3	1	1	1	1	1	4.944762	0.578856	0.580282	0.574579	1.497290	4.750000	7.000000	2.243307	2.168757	2.094208	0	0	1	1	155	1164640
1444473631	41	37	34	28	4	1	1	4	2	1	0	0	0	0	0	4.943151	0.578856	0.577430	0.574579	1.496484	4.750000	7.000000	2.248254	2.173679	2.061819	0	0	1	1	155	1167394
1444473632	32	34	38	28	5	1	2	3	4	5	0	1	0	1	0	4.943151	0.574579	0.578856	0.571727	1.496484	4.750000	7.000000	2.210966	2.173679	2.061819	0	0	1	1	155	1167418
1444473634	30	32	42	38	0	2	1	5	2	4	0	0	0	1	0	4.943151	0.577430	0.576005	0.574579	1.496484	4.750000	7.000000	2.099106	2.024531	2.136393	0	0	1	1	155	1164649
1444473635	35	37	40	36	2	4	2	3	5	4	0	0	0	1	0	4.941538	0.577430	0.578856	0.573153	1.496484	4.750000	7.000000	2.141307	2.178606	2.104008	0	0	1	1	155	1167395
1444473636	42	43	50	35	5	2	0	2	3	7	0	0	0	0	0	4.943151	0.576005	0.577430	0.574579	1.496484	4.750000	7.000000	2.173679	2.136393	2.061819	0	0	1	1	155	1167419
1444473637	31	36	29	33	1	0	2	0	2	2	0	0	0	0	0	4.943151	0.577430	0.576005	0.574579	1.497290	4.750000	7.000000	2.173679	2.136393	2.061819	0	0	1	1	155	1164653
1444473638	34	31	32	33	4	4	5	0	4	5	0	1	0	0	0	4.941538	0.578856	0.577430	0.574579	1.495678	4.750000	7.000000	2.215905	2.141307	2.104008	0	0	1	1	155	1167395
1444473640	31	38	28	36	4	1	4	2	5	3	0	1	0	1	0	4.943151	0.576005	0.576005	0.571727	1.496484	4.750000	7.000000	2.173679	2.099106	2.024531	0	0	1	1	155	1168574
1444473641	41	39	32	30	4	2	1	3	3	2	0	0	0	1	0	4.943151	0.577430	0.576005	0.573153	1.495678	4.750000	7.000000	2.173679	2.136393	2.061819	0	0	1	1	155	1167428
1444473642	40	34	38	37	5	3	3	1	1	6	0	0	0	0	0	4.941538	0.577430	0.577430	0.571727	1.495678	4.750000	7.000000	2.178606	2.141307	2.029410	0	0	1	1	155	1164661
1444473643	37	36	29	32	9	1	1	0	3	3	0	1	0	0	0	4.943151	0.577430	0.576005	0.574579	1.495678	4.750000	7.000000	2.136393	2.136393	2.099106	0	0	1	1	155	1167404
1444473644	26	35	37	35	4	1	0	3	6	8	0	0	0	1	0	4.943151	0.577430	0.577430	0.574579	1.495678	4.750000	7.000000	2.173679	2.024531	2.024531	0	0	1	1	155	1167428
1444473646	36	25	40	46	2	4	2	2	4	11	0	0	0	1	0	4.943151	0.577430	0.577430	0.574579	1.495678	4.750000	7.000000	2.210966	2.061819	1.987244	0	0	1	1	155	1164654
1444473647	34	44	55	34	3	5	1	9	5	2	0	0	0	0	0	4.939927	0.577430	0.576005	0.571727	1.494872	4.750000	7.000000	2.183535	2.146225	2.034289	0	0	1	1	156	1167426
1444473648	36	52	42	45	3	3	1	4	5	9	1	0	0	1	0	4.943151	0.577430	0.576005	0.571727	1.495678	4.750000	7.000000	2.136393	2.136393	1.987244	0	0	1	1	155	1167424
1444473649	39	40	34	34	6	3	3	2	0	5	0	0	0	0	0	4.941538	0.577430	0.577430	0.573153	1.494872	4.750000	7.000000	2.178606	2.104008	2.029410	0	0	1	1	155	1164663
1444473650	40	36	46	27	3	4	3	7	7	4	0	0	1	1	0	4.939927	0.576005	0.567450	0.566024	1.493260	4.750000	7.000000	2.146225	2.108913	2.034289	0	0	1	1	155	1167397
1444473652	52	37	39	44	10	3	5	2	6	3	0	2	0	0	0	4.941538	0.577430	0.577430	0.568876	1.495678	4.750000	7.000000	2.178606	2.141307	2.066709	0	0	1	1	155	1168669
1444473653	31	43	38	46	1	5	3	5	4	9	0	0	0	2	0	4.943151	0.577430	0.577430	0.571727	1.494872	4.750000	7.000000	2.173679	2.136393	2.024531	0	0	1	1	156	1167440
1444473654	41	35	44	40	5	2	2	3	4	5	0	0	0	0	0	4.941538	0.577430	0.577430	0.571727	1.494872	4.750000	7.000000	2.141307	2.141307	2.029410	0	0	1	1	155	1164635
1444473655	39	35	42	44	5	7	2	2	4	6	0	0	0	0	0	4.941538	0.574579	0.576005	0.571727	1.494872	4.750000	7.000000	2.104008	2.104008	2.029410	0	0	1	1	155	1167395
1444473656	37	43	34	42	5	1	7	3	3	6	0	1	0	0	0	4.944762	0.571727	0.574579	0.570302	1.494066	4.750000	7.000000	1.870559	2.019658	1.945107	0	0	1	1	155	1167419
1444473658	33	33	42	37	5	3	4	2	9	3	0	1	1	1	0	4.941538	0.574579	0.573153	0.571727	1.494872	4.750000	7.000000	2.104008	2.104008	1.992111	0	0	1	1	155	1164651
1444473659	36	26	33	37	3	1	2	4	3	5	1	1	0	1	0	4.941538	0.576005	0.573153	0.571727	1.494872	4.750000	7.000000	2.066709	2.066709	2.029410	0	0	1	1	155	1167395
1444473660	39	34	30	32	1	2	1	4	4	3	0	0	0	0	0	4.943151	0.574579	0.573153	0.573153	1.494872	4.750000	7.000000	2.099106	2.024531	1.987244	0	0	1	1	155	1167419
1444473661	39	37	29	30	5	2	1	2	4	2	1	0	0	0	0	4.943151	0.574579	0.574579	0.571727	1.494066	4.750000	7.000000	2.099106	2.099106	2.024531	0	0	1	1	155	1164651
1444473662	35	34	41	33	5	3	3	3	1	6	0	0	0	1	0	4.943151	0.567450	0.570302	0.577430	1.493260	4.750000	7.000000	2.099106	2.061819	2.024531	0	0	1	1	155	1167392
1444473664	41	39	34	50	5	0	6	5	5	5	0	0	0	1	0	4.941538	0.574579	0.573153	0.571727	1.494066	4.750000	7.000000	2.104008	2.066709	2.029410	0	0	1	1	155	1168574
1444473665	43	25	31	37	4	3	4	2	2	6	1	1	1	1	1	4.943151	0.576005	0.574579	0.573153	1.494872	4.750000	7.000000	2.061819	2.024531	1.987244	0	0	1	1	155	1167431
1444473666	42	38	40	39	8	2	3	5	2	8	1	0	0	1	0	4.941538	0.573153	0.573153	0.571727	1.494066	4.750000	7.000000	2.104008	2.066709	1.992111	0	0	1	1	155	1164661
1444473667	33	33	30	40	0	1	3	2	6	6	0	0	0	2	0	4.944762	0.568876	0.567450	0.578856	1.494066	4.750000	7.000000	2.094208	2.056934	1.982383	0	0	1	1	155	1167405
1444473668	40	41	30	46	4	2	2	5	4	4	1	0	0	0	0	4.941538	0.574579	0.573153	0.568876	1.494066	4.750000	7.000000	2.104008	1.992111	1.954812	0	0	1	1	155	1167429
1444473670	34	31	36	26	5	0	1	2	3	3	0	0	0	0	0	4.944762	0.574579	0.573153	0.568876	1.493260	4.750000	7.000000	2.094208	2.056934	1.907833	0	0	1	1	155	1164657
1444473671	29	35	33	47	2	2	1	2	4	3	0	0	0	0	0	4.944762	0.576005	0.574579	0.568876	1.493260	4.750000	7.000000	2.094208	2.056934	1.945107	0	0	1	1	155	1167404
1444473672	38	37	29	32	1	2	2	1	1	5	0	0	0	0	0	4.938315	0.576005	0.573153	0.568876	1.493260	4.750000	7.000000	2.113820	2.039173	2.001849	0	0	1	1	155	1167429
1444473673	43	36	46	34	5	3	4	5	2	5	0	1	0	0	0	4.941538	0.576005	0.567450	0.566024	1.494066	4.750000	7.000000	2.104008	2.066709	1.954812	0	0	1	1	155	1177622
1444473674	35	44	41	39	4	4	5	5	4	8	1	1	1	0	0	4.943151	0.574579	0.574579	0.570302	1.493260	4.750000	7.000000	1.949957	2.024531	1.912670	0	0	1	1	155	1167400
1444473676	39	41	35	37	1	2	3	1	5	2	0	0	0	1	0	4.943151	0.574579	0.573153	0.568876	1.493260	4.750000	7.000000	2.136393	2.061819	1.912670	0	0	1	1	155	1168565
1444473677	38	43	34	41	4	2	0	2	7	4	0	0	0	0	0	4.943151	0.573153	0.573153	0.567450	1.492454	4.750000	7.000000	2.061819	2.061819	1.912670	0	0	1	1	155	1164644
1444473678	44	36	42	34	3	6	1	2	3	8	0	0	0	1	0	4.943151	0.571727	0.574579	0.568876	1.492454	4.750000	7.000000	2.024531	2.061819	1.987244	0	0	1	1	155	1167394
1444473679	39	42	31	34	6	1	1	3	7	8	0	0	0	0	0	4.941538	0.573153	0.574579	0.568876	1.493260	4.750000	7.000000	1.954812	2.029410	1.880213	0	0	1	1	155	1167419
1444473680	25	44	31	33	3	3	4	3	6	2	1	2	1	1	1	4.941538	0.573153	0.573153	0.568876	1.493260	4.750000	7.000000	2.029410	1.992111	1.992111	0	0	1	1	155	1167418
1444473682	31	46	26	30	4	3	2	2	3	3	0	0	0	0	0	4.941538	0.571727	0.571727	0.568876	1.492454	4.750000	7.000000	2.029410	1.992111	1.954812	0	0	1	1	155	1164649
1444473683	34	36	39	33	8	2	5	3	4	6	0	1	1	0	0	4.941538	0.571727	0.571727	0.568876	1.493260	4.750000	7.000000	2.029410	1.992111	1.917513	0	0	1	1	155	1167395
1444473684	41	44	30	54	5	0	4	5	5	5	0	0	0	1	0	4.941538	0.573153	0.571727	0.571727	1.490843	4.750000	7.000000	1.992111	1.992111	1.917513	0	0	1	1	155	1167419
1444473685	43	39	40	40	5	1	3	5	10	5	1	0	0	3	0	4.943151	0.573153	0.571727	0.570302	1.493260	4.750000	7.000000	2.024531	1.987244	1.726235	0	0	1	1	155	1164570
1444473686	35	31	45	49	6	1	1	4	6	6	0	0	0	1	0	4.943151	0.571727	0.573153	0.568876	1.492454	4.750000	7.000000	2.061819	2.024531	1.987244	0	0	1	1	156	1167415
1444473688	35	32	36	38	5	1	2	1	4	5	0	0	0	0	0	4.941538	0.573153	0.571727	0.570302	1.492454	4.750000	7.000000	2.029410	1.992111	1.954812	0	0	1	1	155	1168569
1444473689	41	37	39	33	2	2	0	3	4	7	0	0	0	1	0	4.943151	0.573153	0.571727	0.568876	1.493260	4.750000	7.000000	2.024531	1.987244	1.949957	0	0	1	1	155	1164801
1444473690	43	28	26	30	1	3	1	3	4	1	0	0	0	1	0	4.943151	0.571727	0.570302	0.568876	1.491648	4.750000	7.000000	2.024531	2.024531	1.949957	0	0	1	1	155	1167405
1444473691	29	31	22	31	1	3	4	2	4	1	0	1	0	0	0	4.943151	0.573153	0.571727	0.566024	1.490037	4.750000	7.000000	2.024531	2.024531	1.875384	0	0	1	1	155	1167429
1444473692	41	34	29	36	3	4	2	1	4	5	0	0	1	0	0	4.943151	0.571727	0.571727	0.566024	1.492454	4.750000	7.000000	2.024531	1.987244	1.838097	0	0	1	1	155	1167429
1444473694	42	38	30	42	8	0	1	3	5	4	0	0	0	0	0	4.943151	0.571727	0.570302	0.568876	1.492454	4.750000	7.000000	2.024531	1.987244	1.875384	0	0	1	1	155	1176133
1444473695	46	39	32	34	7	1	1	1	4	4	0	1	0	0	0	4.939927	0.573153	0.571727	0.567450	1.491648	4.750000	7.000000	2.034289	1.959666	1.922355	0	0	1	1	155	1167405
1444473696	41	36	38	28	3	5	1	4	3	2	0	0	0	0	0	4.941538	0.573153	0.568876	0.567450	1.491648	4.750000	7.000000	2.029410	1.992111	1.842914	0	0	1	1	155	1167429
1444473697	41	32	29	34	2	1	5	2	5	4	0	1	0	0	0	4.941538	0.573153	0.571727	0.568876	1.491648	4.750000	7.000000	2.066709	1.992111	1.880213	0	0	1	1	155	1164686
1444473698	43	30	46	35	4	4	1	0	1	5	0	0	0	0	0	4.941538	0.573153	0.571727	0.566024	1.491648	4.750000	7.000000	2.066709	2.029410	1.917513	0	0	1	1	155	1167399
1444473700	41	27	34	51	4	2	2	1	4	6	0	0	0	1	0	4.943151	0.568876	0.571727	0.566024	1.490843	4.750000	7.000000	1.987244	2.024531	1.912670	0	0	1	1	155	1168565
1444473701	35	47	40	39	4	3	3	2	3	4	0	1	1	0	0	4.939927	0.568876	0.568876	0.564599	1.490037	4.750000	7.000000	1.996978	2.034289	1.922355	0	0	1	1	155	1164650
1444473702	32	34	39	35	5	3	4	5	2	4	2	1	2	1	1	4.943151	0.570302	0.573153	0.563173	1.491648	4.750000	7.000000	1.949957	2.024531	1.875384	0	0	1	1	155	1167392
1444473703	42	34	49	34	9	3	4	3	5	7	1	3	0	0	0	4.944762	0.570302	0.574579	0.567450	1.490843	4.750000	7.000000	2.019658	1.982383	1.907833	0	0	1	1	155	1167419
1444473704	41	32	39	47	6	3	2	3	5	7	1	0	0	1	0	4.943151	0.570302	0.568876	0.567450	1.490843	4.750000	7.000000	1.949957	1.949957	1.875384	0	0	1	1	155	1167419
1444473706	43	33	33	29	4	4	1	2	3	6	0	0	0	0	0	4.943151	0.570302	0.568876	0.566024	1.490843	4.750000	7.000000	1.987244	1.912670	1.875384	0	0	1	1	155	1164669
1444473707	39	37	38	35	5	3	2	0	4	6	0	0	0	0	0	4.941538	0.568876	0.566024	0.566024	1.489231	4.750000	7.000000	3.409486	2.141307	1.842914	0	0	1	1	155	1167395
1444473708	38	30	31	33	3	2	1	6	0	2	1	0	0	0	0	4.943151	0.570302	0.570302	0.567450	1.490037	4.750000	7.000000	2.024531	1.912670	1.838097	0	0	1	1	155	1167419
1444473709	32	38	37	35	5	3	3	3	3	5	1	0	0	0	0	4.943151	0.568876	0.568876	0.567450	1.490843	4.750000	7.000000	1.949957	1.949957	1.800809	0	0	1	1	155	1164669
1444473710	25	43	29	31	2	1	1	2	2	6	0	1	0	1	0	4.941538	0.570302	0.568876	0.566024	1.490037	4.750000	7.000000	1.954812	1.917513	1.805614	0	0	1	1	155	1167397
1444473712	48	31	37	33	5	3	2	2	1	5	0	0	1	0	0	4.939927	0.570302	0.568876	0.564599	1.489231	4.750000	7.000000	1.996978	1.959666	1.847733	0	0	1	1	155	1168574
1444473713	44	32	40	42	3	7	3	4	2	9	0	0	2	0	0	4.944762	0.568876	0.568876	0.564599	1.490037	4.750000	7.000000	1.982383	1.945107	1.833284	0	0	1	1	155	1164673
1444473714	37	44	46	36	3	6	3	6	6	5	1	0	1	0	0	4.943151	0.568876	0.571727	0.563173	1.489231	4.750000	7.000000	1.949957	1.912670	1.800809	0	0	1	1	155	1167405
1444473715	28	38	40	32	4	2	4	4	7	3	1	1	0	1	0	4.941538	0.568876	0.568876	0.563173	1.490037	4.750000	7.000000	1.992111	1.917513	1.768315	0	0	1	1	155	1167429
1444473716	33	32	42	40	3	2	1	4	8	6	0	0	0	0	0	4.943151	0.570302	0.568876	0.564599	1.490037	4.750000	7.000000	1.949957	1.912670	1.726235	0	0	1	1	155	1164670
1444473718	38	35	43	50	4	5	1	4	5	8	0	1	0	0	0	4.943151	0.570302	0.568876	0.564599	1.490037	4.750000	7.000000	1.949957	1.949957	1.800809	0	0	1	1	155	1167407
1444473719	26	29	43	42	3	3	1	3	4	3	1	0	0	0	0	4.943151	0.568876	0.568876	0.564599	1.490037	4.750000	7.000000	1.987244	1.949957	1.838097	0	0	1	1	155	1167428
1444473720	26	32	37	44	2	2	1	1	6	5	0	1	0	0	0	4.941538	0.570302	0.568876	0.563173	1.490037	4.750000	7.000000	1.954812	1.917513	1.805614	0	0	1	1	155	1167429
1444473721	44	32	42	40	5	4	4	1	7	5	1	0	0	0	0	4.946374	0.570302	0.567450	0.566024	1.490037	4.750000	7.000000	1.940262	1.791211	1.716685	0	0	1	1	155	1164674
1444473722	37	40	45	42	6	5	3	2	4	5	1	2	0	0	0	4.941538	0.567450	0.568876	0.561747	1.488425	4.750000	7.000000	1.917513	1.954812	1.842914	0	0	1	1	155	1167400
1444473724	35	38	46	31	1	4	0	4	5	5	0	0	0	0	0	4.943151	0.568876	0.568876	0.564599	1.489231	4.750000	7.000000	1.987244	1.949957	1.838097	0	0	1	1	155	1168669
1444473725	42	42	45	31	7	2	0	4	4	5	1	0	0	0	0	4.943151	0.566024	0.566024	0.564599	1.489231	4.750000	7.000000	1.912670	1.875384	1.838097	0	0	1	1	155	1164645
1444473726	37	38	26	34	5	3	1	3	2	4	0	0	1	0	0	4.939927	0.567450	0.566024	0.564599	1.487619	4.750000	7.000000	1.959666	1.885045	1.810421	0	0	1	1	155	1167394
1444473727	35	36	31	37	3	1	0	1	7	7	0	0	0	0	0	4.944762	0.566024	0.566024	0.564599	1.488425	4.750000	7.000000	1.870559	1.870559	1.796008	0	0	1	1	155	1167419
1444473728	32	31	41	33	3	3	3	2	5	5	0	0	0	0	0	4.943151	0.567450	0.566024	0.564599	1.488425	4.750000	7.000000	1.763522	1.763522	1.800809	0	0	1	1	155	1176672
1444473730	25	44	32	24	2	4	0	5	4	2	0	0	0	0	0	4.943151	0.567450	0.567450	0.564599	1.488425	4.750000	7.000000	1.875384	1.838097	1.875384	0	0	1	1	155	1167395
1444473731	30	42	28	33	7	1	1	1	3	4	0	0	0	0	0	4.943151	0.566024	0.566024	0.563173	1.488425	4.750000	7.000000	1.875384	1.838097	1.838097	0	0	1	1	155	1167419
1444473732	35	27	30	36	7	1	3	2	5	5	0	1	1	0	0	4.944762	0.567450	0.567450	0.566024	1.488425	4.750000	7.000000	1.870559	1.870559	1.833284	0	0	1	1	155	1167419
1444473733	40	37	42	50	9	3	4	2	5	8	0	0	0	0	0	4.943151	0.567450	0.567450	0.558896	1.486813	4.500000	7.000000	2.024531	1.912670	1.838097	0	0	1	1	155	1164647
1444473734	40	29	30	41	5	1	3	2	2	3	0	0	0	0	0	4.939927	0.566024	0.567450	0.563173	1.487619	4.750000	7.000000	1.922355	1.922355	1.773109	0	0	1	1	155	1167394
1444473736	28	43	35	30	5	2	0	4	4	3	0	0	0	0	0	4.943151	0.567450	0.566024	0.561747	1.488425	4.750000	7.000000	1.912670	1.875384	1.763522	0	0	1	1	155	1168574
1444473737	39	28	33	38	4	2	4	1	4	7	0	1	0	0	0	4.943151	0.567450	0.566024	0.561747	1.488425	4.750000	7.000000	1.875384	1.838097	1.800809	0	0	1	1	155	1164662
1444473738	42	44	30	47	2	2	0	0	8	3	0	0	0	0	0	4.941538	0.567450	0.566024	0.563173	1.488425	4.750000	7.000000	1.917513	1.880213	1.768315	0	0	1	1	155	1167405
1444473739	35	37	38	35	5	4	3	4	5	5	0	0	0	1	0	4.943151	0.566024	0.566024	0.561747	1.487619	4.500000	7.000000	1.912670	1.838097	1.726235	0	0	1	1	155	1167429
1444473740	46	49	36	33	9	5	3	3	8	4	1	3	1	0	1	4.943151	0.567450	0.566024	0.563173	1.487619	4.500000	7.000000	1.838097	1.875384	1.763522	0	0	1	1	155	1164666
1444473742	41	47	35	28	8	4	1	4	3	5	0	0	0	0	0	4.943151	0.567450	0.566024	0.560321	1.487619	4.500000	7.000000	1.912670	1.838097	1.763522	0	0	1	1	155	1167404
1444473743	25	27	37	50	3	1	3	4	2	8	1	1	1	1	1	4.944762	0.568876	0.566024	0.561747	1.488425	4.750000	7.000000	1.907833	1.870559	1.758734	0	0	1	1	155	1167428
1444473744	38	39	35	36	5	4	3	4	4	6	0	0	0	1	0	4.944762	0.567450	0.567450	0.563173	1.486813	4.500000	7.000000	1.796008	1.796008	1.646909	0	0	1	1	155	1167428
1444473745	27	37	29	37	4	3	2	1	5	4	1	0	0	0	0	4.943151	0.564599	0.566024	0.561747	1.486813	4.500000	7.000000	1.763522	1.838097	1.726235	0	0	1	1	155	1164676
1444473746	27	50	34	39	5	2	2	3	2	6	0	0	1	0	0	4.943151	0.566024	0.564599	0.563173	1.486813	4.500000	7.000000	1.875384	1.875384	1.763522	0	0	1	1	155	1167400
1444473748	25	40	38	29	4	2	1	3	2	6	0	0	0	0	0	4.941538	0.564599	0.567450	0.561747	1.486813	4.500000	7.000000	1.842914	1.880213	1.768315	0	0	1	1	155	1168565
1444473749	30	34	37	27	1	2	1	2	3	5	1	0	0	1	0	4.941538	0.566024	0.564599	0.561747	1.486813	4.500000	7.000000	1.880213	1.842914	1.768315	0	0	1	1	155	1164660
1444473750	40	36	44	40	2	5	1	6	5	3	1	0	0	0	0	4.943151	0.566024	0.564599	0.561747	1.486007	4.500000	7.000000	1.875384	1.800809	1.763522	0	0	1	1	155	1167395
1444473751	42	42	36	35	8	9	2	3	3	6	0	1	1	0	0	4.943151	0.566024	0.564599	0.563173	1.486813	4.500000	7.000000	1.875384	1.763522	1.688949	0	0	1	1	155	1167419
1444473752	37	31	26	32	7	2	2	3	2	3	0	0	0	0	0	4.943151	0.566024	0.564599	0.563173	1.486813	4.500000	7.000000	1.838097	1.800809	1.726235	0	0	1	1	155	1164641
1444473754	37	40	59	37	6	3	1	5	3	7	1	0	0	0	0	4.941538	0.563173	0.566024	0.561747	1.486813	4.500000	7.000000	1.880213	1.805614	1.768315	0	0	1	1	155	1167395
1444473755	43	30	34	38	5	8	3	3	2	4	2	0	1	0	0	4.939927	0.566024	0.564599	0.563173	1.486007	4.500000	7.000000	1.885045	1.810421	1.773109	0	0	1	1	155	1167419
1444473756	43	38	42	52	4	3	3	7	4	7	0	0	0	0	0	4.943151	0.566024	0.564599	0.561747	1.486813	4.500000	7.000000	1.838097	1.800809	1.763522	0	0	1	1	155	1164643
1444473757	43	40	26	36	7	1	3	1	7	1	1	2	0	0	0	4.943151	0.566024	0.564599	0.561747	1.486007	4.500000	7.000000	1.838097	1.688949	1.763522	0	0	1	1	155	1167392
1444473758	34	39	30	36	3	2	4	3	1	4	0	0	0	0	0	4.941538	0.566024	0.564599	0.563173	1.486007	4.500000	7.000000	1.880213	1.805614	1.693717	0	0	1	1	155	1167418
1444473760	22	34	36	37	2	0	3	3	3	7	0	0	0	0	0	4.939927	0.564599	0.563173	0.563173	1.485202	4.500000	7.000000	1.847733	1.773109	1.735798	0	0	1	1	155	1168577
1444473761	38	42	42	44	8	3	6	4	4	5	1	1	1	2	1	4.943151	0.564599	0.564599	0.561747	1.486007	4.500000	7.000000	1.875384	1.800809	1.763522	0	0	1	1	155	1164678
1444473762	35	39	33	41	5	2	2	1	3	3	0	0	0	0	0	4.941538	0.566024	0.566024	0.561747	1.486007	4.500000	7.000000	1.880213	1.768315	1.768315	0	0	1	1	155	1167404
1444473763	33	37	50	39	5	2	1	3	5	10	0	1	0	0	0	4.943151	0.566024	0.563173	0.558896	1.486007	4.500000	7.000000	1.875384	1.838097	1.688949	0	0	1	1	155	1167402
1444473764	30	35	39	43	4	0	0	7	2	6	0	0	0	1	0	4.943151	0.564599	0.563173	0.557470	1.485202	4.500000	7.000000	1.838097	1.838097	1.688949	0	0	1	1	156	1164687
1444473766	31	31	32	39	3	4	1	5	2	5	1	0	0	0	0	4.941538	0.566024	0.563173	0.560321	1.486007	4.500000	7.000000	1.880213	1.805614	1.693717	0	0	1	1	155	1167404
1444473767	24	30	41	44	3	4	2	5	3	5	1	0	0	1	0	4.939927	0.566024	0.564599	0.560321	1.485202	4.500000	7.000000	1.885045	1.810421	1.698486	0	0	1	1	155	1167429
1444473768	31	28	41	34	2	2	0	5	3	5	0	0	0	1	0	4.941538	0.566024	0.564599	0.558896	1.485202	4.500000	7.000000	1.842914	1.842914	1.731016	0	0	1	1	155	1164658
1444473769	32	30	37	40	1	3	1	3	2	3	0	0	0	0	0	4.944762	0.563173	0.566024	0.560321	1.486007	4.500000	7.000000	1.870559	1.796008	1.572359	0	0	1	1	155	1167404
1444473770	34	33	40	33	4	2	0	2	6	2	0	0	0	0	0	4.939927	0.563173	0.566024	0.561747	1.484396	4.500000	7.000000	1.810421	1.810421	1.698486	0	0	1	1	155	1167424
1444473772	35	35	30	34	2	4	3	2	3	0	0	0	0	0	0	4.941538	0.564599	0.564599	0.560321	1.485202	4.500000	7.000000	1.880213	1.842914	1.656418	0	0	1	1	155	1168565
1444473773	37	41	39	40	7	4	5	3	5	3	2	3	2	2	2	4.941538	0.563173	0.564599	0.560321	1.485202	4.500000	7.000000	1.805614	1.805614	1.693717	0	0	1	1	155	1164657
1444473774	26	32	35	37	2	2	2	4	3	5	0	0	0	1	0	4.938315	0.561747	0.564599	0.560321	1.485202	4.500000	7.000000	1.777907	1.852556	1.703261	0	0	1	1	155	1167395
1444473775	42	30	45	35	1	9	3	7	2	4	1	0	1	0	0	4.941538	0.563173	0.564599	0.556044	1.485202	4.500000	7.000000	1.805614	1.805614	1.693717	0	0	1	1	155	1167416
1444473776	40	43	33	36	4	5	3	5	5	5	2	1	0	0	0	4.943151	0.563173	0.564599	0.558896	1.485202	4.500000	7.000000	1.800809	1.800809	1.688949	0	0	1	1	155	1164685
1444473778	40	37	27	37	5	1	4	5	3	5	0	0	0	1	0	4.943151	0.563173	0.561747	0.560321	1.485202	4.500000	7.000000	1.800809	1.726235	1.651660	0	0	1	1	155	1167395
1444473779	37	43	35	50	3	3	1	2	7	5	0	0	0	1	0	4.941538	0.563173	0.561747	0.560321	1.483590	4.500000	7.000000	1.805614	1.768315	1.693717	0	0	1	1	155	1167419
1444473780	36	39	27	38	1	2	6	2	4	5	0	0	1	1	0	4.941538	0.563173	0.563173	0.558896	1.484396	4.500000	7.000000	1.805614	1.731016	1.693717	0	0	1	1	155	1164659
1444473781	29	34	31	28	4	7	2	5	1	0	2	0	0	0	0	4.944762	0.563173	0.561747	0.558896	1.482784	4.500000	7.000000	1.796008	1.721458	1.609633	0	0	1	1	155	1167395
1444473782	42	39	31	40	7	4	2	3	7	4	3	1	0	0	0	4.941538	0.563173	0.563173	0.560321	1.484396	4.500000	7.000000	1.842914	1.768315	1.693717	0	0	1	1	155	1167419
1444473784	45	39	44	40	7	0	3	3	4	5	0	1	0	0	0	4.943151	0.563173	0.561747	0.560321	1.484396	4.500000	7.000000	1.763522	1.763522	1.688949	0	0	1	1	155	1168574
1444473785	37	34	32	38	4	1	3	2	6	6	1	0	0	0	0	4.943151	0.561747	0.560321	0.560321	1.484396	4.500000	7.000000	1.800809	1.763522	1.726235	0	0	1	1	155	1164662
1444473786	33	43	37	34	0	5	4	2	4	2	0	0	1	0	0	4.951209	0.561747	0.557470	0.560321	1.483590	4.500000	7.000000	1.739610	1.739610	1.665159	0	0	1	1	155	1167404
1444473787	42	37	39	30	2	1	0	3	5	5	0	0	0	1	0	4.944762	0.561747	0.561747	0.558896	1.482784	4.500000	7.000000	1.833284	1.758734	1.684183	0	0	1	1	155	1167428
1444473788	37	32	36	37	3	2	4	2	5	5	1	1	1	1	1	4.943151	0.558896	0.563173	0.557470	1.484396	4.500000	7.000000	1.726235	1.726235	1.614373	0	0	1	1	155	1164657
1444473790	37	37	29	33	0	5	3	2	4	7	0	0	1	0	0	4.939927	0.561747	0.563173	0.557470	1.482784	4.500000	7.000000	1.810421	1.735798	1.661175	0	0	1	1	155	1167407
1444473791	40	25	28	26	5	3	2	2	2	2	0	0	0	0	0	4.944762	0.563173	0.561747	0.557470	1.483590	4.500000	7.000000	1.796008	1.758734	1.609633	0	0	1	1	155	1167429
1444473792	31	38	37	37	5	2	3	5	5	7	1	0	0	1	0	4.943151	0.554618	0.558896	0.558896	1.482784	4.500000	7.000000	1.763522	1.726235	1.614373	0	0	1	1	155	1164662
1444473793	26	42	34	44	3	1	3	5	8	4	0	0	0	2	0	4.943151	0.560321	0.561747	0.557470	1.483590	4.500000	7.000000	1.726235	1.763522	1.577085	0	0	1	1	155	1167404
1444473794	36	34	42	30	4	0	2	6	2	1	0	0	0	0	0	4.939927	0.561747	0.563173	0.557470	1.482784	4.500000	7.000000	1.735798	1.735798	1.661175	0	0	1	1	155	1167424
1444473796	32	24	42	40	0	2	2	3	5	8	0	0	0	0	0	4.943151	0.558896	0.561747	0.557470	1.483590	4.500000	7.000000	1.726235	1.763522	1.614373	0	0	1	1	155	1165817
1444473797	32	46	30	40	7	2	1	1	5	2	0	0	1	0	0	4.943151	0.560321	0.561747	0.557470	1.483590	4.500000	7.000000	1.726235	1.800809	1.651660	0	0	1	1	155	1167394
1444473798	34	29	39	31	3	2	2	2	1	6	0	0	0	1	0	4.943151	0.561747	0.558896	0.556044	1.482784	4.500000	7.000000	1.726235	1.726235	1.614373	0	0	1	1	155	1167419
1444473799	27	34	32	29	4	2	1	2	3	5	1	0	0	0	0	4.943151	0.560321	0.561747	0.557470	1.482784	4.500000	7.000000	1.726235	1.800809	1.577085	0	0	1	1	155	1167418
1444473800	42	42	37	43	6	2	5	3	4	5	1	0	0	0	0	4.943151	0.558896	0.563173	0.557470	1.482784	4.500000	7.000000	1.726235	1.763522	1.614373	0	0	1	1	155	1164649
1444473802	36	30	34	43	5	2	2	4	2	7	0	1	0	1	0	4.941538	0.560321	0.561747	0.557470	1.481978	4.500000	7.000000	1.731016	1.768315	1.619117	0	0	1	1	155	1167395
1444473803	31	40	35	44	3	4	2	3	6	6	1	0	0	1	0	4.944762	0.560321	0.558896	0.557470	1.482784	4.500000	7.000000	1.721458	1.684183	1.609633	0	0	1	1	155	1167419
1444473804	34	31	30	38	2	1	2	2	2	2	0	0	0	1	0	4.943151	0.560321	0.557470	0.557470	1.482784	4.500000	7.000000	1.726235	1.688949	1.614373	0	0	1	1	155	1164663
1444473805	29	37	38	33	5	0	1	3	1	6	0	0	0	0	0	4.941538	0.558896	0.560321	0.554618	1.481978	4.500000	7.000000	1.731016	1.656418	1.656418	0	0	1	1	155	1167392
1444473806	32	27	32	38	3	4	1	2	2	4	1	1	0	0	0	4.941538	0.560321	0.558896	0.558896	1.481978	4.500000	7.000000	1.693717	1.619117	1.656418	0	0	1	1	155	1167419
1444473808	31	33	43	45	1	2	2	6	3	8	0	1	1	1	0	4.943151	0.560321	0.558896	0.556044	1.482784	4.500000	7.000000	1.726235	1.651660	1.614373	0	0	1	1	155	1165830
1444473809	24	36	38	33	6	3	2	3	4	8	2	2	1	1	1	4.943151	0.560321	0.558896	0.557470	1.481978	4.500000	7.000000	1.726235	1.651660	1.651660	0	0	1	1	155	1167407
1444473810	31	43	35	46	4	3	3	1	7	6	0	0	0	0	0	4.941538	0.560321	0.560321	0.557470	1.481978	4.500000	7.000000	1.768315	1.693717	1.656418	0	0	1	1	155	1167429
1444473811	26	28	38	40	1	2	2	2	3	6	0	0	0	0	0	4.943151	0.560321	0.558896	0.557470	1.482784	4.500000	7.000000	1.726235	1.688949	1.539798	0	0	1	1	155	1167429
1444473812	35	45	42	34	3	3	1	7	2	5	1	0	0	1	0	4.944762	0.561747	0.560321	0.556044	1.481978	4.500000	7.000000	1.721458	1.684183	1.535083	0	0	1	1	155	1164591
1444473814	44	41	33	34	6	6	2	2	3	7	1	1	0	0	0	4.941538	0.558896	0.560321	0.554618	1.481172	4.500000	7.000000	1.731016	1.693717	1.544519	0	0	1	1	155	1167404
1444473815	36	31	38	34	3	3	2	1	6	6	1	0	1	1	0	4.941538	0.560321	0.560321	0.554618	1.481978	4.500000	7.000000	1.731016	1.693717	1.544519	0	0	1	1	155	1167428
1444473816	36	27	32	40	2	1	3	3	5	5	0	0	0	1	0	4.944762	0.560321	0.560321	0.556044	1.481172	4.500000	7.000000	1.721458	1.646909	1.423259	0	0	1	1	155	1194391
1444473817	35	37	34	36	5	2	1	6	3	5	0	0	0	0	0	4.943151	0.560321	0.558896	0.556044	1.481172	4.500000	7.000000	1.726235	1.651660	1.577085	0	0	1	1	155	1167404
1444473819	26	33	29	36	3	1	3	0	6	2	0	0	0	0	0	4.939927	0.561747	0.560321	0.556044	1.480366	4.500000	7.000000	1.735798	1.735798	1.586552	0	0	1	1	155	1167424
1444473820	30	33	45	30	4	1	2	3	4	6	1	1	1	1	1	4.943151	0.560321	0.558896	0.554618	1.481172	4.500000	7.000000	1.726235	1.651660	1.390648	0	0	1	1	155	1171314
1444473821	39	35	31	35	5	1	2	2	5	1	0	0	0	0	0	4.943151	0.558896	0.560321	0.556044	1.481172	4.500000	7.000000	1.688949	1.688949	1.539798	0	0	1	1	155	1167395
1444473822	39	39	33	38	6	4	4	5	4	6	1	1	0	0	0	4.943151	0.557470	0.558896	0.554618	1.481172	4.500000	7.000000	1.651660	1.651660	1.539798	0	0	1	1	155	1167419
1444473823	34	33	45	44	2	3	5	3	2	6	0	0	0	0	0	4.944762	0.557470	0.556044	0.551767	1.481172	4.500000	7.000000	1.646909	1.684183	1.609633	0	0	1	1	155	1167419
1444473825	34	41	39	43	4	3	0	4	6	6	0	0	0	0	0	4.939927	0.557470	0.554618	0.551767	1.480366	4.500000	7.000000	1.661175	1.661175	1.511929	0	0	1	1	155	1164668
1444473826	37	36	37	37	3	2	4	3	6	7	0	0	1	0	0	4.941538	0.557470	0.560321	0.554618	1.480366	4.500000	7.000000	1.656418	1.619117	1.544519	0	0	1	1	155	1167395
1444473827	40	41	40	42	2	3	2	6	7	6	0	1	0	3	0	4.943151	0.557470	0.560321	0.554618	1.480366	4.500000	7.000000	1.651660	1.688949	1.577085	0	0	1	1	155	1167419
1444473828	38	34	34	35	6	4	3	6	4	5	1	1	0	0	0	4.943151	0.557470	0.558896	0.556044	1.480366	4.500000	7.000000	1.688949	1.688949	1.539798	0	0	1	1	155	1164673
1444473829	30	26	31	37	2	2	2	3	4	3	1	0	0	0	0	4.943151	0.558896	0.557470	0.554618	1.480366	4.500000	7.000000	1.651660	1.651660	1.577085	0	0	1	1	155	1167394
1444473831	47	29	35	39	5	0	3	1	5	6	0	0	0	0	0	4.941538	0.557470	0.557470	0.556044	1.479560	4.500000	7.000000	1.656418	1.619117	1.544519	0	0	1	1	155	1167419
1444473832	34	38	35	24	3	0	0	4	3	3	0	0	0	0	0	4.939927	0.557470	0.556044	0.554618	1.480366	4.500000	6.500000	1.586552	1.474618	1.511929	0	0	1	1	155	1165807
1444473833	26	28	40	39	1	2	0	7	1	5	0	0	0	0	0	4.944762	0.557470	0.556044	0.554618	1.480366	4.500000	7.000000	1.646909	1.572359	1.572359	0	0	1	1	155	1167404
1444473834	38	42	32	40	3	2	0	4	5	5	0	0	0	0	0	4.941538	0.558896	0.557470	0.556044	1.480366	4.500000	7.000000	1.693717	1.619117	1.581818	0	0	1	1	155	1167431
1444473835	41	42	47	27	5	4	3	8	0	5	0	0	0	0	0	4.941538	0.557470	0.557470	0.553192	1.480366	4.500000	7.000000	1.656418	1.619117	1.507220	0	0	1	1	155	1167429
1444473837	40	41	34	20	10	6	2	4	3	1	3	1	1	1	1	4.943151	0.554618	0.551767	0.554618	1.480366	4.500000	7.000000	1.651660	1.614373	1.502512	0	0	1	1	155	1164657
1444473838	41	35	41	28	6	0	1	7	3	4	0	0	0	1	0	4.943151	0.557470	0.557470	0.553192	1.479560	4.500000	6.500000	1.651660	1.577085	1.427938	0	0	1	1	156	1167425
1444473839	39	40	37	38	4	3	2	3	3	4	0	0	0	0	0	4.943151	0.558896	0.556044	0.553192	1.479560	4.500000	6.500000	1.651660	1.614373	1.465225	0	0	1	1	155	1167424
1444473840	34	42	27	45	5	0	3	3	2	2	0	0	0	0	0	4.943151	0.557470	0.557470	0.553192	1.479560	4.500000	6.500000	1.651660	1.614373	1.465225	0	0	1	1	155	1164661
1444473841	47	36	37	35	5	5	2	5	4	5	0	1	0	0	0	4.943151	0.563173	0.556044	0.551767	1.479560	4.500000	6.500000	1.651660	1.614373	1.502512	0	0	1	1	155	1167404
1444473843	42	33	35	39	6	6	4	2	5	5	0	0	1	0	0	4.943151	0.557470	0.557470	0.550341	1.478755	4.500000	6.500000	1.651660	1.614373	1.502512	0	0	1	1	155	1167423
1444473844	23	29	35	45	4	0	3	2	3	6	0	1	0	0	0	4.943151	0.557470	0.553192	0.553192	1.478755	4.500000	6.500000	1.688949	1.614373	1.502512	0	0	1	1	155	1165804
1444473845	40	28	35	30	5	2	1	1	2	2	0	0	0	0	0	4.943151	0.557470	0.556044	0.551767	1.478755	4.500000	7.000000	1.614373	1.614373	1.502512	0	0	1	1	155	1167394
1444473846	45	36	38	33	5	4	7	2	1	2	1	1	0	0	0	4.944762	0.557470	0.557470	0.551767	1.479560	4.500000	6.500000	1.684183	1.609633	1.497808	0	0	1	1	155	1167419
1444473847	36	37	28	45	6	3	2	1	3	4	1	1	1	1	1	4.943151	0.556044	0.556044	0.551767	1.478755	4.500000	6.500000	1.577085	1.614373	1.502512	0	0	1	1	155	1164653
1444473848	40	33	39	29	5	3	3	5	4	8	1	1	1	1	1	4.943151	0.550341	0.557470	0.543212	1.478755	4.500000	6.500000	1.502512	1.465225	1.465225	0	0	1	1	155	1167395
1444473850	41	33	24	35	5	2	4	3	4	5	0	1	0	1	0	4.941538	0.557470	0.557470	0.551767	1.477949	4.500000	6.500000	1.656418	1.619117	1.507220	0	0	1	1	155	1167419
1444473851	31	37	28	32	5	2	1	1	4	3	1	0	0	0	0	4.943151	0.554618	0.557470	0.551767	1.478755	4.500000	6.500000	1.651660	1.614373	1.502512	0	0	1	1	155	1167419
1444473852	49	40	25	28	5	2	0	5	4	2	0	0	0	1	0	4.941538	0.554618	0.557470	0.553192	1.478755	4.500000	6.500000	1.581818	1.581818	1.469921	0	0	1	1	155	1164652
1444473853	37	33	36	28	4	1	0	5	4	5	0	0	0	1	0	4.943151	0.556044	0.556044	0.551767	1.478755	4.500000	6.500000	1.465225	1.577085	1.427938	0	0	1	1	155	1167394
1444473854	39	45	27	40	3	0	5	2	9	4	0	1	0	1	0	4.939927	0.553192	0.556044	0.553192	1.477949	4.500000	6.500000	1.623863	1.549241	1.511929	0	0	1	1	155	1167418
1444473856	43	37	44	30	4	5	2	6	3	3	1	1	0	0	0	4.943151	0.553192	0.554618	0.553192	1.478755	4.500000	6.500000	1.539798	1.502512	1.539798	0	0	1	1	155	1165826
1444473857	38	39	31	38	4	2	1	4	4	5	0	0	0	1	0	4.943151	0.548915	0.554618	0.551767	1.477949	4.500000	6.500000	1.614373	1.502512	1.502512	0	0	1	1	155	1167405
1444473858	37	37	32	35	4	1	2	1	5	5	0	0	0	0	0	4.943151	0.554618	0.556044	0.551767	1.477949	4.500000	6.500000	1.614373	1.539798	1.539798	0	0	1	1	155	1167429
1444473859	32	34	39	21	8	2	2	3	4	4	0	0	1	0	0	4.941538	0.556044	0.554618	0.553192	1.477143	4.500000	6.500000	1.619117	1.544519	1.507220	0	0	1	1	155	1164673
1444473860	40	38	39	44	3	1	1	1	6	3	1	0	0	0	0	4.943151	0.556044	0.554618	0.553192	1.477143	4.500000	6.500000	1.502512	1.577085	1.502512	0	0	1	1	155	1167404
1444473862	41	41	37	39	6	4	3	7	4	4	0	1	1	0	0	4.941538	0.554618	0.554618	0.551767	1.477949	4.500000	6.500000	1.619117	1.507220	1.507220	0	0	1	1	155	1167428
1444473863	38	37	36	27	6	0	4	2	1	5	0	0	0	0	0	4.943151	0.556044	0.554618	0.553192	1.477949	4.500000	6.500000	1.577085	1.577085	1.465225	0	0	1	1	155	1167431
1444473864	41	30	38	22	7	2	1	6	1	0	1	0	0	0	0	4.943151	0.554618	0.554618	0.550341	1.477949	4.500000	6.500000	1.577085	1.577085	1.465225	0	0	1	1	155	1164657
1444473865	31	35	39	39	3	2	4	4	7	5	1	0	0	1	0	4.943151	0.554618	0.553192	0.550341	1.477143	4.500000	6.500000	1.614373	1.539798	1.465225	0	0	1	1	155	1167404
1444473866	28	36	44	39	4	3	0	2	4	4	0	0	0	0	0	4.941538	0.556044	0.556044	0.551767	1.477143	4.500000	6.500000	1.544519	1.469921	1.395321	0	0	1	1	155	1167424
1444473868	31	15	40	31	0	3	1	1	2	6	0	0	0	1	0	4.944762	0.554618	0.554618	0.553192	1.477143	4.500000	6.500000	1.609633	1.535083	1.497808	0	0	1	1	155	1165804
1444473869	52	43	43	32	9	7	1	6	0	6	2	0	0	0	0	4.944762	0.557470	0.554618	0.550341	1.477143	4.500000	6.500000	1.609633	1.535083	1.423259	0	0	1	1	155	1167395
1444473870	38	34	37	27	4	5	1	3	2	1	0	0	1	0	0	4.941538	0.554618	0.554618	0.550341	1.477143	4.500000	6.500000	1.619117	1.544519	1.395321	0	0	1	1	155	1167419
1444473871	43	39	35	35	3	1	2	2	4	5	0	0	0	0	0	4.943151	0.556044	0.554618	0.550341	1.477143	4.500000	6.500000	1.614373	1.539798	1.427938	0	0	1	1	155	1164647
1444473872	35	38	28	37	4	2	2	4	3	4	0	0	0	0	0	4.944762	0.554618	0.556044	0.551767	1.477143	4.500000	6.500000	1.572359	1.572359	1.460534	0	0	1	1	155	1167391
1444473874	36	28	41	36	2	4	1	2	5	4	0	0	0	0	0	4.943151	0.556044	0.554618	0.550341	1.477143	4.500000	6.500000	1.577085	1.577085	1.427938	0	0	1	1	155	1167419
1444473875	30	31	34	34	4	2	1	1	2	5	0	0	0	0	0	4.943151	0.554618	0.554618	0.550341	1.476337	4.500000	6.500000	1.577085	1.577085	1.465225	0	0	1	1	155	1167419
1444473876	31	49	34	35	5	1	0	3	3	5	0	0	0	0	0	4.943151	0.556044	0.556044	0.550341	1.477143	4.500000	6.500000	1.614373	1.577085	1.465225	0	0	1	1	155	1164636
1444473877	38	33	42	26	1	4	3	4	1	5	0	0	1	0	0	4.944762	0.556044	0.554618	0.550341	1.477143	4.500000	6.500000	1.609633	1.423259	1.348706	0	0	1	1	155	1167395
1444473878	34	37	31	39	5	0	6	2	2	2	0	0	0	0	0	4.943151	0.556044	0.553192	0.550341	1.476337	4.500000	6.500000	1.614373	1.539798	1.427938	0	0	1	1	155	1167419
1444473880	36	37	37	36	3	4	3	1	7	4	0	1	0	0	0	4.944762	0.554618	0.554618	0.550341	1.476337	4.500000	6.500000	1.572359	1.572359	1.236881	0	0	1	1	155	1176011
1444473881	36	30	39	28	5	0	1	4	3	1	0	0	0	0	0	4.943151	0.554618	0.551767	0.550341	1.476337	4.500000	6.500000	1.577085	1.577085	1.465225	0	0	1	1	155	1167404
1444473882	27	33	45	47	4	4	4	4	3	6	1	0	0	0	0	4.941538	0.553192	0.554618	0.550341	1.476337	4.500000	6.500000	1.544519	1.544519	1.395321	0	0	1	1	155	1167428
1444473883	33	33	35	45	3	2	3	3	10	9	0	0	1	1	0	4.938315	0.551767	0.554618	0.548915	1.474725	4.500000	6.500000	1.553966	1.591289	1.479318	0	0	1	1	155	1164660
1444473885	22	38	37	27	3	2	1	4	3	5	0	0	0	1	0	4.943151	0.553192	0.550341	0.550341	1.476337	4.500000	6.500000	1.390648	1.427938	1.390648	0	0	1	1	156	1167425
1444473886	25	35	34	32	4	4	2	2	2	3	0	0	1	0	0	4.943151	0.553192	0.551767	0.550341	1.475531	4.500000	6.500000	1.539798	1.577085	1.465225	0	0	1	1	155	1167423
1444473887	31	37	33	36	3	5	2	4	2	4	0	0	0	0	0	4.943151	0.554618	0.551767	0.550341	1.475531	4.500000	6.500000	1.502512	1.502512	1.465225	0	0	1	1	155	1164672
1444473888	41	43	31	36	5	3	6	3	5	2	1	2	0	0	0	4.944762	0.553192	0.551767	0.550341	1.475531	4.250000	6.500000	1.535083	1.460534	1.423259	0	0	1	1	155	1167404
1444473889	42	32	36	40	7	0	1	3	1	8	0	0	0	0	0	4.939927	0.543212	0.550341	0.548915	1.474725	4.500000	6.500000	1.511929	1.474618	1.399994	0	0	1	1	155	1167429
1444473891	46	38	32	29	9	4	1	3	4	4	1	1	1	1	1	4.941538	0.551767	0.547489	0.553192	1.475531	4.500000	6.500000	1.507220	1.507220	1.432622	0	0	1	1	155	1167421
1444473892	50	38	37	37	4	4	4	3	4	3	0	0	0	0	0	4.946374	0.551767	0.551767	0.550341	1.475531	4.250000	6.500000	1.493108	1.455846	1.381319	0	0	1	1	155	1165795
1444473893	37	32	35	36	3	2	4	4	4	6	0	1	0	1	0	4.943151	0.553192	0.551767	0.550341	1.475531	4.500000	6.500000	1.539798	1.465225	1.465225	0	0	1	1	155	1167395
1444473894	40	41	43	41	6	4	2	6	4	4	1	0	0	0	0	4.938315	0.553192	0.551767	0.550341	1.473920	4.250000	6.500000	1.516642	1.516642	1.479318	0	0	1	1	155	1167418
1444473895	30	37	33	29	1	1	0	2	2	5	0	0	0	0	0	4.943151	0.553192	0.551767	0.548915	1.475531	4.500000	6.500000	1.502512	1.502512	1.427938	0	0	1	1	155	1164650
1444473896	33	42	31	45	4	4	4	6	8	3	1	1	0	0	0	4.944762	0.553192	0.551767	0.546064	1.475531	4.250000	6.500000	1.535083	1.311432	1.311432	0	0	1	1	155	1167395
1444473898	45	36	39	35	5	4	1	4	4	4	0	0	0	0	0	4.943151	0.551767	0.553192	0.546064	1.474725	4.250000	6.500000	1.502512	1.465225	1.353360	0	0	1	1	155	1167419
1444473899	35	27	34	41	4	2	4	3	4	4	0	0	0	1	0	4.943151	0.554618	0.553192	0.546064	1.474725	4.250000	6.500000	1.539798	1.502512	1.353360	0	0	1	1	155	1164660
1444473900	46	42	38	35	10	6	6	6	4	6	2	2	2	1	1	4.943151	0.553192	0.551767	0.546064	1.474725	4.250000	6.500000	1.502512	1.465225	1.353360	0	0	1	1	155	1167395
1444473901	34	44	34	26	6	2	2	3	2	2	0	1	0	0	0	4.941538	0.550341	0.551767	0.546064	1.473114	4.250000	6.500000	1.507220	1.469921	1.358020	0	0	1	1	156	1167440
1444473902	35	33	41	38	2	1	1	6	6	5	0	0	0	1	0	4.941538	0.553192	0.547489	0.543212	1.473114	4.250000	6.500000	1.544519	1.507220	1.432622	0	0	1	1	155	1167411
1444473904	42	37	41	41	6	5	2	1	5	10	0	1	1	0	0	4.943151	0.550341	0.547489	0.544638	1.475531	4.500000	6.500000	1.427938	1.465225	1.390648	0	0	1	1	155	1165797
1444473905	32	38	34	35	6	3	0	2	2	6	0	0	0	0	0	4.939927	0.551767	0.551767	0.546064	1.473114	4.250000	6.500000	1.511929	1.511929	1.362681	0	0	1	1	156	1167425
1444473906	43	35	36	34	6	4	2	2	2	8	0	0	2	0	0	4.943151	0.553192	0.553192	0.546064	1.473920	4.250000	6.500000	1.539798	1.502512	1.353360	0	0	1	1	155	1167424
1444473907	32	38	31	43	2	3	2	2	3	8	0	0	0	0	0	4.944762	0.553192	0.551767	0.546064	1.473920	4.250000	6.500000	1.535083	1.460534	1.348706	0	0	1	1	155	1164678
1444473908	36	34	37	38	7	2	3	4	5	5	0	0	0	1	0	4.941538	0.550341	0.551767	0.543212	1.471502	4.250000	6.500000	1.507220	1.507220	1.395321	0	0	1	1	155	1167404
1444473910	42	37	33	42	2	2	3	0	3	4	0	0	0	0	0	4.941538	0.551767	0.553192	0.546064	1.473114	4.250000	6.500000	1.507220	1.507220	1.320721	0	0	1	1	155	1167429
1444473911	31	32	30	37	5	3	2	5	2	4	0	0	1	0	0	4.943151	0.550341	0.550341	0.546064	1.473920	4.250000	6.500000	1.465225	1.427938	1.390648	0	0	1	1	155	1164685
1444473912	27	35	25	36	3	1	3	3	6	6	0	2	0	0	0	4.944762	0.550341	0.548915	0.546064	1.473920	4.250000	6.500000	1.460534	1.460534	1.348706	0	0	1	1	155	1167407
1444473913	33	39	36	38	3	2	3	4	7	8	0	0	0	1	0	4.943151	0.551767	0.547489	0.546064	1.473920	4.250000	6.500000	1.502512	1.427938	1.390648	0	0	1	1	155	1167428
1444473914	29	42	29	38	8	1	1	5	6	2	0	0	0	1	0	4.943151	0.550341	0.548915	0.547489	1.472308	4.250000	6.500000	1.465225	1.427938	1.353360	0	0	1	1	155	1167424
1444473916	42	29	33	29	5	3	3	2	4	7	1	2	1	1	1	4.943151	0.550341	0.548915	0.548915	1.473114	4.250000	6.500000	1.316073	1.390648	1.278787	0	0	1	1	155	1165794
1444473917	32	31	35	38	6	3	3	3	5	4	0	1	0	0	0	4.944762	0.550341	0.548915	0.546064	1.472308	4.250000	6.500000	1.460534	1.423259	1.348706	0	0	1	1	155	1167395
1444473918	51	40	33	44	6	5	5	5	4	6	1	1	2	1	0	4.941538	0.550341	0.550341	0.546064	1.472308	4.250000	6.500000	1.469921	1.395321	1.358020	0	0	1	1	155	1167419
1444473919	39	31	38	31	3	3	2	5	1	6	0	0	0	0	0	4.943151	0.551767	0.550341	0.546064	1.473114	4.250000	6.500000	1.502512	1.465225	1.390648	0	0	1	1	155	1164663
1444473920	37	38	38	28	3	2	2	0	5	2	0	0	0	0	0	4.943151	0.548915	0.550341	0.546064	1.472308	4.250000	6.500000	1.465225	1.427938	1.390648	0	0	1	1	155	1167395
1444473922	31	26	26	29	3	2	1	2	5	3	0	0	0	0	0	4.944762	0.550341	0.550341	0.546064	1.473114	4.250000	6.500000	1.460534	1.460534	1.385982	0	0	1	1	155	1167418
1444473923	38	49	38	39	6	2	3	4	6	6	0	0	1	0	0	4.943151	0.550341	0.548915	0.548915	1.472308	4.250000	6.500000	1.465225	1.427938	1.353360	0	0	1	1	155	1164645
1444473924	37	43	45	36	5	4	2	5	3	8	0	0	1	0	0	4.943151	0.550341	0.550341	0.547489	1.472308	4.250000	6.500000	1.465225	1.427938	1.390648	0	0	1	1	155	1167397
1444473925	41	41	26	40	3	5	2	2	5	3	0	0	0	1	0	4.943151	0.550341	0.550341	0.544638	1.472308	4.250000	6.500000	1.465225	1.427938	1.316073	0	0	1	1	155	1167419
1444473926	46	35	35	29	5	4	3	5	3	5	1	0	0	0	0	4.941538	0.550341	0.550341	0.546064	1.472308	4.250000	6.500000	1.469921	1.432622	1.320721	0	0	1	1	155	1164652
1444473928	37	39	39	35	2	2	1	3	6	10	0	0	0	0	0	4.944762	0.547489	0.544638	0.544638	1.472308	4.250000	6.500000	1.348706	1.385982	1.274157	0	0	1	1	155	1168551
1444473929	36	29	37	44	4	1	3	2	3	4	0	0	0	0	0	4.943151	0.551767	0.550341	0.544638	1.471502	4.250000	6.500000	1.465225	1.427938	1.316073	0	0	1	1	156	1167450
1444473930	32	36	30	35	3	1	0	1	3	3	0	0	0	1	0	4.944762	0.546064	0.550341	0.544638	1.472308	4.250000	6.500000	1.348706	1.423259	1.311432	0	0	1	1	155	1167424
1444473931	30	34	43	39	3	1	3	2	7	3	0	1	0	0	0	4.944762	0.550341	0.550341	0.544638	1.472308	4.250000	6.500000	1.460534	1.423259	1.311432	0	0	1	1	155	1164668
1444473932	36	45	37	48	6	1	3	4	5	8	1	3	1	1	1	4.943151	0.550341	0.548915	0.543212	1.471502	4.250000	6.500000	1.353360	1.390648	1.241500	0	0	1	1	155	1167404
1444473934	41	36	28	24	5	2	4	1	1	3	1	0	0	0	0	4.943151	0.550341	0.550341	0.546064	1.472308	4.250000	6.500000	1.465225	1.427938	1.316073	0	0	1	1	155	1167428
1444473935	36	30	35	37	3	1	2	5	2	4	1	0	0	0	0	4.943151	0.550341	0.548915	0.544638	1.471502	4.250000	6.500000	1.465225	1.427938	1.316073	0	0	1	1	155	1164660
1444473936	45	36	32	35	6	3	5	4	5	7	1	0	1	1	0	4.943151	0.548915	0.550341	0.546064	1.471502	4.250000	6.500000	1.427938	1.465225	1.316073	0	0	1	1	155	1167404
1444473937	38	38	36	34	6	2	4	2	8	6	0	1	1	0	0	4.944762	0.550341	0.546064	0.544638	1.471502	4.250000	6.500000	1.423259	1.423259	1.274157	0	0	1	1	155	1167429
1444473938	29	29	39	41	2	1	1	2	5	6	0	0	0	0	0	4.943151	0.548915	0.550341	0.546064	1.469890	4.250000	6.500000	1.353360	1.390648	1.316073	0	0	1	1	155	1164564
1444473940	31	35	39	39	6	5	1	5	6	7	0	0	0	1	0	4.943151	0.546064	0.548915	0.546064	1.471502	4.250000	6.500000	1.390648	1.390648	1.278787	0	0	1	1	155	1168541
1444473941	38	30	27	40	2	2	4	3	4	5	0	0	0	0	0	4.944762	0.548915	0.546064	0.544638	1.470696	4.250000	6.500000	1.423259	1.348706	1.311432	0	0	1	1	155	1167419
1444473942	40	31	31	41	4	3	2	3	4	5	0	0	0	0	0	4.941538	0.546064	0.546064	0.544638	1.472308	4.250000	6.500000	1.358020	1.358020	1.283422	0	0	1	1	155	1167419
1444473943	44	40	39	29	9	2	1	3	2	4	0	1	0	0	0	4.941538	0.546064	0.546064	0.544638	1.470696	4.250000	6.500000	1.358020	1.358020	1.320721	0	0	1	1	155	1164801
1444473944	31	23	43	34	2	3	3	5	4	3	1	1	0	1	0	4.943151	0.544638	0.546064	0.541786	1.470696	4.250000	6.500000	1.427938	1.353360	1.316073	0	0	1	1	155	1167394
1444473946	25	30	34	36	2	1	2	1	5	4	0	0	1	0	0	4.941538	0.546064	0.546064	0.544638	1.470696	4.250000	6.500000	1.432622	1.283422	1.246123	0	0	1	1	155	1167419
1444473947	46	34	35	38	7	4	2	0	4	8	0	0	0	0	0	4.943151	0.546064	0.546064	0.544638	1.470696	4.250000	6.500000	1.353360	1.353360	1.316073	0	0	1	1	155	1164644
1444473948	33	34	37	33	4	2	1	3	5	4	0	0	0	0	0	4.939927	0.546064	0.546064	0.544638	1.469890	4.250000	6.500000	1.362681	1.399994	1.325369	0	0	1	1	155	1167395
1444473949	37	31	31	35	5	1	4	1	3	6	0	1	0	1	0	4.936703	0.546064	0.546064	0.543212	1.470696	4.250000	6.500000	1.409348	1.372012	1.260005	0	0	1	1	155	1167419
1444473950	30	38	30	39	3	0	1	5	4	2	0	0	0	0	0	4.941538	0.547489	0.546064	0.543212	1.469890	4.250000	6.500000	1.432622	1.358020	1.246123	0	0	1	1	155	1164643
1444473952	32	32	41	33	4	5	3	2	2	5	0	0	1	0	0	4.941538	0.546064	0.546064	0.541786	1.470696	4.250000	6.500000	1.432622	1.358020	1.246123	0	0	1	1	155	1168550
1444473953	39	45	36	33	4	3	3	3	5	3	0	1	0	0	0	4.943151	0.546064	0.548915	0.541786	1.469890	4.250000	6.500000	1.353360	1.390648	1.278787	0	0	1	1	155	1167428
1444473954	45	40	36	32	2	2	1	5	7	4	0	0	0	2	0	4.943151	0.548915	0.546064	0.543212	1.469890	4.250000	6.500000	1.427938	1.353360	1.278787	0	0	1	1	155	1167428
1444473955	41	30	42	31	5	5	3	4	3	7	1	0	1	0	0	4.944762	0.548915	0.547489	0.543212	1.469890	4.250000	6.500000	1.423259	1.348706	1.236881	0	0	1	1	155	1164673
1444473956	33	33	35	34	6	3	3	2	4	3	0	1	0	0	0	4.943151	0.546064	0.546064	0.540361	1.469084	4.250000	6.500000	1.353360	1.353360	1.241500	0	0	1	1	155	1167405
1444473958	37	29	40	35	4	2	4	5	3	7	0	1	0	1	0	4.943151	0.546064	0.546064	0.543212	1.469890	4.250000	6.500000	1.316073	1.353360	1.166926	0	0	1	1	155	1167429
1444473959	40	34	37	34	6	5	2	2	4	7	0	2	0	0	0	4.943151	0.546064	0.546064	0.543212	1.469084	4.250000	6.500000	1.353360	1.390648	1.204213	0	0	1	1	155	1164682
1444473960	39	35	33	37	3	2	5	5	5	6	0	0	1	0	0	4.941538	0.546064	0.546064	0.543212	1.469084	4.250000	6.500000	1.358020	1.358020	1.283422	0	0	1	1	155	1167407
1444473961	43	23	33	42	5	3	1	1	3	8	0	0	0	0	0	4.944762	0.546064	0.546064	0.541786	1.469890	4.250000	6.500000	1.348706	1.348706	1.274157	0	0	1	1	155	1167428
1444473962	32	38	33	39	5	0	2	0	3	4	0	0	0	0	0	4.936703	0.546064	0.546064	0.544638	1.467473	4.250000	6.500000	1.372012	1.409348	1.297340	0	0	1	1	155	1164662
1444473964	43	25	40	31	4	2	3	2	3	5	0	1	0	0	0	4.943151	0.546064	0.546064	0.543212	1.469084	4.250000	6.500000	1.353360	1.390648	1.241500	0	0	1	1	155	1168538
1444473965	31	40	31	40	7	1	2	4	4	5	0	0	0	1	0	4.944762	0.546064	0.546064	0.543212	1.469890	4.250000	6.500000	1.348706	1.348706	1.236881	0	0	1	1	155	1167418
1444473966	34	35	34	42	2	3	3	2	2	5	0	0	1	0	0	4.943151	0.546064	0.546064	0.541786	1.469084	4.250000	6.500000	1.353360	1.353360	1.241500	0	0	1	1	155	1167419
1444473967	40	40	48	38	4	3	3	2	6	9	0	0	1	0	0	4.941538	0.546064	0.546064	0.541786	1.468279	4.250000	6.500000	1.358020	1.395321	1.283422	0	0	1	1	155	1164650
1444473968	28	29	38	32	5	3	1	4	1	6	0	0	1	1	0	4.939927	0.544638	0.543212	0.540361	1.468279	4.250000	6.500000	1.362681	1.288058	1.250746	0	0	1	1	155	1167395
1444473970	32	29	26	40	0	2	2	1	2	5	0	0	0	0	0	4.941538	0.546064	0.544638	0.543212	1.469084	4.250000	6.500000	1.358020	1.320721	1.208824	0	0	1	1	155	1167419
1444473971	33	42	34	36	6	3	2	3	2	4	0	0	0	0	0	4.943151	0.546064	0.544638	0.543212	1.469084	4.250000	6.500000	1.316073	1.278787	1.241500	0	0	1	1	155	1179626
1444473972	35	31	28	35	3	2	0	1	2	5	0	0	0	0	0	4.943151	0.544638	0.544638	0.541786	1.468279	4.250000	6.500000	1.316073	1.316073	1.241500	0	0	1	1	155	1167394
1444473973	28	48	39	41	4	3	3	2	10	2	0	0	0	2	0	4.949597	0.546064	0.541786	0.540361	1.468279	4.250000	6.500000	1.334759	1.260283	1.148569	0	0	1	1	155	1167419
1444473974	30	29	41	36	1	1	4	5	4	2	0	0	0	1	0	4.941538	0.546064	0.544638	0.541786	1.467473	4.250000	6.500000	1.358020	1.283422	1.171525	0	0	1	1	156	1164674
1444473976	32	25	31	36	0	0	2	1	6	5	0	0	0	0	0	4.946374	0.544638	0.546064	0.537509	1.467473	4.250000	6.500000	1.344055	1.306791	1.120478	0	0	1	1	155	1168655
1444473977	51	30	27	40	5	6	4	1	4	3	1	1	1	1	1	4.943151	0.546064	0.546064	0.540361	1.468279	4.250000	6.500000	1.353360	1.278787	1.092351	0	0	1	1	155	1167429
1444473978	36	41	38	31	4	2	1	5	3	7	0	1	0	0	0	4.943151	0.546064	0.544638	0.540361	1.468279	4.250000	6.500000	1.316073	1.316073	1.204213	0	0	1	1	155	1176136
1444473979	30	37	33	39	4	2	3	4	5	7	1	1	1	0	1	4.941538	0.546064	0.546064	0.540361	1.468279	4.250000	6.500000	1.358020	1.208824	1.171525	0	0	1	1	155	1167404
1444473981	29	40	40	36	7	2	3	3	1	4	0	0	0	0	0	4.943151	0.544638	0.546064	0.540361	1.467473	4.250000	6.500000	1.353360	1.278787	1.166926	0	0	1	1	155	1167429
1444473982	49	30	42	38	11	5	3	2	3	3	0	2	0	0	0	4.943151	0.546064	0.544638	0.540361	1.467473	4.250000	6.500000	1.353360	1.316073	1.166926	0	0	1	1	155	1167429
1444473983	43	36	39	40	6	1	3	2	2	5	0	0	0	1	0	4.943151	0.544638	0.543212	0.540361	1.468279	4.250000	6.500000	1.353360	1.316073	1.166926	0	0	1	1	156	1164674
1444473984	30	22	21	36	2	1	0	2	3	5	0	0	0	0	0	4.944762	0.544638	0.541786	0.538935	1.467473	4.250000	6.500000	1.348706	1.311432	1.162332	0	0	1	1	155	1167404
1444473985	40	38	36	33	4	5	3	5	3	4	2	0	1	0	0	4.943151	0.546064	0.544638	0.540361	1.465861	4.250000	6.500000	1.353360	1.241500	1.204213	0	0	1	1	155	1167428
1444473987	37	36	38	29	3	2	1	4	2	6	0	0	0	0	0	4.941538	0.546064	0.546064	0.538935	1.465055	4.250000	6.500000	1.358020	1.358020	1.171525	0	0	1	1	155	1164692
1444473988	33	30	33	36	4	2	3	1	5	3	0	1	0	0	0	4.943151	0.546064	0.546064	0.541786	1.468279	4.250000	6.500000	1.353360	1.241500	1.166926	0	0	1	1	155	1168645
1444473989	37	40	37	31	5	2	2	1	5	2	1	0	0	0	0	4.943151	0.544638	0.544638	0.538935	1.467473	4.250000	6.500000	1.278787	1.278787	1.129638	0	0	1	1	155	1167419
1444473990	36	33	30	32	3	2	1	3	4	3	0	0	0	0	0	4.943151	0.543212	0.544638	0.540361	1.466667	4.250000	6.500000	1.278787	1.278787	1.129638	0	0	1	1	155	1164659
1444473991	30	29	39	33	1	1	1	1	0	9	0	0	1	0	0	4.941538	0.543212	0.543212	0.537509	1.465055	4.250000	6.500000	1.283422	1.283422	1.208824	0	0	1	1	155	1167395
1444473993	28	41	33	35	3	2	1	3	2	4	1	0	1	1	0	4.941538	0.541786	0.544638	0.537509	1.467473	4.250000	6.500000	1.283422	1.283422	1.171525	0	0	1	1	155	1167416
1444473994	36	51	35	32	7	1	3	7	5	4	1	0	0	1	0	4.943151	0.543212	0.541786	0.540361	1.466667	4.250000	6.500000	1.278787	1.241500	1.204213	0	0	1	1	155	1167419
1444473995	46	44	34	40	7	2	2	5	6	1	1	0	0	1	0	4.943151	0.544638	0.541786	0.540361	1.465861	4.250000	6.500000	1.278787	1.204213	1.129638	0	0	1	1	155	1164648
1444473996	31	32	33	28	2	3	2	5	3	3	0	0	0	1	0	4.943151	0.543212	0.543212	0.540361	1.465861	4.250000	6.500000	1.278787	1.241500	1.204213	0	0	1	1	155	1167395
1444473997	39	40	47	34	5	1	2	3	5	4	0	0	0	1	0	4.943151	0.537509	0.541786	0.538935	1.465861	4.250000	6.500000	1.241500	1.204213	1.092351	0	0	1	1	155	1167419
1444473998	39	34	39	35	5	2	2	1	3	8	0	0	1	0	0	4.943151	0.544638	0.543212	0.540361	1.462637	4.000000	6.500000	1.316073	1.241500	1.204213	0	0	1	1	155	1164659
1444474000	29	32	27	31	1	1	3	2	4	2	0	0	0	0	0	4.941538	0.543212	0.543212	0.540361	1.465861	4.250000	6.500000	1.283422	1.208824	1.171525	0	0	1	1	155	1168550
1444474001	32	37	29	25	3	2	1	3	5	2	0	0	0	1	0	4.943151	0.543212	0.543212	0.541786	1.465861	4.250000	6.500000	1.278787	1.241500	1.129638	0	0	1	1	155	1167429
1444474002	37	26	36	30	3	4	2	3	3	4	1	0	0	0	0	4.941538	0.543212	0.543212	0.540361	1.465861	4.250000	6.500000	1.246123	1.246123	1.246123	0	0	1	1	155	1164667
1444474003	34	42	33	29	7	3	1	4	5	7	0	0	0	0	0	4.943151	0.543212	0.540361	0.538935	1.465055	4.000000	6.500000	1.166926	1.316073	1.204213	0	0	1	1	155	1167404
1444474004	31	38	28	34	1	2	1	7	3	2	1	0	0	0	0	4.944762	0.543212	0.543212	0.540361	1.465055	4.000000	6.500000	1.274157	1.274157	1.162332	0	0	1	1	155	1167428
1444474006	36	36	42	30	6	4	1	2	2	5	1	0	1	0	0	4.943151	0.543212	0.541786	0.540361	1.465861	4.250000	6.500000	1.278787	1.241500	1.166926	0	0	1	1	155	1167431
1444474007	41	40	38	32	5	3	1	0	3	5	0	0	0	0	0	4.941538	0.543212	0.543212	0.540361	1.465055	4.250000	6.500000	1.283422	1.246123	1.208824	0	0	1	1	155	1164657
1444474008	32	35	38	37	1	0	2	6	2	3	0	0	0	0	0	4.944762	0.537509	0.537509	0.546064	1.465055	4.000000	6.500000	1.236881	1.162332	1.162332	0	0	1	1	155	1167404
1444474009	35	27	38	25	2	3	2	2	3	4	0	0	0	0	0	4.944762	0.543212	0.541786	0.538935	1.465861	4.250000	6.500000	1.274157	1.162332	1.162332	0	0	1	1	155	1167429
1444474010	41	41	41	28	9	4	1	4	2	6	1	0	0	0	0	4.941538	0.538935	0.543212	0.538935	1.464249	4.000000	6.500000	1.320721	1.246123	1.096925	0	0	1	1	155	1164651
1444474012	32	31	36	37	4	5	3	5	3	8	2	1	1	1	1	4.943151	0.543212	0.541786	0.538935	1.465055	4.000000	6.500000	1.278787	1.204213	1.092351	0	0	1	1	155	1168645
1444474013	39	35	30	26	5	3	1	2	3	2	1	0	0	0	0	4.943151	0.543212	0.543212	0.537509	1.464249	4.000000	6.500000	1.278787	1.241500	1.092351	0	0	1	1	155	1167419
1444474014	42	35	45	29	5	5	5	3	4	6	0	2	1	0	0	4.941538	0.543212	0.543212	0.536083	1.465055	4.250000	6.500000	1.283422	1.246123	1.134224	0	0	1	1	155	1164669
1444474015	35	43	42	39	8	3	4	6	7	7	1	1	1	1	0	4.949597	0.543212	0.538935	0.537509	1.465055	4.000000	6.500000	1.260283	1.185806	1.074091	0	0	1	1	155	1167394
1444474016	27	35	34	38	3	1	1	3	1	6	0	0	0	0	0	4.943151	0.543212	0.541786	0.538935	1.464249	4.000000	6.500000	1.278787	1.204213	1.092351	0	0	1	1	155	1167419
1444474018	32	43	38	30	7	4	3	5	6	4	0	2	0	0	0	4.944762	0.543212	0.543212	0.538935	1.465055	4.000000	6.500000	1.274157	1.236881	1.087782	0	0	1	1	155	1164639
1444474019	41	35	23	32	7	2	1	1	6	4	0	0	0	0	0	4.944762	0.541786	0.543212	0.538935	1.465055	4.000000	6.500000	1.199607	1.199607	1.087782	0	0	1	1	155	1167395
1444474020	37	43	31	32	5	3	1	4	5	2	0	0	0	1	0	4.946374	0.544638	0.541786	0.537509	1.464249	4.000000	6.500000	1.269529	1.195004	1.083214	0	0	1	1	155	1167419
1444474021	34	37	25	26	4	2	1	2	3	4	1	0	0	0	0	4.943151	0.541786	0.543212	0.540361	1.464249	4.000000	6.500000	1.278787	1.241500	1.092351	0	0	1	1	155	1167416
1444474022	34	32	31	31	2	0	1	0	2	3	0	0	0	0	0	4.943151	0.537509	0.546064	0.538935	1.463443	4.000000	6.500000	1.278787	1.241500	1.092351	0	0	1	1	155	1164663
1444474024	41	47	41	42	9	5	3	7	3	7	1	0	0	0	0	4.944762	0.541786	0.543212	0.537509	1.464249	4.000000	6.500000	1.199607	1.199607	1.087782	0	0	1	1	155	1168550
1444474025	44	32	38	31	7	2	4	5	3	5	0	2	1	0	0	4.943151	0.540361	0.543212	0.537509	1.464249	4.000000	6.500000	1.204213	1.241500	1.129638	0	0	1	1	155	1167431
1444474026	37	41	42	44	8	4	3	1	6	7	0	0	1	0	0	4.938315	0.541786	0.543212	0.537509	1.462637	4.000000	6.500000	1.218051	1.255374	1.143403	0	0	1	1	155	1164651
1444474027	39	37	39	34	4	4	2	4	4	7	1	0	1	0	0	4.943151	0.534658	0.538935	0.543212	1.464249	4.000000	6.500000	1.204213	1.241500	1.092351	0	0	1	1	155	1167404
1444474028	25	35	27	29	5	1	1	1	0	6	0	0	0	0	0	4.944762	0.540361	0.540361	0.538935	1.462637	4.000000	6.500000	1.199607	1.162332	1.125056	0	0	1	1	155	1167429
1444474030	47	35	36	31	5	0	3	0	8	4	0	1	0	0	0	4.943151	0.540361	0.540361	0.537509	1.463443	4.000000	6.500000	1.204213	1.241500	1.129638	0	0	1	1	155	1164658
1444474031	32	39	24	38	5	1	2	6	0	5	0	0	0	0	0	4.943151	0.540361	0.541786	0.538935	1.463443	4.000000	6.500000	1.204213	1.241500	1.092351	0	0	1	1	155	1167405
1444474032	37	37	35	38	3	4	4	3	5	4	0	0	1	0	0	4.938315	0.531806	0.533232	0.534658	1.461026	4.000000	6.500000	1.143403	1.218051	1.106079	0	0	1	1	155	1167429
1444474033	34	38	39	32	6	2	1	6	1	5	2	1	1	1	1	4.941538	0.538935	0.541786	0.538935	1.463443	4.000000	6.500000	1.171525	1.246123	1.134224	0	0	1	1	155	1167426
1444474034	43	33	30	33	8	1	5	1	5	3	0	1	0	0	0	4.941538	0.540361	0.540361	0.537509	1.462637	4.000000	6.500000	1.208824	1.022327	1.246123	0	0	1	1	155	1164642
1444474036	38	38	48	33	4	4	3	5	2	4	1	1	1	1	1	4.941538	0.540361	0.538935	0.537509	1.462637	4.000000	6.500000	1.208824	1.171525	1.134224	0	0	1	1	155	1168540
1444474037	25	35	30	35	3	2	0	4	4	2	0	0	0	1	0	4.939927	0.541786	0.541786	0.537509	1.461832	4.000000	6.500000	1.250746	1.176125	1.138812	0	0	1	1	155	1167419
1444474038	31	40	45	36	2	4	2	4	7	4	0	0	0	1	0	4.943151	0.541786	0.540361	0.538935	1.462637	4.000000	6.500000	1.204213	1.166926	1.166926	0	0	1	1	155	1164648
1444474039	44	43	29	28	6	5	5	3	5	3	2	1	2	1	1	4.944762	0.541786	0.540361	0.537509	1.462637	4.000000	6.500000	1.199607	0.975957	1.050508	0	0	1	1	155	1167394
1444474040	33	45	46	43	6	1	2	0	5	7	0	0	0	0	0	4.943151	0.540361	0.540361	0.537509	1.462637	4.000000	6.500000	1.204213	1.166926	1.092351	0	0	1	1	155	1167419
1444474042	34	29	49	45	5	0	0	1	7	9	0	0	0	0	0	4.943151	0.540361	0.540361	0.537509	1.462637	4.000000	6.500000	1.129638	1.129638	1.129638	0	0	1	1	155	1164639
1444474043	46	39	40	28	3	3	2	2	5	4	0	0	0	1	0	4.939927	0.540361	0.538935	0.537509	1.461832	4.000000	6.500000	1.213437	1.176125	1.138812	0	0	1	1	155	1167395
1444474044	37	27	37	48	1	2	2	5	8	12	0	0	0	2	0	4.943151	0.538935	0.540361	0.531806	1.460220	4.000000	6.500000	1.278787	1.166926	1.129638	0	0	1	1	155	1167419
1444474045	25	27	37	35	1	4	5	1	5	2	0	1	0	0	0	4.943151	0.540361	0.540361	0.537509	1.461832	4.000000	6.500000	1.204213	1.204213	1.092351	0	0	1	1	156	1167440
1444474047	30	29	27	38	0	0	2	1	6	3	0	0	0	0	0	4.939927	0.540361	0.541786	0.537509	1.461832	4.000000	6.500000	1.250746	1.138812	0.989567	0	0	1	1	155	1176657
1444474048	36	32	26	33	2	0	5	2	4	4	0	0	0	0	0	4.944762	0.540361	0.540361	0.537509	1.461832	4.000000	6.500000	1.199607	1.162332	1.087782	0	0	1	1	155	1168551
1444474049	45	35	30	23	8	3	2	4	1	2	0	0	1	1	0	4.943151	0.540361	0.538935	0.537509	1.462637	4.000000	6.500000	1.204213	1.129638	1.092351	0	0	1	1	155	1167429
1444474050	31	29	36	36	2	0	1	3	2	7	0	0	0	0	0	4.943151	0.540361	0.538935	0.534658	1.461832	4.000000	6.500000	1.204213	1.166926	1.055065	0	0	1	1	155	1164718
1444474051	33	37	35	32	6	3	3	3	3	3	1	0	0	0	0	4.944762	0.540361	0.538935	0.534658	1.460220	4.000000	6.500000	1.162332	1.125056	1.050508	0	0	1	1	155	1167404
1444474053	25	39	41	33	3	4	0	4	4	4	0	0	0	0	0	4.943151	0.540361	0.540361	0.536083	1.461832	4.000000	6.500000	1.204213	1.166926	1.017778	0	0	1	1	155	1167428
1444474054	40	37	40	39	4	2	3	3	3	7	0	0	0	0	0	4.941538	0.540361	0.540361	0.534658	1.461026	4.000000	6.500000	1.208824	1.208824	1.059626	0	0	1	1	155	1164660
1444474055	38	37	41	38	1	4	4	4	2	5	1	0	1	1	0	4.943151	0.538935	0.538935	0.534658	1.461832	4.000000	6.500000	1.204213	1.129638	1.017778	0	0	1	1	155	1167404
1444474056	37	40	36	37	6	1	1	0	4	6	0	0	0	0	0	4.943151	0.534658	0.534658	0.540361	1.461832	4.000000	6.500000	1.204213	1.166926	1.092351	0	0	1	1	155	1167428
1444474057	33	41	31	45	3	2	3	0	7	6	0	2	1	0	0	4.946374	0.541786	0.540361	0.534658	1.461026	4.000000	6.500000	1.045952	1.157741	1.008690	0	0	1	1	155	1164667
1444474058	34	42	40	32	7	4	1	6	1	5	0	0	0	0	0	4.941538	0.540361	0.538935	0.534658	1.461026	4.000000	6.500000	1.246123	1.171525	1.059626	0	0	1	1	155	1167400
1444474060	27	30	41	47	3	1	3	2	3	6	1	0	0	0	0	4.943151	0.540361	0.538935	0.534658	1.461832	4.000000	6.500000	1.241500	1.166926	1.055065	0	0	1	1	155	1168565
1444474061	34	43	33	29	6	2	1	4	3	3	0	1	0	1	0	4.943151	0.540361	0.538935	0.536083	1.461026	4.000000	6.500000	1.204213	1.204213	1.017778	0	0	1	1	155	1167419
1444474062	33	39	35	33	3	3	2	3	4	6	0	0	1	0	0	4.943151	0.540361	0.538935	0.534658	1.460220	4.000000	6.500000	1.241500	1.204213	1.017778	0	0	1	1	155	1164648
1444474063	38	28	32	45	3	2	2	3	4	7	0	0	0	1	0	4.943151	0.540361	0.540361	0.536083	1.461026	4.000000	6.500000	1.204213	1.166926	1.092351	0	0	1	1	155	1167392
1444474064	31	43	41	34	2	3	6	3	5	4	0	0	0	0	0	4.943151	0.540361	0.538935	0.536083	1.461026	4.000000	6.500000	1.204213	1.166926	1.092351	0	0	1	1	155	1167419
1444474066	41	27	30	27	3	2	0	3	3	6	1	0	0	1	0	4.944762	0.540361	0.540361	0.534658	1.461026	4.000000	6.500000	1.199607	1.162332	1.050508	0	0	1	1	155	1164562
1444474067	35	35	35	31	4	6	2	5	6	4	1	0	1	1	0	4.941538	0.540361	0.540361	0.534658	1.461026	4.000000	6.500000	1.208824	1.208824	1.022327	0	0	1	1	155	1167394
1444474068	20	36	44	35	0	1	0	3	2	6	0	0	0	0	0	4.944762	0.540361	0.540361	0.534658	1.460220	4.000000	6.500000	1.199607	0.975957	0.975957	0	0	1	1	155	1167419
1444474069	27	27	33	31	3	2	2	1	1	6	0	0	0	0	0	4.943151	0.540361	0.540361	0.534658	1.460220	4.000000	6.500000	1.204213	1.204213	1.017778	0	0	1	1	155	1229309
1444474071	43	39	43	37	7	5	3	2	2	7	1	0	0	0	0	4.939927	0.543212	0.540361	0.534658	1.458608	4.000000	6.500000	1.250746	1.176125	1.064189	0	0	1	1	155	1167395
1444474072	36	30	34	39	6	3	3	3	7	6	0	1	0	0	0	4.951209	0.538935	0.536083	0.534658	1.460220	4.000000	6.500000	1.143986	1.143986	1.032306	0	0	1	1	155	1168574
1444474073	42	32	30	34	8	3	3	2	6	5	0	1	1	1	0	4.943151	0.540361	0.540361	0.534658	1.460220	4.000000	6.500000	1.204213	1.166926	1.055065	0	0	1	1	155	1167428
1444474074	35	32	43	36	2	2	2	6	3	7	0	0	1	1	0	4.939927	0.538935	0.540361	0.534658	1.458608	4.000000	6.500000	1.250746	1.176125	1.101501	0	0	1	1	155	1170157
1444474075	26	27	40	50	3	1	4	0	3	4	0	0	0	0	0	4.941538	0.540361	0.540361	0.536083	1.459414	4.000000	6.500000	1.208824	0.985028	1.171525	0	0	1	1	155	1167404
1444474077	33	38	39	50	1	1	3	2	4	4	0	0	1	0	0	4.941538	0.540361	0.540361	0.534658	1.460220	4.000000	6.500000	1.208824	1.171525	1.059626	0	0	1	1	155	1167428
1444474078	30	25	36	40	4	3	1	0	3	4	0	0	0	0	0	4.943151	0.537509	0.540361	0.534658	1.459414	4.000000	6.500000	1.129638	1.166926	1.017778	0	0	1	1	155	1164689
1444474079	30	20	48	34	1	2	2	0	4	6	0	0	0	0	0	4.943151	0.540361	0.538935	0.536083	1.459414	4.000000	6.500000	1.204213	1.166926	1.055065	0	0	1	1	155	1167404
1444474080	38	27	30	41	8	0	3	2	6	3	0	1	0	0	0	4.941538	0.590262	0.527529	0.526103	1.456996	4.000000	6.500000	1.022327	1.096925	1.059626	0	0	1	1	155	1167428
1444474081	37	33	41	36	4	2	2	1	4	8	1	0	0	0	0	4.938315	0.536083	0.537509	0.534658	1.458608	4.000000	6.500000	1.180728	1.106079	1.068756	0	0	1	1	155	1164686
1444474083	48	41	36	28	5	2	1	2	1	7	0	0	0	0	0	4.943151	0.540361	0.531806	0.537509	1.458608	4.000000	6.500000	1.129638	1.092351	1.055065	0	0	1	1	155	1167397
1444474084	32	36	35	31	3	2	3	5	6	7	1	0	1	2	0	4.943151	0.538935	0.537509	0.534658	1.459414	4.000000	6.500000	1.129638	1.129638	1.055065	0	0	1	1	155	1168564
1444474085	44	35	34	34	3	2	3	1	5	4	0	1	0	0	0	4.939927	0.537509	0.538935	0.536083	1.458608	4.000000	6.500000	1.176125	1.138812	1.101501	0	0	1	1	155	1167421
1444474086	37	35	33	42	3	3	1	2	6	9	0	0	0	0	0	4.943151	0.537509	0.537509	0.534658	1.458608	4.000000	6.500000	1.129638	1.129638	1.055065	0	0	1	1	155	1164648
1444474087	33	29	31	38	3	2	4	4	4	4	0	0	0	0	0	4.941538	0.537509	0.533232	0.533232	1.459414	4.000000	6.500000	1.134224	1.096925	1.022327	0	0	1	1	155	1167395
1444474089	27	33	26	31	1	3	2	5	5	3	0	0	1	0	0	4.944762	0.538935	0.537509	0.534658	1.459414	4.000000	6.500000	1.125056	1.125056	1.087782	0	0	1	1	155	1167419
1444474090	37	47	35	35	9	2	0	5	5	5	0	0	0	3	0	4.943151	0.538935	0.537509	0.534658	1.457802	4.000000	6.500000	1.129638	1.129638	1.055065	0	0	1	1	155	1164656
1444474091	34	31	24	37	3	4	2	2	3	5	1	0	1	0	0	4.941538	0.540361	0.537509	0.534658	1.457802	4.000000	6.500000	1.134224	1.134224	1.059626	0	0	1	1	155	1167395
1444474092	31	26	35	36	5	2	1	3	3	7	0	0	0	0	0	4.943151	0.537509	0.537509	0.534658	1.458608	4.000000	6.500000	1.129638	1.092351	1.092351	0	0	1	1	155	1167419
1444474093	44	37	35	34	5	2	2	4	4	2	0	0	0	1	0	4.943151	0.538935	0.537509	0.528955	1.456996	4.000000	6.000000	1.278787	1.092351	1.055065	0	0	1	1	155	1164647
1444474095	36	44	34	30	8	0	4	6	3	1	0	2	0	0	0	4.941538	0.534658	0.536083	0.531806	1.457802	4.000000	6.500000	1.171525	1.134224	0.947729	0	0	1	1	155	1167394
1444474096	27	50	40	40	4	3	2	4	7	4	0	0	0	0	0	4.941538	0.537509	0.537509	0.531806	1.457802	4.000000	6.000000	1.171525	1.096925	0.985028	0	0	1	1	155	1168574
1444474097	39	31	39	36	4	3	2	3	1	5	0	0	0	0	0	4.943151	0.538935	0.537509	0.533232	1.456996	4.000000	6.000000	1.166926	1.129638	0.980491	0	0	1	1	155	1164652
1444474098	38	39	43	39	10	0	3	3	5	9	0	1	0	2	0	4.939927	0.538935	0.537509	0.533232	1.457802	4.000000	6.000000	1.138812	1.101501	0.989567	0	0	1	1	155	1167405
1444474099	41	30	36	35	2	3	2	3	3	6	0	0	0	0	0	4.941538	0.537509	0.537509	0.533232	1.456996	4.000000	6.500000	1.134224	1.096925	0.910427	0	0	1	1	156	1167450
1444474101	34	32	35	45	5	3	1	2	3	6	0	0	0	1	0	4.941538	0.538935	0.537509	0.531806	1.458608	4.000000	6.000000	1.134224	1.096925	0.985028	0	0	1	1	155	1167424
1444474102	30	32	42	36	5	0	1	6	3	7	0	0	0	0	0	4.943151	0.537509	0.537509	0.531806	1.457802	4.000000	6.000000	1.166926	1.092351	0.980491	0	0	1	1	155	1164684
1444474103	34	37	38	37	4	2	3	3	2	5	0	0	0	1	0	4.944762	0.538935	0.537509	0.533232	1.457802	4.000000	6.000000	1.162332	1.087782	0.975957	0	0	1	1	155	1167404
1444474104	27	26	29	24	2	0	0	2	2	2	0	0	0	0	0	4.944762	0.538935	0.537509	0.527529	1.456191	4.000000	6.500000	1.125056	1.125056	1.013232	0	0	1	1	155	1167428
1444474105	35	34	31	31	3	0	3	0	3	5	0	1	0	0	0	4.941538	0.538935	0.537509	0.533232	1.457802	4.000000	6.000000	1.022327	1.096925	0.947729	0	0	1	1	155	1164658
1444474107	45	42	43	25	6	1	1	7	4	4	0	1	0	1	0	4.943151	0.538935	0.534658	0.534658	1.456191	4.000000	6.000000	1.166926	1.129638	0.980491	0	0	1	1	155	1167399
1444474108	36	43	43	48	6	4	5	4	9	6	0	1	0	0	0	4.944762	0.538935	0.536083	0.531806	1.456996	4.000000	6.000000	1.125056	1.087782	0.975957	0	0	1	1	155	1168565
1444474109	37	43	28	40	1	2	6	2	4	4	0	1	1	1	0	4.939927	0.538935	0.536083	0.533232	1.456191	4.000000	6.000000	1.176125	1.138812	1.026878	0	0	1	1	155	1164660
1444474110	29	45	33	39	3	1	1	7	6	2	0	1	0	1	0	4.941538	0.537509	0.537509	0.533232	1.456191	4.000000	6.000000	1.134224	1.096925	0.985028	0	0	1	1	155	1167395
1444474111	36	37	34	22	4	4	0	2	1	1	1	0	0	0	0	4.943151	0.538935	0.538935	0.533232	1.456996	4.000000	6.000000	1.129638	1.092351	0.905915	0	0	1	1	155	1167419
1444474113	41	36	35	26	2	4	2	1	6	2	0	0	0	0	0	4.944762	0.538935	0.538935	0.533232	1.456996	4.000000	6.000000	1.125056	1.087782	0.975957	0	0	1	1	155	1167419
1444474114	38	34	27	29	4	0	3	3	5	1	0	0	0	0	0	4.941538	0.538935	0.538935	0.533232	1.456191	4.000000	6.000000	1.096925	1.134224	0.985028	0	0	1	1	155	1164672
1444474115	22	27	35	41	3	2	2	1	3	1	0	1	0	0	0	4.938315	0.538935	0.538935	0.533232	1.456191	4.000000	6.000000	1.180728	1.143403	0.994110	0	0	1	1	155	1167394
1444474116	38	34	40	33	5	2	3	4	3	7	0	1	1	1	0	4.941538	0.534658	0.537509	0.531806	1.455385	4.000000	6.000000	1.171525	1.059626	0.985028	0	0	1	1	155	1167418
1444474117	38	43	42	30	6	2	1	7	3	4	0	0	0	1	0	4.943151	0.538935	0.536083	0.533232	1.456191	4.000000	6.000000	1.055065	1.055065	1.017778	0	0	1	1	155	1164659
1444474119	34	34	32	42	2	2	2	3	6	5	0	0	0	0	0	4.941538	0.537509	0.537509	0.531806	1.456191	4.000000	6.000000	1.022327	1.059626	0.873128	0	0	1	1	155	1167395
1444474120	33	40	33	46	6	1	2	4	5	8	0	0	0	1	0	4.939927	0.537509	0.537509	0.531806	1.455385	4.000000	6.000000	1.176125	1.138812	0.989567	0	0	1	1	155	1168575
1444474121	32	43	32	36	6	1	4	7	2	2	0	0	0	0	0	4.943151	0.534658	0.537509	0.533232	1.456191	4.000000	6.000000	1.055065	1.092351	1.017778	0	0	1	1	155	1164679
1444474122	29	25	38	40	1	3	3	7	3	5	0	0	0	1	0	4.943151	0.534658	0.537509	0.531806	1.455385	4.000000	6.000000	1.092351	1.129638	0.980491	0	0	1	1	155	1167404
1444474123	40	35	36	33	6	2	3	4	1	3	1	1	0	0	0	4.944762	0.534658	0.537509	0.533232	1.455385	4.000000	6.000000	0.901405	1.087782	0.864131	0	0	1	1	155	1167428
1444474125	31	26	32	26	4	2	0	1	3	4	0	0	0	0	0	4.943151	0.537509	0.537509	0.533232	1.456191	4.000000	6.000000	1.055065	1.092351	1.017778	0	0	1	1	155	1167428
1444474126	34	26	31	34	2	1	2	0	2	6	0	0	0	0	0	4.943151	0.536083	0.534658	0.531806	1.454579	4.000000	6.000000	1.092351	1.017778	0.980491	0	0	1	1	155	1164667
1444474127	33	40	31	34	5	3	0	5	4	3	0	0	0	0	0	4.941538	0.537509	0.534658	0.533232	1.455385	4.000000	6.000000	1.096925	1.059626	1.022327	0	0	1	1	155	1167405
1444474128	28	40	45	33	7	1	1	4	4	4	0	0	0	0	0	4.943151	0.536083	0.534658	0.533232	1.455385	4.000000	6.000000	1.092351	1.055065	0.980491	0	0	1	1	155	1151820
1444474129	40	23	33	26	1	3	3	3	3	4	0	0	0	0	0	4.943151	0.536083	0.536083	0.533232	1.454579	4.000000	6.000000	1.092351	1.017778	0.943204	0	0	1	1	155	1164600
1444474131	31	25	31	38	2	5	3	2	5	5	0	1	0	1	0	4.938315	0.534658	0.534658	0.531806	1.453773	4.000000	6.000000	1.143403	1.068756	1.031433	0	0	1	1	155	1167404
1444474132	37	38	33	35	3	4	1	5	4	3	0	0	0	0	0	4.943151	0.536083	0.534658	0.530380	1.454579	4.000000	6.000000	1.092351	1.017778	0.980491	0	0	1	1	155	1168565
1444474133	35	33	38	31	3	3	1	3	8	3	0	0	0	0	0	4.943151	0.536083	0.534658	0.531806	1.455385	4.000000	6.000000	1.092351	1.055065	0.905915	0	0	1	1	155	1164640
1444474134	40	29	35	48	4	8	4	2	5	6	1	0	2	0	0	4.943151	0.534658	0.536083	0.531806	1.454579	4.000000	6.000000	1.092351	1.017778	0.943204	0	0	1	1	155	1167397
1444474135	15	34	37	34	3	1	2	4	3	4	0	1	0	0	0	4.943151	0.534658	0.534658	0.533232	1.453773	4.000000	6.000000	1.092351	1.092351	0.980491	0	0	1	1	155	1167418
1444474137	31	31	31	39	2	2	1	1	2	3	0	0	0	0	0	4.943151	0.531806	0.537509	0.531806	1.453773	4.000000	6.000000	1.055065	1.055065	0.943204	0	0	1	1	155	1167419
1444474138	28	32	47	32	1	6	1	4	4	4	0	0	0	0	0	4.943151	0.534658	0.536083	0.533232	1.454579	4.000000	6.000000	1.017778	0.980491	0.980491	0	0	1	1	155	1164651
1444474139	41	32	28	27	4	1	1	2	3	0	0	0	0	0	0	4.943151	0.534658	0.534658	0.533232	1.453773	4.000000	6.000000	1.055065	1.017778	0.980491	0	0	1	1	155	1167395
1444474140	35	36	37	39	5	0	1	1	2	4	0	0	0	0	0	4.943151	0.534658	0.534658	0.533232	1.452967	3.750000	6.000000	1.055065	1.017778	0.980491	0	0	1	1	155	1167419
1444474141	36	29	28	29	5	2	2	3	2	3	0	0	0	1	0	4.943151	0.536083	0.534658	0.528955	1.452967	3.750000	6.000000	1.055065	1.092351	0.905915	0	0	1	1	155	1164651
1444474143	36	33	37	37	9	5	6	2	9	4	2	3	2	0	2	4.941538	0.530380	0.530380	0.536083	1.453773	4.000000	6.000000	1.096925	1.059626	0.947729	0	0	1	1	155	1167392
1444474144	35	33	32	29	0	2	3	2	3	0	0	0	0	0	0	4.943151	0.534658	0.534658	0.531806	1.453773	4.000000	6.000000	1.055065	1.017778	0.868628	0	0	1	1	155	1168574
1444474145	30	39	27	36	5	2	4	4	1	5	0	0	1	1	0	4.943151	0.536083	0.534658	0.528955	1.453773	4.000000	6.000000	1.092351	1.092351	0.980491	0	0	1	1	155	1164652
1444474146	40	34	37	26	7	2	1	5	2	5	0	0	0	0	0	4.943151	0.536083	0.534658	0.530380	1.453773	4.000000	6.000000	1.055065	1.055065	0.943204	0	0	1	1	155	1167404
1444474147	36	37	41	33	6	2	1	6	5	6	1	0	0	0	0	4.943151	0.528955	0.530380	0.534658	1.453773	4.000000	6.000000	1.055065	1.055065	0.905915	0	0	1	1	155	1167428
1444474149	27	38	35	32	3	4	3	1	3	4	1	1	2	1	1	4.943151	0.534658	0.531806	0.531806	1.453773	4.000000	6.000000	1.092351	1.055065	0.905915	0	0	1	1	155	1164687
1444474150	37	33	46	34	3	1	3	2	2	7	0	0	0	1	0	4.941538	0.536083	0.534658	0.530380	1.452967	4.000000	6.000000	1.096925	1.022327	0.873128	0	0	1	1	155	1167404
1444474151	27	35	38	35	4	2	2	5	2	7	0	1	0	1	0	4.941538	0.534658	0.534658	0.530380	1.452967	4.000000	6.000000	1.059626	1.059626	0.947729	0	0	1	1	155	1167429
1444474152	37	34	31	38	4	1	5	2	4	4	0	0	0	1	0	4.943151	0.534658	0.534658	0.530380	1.452967	3.750000	6.000000	1.055065	1.055065	0.943204	0	0	1	1	155	1167428
1444474153	36	45	44	38	3	5	3	5	4	5	1	1	2	1	1	4.938315	0.533232	0.534658	0.528955	1.452967	4.000000	6.000000	1.106079	1.068756	0.956786	0	0	1	1	155	1164655
1444474155	27	30	33	37	1	2	1	6	5	4	0	0	0	0	0	4.939927	0.537509	0.534658	0.527529	1.453773	4.000000	6.000000	1.101501	1.101501	0.989567	0	0	1	1	155	1167397
1444474156	43	34	40	42	4	6	3	2	4	3	1	1	0	0	0	4.943151	0.534658	0.534658	0.528955	1.452161	3.750000	6.000000	1.092351	1.092351	0.943204	0	0	1	1	155	1168564
1444474157	35	36	32	30	3	6	2	4	5	3	1	0	1	1	0	4.943151	0.534658	0.534658	0.528955	1.452967	3.750000	6.000000	1.092351	1.055065	0.905915	0	0	1	1	155	1164653
1444474158	31	39	45	26	3	4	0	4	3	4	0	0	0	0	0	4.943151	0.536083	0.534658	0.530380	1.452161	3.750000	6.000000	1.055065	1.055065	0.905915	0	0	1	1	155	1167394
1444474159	41	38	35	40	5	4	0	2	4	4	0	0	0	0	0	4.944762	0.531806	0.534658	0.527529	1.453773	4.000000	6.000000	0.975957	1.087782	0.938683	0	0	1	1	155	1167419
1444474161	32	32	43	39	2	2	1	1	3	8	0	0	0	0	0	4.943151	0.533232	0.533232	0.520400	1.451355	3.750000	6.000000	0.495756	0.980491	0.905915	0	0	1	1	155	1164644
1444474162	32	38	22	37	6	1	1	3	4	3	0	0	0	0	0	4.941538	0.534658	0.534658	0.528955	1.452161	3.750000	6.000000	1.059626	1.059626	0.947729	0	0	1	1	155	1167395
1444474163	30	25	36	38	2	1	3	5	4	4	1	0	0	2	0	4.944762	0.534658	0.536083	0.531806	1.452161	3.750000	6.000000	1.013232	1.087782	0.938683	0	0	1	1	155	1167419
1444474164	34	29	34	42	3	1	2	4	2	4	0	0	0	0	0	4.943151	0.533232	0.533232	0.530380	1.452161	3.750000	6.000000	1.055065	0.980491	0.905915	0	0	1	1	155	1167419
1444474165	37	33	36	31	4	3	0	1	3	6	0	0	0	1	0	4.943151	0.530380	0.531806	0.528955	1.451355	3.750000	6.000000	1.017778	0.980491	0.831341	0	0	1	1	155	1164672
1444474167	51	38	27	36	4	3	6	4	7	3	0	1	0	1	0	4.939927	0.533232	0.533232	0.530380	1.451355	3.750000	6.000000	0.952257	0.952257	0.877631	0	0	1	1	155	1167392
1444474168	40	46	38	45	6	2	2	5	8	15	0	0	1	2	0	4.946374	0.533232	0.531806	0.528955	1.451355	3.750000	6.000000	1.008690	0.971426	0.859637	0	0	1	1	155	1168575
1444474169	34	33	27	34	3	7	4	0	4	3	0	1	1	0	0	4.944762	0.533232	0.531806	0.527529	1.452161	3.750000	6.000000	1.050508	0.975957	0.864131	0	0	1	1	156	1164651
1444474170	40	31	39	44	3	2	2	0	3	6	0	0	1	0	0	4.943151	0.533232	0.533232	0.528955	1.451355	3.750000	6.000000	1.055065	0.980491	0.868628	0	0	1	1	155	1167405
1444474171	45	36	41	36	5	4	3	7	4	9	0	1	1	0	0	4.943151	5.838461	0.530380	0.520400	1.450550	3.750000	6.000000	0.980491	1.017778	0.794054	0	0	1	1	155	1167429
1444474173	35	30	32	32	1	4	1	4	3	5	0	0	1	1	0	4.944762	0.533232	0.533232	0.528955	1.452161	3.750000	6.000000	1.013232	0.975957	0.715030	0	0	1	1	155	1164655
1444474174	33	33	35	45	4	1	3	5	5	6	1	2	0	1	0	4.944762	0.533232	0.533232	0.527529	1.451355	3.750000	6.000000	1.050508	0.975957	0.826856	0	0	1	1	155	1167404
1444474175	27	40	30	38	3	4	3	4	4	6	0	1	1	0	0	4.943151	0.533232	0.533232	0.528955	1.451355	3.750000	6.000000	1.017778	0.980491	0.868628	0	0	1	1	155	1167428
1444474176	36	30	33	43	5	4	3	2	2	3	0	1	0	0	0	4.941538	0.534658	0.531806	0.524677	1.451355	3.750000	6.000000	1.022327	0.985028	0.873128	0	0	1	1	155	1167428
1444474177	39	34	34	33	5	3	1	0	5	7	0	1	0	0	0	4.943151	0.533232	0.533232	0.527529	1.451355	3.750000	6.000000	0.905915	0.980491	0.831341	0	0	1	1	155	1164652
1444474179	34	40	28	28	5	2	0	2	2	4	1	0	0	0	0	4.939927	0.534658	0.531806	0.528955	1.449744	3.750000	6.000000	1.026878	0.989567	0.877631	0	0	1	1	155	1167399
1444474180	31	30	34	34	2	2	3	3	5	5	0	1	0	1	0	4.943151	0.534658	0.533232	0.528955	1.450550	3.750000	6.000000	1.017778	1.017778	0.868628	0	0	1	1	155	1168565
1444474181	35	41	28	36	7	2	1	1	6	6	0	1	0	1	0	4.941538	0.533232	0.533232	0.528955	1.449744	3.750000	6.000000	1.022327	0.947729	0.873128	0	0	1	1	155	1164668
1444474182	34	24	33	32	4	1	1	1	3	7	0	1	0	0	0	4.941538	0.534658	0.533232	0.528955	1.449744	3.750000	6.000000	1.022327	1.022327	0.873128	0	0	1	1	155	1167395
1444474183	26	41	39	36	5	1	1	5	2	4	0	0	0	0	0	4.943151	0.533232	0.528955	0.523252	1.448132	3.750000	6.000000	1.017778	1.017778	0.868628	0	0	1	1	155	1167419
1444474185	33	44	43	31	7	0	1	4	3	4	0	0	0	1	0	4.943151	0.534658	0.533232	0.528955	1.450550	3.750000	6.000000	0.980491	0.980491	0.719479	0	0	1	1	155	1164643
1444474186	27	31	40	39	3	1	2	2	3	6	0	0	0	0	0	4.943151	0.531806	0.533232	0.528955	1.451355	3.750000	6.000000	1.017778	0.943204	0.868628	0	0	1	1	155	1167394
1444474187	38	32	40	43	3	5	2	2	9	6	1	0	0	1	0	4.944762	0.533232	0.531806	0.527529	1.448938	3.750000	6.000000	1.013232	0.975957	0.864131	0	0	1	1	155	1167419
1444474188	34	27	37	32	5	4	5	2	2	4	1	0	1	0	0	4.943151	0.533232	0.533232	0.527529	1.449744	3.750000	6.000000	1.017778	0.980491	0.868628	0	0	1	1	155	1164659
1444474189	48	39	35	36	6	3	3	4	5	5	1	0	0	1	0	4.944762	0.533232	0.528955	0.524677	1.450550	3.750000	6.000000	1.013232	0.975957	0.864131	0	0	1	1	155	1167395
1444474191	39	40	41	44	4	4	4	2	6	3	0	2	0	0	0	4.943151	0.531806	0.533232	0.527529	1.449744	3.750000	6.000000	0.980491	0.980491	0.831341	0	0	1	1	155	1167419
1444474192	28	48	41	33	6	4	3	4	4	4	0	1	0	1	0	4.943151	0.528955	0.531806	0.527529	1.449744	3.750000	6.000000	0.943204	0.980491	0.868628	0	0	1	1	155	1168575
1444474193	42	35	39	40	5	3	5	2	4	3	0	0	0	0	0	4.943151	0.530380	0.533232	0.527529	1.449744	3.750000	6.000000	0.943204	0.943204	0.868628	0	0	1	1	155	1174788
1444474194	40	32	31	30	4	3	0	3	1	6	0	0	0	0	0	4.943151	0.531806	0.533232	0.528955	1.448938	3.750000	6.000000	0.943204	0.980491	0.831341	0	0	1	1	155	1167407
1444474195	25	26	33	32	2	3	3	2	2	7	0	0	2	0	0	4.943151	0.530380	0.531806	0.527529	1.449744	3.750000	6.000000	0.943204	0.943204	0.831341	0	0	1	1	155	1167428
1444474197	43	32	40	32	4	3	3	1	6	4	0	1	0	0	0	4.943151	0.531806	0.533232	0.527529	1.449744	3.750000	6.000000	0.905915	1.017778	0.831341	0	0	1	1	155	1164764
1444474198	43	36	40	27	5	1	2	2	2	5	0	1	0	0	0	4.943151	0.531806	0.530380	0.528955	1.449744	3.750000	6.000000	0.943204	1.017778	0.868628	0	0	1	1	155	1167404
1444474199	32	31	36	32	5	4	4	1	4	4	0	1	1	0	0	4.944762	0.533232	0.531806	0.528955	1.448938	3.750000	6.000000	0.938683	0.975957	0.864131	0	0	1	1	155	1167428
1444474200	24	37	47	29	3	2	0	6	5	4	0	0	0	2	0	4.943151	0.530380	0.533232	0.527529	1.448938	3.750000	6.000000	0.980491	1.017778	0.868628	0	0	1	1	155	1164650
1444474201	38	37	31	35	6	3	2	1	6	3	1	0	0	0	0	4.939927	0.531806	0.531806	0.527529	1.448132	3.750000	6.000000	0.989567	0.989567	0.840319	0	0	1	1	155	1167404
1444474203	28	33	26	37	1	4	0	4	3	3	0	0	0	1	0	4.943151	0.531806	0.533232	0.528955	1.448132	3.750000	6.000000	0.943204	0.980491	0.868628	0	0	1	1	155	1167424
1444474204	41	16	38	31	2	5	4	1	3	6	1	2	1	1	1	4.944762	0.530380	0.533232	0.528955	1.448938	3.750000	6.000000	0.975957	0.975957	0.826856	0	0	1	1	155	1168564
1444474205	28	37	40	37	0	6	2	1	6	4	0	0	0	0	0	4.941538	0.530380	0.531806	0.527529	1.448938	3.750000	6.000000	0.947729	0.873128	0.873128	0	0	1	1	155	1164647
1444474206	41	36	29	37	4	5	1	3	3	4	0	0	0	1	0	4.941538	0.531806	0.531806	0.528955	1.448132	3.750000	6.000000	0.985028	0.947729	0.873128	0	0	1	1	155	1167397
1444474207	35	27	39	33	5	1	1	0	3	4	0	0	0	0	0	4.941538	0.531806	0.530380	0.527529	1.448938	3.750000	6.000000	0.985028	0.947729	0.835829	0	0	1	1	155	1167419
1444474209	28	43	42	42	3	5	1	4	6	10	0	0	1	0	0	4.941538	0.523252	0.527529	0.528955	1.448938	3.750000	6.000000	0.947729	0.910427	0.835829	0	0	1	1	155	1164649
1444474210	40	48	39	39	10	1	3	5	7	6	1	1	0	1	0	4.944762	0.531806	0.531806	0.528955	1.448132	3.750000	6.000000	0.975957	0.901405	0.789581	0	0	1	1	156	1167416
1444474211	54	40	35	37	12	3	4	2	4	5	0	1	0	0	0	4.943151	0.528955	0.530380	0.528955	1.448132	3.750000	6.000000	0.980491	0.943204	0.831341	0	0	1	1	156	1167435
1444474212	24	33	30	41	2	1	4	0	7	4	0	1	0	0	0	4.941538	0.530380	0.530380	0.528955	1.448132	3.750000	6.000000	0.947729	0.947729	0.873128	0	0	1	1	156	1164659
1444474213	31	30	30	36	6	1	1	2	3	7	0	1	0	0	0	4.941538	0.528955	0.530380	0.528955	1.448132	3.750000	6.000000	0.947729	0.947729	0.873128	0	0	1	1	155	1167394
1444474215	32	39	37	31	3	3	2	4	3	6	1	0	0	1	0	4.943151	0.530380	0.531806	0.527529	1.447326	3.750000	6.000000	0.943204	0.905915	0.905915	0	0	1	1	155	1167418
1444474216	34	39	37	35	4	1	3	2	2	4	0	0	0	0	0	4.943151	0.531806	0.530380	0.528955	1.448132	3.750000	6.000000	0.905915	0.644904	0.831341	0	0	1	1	155	1168575
1444474217	38	41	44	38	5	4	2	6	4	5	0	0	1	1	0	4.944762	0.530380	0.530380	0.526103	1.448132	3.750000	6.000000	0.938683	0.901405	0.826856	0	0	1	1	155	1164645
1444474218	30	39	31	32	7	2	0	4	1	6	0	0	0	0	0	4.941538	0.530380	0.530380	0.526103	1.446520	3.750000	6.000000	0.985028	0.910427	0.873128	0	0	1	1	155	1167405
1444474219	23	41	35	37	2	1	2	5	5	6	0	0	0	1	0	4.947986	0.530380	0.531806	0.528955	1.448132	3.750000	6.000000	0.929649	0.892396	0.855146	0	0	1	1	155	1167429
1444474221	41	28	30	30	4	0	5	1	5	4	0	1	0	0	0	4.943151	0.530380	0.530380	0.528955	1.445714	3.750000	6.000000	0.943204	0.905915	0.831341	0	0	1	1	155	1164665
1444474222	33	38	37	27	2	3	1	3	2	2	0	0	0	1	0	4.946374	0.530380	0.530380	0.528955	1.447326	3.750000	6.000000	0.971426	0.934164	0.859637	0	0	1	1	155	1167404
1444474223	37	37	38	32	5	1	2	4	8	2	0	1	0	1	0	4.941538	0.531806	0.530380	0.528955	1.446520	3.750000	6.000000	0.910427	0.910427	0.835829	0	0	1	1	155	1167431
1444474224	23	27	31	38	3	3	3	1	4	6	0	1	0	0	0	4.943151	0.530380	0.530380	0.528955	1.446520	3.750000	6.000000	0.905915	0.905915	0.831341	0	0	1	1	155	1164650
1444474225	42	40	35	38	8	5	3	5	2	7	0	0	0	2	0	4.943151	0.527529	0.528955	0.528955	1.447326	3.750000	6.000000	0.980491	0.905915	0.831341	0	0	1	1	155	1167404
1444474227	32	46	39	30	4	2	1	1	9	7	0	1	0	1	0	4.943151	0.531806	0.528955	0.520400	1.445714	3.750000	6.000000	0.980491	0.905915	0.831341	0	0	1	1	155	1167423
1444474228	34	31	31	31	3	1	1	3	1	1	0	0	0	0	0	4.941538	0.531806	0.531806	0.524677	1.447326	3.750000	6.000000	0.985028	0.873128	0.798530	0	0	1	1	155	1165787
1444474229	34	33	34	37	4	2	0	2	4	7	0	0	0	0	0	4.941538	0.530380	0.530380	0.526103	1.447326	3.750000	6.000000	0.947729	0.910427	0.798530	0	0	1	1	155	1167394
1444474230	28	28	28	32	3	1	3	1	1	3	0	0	0	0	0	4.944762	0.531806	0.530380	0.527529	1.446520	3.750000	6.000000	0.938683	0.901405	0.789581	0	0	1	1	155	1167419
1444474231	32	39	33	35	2	2	5	4	3	2	0	1	1	0	0	4.944762	0.531806	0.528955	0.523252	1.443297	3.500000	6.000000	0.938683	0.901405	0.826856	0	0	1	1	155	1167419
1444474233	28	40	38	25	4	2	1	3	1	4	0	0	0	0	0	4.943151	0.533232	0.528955	0.526103	1.446520	3.750000	6.000000	0.905915	0.905915	0.644904	0	0	1	1	155	1164638
1444474234	39	35	33	33	4	1	2	2	4	6	0	1	0	0	0	4.943151	0.530380	0.530380	0.526103	1.446520	3.750000	6.000000	0.980491	0.905915	0.794054	0	0	1	1	155	1167395
1444474235	35	37	39	34	5	2	3	3	7	2	0	2	0	0	0	4.943151	0.531806	0.531806	0.524677	1.445714	3.750000	6.000000	0.943204	0.943204	0.831341	0	0	1	1	155	1167419
1444474236	37	31	35	41	4	4	6	2	1	1	0	0	0	0	0	4.938315	0.531806	0.531806	0.526103	1.444908	3.750000	6.000000	0.956786	0.956786	0.807490	0	0	1	1	155	1164648
1444474237	33	36	45	31	1	3	2	3	5	3	0	0	0	1	0	4.943151	0.531806	0.530380	0.526103	1.445714	3.750000	6.000000	0.943204	0.980491	0.794054	0	0	1	1	155	1167394
1444474239	37	30	34	36	2	0	2	4	1	2	0	0	0	0	0	4.943151	0.530380	0.528955	0.526103	1.445714	3.750000	6.000000	0.980491	0.905915	0.794054	0	0	1	1	155	1167418
1444474240	30	35	39	45	1	2	3	3	4	4	1	0	0	0	0	4.941538	0.530380	0.530380	0.524677	1.445714	3.750000	6.000000	0.947729	0.947729	0.835829	0	0	1	1	155	1165805
1444474241	42	28	37	40	2	2	0	3	3	2	1	0	0	0	0	4.938315	0.531806	0.531806	0.527529	1.444908	3.750000	6.000000	0.994110	0.956786	0.844813	0	0	1	1	155	1167407
1444474242	40	30	40	40	4	1	4	6	2	8	0	0	1	0	0	4.943151	0.527529	0.531806	0.526103	1.445714	3.750000	6.000000	0.905915	0.905915	0.831341	0	0	1	1	155	1167429
1444474243	37	33	49	28	7	4	2	4	2	6	2	1	1	0	1	4.944762	0.530380	0.530380	0.526103	1.445714	3.750000	6.000000	0.975957	0.938683	0.826856	0	0	1	1	155	1167429
1444474245	33	30	36	27	3	1	1	2	4	4	0	1	0	0	0	4.944762	0.528955	0.527529	0.524677	1.444908	3.750000	6.000000	0.901405	0.901405	0.789581	0	0	1	1	155	1164679
1444474246	31	37	35	37	3	4	2	8	7	10	1	0	1	2	0	4.944762	0.528955	0.531806	0.526103	1.445714	3.750000	6.000000	0.901405	0.938683	0.789581	0	0	1	1	155	1167404
1444474247	39	36	35	47	3	0	5	4	4	7	0	0	0	0	0	4.938315	0.528955	0.530380	0.526103	1.443297	3.750000	6.000000	0.882137	0.919461	0.844813	0	0	1	1	156	1167449
1444474248	38	29	39	41	4	4	2	4	3	7	1	0	0	0	0	4.944762	0.527529	0.530380	0.526103	1.444908	3.750000	6.000000	0.864131	0.901405	0.789581	0	0	1	1	155	1164666
1444474249	32	39	26	29	6	2	2	2	2	5	1	2	0	0	0	4.943151	0.528955	0.523252	0.526103	1.445714	3.750000	6.000000	0.868628	0.905915	0.794054	0	0	1	1	155	1167405
1444474251	36	26	46	38	2	5	4	2	2	4	0	0	2	0	0	4.939927	0.527529	0.527529	0.523252	1.442491	3.750000	6.000000	0.840319	0.914942	0.803008	0	0	1	1	155	1167424
1444474252	42	31	28	47	6	3	7	1	2	9	1	1	2	1	1	4.943151	0.528955	0.527529	0.524677	1.444908	3.750000	6.000000	0.905915	0.831341	0.644904	0	0	1	1	155	1165900
1444474253	33	40	34	35	4	0	0	2	6	7	0	0	0	2	0	4.943151	0.528955	0.527529	0.526103	1.444908	3.750000	6.000000	0.905915	0.831341	0.794054	0	0	1	1	155	1167395
1444474254	31	38	33	41	3	0	1	2	1	7	0	0	0	0	0	4.941538	0.528955	0.527529	0.526103	1.444908	3.750000	6.000000	0.873128	0.873128	0.798530	0	0	1	1	155	1167419
1444474255	27	35	37	43	5	0	1	0	2	9	0	0	0	0	0	4.944762	0.528955	0.526103	0.523252	1.443297	3.500000	6.000000	0.901405	0.864131	0.789581	0	0	1	1	155	1167419
1444474257	34	35	37	32	3	4	1	3	2	6	0	0	0	0	0	4.943151	0.528955	0.527529	0.526103	1.444103	3.750000	6.000000	0.868628	0.868628	0.831341	0	0	1	1	155	1180977
1444474258	37	41	24	31	3	1	1	2	6	2	0	1	0	0	0	4.943151	0.527529	0.523252	0.523252	1.444908	3.750000	6.000000	0.905915	0.831341	0.794054	0	0	1	1	155	1167395
1444474259	44	30	38	25	4	2	3	4	1	5	0	0	1	0	0	4.943151	0.528955	0.527529	0.526103	1.444103	3.750000	6.000000	0.905915	0.831341	0.831341	0	0	1	1	155	1167419
1444474260	36	34	38	33	4	4	2	3	4	4	0	0	0	0	0	4.944762	0.528955	0.528955	0.526103	1.444103	3.750000	6.000000	0.901405	0.864131	0.789581	0	0	1	1	155	1176023
1444474261	43	28	31	28	2	3	3	6	3	7	0	0	0	1	0	4.944762	0.528955	0.526103	0.526103	1.443297	3.500000	6.000000	0.826856	0.826856	0.752306	0	0	1	1	155	1167392
1444474263	43	42	34	39	5	2	4	5	4	7	0	0	1	0	0	4.939927	0.528955	0.527529	0.526103	1.443297	3.750000	6.000000	0.914942	0.840319	0.728385	0	0	1	1	155	1167419
1444474264	37	26	37	33	3	1	2	5	2	6	0	0	0	0	0	4.944762	0.528955	0.527529	0.526103	1.443297	3.500000	6.000000	0.864131	0.864131	0.789581	0	0	1	1	155	1165820
1444474265	34	43	38	33	4	2	3	3	3	8	0	0	0	0	0	4.943151	0.530380	0.528955	0.524677	1.443297	3.750000	6.000000	0.905915	0.868628	0.794054	0	0	1	1	155	1167405
1444474266	41	32	35	32	5	0	0	1	2	8	0	0	0	0	0	4.947986	0.527529	0.528955	0.526103	1.444103	3.500000	6.000000	0.892396	0.855146	0.780645	0	0	1	1	155	1167429
1444474267	43	51	39	33	5	0	4	4	2	6	0	0	0	0	0	4.943151	0.536083	0.527529	0.524677	1.442491	3.500000	6.000000	0.831341	0.831341	0.719479	0	0	1	1	155	1164660
1444474269	39	33	41	32	4	3	1	3	4	6	2	1	1	1	1	4.943151	0.528955	0.527529	0.526103	1.443297	3.750000	6.000000	0.868628	0.868628	0.794054	0	0	1	1	155	1167404
1444474270	41	35	32	37	6	1	0	2	4	7	1	0	0	0	0	4.943151	0.527529	0.527529	0.526103	1.443297	3.750000	6.000000	0.905915	0.868628	0.794054	0	0	1	1	155	1167431
1444474271	36	36	47	39	4	5	6	4	6	12	1	1	2	1	0	4.943151	0.528955	0.528955	0.526103	1.443297	3.750000	6.000000	0.868628	0.868628	0.794054	0	0	1	1	155	1167428
1444474272	35	31	27	30	7	1	0	2	4	7	0	0	0	0	0	4.944762	0.533232	0.526103	0.524677	1.443297	3.500000	6.000000	0.864131	0.864131	0.826856	0	0	1	1	156	1164663
1444474273	24	35	26	28	4	1	2	1	3	2	1	0	0	0	0	4.943151	0.528955	0.527529	0.526103	1.442491	3.500000	6.000000	0.794054	0.756766	0.794054	0	0	1	1	155	1167405
1444474275	37	38	28	43	5	3	2	1	6	4	0	1	0	0	0	4.943151	0.528955	0.528955	0.527529	1.443297	3.750000	6.000000	0.905915	0.868628	0.794054	0	0	1	1	155	1167424
1444474276	42	43	18	40	8	1	1	3	3	2	1	0	0	0	0	4.946374	0.527529	0.527529	0.526103	1.441685	3.500000	6.000000	0.859637	0.822375	0.822375	0	0	1	1	155	1165806
1444474277	25	36	31	33	3	2	1	3	1	3	0	0	0	0	0	4.943151	0.527529	0.527529	0.524677	1.441685	3.500000	6.000000	0.868628	0.868628	0.794054	0	0	1	1	155	1167395
1444474278	27	31	41	31	3	0	1	3	4	5	0	1	0	0	0	4.939927	0.517549	0.537509	0.523252	1.440073	3.500000	6.000000	0.914942	0.840319	0.803008	0	0	1	1	155	1167419
