time	cnt1	cnt2	cnt3	cnt4	1&2	1&3	1&4	2&3	2&4	3&4	1&2&3	1&2&4	1&3&4	2&3&4	1&2&3&4	adcr	adcp1	adcp2	adcp3	adcntc	ntcT	digT	p1	p2	p3	hvstate	pbsstate	ethstate	listpbs	sdstate	looptime
1444474279	29	35	30	35	4	1	0	5	7	4	1	0	0	1	0	4.946374	0.528955	0.528955	0.526103	1.442491	3.500000	6.000000	0.896899	0.859637	0.785111	0	0	1	1	155	1164663
1444474281	47	26	30	31	5	3	2	2	0	1	1	0	0	0	0	4.941538	0.527529	0.528955	0.527529	1.443297	3.750000	6.000000	0.873128	0.873128	0.761231	0	0	1	1	155	1219256
1444474282	32	40	38	38	3	2	1	2	0	6	0	0	0	0	0	4.943151	0.528955	0.527529	0.523252	1.441685	3.500000	6.000000	0.905915	0.868628	0.719479	0	0	1	1	155	1167395
1444474283	35	33	31	35	5	0	1	5	5	5	0	0	0	0	0	4.943151	0.528955	0.528955	0.523252	1.442491	3.500000	6.000000	0.905915	0.868628	0.719479	0	0	1	1	155	1201824
1444474284	38	42	41	40	4	2	4	4	5	4	0	0	1	0	0	4.941538	0.528955	0.528955	0.523252	1.441685	3.500000	6.000000	0.873128	0.835829	0.723931	0	0	1	1	155	1167395
1444474285	27	30	36	32	3	1	4	1	1	9	0	0	1	0	0	4.944762	0.526103	0.527529	0.524677	1.442491	3.500000	6.000000	0.901405	0.826856	0.752306	0	0	1	1	155	1167419
1444474287	40	37	34	31	3	5	2	2	0	4	0	0	2	0	0	4.939927	0.528955	0.527529	0.523252	1.440879	3.500000	6.000000	0.877631	0.840319	0.728385	0	0	1	1	155	1170008
1444474288	34	37	29	35	5	2	3	2	2	7	1	0	0	0	0	4.943151	0.527529	0.527529	0.518974	1.441685	3.500000	6.000000	0.905915	0.831341	0.719479	0	0	1	1	155	1168550
1444474289	40	37	39	39	6	3	3	2	4	2	0	0	0	0	0	4.943151	0.528955	0.528955	0.523252	1.441685	3.500000	6.000000	0.868628	0.756766	0.719479	0	0	1	1	155	1167428
1444474290	43	32	39	35	7	6	4	3	0	9	1	0	1	0	0	4.941538	0.528955	0.527529	0.521826	1.441685	3.500000	6.000000	0.835829	0.835829	0.723931	0	0	1	1	155	1164680
1444474291	41	31	27	29	6	2	0	2	4	1	0	0	0	0	0	4.943151	0.528955	0.527529	0.523252	1.441685	3.500000	6.000000	0.868628	0.868628	0.719479	0	0	1	1	155	1167404
1444474293	42	40	34	35	3	3	2	3	2	5	0	0	1	1	0	4.943151	0.528955	0.527529	0.523252	1.441685	3.500000	6.000000	0.905915	0.868628	0.756766	0	0	1	1	155	1167429
1444474294	30	33	38	31	4	3	1	6	2	5	1	0	0	0	0	4.944762	0.527529	0.528955	0.523252	1.441685	3.500000	6.000000	0.752306	0.789581	0.640481	0	0	1	1	155	1167428
1444474295	43	40	38	37	6	6	3	3	8	6	0	1	0	0	0	4.943151	0.528955	0.527529	0.521826	1.441685	3.500000	6.000000	0.905915	0.943204	0.719479	0	0	1	1	155	1164695
1444474296	45	39	44	37	7	4	1	6	2	5	0	0	1	1	0	4.943151	0.528955	0.528955	0.523252	1.440879	3.500000	6.000000	0.905915	0.868628	0.756766	0	0	1	1	155	1167404
1444474297	37	42	43	36	7	3	0	3	5	5	0	0	0	0	0	4.941538	0.528955	0.528955	0.523252	1.440879	3.500000	6.000000	0.910427	0.835829	0.649333	0	0	1	1	155	1167429
1444474299	42	39	42	41	3	3	3	5	5	2	0	1	0	0	0	4.941538	0.528955	0.528955	0.524677	1.440879	3.500000	6.000000	0.910427	0.835829	0.723931	0	0	1	1	155	1164657
1444474300	30	33	38	40	3	4	1	3	3	6	0	0	0	0	0	4.941538	0.528955	0.528955	0.523252	1.440879	3.500000	6.000000	0.910427	0.835829	0.723931	0	0	1	1	155	1168541
1444474301	30	33	37	34	5	0	1	3	6	4	0	0	0	0	0	4.944762	0.528955	0.528955	0.523252	1.441685	3.500000	6.000000	0.901405	0.864131	0.677756	0	0	1	1	155	1167419
1444474302	29	45	45	32	4	5	1	6	2	6	0	0	0	2	0	4.943151	0.528955	0.527529	0.523252	1.440879	3.500000	6.000000	0.905915	0.868628	0.607617	0	0	1	1	155	1164678
1444474303	28	25	40	43	2	0	0	0	3	12	0	0	0	0	0	4.944762	0.524677	0.528955	0.523252	1.440879	3.500000	6.000000	0.826856	0.826856	0.715030	0	0	1	1	155	1167395
1444474305	32	35	37	43	3	3	3	4	4	7	0	0	1	0	0	4.944762	0.527529	0.527529	0.523252	1.440073	3.500000	6.000000	0.901405	0.864131	0.715030	0	0	1	1	156	1167440
1444474306	41	40	32	43	10	6	5	2	5	9	1	3	2	0	1	4.943151	0.526103	0.527529	0.523252	1.440073	3.500000	6.000000	0.831341	0.831341	0.719479	0	0	1	1	155	1164665
1444474307	39	42	40	39	5	3	4	4	2	7	1	1	2	0	1	4.943151	0.526103	0.528955	0.521826	1.438462	3.500000	6.000000	0.831341	0.868628	0.756766	0	0	1	1	156	1167416
1444474308	36	40	28	33	5	4	0	3	2	1	0	0	0	0	0	4.944762	0.526103	0.528955	0.523252	1.440073	3.500000	6.000000	0.826856	0.864131	0.789581	0	0	1	1	155	1167414
1444474309	34	21	34	34	1	0	2	1	0	6	0	0	0	0	0	4.943151	0.526103	0.528955	0.523252	1.440879	3.500000	6.000000	0.794054	0.831341	0.756766	0	0	1	1	155	1167419
1444474311	34	48	34	38	6	3	1	3	2	7	0	0	0	1	0	4.943151	0.527529	0.528955	0.523252	1.439268	3.500000	6.000000	0.831341	0.868628	0.719479	0	0	1	1	155	1164661
1444474312	31	33	29	33	3	1	2	5	1	7	0	0	0	1	0	4.941538	0.526103	0.527529	0.524677	1.439268	3.500000	6.000000	0.835829	0.835829	0.723931	0	0	1	1	155	1168550
1444474313	26	36	27	36	2	1	5	2	3	2	0	0	0	0	0	4.943151	0.527529	0.528955	0.523252	1.440073	3.500000	6.000000	0.682191	0.831341	0.607617	0	0	1	1	155	1167428
1444474314	35	38	32	39	4	0	1	1	1	6	0	0	0	0	0	4.941538	0.527529	0.528955	0.523252	1.439268	3.500000	6.000000	0.910427	0.985028	0.761231	0	0	1	1	155	1164697
1444474315	33	26	36	25	3	1	3	1	2	4	0	0	0	0	0	4.943151	0.526103	0.527529	0.523252	1.440073	3.500000	6.000000	0.831341	0.868628	0.756766	0	0	1	1	155	1167404
1444474317	32	33	37	45	4	2	4	3	3	5	1	1	0	0	0	4.944762	0.526103	0.527529	0.523252	1.440073	3.500000	6.000000	0.789581	0.864131	0.789581	0	0	1	1	155	1167429
1444474318	39	24	39	38	3	1	5	2	4	7	0	2	1	0	0	4.943151	0.526103	0.526103	0.523252	1.439268	3.500000	6.000000	0.831341	0.756766	0.719479	0	0	1	1	155	1164675
1444474319	32	43	37	38	7	2	2	1	3	8	0	0	1	1	0	4.938315	5.838461	0.526103	0.526103	1.437656	3.500000	6.000000	0.994110	0.956786	0.732842	0	0	1	1	155	1167404
1444474320	24	38	33	47	4	1	2	2	9	4	0	1	0	1	0	4.943151	0.526103	0.526103	0.523252	1.440073	3.500000	6.000000	0.831341	0.794054	0.756766	0	0	1	1	155	1167426
1444474321	36	28	33	30	3	2	2	2	1	5	2	0	0	0	0	4.943151	0.527529	0.526103	0.523252	1.439268	3.500000	6.000000	0.868628	0.794054	0.756766	0	0	1	1	155	1167428
1444474323	36	37	35	27	4	2	1	2	1	5	0	0	0	0	0	4.943151	0.526103	0.526103	0.523252	1.438462	3.500000	6.000000	0.831341	0.570331	0.644904	0	0	1	1	155	1164670
1444474324	42	35	33	35	6	1	3	2	2	10	0	0	1	1	0	4.941538	0.526103	0.524677	0.523252	1.438462	3.500000	6.000000	0.835829	0.798530	0.723931	0	0	1	1	155	1168543
1444474325	33	26	47	31	3	2	1	3	3	5	0	1	0	0	0	4.943151	0.527529	0.526103	0.523252	1.438462	3.500000	6.000000	0.831341	0.831341	0.719479	0	0	1	1	156	1167440
1444474326	30	42	30	23	3	1	0	5	4	3	0	0	0	0	0	4.943151	0.526103	0.524677	0.523252	1.438462	3.500000	6.000000	0.831341	0.756766	0.719479	0	0	1	1	155	1164655
1444474327	46	33	26	41	4	8	9	1	6	4	0	1	2	0	0	4.944762	0.527529	0.526103	0.523252	1.438462	3.500000	6.000000	0.752306	0.789581	0.752306	0	0	1	1	155	1167391
1444474329	30	32	41	37	3	3	0	1	4	6	1	0	0	0	0	4.944762	0.526103	0.526103	0.521826	1.438462	3.500000	6.000000	0.789581	0.789581	0.715030	0	0	1	1	155	1167419
1444474330	30	40	40	31	3	3	4	2	2	2	0	0	1	0	0	4.944762	0.527529	0.524677	0.523252	1.438462	3.500000	6.000000	0.826856	0.789581	0.715030	0	0	1	1	155	1164660
1444474331	37	37	30	29	8	1	2	1	9	4	0	2	0	0	0	4.943151	0.526103	0.526103	0.523252	1.438462	3.500000	6.000000	0.831341	0.794054	0.756766	0	0	1	1	155	1167394
1444474332	37	31	26	30	5	3	3	4	3	2	1	0	0	0	0	4.944762	0.527529	0.526103	0.523252	1.438462	3.500000	6.000000	0.826856	0.603207	0.677756	0	0	1	1	155	1167419
1444474333	34	39	34	38	6	4	1	5	2	7	1	0	0	0	0	4.943151	0.526103	0.526103	0.523252	1.436850	3.500000	6.000000	0.831341	0.794054	0.682191	0	0	1	1	155	1167419
1444474335	43	34	40	36	1	4	2	2	2	4	0	0	0	0	0	4.941538	0.526103	0.521826	0.523252	1.438462	3.500000	6.000000	0.835829	0.798530	0.723931	0	0	1	1	155	1164702
1444474336	32	40	33	42	7	3	3	5	5	7	1	1	1	1	1	4.943151	0.526103	0.526103	0.523252	1.437656	3.500000	6.000000	0.831341	0.794054	0.682191	0	0	1	1	155	1168654
1444474337	34	35	25	34	7	1	1	2	3	2	1	0	0	0	0	4.943151	0.524677	0.524677	0.520400	1.438462	3.500000	6.000000	0.831341	0.794054	0.682191	0	0	1	1	155	1167428
1444474338	38	37	37	32	6	3	1	7	5	1	0	1	0	1	0	4.941538	0.526103	0.524677	0.518974	1.438462	3.500000	6.000000	0.835829	0.798530	0.686632	0	0	1	1	155	1164668
1444474339	42	39	29	23	4	2	1	1	4	4	0	0	0	0	0	4.943151	0.526103	0.526103	0.520400	1.437656	3.500000	6.000000	0.831341	0.644904	0.794054	0	0	1	1	155	1167404
1444474341	33	29	35	41	2	1	0	2	1	5	0	0	0	0	0	4.943151	0.526103	0.526103	0.520400	1.437656	3.500000	6.000000	0.831341	0.794054	0.682191	0	0	1	1	155	1167428
1444474342	32	29	33	30	4	5	1	4	3	6	1	1	1	2	1	4.943151	0.526103	0.526103	0.520400	1.437656	3.500000	6.000000	0.831341	0.794054	0.682191	0	0	1	1	155	1164664
1444474343	29	35	42	26	4	1	1	4	4	3	0	0	0	0	0	4.941538	0.524677	0.526103	0.520400	1.436850	3.500000	6.000000	0.835829	0.798530	0.649333	0	0	1	1	155	1167405
1444474344	47	54	35	29	4	0	3	10	3	4	0	0	0	0	0	4.944762	0.526103	0.526103	0.521826	1.437656	3.500000	6.000000	0.789581	0.789581	0.677756	0	0	1	1	155	1167429
1444474345	32	46	20	29	3	1	2	1	2	4	0	0	1	1	0	4.943151	0.524677	0.526103	0.520400	1.436850	3.500000	6.000000	0.831341	0.794054	0.682191	0	0	1	1	156	1164665
1444474347	34	31	39	37	5	0	2	1	4	3	0	1	0	0	0	4.943151	0.526103	0.524677	0.521826	1.435238	3.500000	6.000000	0.756766	0.794054	0.682191	0	0	1	1	155	1167399
1444474348	32	40	24	45	3	2	2	3	4	1	0	0	0	0	0	4.943151	0.527529	0.526103	0.521826	1.436850	3.500000	6.000000	0.831341	0.794054	0.682191	0	0	1	1	155	1168565
1444474349	33	27	29	40	4	1	2	2	3	6	0	1	0	0	0	4.943151	0.526103	0.526103	0.521826	1.436850	3.500000	6.000000	0.831341	0.756766	0.644904	0	0	1	1	155	1167419
1444474350	29	40	32	28	6	1	0	7	3	1	0	0	0	1	0	4.943151	0.526103	0.526103	0.520400	1.437656	3.500000	6.000000	0.831341	0.794054	0.682191	0	0	1	1	155	1164664
1444474351	33	30	34	33	3	1	0	4	1	2	0	0	0	0	0	4.946374	0.526103	0.524677	0.520400	1.436850	3.500000	6.000000	0.822375	0.598798	0.598798	0	0	1	1	155	1167394
1444474353	35	30	39	33	4	1	2	3	6	6	0	0	1	0	0	4.943151	0.526103	0.523252	0.520400	1.436850	3.500000	6.000000	0.831341	0.794054	0.644904	0	0	1	1	155	1167419
1444474354	33	39	36	37	7	2	2	4	1	4	0	0	0	0	0	4.939927	0.526103	0.526103	0.521826	1.436044	3.500000	6.000000	0.840319	0.803008	0.691074	0	0	1	1	155	1164663
1444474355	30	38	36	31	6	1	0	4	5	0	0	0	0	0	0	4.941538	0.526103	0.526103	0.520400	1.436850	3.500000	6.000000	0.835829	0.798530	0.649333	0	0	1	1	155	1167395
1444474356	23	33	39	42	4	1	0	3	2	6	0	0	0	0	0	4.944762	0.524677	0.526103	0.521826	1.436850	3.500000	6.000000	0.826856	0.789581	0.715030	0	0	1	1	155	1167419
1444474357	51	34	32	32	4	4	1	2	0	3	0	0	0	0	0	4.943151	0.526103	0.523252	0.518974	1.436044	3.500000	6.000000	0.831341	0.794054	0.682191	0	0	1	1	155	1176667
1444474359	34	37	31	37	4	0	2	2	5	6	0	0	0	1	0	4.943151	0.526103	0.526103	0.521826	1.435238	3.500000	6.000000	0.868628	0.831341	0.682191	0	0	1	1	155	1167395
1444474360	42	39	35	31	7	5	1	6	5	6	3	0	0	0	0	4.943151	0.524677	0.524677	0.520400	1.436044	3.500000	6.000000	0.831341	0.794054	0.644904	0	0	1	1	155	1168575
1444474361	38	39	33	38	9	3	5	5	8	8	2	3	2	2	1	4.943151	0.526103	0.524677	0.520400	1.436044	3.500000	6.000000	0.831341	0.794054	0.682191	0	0	1	1	155	1167429
1444474362	30	30	39	41	6	3	6	0	5	6	0	1	0	0	0	4.943151	0.524677	0.526103	0.521826	1.435238	3.500000	6.000000	0.756766	0.794054	0.682191	0	0	1	1	155	1164675
1444474363	33	38	25	39	2	2	2	1	4	3	0	0	0	0	0	4.944762	0.524677	0.521826	0.520400	1.436850	3.500000	6.000000	0.826856	0.752306	0.677756	0	0	1	1	155	1167404
1444474365	27	26	24	37	3	0	1	1	1	7	0	0	0	0	0	4.944762	0.523252	0.526103	0.521826	1.436044	3.500000	6.000000	0.752306	0.826856	0.640481	0	0	1	1	155	1167428
1444474366	37	46	34	40	5	1	2	3	3	9	0	0	1	0	0	4.944762	0.526103	0.524677	0.521826	1.436044	3.500000	6.000000	0.789581	0.715030	0.565931	0	0	1	1	155	1164682
1444474367	35	35	22	35	2	4	3	5	5	3	0	0	1	1	0	4.939927	0.524677	0.526103	0.523252	1.435238	3.500000	6.000000	0.765698	0.803008	0.653762	0	0	1	1	155	1167405
1444474368	44	38	33	39	2	1	4	0	3	6	0	1	0	0	0	4.943151	0.524677	0.526103	0.521826	1.435238	3.500000	6.000000	0.756766	0.794054	0.719479	0	0	1	1	155	1167429
1444474369	28	36	47	29	4	3	3	8	3	6	1	0	1	0	0	4.943151	0.523252	0.526103	0.521826	1.435238	3.500000	6.000000	0.756766	0.794054	0.644904	0	0	1	1	155	1164664
1444474371	34	30	51	28	1	4	1	1	0	7	0	0	1	0	0	4.939927	0.523252	0.521826	0.523252	1.433627	3.500000	6.000000	1.213437	0.728385	0.691074	0	0	1	1	155	1167397
1444474372	36	33	26	29	6	1	2	2	3	3	0	0	0	0	0	4.941538	0.524677	0.523252	0.520400	1.435238	3.500000	6.000000	0.761231	0.723931	0.649333	0	0	1	1	155	1168565
1444474373	38	32	28	29	2	3	1	2	3	5	0	0	0	0	0	4.943151	0.523252	0.523252	0.520400	1.435238	3.500000	5.500000	0.756766	0.756766	0.644904	0	0	1	1	155	1167422
1444474374	33	39	34	33	3	2	1	3	1	3	1	0	0	1	0	4.943151	0.523252	0.523252	0.517549	1.435238	3.500000	5.500000	0.794054	0.719479	0.570331	0	0	1	1	155	1164665
1444474375	46	30	39	42	4	3	3	1	2	5	1	0	0	0	0	4.943151	0.523252	0.523252	0.520400	1.434432	3.500000	6.000000	0.719479	0.756766	0.644904	0	0	1	1	155	1167395
1444474377	42	47	45	45	5	4	4	6	4	7	0	1	1	0	0	4.943151	0.518974	0.523252	0.518974	1.434432	3.500000	6.000000	-0.436422	0.719479	0.682191	0	0	1	1	155	1167419
1444474378	35	29	38	28	6	3	0	3	1	4	0	0	0	0	0	4.941538	0.523252	0.523252	0.521826	1.434432	3.500000	6.000000	0.761231	0.686632	0.500136	0	0	1	1	156	1164678
1444474379	34	41	34	35	2	1	1	3	4	2	0	0	0	0	0	4.943151	0.523252	0.523252	0.521826	1.435238	3.500000	6.000000	0.756766	0.719479	0.644904	0	0	1	1	155	1167394
1444474380	40	30	32	23	2	4	1	1	3	2	0	0	0	0	0	4.943151	0.523252	0.523252	0.521826	1.434432	3.500000	5.500000	0.756766	0.682191	0.682191	0	0	1	1	155	1167419
1444474381	36	33	29	36	5	3	4	4	4	5	0	1	0	0	0	4.941538	0.523252	0.523252	0.518974	1.433627	3.500000	6.000000	0.761231	0.723931	0.612034	0	0	1	1	155	1164668
1444474383	35	39	43	49	7	4	3	3	6	10	1	1	1	1	0	4.941538	0.523252	0.523252	0.518974	1.432821	3.500000	5.500000	0.761231	0.723931	0.612034	0	0	1	1	155	1167395
1444474384	39	27	25	45	5	2	4	1	4	9	0	0	0	0	0	4.943151	0.523252	0.523252	0.517549	1.434432	3.500000	5.500000	0.756766	0.719479	0.644904	0	0	1	1	156	1168596
1444474385	38	47	27	41	9	1	1	2	6	3	0	0	0	0	0	4.943151	0.523252	0.523252	0.517549	1.433627	3.500000	6.000000	0.756766	0.719479	0.607617	0	0	1	1	155	1164663
1444474386	35	31	34	31	4	2	2	2	3	2	0	1	0	0	0	4.943151	0.523252	0.523252	0.520400	1.433627	3.500000	5.500000	0.756766	0.719479	0.644904	0	0	1	1	155	1167404
1444474387	27	37	40	38	3	2	2	4	3	10	0	0	1	1	0	4.943151	0.523252	0.523252	0.518974	1.433627	3.500000	5.500000	0.756766	0.719479	0.607617	0	0	1	1	155	1167429
1444474389	31	42	38	33	1	1	2	4	5	5	0	0	0	1	0	4.944762	0.523252	0.521826	0.518974	1.434432	3.500000	5.500000	0.677756	0.603207	0.565931	0	0	1	1	156	1167450
1444474390	38	35	41	36	3	3	2	2	2	4	0	0	0	0	0	4.943151	0.523252	0.523252	0.517549	1.434432	3.500000	6.000000	0.682191	0.644904	0.570331	0	0	1	1	155	1164673
1444474391	37	40	35	33	4	4	1	5	3	7	1	0	0	1	0	4.943151	0.523252	0.521826	0.518974	1.433627	3.500000	5.500000	0.756766	0.719479	0.570331	0	0	1	1	155	1167404
1444474392	34	36	36	36	3	0	2	3	5	4	0	1	0	0	0	4.943151	0.523252	0.523252	0.520400	1.432821	3.500000	5.500000	0.756766	0.756766	0.682191	0	0	1	1	155	1167431
1444474393	33	35	34	37	4	0	1	2	2	3	0	0	0	0	0	4.944762	0.523252	0.524677	0.518974	1.433627	3.500000	5.500000	0.752306	0.715030	0.565931	0	0	1	1	155	1164688
1444474395	20	26	27	46	1	3	3	3	3	9	1	0	0	0	0	4.939927	0.523252	0.523252	0.518974	1.432821	3.500000	5.500000	0.765698	0.728385	0.653762	0	0	1	1	155	1167400
1444474396	38	43	36	45	6	2	3	1	4	7	0	0	0	0	0	4.944762	0.523252	0.523252	0.517549	1.431209	3.250000	5.500000	0.752306	0.677756	0.603207	0	0	1	1	155	1168562
1444474397	31	28	27	37	5	3	2	3	2	2	0	0	0	0	0	4.944762	0.523252	0.520400	0.513271	1.433627	3.500000	5.500000	0.640481	0.715030	0.603207	0	0	1	1	155	1164662
1444474398	35	42	40	31	6	0	4	5	4	5	0	1	0	0	0	4.941538	0.523252	0.523252	0.518974	1.432821	3.500000	5.500000	0.761231	0.686632	0.612034	0	0	1	1	155	1167394
1444474399	28	45	23	29	4	2	2	1	3	1	0	0	0	0	0	4.944762	0.523252	0.523252	0.517549	1.432821	3.500000	5.500000	0.752306	0.715030	0.565931	0	0	1	1	155	1167422
1444474401	37	38	35	41	5	2	1	1	1	8	0	0	0	0	0	4.943151	0.523252	0.523252	0.518974	1.432821	3.500000	5.500000	0.756766	0.719479	0.607617	0	0	1	1	155	1167419
1444474402	29	38	39	34	2	2	2	3	0	9	0	0	1	0	0	4.941538	0.523252	0.523252	0.517549	1.432015	3.500000	5.500000	0.761231	0.723931	0.612034	0	0	1	1	155	1164676
1444474403	40	33	40	39	4	5	5	3	6	6	1	1	0	1	0	4.943151	0.523252	0.523252	0.518974	1.432821	3.500000	5.500000	0.756766	0.719479	0.533044	0	0	1	1	155	1167395
1444474404	27	33	31	25	1	0	0	4	2	6	0	0	0	0	0	4.944762	0.523252	0.523252	0.518974	1.432821	3.500000	5.500000	0.752306	0.715030	0.603207	0	0	1	1	155	1167419
1444474405	28	34	42	34	5	1	2	3	3	5	0	0	0	1	0	4.943151	0.524677	0.523252	0.518974	1.432015	3.500000	5.500000	0.756766	0.756766	0.607617	0	0	1	1	155	1164578
1444474407	31	22	31	37	0	5	0	1	4	7	0	0	0	0	0	4.941538	0.526103	0.523252	0.520400	1.432015	3.500000	5.500000	0.761231	0.761231	0.649333	0	0	1	1	155	1167394
1444474408	26	31	40	37	4	2	0	1	3	5	0	0	0	0	0	4.943151	0.521826	0.518974	0.517549	1.432015	3.500000	5.500000	0.756766	0.719479	0.607617	0	0	1	1	155	1168574
1444474409	45	39	31	41	6	3	4	4	6	4	1	1	1	1	0	4.943151	0.523252	0.523252	0.517549	1.432015	3.500000	5.500000	0.756766	0.719479	0.644904	0	0	1	1	155	1164814
1444474410	41	37	33	39	4	3	3	0	3	2	0	0	0	0	0	4.943151	0.516123	0.517549	0.516123	1.431209	3.500000	5.500000	0.868628	1.017778	0.458469	0	0	1	1	155	1167400
1444474411	43	35	30	33	4	2	4	3	4	2	0	1	0	0	0	4.941538	0.523252	0.523252	0.518974	1.431209	3.500000	5.500000	0.761231	0.723931	0.612034	0	0	1	1	155	1167429
1444474413	36	40	27	22	3	3	4	2	3	4	0	0	1	0	0	4.944762	0.523252	0.523252	0.518974	1.432015	3.500000	5.500000	0.789581	0.715030	0.603207	0	0	1	1	155	1167429
1444474414	37	31	38	41	1	2	2	3	8	9	0	1	0	0	0	4.943151	0.523252	0.523252	0.518974	1.431209	3.500000	5.500000	0.756766	0.682191	0.570331	0	0	1	1	155	1164671
1444474415	30	29	30	40	2	2	2	0	2	7	0	0	0	0	0	4.943151	0.523252	0.521826	0.516123	1.432015	3.500000	5.500000	0.756766	0.719479	0.570331	0	0	1	1	155	1167404
1444474416	36	41	33	30	5	2	2	4	2	6	0	1	0	0	0	4.943151	0.523252	0.523252	0.517549	1.431209	3.500000	5.500000	0.719479	0.644904	0.533044	0	0	1	1	155	1167428
1444474417	37	29	37	32	4	2	3	1	2	9	1	1	2	1	1	4.944762	0.523252	0.523252	0.518974	1.431209	3.250000	5.500000	0.715030	0.752306	0.640481	0	0	1	1	155	1164670
1444474419	30	37	37	31	6	1	1	4	2	7	0	0	0	1	0	4.941538	0.524677	0.526103	0.517549	1.430403	3.250000	5.500000	0.798530	0.761231	0.612034	0	0	1	1	155	1167400
1444474420	35	34	34	30	2	3	2	5	1	2	1	0	0	1	0	4.941538	0.523252	0.523252	0.518974	1.430403	3.250000	5.500000	0.761231	0.686632	0.574735	0	0	1	1	155	1168565
1444474421	37	30	39	39	1	4	1	2	5	2	0	0	0	0	0	4.941538	0.523252	0.523252	0.517549	1.430403	3.250000	5.500000	0.723931	0.723931	0.574735	0	0	1	1	155	1164670
1444474422	34	46	30	46	5	1	1	2	8	6	0	0	0	0	0	4.943151	0.521826	0.523252	0.518974	1.431209	3.500000	5.500000	0.756766	0.719479	0.570331	0	0	1	1	155	1167394
1444474423	39	37	28	39	2	1	1	2	5	3	0	0	0	1	0	4.944762	0.523252	0.523252	0.518974	1.430403	3.250000	5.500000	0.715030	0.715030	0.640481	0	0	1	1	155	1167419
1444474425	29	29	36	36	3	2	2	1	5	7	0	0	1	1	0	4.943151	0.523252	0.523252	0.517549	1.430403	3.250000	5.500000	0.756766	0.682191	0.570331	0	0	1	1	155	1167419
1444474426	29	43	37	36	6	2	1	2	3	7	0	0	0	1	0	4.941538	0.523252	0.523252	0.517549	1.430403	3.250000	5.500000	0.798530	0.761231	0.612034	0	0	1	1	155	1164689
1444474427	33	38	47	35	4	3	1	2	2	3	1	0	0	0	0	4.943151	0.524677	0.523252	0.518974	1.431209	3.500000	5.500000	0.756766	0.756766	0.607617	0	0	1	1	155	1167395
1444474428	33	40	37	38	3	1	2	2	2	5	0	0	0	0	0	4.941538	0.523252	0.523252	0.513271	1.427985	3.250000	5.500000	0.873128	0.761231	0.612034	0	0	1	1	155	1167419
1444474429	35	34	35	50	2	3	3	5	3	6	0	1	1	0	0	4.944762	0.524677	0.523252	0.513271	1.429597	3.250000	5.500000	0.901405	0.752306	0.640481	0	0	1	1	155	1164665
1444474431	28	24	31	24	3	3	3	2	3	6	0	1	1	0	0	4.943151	0.521826	0.523252	0.520400	1.429597	3.250000	5.500000	0.756766	0.682191	0.644904	0	0	1	1	155	1167394
1444474432	40	33	30	30	6	0	0	2	2	3	0	0	0	0	0	4.944762	0.523252	0.523252	0.517549	1.430403	3.250000	5.500000	0.752306	0.752306	0.603207	0	0	1	1	155	1168574
1444474433	31	34	36	36	3	0	4	2	2	4	0	0	0	0	0	4.943151	0.523252	0.523252	0.517549	1.429597	3.250000	5.500000	0.756766	0.756766	0.607617	0	0	1	1	155	1164671
1444474434	35	36	31	37	2	2	4	2	2	3	0	0	0	0	0	4.943151	0.523252	0.523252	0.520400	1.430403	3.250000	5.500000	0.756766	0.719479	0.607617	0	0	1	1	155	1167404
1444474435	26	38	46	35	2	2	3	4	3	8	1	1	1	1	1	4.944762	0.520400	0.521826	0.518974	1.430403	3.250000	5.500000	0.677756	0.715030	0.640481	0	0	1	1	155	1167429
1444474437	35	34	38	38	3	1	2	4	1	6	0	0	0	1	0	4.943151	0.523252	0.523252	0.518974	1.429597	3.250000	5.500000	0.756766	0.719479	0.495756	0	0	1	1	155	1164674
1444474438	33	26	46	33	3	4	1	1	5	5	0	0	0	0	0	4.944762	0.521826	0.523252	0.517549	1.429597	3.250000	5.500000	0.715030	0.752306	0.640481	0	0	1	1	155	1167404
1444474439	27	33	38	29	2	5	0	4	1	7	1	0	0	0	0	4.941538	0.520400	0.523252	0.518974	1.429597	3.250000	5.500000	0.686632	0.723931	0.612034	0	0	1	1	155	1167428
1444474440	31	32	27	41	2	1	2	1	6	9	0	0	0	0	0	4.943151	0.523252	0.523252	0.514697	1.429597	3.250000	5.500000	0.719479	0.682191	0.607617	0	0	1	1	155	1167428
1444474441	38	31	37	30	2	4	2	3	4	5	1	0	0	0	0	4.943151	0.521826	0.524677	0.517549	1.428791	3.250000	5.500000	0.607617	0.719479	0.607617	0	0	1	1	155	1164659
1444474443	36	38	26	28	6	1	2	0	3	7	0	0	0	0	0	4.941538	0.521826	0.520400	0.518974	1.428791	3.250000	5.500000	0.723931	0.761231	0.612034	0	0	1	1	155	1167400
1444474444	30	30	30	33	4	0	4	1	3	2	0	2	0	0	0	4.943151	0.521826	0.523252	0.517549	1.428791	3.250000	5.500000	0.719479	0.719479	0.607617	0	0	1	1	155	1168565
1444474445	40	23	39	35	2	2	3	3	3	6	0	0	0	2	0	4.939927	0.521826	0.523252	0.518974	1.427985	3.250000	5.500000	0.728385	0.728385	0.653762	0	0	1	1	155	1164658
1444474446	28	32	31	32	8	1	1	3	1	6	0	0	0	0	0	4.943151	0.521826	0.523252	0.517549	1.428791	3.250000	5.500000	0.719479	0.719479	0.607617	0	0	1	1	155	1167395
1444474447	43	35	41	42	6	6	4	4	5	3	2	2	1	1	1	4.944762	0.521826	0.524677	0.520400	1.427985	3.250000	5.500000	0.715030	0.715030	0.565931	0	0	1	1	155	1167419
1444474449	36	39	41	31	7	1	2	1	2	3	0	0	0	0	0	4.943151	0.521826	0.524677	0.518974	1.428791	3.250000	5.500000	0.682191	0.756766	0.607617	0	0	1	1	155	1164659
1444474450	38	29	27	31	3	1	1	2	4	5	0	0	0	0	0	4.943151	0.520400	0.523252	0.517549	1.428791	3.250000	5.500000	0.719479	0.719479	0.570331	0	0	1	1	155	1167395
1444474451	34	30	37	32	5	0	0	0	4	4	0	0	0	0	0	4.939927	0.520400	0.523252	0.517549	1.427180	3.250000	5.500000	0.765698	0.765698	0.616451	0	0	1	1	155	1167419
1444474452	34	36	34	39	5	1	2	0	1	6	0	0	1	0	0	4.944762	0.521826	0.523252	0.518974	1.428791	3.250000	5.500000	0.677756	0.752306	0.603207	0	0	1	1	155	1167419
1444474453	28	36	47	32	2	3	1	3	3	4	0	0	0	0	0	4.941538	0.521826	0.523252	0.517549	1.428791	3.250000	5.500000	0.612034	0.686632	0.686632	0	0	1	1	155	1164665
1444474455	31	40	50	35	3	2	2	6	3	5	0	0	0	0	0	4.939927	0.521826	0.524677	0.518974	1.427180	3.250000	5.500000	1.810421	0.653762	0.541828	0	0	1	1	155	1167395
1444474456	35	36	30	34	1	2	3	2	8	5	0	0	0	1	0	4.941538	0.521826	0.523252	0.517549	1.427985	3.250000	5.500000	0.686632	0.761231	0.612034	0	0	1	1	155	1168575
1444474457	34	35	35	38	4	1	2	3	5	6	0	1	0	0	0	4.943151	0.521826	0.523252	0.518974	1.427985	3.250000	5.500000	0.719479	0.756766	0.607617	0	0	1	1	155	1164666
1444474458	34	41	34	28	3	3	2	3	3	4	0	0	0	0	0	4.946374	0.520400	0.523252	0.518974	1.427985	3.250000	5.500000	0.710586	0.710586	0.561534	0	0	1	1	155	1167404
1444474459	28	32	31	36	2	1	2	2	3	5	0	0	0	0	0	4.943151	0.520400	0.523252	0.516123	1.428791	3.250000	5.500000	0.682191	0.682191	0.570331	0	0	1	1	155	1167426
1444474461	42	37	33	35	6	0	3	3	3	8	0	0	0	0	0	4.944762	0.521826	0.520400	0.516123	1.427180	3.250000	5.500000	0.715030	0.715030	0.603207	0	0	1	1	155	1164698
1444474462	32	29	36	27	2	2	1	2	4	2	0	0	0	0	0	4.944762	0.520400	0.523252	0.518974	1.427985	3.250000	5.500000	0.715030	0.677756	0.640481	0	0	1	1	155	1167404
1444474463	26	31	35	38	4	3	3	2	3	4	0	0	0	0	0	4.943151	0.518974	0.523252	0.518974	1.427180	3.250000	5.500000	0.682191	0.756766	0.644904	0	0	1	1	155	1167428
1444474464	40	46	36	48	10	1	5	4	2	11	1	0	0	0	0	4.943151	0.520400	0.523252	0.517549	1.425568	3.250000	5.500000	0.719479	0.719479	0.607617	0	0	1	1	155	1167429
1444474465	27	35	28	36	2	4	3	0	5	5	0	1	0	0	0	4.941538	0.520400	0.523252	0.518974	1.427985	3.250000	5.500000	0.686632	0.761231	0.612034	0	0	1	1	157	1164692
1444474467	38	36	35	54	4	1	5	2	2	5	0	1	0	0	0	4.941538	0.521826	0.518974	0.518974	1.427180	3.250000	5.500000	0.686632	0.649333	0.612034	0	0	1	1	155	1167399
1444474468	33	32	30	22	1	1	1	3	2	0	0	0	0	0	0	4.943151	0.521826	0.520400	0.517549	1.427180	3.250000	5.500000	0.682191	0.719479	0.644904	0	0	1	1	155	1168565
1444474469	34	35	38	29	4	4	4	3	3	4	1	0	0	1	0	4.943151	0.520400	0.520400	0.517549	1.427985	3.250000	5.500000	0.719479	0.682191	0.607617	0	0	1	1	155	1164654
1444474470	31	43	23	40	5	0	3	4	5	5	0	0	0	1	0	4.943151	0.521826	0.520400	0.514697	1.427985	3.250000	5.500000	0.719479	0.682191	0.607617	0	0	1	1	155	1167392
1444474471	34	33	38	30	5	3	2	1	1	8	0	0	0	0	0	4.943151	0.523252	0.521826	0.518974	1.427180	3.250000	5.500000	0.682191	0.644904	0.570331	0	0	1	1	155	1167419
1444474473	35	44	39	28	7	2	2	3	0	4	1	0	0	0	0	4.943151	0.520400	0.520400	0.517549	1.427180	3.250000	5.500000	0.644904	0.644904	0.570331	0	0	1	1	155	1164651
1444474474	31	31	37	38	3	4	7	1	4	5	0	0	0	1	0	4.941538	0.521826	0.521826	0.517549	1.426374	3.250000	5.500000	0.723931	0.686632	0.612034	0	0	1	1	155	1167394
1444474475	39	34	44	30	6	3	0	7	4	8	1	0	0	3	0	4.944762	0.518974	0.523252	0.517549	1.426374	3.250000	5.500000	0.715030	0.715030	0.640481	0	0	1	1	155	1167419
1444474476	29	46	28	28	5	1	3	4	6	5	0	0	0	1	0	4.943151	0.520400	0.521826	0.518974	1.427180	3.250000	5.500000	0.644904	0.644904	0.607617	0	0	1	1	155	1164652
1444474477	27	35	27	29	3	0	3	2	6	0	0	0	0	0	0	4.943151	0.521826	0.520400	0.518974	1.427180	3.250000	5.500000	0.682191	0.644904	0.570331	0	0	1	1	155	1167395
1444474479	21	32	33	40	1	2	1	3	4	5	1	0	0	0	0	4.939927	0.521826	0.520400	0.518974	1.425568	3.250000	5.500000	0.728385	0.691074	0.616451	0	0	1	1	155	1167419
1444474480	40	33	32	33	3	4	3	2	2	8	1	1	2	1	1	4.939927	0.521826	0.520400	0.517549	1.425568	3.250000	5.500000	0.691074	0.728385	0.653762	0	0	1	1	155	1168574
1444474481	28	31	40	30	4	4	2	3	3	5	0	0	0	0	0	4.941538	0.520400	0.520400	0.517549	1.426374	3.250000	5.500000	0.686632	0.649333	0.612034	0	0	1	1	155	1164667
1444474482	29	30	29	33	4	1	2	4	3	1	0	1	0	0	0	4.944762	0.521826	0.521826	0.518974	1.425568	3.250000	5.500000	0.677756	0.677756	0.603207	0	0	1	1	155	1167401
1444474483	34	32	42	37	3	4	2	2	5	4	0	0	0	0	0	4.943151	0.521826	0.520400	0.517549	1.425568	3.250000	5.500000	0.719479	0.644904	0.570331	0	0	1	1	155	1167429
1444474485	42	29	29	33	3	2	5	1	4	2	0	0	0	0	0	4.941538	0.521826	0.521826	0.517549	1.425568	3.250000	5.500000	0.723931	0.686632	0.649333	0	0	1	1	155	1164683
1444474486	34	41	30	36	3	1	2	1	1	4	0	0	0	0	0	4.943151	0.521826	0.520400	0.517549	1.425568	3.250000	5.500000	0.719479	0.644904	0.570331	0	0	1	1	155	1167404
1444474487	31	35	27	42	2	1	2	2	3	4	0	0	0	1	0	4.943151	0.521826	0.520400	0.518974	1.424762	3.250000	5.500000	0.682191	0.719479	0.607617	0	0	1	1	155	1167429
1444474488	34	23	33	32	3	3	2	1	2	5	0	0	0	1	0	4.943151	0.521826	0.520400	0.517549	1.425568	3.250000	5.500000	0.607617	0.570331	0.570331	0	0	1	1	155	1164670
1444474489	43	31	28	34	5	1	2	1	3	4	0	0	0	0	0	4.939927	0.521826	0.521826	0.518974	1.425568	3.250000	5.500000	0.728385	0.691074	0.653762	0	0	1	1	155	1167404
1444474491	27	40	40	30	4	0	2	5	6	5	0	0	0	2	0	4.941538	0.521826	0.520400	0.517549	1.425568	3.250000	5.500000	0.723931	0.686632	0.649333	0	0	1	1	155	1167426
1444474492	39	32	43	34	3	2	3	3	2	4	0	0	0	0	0	4.943151	0.521826	0.520400	0.518974	1.423956	3.250000	5.500000	0.682191	0.644904	0.607617	0	0	1	1	155	1168565
1444474493	48	35	29	41	3	2	4	4	5	4	0	0	1	1	0	4.941538	0.520400	0.521826	0.517549	1.424762	3.250000	5.500000	0.686632	0.686632	0.612034	0	0	1	1	155	1164661
1444474494	31	40	27	43	4	2	4	1	5	4	0	1	0	0	0	4.941538	0.520400	0.518974	0.517549	1.423956	3.250000	5.500000	2.141307	0.649333	0.612034	0	0	1	1	155	1167395
1444474495	31	42	39	35	6	3	3	4	2	7	0	0	0	0	0	4.941538	0.521826	0.520400	0.517549	1.424762	3.250000	5.500000	0.686632	0.686632	0.574735	0	0	1	1	155	1167419
1444474497	29	28	29	40	1	2	6	1	2	5	0	0	1	0	0	4.943151	0.520400	0.521826	0.518974	1.425568	3.250000	5.500000	0.533044	0.570331	0.570331	0	0	1	1	155	1174894
1444474498	39	42	37	40	4	1	7	4	3	8	0	0	1	1	0	4.943151	0.521826	0.520400	0.520400	1.424762	3.250000	5.500000	0.682191	0.682191	0.607617	0	0	1	1	155	1167395
1444474499	40	37	40	33	3	5	2	2	2	4	0	0	0	0	0	4.941538	0.520400	0.520400	0.517549	1.423956	3.250000	5.500000	0.686632	0.649333	0.649333	0	0	1	1	155	1167419
1444474500	45	30	25	37	4	2	6	3	4	4	1	0	1	0	0	4.943151	0.520400	0.520400	0.520400	1.423956	3.250000	5.500000	0.682191	0.644904	0.570331	0	0	1	1	155	1164659
1444474501	24	29	26	22	2	1	2	0	3	2	0	0	0	0	0	4.943151	0.521826	0.520400	0.514697	1.423150	3.250000	5.500000	0.756766	0.682191	0.570331	0	0	1	1	155	1167395
1444474503	31	35	36	30	4	1	2	2	3	4	0	0	0	0	0	4.941538	0.523252	0.520400	0.518974	1.423956	3.250000	5.500000	0.723931	0.649333	0.574735	0	0	1	1	155	1167419
1444474504	25	41	35	33	3	0	0	3	1	5	0	0	0	0	0	4.943151	0.521826	0.520400	0.517549	1.423956	3.250000	5.500000	0.682191	0.682191	0.607617	0	0	1	1	155	1168574
1444474505	36	31	31	33	4	3	1	2	6	6	1	1	0	0	0	4.944762	0.521826	0.520400	0.517549	1.424762	3.250000	5.500000	0.715030	0.640481	0.528657	0	0	1	1	155	1164692
1444474506	42	38	24	29	10	1	0	1	6	3	0	0	0	0	0	4.941538	0.521826	0.518974	0.518974	1.423150	3.250000	5.500000	0.686632	0.649333	0.612034	0	0	1	1	155	1167405
1444474507	35	33	27	36	3	0	2	2	3	4	0	1	0	0	0	4.944762	0.520400	0.516123	0.517549	1.423956	3.250000	5.500000	0.640481	0.715030	0.603207	0	0	1	1	156	1167450
1444474509	30	34	29	26	5	2	0	2	2	2	0	0	0	0	0	4.943151	0.521826	0.521826	0.518974	1.421539	3.250000	5.500000	0.682191	0.682191	0.607617	0	0	1	1	155	1164688
1444474510	37	32	38	31	6	4	2	3	2	7	0	2	0	0	0	4.946374	0.521826	0.520400	0.518974	1.423956	3.250000	5.500000	0.673322	0.636060	0.561534	0	0	1	1	155	1167404
1444474511	39	36	36	32	10	5	3	6	7	3	3	1	0	2	0	4.941538	0.521826	0.520400	0.518974	1.423956	3.250000	5.500000	0.649333	0.649333	0.612034	0	0	1	1	155	1167466
1444474512	43	28	31	35	4	1	3	2	3	4	0	0	0	0	0	4.943151	0.521826	0.520400	0.517549	1.423956	3.250000	5.500000	0.719479	0.644904	0.607617	0	0	1	1	156	1164676
1444474513	40	37	37	30	3	2	2	2	2	1	0	0	0	0	0	4.941538	0.521826	0.520400	0.517549	1.423956	3.250000	5.500000	0.723931	0.649333	0.574735	0	0	1	1	155	1167405
1444474515	32	40	36	40	6	3	4	1	5	11	0	1	2	0	0	4.938315	0.517549	0.521826	0.520400	1.423150	3.250000	5.500000	0.732842	0.695518	0.620872	0	0	1	1	155	1167424
1444474516	27	41	41	43	4	2	0	3	9	8	0	0	0	1	0	4.943151	0.516123	0.518974	0.518974	1.423956	3.250000	5.500000	0.719479	0.682191	0.607617	0	0	1	1	156	1165832
1444474517	29	31	41	35	4	2	2	3	3	9	0	0	1	2	0	4.944762	0.521826	0.521826	0.518974	1.423150	3.250000	5.500000	0.715030	0.677756	0.640481	0	0	1	1	155	1167395
1444474518	27	39	28	43	2	1	1	4	4	6	0	0	0	0	0	4.943151	0.521826	0.520400	0.518974	1.423150	3.250000	5.500000	0.682191	0.682191	0.644904	0	0	1	1	155	1167419
1444474519	28	33	26	25	2	0	1	0	2	3	0	0	0	0	0	4.943151	0.520400	0.520400	0.518974	1.423150	3.250000	5.500000	0.719479	0.644904	0.607617	0	0	1	1	155	1167419
1444474521	39	26	33	37	3	2	2	0	2	5	0	0	0	0	0	4.943151	0.520400	0.518974	0.517549	1.423956	3.250000	5.500000	0.719479	0.682191	0.607617	0	0	1	1	155	1164655
1444474522	36	37	34	42	7	4	1	2	6	3	0	1	0	0	0	4.944762	0.520400	0.520400	0.520400	1.421539	3.250000	5.500000	0.715030	0.677756	0.640481	0	0	1	1	155	1167392
1444474523	39	31	30	22	5	5	1	4	3	3	1	0	1	0	0	4.944762	0.520400	0.521826	0.518974	1.423150	3.250000	5.500000	0.677756	0.640481	0.603207	0	0	1	1	155	1167419
1444474524	30	40	32	34	7	1	2	3	4	3	0	1	0	1	0	4.944762	0.521826	0.521826	0.517549	1.422344	3.250000	5.500000	0.715030	0.640481	0.491381	0	0	1	1	155	1183090
1444474525	32	33	26	22	4	0	1	4	0	4	0	0	0	0	0	4.943151	0.521826	0.520400	0.517549	1.421539	3.250000	5.500000	0.682191	0.682191	0.644904	0	0	1	1	155	1167394
1444474527	35	27	28	19	3	2	1	3	1	3	0	0	0	0	0	4.944762	0.523252	0.521826	0.520400	1.421539	3.250000	5.500000	0.715030	0.677756	0.640481	0	0	1	1	155	1167419
1444474528	36	42	39	31	2	3	2	5	2	2	0	0	0	0	0	4.941538	0.520400	0.520400	0.518974	1.422344	3.250000	5.500000	0.686632	0.686632	0.612034	0	0	1	1	155	1165831
1444474529	34	41	38	37	7	3	4	3	5	3	0	0	0	0	0	4.943151	0.521826	0.521826	0.518974	1.422344	3.250000	5.500000	0.719479	0.682191	0.607617	0	0	1	1	155	1167405
1444474530	33	26	23	29	3	3	4	0	5	3	0	1	0	0	0	4.943151	0.516123	0.516123	0.517549	1.421539	3.250000	5.500000	1.055065	0.495756	0.607617	0	0	1	1	155	1167429
1444474531	46	40	39	35	2	2	1	5	4	7	0	0	0	1	0	4.941538	0.521826	0.521826	0.517549	1.420733	3.250000	5.500000	0.686632	0.686632	0.574735	0	0	1	1	155	1167429
1444474533	33	20	34	30	2	4	4	1	3	1	0	0	0	0	0	4.943151	0.521826	0.520400	0.517549	1.422344	3.250000	5.500000	0.682191	0.682191	0.607617	0	0	1	1	155	1164601
1444474534	38	35	30	24	6	2	3	3	1	5	0	0	1	0	0	4.941538	0.521826	0.520400	0.518974	1.421539	3.250000	5.500000	0.723931	0.649333	0.574735	0	0	1	1	155	1167404
1444474535	38	31	36	43	3	3	2	2	4	8	0	0	1	2	0	4.944762	0.521826	0.520400	0.518974	1.422344	3.250000	5.500000	0.565931	0.603207	0.491381	0	0	1	1	155	1167428
1444474536	25	40	31	28	4	2	1	4	4	4	0	0	0	0	0	4.943151	0.520400	0.520400	0.518974	1.421539	3.250000	5.500000	0.756766	0.756766	0.607617	0	0	1	1	155	1204736
1444474537	39	27	30	39	2	2	5	1	5	4	0	1	0	0	0	4.944762	0.521826	0.520400	0.517549	1.421539	3.250000	5.500000	0.677756	0.677756	0.603207	0	0	1	1	155	1167404
1444474539	35	38	36	47	4	3	2	3	6	6	0	0	0	0	0	4.941538	0.523252	0.520400	0.518974	1.421539	3.250000	5.500000	0.723931	0.686632	0.612034	0	0	1	1	155	1167424
1444474540	34	23	44	33	4	2	2	1	3	5	0	0	0	0	0	4.941538	0.523252	0.517549	0.518974	1.421539	3.250000	5.500000	0.686632	0.649333	0.574735	0	0	1	1	155	1171142
1444474541	44	39	40	44	4	2	2	3	3	9	0	0	0	0	0	4.941538	0.521826	0.520400	0.517549	1.421539	3.250000	5.500000	0.686632	0.649333	0.612034	0	0	1	1	155	1167394
1444474542	27	37	30	39	3	3	3	0	5	6	0	0	0	0	0	4.943151	0.521826	0.520400	0.518974	1.421539	3.250000	5.500000	0.682191	0.682191	0.607617	0	0	1	1	155	1167419
1444474543	29	42	34	34	6	2	1	3	3	5	2	1	1	1	1	4.944762	0.520400	0.520400	0.514697	1.422344	3.250000	5.500000	0.715030	0.677756	0.565931	0	0	1	1	155	1167419
1444474545	38	27	29	32	2	4	2	0	4	3	0	0	0	0	0	4.944762	0.520400	0.530380	0.508994	1.419927	3.000000	5.500000	1.497808	0.528657	0.565931	0	0	1	1	155	1164654
1444474546	36	36	45	38	6	3	2	1	2	5	0	0	0	0	0	4.941538	0.521826	0.520400	0.518974	1.419927	3.000000	5.500000	0.686632	0.686632	0.649333	0	0	1	1	155	1167395
1444474547	33	43	37	40	5	5	3	6	2	7	1	0	0	1	0	4.944762	0.521826	0.520400	0.518974	1.421539	3.250000	5.500000	0.677756	0.677756	0.640481	0	0	1	1	155	1167419
1444474548	27	31	47	35	3	3	2	4	5	3	0	1	0	1	0	4.941538	0.521826	0.520400	0.516123	1.420733	3.250000	5.500000	0.723931	0.649333	0.649333	0	0	1	1	155	1164672
1444474549	40	35	37	35	7	1	1	1	4	3	0	0	0	0	0	4.946374	0.521826	0.518974	0.517549	1.420733	3.000000	5.500000	0.710586	0.673322	0.598798	0	0	1	1	155	1167394
1444474551	29	30	39	32	4	2	3	4	2	7	0	0	0	1	0	4.943151	0.523252	0.521826	0.513271	1.418315	3.000000	5.500000	0.756766	0.719479	0.607617	0	0	1	1	155	1167418
1444474552	34	25	27	22	2	0	1	3	1	4	0	0	0	1	0	4.943151	0.518974	0.520400	0.517549	1.420733	3.000000	5.500000	0.682191	0.570331	0.719479	0	0	1	1	155	1165816
1444474553	43	39	34	32	6	4	3	2	7	4	1	1	0	1	0	4.944762	0.521826	0.520400	0.517549	1.420733	3.000000	5.500000	0.677756	0.677756	0.640481	0	0	1	1	155	1167404
1444474554	35	34	31	28	7	3	2	3	3	7	0	0	1	2	0	4.943151	0.521826	0.520400	0.518974	1.419927	3.000000	5.500000	0.719479	0.682191	0.607617	0	0	1	1	155	1167429
1444474555	48	33	29	36	3	4	2	2	2	2	0	0	0	0	0	4.943151	0.521826	0.520400	0.517549	1.420733	3.000000	5.500000	0.682191	0.682191	0.644904	0	0	1	1	155	1164667
1444474557	36	36	41	47	4	6	4	6	5	4	1	0	0	0	0	4.941538	0.520400	0.520400	0.517549	1.419927	3.000000	5.500000	0.612034	0.612034	0.612034	0	0	1	1	155	1167404
1444474558	27	49	37	40	4	0	4	3	5	7	0	0	0	0	0	4.943151	0.521826	0.520400	0.518974	1.420733	3.000000	5.500000	0.682191	0.682191	0.607617	0	0	1	1	155	1167428
1444474559	26	33	35	36	2	2	2	4	5	6	0	1	0	0	0	4.944762	0.521826	0.521826	0.518974	1.419927	3.000000	5.500000	0.677756	0.640481	0.565931	0	0	1	1	155	1167431
1444474560	50	41	45	36	11	5	6	4	3	8	0	3	0	0	0	4.944762	0.521826	0.521826	0.517549	1.420733	3.000000	5.500000	0.677756	0.677756	0.640481	0	0	1	1	155	1164670
1444474561	35	55	43	40	6	4	1	3	8	6	0	0	0	0	0	4.943151	0.516123	0.521826	0.514697	1.419121	3.000000	5.500000	0.719479	0.682191	0.644904	0	0	1	1	156	1167426
1444474563	42	42	44	33	7	5	2	6	4	8	1	0	1	1	0	4.943151	0.521826	0.521826	0.513271	1.418315	3.000000	5.500000	0.831341	0.682191	0.644904	0	0	1	1	155	1167419
1444474564	45	33	29	40	6	2	2	4	3	2	0	0	0	0	0	4.946374	0.521826	0.521826	0.518974	1.419927	3.000000	5.500000	0.673322	0.561534	0.561534	0	0	1	1	155	1165829
1444474565	31	41	31	26	2	2	1	6	2	3	0	0	0	0	0	4.941538	0.521826	0.520400	0.517549	1.419927	3.000000	5.500000	0.723931	0.649333	0.612034	0	0	1	1	155	1167395
1444474566	42	38	34	32	7	2	4	5	5	4	1	2	0	0	0	4.943151	0.520400	0.520400	0.518974	1.419121	3.000000	5.500000	0.682191	0.682191	0.644904	0	0	1	1	155	1167419
1444474567	27	23	29	30	2	0	3	1	3	5	0	0	0	0	0	4.943151	0.521826	0.521826	0.518974	1.419927	3.000000	5.500000	0.682191	0.644904	0.644904	0	0	1	1	155	1164660
1444474569	34	38	33	29	3	3	2	0	3	3	0	0	0	0	0	4.944762	0.521826	0.521826	0.518974	1.419927	3.000000	5.500000	0.528657	0.640481	0.528657	0	0	1	1	155	1167394
1444474570	32	34	31	33	4	2	4	2	2	4	0	0	2	0	0	4.944762	0.520400	0.520400	0.518974	1.419121	3.000000	5.500000	0.677756	0.640481	0.603207	0	0	1	1	155	1167419
1444474571	42	32	41	38	8	4	1	2	2	5	0	0	0	0	0	4.943151	0.520400	0.520400	0.518974	1.419927	3.000000	5.500000	0.682191	0.682191	0.607617	0	0	1	1	155	1167422
1444474572	36	39	30	39	6	0	1	4	4	7	0	0	0	1	0	4.944762	0.521826	0.520400	0.517549	1.419121	3.000000	5.500000	0.715030	0.640481	0.565931	0	0	1	1	155	1164663
1444474573	37	38	31	43	5	5	1	2	6	3	0	0	0	0	0	4.943151	0.521826	0.520400	0.518974	1.419121	3.000000	5.500000	0.719479	0.682191	0.570331	0	0	1	1	155	1167395
1444474575	35	27	29	39	6	2	4	3	3	4	1	0	0	0	0	4.941538	0.516123	0.518974	0.518974	1.418315	3.000000	5.500000	0.686632	0.686632	0.574735	0	0	1	1	155	1167416
1444474576	41	21	43	36	4	3	2	2	2	6	0	0	1	0	0	4.944762	0.520400	0.520400	0.520400	1.419121	3.000000	5.500000	0.677756	0.677756	0.454106	0	0	1	1	155	1165807
1444474577	31	40	43	38	3	2	2	7	4	7	0	0	0	1	0	4.944762	0.521826	0.520400	0.517549	1.419121	3.000000	5.500000	0.715030	0.640481	0.603207	0	0	1	1	155	1167404
1444474578	37	28	27	37	2	3	4	2	2	2	0	0	0	0	0	4.943151	0.521826	0.520400	0.518974	1.418315	3.000000	5.500000	0.682191	0.682191	0.607617	0	0	1	1	155	1167428
1444474579	37	29	46	37	1	2	0	5	6	5	0	0	0	2	0	4.938315	0.521826	0.520400	0.517549	1.418315	3.000000	5.500000	0.770166	0.658195	0.583549	0	0	1	1	155	1164692
1444474581	25	40	35	43	4	2	2	5	6	2	0	0	0	1	0	4.943151	0.514697	0.516123	0.523252	1.419121	3.000000	5.500000	0.682191	0.719479	0.644904	0	0	1	1	155	1167405
1444474582	37	29	30	38	6	0	3	0	3	3	0	1	0	0	0	4.943151	0.520400	0.520400	0.518974	1.418315	3.000000	5.500000	0.719479	0.570331	0.570331	0	0	1	1	155	1167429
1444474583	40	34	31	35	5	5	2	3	2	3	2	0	0	0	0	4.943151	0.521826	0.520400	0.518974	1.418315	3.000000	5.500000	0.682191	0.644904	0.570331	0	0	1	1	155	1167429
1444474584	40	35	29	41	5	0	2	1	4	6	0	0	0	0	0	4.944762	0.523252	0.520400	0.518974	1.418315	3.000000	5.500000	0.715030	0.640481	0.603207	0	0	1	1	155	1164672
1444474585	34	42	45	36	4	4	3	5	2	6	2	1	1	1	1	4.936703	0.520400	0.517549	0.518974	1.417509	3.000000	5.500000	0.737302	0.699966	0.662630	0	0	1	1	155	1167404
1444474587	31	36	28	33	2	2	5	1	1	4	0	1	1	0	0	4.941538	0.521826	0.520400	0.518974	1.418315	3.000000	5.500000	0.761231	0.686632	0.612034	0	0	1	1	155	1167423
1444474588	31	38	34	41	3	5	1	6	4	8	1	1	0	1	0	4.943151	0.517549	0.520400	0.517549	1.418315	3.000000	5.500000	0.682191	0.719479	0.644904	0	0	1	1	155	1165807
1444474589	38	32	26	31	2	1	2	1	2	4	0	0	0	0	0	4.944762	0.520400	0.521826	0.518974	1.418315	3.000000	5.500000	0.677756	0.715030	0.565931	0	0	1	1	155	1167392
1444474590	40	22	34	39	5	1	3	1	2	4	0	0	0	0	0	4.939927	0.523252	0.521826	0.518974	1.417509	3.000000	5.500000	0.765698	0.691074	0.653762	0	0	1	1	155	1167419
1444474591	31	32	36	38	3	3	2	1	3	7	0	0	0	0	0	4.943151	0.520400	0.520400	0.518974	1.417509	3.000000	5.500000	0.682191	0.682191	0.607617	0	0	1	1	155	1164661
1444474593	31	32	39	34	3	4	1	4	4	7	0	0	0	0	0	4.943151	0.520400	0.520400	0.517549	1.417509	3.000000	5.500000	0.682191	0.644904	0.570331	0	0	1	1	155	1167395
1444474594	44	39	29	32	5	3	1	1	3	3	0	0	0	0	0	4.943151	0.523252	0.521826	0.517549	1.417509	3.000000	5.500000	0.682191	0.644904	0.607617	0	0	1	1	155	1167416
1444474595	42	36	26	44	3	1	6	5	11	2	0	2	0	0	0	4.943151	0.520400	0.520400	0.518974	1.418315	3.000000	5.500000	0.719479	0.644904	0.607617	0	0	1	1	155	1167419
1444474596	52	33	30	33	5	4	2	2	5	3	0	0	0	1	0	4.944762	0.521826	0.520400	0.518974	1.417509	3.000000	5.500000	0.715030	0.640481	0.640481	0	0	1	1	156	1164656
1444474597	43	37	38	26	6	3	1	1	2	6	0	0	0	0	0	4.943151	0.521826	0.520400	0.518974	1.417509	3.000000	5.500000	0.719479	0.682191	0.607617	0	0	1	1	155	1167394
1444474599	33	34	29	41	3	2	3	2	5	7	1	0	0	1	0	4.939927	0.520400	0.521826	0.520400	1.416703	3.000000	5.500000	0.728385	0.653762	0.616451	0	0	1	1	155	1167418
1444474600	41	33	50	43	3	3	2	10	4	12	0	0	1	1	0	4.943151	0.521826	0.521826	0.518974	1.416703	3.000000	5.500000	0.719479	0.756766	0.607617	0	0	1	1	155	1165799
1444474601	31	44	25	34	5	1	3	3	5	2	0	2	0	0	0	4.943151	0.521826	0.520400	0.518974	1.417509	3.000000	5.500000	0.719479	0.682191	0.607617	0	0	1	1	157	1167447
1444474602	32	35	37	35	2	5	0	4	4	7	0	0	0	0	0	4.943151	0.520400	0.521826	0.517549	1.417509	3.000000	5.500000	0.682191	0.682191	0.607617	0	0	1	1	155	1167419
1444474603	38	30	39	27	2	2	2	7	3	7	0	0	1	2	0	4.943151	0.521826	0.520400	0.518974	1.417509	3.000000	5.500000	0.682191	0.607617	0.607617	0	0	1	1	155	1164675
1444474605	41	24	38	30	3	3	5	3	1	5	0	0	0	0	0	4.938315	0.521826	0.520400	0.518974	1.417509	3.000000	5.500000	0.695518	0.658195	0.658195	0	0	1	1	155	1167404
1444474606	39	48	31	34	4	2	2	3	5	3	1	0	0	0	0	4.944762	0.520400	0.520400	0.517549	1.417509	3.000000	5.500000	0.677756	0.677756	0.640481	0	0	1	1	155	1167426
1444474607	25	30	31	36	1	2	2	2	3	4	0	0	0	0	0	4.943151	0.520400	0.520400	0.518974	1.417509	3.000000	5.500000	0.682191	0.644904	0.570331	0	0	1	1	155	1164674
1444474608	32	22	31	39	3	2	2	3	1	3	0	0	0	0	0	4.943151	0.521826	0.520400	0.518974	1.417509	3.000000	5.500000	0.682191	0.644904	0.570331	0	0	1	1	155	1167404
1444474609	38	39	39	35	2	1	4	3	2	4	0	0	1	1	0	4.941538	0.523252	0.520400	0.517549	1.416703	3.000000	5.500000	0.686632	0.649333	0.612034	0	0	1	1	155	1167429
1444474611	43	42	43	36	4	1	5	4	0	4	0	0	1	0	0	4.941538	0.521826	0.520400	0.517549	1.415898	3.000000	5.500000	0.686632	0.686632	0.649333	0	0	1	1	155	1167424
1444474612	34	35	30	32	5	2	0	4	6	5	0	0	0	0	0	4.943151	0.516123	0.517549	0.518974	1.417509	3.000000	5.500000	0.682191	0.607617	0.570331	0	0	1	1	155	1165805
1444474613	29	33	31	37	3	1	4	1	2	5	0	0	0	0	0	4.943151	0.523252	0.520400	0.517549	1.416703	3.000000	5.500000	0.682191	0.682191	0.682191	0	0	1	1	155	1167395
1444474614	35	33	44	38	3	2	2	6	6	11	0	0	0	1	0	4.941538	0.520400	0.521826	0.518974	1.416703	3.000000	5.500000	0.723931	0.723931	0.649333	0	0	1	1	155	1167419
1444474615	27	37	30	30	2	2	2	4	2	5	0	0	1	0	0	4.943151	0.520400	0.520400	0.518974	1.417509	3.000000	5.500000	0.719479	0.682191	0.644904	0	0	1	1	156	1164665
1444474617	29	39	37	38	1	2	1	2	10	7	0	1	0	1	0	4.943151	0.521826	0.521826	0.518974	1.416703	3.000000	5.500000	0.682191	0.644904	0.607617	0	0	1	1	155	1167394
1444474618	31	26	43	25	4	4	2	1	2	3	0	0	0	0	0	4.944762	0.521826	0.520400	0.518974	1.416703	3.000000	5.500000	0.715030	0.603207	0.565931	0	0	1	1	156	1167440
1444474619	36	25	29	29	4	4	4	0	0	5	0	0	1	0	0	4.943151	0.521826	0.520400	0.517549	1.414286	3.000000	5.500000	0.756766	0.458469	0.570331	0	0	1	1	155	1164648
1444474620	36	37	34	33	3	0	1	4	1	7	0	0	0	0	0	4.939927	0.521826	0.520400	0.518974	1.415898	3.000000	5.500000	0.691074	0.691074	0.653762	0	0	1	1	155	1167395
1444474621	37	31	34	39	3	4	5	2	6	2	0	0	1	1	0	4.944762	0.521826	0.520400	0.517549	1.416703	3.000000	5.500000	0.715030	0.677756	0.640481	0	0	1	1	155	1167419
1444474623	33	45	45	47	6	2	3	6	7	9	0	1	0	0	0	4.941538	0.521826	0.521826	0.518974	1.415898	3.000000	5.500000	0.723931	0.761231	0.649333	0	0	1	1	155	1167419
1444474624	27	38	37	29	5	0	0	3	4	4	0	0	0	1	0	4.941538	0.550341	0.514697	0.516123	1.413480	3.000000	5.500000	0.723931	0.686632	0.612034	0	0	1	1	155	1165824
1444474625	32	29	35	32	4	2	3	5	3	3	0	0	0	0	0	4.941538	0.521826	0.520400	0.518974	1.415898	3.000000	5.500000	0.723931	0.686632	0.649333	0	0	1	1	155	1167402
1444474626	31	34	29	37	4	1	3	2	3	4	0	1	0	0	0	4.943151	0.521826	0.521826	0.517549	1.416703	3.000000	5.500000	0.682191	0.682191	0.644904	0	0	1	1	155	1167428
1444474627	36	33	29	29	4	2	2	2	2	3	0	1	0	0	0	4.943151	0.521826	0.520400	0.518974	1.415898	3.000000	5.500000	0.719479	0.682191	0.570331	0	0	1	1	155	1164676
1444474629	35	36	29	39	4	0	4	1	3	1	0	0	0	0	0	4.943151	0.521826	0.520400	0.517549	1.415092	3.000000	5.500000	0.682191	0.682191	0.607617	0	0	1	1	155	1167405
1444474630	33	33	34	30	3	2	1	1	2	2	0	0	0	0	0	4.943151	0.447687	0.503291	0.517549	1.415092	3.000000	5.500000	0.682191	0.421182	0.458469	0	0	1	1	155	1167429
1444474631	26	33	39	25	1	2	1	5	2	3	0	0	0	0	0	4.941538	0.521826	0.520400	0.511846	1.415092	3.000000	5.500000	0.686632	0.686632	0.649333	0	0	1	1	155	1164671
1444474632	39	40	41	32	4	3	3	3	5	5	0	0	1	2	0	4.943151	0.520400	0.521826	0.517549	1.415898	3.000000	5.500000	0.719479	0.644904	0.570331	0	0	1	1	155	1167404
1444474633	44	44	32	29	3	4	3	4	3	1	0	0	0	0	0	4.943151	0.520400	0.520400	0.517549	1.415092	3.000000	5.500000	0.682191	0.682191	0.607617	0	0	1	1	155	1167455
1444474635	41	29	32	34	4	5	3	3	5	3	0	0	0	0	0	4.936703	0.523252	0.521826	0.520400	1.414286	3.000000	5.500000	0.699966	0.662630	0.625295	0	0	1	1	155	1167424
1444474636	37	36	37	27	5	3	2	2	2	1	1	0	0	0	0	4.944762	0.520400	0.520400	0.517549	1.415092	3.000000	5.500000	0.677756	0.640481	0.565931	0	0	1	1	155	1165806
1444474637	25	31	32	38	4	2	2	4	2	5	1	0	0	0	0	4.943151	0.520400	0.517549	0.517549	1.415898	3.000000	5.500000	0.719479	0.644904	0.607617	0	0	1	1	155	1167395
1444474638	36	43	39	34	7	1	4	7	4	10	1	2	0	1	0	4.943151	0.521826	0.520400	0.518974	1.415092	3.000000	5.500000	0.682191	0.644904	0.644904	0	0	1	1	155	1167419
1444474639	42	29	47	27	3	4	2	2	2	2	1	0	0	0	0	4.943151	0.521826	0.520400	0.518974	1.415898	3.000000	5.500000	0.682191	0.682191	0.607617	0	0	1	1	156	1164669
1444474641	25	30	38	33	1	1	0	1	4	6	0	0	0	1	0	4.943151	0.521826	0.518974	0.517549	1.415092	3.000000	5.500000	0.682191	0.682191	0.644904	0	0	1	1	155	1167398
1444474642	44	36	30	35	10	0	3	2	5	9	0	2	0	0	0	4.943151	0.521826	0.520400	0.517549	1.415092	3.000000	5.500000	0.719479	0.682191	0.570331	0	0	1	1	155	1167419
1444474643	40	30	33	25	4	2	3	1	1	4	0	0	1	0	0	4.943151	0.523252	0.520400	0.518974	1.415898	3.000000	5.500000	0.794054	0.682191	0.570331	0	0	1	1	156	1164664
1444474644	35	41	45	34	4	6	3	2	5	7	0	0	0	0	0	4.943151	0.518974	0.521826	0.518974	1.415092	3.000000	5.500000	0.682191	0.682191	0.644904	0	0	1	1	155	1167395
1444474645	43	29	31	38	5	2	3	2	3	8	1	0	0	0	0	4.943151	0.523252	0.521826	0.518974	1.414286	3.000000	5.500000	0.719479	0.682191	0.644904	0	0	1	1	155	1167419
1444474647	31	35	41	33	4	2	2	2	4	8	0	1	1	0	0	4.943151	0.521826	0.521826	0.518974	1.414286	3.000000	5.500000	0.682191	0.756766	0.607617	0	0	1	1	155	1164659
1444474648	40	35	37	37	3	1	2	3	5	4	0	0	0	0	0	4.941538	0.521826	0.520400	0.517549	1.415092	3.000000	5.500000	0.723931	0.649333	0.574735	0	0	1	1	155	1168550
1444474649	39	36	44	30	6	3	1	1	2	3	0	0	0	0	0	4.938315	0.523252	0.523252	0.518974	1.414286	3.000000	5.500000	0.770166	0.770166	0.658195	0	0	1	1	155	1167429
1444474650	42	44	43	38	8	5	2	3	2	5	0	0	2	0	0	4.943151	0.520400	0.520400	0.517549	1.414286	3.000000	5.500000	0.719479	0.682191	0.644904	0	0	1	1	155	1167426
1444474651	29	29	35	31	9	1	2	3	5	4	1	1	1	1	1	4.943151	0.523252	0.523252	0.517549	1.415898	3.000000	5.500000	0.756766	0.756766	0.644904	0	0	1	1	155	1164689
1444474653	33	33	48	27	5	2	1	1	2	9	0	0	0	0	0	4.943151	0.523252	0.520400	0.518974	1.414286	3.000000	5.500000	0.756766	0.644904	0.607617	0	0	1	1	155	1167404
1444474654	24	32	38	31	4	1	0	3	4	4	0	0	0	1	0	4.943151	0.521826	0.521826	0.518974	1.414286	3.000000	5.500000	0.682191	0.644904	0.570331	0	0	1	1	155	1167429
1444474655	28	40	46	35	3	3	1	4	5	8	0	0	0	1	0	4.943151	0.523252	0.523252	0.520400	1.414286	3.000000	5.500000	0.756766	0.719479	0.644904	0	0	1	1	155	1164674
1444474656	33	40	26	48	8	1	5	2	7	6	0	1	0	0	0	4.946374	0.523252	0.521826	0.520400	1.414286	3.000000	5.500000	0.710586	0.673322	0.561534	0	0	1	1	155	1167404
1444474657	39	37	40	38	5	3	2	5	4	7	1	1	1	3	1	4.944762	0.523252	0.523252	0.517549	1.414286	3.000000	5.500000	0.752306	0.715030	0.603207	0	0	1	1	155	1167428
1444474659	41	31	39	27	4	1	0	2	4	7	0	0	0	0	0	4.941538	0.523252	0.523252	0.520400	1.411868	3.000000	5.500000	0.723931	0.723931	0.612034	0	0	1	1	155	1164586
1444474660	29	34	42	40	1	4	2	3	4	7	0	0	1	0	0	4.941538	0.523252	0.523252	0.518974	1.414286	3.000000	5.500000	0.761231	0.723931	0.649333	0	0	1	1	155	1168543
1444474661	28	34	41	34	3	3	0	4	3	8	0	0	0	1	0	4.941538	0.523252	0.523252	0.517549	1.414286	3.000000	5.500000	0.761231	0.723931	0.612034	0	0	1	1	155	1167419
1444474662	37	24	37	30	2	1	3	4	1	5	0	0	0	0	0	4.944762	0.523252	0.523252	0.518974	1.414286	3.000000	5.500000	0.752306	0.528657	0.565931	0	0	1	1	155	1167418
1444474663	36	29	28	26	5	3	1	0	2	4	0	0	0	0	0	4.941538	0.514697	0.520400	0.511846	1.412674	3.000000	5.500000	0.873128	0.388238	0.574735	0	0	1	1	155	1164783
1444474665	29	19	28	33	1	1	1	2	1	3	0	0	0	0	0	4.943151	0.524677	0.523252	0.517549	1.414286	3.000000	5.500000	0.756766	0.756766	0.570331	0	0	1	1	155	1167395
1444474666	44	33	50	42	5	3	7	4	3	7	0	1	0	0	0	4.943151	0.524677	0.523252	0.518974	1.414286	3.000000	5.500000	0.756766	0.719479	0.570331	0	0	1	1	155	1167422
1444474667	24	24	37	35	1	1	1	4	3	5	0	0	0	0	0	4.943151	0.521826	0.523252	0.517549	1.412674	3.000000	5.500000	0.682191	0.719479	0.570331	0	0	1	1	155	1164670
1444474668	31	34	39	29	2	3	1	3	1	5	1	0	0	0	0	4.943151	0.523252	0.523252	0.518974	1.413480	3.000000	5.500000	0.756766	0.719479	0.607617	0	0	1	1	155	1167395
1444474669	36	42	31	33	10	2	2	2	3	5	0	1	0	0	0	4.943151	0.518974	0.523252	0.516123	1.413480	3.000000	5.500000	0.607617	0.682191	0.570331	0	0	1	1	155	1167419
1444474671	30	38	36	34	5	4	3	0	4	5	0	0	0	0	0	4.938315	0.523252	0.523252	0.520400	1.412674	3.000000	5.500000	0.807490	0.695518	0.658195	0	0	1	1	156	1164672
1444474672	33	38	29	32	1	1	3	1	2	4	0	0	0	0	0	4.943151	0.523252	0.523252	0.517549	1.413480	3.000000	5.500000	0.756766	0.719479	0.570331	0	0	1	1	155	1168550
1444474673	39	33	35	42	5	2	3	3	4	6	1	0	0	2	0	4.941538	0.523252	0.523252	0.518974	1.412674	3.000000	5.500000	0.798530	0.723931	0.612034	0	0	1	1	155	1167429
1444474674	32	45	34	33	3	3	1	3	1	5	0	0	1	0	0	4.939927	0.521826	0.524677	0.518974	1.412674	3.000000	5.500000	0.765698	0.765698	0.616451	0	0	1	1	155	1167428
1444474675	40	24	32	42	4	3	3	3	4	3	0	1	0	1	0	4.941538	0.523252	0.524677	0.517549	1.413480	3.000000	5.500000	0.761231	0.761231	0.612034	0	0	1	1	155	1176693
1444474677	27	35	34	32	3	2	2	2	4	4	1	0	0	0	0	4.943151	0.518974	0.518974	0.517549	1.412674	3.000000	5.500000	0.719479	0.533044	0.421182	0	0	1	1	155	1167405
1444474678	28	39	41	34	7	0	3	8	4	3	0	0	0	1	0	4.943151	0.523252	0.523252	0.518974	1.412674	3.000000	5.500000	0.756766	0.719479	0.644904	0	0	1	1	155	1167429
1444474679	41	27	31	33	2	1	4	2	1	6	0	1	1	0	0	4.943151	0.523252	0.523252	0.517549	1.412674	3.000000	5.500000	0.756766	0.719479	0.607617	0	0	1	1	155	1164681
1444474680	40	26	33	28	7	3	6	1	3	4	0	1	0	0	0	4.943151	0.524677	0.523252	0.517549	1.413480	3.000000	5.500000	0.756766	0.719479	0.644904	0	0	1	1	155	1167404
1444474681	35	43	29	27	4	2	1	5	4	4	0	0	1	1	0	4.943151	0.517549	0.527529	0.518974	1.412674	3.000000	5.500000	0.756766	0.719479	0.607617	0	0	1	1	155	1167428
1444474683	51	28	33	41	3	2	6	0	4	3	1	0	0	0	0	4.939927	0.523252	0.523252	0.520400	1.412674	3.000000	5.500000	0.803008	0.765698	0.579140	0	0	1	1	155	1164663
1444474684	30	33	36	49	3	1	2	3	3	8	0	0	0	1	0	4.944762	0.523252	0.523252	0.518974	1.412674	3.000000	5.500000	0.752306	0.528657	0.528657	0	0	1	1	155	1168645
1444474685	30	35	35	30	0	3	0	3	2	2	0	0	0	0	0	4.939927	0.523252	0.523252	0.517549	1.412674	3.000000	5.500000	0.765698	0.765698	0.653762	0	0	1	1	155	1167419
1444474686	31	27	27	38	1	0	2	3	6	6	0	1	0	0	0	4.943151	0.523252	0.523252	0.517549	1.412674	3.000000	5.500000	0.794054	0.719479	0.607617	0	0	1	1	155	1164678
1444474687	43	33	37	36	7	1	2	4	4	4	0	0	0	1	0	4.944762	0.523252	0.523252	0.518974	1.413480	3.000000	5.500000	0.752306	0.715030	0.603207	0	0	1	1	155	1167394
1444474689	42	33	33	44	4	2	2	1	4	6	0	0	0	0	0	4.944762	0.518974	0.523252	0.518974	1.412674	3.000000	5.500000	0.715030	0.715030	0.640481	0	0	1	1	155	1167419
1444474690	40	27	24	34	5	1	1	2	4	1	0	0	0	0	0	4.941538	0.523252	0.523252	0.518974	1.411868	3.000000	5.500000	0.761231	0.723931	0.612034	0	0	1	1	155	1167418
1444474691	39	36	34	39	6	1	4	2	6	9	0	1	0	1	0	4.943151	0.523252	0.523252	0.517549	1.411868	3.000000	5.500000	0.794054	0.719479	0.607617	0	0	1	1	155	1164678
1444474692	38	36	22	32	6	2	5	3	1	4	1	0	0	0	0	4.944762	0.524677	0.520400	0.520400	1.412674	3.000000	5.500000	0.752306	0.640481	0.565931	0	0	1	1	155	1167395
1444474693	29	37	32	36	3	2	1	1	2	6	0	0	0	0	0	4.943151	0.523252	0.523252	0.518974	1.412674	3.000000	5.500000	0.756766	0.756766	0.607617	0	0	1	1	155	1167419
1444474695	30	34	31	25	2	4	0	1	2	7	0	0	0	0	0	4.941538	0.521826	0.523252	0.518974	1.411062	3.000000	5.500000	0.686632	0.723931	0.612034	0	0	1	1	155	1164673
1444474696	37	40	31	35	5	1	1	1	5	3	0	1	0	0	0	4.938315	0.523252	0.523252	0.517549	1.412674	3.000000	5.500000	0.770166	0.770166	0.620872	0	0	1	1	155	1168550
1444474697	35	35	40	36	1	5	5	4	2	8	0	0	2	0	0	4.943151	0.523252	0.523252	0.517549	1.412674	3.000000	5.500000	0.756766	0.719479	0.607617	0	0	1	1	155	1167426
1444474698	31	29	39	37	6	2	2	2	4	5	0	1	0	0	0	4.943151	0.523252	0.523252	0.518974	1.412674	3.000000	5.500000	0.756766	0.719479	0.607617	0	0	1	1	155	1164671
1444474699	28	45	41	39	7	3	2	4	7	8	1	1	1	2	1	4.944762	0.524677	0.523252	0.518974	1.412674	3.000000	5.500000	0.752306	0.715030	0.565931	0	0	1	1	155	1167405
1444474701	44	35	33	39	7	7	6	2	3	5	0	0	0	0	0	4.943151	0.523252	0.523252	0.518974	1.411868	3.000000	5.500000	0.756766	0.756766	0.607617	0	0	1	1	155	1167429
1444474702	39	38	32	38	4	2	5	1	5	4	1	0	0	0	0	4.939927	0.523252	0.523252	0.520400	1.412674	3.000000	5.500000	0.653762	0.653762	0.579140	0	0	1	1	155	1167429
1444474703	26	39	26	27	1	2	0	0	2	2	1	0	0	0	0	4.943151	0.523252	0.523252	0.510420	1.411062	3.000000	5.500000	0.794054	0.719479	0.607617	0	0	1	1	155	1164693
1444474704	29	25	20	39	2	1	2	1	8	4	0	0	0	0	0	4.944762	0.523252	0.523252	0.518974	1.412674	3.000000	5.500000	0.752306	0.752306	0.603207	0	0	1	1	155	1167404
1444474705	40	29	35	34	3	2	4	3	4	8	0	0	1	1	0	4.941538	0.521826	0.521826	0.517549	1.411062	3.000000	5.500000	0.686632	0.761231	0.649333	0	0	1	1	155	1167431
1444474707	37	37	24	32	6	3	5	2	2	2	0	0	0	0	0	4.944762	0.524677	0.523252	0.518974	1.411868	3.000000	5.500000	0.789581	0.752306	0.603207	0	0	1	1	155	1164672
1444474708	36	31	37	31	6	3	0	1	4	5	0	0	0	0	0	4.943151	0.523252	0.523252	0.518974	1.412674	3.000000	5.500000	0.756766	0.719479	0.607617	0	0	1	1	155	1168541
1444474709	30	29	36	28	3	2	1	0	2	5	0	0	0	0	0	4.943151	0.523252	0.520400	0.514697	1.412674	3.000000	5.500000	0.756766	0.719479	0.607617	0	0	1	1	155	1167419
1444474710	33	20	37	32	3	3	2	2	2	9	0	0	1	1	0	4.939927	0.514697	0.521826	0.511846	1.410257	3.000000	5.500000	0.914942	0.355271	0.541828	0	0	1	1	155	1164678
1444474711	39	36	30	34	4	5	3	3	4	6	1	1	1	1	1	4.943151	0.523252	0.523252	0.518974	1.411868	3.000000	5.500000	0.794054	0.756766	0.570331	0	0	1	1	155	1167395
1444474713	39	33	32	38	5	2	1	1	7	5	0	1	0	0	0	4.943151	0.523252	0.523252	0.518974	1.411868	3.000000	5.500000	0.794054	0.719479	0.644904	0	0	1	1	155	1167422
1444474714	35	31	32	41	5	3	2	2	3	6	1	0	0	0	0	4.943151	0.523252	0.523252	0.517549	1.411868	3.000000	5.500000	0.756766	0.719479	0.607617	0	0	1	1	155	1167419
1444474715	31	43	40	32	5	3	3	5	6	8	0	2	0	2	0	4.943151	0.521826	0.521826	0.517549	1.411868	3.000000	5.500000	0.794054	0.682191	0.570331	0	0	1	1	155	1164659
1444474716	33	36	28	31	5	2	2	1	1	1	0	0	0	0	0	4.944762	0.523252	0.523252	0.517549	1.411868	3.000000	5.500000	0.752306	0.715030	0.565931	0	0	1	1	155	1167392
1444474717	29	37	37	40	8	1	2	4	2	4	1	1	0	0	0	4.938315	0.523252	0.523252	0.517549	1.411062	3.000000	5.500000	0.770166	0.732842	0.658195	0	0	1	1	155	1167419
1444474719	29	29	37	36	3	2	2	6	2	8	0	0	1	1	0	4.943151	0.523252	0.523252	0.517549	1.411062	3.000000	5.500000	0.756766	0.756766	0.644904	0	0	1	1	155	1164662
1444474720	38	31	44	33	3	4	0	6	4	6	1	0	0	0	0	4.943151	0.523252	0.521826	0.520400	1.411868	3.000000	5.000000	0.756766	0.719479	0.607617	0	0	1	1	155	1168550
1444474721	29	39	36	31	1	4	1	2	4	5	0	0	1	0	0	4.943151	0.523252	0.517549	0.514697	1.410257	3.000000	5.500000	0.682191	0.533044	0.570331	0	0	1	1	155	1167429
1444474722	35	38	39	31	3	5	0	6	2	3	1	0	0	0	0	4.944762	0.523252	0.523252	0.518974	1.411062	3.000000	5.500000	0.752306	0.677756	0.416832	0	0	1	1	155	1164658
1444474723	34	31	34	37	3	1	3	2	3	8	0	0	1	0	0	4.944762	0.523252	0.520400	0.518974	1.411868	3.000000	5.000000	0.752306	0.640481	0.565931	0	0	1	1	155	1167404
1444474725	31	38	29	39	6	1	3	3	2	3	0	2	0	0	0	4.943151	0.523252	0.520400	0.518974	1.411062	3.000000	5.000000	0.719479	0.644904	0.607617	0	0	1	1	155	1167428
1444474726	34	44	26	32	5	1	1	1	7	2	0	0	0	1	0	4.943151	0.524677	0.523252	0.518974	1.411062	3.000000	5.500000	0.756766	0.719479	0.607617	0	0	1	1	155	1164658
1444474727	31	42	27	32	6	2	1	3	4	3	1	1	0	1	0	4.939927	0.524677	0.520400	0.517549	1.411062	3.000000	5.500000	0.765698	0.541828	0.803008	0	0	1	1	155	1167404
1444474728	35	34	35	33	8	4	1	3	2	6	0	0	0	0	0	4.944762	0.523252	0.520400	0.518974	1.411062	3.000000	5.500000	0.752306	0.677756	0.603207	0	0	1	1	155	1167428
1444474729	32	39	33	45	6	4	0	5	2	2	0	0	0	0	0	4.941538	0.520400	0.523252	0.518974	1.410257	3.000000	5.000000	0.686632	0.686632	0.612034	0	0	1	1	155	1167429
1444474731	37	34	32	28	5	1	0	3	3	6	0	0	0	1	0	4.941538	0.524677	0.521826	0.518974	1.411062	3.000000	5.500000	0.761231	0.686632	0.612034	0	0	1	1	155	1164665
1444474732	36	29	29	34	5	4	2	0	1	7	1	1	1	0	1	4.943151	0.523252	0.521826	0.517549	1.411062	3.000000	5.000000	0.794054	0.682191	0.607617	0	0	1	1	155	1168541
1444474733	37	31	31	31	2	0	1	2	2	4	0	0	0	0	0	4.944762	0.523252	0.520400	0.513271	1.408645	2.750000	5.500000	0.901405	0.677756	0.565931	0	0	1	1	155	1167419
1444474734	36	34	27	30	4	4	2	3	6	4	0	0	0	1	0	4.943151	0.521826	0.523252	0.518974	1.411062	3.000000	5.000000	0.719479	0.682191	0.495756	0	0	1	1	155	1164658
1444474735	30	35	41	30	2	5	1	2	3	6	0	0	1	1	0	4.943151	0.523252	0.518974	0.518974	1.411062	3.000000	5.500000	0.756766	0.682191	0.607617	0	0	1	1	155	1167394
1444474737	31	40	33	37	4	3	3	3	5	8	0	1	1	1	0	4.943151	0.523252	0.521826	0.517549	1.411062	3.000000	5.000000	0.756766	0.682191	0.607617	0	0	1	1	155	1167418
1444474738	35	27	39	31	2	3	3	2	3	5	0	0	1	0	0	4.943151	0.523252	0.520400	0.518974	1.411868	3.000000	5.000000	0.756766	0.644904	0.570331	0	0	1	1	155	1164681
1444474739	45	32	36	33	3	5	0	4	1	5	1	0	0	0	0	4.944762	0.523252	0.517549	0.516123	1.411868	3.000000	5.500000	0.752306	0.677756	0.603207	0	0	1	1	155	1167395
1444474740	25	37	23	40	4	3	3	8	1	0	1	0	0	0	0	4.943151	0.523252	0.520400	0.518974	1.411062	3.000000	5.500000	0.756766	0.644904	0.644904	0	0	1	1	155	1167419
1444474741	43	28	36	26	6	3	2	3	1	4	1	0	0	0	0	4.943151	0.523252	0.521826	0.517549	1.411868	3.000000	5.000000	0.794054	0.644904	0.607617	0	0	1	1	155	1167419
1444474743	41	33	32	37	6	1	2	1	3	8	0	0	0	0	0	4.943151	0.520400	0.521826	0.518974	1.410257	3.000000	5.500000	0.719479	0.644904	0.607617	0	0	1	1	155	1164655
1444474744	26	39	33	33	3	2	2	2	2	5	1	0	0	0	0	4.944762	0.521826	0.520400	0.518974	1.410257	3.000000	5.000000	0.677756	0.640481	0.603207	0	0	1	1	155	1168550
1444474745	30	42	26	43	6	2	3	4	5	8	1	1	1	1	1	4.943151	0.520400	0.520400	0.517549	1.411062	3.000000	5.000000	0.533044	0.607617	0.495756	0	0	1	1	155	1167428
1444474746	36	33	38	37	3	3	2	5	4	5	0	1	0	0	0	4.943151	0.521826	0.520400	0.518974	1.411062	3.000000	5.000000	0.756766	0.756766	0.607617	0	0	1	1	155	1164678
1444474747	33	33	46	37	1	3	0	3	4	7	0	0	0	1	0	4.944762	0.523252	0.521826	0.518974	1.410257	3.000000	5.000000	0.752306	0.640481	0.603207	0	0	1	1	155	1167404
1444474749	31	27	41	28	3	2	1	1	1	8	0	0	0	0	0	4.944762	0.521826	0.520400	0.518974	1.410257	3.000000	5.000000	0.715030	0.677756	0.677756	0	0	1	1	155	1167429
1444474750	37	31	29	40	2	1	3	3	8	4	0	1	0	1	0	4.943151	0.520400	0.520400	0.518974	1.411062	3.000000	5.000000	0.719479	0.644904	0.570331	0	0	1	1	155	1164671
1444474751	34	26	36	33	4	3	3	3	0	6	0	0	0	0	0	4.939927	5.838461	0.518974	0.518974	1.409451	3.000000	5.000000	0.691074	0.691074	0.579140	0	0	1	1	155	1167404
1444474752	38	32	51	36	2	5	1	2	3	12	0	0	1	1	0	4.943151	0.520400	0.521826	0.517549	1.411062	3.000000	5.000000	0.682191	0.644904	0.607617	0	0	1	1	155	1167426
1444474753	29	26	31	29	2	2	5	2	2	6	0	1	0	0	0	4.941538	0.520400	0.520400	0.517549	1.411062	3.000000	5.000000	0.686632	0.649333	0.649333	0	0	1	1	156	1167449
1444474755	36	36	38	35	6	3	2	1	3	6	0	0	1	0	0	4.939927	0.521826	0.521826	0.518974	1.409451	3.000000	5.000000	0.653762	0.541828	0.504517	0	0	1	1	155	1164672
1444474756	36	33	29	25	6	1	2	2	2	5	0	0	0	0	0	4.941538	0.521826	0.520400	0.520400	1.409451	3.000000	5.000000	0.761231	0.686632	0.612034	0	0	1	1	155	1168645
1444474757	43	41	48	32	8	3	4	4	2	7	0	1	0	0	0	4.943151	0.520400	0.521826	0.517549	1.409451	3.000000	5.500000	0.682191	0.644904	0.607617	0	0	1	1	155	1167419
1444474758	31	23	26	30	4	2	3	2	4	2	1	1	0	0	0	4.943151	0.520400	0.520400	0.517549	1.411062	3.000000	5.000000	0.682191	0.644904	0.570331	0	0	1	1	155	1164660
1444474759	43	26	38	22	5	4	3	5	1	2	1	0	0	0	0	4.943151	0.521826	0.520400	0.520400	1.410257	3.000000	5.000000	0.607617	0.682191	0.533044	0	0	1	1	155	1167394
1444474761	27	36	41	36	6	2	2	5	6	7	1	1	0	0	0	4.943151	0.520400	0.520400	0.518974	1.410257	3.000000	5.000000	0.719479	0.682191	0.607617	0	0	1	1	155	1167419
1444474762	42	42	29	42	5	1	3	6	6	2	0	0	0	0	0	4.943151	0.521826	0.521826	0.518974	1.411062	3.000000	5.000000	0.682191	0.644904	0.607617	0	0	1	1	155	1164662
1444474763	33	35	42	29	8	1	2	5	4	5	0	1	0	2	0	4.943151	0.520400	0.521826	0.518974	1.410257	3.000000	5.000000	0.682191	0.644904	0.607617	0	0	1	1	155	1167395
1444474764	34	32	30	46	4	2	2	3	4	5	0	0	0	0	0	4.944762	0.520400	0.520400	0.517549	1.411062	3.000000	5.000000	0.715030	0.677756	0.640481	0	0	1	1	155	1167419
1444474765	33	35	39	34	5	2	5	2	4	5	0	0	1	0	0	4.943151	0.521826	0.520400	0.518974	1.410257	3.000000	5.000000	0.682191	0.644904	0.644904	0	0	1	1	155	1164658
1444474767	35	36	36	41	1	2	3	4	4	4	0	0	0	1	0	4.943151	0.521826	0.523252	0.517549	1.408645	3.000000	5.000000	0.719479	0.644904	0.644904	0	0	1	1	155	1167392
1444474768	35	28	34	38	4	3	4	1	2	6	0	0	0	0	0	4.943151	0.521826	0.520400	0.518974	1.410257	3.000000	5.000000	0.719479	0.644904	0.570331	0	0	1	1	155	1168574
1444474769	40	37	32	32	5	4	3	2	6	8	0	0	1	1	0	4.943151	0.520400	0.521826	0.518974	1.410257	3.000000	5.000000	0.682191	0.682191	0.644904	0	0	1	1	155	1167431
1444474770	40	30	38	41	2	6	0	2	4	2	1	0	0	0	0	4.944762	0.521826	0.520400	0.518974	1.410257	3.000000	5.000000	0.677756	0.640481	0.603207	0	0	1	1	155	1164669
1444474771	37	36	35	30	7	4	4	5	2	5	1	1	1	1	0	4.944762	0.513271	0.514697	0.523252	1.411062	3.000000	5.000000	0.677756	0.640481	0.565931	0	0	1	1	155	1167405
1444474773	34	42	34	35	3	2	2	1	4	3	0	0	0	0	0	4.943151	0.521826	0.520400	0.517549	1.411062	3.000000	5.000000	0.682191	0.570331	0.607617	0	0	1	1	155	1167429
1444474774	33	53	19	38	5	0	2	1	3	5	0	0	0	0	0	4.943151	0.521826	0.520400	0.518974	1.410257	3.000000	5.000000	0.682191	0.644904	0.607617	0	0	1	1	155	1164667
1444474775	31	48	38	38	6	1	2	5	4	6	1	0	0	0	0	4.943151	0.521826	0.521826	0.517549	1.410257	3.000000	5.000000	0.719479	0.682191	0.570331	0	0	1	1	155	1167404
1444474776	39	34	35	34	4	3	3	2	3	3	0	0	0	0	0	4.939927	0.523252	0.520400	0.518974	1.409451	3.000000	5.000000	0.691074	0.616451	0.579140	0	0	1	1	155	1167429
1444474777	25	27	33	47	0	1	1	4	4	9	0	0	0	1	0	4.938315	0.518974	0.518974	0.518974	1.409451	3.000000	5.000000	0.695518	0.658195	0.620872	0	0	1	1	155	1164685
1444474779	43	32	42	36	7	2	3	2	5	6	0	0	0	1	0	4.941538	0.521826	0.513271	0.516123	1.409451	3.000000	5.000000	0.686632	0.686632	0.612034	0	0	1	1	155	1167396
1444474780	40	30	42	30	3	2	2	3	3	4	0	1	0	0	0	4.943151	0.521826	0.521826	0.520400	1.410257	3.000000	5.000000	0.719479	0.644904	0.607617	0	0	1	1	155	1168564
1444474781	34	31	28	34	8	1	3	3	5	5	0	1	1	1	0	4.941538	0.520400	0.520400	0.517549	1.409451	3.000000	5.000000	0.723931	0.686632	0.649333	0	0	1	1	155	1167421
1444474782	44	36	39	41	6	2	2	4	3	6	0	1	0	1	0	4.943151	0.520400	0.520400	0.518974	1.410257	3.000000	5.000000	0.719479	0.644904	0.570331	0	0	1	1	155	1164675
1444474783	39	23	38	29	1	5	2	1	2	9	0	0	1	0	0	4.944762	0.521826	0.521826	0.518974	1.409451	3.000000	5.000000	0.715030	0.677756	0.603207	0	0	1	1	155	1167395
1444474785	31	33	27	46	3	4	7	5	5	5	1	2	1	0	0	4.944762	0.521826	0.521826	0.520400	1.410257	3.000000	5.000000	0.677756	0.677756	0.603207	0	0	1	1	155	1167416
1444474786	38	32	34	35	5	2	3	1	2	5	0	0	1	0	0	4.941538	0.521826	0.521826	0.517549	1.409451	3.000000	5.000000	0.723931	0.686632	0.612034	0	0	1	1	155	1164600
1444474787	37	37	39	39	4	3	0	2	5	5	0	0	0	0	0	4.943151	0.520400	0.520400	0.517549	1.409451	3.000000	5.000000	0.719479	0.644904	0.570331	0	0	1	1	155	1167397
1444474788	36	34	34	29	7	5	2	3	3	5	0	0	1	0	0	4.943151	0.521826	0.520400	0.518974	1.410257	3.000000	5.000000	0.719479	0.644904	0.570331	0	0	1	1	155	1167418
1444474789	30	31	28	36	4	1	7	3	2	4	0	0	0	0	0	4.944762	0.520400	0.520400	0.518974	1.410257	3.000000	5.000000	0.715030	0.640481	0.603207	0	0	1	1	155	1214068
1444474791	27	34	39	39	3	4	2	0	7	4	0	0	1	0	0	4.938315	0.521826	0.523252	0.518974	1.408645	3.000000	5.000000	0.732842	0.732842	0.695518	0	0	1	1	155	1167395
1444474792	42	38	40	42	4	2	4	4	7	6	1	1	1	1	1	4.943151	0.520400	0.520400	0.518974	1.410257	3.000000	5.000000	0.756766	0.682191	0.607617	0	0	1	1	155	1168575
1444474793	32	39	39	35	5	2	3	1	5	3	0	1	0	0	0	4.944762	0.521826	0.521826	0.516123	1.409451	3.000000	5.000000	0.715030	0.677756	0.565931	0	0	1	1	155	1167429
1444474794	32	32	35	35	6	0	5	3	2	6	0	0	0	0	0	4.941538	0.521826	0.520400	0.514697	1.409451	3.000000	5.000000	0.723931	0.649333	0.500136	0	0	1	1	155	1170019
1444474795	36	27	40	34	3	0	1	1	1	9	0	0	0	0	0	4.944762	0.518974	0.518974	0.517549	1.411062	3.000000	5.000000	0.715030	0.640481	0.640481	0	0	1	1	155	1167405
1444474797	22	33	41	37	5	2	2	4	8	5	1	2	0	2	0	4.943151	0.520400	0.520400	0.517549	1.409451	3.000000	5.000000	0.719479	0.682191	0.607617	0	0	1	1	155	1167429
1444474798	32	32	32	34	4	0	2	5	6	2	0	0	0	0	0	4.941538	0.520400	0.520400	0.518974	1.408645	3.000000	5.000000	0.686632	0.723931	0.649333	0	0	1	1	155	1164673
1444474799	38	38	38	38	2	5	3	2	2	6	2	0	0	0	0	4.941538	0.520400	0.520400	0.517549	1.409451	3.000000	5.000000	0.686632	0.649333	0.649333	0	0	1	1	155	1167404
1444474800	34	33	39	40	5	4	4	0	5	3	0	1	0	0	0	4.943151	0.523252	0.520400	0.516123	1.409451	3.000000	5.000000	0.682191	0.682191	0.644904	0	0	1	1	155	1167428
1444474801	29	31	36	21	3	2	3	2	3	1	0	1	0	0	0	4.941538	0.521826	0.520400	0.518974	1.409451	3.000000	5.000000	0.649333	0.686632	0.574735	0	0	1	1	155	1164668
1444474803	29	43	28	34	7	3	3	1	4	4	0	0	0	0	0	4.943151	0.518974	0.518974	0.516123	1.409451	3.000000	5.000000	0.719479	0.682191	0.570331	0	0	1	1	155	1167400
1444474804	28	41	32	34	4	0	6	3	2	4	0	0	0	1	0	4.943151	0.521826	0.520400	0.514697	1.409451	3.000000	5.000000	0.719479	0.682191	0.570331	0	0	1	1	155	1168564
1444474805	32	29	38	34	3	2	2	4	5	2	0	0	0	1	0	4.943151	0.521826	0.523252	0.517549	1.409451	3.000000	5.000000	0.682191	0.644904	0.607617	0	0	1	1	155	1167419
1444474806	39	30	41	24	5	1	1	0	3	4	0	0	1	0	0	4.943151	0.520400	0.521826	0.518974	1.409451	3.000000	5.000000	0.719479	0.682191	0.644904	0	0	1	1	155	1164662
1444474807	25	40	30	41	5	4	3	3	6	7	2	1	1	1	1	4.944762	0.521826	0.521826	0.514697	1.407839	2.750000	5.000000	0.752306	0.640481	0.640481	0	0	1	1	155	1167395
1444474809	34	37	41	37	3	1	2	5	3	6	0	0	1	0	0	4.943151	0.521826	0.520400	0.518974	1.409451	3.000000	5.000000	0.719479	0.644904	0.570331	0	0	1	1	155	1167419
1444474810	31	28	42	42	5	3	2	4	4	5	1	1	0	0	0	4.938315	0.521826	0.520400	0.518974	1.408645	3.000000	5.000000	0.732842	0.695518	0.620872	0	0	1	1	155	1185352
1444474811	26	33	34	34	2	3	4	2	3	6	0	0	2	0	0	4.941538	0.517549	0.523252	0.513271	1.408645	3.000000	5.000000	0.723931	0.649333	0.537436	0	0	1	1	155	1167395
1444474812	28	33	31	29	2	1	2	3	2	4	0	0	0	0	0	4.946374	0.521826	0.521826	0.518974	1.409451	3.000000	5.000000	0.673322	0.598798	0.561534	0	0	1	1	155	1167419
1444474813	36	37	44	40	3	3	2	6	6	10	0	0	1	0	0	4.941538	0.520400	0.520400	0.516123	1.410257	3.000000	5.000000	0.649333	0.686632	0.574735	0	0	1	1	155	1164664
1444474815	30	32	34	32	4	3	2	2	4	4	0	1	0	1	0	4.939927	0.523252	0.521826	0.516123	1.408645	3.000000	5.000000	0.728385	0.653762	0.579140	0	0	1	1	156	1167416
1444474816	27	28	32	29	1	2	3	0	4	1	0	0	0	0	0	4.944762	0.521826	0.521826	0.520400	1.409451	3.000000	5.000000	0.715030	0.677756	0.603207	0	0	1	1	155	1168570
1444474817	45	42	34	33	4	5	1	2	4	6	0	0	0	0	0	4.943151	0.521826	0.521826	0.518974	1.409451	3.000000	5.000000	0.719479	0.682191	0.644904	0	0	1	1	155	1164672
1444474818	33	32	40	40	4	2	1	2	0	10	0	0	0	0	0	4.943151	0.520400	0.520400	0.514697	1.409451	3.000000	5.000000	0.719479	0.682191	0.644904	0	0	1	1	155	1167404
1444474819	46	31	39	38	4	3	3	1	3	7	0	1	0	0	0	4.943151	0.521826	0.520400	0.518974	1.408645	3.000000	5.000000	0.570331	0.570331	0.533044	0	0	1	1	156	1167450
1444474821	27	41	46	33	1	2	1	5	3	4	0	0	0	1	0	4.939927	0.521826	0.520400	0.517549	1.408645	3.000000	5.000000	0.728385	0.728385	0.653762	0	0	1	1	155	1167424
1444474822	28	34	29	38	0	0	3	4	3	3	0	0	0	0	0	4.943151	0.521826	0.520400	0.518974	1.409451	3.000000	5.000000	0.682191	0.644904	0.570331	0	0	1	1	155	1164672
1444474823	43	39	46	32	2	4	2	4	4	9	0	0	0	1	0	4.947986	0.520400	0.520400	0.517549	1.409451	2.750000	5.000000	0.706143	0.631642	0.557141	0	0	1	1	155	1167404
1444474824	30	39	21	33	3	1	2	4	2	4	1	1	1	1	1	4.943151	0.521826	0.520400	0.514697	1.409451	3.000000	5.000000	0.719479	0.682191	0.533044	0	0	1	1	155	1167426
1444474825	36	22	33	23	1	3	0	1	2	4	0	0	0	0	0	4.941538	0.521826	0.521826	0.518974	1.408645	3.000000	5.000000	0.723931	0.686632	0.649333	0	0	1	1	155	1164670
1444474827	34	35	36	38	4	2	0	3	6	6	0	0	0	0	0	4.941538	0.523252	0.520400	0.520400	1.409451	3.000000	5.000000	0.723931	0.612034	0.612034	0	0	1	1	155	1167399
1444474828	38	25	32	33	5	3	3	4	2	6	1	1	1	1	1	4.943151	0.521826	0.520400	0.517549	1.409451	3.000000	5.000000	0.682191	0.682191	0.607617	0	0	1	1	155	1168568
1444474829	25	36	21	26	3	1	1	1	5	0	0	0	0	0	0	4.943151	0.520400	0.520400	0.518974	1.408645	3.000000	5.000000	0.682191	0.644904	0.570331	0	0	1	1	155	1164664
1444474830	33	40	28	35	5	1	4	2	4	7	1	0	0	0	0	4.943151	0.521826	0.520400	0.518974	1.409451	3.000000	5.000000	0.682191	0.644904	0.570331	0	0	1	1	155	1167395
1444474831	36	31	33	39	4	2	4	5	3	7	1	0	0	0	0	4.941538	0.523252	0.523252	0.514697	1.407839	2.750000	5.000000	0.649333	0.723931	0.462836	0	0	1	1	155	1167419
1444474833	41	28	28	20	4	2	1	2	2	5	0	0	1	0	0	4.941538	0.520400	0.520400	0.517549	1.409451	3.000000	5.000000	0.686632	0.649333	0.500136	0	0	1	1	155	1167419
1444474834	35	35	38	35	8	6	5	4	7	8	2	3	2	3	1	4.944762	0.520400	0.520400	0.514697	1.409451	3.000000	5.000000	0.677756	0.640481	0.528657	0	0	1	1	155	1164668
1444474835	36	42	39	43	4	0	6	4	6	8	0	0	0	0	0	4.943151	0.520400	0.521826	0.517549	1.408645	3.000000	5.000000	0.682191	0.682191	0.607617	0	0	1	1	155	1167394
1444474836	39	36	33	40	4	3	2	4	5	6	1	0	0	0	0	4.944762	0.517549	0.521826	0.513271	1.409451	3.000000	5.000000	0.752306	0.677756	0.528657	0	0	1	1	155	1167419
1444474837	49	26	28	20	4	3	1	1	2	3	1	0	0	0	0	4.944762	0.514697	0.517549	0.518974	1.409451	3.000000	5.000000	0.677756	0.640481	0.603207	0	0	1	1	155	1164680
1444474839	49	53	33	36	9	4	5	5	7	4	1	1	1	1	0	4.939927	0.521826	0.520400	0.517549	1.408645	3.000000	5.000000	0.728385	0.691074	0.691074	0	0	1	1	155	1167395
1444474840	41	36	36	42	6	3	1	1	4	2	0	0	0	0	0	4.943151	0.521826	0.520400	0.518974	1.409451	3.000000	5.000000	0.719479	0.682191	0.607617	0	0	1	1	155	1168575
1444474841	26	36	33	29	3	3	0	2	1	2	0	0	0	0	0	4.943151	0.520400	0.520400	0.518974	1.409451	3.000000	5.000000	0.682191	0.682191	0.644904	0	0	1	1	155	1164672
1444474842	36	41	29	31	2	1	4	0	5	3	0	0	0	0	0	4.941538	0.523252	0.520400	0.516123	1.409451	3.000000	5.000000	0.686632	0.649333	0.574735	0	0	1	1	155	1167404
1444474843	37	38	29	42	6	2	3	3	4	5	0	1	0	0	0	4.944762	0.521826	0.520400	0.516123	1.409451	3.000000	5.000000	0.715030	0.677756	0.603207	0	0	1	1	155	1167428
1444474845	40	35	31	27	6	3	2	2	2	4	1	0	0	0	0	4.943151	0.520400	0.518974	0.517549	1.409451	3.000000	5.000000	0.644904	0.644904	0.607617	0	0	1	1	155	1167428
1444474846	28	35	33	37	2	2	3	0	6	6	0	1	0	0	0	4.946374	0.521826	0.520400	0.516123	1.409451	3.000000	5.000000	0.636060	0.636060	0.524272	0	0	1	1	155	1164678
1444474847	39	37	26	31	1	1	4	2	2	1	0	0	0	1	0	4.943151	0.521826	0.520400	0.517549	1.409451	3.000000	5.000000	0.682191	0.644904	0.570331	0	0	1	1	155	1167404
1444474848	34	43	36	33	4	4	3	4	4	9	0	0	1	0	0	4.943151	0.521826	0.520400	0.516123	1.409451	3.000000	5.000000	0.682191	0.682191	0.570331	0	0	1	1	155	1167429
1444474849	32	29	41	28	1	3	1	3	2	3	0	0	0	0	0	4.938315	0.520400	0.520400	0.520400	1.407839	3.000000	5.000000	0.695518	0.695518	0.546225	0	0	1	1	155	1164662
1444474851	33	46	37	31	2	1	3	2	3	6	0	0	1	0	0	4.943151	0.523252	0.520400	0.516123	1.408645	3.000000	5.000000	0.682191	0.719479	0.644904	0	0	1	1	155	1167397
1444474852	30	25	29	26	4	2	2	4	3	3	0	0	0	1	0	4.943151	0.521826	0.521826	0.517549	1.409451	3.000000	5.000000	0.719479	0.682191	0.607617	0	0	1	1	155	1168565
1444474853	40	45	32	32	9	5	1	2	3	3	1	0	0	0	0	4.944762	0.521826	0.520400	0.516123	1.409451	3.000000	5.000000	0.715030	0.677756	0.528657	0	0	1	1	155	1164651
1444474854	28	36	33	42	1	1	0	2	9	6	0	0	0	1	0	4.936703	0.521826	0.520400	0.516123	1.408645	3.000000	5.000000	0.737302	0.699966	0.587959	0	0	1	1	155	1167394
1444474855	23	31	28	38	5	2	1	5	3	5	1	0	0	1	0	4.943151	0.516123	0.521826	0.517549	1.409451	3.000000	5.000000	0.682191	0.682191	0.644904	0	0	1	1	155	1167418
1444474857	36	39	24	30	6	2	0	4	6	3	0	0	0	1	0	4.943151	0.520400	0.521826	0.517549	1.409451	3.000000	5.000000	0.607617	0.607617	0.682191	0	0	1	1	155	1164658
1444474858	36	37	29	31	4	1	3	7	10	6	0	1	0	3	0	4.943151	0.521826	0.520400	0.514697	1.409451	3.000000	5.000000	0.719479	0.682191	0.533044	0	0	1	1	155	1167395
1444474859	26	23	38	38	1	3	4	1	2	4	0	1	0	0	0	4.943151	0.520400	0.520400	0.518974	1.408645	3.000000	5.000000	0.682191	0.682191	0.570331	0	0	1	1	156	1167443
1444474860	36	35	34	37	4	2	3	3	3	5	0	0	0	0	0	4.939927	0.511846	0.518974	0.514697	1.407033	2.750000	5.000000	0.728385	0.691074	0.541828	0	0	1	1	155	1167414
1444474861	43	27	31	31	5	5	4	1	2	3	1	2	1	0	1	4.943151	0.520400	0.520400	0.518974	1.409451	3.000000	5.000000	0.719479	0.682191	0.607617	0	0	1	1	155	1164660
1444474863	31	43	32	34	6	2	3	4	6	4	1	0	0	0	0	4.941538	0.521826	0.513271	0.511846	1.409451	3.000000	5.000000	0.723931	0.649333	0.537436	0	0	1	1	155	1167392
1444474864	28	27	33	48	0	1	0	2	6	10	0	0	0	1	0	4.943151	0.521826	0.520400	0.516123	1.408645	3.000000	5.000000	0.682191	0.682191	0.570331	0	0	1	1	155	1168574
1444474865	39	39	32	35	5	6	4	3	4	1	1	0	0	0	0	4.943151	0.521826	0.520400	0.518974	1.408645	3.000000	5.000000	0.682191	0.607617	0.607617	0	0	1	1	156	1164672
1444474866	28	31	33	37	3	2	3	4	1	5	0	0	0	1	0	4.941538	0.520400	0.520400	0.518974	1.409451	3.000000	5.000000	0.723931	0.649333	0.612034	0	0	1	1	155	1167405
1444474867	31	33	29	36	5	2	6	1	5	3	0	3	0	0	0	4.947986	0.520400	0.521826	0.518974	1.408645	2.750000	5.000000	0.706143	0.668893	0.594392	0	0	1	1	155	1167429
1444474869	41	38	32	42	7	2	0	3	3	5	0	0	0	0	0	4.944762	0.521826	0.521826	0.517549	1.407033	2.750000	5.000000	0.677756	0.640481	0.528657	0	0	1	1	155	1164658
1444474870	39	36	37	38	5	4	5	4	3	4	1	0	1	0	0	4.944762	0.521826	0.520400	0.518974	1.408645	2.750000	5.000000	0.677756	0.677756	0.565931	0	0	1	1	155	1167404
1444474871	25	24	26	31	2	0	0	2	0	2	0	0	0	0	0	4.944762	0.520400	0.520400	0.520400	1.409451	3.000000	5.000000	0.715030	0.640481	0.603207	0	0	1	1	155	1167431
1444474872	34	32	33	31	4	3	2	0	0	5	0	0	0	0	0	4.943151	0.521826	0.521826	0.517549	1.409451	3.000000	5.000000	0.682191	0.682191	0.607617	0	0	1	1	155	1167428
1444474873	27	36	39	33	6	2	1	5	2	7	0	0	0	0	0	4.943151	0.521826	0.520400	0.518974	1.408645	3.000000	5.000000	0.682191	0.682191	0.607617	0	0	1	1	155	1164671
1444474875	32	37	21	37	2	1	4	0	6	3	0	1	0	0	0	4.938315	0.517549	0.521826	0.518974	1.408645	3.000000	5.000000	0.695518	0.658195	0.583549	0	0	1	1	155	1167400
1444474876	32	42	23	30	2	0	3	4	3	2	0	0	0	0	0	4.941538	0.521826	0.521826	0.517549	1.409451	3.000000	5.000000	0.686632	0.612034	0.612034	0	0	1	1	155	1168565
1444474877	38	26	36	42	6	2	1	2	3	4	0	0	0	1	0	4.943151	0.520400	0.520400	0.517549	1.408645	3.000000	5.000000	0.682191	0.607617	0.570331	0	0	1	1	155	1164661
1444474878	33	40	43	34	4	2	1	6	4	5	0	0	0	0	0	4.941538	0.521826	0.521826	0.518974	1.409451	3.000000	5.000000	0.649333	0.723931	0.612034	0	0	1	1	155	1167395
1444474879	39	42	42	40	12	3	2	8	4	4	3	0	0	0	0	4.939927	0.521826	0.521826	0.516123	1.408645	3.000000	5.000000	0.765698	0.691074	0.541828	0	0	1	1	155	1167419
1444474881	35	40	37	49	4	2	4	4	9	9	0	1	1	1	0	4.943151	0.520400	0.518974	0.518974	1.409451	3.000000	5.000000	0.682191	0.644904	0.607617	0	0	1	1	156	1164662
1444474882	44	40	25	33	5	1	5	4	3	3	0	0	1	0	0	4.944762	0.521826	0.520400	0.520400	1.409451	3.000000	5.000000	0.715030	0.491381	0.528657	0	0	1	1	155	1167394
1444474883	32	30	41	33	4	5	2	2	2	4	0	0	0	0	0	4.943151	0.520400	0.520400	0.518974	1.408645	3.000000	5.000000	0.719479	0.644904	0.607617	0	0	1	1	155	1167419
1444474884	36	33	30	34	4	1	2	0	3	3	0	0	0	0	0	4.943151	0.521826	0.521826	0.518974	1.409451	3.000000	5.000000	0.719479	0.644904	0.607617	0	0	1	1	155	1167419
1444474885	42	39	36	38	3	5	2	4	3	7	0	0	0	0	0	4.944762	0.521826	0.520400	0.517549	1.408645	2.750000	5.000000	0.715030	0.715030	0.603207	0	0	1	1	155	1164665
1444474887	38	45	39	43	2	3	2	4	4	9	0	0	0	0	0	4.943151	0.521826	0.521826	0.518974	1.407839	2.750000	5.000000	0.719479	0.682191	0.607617	0	0	1	1	155	1167394
1444474888	47	38	43	36	8	3	3	3	4	9	1	1	0	1	0	4.944762	0.521826	0.520400	0.518974	1.409451	3.000000	5.000000	0.565931	0.640481	0.491381	0	0	1	1	155	1168574
1444474889	35	41	32	42	7	3	2	2	5	1	1	1	0	0	0	4.941538	0.521826	0.521826	0.517549	1.408645	3.000000	5.000000	0.686632	0.761231	0.574735	0	0	1	1	155	1164684
1444474890	34	27	34	37	2	2	1	2	2	5	0	0	0	1	0	4.944762	0.521826	0.520400	0.518974	1.408645	2.750000	5.000000	0.677756	0.677756	0.603207	0	0	1	1	155	1167404
1444474891	40	42	29	36	4	2	0	4	4	3	1	0	0	0	0	4.944762	0.521826	0.520400	0.516123	1.409451	3.000000	5.000000	0.715030	0.640481	0.528657	0	0	1	1	155	1167429
1444474893	31	26	27	32	4	1	2	2	3	3	0	0	0	0	0	4.943151	0.521826	0.520400	0.518974	1.409451	3.000000	5.000000	0.682191	0.644904	0.607617	0	0	1	1	155	1164671
1444474894	36	33	28	30	2	2	4	1	2	2	0	0	0	0	0	4.939927	0.511846	0.518974	0.516123	1.405421	2.750000	5.000000	0.579140	0.653762	0.579140	0	0	1	1	155	1167404
1444474895	26	43	32	49	5	0	1	1	5	7	0	0	0	0	0	4.943151	0.521826	0.520400	0.517549	1.409451	3.000000	5.000000	0.682191	0.682191	0.607617	0	0	1	1	155	1167426
1444474896	34	31	38	35	3	2	1	1	3	4	0	0	0	0	0	4.943151	0.521826	0.520400	0.518974	1.408645	3.000000	5.000000	0.682191	0.644904	0.607617	0	0	1	1	155	1164690
1444474897	38	32	42	36	4	1	1	3	3	6	1	0	0	0	0	4.943151	0.521826	0.518974	0.518974	1.408645	3.000000	5.000000	0.719479	0.644904	0.607617	0	0	1	1	155	1167404
1444474899	26	34	46	53	2	3	1	1	7	9	0	0	0	0	0	4.939927	0.523252	0.521826	0.520400	1.407839	3.000000	5.000000	0.728385	0.691074	0.616451	0	0	1	1	155	1167424
1444474900	28	30	42	29	3	2	0	2	3	2	0	0	0	0	0	4.943151	0.521826	0.520400	0.517549	1.409451	3.000000	5.000000	0.719479	0.682191	0.607617	0	0	1	1	155	1168565
1444474901	41	35	28	37	6	4	3	2	4	5	2	1	1	0	0	4.943151	0.521826	0.520400	0.516123	1.409451	3.000000	5.000000	0.719479	0.682191	0.570331	0	0	1	1	155	1164664
1444474902	27	27	44	30	4	1	1	3	4	3	0	0	0	0	0	4.943151	0.521826	0.521826	0.517549	1.408645	3.000000	5.000000	0.682191	0.644904	0.495756	0	0	1	1	155	1167392
1444474903	47	37	22	45	6	2	4	1	1	6	0	0	1	0	0	4.944762	0.521826	0.520400	0.517549	1.409451	3.000000	5.000000	0.715030	0.640481	0.603207	0	0	1	1	155	1167419
1444474905	37	30	34	42	4	2	2	1	4	5	0	0	0	0	0	4.943151	0.520400	0.521826	0.518974	1.409451	3.000000	5.000000	0.719479	0.682191	0.607617	0	0	1	1	155	1164674
1444474906	39	24	33	35	5	1	1	4	4	7	0	0	0	2	0	4.943151	0.521826	0.521826	0.518974	1.409451	3.000000	5.000000	0.682191	0.682191	0.607617	0	0	1	1	155	1167395
1444474907	36	35	35	36	4	2	2	2	6	3	0	0	0	1	0	4.944762	0.521826	0.518974	0.514697	1.409451	3.000000	5.000000	0.715030	0.640481	0.603207	0	0	1	1	155	1167419
1444474908	35	38	36	36	4	1	5	5	2	4	0	1	0	0	0	4.944762	0.520400	0.520400	0.518974	1.409451	3.000000	5.000000	0.677756	0.603207	0.565931	0	0	1	1	155	1164659
1444474909	30	36	38	38	4	4	1	6	7	4	1	0	0	0	0	4.943151	0.521826	0.520400	0.516123	1.408645	3.000000	5.000000	0.719479	0.644904	0.495756	0	0	1	1	155	1167395
1444474911	32	37	43	25	4	1	1	6	3	4	1	0	0	1	0	4.941538	0.520400	0.520400	0.520400	1.408645	3.000000	5.000000	0.686632	0.686632	0.612034	0	0	1	1	155	1167419
1444474912	20	27	30	36	3	0	2	1	4	5	0	0	0	1	0	4.941538	0.521826	0.520400	0.517549	1.409451	3.000000	5.000000	0.761231	0.686632	0.574735	0	0	1	1	155	1168574
1444474913	19	33	28	37	3	0	1	1	3	7	0	0	0	0	0	4.941538	0.520400	0.520400	0.518974	1.408645	3.000000	5.000000	0.686632	0.649333	0.574735	0	0	1	1	155	1164587
1444474914	38	36	26	33	3	5	2	3	3	2	1	1	1	1	1	4.943151	0.521826	0.520400	0.516123	1.408645	3.000000	5.000000	0.719479	0.682191	0.607617	0	0	1	1	155	1167402
1444474915	41	23	33	27	4	1	1	1	0	8	0	0	0	0	0	4.943151	0.521826	0.520400	0.517549	1.408645	3.000000	5.000000	0.719479	0.644904	0.570331	0	0	1	1	155	1167428
1444474917	33	26	49	36	1	5	1	0	6	7	0	0	0	0	0	4.946374	0.520400	0.520400	0.520400	1.409451	3.000000	5.000000	0.710586	0.673322	0.598798	0	0	1	1	155	1164753
1444474918	41	44	43	38	8	1	5	6	6	5	0	0	0	1	0	4.943151	0.520400	0.520400	0.517549	1.408645	3.000000	5.000000	0.682191	0.682191	0.607617	0	0	1	1	155	1167404
1444474919	41	25	42	33	0	2	4	3	2	5	0	0	0	0	0	4.943151	0.521826	0.520400	0.520400	1.409451	3.000000	5.000000	0.607617	0.607617	0.607617	0	0	1	1	155	1167429
1444474920	39	34	45	30	7	6	1	4	4	6	1	0	0	0	0	4.943151	0.518974	0.521826	0.517549	1.409451	3.000000	5.000000	0.719479	0.644904	0.458469	0	0	1	1	155	1164669
1444474921	36	34	37	29	6	4	1	7	3	5	1	0	0	1	0	4.943151	0.521826	0.520400	0.517549	1.408645	3.000000	5.000000	0.682191	0.682191	0.644904	0	0	1	1	155	1167404
1444474923	35	36	33	34	2	4	1	0	4	5	0	1	0	0	0	4.943151	0.523252	0.520400	0.518974	1.407839	2.750000	5.000000	0.719479	0.682191	0.607617	0	0	1	1	155	1167423
1444474924	38	24	24	26	4	3	2	2	2	2	1	1	1	0	1	4.944762	0.521826	0.520400	0.518974	1.408645	2.750000	5.000000	0.677756	0.640481	0.603207	0	0	1	1	155	1168565
1444474925	28	33	35	35	2	2	2	1	3	6	0	0	0	0	0	4.946374	0.520400	0.521826	0.517549	1.408645	2.750000	5.000000	0.710586	0.673322	0.636060	0	0	1	1	155	1164657
1444474926	32	33	37	33	5	2	3	1	4	4	0	2	0	0	0	4.943151	0.521826	0.520400	0.518974	1.409451	3.000000	5.000000	0.719479	0.644904	0.570331	0	0	1	1	155	1167392
1444474927	36	30	34	32	4	1	1	4	6	3	0	0	0	0	0	4.943151	0.520400	0.520400	0.517549	1.408645	3.000000	5.000000	0.682191	0.682191	0.607617	0	0	1	1	155	1167418
1444474929	47	25	34	31	3	3	0	2	1	4	0	0	0	0	0	4.941538	0.520400	0.523252	0.518974	1.407839	2.750000	5.000000	0.686632	0.686632	0.649333	0	0	1	1	155	1164658
1444474930	42	43	28	31	7	1	3	5	5	2	0	0	0	0	0	4.941538	0.520400	0.520400	0.518974	1.408645	3.000000	5.000000	0.723931	0.649333	0.612034	0	0	1	1	155	1167395
1444474931	32	36	33	27	5	3	4	3	4	2	0	2	0	0	0	4.946374	0.520400	0.521826	0.518974	1.410257	3.000000	5.000000	0.673322	0.673322	0.561534	0	0	1	1	155	1167419
1444474932	36	44	30	32	2	1	3	4	3	5	0	0	0	0	0	4.944762	0.521826	0.520400	0.517549	1.409451	3.000000	5.000000	0.677756	0.677756	0.603207	0	0	1	1	155	1164650
1444474933	35	40	33	34	5	2	4	4	5	5	0	0	0	0	0	4.943151	0.521826	0.520400	0.520400	1.409451	3.000000	5.000000	0.719479	0.682191	0.607617	0	0	1	1	155	1167395
1444474935	35	41	34	34	3	1	2	5	2	7	0	0	0	1	0	4.941538	0.520400	0.520400	0.520400	1.407839	2.750000	5.000000	0.723931	0.686632	0.612034	0	0	1	1	155	1167419
1444474936	39	44	46	32	7	2	2	2	7	2	0	1	0	0	0	4.943151	0.520400	0.520400	0.518974	1.409451	3.000000	5.000000	0.682191	0.682191	0.570331	0	0	1	1	155	1165816
1444474937	31	42	31	33	5	2	2	5	2	2	0	1	0	0	0	4.943151	0.521826	0.520400	0.516123	1.408645	3.000000	5.000000	0.719479	0.682191	0.570331	0	0	1	1	155	1167404
1444474938	29	33	38	20	2	1	0	2	3	4	0	0	0	0	0	4.943151	0.521826	0.521826	0.518974	1.408645	3.000000	5.000000	0.682191	0.607617	0.533044	0	0	1	1	155	1167428
1444474939	34	39	38	35	3	4	2	4	6	5	0	0	0	0	0	4.939927	0.521826	0.520400	0.518974	1.408645	3.000000	5.000000	0.728385	0.728385	0.616451	0	0	1	1	155	1167429
1444474941	35	41	40	44	4	2	4	4	5	3	0	1	0	2	0	4.943151	0.521826	0.520400	0.517549	1.408645	3.000000	5.000000	0.682191	0.644904	0.570331	0	0	1	1	155	1164676
1444474942	32	32	37	32	4	3	4	3	4	5	0	0	0	0	0	4.943151	0.521826	0.521826	0.518974	1.409451	3.000000	5.000000	0.719479	0.644904	0.607617	0	0	1	1	155	1167404
1444474943	41	34	34	32	4	1	3	4	1	5	1	1	1	0	1	4.943151	0.521826	0.520400	0.518974	1.408645	3.000000	5.000000	0.607617	0.607617	0.495756	0	0	1	1	155	1167428
1444474944	35	27	33	37	4	2	5	3	1	8	0	1	0	0	0	4.943151	0.520400	0.521826	0.520400	1.409451	3.000000	5.000000	0.719479	0.719479	0.644904	0	0	1	1	155	1164679
1444474945	40	38	29	38	3	1	2	3	2	5	0	0	1	0	0	4.943151	0.520400	0.520400	0.517549	1.408645	3.000000	5.000000	0.719479	0.682191	0.607617	0	0	1	1	155	1167404
1444474947	26	32	39	34	5	4	1	4	3	7	2	0	0	1	0	4.943151	0.521826	0.521826	0.518974	1.407839	2.750000	5.000000	0.756766	0.682191	0.644904	0	0	1	1	155	1167424
1444474948	28	33	29	33	3	1	0	2	7	4	0	0	0	0	0	4.943151	0.521826	0.520400	0.518974	1.408645	3.000000	5.000000	0.756766	0.644904	0.607617	0	0	1	1	155	1165817
1444474949	47	37	37	34	6	3	1	2	2	5	1	0	0	0	0	4.939927	0.521826	0.520400	0.518974	1.409451	3.000000	5.000000	0.728385	0.691074	0.616451	0	0	1	1	155	1167395
1444474950	32	39	28	42	5	3	2	0	6	3	0	0	0	0	0	4.941538	0.521826	0.520400	0.514697	1.406227	2.750000	5.000000	0.835829	0.686632	0.612034	0	0	1	1	155	1167419
1444474951	33	37	30	32	1	0	0	2	7	4	0	0	0	1	0	4.943151	0.521826	0.520400	0.518974	1.409451	3.000000	5.000000	0.719479	0.682191	0.607617	0	0	1	1	155	1167419
1444474953	45	35	43	44	5	2	3	4	2	9	0	0	0	0	0	4.943151	0.521826	0.520400	0.520400	1.409451	3.000000	5.000000	0.682191	0.644904	0.607617	0	0	1	1	155	1164668
1444474954	42	36	37	36	1	4	1	2	6	7	0	0	1	1	0	4.944762	0.521826	0.520400	0.517549	1.409451	3.000000	5.000000	0.715030	0.677756	0.603207	0	0	1	1	155	1167398
1444474955	30	30	39	34	2	4	1	2	1	7	0	0	0	0	0	4.943151	0.521826	0.520400	0.518974	1.409451	3.000000	5.000000	0.682191	0.644904	0.570331	0	0	1	1	155	1167419
1444474956	26	30	35	23	8	1	1	0	1	3	0	0	1	0	0	4.943151	0.516123	0.518974	0.518974	1.408645	3.000000	5.000000	0.682191	0.644904	0.570331	0	0	1	1	155	1164658
1444474957	32	28	26	40	3	2	1	1	2	4	0	0	0	0	0	4.944762	0.520400	0.521826	0.518974	1.407839	2.750000	5.000000	0.640481	0.677756	0.640481	0	0	1	1	155	1167395
1444474959	30	38	35	37	3	1	3	5	7	6	0	0	1	1	0	4.943151	0.523252	0.521826	0.518974	1.408645	3.000000	5.000000	0.719479	0.682191	0.644904	0	0	1	1	155	1167419
1444474960	31	34	27	36	10	1	2	0	3	3	0	0	0	0	0	4.944762	0.521826	0.520400	0.518974	1.408645	2.750000	5.000000	0.715030	0.677756	0.565931	0	0	1	1	155	1165820
1444474961	47	32	29	26	7	6	1	1	1	1	0	0	0	0	0	4.943151	0.521826	0.520400	0.517549	1.409451	3.000000	5.000000	0.719479	0.644904	0.570331	0	0	1	1	156	1167425
1444474962	30	47	32	38	2	2	1	3	6	4	0	0	1	0	0	4.944762	0.521826	0.520400	0.516123	1.408645	2.750000	5.000000	0.677756	0.640481	0.565931	0	0	1	1	155	1167423
1444474963	36	36	27	22	5	3	2	1	0	2	2	0	0	0	0	4.943151	0.521826	0.523252	0.518974	1.408645	3.000000	5.000000	0.607617	0.570331	0.644904	0	0	1	1	155	1167428
1444474965	39	33	35	26	3	3	3	3	3	1	1	0	0	0	0	4.944762	0.521826	0.520400	0.518974	1.409451	3.000000	5.000000	0.677756	0.640481	0.603207	0	0	1	1	155	1164673
1444474966	35	35	37	32	2	2	1	1	7	3	0	0	0	0	0	4.943151	0.521826	0.520400	0.518974	1.408645	3.000000	5.000000	0.682191	0.682191	0.644904	0	0	1	1	155	1167404
1444474967	39	32	30	34	2	1	2	4	3	3	0	0	0	0	0	4.941538	0.521826	0.518974	0.518974	1.409451	3.000000	5.000000	0.686632	0.649333	0.574735	0	0	1	1	155	1167429
1444474968	31	42	36	41	4	2	2	3	4	6	0	0	0	1	0	4.938315	0.521826	0.521826	0.518974	1.408645	3.000000	5.000000	0.732842	0.695518	0.658195	0	0	1	1	155	1164670
1444474969	33	32	32	28	6	3	2	1	4	4	1	1	1	1	1	4.943151	0.521826	0.520400	0.516123	1.407839	2.750000	5.000000	0.533044	0.570331	0.495756	0	0	1	1	155	1167404
1444474971	41	33	34	36	1	4	4	0	0	10	0	0	1	0	0	4.943151	0.520400	0.517549	0.517549	1.408645	3.000000	5.000000	0.719479	0.682191	0.644904	0	0	1	1	155	1167423
1444474972	41	35	29	26	8	2	4	5	3	3	0	2	0	1	0	4.943151	0.520400	0.520400	0.520400	1.408645	3.000000	5.000000	0.644904	0.570331	0.421182	0	0	1	1	156	1165846
1444474973	37	32	37	34	3	1	0	2	5	4	0	0	0	0	0	4.941538	0.521826	0.520400	0.517549	1.408645	3.000000	5.000000	0.723931	0.649333	0.612034	0	0	1	1	155	1167395
1444474974	38	34	30	31	7	1	3	5	3	3	1	0	0	1	0	4.943151	0.521826	0.520400	0.518974	1.408645	3.000000	5.000000	0.719479	0.644904	0.607617	0	0	1	1	155	1167419
1444474975	33	32	37	25	4	4	2	8	0	3	1	0	0	0	0	4.943151	0.520400	0.521826	0.514697	1.407033	2.750000	5.000000	0.756766	0.682191	0.570331	0	0	1	1	155	1167419
1444474977	24	36	33	34	1	2	4	4	1	6	0	0	2	1	0	4.944762	0.520400	0.520400	0.511846	1.407033	2.750000	5.000000	0.864131	0.640481	0.603207	0	0	1	1	155	1164663
1444474978	26	41	31	33	5	3	3	3	4	2	1	1	0	0	0	4.943151	0.521826	0.520400	0.518974	1.408645	3.000000	5.000000	0.682191	0.644904	0.644904	0	0	1	1	155	1167394
1444474979	39	35	26	26	2	2	2	3	3	6	0	0	0	1	0	4.939927	0.520400	0.521826	0.518974	1.408645	3.000000	5.000000	0.728385	0.691074	0.616451	0	0	1	1	155	1167421
1444474980	37	32	33	31	3	3	2	4	3	6	0	0	1	0	0	4.943151	0.521826	0.520400	0.518974	1.409451	3.000000	5.000000	0.682191	0.644904	0.570331	0	0	1	1	155	1164642
1444474981	25	27	35	40	4	3	1	2	4	2	0	0	0	0	0	4.944762	0.520400	0.517549	0.514697	1.409451	3.000000	5.000000	0.677756	0.640481	0.640481	0	0	1	1	155	1167395
1444474983	34	35	35	34	7	1	3	3	2	5	1	0	0	0	0	4.943151	0.550341	0.510420	0.510420	1.407839	2.750000	5.000000	0.644904	0.607617	0.570331	0	0	1	1	155	1167419
1444474984	36	35	31	26	7	3	1	3	6	2	0	1	0	1	0	4.943151	0.521826	0.521826	0.518974	1.408645	3.000000	5.000000	0.607617	0.607617	0.607617	0	0	1	1	155	1165812
1444474985	42	49	37	38	6	2	3	1	6	7	0	0	1	1	0	4.943151	0.521826	0.520400	0.518974	1.408645	3.000000	5.000000	0.682191	0.644904	0.570331	0	0	1	1	155	1167404
1444474986	35	34	27	33	5	1	2	1	4	1	0	0	0	0	0	4.939927	0.521826	0.518974	0.518974	1.409451	3.000000	5.000000	0.728385	0.616451	0.616451	0	0	1	1	155	1167429
1444474987	34	22	36	33	5	2	4	3	3	8	0	0	0	0	0	4.941538	0.520400	0.520400	0.517549	1.408645	3.000000	5.000000	0.686632	0.649333	0.612034	0	0	1	1	155	1164674
1444474989	37	39	36	42	5	5	4	3	7	4	1	0	1	0	0	4.943151	0.520400	0.520400	0.517549	1.409451	3.000000	5.000000	0.682191	0.533044	0.756766	0	0	1	1	155	1167404
1444474990	35	28	22	27	3	2	0	1	2	1	0	0	0	0	0	4.943151	0.520400	0.520400	0.517549	1.408645	3.000000	5.000000	0.719479	0.682191	0.607617	0	0	1	1	155	1167428
1444474991	31	40	30	40	6	4	3	2	3	5	1	2	0	0	0	4.941538	0.523252	0.520400	0.517549	1.409451	3.000000	5.000000	0.723931	0.649333	0.574735	0	0	1	1	155	1167429
1444474992	33	35	39	35	2	2	1	1	4	5	0	0	0	0	0	4.943151	0.521826	0.520400	0.517549	1.409451	3.000000	5.000000	0.719479	0.644904	0.607617	0	0	1	1	155	1176684
1444474993	36	22	34	25	3	3	2	0	1	4	0	0	0	0	0	4.943151	0.527529	0.520400	0.517549	1.408645	3.000000	5.000000	0.719479	0.682191	0.644904	0	0	1	1	155	1167404
1444474995	34	40	35	46	2	3	4	4	6	6	0	0	0	1	0	4.941538	0.521826	0.521826	0.517549	1.407033	2.750000	5.000000	0.686632	0.686632	0.574735	0	0	1	1	155	1167423
1444474996	44	34	42	33	4	6	2	5	2	4	1	0	0	0	0	4.943151	0.520400	0.517549	0.520400	1.408645	3.000000	5.000000	0.719479	0.682191	0.570331	0	0	1	1	155	1165794
1444474997	38	35	43	35	8	4	1	2	5	1	1	1	0	0	0	4.944762	0.521826	0.520400	0.517549	1.408645	2.750000	5.000000	0.677756	0.677756	0.640481	0	0	1	1	155	1167394
1444474998	39	34	29	36	3	1	0	3	4	2	0	0	0	0	0	4.944762	0.520400	0.520400	0.518974	1.408645	2.750000	5.000000	0.677756	0.677756	0.565931	0	0	1	1	155	1167420
