time	cnt1	cnt2	cnt3	cnt4	1&2	1&3	1&4	2&3	2&4	3&4	1&2&3	1&2&4	1&3&4	2&3&4	1&2&3&4	adcr	adcp1	adcp2	adcp3	adcntc	ntcT	digT	p1	p2	p3	hvstate	pbsstate	ethstate	listpbs	sdstate	looptime
1444474999	29	33	28	34	2	1	3	2	4	5	0	0	0	0	0	4.943151	0.521826	0.520400	0.517549	1.409451	3.000000	5.000000	0.719479	0.682191	0.644904	0	0	1	1	155	1164661
1444475001	32	31	35	23	1	3	1	1	2	4	0	0	0	0	0	4.943151	0.518974	0.518974	0.518974	1.408645	3.000000	5.000000	0.682191	0.644904	0.570331	0	0	1	1	155	1218013
1444475002	32	29	35	47	4	3	0	4	4	9	0	0	0	0	0	4.944762	0.521826	0.520400	0.518974	1.409451	3.000000	5.000000	0.677756	0.677756	0.603207	0	0	1	1	155	1167394
1444475003	31	26	40	33	1	4	3	2	2	6	0	0	0	0	0	4.944762	0.521826	0.521826	0.517549	1.408645	2.750000	5.000000	0.677756	0.677756	0.491381	0	0	1	1	155	1201271
1444475004	36	37	36	35	5	4	4	6	6	7	1	1	2	2	1	4.943151	0.521826	0.520400	0.517549	1.409451	3.000000	5.000000	0.719479	0.682191	0.607617	0	0	1	1	155	1167394
1444475006	34	44	39	38	4	0	1	2	6	8	0	0	0	0	0	4.938315	0.521826	0.523252	0.518974	1.408645	3.000000	5.000000	0.732842	0.732842	0.620872	0	0	1	1	155	1167419
1444475007	36	31	28	40	2	2	3	1	1	8	0	0	0	0	0	4.939927	0.521826	0.520400	0.516123	1.406227	2.750000	5.000000	0.728385	0.691074	0.616451	0	0	1	1	155	1169986
1444475008	32	28	37	35	2	5	2	4	4	6	1	0	0	0	0	4.941538	0.521826	0.520400	0.517549	1.409451	3.000000	5.000000	0.686632	0.686632	0.612034	0	0	1	1	155	1168550
1444475009	38	29	35	36	5	4	4	6	3	4	3	3	2	0	2	4.941538	0.521826	0.520400	0.518974	1.409451	3.000000	5.000000	0.686632	0.686632	0.612034	0	0	1	1	155	1167428
1444475010	35	26	32	35	3	3	4	1	6	4	0	0	1	0	0	4.943151	0.520400	0.523252	0.518974	1.409451	3.000000	5.000000	0.682191	0.682191	0.607617	0	0	1	1	155	1164697
1444475012	40	36	36	44	5	3	3	2	3	6	0	0	1	0	0	4.941538	0.523252	0.520400	0.517549	1.408645	3.000000	5.000000	0.686632	0.537436	0.574735	0	0	1	1	155	1167405
1444475013	37	38	27	33	4	1	1	3	6	4	0	0	0	1	0	4.943151	0.521826	0.520400	0.518974	1.409451	3.000000	5.000000	0.682191	0.682191	0.607617	0	0	1	1	155	1167429
1444475014	39	33	36	34	4	3	4	2	5	5	0	1	1	0	0	4.943151	0.521826	0.521826	0.517549	1.408645	3.000000	5.000000	0.719479	0.682191	0.644904	0	0	1	1	155	1167429
1444475015	44	28	33	38	3	1	4	3	2	3	0	0	0	1	0	4.946374	0.521826	0.523252	0.518974	1.408645	2.750000	5.000000	0.747849	0.747849	0.561534	0	0	1	1	155	1164706
1444475016	39	34	29	36	6	4	3	3	5	5	0	0	1	1	0	4.951209	0.520400	0.518974	0.517549	1.409451	2.750000	5.000000	0.697266	0.585588	0.585588	0	0	1	1	155	1167404
1444475018	29	38	28	37	5	0	4	1	3	4	0	0	0	0	0	4.941538	0.520400	0.518974	0.517549	1.407839	2.750000	5.000000	0.723931	0.649333	0.612034	0	0	1	1	155	1167428
1444475019	41	48	27	39	7	5	4	1	4	2	1	0	0	0	0	4.943151	0.521826	0.516123	0.516123	1.409451	3.000000	5.000000	0.682191	0.644904	0.607617	0	0	1	1	155	1164665
1444475020	22	27	32	19	1	1	3	2	0	4	0	0	0	0	0	4.946374	0.521826	0.521826	0.520400	1.409451	3.000000	5.000000	0.710586	0.673322	0.636060	0	0	1	1	155	1168541
1444475021	40	30	35	30	4	1	0	2	3	4	0	0	0	0	0	4.943151	0.521826	0.520400	0.517549	1.408645	3.000000	5.000000	0.682191	0.644904	0.607617	0	0	1	1	155	1167419
1444475022	38	37	38	35	4	5	2	4	7	8	1	1	0	1	0	4.941538	0.520400	0.520400	0.517549	1.408645	3.000000	5.000000	0.686632	0.686632	0.574735	0	0	1	1	155	1164661
1444475024	37	39	31	39	8	4	3	3	5	5	1	2	1	2	1	4.941538	0.518974	0.516123	0.517549	1.407839	2.750000	5.000000	0.761231	0.686632	0.649333	0	0	1	1	155	1167395
1444475025	33	35	34	35	6	2	3	6	3	7	1	1	0	1	0	4.941538	0.521826	0.521826	0.516123	1.409451	3.000000	5.000000	0.686632	0.649333	0.612034	0	0	1	1	155	1167416
1444475026	39	32	31	30	6	3	1	3	3	2	1	0	0	1	0	4.943151	0.521826	0.523252	0.517549	1.408645	3.000000	5.000000	0.719479	0.719479	0.533044	0	0	1	1	155	1164652
1444475027	32	33	39	30	0	2	2	3	3	4	0	0	0	1	0	4.943151	0.521826	0.523252	0.518974	1.408645	3.000000	5.000000	0.719479	0.719479	0.607617	0	0	1	1	155	1167397
1444475028	22	39	29	30	3	0	0	2	1	5	0	0	0	0	0	4.941538	0.521826	0.520400	0.518974	1.407839	2.750000	5.000000	0.686632	0.649333	0.574735	0	0	1	1	155	1167419
1444475030	44	27	34	29	4	1	4	1	3	2	0	1	0	0	0	4.943151	0.516123	0.521826	0.516123	1.408645	3.000000	5.000000	0.495756	0.644904	0.533044	0	0	1	1	155	1167419
1444475031	40	27	34	31	4	5	4	4	4	4	1	1	0	0	0	4.938315	0.518974	0.518974	0.518974	1.408645	3.000000	5.000000	0.695518	0.695518	0.620872	0	0	1	1	155	1164681
1444475032	38	36	39	34	4	7	2	1	4	9	0	1	1	1	0	4.943151	0.521826	0.523252	0.517549	1.409451	3.000000	5.000000	0.719479	0.719479	0.570331	0	0	1	1	155	1168550
1444475033	33	40	43	45	3	3	5	5	8	1	0	1	0	0	0	4.943151	0.520400	0.523252	0.520400	1.409451	3.000000	5.000000	0.719479	0.719479	0.570331	0	0	1	1	155	1167429
1444475034	33	43	31	40	2	1	2	3	4	6	0	0	0	0	0	4.944762	0.521826	0.523252	0.518974	1.408645	2.750000	5.000000	0.715030	0.715030	0.640481	0	0	1	1	155	1164672
1444475036	43	36	42	49	4	4	7	4	8	8	1	1	1	2	1	4.944762	0.521826	0.523252	0.518974	1.408645	2.750000	5.000000	0.677756	0.715030	0.603207	0	0	1	1	155	1167404
1444475037	37	37	40	38	4	6	1	7	7	7	1	1	0	2	0	4.941538	0.521826	0.523252	0.517549	1.408645	3.000000	5.000000	0.686632	0.612034	0.574735	0	0	1	1	155	1167429
1444475038	31	33	35	29	5	3	2	3	1	5	0	0	1	0	0	4.944762	0.521826	0.523252	0.517549	1.408645	2.750000	5.000000	0.752306	0.677756	0.603207	0	0	1	1	155	1164667
1444475039	39	34	27	28	3	3	3	2	3	4	0	0	0	0	0	4.943151	0.520400	0.523252	0.517549	1.409451	3.000000	5.000000	0.682191	0.756766	0.607617	0	0	1	1	155	1167405
1444475040	22	33	33	41	3	0	1	1	5	5	0	0	0	1	0	4.943151	0.521826	0.523252	0.518974	1.408645	3.000000	5.000000	0.644904	0.756766	0.644904	0	0	1	1	155	1167429
1444475042	35	28	31	31	1	2	0	0	2	4	0	0	0	0	0	4.944762	0.523252	0.520400	0.517549	1.409451	3.000000	5.000000	0.640481	0.528657	0.565931	0	0	1	1	155	1167428
1444475043	33	31	40	41	1	1	1	2	4	8	0	0	0	0	0	4.941538	0.521826	0.523252	0.518974	1.407839	2.750000	5.000000	0.574735	0.686632	0.537436	0	0	1	1	155	1186436
1444475044	33	34	29	25	3	4	0	4	4	1	1	0	0	1	0	4.944762	0.521826	0.520400	0.518974	1.408645	2.750000	5.000000	0.677756	0.677756	0.640481	0	0	1	1	155	1168540
1444475045	33	27	45	37	3	1	0	4	1	8	0	0	0	1	0	4.943151	0.521826	0.523252	0.518974	1.408645	3.000000	5.000000	0.719479	0.719479	0.607617	0	0	1	1	155	1167419
1444475046	34	42	37	32	4	1	3	3	6	5	0	1	1	0	0	4.941538	0.521826	0.523252	0.518974	1.408645	3.000000	5.000000	0.723931	0.723931	0.612034	0	0	1	1	155	1164664
1444475048	35	32	27	30	6	3	2	2	2	3	0	0	0	1	0	4.941538	0.517549	0.523252	0.517549	1.408645	3.000000	5.000000	0.723931	0.686632	0.574735	0	0	1	1	155	1167394
1444475049	38	42	31	29	5	1	1	1	2	3	0	0	0	0	0	4.943151	0.521826	0.521826	0.518974	1.409451	3.000000	5.000000	0.682191	0.682191	0.607617	0	0	1	1	155	1167419
1444475050	41	23	35	29	3	0	0	3	4	4	0	0	0	1	0	4.943151	0.521826	0.520400	0.518974	1.409451	3.000000	5.000000	0.644904	0.644904	0.570331	0	0	1	1	155	1164663
1444475051	40	46	44	32	6	5	3	5	5	6	1	1	1	1	1	4.943151	0.521826	0.520400	0.517549	1.409451	3.000000	5.000000	0.719479	0.644904	0.570331	0	0	1	1	155	1167395
1444475052	38	38	36	43	11	2	6	5	9	9	1	2	1	2	1	4.943151	0.521826	0.523252	0.518974	1.408645	3.000000	5.000000	0.719479	0.719479	0.607617	0	0	1	1	155	1167419
1444475054	24	31	35	42	0	0	1	2	5	3	0	0	0	0	0	4.944762	0.521826	0.521826	0.517549	1.408645	2.750000	5.000000	0.528657	0.565931	0.565931	0	0	1	1	156	1167439
1444475055	31	28	30	33	5	4	2	1	1	5	0	0	0	0	0	4.939927	0.514697	0.514697	0.526103	1.409451	3.000000	5.000000	0.728385	0.691074	0.616451	0	0	1	1	155	1164651
1444475056	40	30	47	43	3	0	2	3	6	7	0	1	0	1	0	4.943151	0.520400	0.523252	0.517549	1.409451	3.000000	5.000000	0.682191	0.719479	0.607617	0	0	1	1	155	1168550
1444475057	41	34	36	38	4	2	2	1	5	4	0	1	0	0	0	4.943151	0.520400	0.521826	0.518974	1.409451	3.000000	5.000000	0.682191	0.644904	0.607617	0	0	1	1	155	1167431
1444475058	32	30	33	39	5	2	0	3	3	3	0	0	0	1	0	4.944762	0.521826	0.523252	0.518974	1.408645	2.750000	5.000000	0.677756	0.715030	0.603207	0	0	1	1	155	1164670
1444475060	27	34	30	42	1	1	2	3	5	4	0	0	0	1	0	4.947986	0.520400	0.523252	0.518974	1.409451	2.750000	5.000000	0.706143	0.743394	0.631642	0	0	1	1	155	1167404
1444475061	27	31	31	22	2	1	1	2	1	1	0	0	0	0	0	4.943151	0.521826	0.523252	0.516123	1.409451	3.000000	5.000000	0.719479	0.719479	0.607617	0	0	1	1	155	1167426
1444475062	24	25	42	35	1	4	2	1	3	9	0	0	0	0	0	4.943151	0.521826	0.521826	0.518974	1.408645	3.000000	5.000000	0.719479	0.644904	0.533044	0	0	1	1	155	1164653
1444475063	31	30	43	34	2	0	0	3	4	4	0	0	0	0	0	4.943151	0.520400	0.520400	0.517549	1.409451	3.000000	5.000000	0.682191	0.682191	0.644904	0	0	1	1	155	1167407
1444475064	40	30	30	38	7	1	5	3	1	8	0	0	0	0	0	4.943151	0.520400	0.523252	0.518974	1.409451	3.000000	5.000000	0.682191	0.756766	0.644904	0	0	1	1	155	1167428
1444475066	39	32	40	40	6	3	6	3	3	11	0	0	3	2	0	4.944762	0.524677	0.523252	0.518974	1.408645	2.750000	5.000000	0.715030	0.715030	0.565931	0	0	1	1	155	1164659
1444475067	35	31	46	41	4	3	3	5	4	8	1	0	1	0	0	4.941538	0.521826	0.520400	0.510420	1.408645	3.000000	5.000000	0.649333	0.761231	0.649333	0	0	1	1	156	1167421
1444475068	23	29	28	37	2	1	0	2	2	2	0	0	0	0	0	4.943151	0.521826	0.523252	0.517549	1.409451	3.000000	5.000000	0.682191	0.719479	0.607617	0	0	1	1	155	1168560
1444475069	31	41	40	28	2	2	1	3	3	4	0	0	0	0	0	4.943151	0.523252	0.520400	0.517549	1.409451	3.000000	5.000000	0.682191	0.682191	0.607617	0	0	1	1	155	1167419
1444475070	36	31	44	32	2	5	1	5	5	4	0	0	0	0	0	4.943151	0.520400	0.523252	0.518974	1.409451	3.000000	5.000000	0.682191	0.719479	0.607617	0	0	1	1	155	1164664
1444475072	32	35	37	34	3	0	0	1	2	10	0	0	0	0	0	4.939927	0.510420	0.520400	0.508994	1.407839	3.000000	5.000000	0.765698	0.765698	0.691074	0	0	1	1	155	1167395
1444475073	40	38	34	43	7	1	1	1	6	6	0	0	0	0	0	4.943151	0.521826	0.523252	0.517549	1.409451	3.000000	5.000000	0.719479	0.756766	0.607617	0	0	1	1	156	1167437
1444475074	42	33	37	36	7	5	4	2	2	7	2	1	0	0	0	4.943151	0.521826	0.520400	0.518974	1.409451	3.000000	5.000000	0.682191	0.644904	0.533044	0	0	1	1	155	1164654
1444475075	30	35	33	35	3	3	2	2	5	5	0	0	0	1	0	4.943151	0.521826	0.520400	0.517549	1.408645	3.000000	5.000000	0.719479	0.682191	0.570331	0	0	1	1	155	1167397
1444475076	39	37	31	38	4	1	1	0	2	6	0	1	0	0	0	4.941538	0.520400	0.521826	0.517549	1.409451	3.000000	5.000000	0.686632	0.649333	0.574735	0	0	1	1	155	1167419
1444475078	31	19	33	29	1	3	2	3	1	3	0	0	0	0	0	4.943151	0.523252	0.518974	0.516123	1.409451	3.000000	5.000000	0.719479	0.682191	0.607617	0	0	1	1	155	1164659
1444475079	33	24	44	18	2	3	1	3	0	2	0	0	0	0	0	4.941538	0.521826	0.520400	0.517549	1.408645	3.000000	5.000000	0.761231	0.761231	0.612034	0	0	1	1	155	1167395
1444475080	37	32	32	40	4	1	6	2	4	4	0	1	0	1	0	4.943151	0.520400	0.520400	0.517549	1.409451	3.000000	5.000000	0.719479	0.607617	0.607617	0	0	1	1	155	1168575
1444475081	32	40	30	36	2	0	1	3	5	5	0	0	0	2	0	4.941538	0.520400	0.523252	0.518974	1.409451	3.000000	5.000000	0.723931	0.686632	0.612034	0	0	1	1	155	1167429
1444475082	31	35	47	36	3	2	2	4	5	4	0	0	0	1	0	4.941538	0.523252	0.520400	0.517549	1.409451	3.000000	5.000000	0.723931	0.686632	0.612034	0	0	1	1	155	1164665
1444475084	41	34	38	36	6	4	4	1	2	4	0	1	2	0	0	4.943151	0.521826	0.520400	0.518974	1.408645	3.000000	5.000000	0.644904	0.644904	0.570331	0	0	1	1	155	1167404
1444475085	25	26	32	32	3	1	1	3	6	3	1	1	1	2	1	4.944762	0.520400	0.520400	0.518974	1.409451	3.000000	5.000000	0.677756	0.677756	0.603207	0	0	1	1	155	1167428
1444475086	37	40	38	28	4	4	2	3	3	1	1	0	0	0	0	4.943151	0.521826	0.520400	0.518974	1.409451	3.000000	5.000000	0.719479	0.644904	0.607617	0	0	1	1	155	1164694
1444475087	30	44	24	38	7	2	2	1	5	6	0	0	1	0	0	4.943151	0.521826	0.520400	0.517549	1.409451	3.000000	5.000000	0.719479	0.644904	0.570331	0	0	1	1	155	1167407
1444475088	38	31	30	29	2	0	1	0	1	4	0	0	0	0	0	4.943151	0.521826	0.520400	0.517549	1.409451	3.000000	5.000000	0.682191	0.682191	0.607617	0	0	1	1	155	1167429
1444475090	40	45	28	39	8	1	2	5	10	7	0	1	0	0	0	4.943151	0.521826	0.520400	0.518974	1.409451	3.000000	5.000000	0.719479	0.682191	0.570331	0	0	1	1	155	1176165
1444475091	30	35	37	32	1	4	3	4	2	4	0	0	1	1	0	4.943151	0.523252	0.520400	0.517549	1.409451	3.000000	5.000000	0.719479	0.682191	0.644904	0	0	1	1	156	1167420
1444475092	34	44	36	39	6	1	2	5	2	5	1	0	0	0	0	4.943151	0.521826	0.521826	0.518974	1.409451	3.000000	5.000000	0.719479	0.682191	0.607617	0	0	1	1	155	1168559
1444475093	32	32	24	42	4	2	3	2	4	4	1	0	0	1	0	4.944762	0.521826	0.520400	0.518974	1.408645	2.750000	5.000000	0.677756	0.491381	0.528657	0	0	1	1	155	1167418
1444475094	37	27	34	42	2	2	6	4	4	5	0	0	1	1	0	4.943151	0.521826	0.520400	0.518974	1.409451	3.000000	5.000000	0.682191	0.682191	0.607617	0	0	1	1	155	1164655
1444475096	30	32	34	44	3	1	4	3	5	4	0	0	0	1	0	4.944762	0.521826	0.520400	0.518974	1.409451	3.000000	5.000000	0.715030	0.640481	0.603207	0	0	1	1	155	1167395
1444475097	33	32	31	44	2	3	1	2	5	7	1	1	0	1	0	4.943151	0.521826	0.520400	0.518974	1.408645	3.000000	5.000000	0.719479	0.607617	0.570331	0	0	1	1	155	1167419
1444475098	32	32	37	36	2	1	2	2	3	5	0	0	0	1	0	4.944762	0.520400	0.521826	0.518974	1.409451	3.000000	5.000000	0.677756	0.677756	0.640481	0	0	1	1	155	1164655
1444475099	38	35	36	34	4	3	1	4	4	4	1	0	0	2	0	4.943151	0.521826	0.520400	0.520400	1.409451	3.000000	5.000000	0.719479	0.682191	0.607617	0	0	1	1	155	1167392
1444475100	38	35	27	36	5	2	3	3	3	2	0	0	0	1	0	4.943151	0.520400	0.520400	0.518974	1.409451	3.000000	5.000000	0.719479	0.682191	0.607617	0	0	1	1	155	1167419
1444475102	36	36	35	44	6	2	2	6	5	7	0	0	0	1	0	4.941538	0.521826	0.521826	0.518974	1.409451	3.000000	5.000000	0.686632	0.686632	0.574735	0	0	1	1	155	1164665
1444475103	33	27	34	34	3	0	3	3	0	1	0	0	0	0	0	4.941538	0.521826	0.520400	0.517549	1.409451	3.000000	5.000000	0.723931	0.686632	0.612034	0	0	1	1	155	1167395
1444475104	33	40	44	44	1	2	3	2	7	9	0	0	1	0	0	4.943151	0.520400	0.520400	0.518974	1.409451	3.000000	5.000000	0.682191	0.682191	0.570331	0	0	1	1	155	1168575
1444475105	30	32	41	41	3	4	3	2	6	6	0	0	1	0	0	4.944762	0.521826	0.521826	0.517549	1.409451	3.000000	5.000000	0.677756	0.677756	0.603207	0	0	1	1	155	1164700
1444475106	36	37	38	31	3	3	3	5	4	3	0	0	1	0	0	4.944762	0.521826	0.518974	0.520400	1.410257	3.000000	5.000000	0.715030	0.677756	0.603207	0	0	1	1	155	1167404
1444475108	34	39	37	34	4	4	3	4	8	6	0	0	0	3	0	4.943151	0.521826	0.520400	0.518974	1.409451	3.000000	5.000000	0.756766	0.682191	0.644904	0	0	1	1	155	1167429
1444475109	42	39	35	45	7	3	2	3	9	8	2	1	0	1	0	4.944762	0.521826	0.520400	0.517549	1.409451	3.000000	5.000000	0.715030	0.677756	0.603207	0	0	1	1	155	1167428
1444475110	32	26	40	41	1	1	3	0	3	8	0	0	0	0	0	4.939927	0.520400	0.521826	0.518974	1.408645	3.000000	5.000000	0.728385	0.653762	0.579140	0	0	1	1	155	1164679
1444475111	38	32	25	34	3	2	1	1	7	6	0	0	0	0	0	4.944762	0.516123	0.516123	0.524677	1.409451	3.000000	5.000000	0.715030	0.677756	0.640481	0	0	1	1	155	1167405
1444475112	29	36	35	34	2	2	1	3	3	4	0	0	0	0	0	4.946374	0.521826	0.520400	0.517549	1.409451	3.000000	5.000000	0.673322	0.598798	0.561534	0	0	1	1	155	1167429
1444475114	37	27	35	34	2	3	4	2	0	5	0	0	1	0	0	4.944762	0.521826	0.520400	0.516123	1.408645	2.750000	5.000000	0.715030	0.640481	0.565931	0	0	1	1	155	1174901
1444475115	43	43	34	30	5	0	1	3	5	7	0	1	0	1	0	4.943151	0.518974	0.521826	0.518974	1.408645	3.000000	5.000000	0.756766	0.682191	0.607617	0	0	1	1	155	1167399
1444475116	32	28	26	37	1	2	2	3	2	8	0	0	0	1	0	4.943151	0.520400	0.521826	0.518974	1.409451	3.000000	5.000000	0.682191	0.719479	0.644904	0	0	1	1	155	1168564
1444475117	37	42	36	35	7	0	1	2	4	5	0	0	0	0	0	4.943151	0.520400	0.520400	0.518974	1.409451	3.000000	5.000000	0.719479	0.644904	0.570331	0	0	1	1	155	1164669
1444475118	34	39	25	32	3	1	3	4	8	7	0	0	0	4	0	4.943151	0.520400	0.520400	0.518974	1.410257	3.000000	5.000000	0.719479	0.682191	0.607617	0	0	1	1	155	1167395
1444475120	38	33	32	27	4	3	2	0	6	4	0	0	0	0	0	4.943151	0.521826	0.520400	0.517549	1.408645	3.000000	5.000000	1.688949	0.607617	0.533044	0	0	1	1	155	1167419
1444475121	33	36	31	41	5	3	3	3	1	4	0	0	0	0	0	4.943151	0.521826	0.520400	0.517549	1.408645	3.000000	5.000000	0.719479	0.682191	0.607617	0	0	1	1	155	1167419
1444475122	40	44	31	40	5	3	4	5	4	6	0	1	0	1	0	4.943151	0.520400	0.520400	0.517549	1.409451	3.000000	5.000000	0.719479	0.644904	0.533044	0	0	1	1	155	1164664
1444475123	33	39	35	39	6	0	3	0	4	4	0	0	0	0	0	4.943151	0.520400	0.520400	0.518974	1.409451	3.000000	5.000000	0.756766	0.644904	0.607617	0	0	1	1	155	1167398
1444475124	33	37	39	34	5	4	0	7	3	2	1	0	0	0	0	4.939927	0.521826	0.520400	0.517549	1.409451	3.000000	5.000000	0.728385	0.691074	0.616451	0	0	1	1	155	1167418
1444475126	26	41	37	34	1	3	0	2	4	3	0	0	0	0	0	4.943151	0.523252	0.517549	0.516123	1.409451	3.000000	5.000000	0.682191	0.644904	0.570331	0	0	1	1	155	1164584
1444475127	32	36	26	35	7	0	3	3	5	2	0	0	0	0	0	4.943151	0.521826	0.521826	0.520400	1.409451	3.000000	5.000000	0.719479	0.644904	0.533044	0	0	1	1	155	1167395
1444475128	42	27	32	33	3	0	1	1	6	5	0	0	0	0	0	4.944762	0.520400	0.520400	0.517549	1.409451	3.000000	5.000000	0.677756	0.677756	0.640481	0	0	1	1	155	1168575
1444475129	40	27	38	40	2	3	2	3	5	9	0	0	0	0	0	4.943151	0.521826	0.520400	0.518974	1.409451	3.000000	5.000000	0.682191	0.644904	0.570331	0	0	1	1	155	1164793
1444475130	33	35	39	32	3	5	2	0	2	4	0	0	1	0	0	4.943151	0.521826	0.520400	0.518974	1.409451	3.000000	5.000000	0.682191	0.644904	0.607617	0	0	1	1	155	1167407
1444475132	52	31	31	28	5	3	6	1	1	1	0	1	0	0	0	4.943151	0.521826	0.520400	0.516123	1.409451	3.000000	5.000000	0.682191	0.644904	0.533044	0	0	1	1	155	1167428
1444475133	37	31	25	35	2	3	0	1	4	3	0	0	0	0	0	4.941538	0.520400	0.520400	0.518974	1.409451	3.000000	5.000000	0.723931	0.574735	0.612034	0	0	1	1	155	1167429
1444475134	33	38	37	42	5	0	3	3	2	3	0	0	0	0	0	4.941538	0.520400	0.520400	0.518974	1.410257	3.000000	5.000000	0.723931	0.649333	0.649333	0	0	1	1	155	1164742
1444475135	26	37	36	37	3	0	1	2	1	9	0	0	0	0	0	4.943151	0.520400	0.520400	0.518974	1.409451	3.000000	5.000000	0.719479	0.682191	0.570331	0	0	1	1	155	1167404
1444475136	35	28	24	34	4	0	3	0	4	1	0	0	0	0	0	4.941538	0.521826	0.520400	0.518974	1.409451	3.000000	5.000000	0.723931	0.686632	0.612034	0	0	1	1	155	1167429
1444475138	35	30	28	33	4	1	0	4	3	6	0	0	0	1	0	4.943151	0.520400	0.520400	0.520400	1.410257	3.000000	5.000000	0.682191	0.682191	0.644904	0	0	1	1	155	1164677
1444475139	31	32	43	30	3	1	1	5	2	5	0	0	0	2	0	4.939927	0.521826	0.521826	0.518974	1.408645	3.000000	5.000000	0.728385	0.691074	0.616451	0	0	1	1	155	1167399
1444475140	32	43	32	29	5	1	1	6	2	5	1	0	0	0	0	4.944762	0.523252	0.520400	0.520400	1.409451	3.000000	5.000000	0.677756	0.640481	0.603207	0	0	1	1	155	1168564
1444475141	31	29	43	41	4	2	2	1	4	8	0	0	0	1	0	4.943151	0.521826	0.521826	0.518974	1.409451	3.000000	5.000000	0.570331	0.644904	0.682191	0	0	1	1	155	1164664
1444475142	42	34	30	29	8	2	4	3	6	5	0	1	1	0	0	4.943151	0.520400	0.520400	0.518974	1.409451	3.000000	5.000000	0.719479	0.682191	0.607617	0	0	1	1	155	1167395
1444475144	40	28	30	23	1	3	0	2	3	4	0	0	0	1	0	4.944762	0.521826	0.520400	0.517549	1.410257	3.000000	5.000000	0.715030	0.640481	0.565931	0	0	1	1	155	1167419
1444475145	30	29	27	22	4	1	1	2	2	4	0	0	0	0	0	4.938315	0.520400	0.520400	0.520400	1.409451	3.000000	5.000000	0.732842	0.695518	0.583549	0	0	1	1	155	1167419
1444475146	33	38	34	41	1	0	5	3	7	7	0	0	0	0	0	4.943151	0.521826	0.521826	0.518974	1.410257	3.000000	5.000000	0.719479	0.682191	0.607617	0	0	1	1	155	1164661
1444475147	39	33	44	28	2	5	1	1	2	2	0	0	0	0	0	4.941538	0.523252	0.520400	0.517549	1.408645	3.000000	5.000000	0.686632	0.686632	0.649333	0	0	1	1	155	1167391
1444475148	31	33	37	36	4	5	1	3	4	4	1	0	0	0	0	4.943151	0.521826	0.521826	0.517549	1.409451	3.000000	5.000000	0.682191	0.644904	0.607617	0	0	1	1	155	1167419
1444475150	25	30	41	47	5	2	3	3	4	10	1	1	0	0	0	4.938315	0.521826	0.520400	0.517549	1.409451	3.000000	5.000000	0.732842	0.695518	0.658195	0	0	1	1	155	1164683
1444475151	39	44	29	42	7	2	6	1	6	1	0	1	0	0	0	4.943151	0.521826	0.520400	0.518974	1.408645	3.000000	5.000000	0.719479	0.682191	0.644904	0	0	1	1	156	1167416
1444475152	38	34	33	30	4	5	3	5	3	2	0	0	1	1	0	4.946374	0.518974	0.520400	0.518974	1.410257	3.000000	5.000000	0.673322	0.673322	0.598798	0	0	1	1	155	1168570
1444475153	36	40	34	37	5	5	3	1	3	6	0	1	1	0	0	4.939927	0.518974	0.511846	0.516123	1.409451	3.000000	5.000000	1.586552	0.691074	0.616451	0	0	1	1	155	1164666
1444475154	29	33	37	43	3	0	3	4	3	10	0	0	0	0	0	4.941538	0.521826	0.520400	0.518974	1.409451	3.000000	5.000000	0.686632	0.686632	0.574735	0	0	1	1	155	1167404
1444475156	41	42	35	34	5	3	2	2	7	3	0	0	0	0	0	4.943151	0.521826	0.520400	0.517549	1.410257	3.000000	5.000000	0.719479	0.682191	0.607617	0	0	1	1	156	1167452
1444475157	26	31	26	26	1	2	2	3	3	1	0	0	0	0	0	4.941538	0.520400	0.520400	0.518974	1.409451	3.000000	5.000000	0.723931	0.686632	0.612034	0	0	1	1	155	1164675
1444475158	28	36	30	44	4	1	2	2	3	2	0	0	0	0	0	4.943151	0.520400	0.520400	0.517549	1.410257	3.000000	5.000000	0.682191	0.682191	0.570331	0	0	1	1	155	1167405
1444475159	30	35	41	38	4	2	0	0	1	4	0	0	0	0	0	4.943151	0.514697	0.514697	0.514697	1.409451	3.000000	5.000000	2.024531	0.570331	0.607617	0	0	1	1	155	1167429
1444475160	30	35	45	30	1	4	1	8	4	6	0	0	0	1	0	4.941538	0.521826	0.521826	0.518974	1.409451	3.000000	5.000000	0.723931	0.686632	0.612034	0	0	1	1	155	1167429
1444475162	40	29	25	36	6	2	2	1	2	1	0	0	0	0	0	4.941538	0.521826	0.521826	0.520400	1.410257	3.000000	5.000000	0.686632	0.649333	0.612034	0	0	1	1	155	1164678
1444475163	25	30	32	36	1	1	2	4	5	9	0	0	0	1	0	4.943151	0.523252	0.520400	0.518974	1.409451	3.000000	5.000000	0.719479	0.682191	0.607617	0	0	1	1	155	1167399
1444475164	36	45	36	44	7	5	1	1	5	4	2	0	0	1	0	4.939927	0.527529	0.520400	0.518974	1.409451	3.000000	5.000000	0.728385	0.653762	0.579140	0	0	1	1	155	1168565
1444475165	36	36	40	37	4	4	3	2	4	3	0	0	0	0	0	4.943151	0.521826	0.518974	0.518974	1.410257	3.000000	5.000000	0.682191	0.644904	0.570331	0	0	1	1	155	1164659
1444475166	39	38	36	40	3	1	3	4	3	3	0	0	0	0	0	4.944762	0.521826	0.520400	0.517549	1.410257	3.000000	5.000000	0.677756	0.454106	0.565931	0	0	1	1	155	1167395
1444475168	41	39	39	31	1	2	2	6	4	4	0	0	0	0	0	4.943151	0.521826	0.520400	0.518974	1.410257	3.000000	5.000000	0.719479	0.644904	0.570331	0	0	1	1	155	1167419
1444475169	33	36	34	33	1	2	1	2	7	4	0	0	1	0	0	4.943151	0.521826	0.520400	0.516123	1.410257	3.000000	5.000000	0.682191	0.644904	0.570331	0	0	1	1	155	1164652
1444475170	37	39	40	33	1	3	3	3	4	3	0	0	1	0	0	4.944762	0.521826	0.521826	0.517549	1.410257	3.000000	5.000000	0.715030	0.677756	0.603207	0	0	1	1	155	1167395
1444475171	30	32	37	41	3	1	3	5	5	5	0	1	0	0	0	4.941538	0.521826	0.520400	0.513271	1.407839	2.750000	5.000000	0.761231	0.686632	0.574735	0	0	1	1	155	1167419
1444475172	36	32	38	37	3	1	4	2	5	7	0	0	0	0	0	4.944762	0.520400	0.521826	0.516123	1.410257	3.000000	5.000000	0.715030	0.677756	0.528657	0	0	1	1	155	1167419
1444475174	29	34	21	34	1	2	2	2	3	5	0	0	0	0	0	4.943151	0.520400	0.520400	0.517549	1.410257	3.000000	5.000000	0.682191	0.644904	0.570331	0	0	1	1	155	1164674
1444475175	24	39	28	38	0	2	0	1	4	5	0	0	0	0	0	4.941538	0.521826	0.520400	0.517549	1.409451	3.000000	5.000000	0.723931	0.686632	0.649333	0	0	1	1	155	1167398
1444475176	35	40	31	36	3	1	2	6	4	2	1	1	0	1	0	4.943151	0.521826	0.520400	0.516123	1.409451	3.000000	5.000000	0.682191	0.644904	0.570331	0	0	1	1	155	1168574
1444475177	36	30	37	41	5	1	2	2	2	12	0	0	0	0	0	4.943151	0.521826	0.520400	0.517549	1.410257	3.000000	5.000000	0.682191	0.644904	0.533044	0	0	1	1	155	1164668
1444475178	38	35	37	42	2	2	3	4	3	4	0	0	0	0	0	4.941538	0.520400	0.520400	0.516123	1.410257	3.000000	5.000000	0.686632	0.649333	0.425537	0	0	1	1	156	1167426
1444475180	34	28	34	30	4	0	2	3	4	4	0	0	0	0	0	4.944762	0.520400	0.520400	0.516123	1.411062	3.000000	5.000000	0.677756	0.677756	0.528657	0	0	1	1	155	1167424
1444475181	37	30	31	34	4	3	2	0	1	6	0	0	0	0	0	4.944762	0.520400	0.521826	0.516123	1.410257	3.000000	5.000000	0.752306	0.677756	0.565931	0	0	1	1	155	1164682
1444475182	29	29	36	28	1	1	1	3	2	3	0	0	0	0	0	4.944762	0.521826	0.521826	0.516123	1.410257	3.000000	5.000000	0.677756	0.677756	0.565931	0	0	1	1	155	1167404
1444475183	42	34	39	35	7	4	2	3	1	3	1	0	0	0	0	4.943151	0.521826	0.518974	0.511846	1.410257	3.000000	5.000000	0.719479	0.644904	0.533044	0	0	1	1	155	1167428
1444475184	26	41	29	36	10	1	2	1	1	3	1	2	1	0	1	4.943151	0.520400	0.520400	0.516123	1.410257	3.000000	5.000000	0.644904	0.644904	0.495756	0	0	1	1	155	1167429
1444475186	27	29	21	34	0	1	0	1	2	1	0	0	0	0	0	4.944762	0.521826	0.520400	0.517549	1.410257	3.000000	5.000000	0.677756	0.677756	0.528657	0	0	1	1	156	1164683
1444475187	35	32	36	45	4	1	3	5	6	6	0	0	0	1	0	4.941538	0.521826	0.521826	0.517549	1.409451	3.000000	5.000000	0.723931	0.686632	0.537436	0	0	1	1	155	1167400
1444475188	31	34	34	34	4	1	1	4	5	3	0	0	0	0	0	4.943151	0.520400	0.520400	0.516123	1.409451	3.000000	5.000000	0.682191	0.682191	0.533044	0	0	1	1	155	1168565
1444475189	38	34	33	27	7	2	2	2	5	2	0	1	0	0	0	4.943151	0.521826	0.520400	0.514697	1.409451	3.000000	5.000000	0.719479	0.682191	0.570331	0	0	1	1	155	1164654
1444475190	27	34	38	41	6	2	1	1	5	12	1	1	1	1	1	4.946374	0.520400	0.520400	0.513271	1.408645	2.750000	5.000000	0.747849	0.673322	0.524272	0	0	1	1	155	1167395
1444475192	39	40	40	39	6	1	2	4	2	7	0	0	1	0	0	4.943151	0.521826	0.520400	0.516123	1.410257	3.000000	5.000000	0.682191	0.682191	0.570331	0	0	1	1	156	1167440
1444475193	45	29	46	36	6	5	3	3	3	10	0	0	0	0	0	4.944762	0.523252	0.520400	0.517549	1.410257	3.000000	5.000000	0.715030	0.677756	0.565931	0	0	1	1	155	1164648
1444475194	32	37	38	33	6	3	1	4	2	3	1	0	0	0	0	4.936703	0.523252	0.520400	0.516123	1.409451	3.000000	5.000000	0.737302	0.737302	0.587959	0	0	1	1	156	1167415
1444475195	39	35	31	38	3	3	3	0	6	7	0	0	2	0	0	4.944762	0.517549	0.523252	0.514697	1.410257	3.000000	5.000000	0.715030	0.640481	0.491381	0	0	1	1	155	1167415
1444475196	39	34	30	42	3	1	3	2	4	9	0	0	1	0	0	4.943151	0.520400	0.520400	0.517549	1.410257	3.000000	5.000000	0.607617	0.607617	0.607617	0	0	1	1	155	1164658
1444475198	37	31	37	45	3	4	6	4	4	7	0	1	1	1	0	4.944762	0.521826	0.520400	0.517549	1.409451	3.000000	5.000000	0.715030	0.640481	0.528657	0	0	1	1	155	1167395
1444475199	30	34	33	38	1	2	2	2	5	5	0	0	0	0	0	4.938315	0.520400	0.521826	0.517549	1.408645	3.000000	5.000000	0.732842	0.695518	0.583549	0	0	1	1	155	1167419
1444475200	40	31	37	38	6	3	3	4	2	6	0	0	0	1	0	4.943151	0.521826	0.521826	0.516123	1.411062	3.000000	5.000000	0.719479	0.644904	0.533044	0	0	1	1	155	1168575
1444475201	32	38	35	28	3	1	1	7	3	2	0	0	0	0	0	4.943151	0.520400	0.520400	0.516123	1.410257	3.000000	5.000000	0.682191	0.644904	0.570331	0	0	1	1	155	1164691
1444475202	37	31	33	33	4	2	2	3	3	7	0	1	0	1	0	4.946374	0.521826	0.521826	0.516123	1.411062	3.000000	5.000000	0.561534	0.636060	0.449746	0	0	1	1	155	1167404
1444475204	39	35	31	28	4	2	0	2	6	3	0	0	0	0	0	4.943151	0.521826	0.521826	0.516123	1.410257	3.000000	5.000000	0.719479	0.644904	0.533044	0	0	1	1	155	1167428
1444475205	40	33	37	42	3	2	6	3	7	7	0	1	0	2	0	4.943151	0.520400	0.520400	0.516123	1.410257	3.000000	5.000000	0.682191	0.644904	0.495756	0	0	1	1	155	1164673
1444475206	41	31	32	40	6	1	2	3	1	8	0	0	1	0	0	4.941538	0.521826	0.520400	0.514697	1.410257	3.000000	5.000000	0.723931	0.686632	0.537436	0	0	1	1	155	1167405
1444475207	34	28	33	30	3	2	4	0	1	2	0	1	0	0	0	4.946374	0.520400	0.520400	0.514697	1.410257	3.000000	5.000000	0.710586	0.673322	0.561534	0	0	1	1	155	1167429
1444475208	32	35	25	40	3	1	0	5	3	5	1	0	0	1	0	4.944762	0.523252	0.521826	0.516123	1.408645	2.750000	5.000000	0.677756	0.677756	0.528657	0	0	1	1	155	1164659
1444475210	30	38	29	39	5	1	1	3	7	3	0	0	0	0	0	4.944762	0.521826	0.520400	0.514697	1.411062	3.000000	5.000000	0.677756	0.677756	0.565931	0	0	1	1	155	1167404
1444475211	40	35	38	33	4	4	3	2	4	3	0	0	0	0	0	4.941538	0.523252	0.520400	0.516123	1.409451	3.000000	5.000000	0.723931	0.686632	0.537436	0	0	1	1	155	1167427
1444475212	35	27	38	32	6	7	3	1	4	3	1	2	1	1	1	4.943151	0.521826	0.520400	0.516123	1.410257	3.000000	5.000000	0.756766	0.682191	0.533044	0	0	1	1	155	1168565
1444475213	28	47	30	30	4	1	2	4	2	3	0	0	0	1	0	4.941538	0.521826	0.520400	0.514697	1.409451	3.000000	5.000000	0.686632	0.686632	0.537436	0	0	1	1	155	1164656
1444475214	32	26	33	36	2	2	2	0	2	5	0	0	1	0	0	4.943151	0.520400	0.520400	0.516123	1.411062	3.000000	5.000000	0.607617	0.682191	0.495756	0	0	1	1	155	1167394
1444475216	37	43	47	46	6	2	3	6	2	10	1	0	0	1	0	4.944762	0.521826	0.520400	0.514697	1.410257	3.000000	5.000000	0.715030	0.677756	0.528657	0	0	1	1	155	1167418
1444475217	40	39	31	31	5	3	3	4	4	6	0	0	0	1	0	4.944762	0.521826	0.521826	0.516123	1.410257	3.000000	5.000000	0.677756	0.677756	0.528657	0	0	1	1	156	1164662
1444475218	35	41	34	33	9	5	2	8	5	5	2	1	1	2	1	4.943151	0.521826	0.520400	0.516123	1.410257	3.000000	5.000000	0.719479	0.682191	0.533044	0	0	1	1	155	1167395
1444475219	32	26	35	37	4	4	4	4	3	4	1	0	1	0	0	4.938315	0.518974	0.518974	0.514697	1.410257	3.000000	5.000000	0.695518	0.695518	0.583549	0	0	1	1	155	1167419
1444475220	44	40	40	31	5	1	5	2	6	2	0	1	0	1	0	4.941538	0.520400	0.520400	0.516123	1.411062	3.000000	5.000000	0.686632	0.649333	0.537436	0	0	1	1	155	1164789
1444475222	36	45	25	38	2	2	3	1	7	3	0	0	0	0	0	4.944762	0.521826	0.520400	0.518974	1.411062	3.000000	5.000000	0.715030	0.491381	0.565931	0	0	1	1	155	1167394
1444475223	34	31	32	40	7	2	2	1	2	5	0	0	0	0	0	4.941538	0.521826	0.520400	0.516123	1.409451	3.000000	5.000000	0.723931	0.686632	0.537436	0	0	1	1	155	1167419
1444475224	49	31	40	43	6	5	11	5	2	5	1	1	1	0	0	4.944762	0.520400	0.520400	0.517549	1.411062	3.000000	5.000000	0.715030	0.640481	0.565931	0	0	1	1	155	1168575
1444475225	28	31	31	40	3	4	3	0	2	3	0	0	0	0	0	4.943151	0.521826	0.521826	0.516123	1.411062	3.000000	5.000000	0.756766	0.682191	0.570331	0	0	1	1	156	1164722
1444475226	27	42	28	38	3	1	1	4	4	4	0	0	0	0	0	4.943151	0.521826	0.521826	0.518974	1.411062	3.000000	5.000000	0.682191	0.644904	0.607617	0	0	1	1	155	1167404
1444475228	35	44	29	22	7	4	0	6	1	2	1	0	0	0	0	4.943151	0.521826	0.521826	0.514697	1.411062	3.000000	5.000000	0.570331	0.607617	0.458469	0	0	1	1	155	1167428
1444475229	33	27	38	31	3	2	4	1	2	4	0	1	0	0	0	4.943151	0.520400	0.518974	0.514697	1.410257	3.000000	5.000000	0.719479	0.644904	0.533044	0	0	1	1	155	1164665
1444475230	31	37	27	35	3	0	3	4	6	4	0	0	0	1	0	4.943151	0.520400	0.521826	0.518974	1.410257	3.000000	5.000000	0.719479	0.682191	0.644904	0	0	1	1	155	1167404
1444475231	38	35	43	46	3	4	2	2	5	8	0	0	1	0	0	4.943151	0.521826	0.520400	0.516123	1.411062	3.000000	5.000000	0.682191	0.682191	0.533044	0	0	1	1	155	1167429
1444475232	37	40	40	27	9	5	0	4	2	1	1	0	0	0	0	4.943151	0.521826	0.520400	0.517549	1.411062	3.000000	5.000000	0.682191	0.644904	0.570331	0	0	1	1	155	1164672
1444475234	36	32	33	30	7	4	2	4	1	4	2	2	2	1	2	4.941538	0.538935	0.520400	0.517549	1.408645	3.000000	5.000000	0.873128	0.537436	0.612034	0	0	1	1	155	1167404
1444475235	37	35	25	26	3	1	1	3	2	2	0	0	0	0	0	4.943151	0.523252	0.521826	0.516123	1.410257	3.000000	5.000000	0.533044	0.607617	0.495756	0	0	1	1	155	1167424
1444475236	36	26	34	33	2	2	2	6	4	2	0	0	1	1	0	4.944762	0.521826	0.523252	0.516123	1.411062	3.000000	5.000000	0.715030	0.677756	0.416832	0	0	1	1	155	1165819
1444475237	23	35	26	40	2	1	1	1	5	5	0	0	1	0	0	4.944762	0.521826	0.520400	0.518974	1.410257	3.000000	5.000000	0.677756	0.640481	0.565931	0	0	1	1	155	1167394
1444475238	42	40	31	33	6	3	1	4	3	4	0	0	1	0	0	4.939927	0.521826	0.520400	0.516123	1.410257	3.000000	5.000000	0.691074	0.691074	0.579140	0	0	1	1	155	1167418
1444475240	29	33	25	34	2	0	4	3	3	3	0	0	0	0	0	4.943151	0.517549	0.523252	0.516123	1.410257	3.000000	5.000000	0.719479	0.644904	0.570331	0	0	1	1	155	1167418
1444475241	33	32	27	37	2	4	4	1	7	3	1	0	0	1	0	4.944762	0.517549	0.518974	0.516123	1.411062	3.000000	5.000000	0.715030	0.640481	0.528657	0	0	1	1	155	1164688
1444475242	34	35	22	27	3	0	0	3	5	3	0	0	0	0	0	4.943151	0.520400	0.521826	0.516123	1.411062	3.000000	5.000000	0.682191	0.682191	0.570331	0	0	1	1	155	1167395
1444475243	44	27	23	25	5	2	3	1	1	4	0	0	0	0	0	4.943151	0.520400	0.520400	0.517549	1.411062	3.000000	5.000000	0.682191	0.644904	0.533044	0	0	1	1	155	1167419
1444475244	36	37	31	34	3	0	3	3	5	3	0	1	0	0	0	4.943151	0.520400	0.521826	0.516123	1.410257	3.000000	5.000000	0.682191	0.644904	0.570331	0	0	1	1	155	1164661
1444475246	48	30	36	41	6	2	4	4	2	6	0	0	0	1	0	4.943151	0.520400	0.521826	0.516123	1.411062	3.000000	5.000000	0.719479	0.682191	0.570331	0	0	1	1	155	1167395
1444475247	27	37	39	35	5	2	2	3	4	7	1	0	0	0	0	4.941538	0.521826	0.521826	0.516123	1.409451	3.000000	5.000000	0.761231	0.649333	0.649333	0	0	1	1	155	1167418
1444475248	26	39	27	29	3	0	2	3	2	2	0	1	0	0	0	4.941538	0.520400	0.518974	0.514697	1.411062	3.000000	5.000000	0.686632	0.686632	0.649333	0	0	1	1	155	1165813
1444475249	30	23	34	35	2	1	5	0	1	2	0	0	0	0	0	4.941538	0.521826	0.520400	0.518974	1.410257	3.000000	5.000000	0.723931	0.649333	0.574735	0	0	1	1	155	1167404
1444475250	34	42	50	41	4	3	5	6	5	10	0	0	0	1	0	4.943151	0.521826	0.520400	0.516123	1.411062	3.000000	5.000000	0.682191	0.682191	0.570331	0	0	1	1	155	1167429
1444475252	32	33	36	34	3	2	2	4	5	4	1	1	1	1	1	4.941538	0.520400	0.514697	0.517549	1.411062	3.000000	5.000000	0.649333	0.686632	0.612034	0	0	1	1	156	1167450
1444475253	43	29	33	38	4	0	0	0	5	5	0	0	0	0	0	4.944762	0.520400	0.521826	0.516123	1.411062	3.000000	5.000000	0.677756	0.640481	0.528657	0	0	1	1	155	1164591
1444475254	33	32	38	31	1	2	1	5	5	5	0	0	0	1	0	4.943151	0.521826	0.521826	0.518974	1.411062	3.000000	5.000000	0.719479	0.682191	0.607617	0	0	1	1	155	1167404
1444475255	29	19	31	33	1	4	0	2	0	3	0	0	0	0	0	4.943151	0.521826	0.520400	0.517549	1.410257	3.000000	5.000000	0.719479	0.644904	0.570331	0	0	1	1	155	1167429
1444475256	35	31	26	26	7	1	3	2	5	5	1	2	1	1	1	4.943151	0.521826	0.520400	0.518974	1.411868	3.000000	5.000000	0.682191	0.682191	0.607617	0	0	1	1	155	1194242
1444475258	48	32	35	28	4	2	0	5	6	3	0	0	0	2	0	4.943151	0.520400	0.520400	0.517549	1.411062	3.000000	5.000000	0.719479	0.682191	0.607617	0	0	1	1	155	1167405
1444475259	26	28	42	32	2	5	0	2	3	5	0	0	0	0	0	4.941538	0.521826	0.521826	0.518974	1.410257	3.000000	5.000000	0.723931	0.686632	0.649333	0	0	1	1	155	1167424
1444475260	21	25	36	47	1	1	2	2	5	10	0	0	0	0	0	4.941538	0.520400	0.520400	0.518974	1.411062	3.000000	5.000000	0.686632	0.649333	0.500136	0	0	1	1	155	1171139
1444475261	20	28	34	31	4	2	0	1	3	5	0	0	0	1	0	4.941538	0.520400	0.520400	0.518974	1.411062	3.000000	5.500000	0.686632	0.686632	0.612034	0	0	1	1	156	1167418
1444475262	38	42	28	30	2	0	0	2	1	3	0	0	0	0	0	4.943151	0.520400	0.521826	0.518974	1.411062	3.000000	5.000000	0.682191	0.644904	0.570331	0	0	1	1	155	1167415
1444475264	34	33	41	41	2	3	3	6	1	5	0	0	0	0	0	4.944762	0.516123	0.521826	0.511846	1.410257	3.000000	5.000000	0.528657	0.640481	0.565931	0	0	1	1	155	1167419
1444475265	23	27	33	35	2	1	0	1	2	4	0	0	0	0	0	4.943151	0.521826	0.521826	0.518974	1.411062	3.000000	5.000000	0.719479	0.644904	0.458469	0	0	1	1	155	1164667
1444475266	38	40	36	31	4	3	2	8	6	4	0	0	0	2	0	4.943151	0.521826	0.520400	0.518974	1.411868	3.000000	5.000000	0.682191	0.682191	0.607617	0	0	1	1	155	1167395
1444475267	31	44	24	40	8	1	3	2	4	4	1	1	0	0	0	4.943151	0.520400	0.520400	0.518974	1.411062	3.000000	5.000000	0.682191	0.607617	0.607617	0	0	1	1	155	1167419
1444475268	37	36	40	37	5	3	2	4	4	5	1	0	1	1	0	4.939927	0.521826	0.520400	0.517549	1.411062	3.000000	5.000000	0.691074	0.653762	0.579140	0	0	1	1	155	1164661
1444475270	50	38	35	30	8	3	3	3	2	6	1	0	0	0	0	4.943151	0.516123	0.520400	0.516123	1.411062	3.000000	5.000000	0.682191	0.644904	0.607617	0	0	1	1	155	1167395
1444475271	31	34	29	34	4	2	1	4	3	3	1	0	0	0	0	4.941538	0.521826	0.521826	0.517549	1.411062	3.000000	5.000000	0.761231	0.649333	0.612034	0	0	1	1	155	1167419
1444475272	39	34	38	33	4	1	2	6	5	7	0	0	0	3	0	4.943151	0.521826	0.521826	0.520400	1.409451	3.000000	5.000000	0.682191	0.682191	0.607617	0	0	1	1	155	1165938
1444475273	30	44	37	30	5	4	1	4	6	5	1	0	0	0	0	4.943151	0.521826	0.520400	0.517549	1.411868	3.000000	5.500000	0.719479	0.682191	0.533044	0	0	1	1	155	1167404
1444475274	26	35	39	33	3	3	1	7	2	3	1	0	0	1	0	4.943151	0.521826	0.521826	0.517549	1.411062	3.000000	5.000000	0.682191	0.682191	0.607617	0	0	1	1	155	1167431
1444475276	30	32	39	24	5	1	0	1	0	4	0	0	0	0	0	4.943151	0.520400	0.521826	0.514697	1.411062	3.000000	5.500000	0.682191	0.644904	0.533044	0	0	1	1	155	1164668
1444475277	39	36	35	35	4	1	2	2	5	1	0	0	0	1	0	4.944762	0.521826	0.520400	0.514697	1.411868	3.000000	5.000000	0.677756	0.640481	0.603207	0	0	1	1	155	1167404
1444475278	35	33	31	43	6	4	4	2	7	6	1	2	2	1	1	4.943151	0.520400	0.520400	0.517549	1.411062	3.000000	5.000000	0.644904	0.607617	0.607617	0	0	1	1	155	1167429
1444475279	33	37	27	35	2	3	1	2	3	1	0	0	0	0	0	4.943151	0.521826	0.521826	0.517549	1.411062	3.000000	5.000000	0.756766	0.682191	0.607617	0	0	1	1	155	1167429
1444475280	39	33	45	26	3	2	4	1	5	3	0	1	0	0	0	4.944762	0.521826	0.520400	0.518974	1.411868	3.000000	5.500000	0.715030	0.677756	0.640481	0	0	1	1	155	1164668
1444475282	31	38	37	34	4	2	4	5	5	7	0	2	0	1	0	4.944762	0.520400	0.520400	0.518974	1.411868	3.000000	5.000000	0.715030	0.677756	0.603207	0	0	1	1	155	1167404
1444475283	37	33	22	35	3	3	0	0	0	2	0	0	0	0	0	4.941538	0.513271	0.526103	0.517549	1.411062	3.000000	5.500000	0.686632	0.649333	0.574735	0	0	1	1	155	1167421
1444475284	34	33	35	40	4	0	0	0	5	7	0	0	0	0	0	4.943151	0.520400	0.520400	0.518974	1.411868	3.000000	5.000000	0.682191	0.644904	0.421182	0	0	1	1	155	1165803
1444475285	33	34	31	30	1	2	1	6	2	3	0	0	1	0	0	4.943151	0.521826	0.521826	0.518974	1.411868	3.000000	5.500000	0.682191	0.607617	0.644904	0	0	1	1	155	1167395
1444475286	31	20	27	44	3	1	4	1	0	6	0	0	0	0	0	4.943151	0.521826	0.521826	0.518974	1.411062	3.000000	5.500000	0.719479	0.719479	0.607617	0	0	1	1	155	1167419
1444475288	31	27	36	35	4	3	3	0	2	6	0	1	0	0	0	4.941538	0.521826	0.520400	0.518974	1.411868	3.000000	5.500000	0.686632	0.649333	0.574735	0	0	1	1	155	1187911
1444475289	23	39	32	27	4	2	1	2	4	6	1	0	0	0	0	4.943151	0.521826	0.521826	0.520400	1.411062	3.000000	5.500000	0.682191	0.682191	0.570331	0	0	1	1	155	1167395
1444475290	36	22	29	46	6	2	2	0	4	8	0	0	0	0	0	4.943151	0.521826	0.520400	0.518974	1.408645	3.000000	5.500000	0.682191	0.644904	0.607617	0	0	1	1	155	1167419
1444475291	34	33	39	37	7	2	0	3	5	9	1	0	0	1	0	4.943151	0.521826	0.520400	0.520400	1.412674	3.000000	5.000000	0.682191	0.644904	0.533044	0	0	1	1	155	1167419
1444475292	34	44	36	42	6	4	4	3	4	4	1	0	0	0	0	4.946374	0.520400	0.518974	0.518974	1.412674	3.000000	5.500000	0.710586	0.673322	0.561534	0	0	1	1	155	1164710
1444475294	31	32	33	34	5	1	1	6	3	4	0	0	0	2	0	4.941538	0.520400	0.520400	0.517549	1.411868	3.000000	5.000000	0.723931	0.686632	0.612034	0	0	1	1	155	1167398
1444475295	28	33	25	27	4	1	0	3	1	2	0	0	0	0	0	4.941538	0.521826	0.520400	0.517549	1.411062	3.000000	5.000000	0.686632	0.686632	0.649333	0	0	1	1	155	1167418
1444475296	34	33	38	25	3	4	2	6	5	3	0	1	1	0	0	4.944762	0.520400	0.521826	0.518974	1.411062	3.000000	5.000000	0.677756	0.677756	0.603207	0	0	1	1	155	1165836
1444475297	47	30	29	38	4	1	3	1	2	3	0	1	0	0	0	4.943151	0.523252	0.521826	0.517549	1.410257	3.000000	5.500000	0.719479	0.682191	0.644904	0	0	1	1	155	1167405
1444475298	32	41	42	35	3	2	2	5	6	10	1	0	1	1	0	4.941538	0.520400	0.520400	0.517549	1.411062	3.000000	5.500000	0.686632	0.686632	0.574735	0	0	1	1	155	1167429
1444475300	41	45	46	33	6	5	4	5	5	8	1	0	2	1	0	4.943151	0.521826	0.520400	0.517549	1.411868	3.000000	5.500000	0.682191	0.682191	0.644904	0	0	1	1	156	1176693
1444475301	28	32	38	37	3	3	2	2	3	11	0	0	0	1	0	4.941538	0.521826	0.517549	0.518974	1.411062	3.000000	5.000000	0.686632	0.612034	0.574735	0	0	1	1	155	1167408
1444475302	36	31	31	47	2	6	1	2	2	7	0	0	0	0	0	4.943151	0.521826	0.520400	0.518974	1.411868	3.000000	5.500000	0.682191	0.682191	0.644904	0	0	1	1	156	1167450
1444475303	32	44	34	27	7	0	3	4	2	2	0	0	0	1	0	4.943151	0.521826	0.518974	0.517549	1.411868	3.000000	5.500000	0.719479	0.644904	0.607617	0	0	1	1	155	1167424
1444475304	35	36	48	37	2	9	3	4	1	5	0	0	1	0	0	4.944762	0.521826	0.521826	0.518974	1.411868	3.000000	5.500000	0.603207	0.603207	0.565931	0	0	1	1	155	1164666
1444475306	41	36	30	35	7	1	4	1	6	6	0	1	1	0	0	4.943151	0.520400	0.523252	0.518974	1.411868	3.000000	5.500000	0.719479	0.719479	0.607617	0	0	1	1	155	1167404
1444475307	33	45	32	32	7	2	1	3	7	2	1	0	0	1	0	4.943151	0.523252	0.523252	0.518974	1.411062	3.000000	5.500000	0.719479	0.719479	0.607617	0	0	1	1	155	1167424
1444475308	30	33	32	31	2	1	4	4	4	6	0	0	0	1	0	4.944762	0.521826	0.521826	0.518974	1.411868	3.000000	5.500000	0.715030	0.677756	0.603207	0	0	1	1	155	1165808
1444475309	30	41	45	40	1	1	3	4	3	9	0	0	0	0	0	4.946374	0.518974	0.520400	0.518974	1.412674	3.000000	5.500000	0.710586	0.636060	0.598798	0	0	1	1	155	1167394
1444475310	35	26	37	26	1	1	0	5	2	3	0	0	0	0	0	4.944762	0.520400	0.523252	0.517549	1.411868	3.000000	5.500000	0.715030	0.715030	0.603207	0	0	1	1	155	1167419
1444475312	35	31	39	35	3	0	2	7	3	5	0	0	0	1	0	4.943151	0.520400	0.523252	0.517549	1.411868	3.000000	5.500000	0.682191	0.756766	0.607617	0	0	1	1	155	1164653
1444475313	33	33	29	33	4	1	0	2	5	5	0	0	0	0	0	4.939927	0.521826	0.523252	0.518974	1.411868	3.000000	5.500000	0.691074	0.728385	0.691074	0	0	1	1	155	1167397
1444475314	32	25	28	32	2	2	3	0	3	4	0	0	0	0	0	4.941538	0.520400	0.523252	0.520400	1.412674	3.000000	5.500000	0.686632	0.723931	0.612034	0	0	1	1	155	1167419
1444475315	32	32	33	25	4	4	1	3	2	4	1	0	0	1	0	4.941538	0.517549	0.518974	0.518974	1.411062	3.000000	5.500000	0.761231	0.723931	0.574735	0	0	1	1	155	1164652
1444475316	42	31	34	26	3	4	4	4	3	5	1	0	1	1	0	4.943151	0.521826	0.523252	0.518974	1.412674	3.000000	5.500000	0.682191	0.756766	0.682191	0	0	1	1	155	1167395
1444475318	31	42	35	35	3	5	1	5	2	6	1	0	0	0	0	4.943151	0.520400	0.523252	0.518974	1.412674	3.000000	5.500000	0.719479	0.719479	0.607617	0	0	1	1	155	1167419
1444475319	34	33	29	34	5	0	1	2	7	2	0	0	0	0	0	4.943151	0.521826	0.523252	0.518974	1.411062	3.000000	5.500000	0.719479	0.719479	0.570331	0	0	1	1	155	1167419
1444475320	29	35	31	37	4	2	3	1	3	9	0	0	1	0	0	4.943151	0.524677	0.523252	0.517549	1.411868	3.000000	5.500000	0.756766	0.719479	0.607617	0	0	1	1	155	1165801
1444475321	47	40	38	28	5	5	3	1	2	5	0	0	1	0	0	4.944762	0.523252	0.523252	0.517549	1.412674	3.000000	5.500000	0.603207	0.677756	0.491381	0	0	1	1	155	1167404
1444475322	38	47	43	32	7	2	0	6	2	5	1	0	0	0	0	4.944762	0.523252	0.523252	0.516123	1.411062	3.000000	5.500000	0.752306	0.715030	0.603207	0	0	1	1	155	1167428
1444475324	37	39	29	34	10	2	2	3	7	5	0	1	0	0	0	4.943151	0.523252	0.523252	0.518974	1.411868	3.000000	5.500000	0.794054	0.719479	0.644904	0	0	1	1	155	1164669
1444475325	39	34	45	36	4	2	2	4	2	10	0	0	0	1	0	4.944762	0.521826	0.523252	0.517549	1.412674	3.000000	5.500000	0.677756	0.752306	0.640481	0	0	1	1	156	1167426
1444475326	34	33	36	35	8	3	5	3	9	6	1	3	1	1	1	4.943151	0.523252	0.520400	0.516123	1.412674	3.000000	5.500000	0.756766	0.756766	0.607617	0	0	1	1	156	1167445
1444475327	34	32	33	41	2	4	2	2	3	9	0	0	0	1	0	4.943151	0.523252	0.523252	0.518974	1.412674	3.000000	5.500000	0.756766	0.719479	0.644904	0	0	1	1	155	1164655
1444475328	18	35	25	28	1	1	2	5	7	2	0	1	1	0	0	4.943151	0.521826	0.523252	0.518974	1.411868	3.000000	5.500000	0.682191	0.719479	0.644904	0	0	1	1	155	1167404
1444475330	30	26	37	32	3	4	1	3	0	3	1	0	0	0	0	4.943151	0.524677	0.523252	0.517549	1.412674	3.000000	5.000000	0.756766	0.682191	0.644904	0	0	1	1	155	1167429
1444475331	41	40	34	38	5	6	2	2	3	4	1	0	1	0	0	4.943151	0.524677	0.521826	0.520400	1.411868	3.000000	5.500000	0.831341	0.719479	0.607617	0	0	1	1	155	1167424
1444475332	23	33	36	32	2	2	2	1	3	7	0	1	0	0	0	4.943151	0.523252	0.524677	0.517549	1.411868	3.000000	5.500000	0.756766	0.719479	0.607617	0	0	1	1	155	1165806
1444475333	39	37	19	14	5	0	0	1	1	0	0	0	0	0	0	4.943151	0.523252	0.523252	0.520400	1.411868	3.000000	5.500000	0.682191	0.719479	0.570331	0	0	1	1	155	1167394
1444475334	28	32	30	29	3	2	2	3	5	5	0	0	0	3	0	4.941538	0.523252	0.521826	0.518974	1.412674	3.000000	5.500000	0.761231	0.686632	0.612034	0	0	1	1	155	1167419
1444475336	24	36	29	30	7	1	1	3	4	4	1	1	0	1	0	4.943151	0.523252	0.523252	0.518974	1.412674	3.000000	5.500000	0.756766	0.756766	0.607617	0	0	1	1	155	1164658
1444475337	38	35	43	34	3	4	4	4	1	6	0	0	0	0	0	4.943151	0.523252	0.523252	0.518974	1.412674	3.000000	5.500000	0.756766	0.756766	0.607617	0	0	1	1	155	1167395
1444475338	43	35	32	43	5	4	4	5	2	6	1	1	0	0	0	4.944762	0.523252	0.521826	0.517549	1.410257	3.000000	5.500000	0.752306	0.677756	0.603207	0	0	1	1	155	1167419
1444475339	27	38	36	34	4	3	3	4	1	4	1	0	1	0	0	4.944762	0.521826	0.520400	0.510420	1.413480	3.000000	5.500000	0.677756	0.752306	0.640481	0	0	1	1	155	1164660
1444475340	38	35	32	27	5	4	2	4	1	2	1	0	0	0	0	4.943151	0.523252	0.523252	0.517549	1.412674	3.000000	5.500000	0.756766	0.682191	0.570331	0	0	1	1	155	1167394
1444475342	35	20	39	31	2	3	3	1	0	6	0	0	1	0	0	4.941538	0.524677	0.523252	0.517549	1.412674	3.000000	5.500000	0.798530	0.761231	0.649333	0	0	1	1	155	1167422
1444475343	49	35	34	42	6	3	4	4	5	4	1	0	0	2	0	4.939927	0.523252	0.523252	0.518974	1.411868	3.000000	5.500000	0.765698	0.765698	0.616451	0	0	1	1	155	1167419
1444475344	41	46	33	37	6	3	3	5	5	5	1	0	0	1	0	4.944762	0.523252	0.523252	0.518974	1.412674	3.000000	5.500000	0.752306	0.715030	0.603207	0	0	1	1	155	1165808
1444475345	35	33	29	45	1	2	1	1	7	3	0	0	0	0	0	4.943151	0.524677	0.523252	0.517549	1.413480	3.000000	5.500000	0.756766	0.607617	0.570331	0	0	1	1	155	1167405
1444475346	28	35	38	32	3	3	1	4	2	7	1	0	1	1	0	4.943151	0.523252	0.523252	0.518974	1.412674	3.000000	5.500000	0.756766	0.719479	0.644904	0	0	1	1	155	1167429
1444475348	40	40	33	41	4	3	0	4	1	6	0	0	0	0	0	4.941538	0.523252	0.523252	0.518974	1.412674	3.000000	5.500000	0.835829	0.723931	0.612034	0	0	1	1	155	1164685
1444475349	37	39	27	28	4	0	0	3	2	2	0	0	0	0	0	4.943151	0.523252	0.523252	0.518974	1.413480	3.000000	5.500000	0.794054	0.756766	0.607617	0	0	1	1	155	1167404
1444475350	41	42	34	42	5	5	1	3	7	5	1	1	0	0	0	4.944762	0.521826	0.520400	0.518974	1.412674	3.000000	5.500000	0.752306	0.677756	0.640481	0	0	1	1	155	1167428
1444475351	31	30	33	33	5	2	3	1	5	4	0	1	0	0	0	4.944762	0.527529	0.523252	0.517549	1.412674	3.000000	5.500000	0.752306	0.715030	0.603207	0	0	1	1	155	1164684
1444475352	37	27	37	22	2	3	3	4	2	4	1	1	1	1	1	4.941538	0.523252	0.523252	0.517549	1.413480	3.000000	5.500000	0.761231	0.761231	0.574735	0	0	1	1	155	1167405
1444475354	33	30	31	27	5	0	2	1	2	7	0	1	0	0	0	4.943151	0.521826	0.523252	0.518974	1.412674	3.000000	5.500000	0.719479	0.719479	0.607617	0	0	1	1	155	1167429
1444475355	26	26	32	41	1	2	1	2	1	4	0	0	0	0	0	4.943151	0.524677	0.524677	0.518974	1.411868	3.000000	5.500000	0.794054	0.756766	0.644904	0	0	1	1	155	1167424
1444475356	28	34	39	32	6	4	2	3	1	4	0	0	1	0	0	4.941538	0.523252	0.523252	0.518974	1.412674	3.000000	5.500000	0.761231	0.686632	0.612034	0	0	1	1	155	1165805
1444475357	39	37	31	41	3	1	7	3	4	4	0	1	1	0	0	4.941538	0.523252	0.521826	0.516123	1.411868	3.000000	5.500000	2.439701	0.649333	0.425537	0	0	1	1	155	1167395
1444475358	31	33	36	28	6	3	3	4	2	5	2	1	0	0	0	4.941538	0.523252	0.524677	0.517549	1.413480	3.000000	5.500000	0.761231	0.761231	0.574735	0	0	1	1	155	1167419
1444475360	39	37	33	47	3	0	4	4	6	6	0	0	0	0	0	4.944762	0.524677	0.523252	0.517549	1.413480	3.000000	5.500000	0.752306	0.752306	0.565931	0	0	1	1	155	1164660
1444475361	31	35	35	25	5	3	0	2	3	3	0	0	0	0	0	4.943151	0.523252	0.523252	0.518974	1.413480	3.000000	5.500000	0.794054	0.719479	0.607617	0	0	1	1	155	1167398
1444475362	28	19	32	41	2	4	3	2	3	8	1	1	2	1	1	4.941538	0.523252	0.523252	0.518974	1.412674	3.000000	5.500000	0.761231	0.723931	0.537436	0	0	1	1	155	1167419
1444475363	35	34	39	44	3	2	3	5	4	5	1	1	0	0	0	4.943151	0.523252	0.523252	0.517549	1.412674	3.000000	5.500000	0.756766	0.756766	0.570331	0	0	1	1	155	1164660
1444475364	37	45	40	22	4	6	1	3	2	4	1	0	1	0	0	4.944762	0.523252	0.524677	0.518974	1.413480	3.000000	5.500000	0.789581	0.715030	0.528657	0	0	1	1	155	1167395
1444475366	36	39	28	44	5	3	2	2	5	7	0	1	1	0	0	4.943151	0.523252	0.523252	0.517549	1.413480	3.000000	5.500000	0.794054	0.719479	0.607617	0	0	1	1	155	1167419
1444475367	41	39	41	40	5	4	3	3	5	6	1	0	1	0	0	4.943151	0.523252	0.521826	0.517549	1.412674	3.000000	5.500000	0.756766	0.719479	0.607617	0	0	1	1	155	1164657
1444475368	30	27	32	32	5	2	1	3	3	2	1	1	0	0	0	4.943151	0.523252	0.523252	0.517549	1.413480	3.000000	5.500000	0.756766	0.719479	0.607617	0	0	1	1	155	1168550
1444475369	31	34	32	23	1	2	1	3	3	5	0	0	0	0	0	4.944762	0.523252	0.518974	0.517549	1.413480	3.000000	5.500000	0.752306	0.715030	0.603207	0	0	1	1	155	1167428
1444475370	23	26	36	31	3	2	1	4	1	4	0	0	0	1	0	4.943151	0.523252	0.523252	0.518974	1.413480	3.000000	5.500000	0.756766	0.756766	0.607617	0	0	1	1	155	1167428
1444475372	47	34	37	39	8	5	5	4	4	5	1	2	0	0	0	4.943151	0.523252	0.523252	0.518974	1.413480	3.000000	5.500000	0.756766	0.719479	0.644904	0	0	1	1	155	1164683
1444475373	37	38	34	35	3	1	2	4	1	5	0	0	0	0	0	4.941538	0.523252	0.523252	0.518974	1.413480	3.000000	5.500000	0.761231	0.686632	0.574735	0	0	1	1	155	1167405
1444475374	37	44	35	32	3	6	3	5	4	5	0	0	1	1	0	4.943151	0.523252	0.523252	0.517549	1.413480	3.000000	5.500000	0.756766	0.719479	0.607617	0	0	1	1	155	1167429
1444475375	35	43	45	28	3	3	2	5	3	5	0	0	0	0	0	4.943151	0.523252	0.523252	0.517549	1.412674	3.000000	5.500000	0.756766	0.756766	0.644904	0	0	1	1	155	1176120
1444475376	38	37	29	26	3	4	1	3	4	5	0	1	0	0	0	4.943151	0.523252	0.523252	0.517549	1.413480	3.000000	5.500000	0.756766	0.682191	0.607617	0	0	1	1	155	1167404
1444475378	35	44	46	41	3	2	4	2	3	8	0	1	0	0	0	4.944762	0.523252	0.523252	0.516123	1.413480	3.000000	5.500000	0.715030	0.715030	0.640481	0	0	1	1	155	1167429
1444475379	31	35	38	35	2	0	2	5	5	4	0	0	0	1	0	4.941538	0.526103	0.523252	0.518974	1.412674	3.000000	5.500000	0.761231	0.723931	0.649333	0	0	1	1	155	1164601
1444475380	26	31	37	36	3	2	1	3	4	5	1	0	0	0	0	4.943151	0.521826	0.523252	0.518974	1.413480	3.000000	5.500000	0.719479	0.719479	0.607617	0	0	1	1	155	1168541
1444475381	32	30	27	37	4	1	2	3	3	2	1	1	0	0	0	4.941538	0.523252	0.523252	0.517549	1.413480	3.000000	5.500000	0.798530	0.723931	0.612034	0	0	1	1	155	1167419
1444475382	41	35	28	35	5	1	1	2	4	4	0	0	0	1	0	4.943151	0.523252	0.523252	0.520400	1.414286	3.000000	5.500000	0.756766	0.756766	0.644904	0	0	1	1	155	1167419
1444475384	28	40	30	36	2	3	1	2	8	6	0	0	1	0	0	4.943151	0.524677	0.523252	0.517549	1.413480	3.000000	5.500000	0.756766	0.682191	0.570331	0	0	1	1	155	1164784
1444475385	27	33	40	25	2	0	2	3	4	3	0	1	0	0	0	4.949597	0.523252	0.520400	0.516123	1.414286	3.000000	5.500000	0.776181	0.738943	0.627226	0	0	1	1	155	1167394
1444475386	29	32	34	35	2	2	2	2	4	4	0	0	0	0	0	4.943151	0.523252	0.523252	0.518974	1.414286	3.000000	5.500000	0.756766	0.756766	0.607617	0	0	1	1	155	1167419
1444475387	39	37	41	32	3	2	2	5	4	5	0	0	0	0	0	4.944762	0.524677	0.523252	0.517549	1.412674	3.000000	5.500000	0.715030	0.715030	0.565931	0	0	1	1	155	1164666
1444475388	30	36	36	49	2	3	4	5	2	6	0	0	1	1	0	4.943151	0.524677	0.523252	0.518974	1.413480	3.000000	5.500000	0.794054	0.756766	0.607617	0	0	1	1	155	1167395
1444475390	39	41	40	48	3	1	6	4	4	6	0	0	0	0	0	4.943151	0.523252	0.523252	0.517549	1.414286	3.000000	5.500000	0.794054	0.756766	0.644904	0	0	1	1	155	1167419
1444475391	41	38	37	43	7	2	2	3	6	6	0	1	0	1	0	4.941538	0.524677	0.523252	0.518974	1.413480	3.000000	5.500000	0.761231	0.761231	0.612034	0	0	1	1	155	1164670
1444475392	39	35	38	36	2	3	3	3	4	2	0	0	1	0	0	4.943151	0.523252	0.518974	0.517549	1.413480	3.000000	5.500000	0.756766	0.719479	0.644904	0	0	1	1	155	1168550
1444475393	35	35	28	31	6	3	1	1	3	2	0	0	0	0	0	4.943151	0.523252	0.524677	0.517549	1.414286	3.000000	5.500000	0.794054	0.756766	0.644904	0	0	1	1	155	1167428
1444475394	34	48	31	27	7	3	0	2	3	5	0	0	0	0	0	4.943151	0.523252	0.523252	0.518974	1.413480	3.000000	5.500000	0.794054	0.682191	0.570331	0	0	1	1	155	1167429
1444475396	41	31	36	30	4	2	0	2	3	5	0	0	0	0	0	4.939927	0.523252	0.524677	0.517549	1.413480	3.000000	5.500000	0.765698	0.728385	0.579140	0	0	1	1	155	1164696
1444475397	29	34	25	18	5	2	3	2	2	5	1	1	1	1	0	4.943151	0.523252	0.523252	0.517549	1.414286	3.000000	5.500000	0.756766	0.756766	0.607617	0	0	1	1	155	1167404
1444475398	47	41	34	37	7	5	6	3	6	6	0	1	1	0	0	4.943151	0.523252	0.523252	0.518974	1.412674	3.000000	5.500000	0.756766	0.756766	0.644904	0	0	1	1	155	1167429
1444475399	43	37	46	31	7	3	4	6	1	1	1	0	0	0	0	4.943151	0.523252	0.523252	0.517549	1.415092	3.000000	5.500000	0.682191	0.644904	0.570331	0	0	1	1	155	1164678
1444475400	47	39	52	39	7	6	1	5	4	12	0	0	1	1	0	4.943151	0.523252	0.523252	0.517549	1.414286	3.000000	5.500000	0.756766	0.719479	0.607617	0	0	1	1	155	1167404
1444475402	32	32	37	36	5	5	1	3	5	6	3	0	0	0	0	4.941538	0.521826	0.523252	0.520400	1.414286	3.000000	5.500000	0.686632	0.723931	0.649333	0	0	1	1	156	1167452
1444475403	33	38	49	45	4	8	3	4	6	7	0	1	1	0	0	4.938315	0.521826	0.523252	0.517549	1.413480	3.000000	5.500000	0.695518	0.658195	0.620872	0	0	1	1	155	1164662
1444475404	31	32	37	27	3	1	3	4	6	2	0	0	0	0	0	4.943151	0.523252	0.523252	0.518974	1.414286	3.000000	5.500000	0.756766	0.756766	0.607617	0	0	1	1	155	1168541
1444475405	27	38	31	34	6	3	5	2	4	5	2	1	1	1	1	4.941538	0.523252	0.521826	0.516123	1.412674	3.000000	5.500000	2.477003	0.798530	0.574735	0	0	1	1	155	1167419
1444475406	31	28	36	35	3	5	3	2	4	4	1	0	0	1	0	4.941538	0.523252	0.523252	0.518974	1.413480	3.000000	5.500000	0.761231	0.723931	0.462836	0	0	1	1	155	1164659
1444475408	35	37	35	35	2	3	1	4	3	3	0	0	0	0	0	4.943151	0.523252	0.521826	0.518974	1.415092	3.000000	5.500000	0.756766	0.719479	0.607617	0	0	1	1	155	1167395
1444475409	40	39	33	35	4	2	3	4	4	4	0	0	1	0	0	4.941538	0.523252	0.523252	0.517549	1.414286	3.000000	5.500000	0.761231	0.723931	0.649333	0	0	1	1	155	1167419
1444475410	34	43	42	44	5	2	0	4	7	8	0	0	0	2	0	4.941538	0.528955	0.521826	0.517549	1.414286	3.000000	5.500000	0.761231	0.723931	0.612034	0	0	1	1	155	1167418
1444475411	32	41	26	28	6	0	0	2	5	4	0	0	0	0	0	4.941538	0.526103	0.520400	0.516123	1.414286	3.000000	5.500000	0.723931	0.723931	0.612034	0	0	1	1	155	1164668
1444475412	32	36	35	29	5	3	2	4	3	3	1	2	1	1	1	4.943151	0.521826	0.523252	0.518974	1.414286	3.000000	5.500000	0.719479	0.682191	0.570331	0	0	1	1	155	1167395
1444475414	39	24	30	39	2	4	3	3	5	2	1	0	1	0	0	4.941538	0.520400	0.523252	0.517549	1.415092	3.000000	5.500000	0.686632	0.723931	0.612034	0	0	1	1	155	1167419
1444475415	41	36	32	29	7	2	3	2	1	3	0	0	0	0	0	4.943151	0.524677	0.523252	0.518974	1.413480	3.000000	5.500000	0.756766	0.756766	0.644904	0	0	1	1	155	1164668
1444475416	34	38	34	42	6	1	8	3	6	3	0	1	0	0	0	4.943151	0.524677	0.521826	0.518974	1.415092	3.000000	5.500000	0.756766	0.756766	0.644904	0	0	1	1	155	1168550
1444475417	39	37	29	35	6	0	3	2	3	8	0	0	0	1	0	4.944762	0.521826	0.518974	0.517549	1.415092	3.000000	5.500000	0.752306	0.715030	0.603207	0	0	1	1	155	1167428
1444475418	30	36	38	32	3	1	2	5	3	5	0	0	1	0	0	4.939927	0.528955	0.523252	0.518974	1.414286	3.000000	5.500000	0.765698	0.728385	0.616451	0	0	1	1	155	1164692
1444475420	47	44	37	37	8	5	7	2	8	3	1	1	1	0	0	4.943151	0.521826	0.523252	0.517549	1.414286	3.000000	5.500000	0.644904	0.682191	0.644904	0	0	1	1	155	1167404
1444475421	36	34	31	36	6	3	3	4	3	9	0	1	1	0	0	4.941538	0.521826	0.521826	0.518974	1.415092	3.000000	5.500000	0.761231	0.723931	0.574735	0	0	1	1	155	1167429
1444475422	31	39	27	35	4	2	1	1	5	5	0	0	0	0	0	4.943151	0.523252	0.523252	0.518974	1.414286	3.000000	5.500000	0.756766	0.719479	0.607617	0	0	1	1	155	1167429
1444475423	30	43	36	40	3	2	3	5	1	3	0	0	0	0	0	4.941538	0.523252	0.523252	0.518974	1.414286	3.000000	5.500000	0.761231	0.723931	0.649333	0	0	1	1	155	1164660
1444475424	27	24	35	40	2	2	1	0	4	6	0	0	1	0	0	4.943151	0.523252	0.521826	0.516123	1.415092	3.000000	5.500000	0.794054	0.719479	0.570331	0	0	1	1	155	1167402
1444475426	31	30	29	38	0	2	1	5	4	6	0	0	0	1	0	4.943151	0.523252	0.523252	0.518974	1.414286	3.000000	5.500000	0.756766	0.719479	0.644904	0	0	1	1	155	1167428
1444475427	26	38	31	43	4	4	3	3	5	5	1	0	1	0	0	4.943151	0.524677	0.518974	0.511846	1.415092	3.000000	5.500000	0.719479	0.756766	0.607617	0	0	1	1	155	1174899
1444475428	52	28	36	36	2	3	7	6	3	4	0	0	0	1	0	4.944762	0.523252	0.524677	0.517549	1.415092	3.000000	5.500000	0.752306	0.752306	0.640481	0	0	1	1	155	1168645
1444475429	31	40	45	46	5	3	1	3	6	4	1	0	0	1	0	4.943151	0.523252	0.523252	0.517549	1.414286	3.000000	5.500000	0.756766	0.719479	0.607617	0	0	1	1	155	1167419
1444475430	40	35	40	33	3	5	4	1	4	10	1	0	1	1	0	4.943151	0.523252	0.523252	0.517549	1.415092	3.000000	5.500000	0.794054	0.719479	0.570331	0	0	1	1	155	1164694
1444475432	43	38	43	37	6	3	2	1	6	4	0	0	0	1	0	4.941538	0.521826	0.523252	0.517549	1.414286	3.000000	5.500000	0.723931	0.761231	0.612034	0	0	1	1	156	1167415
1444475433	30	34	32	30	2	2	2	3	4	7	0	0	1	0	0	4.943151	0.524677	0.520400	0.518974	1.415092	3.000000	5.500000	0.756766	0.495756	0.533044	0	0	1	1	155	1167415
1444475434	33	27	32	28	1	0	1	2	3	5	0	0	0	0	0	4.943151	0.524677	0.523252	0.520400	1.415092	3.000000	5.500000	0.794054	0.719479	0.570331	0	0	1	1	155	1167419
1444475435	42	27	29	41	5	1	2	2	5	5	1	0	0	0	0	4.941538	0.520400	0.523252	0.518974	1.414286	3.000000	5.500000	0.723931	0.686632	0.649333	0	0	1	1	155	1164661
1444475436	36	43	32	33	2	2	2	4	5	6	0	0	0	0	0	4.944762	0.524677	0.523252	0.518974	1.415898	3.000000	5.500000	0.752306	0.715030	0.565931	0	0	1	1	155	1167395
1444475438	39	41	35	47	4	4	3	7	9	6	1	1	1	2	1	4.943151	0.518974	0.523252	0.518974	1.415092	3.000000	5.500000	0.719479	0.719479	0.570331	0	0	1	1	155	1167419
1444475439	33	29	36	36	2	1	5	3	3	6	1	1	1	1	1	4.936703	0.521826	0.520400	0.520400	1.414286	3.000000	5.500000	0.774638	0.699966	0.662630	0	0	1	1	155	1164658
1444475440	34	30	18	34	3	0	1	3	6	3	0	0	0	1	0	4.943151	0.521826	0.523252	0.517549	1.415092	3.000000	5.500000	0.719479	0.756766	0.607617	0	0	1	1	155	1168550
1444475441	31	32	36	34	5	1	2	4	2	2	0	0	0	0	0	4.943151	0.523252	0.523252	0.517549	1.415092	3.000000	5.500000	0.756766	0.756766	0.607617	0	0	1	1	155	1167428
1444475442	43	26	30	32	5	0	1	1	1	3	0	0	0	0	0	4.944762	0.521826	0.521826	0.517549	1.415092	3.000000	5.500000	0.677756	0.715030	0.640481	0	0	1	1	155	1164658
1444475444	35	47	32	35	2	2	2	3	5	4	0	1	0	0	0	4.941538	0.523252	0.521826	0.520400	1.415092	3.000000	5.500000	0.761231	0.723931	0.612034	0	0	1	1	155	1167405
1444475445	36	44	38	34	2	4	1	6	6	5	0	0	0	0	0	4.944762	0.518974	0.514697	0.517549	1.415092	3.000000	5.500000	0.715030	0.640481	0.603207	0	0	1	1	155	1167429
1444475446	28	31	44	34	0	3	0	4	2	7	0	0	0	0	0	4.944762	0.524677	0.521826	0.517549	1.415898	3.000000	5.500000	0.677756	0.603207	0.565931	0	0	1	1	155	1164662
1444475447	33	32	32	35	4	6	0	2	4	1	0	0	0	0	0	4.943151	0.521826	0.520400	0.518974	1.415092	3.000000	5.500000	0.682191	0.644904	0.607617	0	0	1	1	155	1167404
1444475448	30	30	38	37	1	2	3	2	4	8	1	1	1	0	1	4.943151	0.520400	0.521826	0.518974	1.415092	3.000000	5.500000	0.719479	0.644904	0.570331	0	0	1	1	155	1167429
1444475450	38	34	31	39	5	4	3	2	4	2	0	0	0	1	0	4.943151	0.520400	0.520400	0.518974	1.415092	3.000000	5.500000	0.719479	0.719479	0.607617	0	0	1	1	155	1167428
1444475451	46	26	36	35	3	7	1	4	2	6	1	1	0	1	0	4.941538	0.526103	0.521826	0.518974	1.414286	3.000000	5.500000	0.761231	0.686632	0.612034	0	0	1	1	155	1164665
1444475452	32	36	29	36	4	4	6	1	7	3	0	0	3	1	0	4.943151	0.521826	0.520400	0.517549	1.413480	3.000000	5.500000	0.719479	0.644904	0.570331	0	0	1	1	155	1168540
1444475453	33	27	30	36	5	1	1	1	4	0	0	0	0	0	0	4.943151	0.521826	0.520400	0.520400	1.415898	3.000000	5.500000	0.756766	0.682191	0.607617	0	0	1	1	155	1167418
1444475454	38	34	35	42	1	3	4	3	6	5	0	0	0	2	0	4.943151	0.521826	0.524677	0.520400	1.415898	3.000000	5.500000	0.682191	0.719479	0.570331	0	0	1	1	155	1164678
1444475456	33	23	30	36	4	2	3	0	3	4	0	0	0	0	0	4.943151	0.521826	0.520400	0.517549	1.415898	3.000000	5.500000	0.719479	0.682191	0.607617	0	0	1	1	155	1167395
1444475457	29	39	33	37	7	0	2	6	5	6	0	0	0	2	0	4.941538	0.521826	0.520400	0.517549	1.415898	3.000000	5.500000	0.686632	0.686632	0.537436	0	0	1	1	155	1167419
1444475458	40	35	25	38	4	1	3	1	5	4	0	0	0	0	0	4.943151	0.523252	0.520400	0.518974	1.415898	3.000000	5.500000	0.756766	0.682191	0.607617	0	0	1	1	155	1164658
1444475459	40	31	38	39	1	6	1	2	5	8	0	1	0	1	0	4.943151	0.521826	0.523252	0.518974	1.416703	3.000000	5.500000	0.719479	0.719479	0.607617	0	0	1	1	155	1167395
1444475460	39	37	29	39	3	4	3	1	5	3	0	0	0	0	0	4.941538	0.520400	0.523252	0.518974	1.415092	3.000000	5.500000	0.723931	0.761231	0.649333	0	0	1	1	155	1167419
1444475462	37	35	36	30	3	1	2	4	4	6	0	0	0	0	0	4.941538	0.523252	0.523252	0.517549	1.415898	3.000000	5.500000	0.761231	0.723931	0.574735	0	0	1	1	155	1167418
1444475463	32	41	40	51	2	2	4	1	4	8	0	0	1	0	0	4.943151	0.521826	0.521826	0.518974	1.415898	3.000000	5.500000	0.719479	0.682191	0.607617	0	0	1	1	155	1164666
1444475464	26	42	36	44	4	3	5	5	5	7	1	1	1	1	1	4.943151	0.523252	0.521826	0.517549	1.416703	3.000000	5.500000	0.607617	0.644904	0.607617	0	0	1	1	155	1168551
1444475465	38	35	39	37	5	2	0	1	7	4	0	0	0	0	0	4.943151	0.524677	0.520400	0.518974	1.415092	3.000000	5.500000	0.756766	0.644904	0.644904	0	0	1	1	155	1167429
1444475466	24	29	36	38	4	1	1	4	3	9	1	0	0	0	0	4.943151	0.524677	0.520400	0.517549	1.416703	3.000000	5.500000	0.756766	0.644904	0.607617	0	0	1	1	155	1164682
1444475468	30	36	45	33	4	3	1	3	3	6	0	0	1	1	0	4.943151	0.520400	0.520400	0.517549	1.415898	3.000000	5.500000	0.719479	0.644904	0.570331	0	0	1	1	155	1167404
1444475469	41	26	44	30	3	1	3	4	5	6	1	0	0	1	0	4.943151	0.520400	0.520400	0.518974	1.415092	3.000000	5.500000	0.533044	0.607617	0.533044	0	0	1	1	155	1167428
1444475470	28	29	40	34	4	3	3	2	5	1	0	0	0	0	0	4.943151	0.520400	0.521826	0.518974	1.415898	3.000000	5.500000	0.756766	0.756766	0.607617	0	0	1	1	155	1164672
1444475471	29	37	31	39	4	2	0	5	5	8	0	0	0	1	0	4.943151	0.523252	0.521826	0.518974	1.415898	3.000000	5.500000	0.756766	0.682191	0.570331	0	0	1	1	155	1167405
1444475472	35	35	33	41	3	2	3	1	2	6	0	0	0	0	0	4.943151	0.521826	0.520400	0.518974	1.415898	3.000000	5.500000	0.682191	0.644904	0.607617	0	0	1	1	155	1167429
1444475474	38	30	31	31	3	0	1	4	1	2	0	0	0	0	0	4.944762	0.521826	0.520400	0.518974	1.416703	3.000000	5.500000	0.715030	0.677756	0.603207	0	0	1	1	155	1167429
1444475475	38	35	25	34	3	2	2	1	3	4	0	1	0	0	0	4.941538	0.520400	0.521826	0.518974	1.415898	3.000000	5.500000	0.723931	0.686632	0.612034	0	0	1	1	155	1164649
1444475476	34	40	41	35	2	1	2	4	3	6	0	0	0	1	0	4.943151	0.524677	0.521826	0.514697	1.413480	3.000000	5.500000	0.756766	0.644904	0.570331	0	0	1	1	155	1168538
1444475477	37	37	25	32	3	0	0	2	5	2	0	0	0	0	0	4.943151	0.521826	0.521826	0.517549	1.415898	3.000000	5.500000	0.719479	0.644904	0.644904	0	0	1	1	155	1167419
1444475478	30	37	30	33	6	1	1	1	3	4	0	0	0	0	0	4.943151	0.521826	0.521826	0.517549	1.417509	3.000000	5.500000	0.682191	0.682191	0.607617	0	0	1	1	155	1164661
1444475480	36	29	31	34	8	2	1	2	6	7	2	0	0	0	0	4.941538	0.523252	0.520400	0.520400	1.415898	3.000000	5.500000	0.686632	0.649333	0.574735	0	0	1	1	155	1167397
1444475481	30	28	25	31	3	1	0	2	4	3	0	0	0	1	0	4.941538	0.521826	0.521826	0.518974	1.416703	3.000000	5.500000	0.723931	0.649333	0.612034	0	0	1	1	155	1167419
1444475482	33	31	36	30	3	3	1	4	5	3	1	0	0	0	0	4.941538	0.521826	0.520400	0.520400	1.415898	3.000000	5.500000	0.686632	0.686632	0.574735	0	0	1	1	155	1164663
1444475483	32	46	36	28	9	3	0	4	4	6	1	0	0	1	0	4.943151	0.520400	0.520400	0.520400	1.416703	3.000000	5.500000	0.719479	0.682191	0.607617	0	0	1	1	155	1167391
1444475484	31	25	29	37	2	2	2	2	3	8	1	2	1	1	1	4.943151	0.521826	0.521826	0.520400	1.416703	3.000000	5.500000	0.682191	0.682191	0.607617	0	0	1	1	155	1167419
1444475486	30	33	30	31	4	0	1	2	2	5	0	0	0	0	0	4.938315	0.526103	0.520400	0.518974	1.415898	3.000000	5.500000	0.770166	0.658195	0.620872	0	0	1	1	155	1167418
1444475487	35	28	42	29	2	4	4	2	7	7	0	1	1	0	0	4.939927	0.521826	0.521826	0.518974	1.415898	3.000000	5.500000	0.691074	0.653762	0.579140	0	0	1	1	155	1164661
1444475488	31	31	28	31	4	0	2	2	4	5	0	1	0	0	0	4.943151	0.521826	0.521826	0.518974	1.416703	3.000000	5.500000	0.719479	0.644904	0.570331	0	0	1	1	155	1168550
1444475489	22	44	36	33	4	1	1	1	4	4	0	0	0	0	0	4.944762	0.517549	0.514697	0.517549	1.415898	3.000000	5.500000	1.833284	0.677756	0.528657	0	0	1	1	155	1167429
1444475490	40	23	34	34	2	2	2	1	3	6	0	0	0	0	0	4.943151	0.521826	0.520400	0.517549	1.416703	3.000000	5.500000	0.719479	0.607617	0.458469	0	0	1	1	155	1164669
1444475492	40	29	36	31	1	3	0	1	0	2	0	0	0	0	0	4.946374	0.520400	0.520400	0.518974	1.416703	3.000000	5.500000	0.710586	0.636060	0.561534	0	0	1	1	155	1167404
1444475493	37	37	34	37	5	3	3	2	4	7	0	0	0	1	0	4.944762	0.521826	0.520400	0.518974	1.416703	3.000000	5.500000	0.677756	0.677756	0.603207	0	0	1	1	155	1167428
1444475494	30	51	29	33	6	2	0	2	2	6	0	0	0	1	0	4.943151	0.521826	0.520400	0.517549	1.415898	3.000000	5.500000	0.756766	0.644904	0.607617	0	0	1	1	155	1164683
1444475495	38	41	42	40	6	3	5	5	2	6	1	0	1	0	0	4.944762	0.514697	0.514697	0.526103	1.415898	3.000000	5.500000	0.677756	0.640481	0.565931	0	0	1	1	155	1167405
1444475496	37	25	38	47	3	3	5	1	4	3	0	0	0	0	0	4.939927	0.521826	0.520400	0.517549	1.416703	3.000000	5.500000	0.728385	0.579140	0.616451	0	0	1	1	155	1167429
1444475498	41	34	28	23	3	4	3	0	2	3	0	0	1	0	0	4.944762	0.520400	0.520400	0.517549	1.416703	3.000000	5.500000	0.715030	0.603207	0.565931	0	0	1	1	155	1164671
1444475499	50	40	41	28	7	7	3	1	3	6	0	0	1	0	0	4.941538	0.521826	0.521826	0.518974	1.416703	3.000000	5.500000	0.723931	0.649333	0.649333	0	0	1	1	155	1167399
1444475500	32	43	37	36	3	2	1	3	4	4	0	1	0	0	0	4.939927	0.521826	0.520400	0.518974	1.415898	3.000000	5.500000	0.691074	0.616451	0.616451	0	0	1	1	155	1168565
1444475501	35	23	31	36	4	2	2	2	4	4	0	0	0	0	0	4.943151	0.520400	0.520400	0.518974	1.416703	3.000000	5.500000	0.682191	0.682191	0.570331	0	0	1	1	155	1167419
1444475502	40	25	32	39	2	4	4	2	6	8	0	1	1	1	0	4.946374	0.521826	0.520400	0.517549	1.413480	3.000000	5.500000	0.710586	0.673322	0.598798	0	0	1	1	155	1164659
1444475504	39	35	32	29	5	4	0	3	3	3	0	0	0	1	0	4.943151	0.521826	0.521826	0.517549	1.417509	3.000000	5.500000	0.682191	0.682191	0.607617	0	0	1	1	155	1167394
1444475505	35	31	35	42	6	1	2	2	6	7	0	0	0	0	0	4.941538	0.521826	0.520400	0.518974	1.416703	3.000000	5.500000	0.723931	0.649333	0.574735	0	0	1	1	155	1167421
1444475506	41	33	28	47	4	1	3	3	3	2	0	1	0	0	0	4.941538	0.520400	0.520400	0.517549	1.416703	3.000000	5.500000	0.686632	0.649333	0.612034	0	0	1	1	155	1164580
1444475507	28	37	30	32	4	3	3	3	4	3	1	0	0	0	0	4.943151	0.520400	0.517549	0.516123	1.417509	3.000000	5.500000	0.682191	0.644904	0.607617	0	0	1	1	155	1167395
1444475508	40	38	49	45	9	7	2	4	8	5	1	1	0	0	0	4.943151	0.520400	0.520400	0.518974	1.416703	3.000000	5.500000	0.719479	0.644904	0.682191	0	0	1	1	155	1167419
1444475510	37	44	40	32	5	4	3	8	8	3	2	1	0	0	0	4.939927	0.521826	0.521826	0.518974	1.417509	3.000000	5.500000	0.728385	0.653762	0.616451	0	0	1	1	155	1194345
1444475511	53	41	36	28	7	6	3	2	4	6	1	1	1	1	1	4.943151	0.523252	0.521826	0.518974	1.416703	3.000000	5.500000	0.719479	0.682191	0.644904	0	0	1	1	155	1167395
1444475512	24	33	31	35	3	0	1	4	4	2	0	0	0	2	0	4.941538	0.521826	0.520400	0.517549	1.418315	3.000000	5.500000	0.723931	0.612034	0.612034	0	0	1	1	155	1168575
1444475513	37	39	44	36	7	2	4	0	5	5	0	2	0	0	0	4.943151	0.521826	0.520400	0.518974	1.417509	3.000000	5.500000	0.719479	0.682191	0.607617	0	0	1	1	155	1167429
1444475514	32	41	30	32	4	1	4	3	3	4	1	1	1	1	1	4.944762	0.520400	0.520400	0.518974	1.417509	3.000000	5.500000	0.715030	0.752306	0.640481	0	0	1	1	155	1169994
1444475516	31	29	33	36	4	0	1	4	5	4	0	0	0	2	0	4.943151	0.520400	0.520400	0.518974	1.417509	3.000000	5.500000	0.682191	0.644904	0.570331	0	0	1	1	155	1167405
1444475517	25	37	30	33	2	1	2	2	2	1	0	0	0	0	0	4.943151	0.520400	0.521826	0.518974	1.417509	3.000000	5.500000	0.719479	0.682191	0.607617	0	0	1	1	155	1167429
1444475518	39	32	37	35	2	2	5	3	5	5	0	0	1	0	0	4.943151	0.521826	0.520400	0.517549	1.417509	3.000000	5.500000	0.682191	0.644904	0.570331	0	0	1	1	155	1164687
1444475519	32	33	29	36	3	1	3	1	4	2	0	1	0	0	0	4.938315	0.523252	0.520400	0.517549	1.417509	3.000000	5.500000	0.695518	0.658195	0.658195	0	0	1	1	155	1167404
1444475520	41	40	40	43	10	2	4	3	5	8	0	1	1	0	0	4.944762	0.521826	0.520400	0.516123	1.415898	3.000000	5.500000	0.677756	0.640481	0.565931	0	0	1	1	155	1167426
1444475522	46	32	32	32	7	3	4	2	6	4	0	2	0	1	0	4.944762	0.521826	0.520400	0.516123	1.417509	3.000000	5.500000	0.715030	0.677756	0.603207	0	0	1	1	156	1164709
1444475523	42	29	29	33	5	1	4	2	2	1	0	1	0	0	0	4.943151	0.523252	0.521826	0.518974	1.417509	3.000000	5.500000	0.682191	0.644904	0.682191	0	0	1	1	155	1167400
1444475524	36	32	27	32	6	1	1	1	0	4	0	0	0	0	0	4.941538	0.521826	0.520400	0.517549	1.418315	3.000000	5.500000	0.723931	0.686632	0.612034	0	0	1	1	155	1168567
1444475525	30	26	42	34	6	2	4	1	4	5	0	1	1	0	0	4.941538	0.520400	0.520400	0.517549	1.416703	3.000000	5.500000	0.686632	0.686632	0.612034	0	0	1	1	155	1167419
1444475526	36	45	38	35	4	5	3	3	6	3	1	1	1	1	1	4.944762	0.521826	0.520400	0.518974	1.417509	3.000000	5.500000	0.715030	0.677756	0.640481	0	0	1	1	155	1189205
1444475528	24	29	30	36	3	2	3	2	5	5	0	1	2	0	0	4.944762	0.520400	0.520400	0.518974	1.418315	3.000000	5.500000	0.715030	0.677756	0.565931	0	0	1	1	155	1167394
1444475529	29	32	32	37	5	1	1	1	4	8	1	0	0	0	0	4.941538	0.523252	0.518974	0.517549	1.417509	3.000000	5.500000	0.723931	0.723931	0.574735	0	0	1	1	155	1167419
1444475530	33	41	32	30	1	1	1	4	4	4	0	0	0	1	0	4.941538	0.523252	0.517549	0.517549	1.418315	3.000000	5.500000	0.723931	0.649333	0.574735	0	0	1	1	155	1164668
1444475531	35	36	32	32	6	2	2	7	3	9	1	0	0	0	0	4.944762	0.521826	0.521826	0.518974	1.417509	3.000000	5.500000	0.677756	0.603207	0.603207	0	0	1	1	155	1167395
1444475532	43	33	33	23	5	1	1	1	4	4	0	0	0	0	0	4.941538	0.521826	0.521826	0.520400	1.417509	3.000000	5.500000	0.686632	0.649333	0.574735	0	0	1	1	155	1167419
1444475534	38	40	34	36	4	4	1	2	4	3	1	0	0	0	0	4.944762	0.520400	0.521826	0.518974	1.418315	3.000000	5.500000	0.715030	0.677756	0.640481	0	0	1	1	155	1164693
1444475535	38	29	29	36	3	1	1	2	5	3	0	1	0	0	0	4.941538	0.521826	0.521826	0.517549	1.415898	3.000000	5.500000	0.686632	0.723931	0.649333	0	0	1	1	155	1167395
1444475536	31	28	33	41	1	2	2	3	3	4	0	1	0	1	0	4.943151	0.518974	0.516123	0.517549	1.417509	3.000000	5.500000	0.682191	0.644904	0.644904	0	0	1	1	155	1168574
1444475537	46	46	23	38	5	1	1	3	5	0	0	1	0	0	0	4.943151	0.523252	0.518974	0.518974	1.417509	3.000000	5.500000	0.719479	0.682191	0.607617	0	0	1	1	155	1164685
1444475538	37	49	35	40	8	4	0	1	8	5	1	0	0	0	0	4.943151	0.521826	0.520400	0.517549	1.418315	3.000000	5.500000	0.644904	0.644904	0.607617	0	0	1	1	155	1167404
1444475540	35	38	32	31	6	2	1	5	5	3	0	1	0	2	0	4.943151	0.521826	0.520400	0.517549	1.418315	3.000000	5.500000	0.682191	0.682191	0.607617	0	0	1	1	155	1167429
1444475541	39	41	38	42	6	3	2	2	4	9	0	0	1	1	0	4.943151	0.520400	0.520400	0.518974	1.417509	3.000000	5.500000	0.682191	0.644904	0.570331	0	0	1	1	155	1167429
1444475542	32	39	43	39	1	2	4	6	6	12	0	0	1	1	0	4.943151	0.520400	0.520400	0.518974	1.419121	3.000000	5.500000	0.682191	0.682191	0.644904	0	0	1	1	155	1164674
1444475543	35	36	39	46	4	3	4	3	4	5	0	0	0	0	0	4.943151	0.520400	0.521826	0.518974	1.418315	3.000000	5.500000	0.682191	0.756766	0.607617	0	0	1	1	156	1167425
1444475544	39	31	28	46	4	2	6	0	3	6	0	0	1	0	0	4.943151	0.521826	0.520400	0.518974	1.418315	3.000000	5.500000	0.719479	0.719479	0.607617	0	0	1	1	155	1167423
1444475546	36	33	28	30	2	2	3	0	1	4	0	0	1	0	0	4.943151	0.521826	0.521826	0.517549	1.417509	3.000000	5.500000	0.719479	0.682191	0.607617	0	0	1	1	155	1164673
1444475547	30	27	20	34	1	2	2	1	5	3	0	0	0	0	0	4.941538	0.521826	0.521826	0.517549	1.418315	3.000000	5.500000	0.723931	0.649333	0.612034	0	0	1	1	155	1167400
1444475548	42	54	29	37	13	3	3	5	6	2	1	0	1	0	0	4.943151	0.518974	0.520400	0.518974	1.419121	3.000000	5.500000	0.682191	0.682191	0.644904	0	0	1	1	155	1168565
1444475549	28	26	30	40	3	1	2	2	3	5	0	0	0	0	0	4.943151	0.521826	0.520400	0.520400	1.418315	3.000000	5.500000	0.719479	0.682191	0.607617	0	0	1	1	156	1164668
1444475550	38	38	45	34	5	0	2	5	3	7	0	0	0	0	0	4.941538	0.520400	0.520400	0.516123	1.415898	3.000000	5.500000	0.723931	0.686632	0.612034	0	0	1	1	155	1167395
1444475552	41	39	47	36	5	2	2	5	3	8	0	1	0	1	0	4.943151	0.520400	0.521826	0.518974	1.418315	3.000000	5.500000	0.719479	0.682191	0.607617	0	0	1	1	155	1167419
1444475553	28	38	35	25	2	1	0	1	6	5	0	0	0	0	0	4.943151	0.523252	0.520400	0.518974	1.418315	3.000000	5.500000	0.682191	0.644904	0.570331	0	0	1	1	155	1167423
1444475554	32	34	32	34	1	0	0	1	7	5	0	0	0	0	0	4.939927	0.521826	0.520400	0.520400	1.417509	3.000000	5.500000	0.691074	0.653762	0.616451	0	0	1	1	155	1164681
1444475555	21	37	27	39	5	0	2	4	4	3	0	0	0	0	0	4.944762	0.521826	0.520400	0.518974	1.419121	3.000000	5.500000	0.715030	0.677756	0.640481	0	0	1	1	155	1167395
1444475556	35	44	35	33	2	3	1	1	7	2	0	0	0	0	0	4.943151	0.521826	0.520400	0.517549	1.418315	3.000000	5.500000	0.719479	0.644904	0.533044	0	0	1	1	155	1167419
1444475558	34	29	28	40	3	0	2	1	4	5	0	0	0	0	0	4.943151	0.521826	0.521826	0.518974	1.418315	3.000000	5.500000	0.682191	0.644904	0.495756	0	0	1	1	155	1164660
1444475559	30	22	26	39	1	3	2	1	1	0	0	0	0	0	0	4.941538	0.523252	0.521826	0.518974	1.418315	3.000000	5.500000	0.686632	0.723931	0.612034	0	0	1	1	155	1167395
1444475560	31	32	31	39	2	1	1	1	4	1	0	0	1	0	0	4.943151	0.521826	0.520400	0.518974	1.419121	3.000000	5.500000	0.682191	0.682191	0.607617	0	0	1	1	155	1168577
1444475561	31	28	30	47	3	0	3	2	3	4	0	0	0	1	0	4.943151	0.521826	0.521826	0.517549	1.418315	3.000000	5.500000	0.719479	0.644904	0.570331	0	0	1	1	155	1164690
1444475562	36	26	38	37	2	3	2	3	3	2	0	0	0	0	0	4.943151	0.521826	0.520400	0.518974	1.419121	3.000000	5.500000	0.719479	0.682191	0.607617	0	0	1	1	155	1167405
1444475564	37	36	38	26	7	2	3	7	2	7	0	0	0	0	0	4.944762	0.517549	0.514697	0.517549	1.419121	3.000000	5.500000	0.677756	0.491381	0.454106	0	0	1	1	155	1167429
1444475565	38	26	42	36	4	3	1	3	2	8	0	0	0	0	0	4.941538	0.521826	0.521826	0.517549	1.418315	3.000000	5.500000	0.686632	0.686632	0.649333	0	0	1	1	155	1167429
1444475566	37	43	40	35	4	1	3	3	7	4	0	0	0	1	0	4.946374	0.521826	0.521826	0.518974	1.419121	3.000000	5.500000	0.673322	0.673322	0.598798	0	0	1	1	155	1164671
1444475567	34	46	40	34	7	2	0	3	8	4	0	0	0	0	0	4.941538	0.521826	0.521826	0.518974	1.419121	3.000000	5.500000	0.686632	0.649333	0.574735	0	0	1	1	155	1167404
1444475568	39	34	36	38	7	1	2	3	1	11	0	1	0	0	0	4.944762	0.523252	0.520400	0.513271	1.419121	3.000000	5.500000	0.715030	0.640481	0.603207	0	0	1	1	155	1167428
1444475570	41	33	38	44	5	2	2	2	6	8	1	0	0	0	0	4.944762	0.521826	0.523252	0.517549	1.419121	3.000000	5.500000	0.565931	0.677756	0.565931	0	0	1	1	156	1164666
1444475571	37	29	40	38	7	4	2	3	2	8	1	0	0	0	0	4.943151	0.523252	0.521826	0.518974	1.419121	3.000000	5.500000	0.719479	0.682191	0.533044	0	0	1	1	155	1167400
1444475572	28	37	33	29	2	0	2	4	3	6	0	0	0	1	0	4.944762	0.520400	0.520400	0.518974	1.419121	3.000000	5.500000	0.677756	0.640481	0.565931	0	0	1	1	155	1168669
1444475573	36	33	35	39	5	2	0	2	1	5	0	0	0	0	0	4.943151	0.521826	0.521826	0.518974	1.419121	3.000000	5.500000	0.682191	0.682191	0.644904	0	0	1	1	155	1164647
1444475574	38	30	38	30	1	0	2	2	4	9	0	0	0	1	0	4.943151	0.521826	0.520400	0.518974	1.419121	3.000000	5.500000	0.719479	0.644904	0.607617	0	0	1	1	155	1167395
1444475576	21	35	35	38	4	0	3	3	3	7	0	0	0	1	0	4.943151	0.520400	0.520400	0.516123	1.418315	3.000000	5.500000	0.756766	0.682191	0.607617	0	0	1	1	155	1167419
1444475577	33	35	32	25	5	0	0	3	4	2	0	0	0	0	0	4.944762	0.520400	0.518974	0.513271	1.418315	3.000000	5.500000	0.864131	0.677756	0.640481	0	0	1	1	155	1164688
1444475578	46	46	33	36	5	3	4	1	5	5	0	1	1	0	0	4.944762	0.521826	0.520400	0.518974	1.419927	3.000000	5.500000	0.715030	0.677756	0.603207	0	0	1	1	155	1167394
1444475579	38	38	38	36	1	0	2	7	6	6	0	0	0	0	0	4.943151	0.520400	0.521826	0.517549	1.419121	3.000000	5.500000	0.719479	0.682191	0.644904	0	0	1	1	155	1167421
1444475580	38	34	32	43	1	3	3	5	5	4	1	0	0	0	0	4.943151	0.521826	0.520400	0.517549	1.419121	3.000000	5.500000	0.719479	0.682191	0.644904	0	0	1	1	155	1167419
1444475582	32	33	33	41	3	2	1	2	2	6	1	0	0	0	0	4.941538	0.521826	0.520400	0.518974	1.419927	3.000000	5.500000	0.723931	0.649333	0.612034	0	0	1	1	155	1164660
1444475583	37	44	34	35	5	5	1	3	8	5	1	0	0	1	0	4.941538	0.520400	0.517549	0.518974	1.418315	3.000000	5.500000	0.723931	0.649333	0.612034	0	0	1	1	155	1167392
1444475584	35	34	24	25	8	1	1	1	1	3	0	1	0	0	0	4.943151	0.520400	0.520400	0.518974	1.419927	3.000000	5.500000	0.719479	0.682191	0.570331	0	0	1	1	155	1168574
1444475585	37	40	27	37	5	4	1	2	5	2	0	0	1	0	0	4.943151	0.520400	0.520400	0.517549	1.419927	3.000000	5.500000	0.719479	0.644904	0.644904	0	0	1	1	155	1164670
1444475586	33	32	44	35	2	1	1	5	0	7	0	0	0	0	0	4.944762	0.521826	0.521826	0.518974	1.420733	3.000000	5.500000	0.715030	0.677756	0.640481	0	0	1	1	155	1167407
1444475588	46	37	32	35	4	4	2	4	3	3	1	0	0	1	0	4.943151	0.520400	0.521826	0.517549	1.419121	3.000000	5.500000	0.719479	0.682191	0.607617	0	0	1	1	155	1167429
1444475589	34	35	31	32	6	4	3	3	5	3	1	1	0	0	0	4.943151	0.521826	0.521826	0.517549	1.420733	3.000000	5.500000	0.719479	0.644904	0.570331	0	0	1	1	155	1164691
1444475590	41	45	36	38	6	1	2	7	4	9	0	0	0	1	0	4.941538	0.523252	0.520400	0.518974	1.419927	3.000000	5.500000	0.686632	0.649333	0.612034	0	0	1	1	155	1167404
1444475591	23	35	36	36	2	1	1	4	2	11	0	0	0	1	0	4.943151	0.520400	0.520400	0.517549	1.419121	3.000000	5.500000	0.719479	0.682191	0.644904	0	0	1	1	155	1167429
1444475592	30	30	45	27	4	1	2	4	2	5	0	0	0	0	0	4.943151	0.520400	0.520400	0.518974	1.420733	3.000000	5.500000	0.719479	0.682191	0.607617	0	0	1	1	156	1167449
1444475594	27	30	30	28	2	0	1	2	1	5	0	0	0	0	0	4.938315	0.521826	0.521826	0.520400	1.419121	3.000000	5.500000	0.732842	0.695518	0.658195	0	0	1	1	155	1164664
1444475595	35	31	39	33	6	1	4	4	3	5	0	1	0	0	0	4.941538	0.521826	0.521826	0.518974	1.419927	3.000000	5.500000	0.686632	0.686632	0.612034	0	0	1	1	155	1167400
1444475596	30	38	23	42	3	1	1	0	6	5	0	0	0	0	0	4.944762	0.520400	0.520400	0.518974	1.419927	3.000000	5.500000	0.715030	0.491381	0.528657	0	0	1	1	155	1168565
1444475597	33	41	35	36	4	1	1	3	6	3	0	0	0	0	0	4.943151	0.521826	0.520400	0.517549	1.419927	3.000000	5.500000	0.644904	0.607617	0.570331	0	0	1	1	155	1164657
1444475598	36	25	39	30	2	2	2	5	1	4	1	0	0	0	0	4.941538	0.521826	0.520400	0.520400	1.419927	3.000000	5.500000	0.723931	0.686632	0.649333	0	0	1	1	155	1167395
1444475600	37	39	31	33	3	1	3	2	2	4	0	0	0	0	0	4.943151	0.521826	0.520400	0.518974	1.419927	3.000000	5.500000	0.682191	0.682191	0.607617	0	0	1	1	155	1167419
1444475601	40	33	32	32	4	5	4	2	2	5	0	0	0	0	0	4.943151	0.520400	0.520400	0.518974	1.420733	3.000000	5.500000	0.719479	0.682191	0.607617	0	0	1	1	155	1164666
1444475602	33	30	38	33	4	3	1	4	3	5	0	0	1	0	0	4.944762	0.521826	0.520400	0.518974	1.421539	3.250000	5.500000	0.603207	0.640481	0.565931	0	0	1	1	155	1167394
1444475603	36	36	33	34	9	3	3	2	2	3	1	0	1	0	0	4.941538	0.521826	0.521826	0.518974	1.420733	3.250000	5.500000	0.723931	0.649333	0.612034	0	0	1	1	155	1167419
1444475604	38	30	35	46	6	3	5	2	4	5	0	1	1	0	0	4.939927	0.523252	0.520400	0.520400	1.419927	3.000000	5.500000	0.728385	0.691074	0.616451	0	0	1	1	155	1167421
1444475606	39	29	31	30	5	0	2	5	2	2	0	0	0	0	0	4.943151	0.521826	0.521826	0.518974	1.421539	3.250000	5.500000	0.719479	0.682191	0.607617	0	0	1	1	155	1164675
1444475607	31	37	27	33	3	1	1	2	6	5	0	0	0	0	0	4.939927	0.521826	0.520400	0.518974	1.419927	3.000000	5.500000	0.728385	0.616451	0.579140	0	0	1	1	155	1167395
1444475608	35	29	32	29	4	2	1	6	5	6	1	1	1	3	1	4.943151	0.520400	0.499014	0.517549	1.419927	3.000000	5.500000	0.644904	0.682191	0.533044	0	0	1	1	155	1168572
1444475609	43	36	32	31	4	7	2	2	2	6	0	1	1	0	0	4.943151	0.521826	0.520400	0.510420	1.419121	3.000000	5.500000	0.719479	0.682191	0.607617	0	0	1	1	155	1164676
1444475610	37	42	34	32	2	2	1	3	0	3	0	0	0	0	0	4.943151	0.521826	0.520400	0.518974	1.420733	3.000000	5.500000	0.719479	0.644904	0.570331	0	0	1	1	155	1167404
1444475612	38	29	35	32	4	3	3	4	3	5	0	1	1	0	0	4.944762	0.521826	0.521826	0.517549	1.420733	3.000000	5.500000	0.677756	0.640481	0.565931	0	0	1	1	155	1167431
1444475613	25	39	40	33	8	1	1	4	5	2	0	0	0	1	0	4.943151	0.520400	0.520400	0.517549	1.420733	3.000000	5.500000	0.682191	0.682191	0.607617	0	0	1	1	155	1164670
1444475614	22	36	40	34	1	0	1	2	4	5	0	0	0	0	0	4.943151	0.514697	0.516123	0.523252	1.420733	3.000000	5.500000	0.682191	0.644904	0.607617	0	0	1	1	155	1167404
1444475615	41	45	45	38	4	5	6	5	6	9	1	0	2	2	0	4.946374	0.521826	0.520400	0.517549	1.420733	3.000000	5.500000	0.673322	0.636060	0.598798	0	0	1	1	155	1167429
1444475616	34	30	41	40	1	1	1	7	3	5	0	0	0	0	0	4.943151	0.521826	0.520400	0.518974	1.420733	3.000000	5.500000	0.682191	0.644904	0.570331	0	0	1	1	155	1176674
1444475618	38	39	38	39	9	3	3	2	4	8	0	0	1	0	0	4.944762	0.521826	0.521826	0.517549	1.421539	3.250000	5.500000	0.715030	0.677756	0.603207	0	0	1	1	155	1167406
1444475619	23	30	36	28	2	3	1	2	2	5	0	0	0	0	0	4.941538	0.521826	0.520400	0.518974	1.420733	3.250000	5.500000	0.723931	0.686632	0.612034	0	0	1	1	155	1167423
1444475620	32	24	34	34	3	3	5	2	3	4	0	1	1	1	0	4.943151	0.521826	0.518974	0.517549	1.421539	3.250000	5.500000	0.719479	0.682191	0.607617	0	0	1	1	155	1168564
1444475621	42	40	32	49	9	3	5	3	6	7	0	0	0	0	0	4.943151	0.520400	0.518974	0.516123	1.419927	3.000000	5.500000	0.682191	0.682191	0.570331	0	0	1	1	155	1164682
1444475622	37	37	37	29	2	3	1	3	4	3	0	1	0	0	0	4.943151	0.521826	0.520400	0.517549	1.420733	3.000000	5.500000	0.719479	0.644904	0.607617	0	0	1	1	155	1167395
1444475624	28	39	38	37	5	3	0	1	9	5	0	0	0	0	0	4.943151	0.523252	0.521826	0.518974	1.420733	3.000000	5.500000	0.719479	0.682191	0.607617	0	0	1	1	155	1167419
1444475625	29	40	32	32	3	0	2	3	4	3	0	0	0	0	0	4.941538	0.520400	0.520400	0.518974	1.421539	3.250000	5.500000	0.686632	0.649333	0.574735	0	0	1	1	155	1164665
1444475626	26	32	31	22	1	1	0	1	4	2	0	0	0	0	0	4.943151	0.521826	0.520400	0.517549	1.420733	3.000000	5.500000	0.719479	0.682191	0.607617	0	0	1	1	155	1167395
1444475627	30	34	28	33	3	3	1	0	2	2	0	0	0	0	0	4.946374	0.523252	0.521826	0.518974	1.421539	3.000000	5.500000	0.598798	0.636060	0.561534	0	0	1	1	155	1167419
1444475628	41	35	33	32	1	2	1	3	3	3	0	0	0	0	0	4.943151	0.520400	0.520400	0.517549	1.422344	3.250000	5.500000	0.719479	0.644904	0.607617	0	0	1	1	155	1164657
1444475630	37	36	30	30	4	2	2	3	3	5	1	0	0	1	0	4.943151	0.520400	0.521826	0.517549	1.421539	3.250000	5.500000	0.682191	0.682191	0.644904	0	0	1	1	155	1167395
1444475631	35	23	30	36	3	1	1	2	7	3	0	0	0	1	0	4.941538	0.523252	0.520400	0.520400	1.420733	3.250000	5.500000	0.686632	0.649333	0.574735	0	0	1	1	155	1167419
1444475632	37	30	36	36	3	4	5	3	1	8	1	1	1	1	1	4.943151	0.521826	0.520400	0.518974	1.420733	3.000000	5.500000	0.682191	0.644904	0.570331	0	0	1	1	155	1168575
1444475633	35	38	43	36	5	4	2	5	4	5	0	0	1	0	0	4.944762	0.514697	0.514697	0.520400	1.421539	3.250000	5.500000	0.677756	0.677756	0.640481	0	0	1	1	155	1164590
1444475634	24	30	30	38	1	3	3	4	3	8	0	0	1	0	0	4.943151	0.521826	0.520400	0.518974	1.422344	3.250000	5.500000	0.682191	0.682191	0.570331	0	0	1	1	155	1167404
1444475636	30	31	32	47	6	1	1	3	4	7	0	0	0	2	0	4.943151	0.521826	0.520400	0.517549	1.421539	3.250000	5.500000	0.719479	0.644904	0.607617	0	0	1	1	155	1167428
1444475637	36	39	31	26	5	1	0	2	2	2	0	0	0	0	0	4.944762	0.521826	0.520400	0.518974	1.421539	3.250000	5.500000	0.715030	0.640481	0.603207	0	0	1	1	155	1164784
1444475638	30	49	31	35	5	0	0	2	6	7	0	0	0	0	0	4.943151	0.521826	0.520400	0.518974	1.422344	3.250000	5.500000	0.719479	0.644904	0.570331	0	0	1	1	155	1167405
1444475639	32	38	32	44	3	3	7	3	7	9	1	1	2	2	1	4.943151	0.521826	0.520400	0.517549	1.420733	3.000000	5.500000	0.719479	0.682191	0.607617	0	0	1	1	155	1167429
1444475640	34	40	37	42	7	3	1	2	5	10	0	1	0	0	0	4.941538	0.527529	0.521826	0.516123	1.421539	3.250000	5.500000	0.686632	0.612034	0.537436	0	0	1	1	155	1164678
1444475642	39	30	30	26	4	3	4	0	2	4	0	0	0	0	0	4.943151	0.521826	0.521826	0.517549	1.421539	3.250000	5.500000	0.682191	0.682191	0.607617	0	0	1	1	156	1167425
1444475643	27	36	29	34	1	1	2	2	1	5	0	0	1	0	0	4.941538	0.521826	0.520400	0.520400	1.422344	3.250000	5.500000	0.723931	0.686632	0.649333	0	0	1	1	155	1167423
1444475644	36	25	32	35	4	4	4	3	4	4	1	0	0	0	0	4.943151	0.520400	0.520400	0.517549	1.423150	3.250000	5.500000	0.682191	0.644904	0.570331	0	0	1	1	155	1168565
1444475645	27	38	41	33	6	1	1	3	4	5	0	0	0	0	0	4.939927	0.521826	0.520400	0.518974	1.421539	3.250000	5.500000	0.728385	0.653762	0.616451	0	0	1	1	155	1164725
1444475646	35	40	27	37	3	2	6	4	3	5	0	0	0	1	0	4.943151	0.516123	0.523252	0.514697	1.421539	3.250000	5.500000	0.719479	0.682191	0.570331	0	0	1	1	155	1167394
1444475648	30	40	35	27	3	2	2	5	3	5	0	0	0	0	0	4.943151	0.521826	0.520400	0.517549	1.422344	3.250000	5.500000	0.682191	0.607617	0.570331	0	0	1	1	155	1167419
1444475649	39	41	34	33	8	6	3	6	3	6	2	1	1	2	1	4.944762	0.521826	0.520400	0.520400	1.422344	3.250000	5.500000	0.677756	0.640481	0.565931	0	0	1	1	155	1164671
1444475650	34	31	35	42	1	2	4	3	3	3	0	0	0	0	0	4.944762	0.523252	0.520400	0.518974	1.422344	3.250000	5.500000	0.677756	0.677756	0.640481	0	0	1	1	155	1167395
1444475651	43	29	23	44	2	0	5	0	6	2	0	0	0	0	0	4.939927	0.521826	0.520400	0.517549	1.420733	3.250000	5.500000	0.728385	0.691074	0.653762	0	0	1	1	155	1167419
1444475652	34	35	30	35	6	3	1	3	3	5	0	0	0	0	0	4.943151	0.521826	0.521826	0.517549	1.422344	3.250000	5.500000	0.682191	0.682191	0.644904	0	0	1	1	155	1164660
1444475654	24	33	33	36	2	2	2	6	3	7	0	0	0	1	0	4.943151	0.520400	0.520400	0.520400	1.421539	3.250000	5.500000	0.719479	0.495756	0.570331	0	0	1	1	155	1167395
1444475655	29	34	34	38	5	5	3	1	6	3	1	1	0	0	0	4.941538	0.521826	0.520400	0.514697	1.422344	3.250000	5.500000	1.096925	0.910427	0.574735	0	0	1	1	155	1167419
1444475656	48	32	36	29	4	2	4	1	5	1	0	0	0	0	0	4.941538	0.521826	0.520400	0.517549	1.422344	3.250000	5.500000	0.686632	0.686632	0.649333	0	0	1	1	155	1168575
1444475657	41	40	29	33	5	3	4	4	2	2	0	0	1	1	0	4.939927	0.520400	0.520400	0.517549	1.421539	3.250000	5.500000	0.691074	0.728385	0.653762	0	0	1	1	155	1164690
1444475658	34	41	34	34	3	4	2	7	6	4	0	0	0	1	0	4.941538	0.521826	0.521826	0.517549	1.421539	3.250000	5.500000	0.723931	0.686632	0.649333	0	0	1	1	155	1167404
1444475660	36	32	31	30	3	1	2	1	2	5	0	0	0	0	0	4.943151	0.520400	0.521826	0.518974	1.422344	3.250000	5.500000	0.570331	0.644904	0.495756	0	0	1	1	155	1167428
1444475661	40	34	25	39	5	3	4	3	3	4	0	1	0	1	0	4.941538	0.520400	0.520400	0.517549	1.422344	3.250000	5.500000	0.686632	0.649333	0.649333	0	0	1	1	155	1176124
1444475662	42	30	36	28	4	3	2	2	3	5	0	0	0	0	0	4.944762	0.521826	0.523252	0.516123	1.420733	3.000000	5.500000	0.677756	0.603207	0.565931	0	0	1	1	155	1167405
1444475663	29	40	36	32	4	1	2	4	3	4	1	0	0	1	0	4.943151	0.520400	0.520400	0.517549	1.422344	3.250000	5.500000	0.719479	0.644904	0.607617	0	0	1	1	155	1167429
1444475664	38	35	30	22	4	6	2	3	2	1	1	0	0	0	0	4.943151	0.521826	0.520400	0.518974	1.423150	3.250000	5.500000	0.682191	0.682191	0.533044	0	0	1	1	155	1164681
1444475666	36	26	36	30	1	3	0	2	3	4	0	0	0	0	0	4.943151	0.521826	0.520400	0.517549	1.423150	3.250000	5.500000	0.682191	0.644904	0.570331	0	0	1	1	155	1167407
1444475667	33	30	35	30	8	3	2	4	2	3	1	0	0	0	0	4.939927	0.521826	0.521826	0.518974	1.422344	3.250000	5.500000	0.765698	0.691074	0.653762	0	0	1	1	155	1167423
1444475668	35	26	25	41	2	0	2	3	1	3	0	0	0	0	0	4.943151	0.521826	0.520400	0.517549	1.423150	3.250000	5.500000	0.682191	0.682191	0.607617	0	0	1	1	155	1165823
1444475669	41	33	30	32	6	5	2	1	4	4	0	0	0	0	0	4.943151	0.517549	0.521826	0.514697	1.421539	3.250000	5.500000	0.719479	0.682191	0.607617	0	0	1	1	155	1167394
1444475670	35	27	35	34	3	1	4	0	4	4	0	0	0	0	0	4.943151	0.521826	0.520400	0.517549	1.423150	3.250000	5.500000	0.719479	0.644904	0.570331	0	0	1	1	155	1167419
1444475672	33	33	41	42	2	4	1	4	1	8	0	0	0	0	0	4.943151	0.520400	0.521826	0.517549	1.423150	3.250000	5.500000	0.682191	0.682191	0.644904	0	0	1	1	155	1167419
1444475673	28	29	36	42	2	0	4	4	3	10	0	0	0	2	0	4.943151	0.521826	0.520400	0.518974	1.423150	3.250000	5.500000	0.719479	0.682191	0.607617	0	0	1	1	155	1164662
1444475674	37	21	33	31	2	1	2	0	1	2	0	0	0	0	0	4.941538	0.520400	0.523252	0.518974	1.423150	3.250000	5.500000	0.723931	0.649333	0.612034	0	0	1	1	156	1167415
1444475675	38	34	32	30	6	4	5	2	5	3	1	1	1	0	0	4.943151	0.521826	0.520400	0.516123	1.423956	3.250000	5.500000	0.719479	0.682191	0.607617	0	0	1	1	155	1167411
1444475676	37	35	32	35	6	1	3	3	4	5	0	1	0	0	0	4.943151	0.521826	0.520400	0.517549	1.423150	3.250000	5.500000	0.682191	0.682191	0.607617	0	0	1	1	155	1164673
1444475678	31	26	37	26	5	3	2	4	3	1	0	0	0	2	0	4.941538	0.520400	0.520400	0.517549	1.423150	3.250000	5.500000	0.723931	0.686632	0.612034	0	0	1	1	155	1167395
1444475679	26	36	35	34	4	2	1	5	1	4	0	0	0	0	0	4.943151	0.520400	0.520400	0.518974	1.422344	3.250000	5.500000	0.719479	0.644904	0.607617	0	0	1	1	155	1167419
1444475680	32	40	34	45	4	3	3	2	5	3	1	1	0	0	0	4.943151	0.521826	0.521826	0.517549	1.423150	3.250000	5.500000	0.756766	0.644904	0.607617	0	0	1	1	155	1165856
1444475681	37	24	25	21	2	1	2	3	3	1	0	0	0	1	0	4.947986	0.521826	0.520400	0.518974	1.423150	3.250000	5.500000	0.668893	0.631642	0.557141	0	0	1	1	155	1167405
1444475682	34	30	29	23	1	2	2	2	2	2	0	0	0	0	0	4.943151	0.521826	0.520400	0.516123	1.423956	3.250000	5.500000	0.719479	0.682191	0.607617	0	0	1	1	155	1167425
1444475684	32	38	31	42	1	3	3	5	5	6	0	0	1	1	0	4.944762	0.521826	0.520400	0.517549	1.423956	3.250000	5.500000	0.715030	0.677756	0.640481	0	0	1	1	155	1167428
1444475685	31	39	28	33	6	4	5	1	4	2	0	2	0	0	0	4.944762	0.520400	0.520400	0.518974	1.423956	3.250000	5.500000	0.677756	0.640481	0.640481	0	0	1	1	155	1164669
1444475686	32	33	28	34	4	1	5	3	3	2	0	0	1	0	0	4.939927	0.521826	0.520400	0.518974	1.423956	3.250000	5.500000	0.728385	0.691074	0.579140	0	0	1	1	155	1167404
1444475687	40	30	28	28	4	5	2	1	5	2	0	1	0	1	0	4.943151	0.521826	0.520400	0.517549	1.423956	3.250000	5.500000	0.682191	0.570331	0.570331	0	0	1	1	155	1167429
1444475688	30	36	27	29	8	2	2	3	5	6	0	1	0	1	0	4.943151	0.521826	0.523252	0.517549	1.423956	3.250000	5.500000	0.756766	0.607617	0.570331	0	0	1	1	155	1164669
1444475690	20	36	35	39	1	1	2	3	2	4	1	0	0	0	0	4.939927	0.520400	0.520400	0.518974	1.422344	3.250000	5.500000	0.691074	0.653762	0.616451	0	0	1	1	155	1167405
1444475691	31	33	34	41	2	2	2	2	4	10	0	0	0	0	0	4.939927	0.521826	0.520400	0.520400	1.423150	3.250000	5.500000	0.728385	0.691074	0.653762	0	0	1	1	155	1167424
1444475692	33	46	32	37	6	3	4	4	3	5	0	1	0	0	0	4.943151	0.521826	0.520400	0.518974	1.423956	3.250000	5.500000	0.719479	0.682191	0.570331	0	0	1	1	156	1165813
1444475693	32	33	42	37	2	4	2	5	6	2	1	0	0	0	0	4.936703	0.510420	0.517549	0.514697	1.421539	3.250000	5.500000	0.737302	0.662630	0.625295	0	0	1	1	155	1167395
1444475694	32	41	34	37	5	2	2	2	2	5	0	0	0	0	0	4.943151	0.521826	0.521826	0.517549	1.423956	3.250000	5.500000	0.719479	0.682191	0.644904	0	0	1	1	155	1167416
1444475696	34	42	31	35	4	2	3	0	4	3	0	0	0	0	0	4.943151	0.521826	0.521826	0.517549	1.423956	3.250000	5.500000	0.719479	0.682191	0.644904	0	0	1	1	155	1167419
1444475697	30	26	28	43	2	2	3	1	3	9	0	0	1	0	0	4.944762	0.521826	0.520400	0.520400	1.423956	3.250000	5.500000	0.677756	0.677756	0.603207	0	0	1	1	155	1164665
1444475698	33	31	41	36	2	4	2	3	4	3	0	0	0	1	0	4.943151	0.521826	0.520400	0.516123	1.423956	3.250000	5.500000	0.682191	0.644904	0.607617	0	0	1	1	155	1167395
1444475699	35	36	35	31	3	3	1	4	1	4	1	0	0	0	0	4.943151	0.520400	0.518974	0.517549	1.423956	3.250000	5.500000	0.607617	0.607617	0.607617	0	0	1	1	155	1167419
1444475700	40	41	26	43	5	2	2	1	6	3	0	2	0	0	0	4.943151	0.523252	0.521826	0.518974	1.423956	3.250000	5.500000	0.682191	0.682191	0.458469	0	0	1	1	155	1164649
1444475702	28	36	42	44	2	5	3	4	5	10	1	0	1	0	0	4.943151	0.520400	0.520400	0.518974	1.424762	3.250000	5.500000	0.719479	0.682191	0.570331	0	0	1	1	155	1167395
1444475703	28	37	26	29	2	0	0	1	5	5	0	0	0	1	0	4.941538	0.521826	0.520400	0.518974	1.423956	3.250000	5.500000	0.686632	0.649333	0.612034	0	0	1	1	156	1167440
1444475704	31	47	42	27	4	1	1	4	2	4	0	0	1	0	0	4.943151	0.521826	0.520400	0.518974	1.423956	3.250000	5.500000	0.682191	0.644904	0.607617	0	0	1	1	155	1165837
1444475705	37	30	36	32	4	1	4	1	3	4	0	1	0	0	0	4.941538	0.520400	0.520400	0.518974	1.424762	3.250000	5.500000	0.686632	0.649333	0.574735	0	0	1	1	155	1167404
1444475706	39	39	27	36	4	4	4	2	3	5	1	1	2	0	1	4.941538	0.521826	0.518974	0.518974	1.424762	3.250000	5.500000	0.723931	0.574735	0.537436	0	0	1	1	155	1167428
1444475708	37	35	37	30	5	3	2	1	0	5	0	0	1	0	0	4.943151	0.520400	0.518974	0.518974	1.424762	3.250000	5.500000	0.682191	0.644904	0.607617	0	0	1	1	155	1164681
1444475709	29	31	34	30	1	1	1	5	4	6	0	0	0	1	0	4.943151	0.520400	0.520400	0.518974	1.424762	3.250000	5.500000	0.719479	0.644904	0.607617	0	0	1	1	155	1167404
1444475710	25	44	45	28	3	1	2	5	5	6	0	0	0	0	0	4.941538	0.521826	0.520400	0.517549	1.424762	3.250000	5.500000	0.723931	0.686632	0.612034	0	0	1	1	155	1151487
1444475711	50	19	38	33	4	4	4	1	2	4	0	0	1	0	0	4.939927	0.523252	0.521826	0.518974	1.423956	3.250000	5.500000	0.728385	0.691074	0.616451	0	0	1	1	155	1167393
1444475712	38	29	32	28	0	5	3	2	1	3	0	0	1	0	0	4.943151	0.520400	0.520400	0.518974	1.424762	3.250000	5.500000	0.719479	0.682191	0.607617	0	0	1	1	155	1164670
1444475714	27	31	37	31	2	0	1	0	3	7	0	0	0	0	0	4.947986	0.520400	0.521826	0.518974	1.424762	3.250000	5.500000	0.668893	0.668893	0.594392	0	0	1	1	155	1167404
1444475715	42	31	40	36	7	5	2	6	5	3	2	0	0	0	0	4.939927	0.518974	0.518974	0.517549	1.422344	3.250000	5.500000	0.691074	0.765698	0.616451	0	0	1	1	155	1167426
1444475716	34	37	35	30	3	3	1	2	4	3	0	0	0	0	0	4.943151	0.521826	0.516123	0.511846	1.425568	3.250000	5.500000	0.607617	0.644904	0.570331	0	0	1	1	155	1165815
1444475717	36	39	41	34	5	1	3	3	6	9	0	0	0	1	0	4.941538	0.521826	0.521826	0.518974	1.424762	3.250000	5.500000	0.686632	0.686632	0.612034	0	0	1	1	155	1167395
1444475718	33	28	33	31	2	3	1	1	2	3	0	1	0	0	0	4.943151	0.520400	0.520400	0.517549	1.425568	3.250000	5.500000	0.682191	0.682191	0.644904	0	0	1	1	155	1167421
