time	cnt1	cnt2	cnt3	cnt4	1&2	1&3	1&4	2&3	2&4	3&4	1&2&3	1&2&4	1&3&4	2&3&4	1&2&3&4	adcr	adcp1	adcp2	adcp3	adcntc	ntcT	digT	p1	p2	p3	hvstate	pbsstate	ethstate	listpbs	sdstate	looptime
1444475720	32	24	30	42	2	0	1	4	7	7	0	0	0	1	0	4.944762	0.521826	0.520400	0.517549	1.425568	3.250000	5.500000	0.677756	0.640481	0.603207	0	0	1	1	155	1164668
1444475721	42	28	39	41	4	7	2	1	2	8	0	0	0	0	0	4.944762	0.521826	0.520400	0.518974	1.425568	3.250000	5.500000	0.715030	0.677756	0.603207	0	0	1	1	155	1217990
1444475722	29	29	24	30	4	3	3	2	5	4	1	1	1	0	0	4.943151	0.521826	0.521826	0.517549	1.424762	3.250000	5.500000	0.719479	0.682191	0.644904	0	0	1	1	155	1167398
1444475723	39	31	41	33	1	4	1	6	1	5	1	0	0	0	0	4.941538	0.518974	0.517549	0.516123	1.423956	3.250000	5.500000	0.500136	0.649333	0.612034	0	0	1	1	155	1201307
1444475724	32	41	37	41	5	1	3	2	4	5	0	0	0	0	0	4.943151	0.521826	0.521826	0.518974	1.425568	3.250000	5.500000	0.719479	0.682191	0.533044	0	0	1	1	155	1167395
1444475726	31	50	35	42	7	2	1	6	6	6	2	0	0	0	0	4.944762	0.521826	0.520400	0.517549	1.425568	3.250000	5.500000	0.677756	0.640481	0.565931	0	0	1	1	155	1167422
1444475727	36	35	29	34	7	3	1	3	7	2	0	0	0	1	0	4.941538	0.520400	0.520400	0.517549	1.425568	3.250000	5.500000	0.649333	0.574735	0.649333	0	0	1	1	155	1169982
1444475728	40	27	41	30	0	7	1	1	1	4	0	0	0	0	0	4.941538	0.521826	0.520400	0.518974	1.425568	3.250000	5.500000	0.723931	0.686632	0.612034	0	0	1	1	155	1168550
1444475729	31	36	35	33	3	5	4	5	4	4	2	1	1	1	1	4.943151	0.520400	0.520400	0.517549	1.425568	3.250000	5.500000	0.682191	0.682191	0.644904	0	0	1	1	155	1167429
1444475730	29	33	43	31	3	2	2	4	1	6	1	0	0	0	0	4.944762	0.521826	0.523252	0.518974	1.425568	3.250000	5.500000	0.715030	0.715030	0.565931	0	0	1	1	155	1174896
1444475732	39	44	39	37	5	4	3	4	1	5	1	0	0	0	0	4.941538	0.521826	0.520400	0.518974	1.425568	3.250000	5.500000	0.723931	0.686632	0.649333	0	0	1	1	155	1167405
1444475733	35	28	31	46	4	0	2	2	4	8	0	0	0	0	0	4.943151	0.520400	0.521826	0.518974	1.426374	3.250000	5.500000	0.644904	0.607617	0.570331	0	0	1	1	155	1167429
1444475734	27	39	33	35	4	1	1	3	3	7	0	0	0	1	0	4.944762	0.521826	0.520400	0.518974	1.425568	3.250000	5.500000	0.715030	0.640481	0.565931	0	0	1	1	155	1167429
1444475735	26	25	32	41	3	1	1	1	3	7	0	0	0	1	0	4.944762	0.521826	0.521826	0.517549	1.426374	3.250000	5.500000	0.677756	0.677756	0.640481	0	0	1	1	155	1164669
1444475736	28	36	24	39	4	2	1	3	3	5	0	0	0	0	0	4.943151	0.523252	0.523252	0.518974	1.426374	3.250000	5.500000	0.719479	0.719479	0.570331	0	0	1	1	155	1167408
1444475738	48	37	45	40	6	3	4	3	4	6	0	1	0	0	0	4.941538	0.521826	0.523252	0.517549	1.425568	3.250000	5.500000	0.723931	0.723931	0.612034	0	0	1	1	155	1167429
1444475739	37	32	36	33	3	2	2	2	4	4	0	0	1	0	0	4.943151	0.521826	0.523252	0.518974	1.425568	3.250000	5.500000	0.719479	0.756766	0.607617	0	0	1	1	155	1164684
1444475740	28	33	32	34	3	1	2	2	4	8	1	2	1	1	1	4.944762	0.521826	0.517549	0.516123	1.427180	3.250000	5.500000	0.715030	0.677756	0.565931	0	0	1	1	155	1168541
1444475741	38	26	39	30	7	5	0	3	4	4	1	0	0	1	0	4.941538	0.521826	0.520400	0.517549	1.425568	3.250000	5.500000	0.723931	0.686632	0.649333	0	0	1	1	155	1167419
1444475742	35	36	33	33	2	1	1	4	3	7	1	0	0	0	0	4.941538	0.521826	0.521826	0.517549	1.425568	3.250000	5.500000	0.723931	0.723931	0.649333	0	0	1	1	155	1164673
1444475744	40	38	31	35	4	2	6	1	5	2	0	1	0	0	0	4.944762	0.521826	0.521826	0.518974	1.425568	3.250000	5.500000	0.715030	0.677756	0.640481	0	0	1	1	155	1167397
1444475745	26	38	25	22	1	2	2	1	4	0	0	0	0	0	0	4.943151	0.520400	0.520400	0.517549	1.426374	3.250000	5.500000	0.682191	0.644904	0.644904	0	0	1	1	155	1167419
1444475746	40	36	36	36	2	2	2	1	3	3	0	0	0	0	0	4.944762	0.518974	0.518974	0.518974	1.426374	3.250000	6.000000	0.677756	0.640481	0.640481	0	0	1	1	155	1164651
1444475747	41	41	34	37	6	2	2	3	4	6	0	1	0	0	0	4.944762	0.521826	0.521826	0.517549	1.427180	3.250000	5.500000	0.677756	0.603207	0.416832	0	0	1	1	155	1167392
1444475748	32	32	34	44	3	1	2	2	7	9	0	0	0	1	0	4.941538	0.521826	0.524677	0.518974	1.426374	3.250000	5.500000	0.723931	0.761231	0.649333	0	0	1	1	155	1167419
1444475750	44	37	34	36	8	3	2	2	5	2	0	0	0	0	0	4.944762	0.521826	0.520400	0.517549	1.426374	3.250000	5.500000	0.752306	0.603207	0.565931	0	0	1	1	155	1167419
1444475751	32	34	41	34	5	3	3	2	2	4	0	0	2	0	0	4.943151	0.520400	0.520400	0.518974	1.424762	3.250000	5.500000	0.682191	0.644904	0.644904	0	0	1	1	155	1190592
1444475752	36	29	37	37	4	3	2	2	0	7	0	0	1	0	0	4.943151	0.523252	0.520400	0.517549	1.426374	3.250000	5.500000	0.719479	0.495756	0.794054	0	0	1	1	155	1168550
1444475753	44	32	32	34	5	3	1	3	3	5	1	0	0	0	0	4.941538	0.520400	0.520400	0.517549	1.427180	3.250000	5.500000	0.686632	0.649333	0.574735	0	0	1	1	155	1167429
1444475754	36	37	30	40	4	3	2	7	6	9	0	0	1	2	0	4.944762	0.521826	0.520400	0.518974	1.427180	3.250000	6.000000	0.715030	0.640481	0.603207	0	0	1	1	155	1164693
1444475756	37	26	39	38	3	6	4	4	1	6	1	0	0	0	0	4.943151	0.520400	0.520400	0.518974	1.426374	3.250000	6.000000	0.719479	0.644904	0.607617	0	0	1	1	155	1167404
1444475757	35	38	34	43	4	1	3	3	3	3	0	1	0	0	0	4.939927	0.523252	0.520400	0.518974	1.427180	3.250000	5.500000	0.691074	0.653762	0.579140	0	0	1	1	155	1167429
1444475758	30	40	40	39	4	2	3	5	2	4	1	0	0	0	0	4.939927	0.520400	0.520400	0.518974	1.427180	3.250000	6.000000	0.728385	0.653762	0.616451	0	0	1	1	155	1164690
1444475759	34	38	46	38	5	3	4	3	3	11	0	0	0	0	0	4.944762	0.521826	0.523252	0.517549	1.427180	3.250000	5.500000	0.752306	0.715030	0.603207	0	0	1	1	155	1167401
1444475760	35	33	35	31	2	3	1	5	1	4	0	0	0	0	0	4.943151	0.520400	0.520400	0.517549	1.427180	3.250000	6.000000	0.682191	0.682191	0.570331	0	0	1	1	156	1167450
1444475762	41	36	29	41	5	0	4	3	5	5	0	0	0	0	0	4.943151	0.521826	0.520400	0.520400	1.427180	3.250000	5.500000	0.644904	0.607617	0.644904	0	0	1	1	155	1167424
1444475763	31	28	30	37	2	4	2	3	3	3	0	0	0	0	0	4.943151	0.520400	0.521826	0.518974	1.426374	3.250000	6.000000	0.719479	0.682191	0.644904	0	0	1	1	155	1164667
1444475764	37	33	28	34	5	4	0	2	4	2	1	0	0	0	0	4.943151	0.520400	0.520400	0.518974	1.427180	3.250000	5.500000	0.682191	0.644904	0.607617	0	0	1	1	155	1168541
1444475765	32	41	48	42	5	3	4	4	2	7	0	0	1	0	0	4.943151	0.520400	0.523252	0.518974	1.427180	3.250000	6.000000	0.719479	0.756766	0.644904	0	0	1	1	155	1167416
1444475766	32	25	32	30	4	2	2	1	2	2	0	0	0	0	0	4.943151	0.520400	0.518974	0.517549	1.427985	3.250000	5.500000	0.682191	0.682191	0.644904	0	0	1	1	155	1164697
1444475768	28	43	30	29	3	3	1	4	6	3	0	1	0	1	0	4.943151	0.521826	0.523252	0.518974	1.427180	3.250000	6.000000	0.682191	0.719479	0.570331	0	0	1	1	155	1167394
1444475769	24	39	35	37	2	2	2	4	4	3	0	0	0	0	0	4.943151	0.520400	0.523252	0.518974	1.427180	3.250000	5.500000	0.682191	0.682191	0.570331	0	0	1	1	155	1167419
1444475770	29	30	28	33	5	1	0	4	2	3	0	0	0	0	0	4.943151	0.521826	0.520400	0.520400	1.427180	3.250000	6.000000	0.719479	0.682191	0.644904	0	0	1	1	155	1164663
1444475771	33	31	24	33	6	4	0	1	3	2	1	0	0	0	0	4.943151	0.511846	0.517549	0.517549	1.426374	3.250000	6.000000	1.241500	0.160173	0.570331	0	0	1	1	155	1167395
1444475772	42	32	45	30	3	1	5	3	3	9	0	0	1	0	0	4.943151	0.520400	0.523252	0.518974	1.427985	3.250000	6.000000	0.719479	0.719479	0.570331	0	0	1	1	155	1167419
1444475774	37	31	41	24	3	4	1	5	2	3	0	0	0	0	0	4.944762	0.520400	0.523252	0.518974	1.427180	3.250000	6.000000	0.677756	0.752306	0.603207	0	0	1	1	155	1167422
1444475775	38	33	23	32	4	1	1	3	3	1	0	1	0	0	0	4.941538	0.521826	0.521826	0.518974	1.427180	3.250000	6.000000	0.723931	0.761231	0.649333	0	0	1	1	155	1164685
1444475776	26	38	40	27	3	3	1	3	1	6	0	0	1	0	0	4.941538	0.523252	0.523252	0.518974	1.426374	3.250000	6.000000	0.686632	0.649333	0.649333	0	0	1	1	155	1168657
1444475777	28	35	40	29	2	1	2	3	1	4	0	0	0	0	0	4.943151	0.523252	0.521826	0.517549	1.427985	3.250000	6.000000	0.682191	0.682191	0.644904	0	0	1	1	155	1167429
1444475778	36	34	29	30	2	0	1	2	1	2	0	0	0	0	0	4.943151	0.517549	0.517549	0.521826	1.428791	3.250000	6.000000	0.682191	0.756766	0.570331	0	0	1	1	155	1164668
1444475780	29	37	30	28	4	3	0	4	4	5	1	0	0	1	0	4.943151	0.521826	0.520400	0.518974	1.427985	3.250000	6.000000	0.682191	0.644904	0.533044	0	0	1	1	155	1167405
1444475781	29	38	37	34	4	2	3	5	3	4	0	0	0	2	0	4.943151	0.520400	0.523252	0.518974	1.427180	3.250000	6.000000	0.682191	0.756766	0.607617	0	0	1	1	155	1167429
1444475782	42	35	35	37	9	1	0	0	4	2	0	0	0	0	0	4.941538	0.521826	0.523252	0.518974	1.427180	3.250000	6.000000	0.723931	0.723931	0.612034	0	0	1	1	155	1164659
1444475783	36	37	45	40	5	1	3	5	3	4	1	0	0	0	0	4.951209	0.520400	0.517549	0.518974	1.427985	3.250000	6.000000	0.697266	0.660041	0.548362	0	0	1	1	155	1167404
1444475784	31	32	32	32	5	0	2	4	4	4	0	1	0	0	0	4.943151	0.521826	0.524677	0.518974	1.428791	3.250000	6.000000	0.756766	0.756766	0.644904	0	0	1	1	155	1167428
1444475786	38	32	32	35	5	1	0	2	4	6	0	0	0	0	0	4.941538	0.521826	0.523252	0.518974	1.428791	3.250000	6.000000	0.686632	0.723931	0.612034	0	0	1	1	155	1164658
1444475787	36	33	32	40	3	2	3	2	4	5	0	0	0	0	0	4.941538	0.523252	0.520400	0.518974	1.427985	3.250000	6.000000	0.723931	0.686632	0.649333	0	0	1	1	155	1167402
1444475788	36	40	35	32	5	0	2	4	4	2	0	1	0	0	0	4.941538	0.521826	0.523252	0.517549	1.427180	3.250000	6.000000	0.723931	0.723931	0.612034	0	0	1	1	155	1168564
1444475789	39	55	49	30	5	6	2	4	3	4	1	0	0	0	0	4.944762	0.521826	0.520400	0.514697	1.427985	3.250000	6.000000	0.715030	0.715030	0.565931	0	0	1	1	155	1167419
1444475790	41	34	27	35	4	4	3	4	1	4	1	1	0	1	0	4.944762	0.521826	0.523252	0.517549	1.427985	3.250000	6.000000	0.715030	0.715030	0.640481	0	0	1	1	155	1164659
1444475792	26	31	27	26	4	2	2	2	4	2	1	0	0	1	0	4.943151	0.520400	0.523252	0.518974	1.427985	3.250000	6.000000	0.719479	0.756766	0.644904	0	0	1	1	155	1167395
1444475793	34	35	32	27	3	1	3	6	2	6	0	0	0	0	0	4.941538	0.521826	0.521826	0.517549	1.428791	3.250000	6.000000	0.723931	0.723931	0.612034	0	0	1	1	155	1167419
1444475794	25	38	28	35	3	0	1	4	5	3	0	1	0	0	0	4.943151	0.520400	0.523252	0.517549	1.428791	3.250000	6.000000	0.682191	0.719479	0.607617	0	0	1	1	155	1164662
1444475795	26	34	31	29	3	1	2	3	1	4	0	0	0	0	0	4.949597	0.521826	0.520400	0.517549	1.428791	3.250000	6.000000	0.664465	0.664465	0.589989	0	0	1	1	155	1167394
1444475796	36	34	36	31	6	1	2	2	3	2	0	0	0	0	0	4.944762	0.520400	0.520400	0.517549	1.428791	3.250000	6.000000	0.640481	0.640481	0.603207	0	0	1	1	155	1167418
1444475798	36	37	35	28	4	4	0	4	1	4	0	0	0	0	0	4.944762	0.521826	0.523252	0.518974	1.428791	3.250000	6.000000	0.603207	0.715030	0.565931	0	0	1	1	155	1164662
1444475799	36	46	32	33	5	2	4	2	5	2	0	1	0	0	0	4.941538	0.521826	0.523252	0.520400	1.428791	3.250000	6.000000	0.723931	0.723931	0.574735	0	0	1	1	155	1167395
1444475800	37	40	32	33	4	2	2	6	4	4	0	0	0	0	0	4.944762	0.520400	0.520400	0.518974	1.428791	3.250000	6.000000	0.677756	0.640481	0.603207	0	0	1	1	155	1168575
1444475801	36	31	36	44	2	4	0	1	5	5	0	0	0	0	0	4.944762	0.523252	0.521826	0.518974	1.429597	3.250000	6.000000	0.752306	0.640481	0.603207	0	0	1	1	155	1167429
1444475802	36	31	28	40	3	1	6	5	7	8	0	2	1	2	0	4.943151	0.517549	0.523252	0.517549	1.429597	3.250000	6.000000	0.719479	0.682191	0.570331	0	0	1	1	155	1164676
1444475804	32	45	25	32	8	1	3	1	5	3	0	1	0	0	0	4.943151	0.521826	0.523252	0.517549	1.428791	3.250000	6.000000	0.682191	0.719479	0.607617	0	0	1	1	155	1151001
1444475805	32	28	32	32	2	5	2	6	4	6	2	0	0	1	0	4.943151	0.521826	0.521826	0.518974	1.429597	3.250000	6.000000	0.682191	0.756766	0.607617	0	0	1	1	155	1167390
1444475806	29	36	40	44	2	2	0	4	4	7	0	0	0	0	0	4.943151	0.521826	0.521826	0.518974	1.429597	3.250000	6.000000	0.719479	0.719479	0.570331	0	0	1	1	155	1164690
1444475807	40	36	32	41	7	5	5	1	3	8	0	1	1	0	0	4.944762	0.521826	0.523252	0.517549	1.428791	3.250000	6.000000	0.677756	0.715030	0.565931	0	0	1	1	155	1167404
1444475808	34	30	42	35	3	4	2	4	1	3	0	0	0	0	0	4.943151	0.520400	0.523252	0.518974	1.428791	3.250000	6.000000	0.682191	0.719479	0.607617	0	0	1	1	155	1167428
1444475810	49	29	45	40	3	4	1	1	2	4	1	0	0	0	0	4.943151	0.520400	0.524677	0.518974	1.428791	3.250000	6.000000	0.719479	0.682191	0.644904	0	0	1	1	155	1164672
1444475811	18	32	35	42	3	0	2	2	7	3	0	0	0	1	0	4.939927	0.521826	0.523252	0.518974	1.428791	3.250000	6.000000	0.728385	0.765698	0.653762	0	0	1	1	155	1167405
1444475812	40	32	32	29	4	3	1	2	5	5	0	0	0	0	0	4.943151	0.518974	0.523252	0.518974	1.429597	3.250000	6.000000	0.682191	0.719479	0.682191	0	0	1	1	155	1168565
1444475813	37	26	32	36	6	3	1	2	4	4	0	1	0	0	0	4.941538	0.520400	0.520400	0.517549	1.428791	3.250000	6.000000	0.686632	0.649333	0.574735	0	0	1	1	155	1167419
1444475814	28	30	25	31	4	2	2	1	6	3	0	1	0	0	0	4.943151	0.521826	0.523252	0.517549	1.430403	3.250000	6.000000	0.682191	0.719479	0.644904	0	0	1	1	155	1164658
1444475816	37	44	42	40	3	3	2	2	5	6	0	1	0	0	0	4.943151	0.521826	0.523252	0.517549	1.429597	3.250000	6.000000	0.682191	0.756766	0.607617	0	0	1	1	155	1167395
1444475817	35	32	33	38	6	4	2	7	5	4	1	0	0	1	0	4.943151	0.521826	0.523252	0.518974	1.429597	3.250000	6.000000	0.607617	0.719479	0.533044	0	0	1	1	155	1167419
1444475818	32	37	23	30	6	1	3	2	2	3	0	1	0	0	0	4.941538	0.523252	0.523252	0.518974	1.429597	3.250000	6.000000	0.612034	0.649333	0.574735	0	0	1	1	155	1164660
1444475819	42	39	33	37	5	2	3	4	4	3	0	0	0	0	0	4.944762	0.521826	0.523252	0.518974	1.429597	3.250000	6.000000	0.715030	0.715030	0.565931	0	0	1	1	155	1167394
1444475820	31	31	35	28	3	3	2	2	3	6	0	0	1	1	0	4.943151	0.520400	0.523252	0.517549	1.429597	3.250000	6.000000	0.682191	0.756766	0.607617	0	0	1	1	155	1167419
1444475822	33	31	29	30	5	2	1	1	2	3	0	0	0	0	0	4.944762	0.521826	0.523252	0.517549	1.429597	3.250000	6.000000	0.715030	0.715030	0.603207	0	0	1	1	155	1164666
1444475823	36	26	38	28	2	3	2	4	3	3	1	0	0	0	0	4.941538	0.521826	0.524677	0.520400	1.428791	3.250000	6.000000	0.686632	0.761231	0.612034	0	0	1	1	155	1167395
1444475824	46	27	35	37	4	3	3	3	4	6	0	0	0	0	0	4.944762	0.521826	0.523252	0.518974	1.429597	3.250000	6.000000	0.640481	0.789581	0.565931	0	0	1	1	155	1168572
1444475825	33	23	40	28	1	3	0	3	2	7	1	0	0	0	0	4.944762	0.521826	0.523252	0.518974	1.430403	3.250000	6.000000	0.715030	0.715030	0.640481	0	0	1	1	155	1167428
1444475826	31	39	35	38	2	3	2	3	2	8	0	0	0	2	0	4.943151	0.520400	0.523252	0.518974	1.430403	3.250000	6.000000	0.682191	0.719479	0.570331	0	0	1	1	155	1164672
1444475828	32	39	26	32	7	2	1	1	3	2	0	0	0	1	0	4.939927	0.521826	0.523252	0.518974	1.429597	3.250000	6.000000	0.728385	0.728385	0.579140	0	0	1	1	155	1167408
1444475829	30	29	32	36	3	0	2	1	3	3	0	0	0	0	0	4.943151	0.520400	0.523252	0.517549	1.430403	3.250000	6.000000	0.682191	0.756766	0.570331	0	0	1	1	155	1167429
1444475830	33	32	39	39	3	3	2	3	5	7	0	0	1	1	0	4.944762	0.517549	0.517549	0.521826	1.430403	3.250000	6.000000	0.677756	0.715030	0.565931	0	0	1	1	155	1164667
1444475831	21	27	32	31	3	3	1	2	5	3	1	0	0	0	0	4.943151	0.521826	0.523252	0.517549	1.430403	3.250000	6.000000	0.682191	0.719479	0.570331	0	0	1	1	155	1167404
1444475832	28	41	49	38	2	2	2	4	3	4	0	0	0	0	0	4.943151	0.521826	0.523252	0.518974	1.429597	3.250000	6.000000	0.719479	0.719479	0.607617	0	0	1	1	155	1167428
1444475834	34	38	33	29	2	1	0	4	2	5	0	0	0	1	0	4.941538	0.520400	0.523252	0.517549	1.430403	3.250000	6.000000	0.649333	0.723931	0.612034	0	0	1	1	155	1164667
1444475835	26	33	30	33	3	0	2	2	5	3	0	0	0	0	0	4.939927	0.521826	0.524677	0.518974	1.428791	3.250000	6.000000	0.691074	0.765698	0.653762	0	0	1	1	155	1167399
1444475836	28	36	36	38	4	2	5	4	4	5	1	1	1	2	1	4.941538	0.520400	0.523252	0.517549	1.431209	3.500000	6.000000	0.612034	0.723931	0.537436	0	0	1	1	155	1168565
1444475837	37	35	38	34	5	2	2	2	6	8	0	1	0	1	0	4.943151	0.520400	0.520400	0.518974	1.431209	3.500000	6.000000	0.719479	0.756766	0.607617	0	0	1	1	155	1164659
1444475838	42	33	35	39	1	3	3	4	4	7	0	0	1	1	0	4.943151	0.520400	0.523252	0.518974	1.432015	3.500000	6.000000	0.682191	0.719479	0.607617	0	0	1	1	155	1167394
1444475840	30	31	40	38	4	2	2	6	5	6	1	0	1	0	0	4.943151	0.521826	0.523252	0.518974	1.430403	3.250000	6.000000	0.682191	0.756766	0.607617	0	0	1	1	155	1167418
1444475841	29	31	43	29	3	3	2	5	1	7	0	0	0	0	0	4.943151	0.521826	0.521826	0.516123	1.432015	3.500000	6.000000	0.682191	0.719479	0.607617	0	0	1	1	155	1167419
1444475842	35	37	31	24	2	2	1	2	2	3	0	0	0	0	0	4.943151	0.520400	0.523252	0.517549	1.430403	3.250000	6.000000	0.682191	0.719479	0.607617	0	0	1	1	155	1164667
1444475843	35	26	30	26	4	3	0	4	6	1	1	0	0	2	0	4.939927	0.520400	0.523252	0.518974	1.431209	3.500000	6.000000	0.691074	0.728385	0.541828	0	0	1	1	155	1167395
1444475844	39	42	34	37	7	5	5	3	5	5	2	2	1	1	1	4.943151	0.521826	0.523252	0.518974	1.431209	3.500000	6.000000	0.682191	0.719479	0.607617	0	0	1	1	155	1167423
1444475846	33	35	35	38	3	0	1	4	5	7	0	0	0	2	0	4.943151	0.523252	0.523252	0.517549	1.431209	3.500000	6.000000	0.756766	0.719479	0.644904	0	0	1	1	155	1164577
1444475847	31	38	31	51	4	0	1	3	5	8	0	0	0	0	0	4.939927	0.521826	0.524677	0.518974	1.430403	3.500000	6.000000	0.728385	0.765698	0.616451	0	0	1	1	155	1167394
1444475848	35	25	32	29	4	1	4	1	1	5	0	0	0	0	0	4.943151	0.520400	0.523252	0.517549	1.432015	3.500000	6.000000	0.756766	0.570331	0.756766	0	0	1	1	155	1168574
1444475849	37	36	31	34	3	2	3	4	1	1	0	0	0	0	0	4.944762	0.520400	0.518974	0.518974	1.431209	3.250000	6.000000	0.752306	0.752306	0.603207	0	0	1	1	155	1164830
1444475850	39	35	32	46	3	4	3	2	5	7	0	0	0	0	0	4.943151	0.521826	0.523252	0.518974	1.431209	3.500000	6.000000	0.719479	0.682191	0.533044	0	0	1	1	155	1167404
1444475852	34	38	28	36	6	2	0	3	2	3	1	0	0	0	0	4.943151	0.521826	0.523252	0.518974	1.430403	3.250000	6.000000	0.719479	0.719479	0.570331	0	0	1	1	155	1167429
1444475853	29	35	36	37	4	2	4	3	5	6	0	0	0	0	0	4.943151	0.521826	0.523252	0.520400	1.431209	3.500000	6.000000	0.682191	0.719479	0.607617	0	0	1	1	155	1167428
1444475854	41	43	46	45	5	4	4	6	6	8	2	2	2	2	1	4.944762	0.521826	0.523252	0.517549	1.432015	3.500000	6.000000	0.715030	0.715030	0.565931	0	0	1	1	155	1164673
1444475855	33	34	35	44	5	0	4	3	5	6	0	0	0	0	0	4.941538	0.521826	0.523252	0.518974	1.431209	3.500000	6.000000	0.723931	0.686632	0.612034	0	0	1	1	155	1167404
1444475856	43	34	38	36	5	3	4	6	3	6	2	2	2	2	2	4.943151	0.520400	0.523252	0.517549	1.432015	3.500000	6.000000	0.719479	0.756766	0.644904	0	0	1	1	155	1167429
1444475858	23	26	34	27	2	3	3	1	4	5	0	0	0	0	0	4.941538	0.523252	0.523252	0.518974	1.432015	3.500000	6.000000	0.761231	0.761231	0.612034	0	0	1	1	155	1164703
1444475859	45	37	38	36	6	2	2	6	4	3	1	0	0	0	0	4.941538	0.523252	0.524677	0.518974	1.432015	3.500000	6.000000	0.723931	0.761231	0.612034	0	0	1	1	155	1167400
1444475860	34	33	48	29	3	4	2	1	1	3	1	0	0	0	0	4.939927	0.523252	0.523252	0.518974	1.432015	3.500000	6.000000	0.765698	0.728385	0.616451	0	0	1	1	155	1168565
1444475861	36	36	23	37	4	2	3	4	4	5	0	1	0	0	0	4.941538	0.520400	0.520400	0.517549	1.430403	3.250000	6.000000	0.835829	0.723931	0.649333	0	0	1	1	155	1164660
1444475862	32	42	29	44	2	2	2	2	12	7	0	0	1	0	0	4.943151	0.521826	0.523252	0.517549	1.431209	3.500000	6.000000	0.682191	0.756766	0.644904	0	0	1	1	155	1167392
1444475864	39	37	40	44	4	2	4	4	3	3	1	1	0	0	0	4.946374	0.520400	0.523252	0.518974	1.432015	3.500000	6.000000	0.673322	0.710586	0.598798	0	0	1	1	156	1167440
1444475865	34	30	30	38	3	2	1	3	4	5	1	0	0	0	0	4.941538	0.520400	0.521826	0.518974	1.432015	3.500000	6.000000	0.723931	0.761231	0.612034	0	0	1	1	155	1167415
1444475866	32	39	38	43	2	3	2	2	1	7	0	0	1	1	0	4.943151	0.523252	0.523252	0.517549	1.432015	3.500000	6.000000	0.756766	0.719479	0.607617	0	0	1	1	155	1164668
1444475867	38	33	31	34	5	4	5	1	2	2	0	1	0	0	0	4.941538	0.450538	0.523252	0.517549	1.431209	3.500000	6.000000	2.514302	0.537436	0.574735	0	0	1	1	155	1167395
1444475868	39	31	30	38	3	2	6	2	1	2	0	0	1	0	0	4.941538	0.521826	0.523252	0.518974	1.432015	3.500000	6.000000	0.723931	0.761231	0.574735	0	0	1	1	155	1167419
1444475870	38	29	40	39	5	2	2	1	0	4	1	1	0	0	0	4.944762	0.520400	0.523252	0.518974	1.432015	3.500000	6.000000	0.677756	0.715030	0.528657	0	0	1	1	155	1164670
1444475871	33	41	36	32	4	0	3	4	7	3	0	2	0	0	0	4.943151	0.523252	0.523252	0.518974	1.431209	3.500000	6.000000	0.756766	0.756766	0.607617	0	0	1	1	155	1167397
1444475872	32	35	26	42	6	2	4	2	3	7	1	1	0	0	0	4.936703	0.521826	0.521826	0.518974	1.431209	3.500000	6.000000	0.774638	0.737302	0.625295	0	0	1	1	155	1168574
1444475873	37	48	40	35	4	3	2	4	2	6	0	0	0	1	0	4.943151	0.521826	0.523252	0.518974	1.432821	3.500000	6.000000	0.719479	0.719479	0.644904	0	0	1	1	155	1164683
1444475874	38	36	35	38	6	1	1	3	4	3	0	0	0	0	0	4.943151	0.523252	0.523252	0.516123	1.431209	3.500000	6.000000	0.756766	0.719479	0.607617	0	0	1	1	155	1167405
1444475876	28	30	41	34	4	2	1	2	6	5	0	0	0	1	0	4.943151	0.523252	0.523252	0.517549	1.432821	3.500000	6.000000	0.756766	0.682191	0.570331	0	0	1	1	155	1167429
1444475877	27	37	38	35	2	1	0	1	3	7	0	0	0	0	0	4.943151	0.523252	0.523252	0.518974	1.432821	3.500000	6.000000	0.794054	0.719479	0.607617	0	0	1	1	155	1164665
1444475878	41	42	41	36	1	2	2	0	6	7	0	0	0	0	0	4.941538	0.523252	0.523252	0.518974	1.432015	3.500000	6.000000	0.761231	0.686632	0.612034	0	0	1	1	155	1167404
1444475879	31	34	32	32	5	1	0	3	4	2	0	0	0	0	0	4.944762	0.520400	0.518974	0.517549	1.432821	3.500000	6.000000	0.677756	0.715030	0.603207	0	0	1	1	155	1167428
1444475880	45	23	34	37	1	5	4	6	4	3	1	0	0	0	0	4.941538	0.523252	0.523252	0.518974	1.432821	3.500000	6.000000	0.798530	0.761231	0.649333	0	0	1	1	155	1167428
1444475882	27	37	38	39	3	2	1	4	5	7	0	0	0	2	0	4.943151	0.521826	0.523252	0.518974	1.432821	3.500000	6.000000	0.719479	0.682191	0.607617	0	0	1	1	155	1164668
1444475883	36	36	34	43	5	4	3	3	10	3	0	0	0	1	0	4.941538	0.521826	0.523252	0.518974	1.432821	3.500000	6.000000	0.723931	0.723931	0.612034	0	0	1	1	155	1167402
1444475884	31	40	36	41	3	2	3	0	1	5	0	0	0	0	0	4.939927	0.520400	0.521826	0.518974	1.432015	3.500000	6.000000	0.691074	0.728385	0.616451	0	0	1	1	156	1168586
1444475885	32	26	34	41	6	4	1	1	3	7	0	1	0	0	0	4.941538	0.523252	0.523252	0.517549	1.432821	3.500000	6.000000	0.761231	0.723931	0.649333	0	0	1	1	155	1164651
1444475886	32	25	41	38	3	2	2	3	2	7	1	0	0	1	0	4.943151	0.518974	0.523252	0.518974	1.433627	3.500000	6.000000	0.682191	0.756766	0.644904	0	0	1	1	155	1167395
1444475888	39	30	40	37	3	1	2	3	1	6	0	0	0	0	0	4.944762	0.523252	0.523252	0.518974	1.432821	3.500000	6.000000	0.789581	0.715030	0.565931	0	0	1	1	155	1167419
1444475889	39	37	31	37	3	0	3	3	4	5	0	0	0	1	0	4.943151	0.523252	0.523252	0.518974	1.433627	3.500000	6.000000	0.756766	0.719479	0.570331	0	0	1	1	155	1164671
1444475890	26	32	41	26	5	3	1	1	2	4	1	0	0	0	0	4.943151	0.523252	0.523252	0.518974	1.434432	3.500000	6.000000	0.794054	0.719479	0.607617	0	0	1	1	155	1167394
1444475891	33	34	28	39	3	0	4	0	4	3	0	0	0	0	0	4.946374	0.520400	0.521826	0.517549	1.433627	3.500000	6.000000	0.710586	0.785111	0.598798	0	0	1	1	155	1167419
1444475892	29	23	34	29	1	2	5	2	2	3	0	0	0	1	0	4.943151	0.520400	0.523252	0.517549	1.433627	3.500000	6.000000	0.644904	0.719479	0.607617	0	0	1	1	155	1167419
1444475894	35	37	27	33	5	5	2	0	1	4	0	0	0	0	0	4.946374	0.523252	0.523252	0.518974	1.433627	3.500000	6.000000	0.673322	0.673322	0.561534	0	0	1	1	155	1164687
1444475895	37	39	28	39	5	4	6	2	4	4	1	1	2	1	1	4.941538	0.521826	0.523252	0.518974	1.433627	3.500000	6.000000	0.723931	0.761231	0.612034	0	0	1	1	155	1167395
1444475896	38	32	29	34	5	1	2	2	5	5	0	0	1	0	0	4.943151	0.524677	0.524677	0.517549	1.434432	3.500000	6.000000	0.756766	0.719479	0.570331	0	0	1	1	155	1168575
1444475897	26	24	42	29	1	2	0	1	1	5	0	0	0	0	0	4.944762	0.520400	0.523252	0.518974	1.433627	3.500000	6.000000	0.715030	0.715030	0.640481	0	0	1	1	155	1164675
1444475898	39	29	36	40	2	4	4	3	1	8	0	0	0	0	0	4.939927	0.523252	0.523252	0.518974	1.433627	3.500000	6.000000	0.765698	0.765698	0.653762	0	0	1	1	155	1167404
1444475900	29	31	34	31	5	2	3	3	3	3	0	0	0	0	0	4.943151	0.521826	0.523252	0.518974	1.433627	3.500000	6.000000	0.719479	0.719479	0.570331	0	0	1	1	155	1167428
1444475901	37	30	38	39	1	3	1	1	2	3	0	0	0	0	0	4.943151	0.521826	0.523252	0.517549	1.433627	3.500000	6.000000	0.831341	0.122885	0.533044	0	0	1	1	155	1164718
1444475902	30	41	42	27	1	1	4	4	2	2	0	0	0	1	0	4.941538	0.521826	0.524677	0.518974	1.434432	3.500000	6.000000	0.686632	0.761231	0.612034	0	0	1	1	155	1167405
1444475903	43	29	29	42	4	2	6	0	1	7	0	0	1	0	0	4.941538	0.520400	0.523252	0.517549	1.433627	3.500000	6.000000	0.686632	0.723931	0.574735	0	0	1	1	155	1167429
1444475904	32	31	45	38	5	8	4	4	4	4	2	1	1	0	0	4.943151	0.523252	0.523252	0.518974	1.432821	3.500000	6.000000	0.644904	0.719479	0.644904	0	0	1	1	155	1167429
1444475906	35	36	39	32	3	2	1	4	3	4	1	0	0	0	0	4.943151	0.520400	0.521826	0.516123	1.433627	3.500000	6.000000	0.719479	0.719479	0.644904	0	0	1	1	155	1164702
1444475907	36	31	40	43	5	3	0	5	5	8	0	0	0	2	0	4.941538	0.521826	0.523252	0.520400	1.434432	3.500000	6.000000	0.723931	0.723931	0.537436	0	0	1	1	155	1167399
1444475908	42	34	28	40	8	2	4	2	7	6	0	1	0	2	0	4.944762	0.523252	0.523252	0.517549	1.434432	3.500000	6.000000	0.789581	0.752306	0.640481	0	0	1	1	155	1168565
1444475909	36	39	28	38	2	5	2	2	5	5	0	0	0	0	0	4.943151	0.521826	0.521826	0.518974	1.434432	3.500000	6.000000	0.719479	0.756766	0.644904	0	0	1	1	155	1164670
1444475910	40	32	38	38	5	1	3	4	7	4	0	0	0	1	0	4.941538	0.521826	0.523252	0.517549	1.434432	3.500000	6.000000	0.686632	0.723931	0.574735	0	0	1	1	155	1167395
1444475912	34	43	38	35	5	5	3	6	3	3	1	1	1	1	1	4.941538	0.520400	0.523252	0.517549	1.434432	3.500000	6.000000	1.469921	0.723931	0.612034	0	0	1	1	155	1167419
1444475913	33	33	32	38	2	0	0	3	2	9	0	0	0	0	0	4.941538	0.524677	0.523252	0.518974	1.433627	3.500000	6.000000	0.761231	0.686632	0.462836	0	0	1	1	155	1164650
1444475914	28	27	41	35	3	2	1	2	4	7	0	1	0	0	0	4.941538	0.523252	0.523252	0.518974	1.435238	3.500000	6.000000	0.761231	0.723931	0.612034	0	0	1	1	155	1167394
1444475915	30	37	30	27	2	3	1	2	4	2	0	0	0	1	0	4.941538	0.521826	0.523252	0.517549	1.435238	3.500000	6.000000	0.686632	0.723931	0.612034	0	0	1	1	155	1167419
1444475916	30	41	39	30	5	1	3	4	7	3	0	1	0	1	0	4.941538	0.521826	0.523252	0.517549	1.435238	3.500000	6.000000	0.723931	0.761231	0.612034	0	0	1	1	155	1164663
1444475918	29	37	34	35	6	2	2	5	2	1	0	0	0	0	0	4.941538	0.517549	0.523252	0.516123	1.434432	3.500000	6.000000	0.723931	0.723931	0.574735	0	0	1	1	155	1167395
1444475919	36	44	29	27	6	3	0	3	3	1	1	0	0	1	0	4.941538	0.521826	0.523252	0.517549	1.434432	3.500000	6.000000	0.723931	0.686632	0.574735	0	0	1	1	155	1167419
1444475920	39	38	31	41	6	3	4	0	3	2	0	1	0	0	0	4.943151	0.521826	0.521826	0.517549	1.435238	3.500000	6.000000	0.719479	0.756766	0.607617	0	0	1	1	155	1168575
1444475921	33	44	40	27	4	3	1	4	4	4	0	0	0	0	0	4.943151	0.521826	0.523252	0.517549	1.434432	3.500000	6.000000	0.682191	0.682191	0.644904	0	0	1	1	155	1164673
1444475922	34	37	33	32	3	3	1	3	5	3	0	0	0	0	0	4.943151	0.520400	0.523252	0.518974	1.435238	3.500000	6.000000	0.719479	0.756766	0.644904	0	0	1	1	155	1167404
1444475924	32	27	33	27	2	1	2	2	2	5	0	0	0	0	0	4.951209	0.520400	0.518974	0.518974	1.435238	3.500000	6.000000	0.660041	0.697266	0.585588	0	0	1	1	155	1167428
1444475925	34	40	58	46	5	5	3	4	6	13	1	0	2	0	0	4.943151	0.517549	0.528955	0.518974	1.434432	3.500000	6.000000	0.682191	0.794054	0.607617	0	0	1	1	155	1176705
1444475926	36	32	29	35	1	2	2	3	4	3	0	0	0	0	0	4.943151	0.523252	0.523252	0.518974	1.435238	3.500000	6.000000	0.719479	0.682191	0.570331	0	0	1	1	156	1167426
1444475927	42	37	25	32	5	2	1	0	1	3	0	0	0	0	0	4.943151	0.521826	0.521826	0.518974	1.435238	3.500000	6.000000	0.682191	0.719479	0.607617	0	0	1	1	155	1167424
1444475928	26	32	26	42	3	0	3	1	6	4	0	1	0	0	0	4.943151	0.520400	0.523252	0.518974	1.435238	3.500000	6.000000	0.756766	0.719479	0.607617	0	0	1	1	155	1164692
1444475930	34	31	40	35	2	1	2	3	4	2	0	1	0	0	0	4.943151	0.521826	0.523252	0.518974	1.436044	3.500000	6.000000	0.719479	0.719479	0.570331	0	0	1	1	155	1167404
1444475931	36	29	39	45	1	4	2	3	4	8	1	1	1	1	1	4.939927	0.521826	0.523252	0.518974	1.434432	3.500000	6.000000	0.765698	0.728385	0.616451	0	0	1	1	155	1167423
1444475932	27	38	39	33	5	0	2	3	8	6	0	1	0	1	0	4.943151	0.521826	0.523252	0.517549	1.435238	3.500000	6.000000	0.682191	0.719479	0.644904	0	0	1	1	155	1168564
1444475933	34	37	24	25	5	2	3	3	5	3	0	0	0	1	0	4.943151	0.520400	0.523252	0.517549	1.434432	3.500000	6.000000	0.682191	0.719479	0.607617	0	0	1	1	155	1164664
1444475934	37	40	41	38	7	4	1	3	2	7	1	0	0	0	0	4.943151	0.520400	0.523252	0.518974	1.436044	3.500000	6.000000	0.719479	0.756766	0.607617	0	0	1	1	155	1167395
1444475936	31	35	37	38	2	2	1	2	2	5	0	0	0	0	0	4.943151	0.520400	0.523252	0.517549	1.435238	3.500000	6.000000	0.719479	0.719479	0.607617	0	0	1	1	155	1167419
1444475937	36	33	28	41	2	1	3	3	4	7	0	0	0	0	0	4.943151	0.521826	0.523252	0.518974	1.436044	3.500000	6.000000	0.719479	0.719479	0.644904	0	0	1	1	155	1164667
1444475938	33	38	33	39	3	1	1	2	4	5	0	1	0	1	0	4.943151	0.520400	0.523252	0.517549	1.436044	3.500000	6.000000	0.570331	0.682191	0.570331	0	0	1	1	155	1167394
1444475939	36	38	38	47	6	1	1	1	4	7	0	0	0	0	0	4.943151	0.521826	0.523252	0.518974	1.436044	3.500000	6.000000	0.682191	0.719479	0.644904	0	0	1	1	155	1167419
1444475940	35	20	38	34	1	3	3	5	4	4	0	0	0	1	0	4.944762	0.514697	0.518974	0.520400	1.436044	3.500000	6.000000	0.677756	0.715030	0.640481	0	0	1	1	155	1176053
1444475942	43	36	27	41	4	4	1	5	5	7	0	0	0	1	0	4.943151	0.520400	0.523252	0.518974	1.436044	3.500000	6.000000	0.682191	0.719479	0.644904	0	0	1	1	155	1167395
1444475943	35	34	26	25	5	0	3	1	2	3	0	0	0	0	0	4.943151	0.521826	0.523252	0.520400	1.435238	3.500000	6.000000	0.682191	0.719479	0.644904	0	0	1	1	155	1167419
1444475944	35	40	38	33	2	5	1	6	6	5	0	0	0	0	0	4.943151	0.520400	0.523252	0.518974	1.436044	3.500000	6.000000	0.719479	0.719479	0.607617	0	0	1	1	155	1168574
1444475945	29	29	31	37	2	1	0	3	4	7	0	0	0	1	0	4.943151	0.521826	0.524677	0.518974	1.436850	3.500000	6.000000	0.719479	0.719479	0.644904	0	0	1	1	155	1164666
1444475946	34	35	29	34	2	1	2	2	5	5	0	0	0	0	0	4.943151	0.520400	0.523252	0.517549	1.436044	3.500000	6.000000	0.533044	0.719479	0.495756	0	0	1	1	155	1167404
1444475948	25	33	34	43	4	1	1	3	4	9	1	0	0	0	0	4.943151	0.520400	0.523252	0.518974	1.436044	3.500000	6.000000	0.682191	0.719479	0.607617	0	0	1	1	155	1167428
1444475949	36	45	43	35	8	3	0	3	3	3	0	0	0	0	0	4.943151	0.521826	0.523252	0.518974	1.436850	3.500000	6.000000	0.719479	0.756766	0.607617	0	0	1	1	155	1164685
1444475950	30	40	39	31	5	2	1	4	5	3	0	1	0	1	0	4.943151	0.521826	0.523252	0.518974	1.436044	3.500000	6.000000	0.682191	0.756766	0.607617	0	0	1	1	155	1167405
1444475951	38	32	34	39	0	2	5	2	5	5	0	0	1	2	0	4.949597	0.520400	0.524677	0.518974	1.436044	3.500000	6.000000	0.701703	0.738943	0.589989	0	0	1	1	155	1167429
1444475952	30	33	30	34	3	2	2	2	2	6	0	0	1	0	0	4.941538	0.513271	0.523252	0.516123	1.435238	3.500000	6.000000	0.798530	0.686632	0.574735	0	0	1	1	155	1164666
1444475954	33	32	25	29	4	0	0	2	1	4	0	0	0	0	0	4.941538	0.521826	0.523252	0.518974	1.436850	3.500000	6.000000	0.723931	0.723931	0.574735	0	0	1	1	155	1167404
1444475955	37	32	33	33	3	4	5	3	2	7	0	1	1	0	0	4.939927	0.521826	0.523252	0.520400	1.436850	3.500000	6.000000	0.728385	0.728385	0.579140	0	0	1	1	155	1167427
1444475956	36	41	32	34	5	1	0	3	2	5	0	0	0	0	0	4.943151	0.521826	0.523252	0.518974	1.436850	3.500000	6.000000	0.719479	0.756766	0.607617	0	0	1	1	155	1168565
1444475957	36	28	33	33	1	3	3	1	6	4	0	0	0	1	0	4.936703	0.521826	0.523252	0.518974	1.436044	3.500000	6.000000	0.699966	0.737302	0.625295	0	0	1	1	155	1164669
1444475958	38	28	32	40	3	2	2	2	5	5	0	0	1	0	0	4.941538	0.518974	0.523252	0.514697	1.436044	3.500000	6.000000	0.723931	0.761231	0.612034	0	0	1	1	155	1167395
1444475960	19	51	32	27	7	0	2	6	1	2	0	1	0	0	0	4.944762	0.521826	0.523252	0.518974	1.436850	3.500000	6.000000	0.715030	0.677756	0.603207	0	0	1	1	155	1167419
1444475961	32	50	38	35	6	4	1	2	6	2	0	1	0	0	0	4.943151	0.520400	0.523252	0.518974	1.436850	3.500000	6.000000	0.682191	0.719479	0.570331	0	0	1	1	155	1164672
1444475962	38	39	44	31	5	4	1	2	5	4	1	1	0	0	0	4.943151	0.520400	0.523252	0.518974	1.437656	3.500000	6.000000	0.719479	0.719479	0.607617	0	0	1	1	155	1167395
1444475963	25	43	25	38	5	3	3	1	4	5	1	2	0	0	0	4.938315	0.518974	0.520400	0.520400	1.436044	3.500000	6.000000	0.732842	0.732842	0.583549	0	0	1	1	155	1167419
1444475964	37	49	39	37	3	4	4	3	6	7	0	0	1	0	0	4.943151	0.521826	0.523252	0.517549	1.436850	3.500000	6.000000	0.719479	0.719479	0.644904	0	0	1	1	155	1164660
1444475966	41	38	41	37	6	5	4	4	6	6	0	1	0	0	0	4.944762	0.520400	0.523252	0.517549	1.437656	3.500000	6.000000	0.677756	0.528657	0.528657	0	0	1	1	155	1167395
1444475967	28	49	35	34	7	2	1	6	3	4	1	0	1	0	0	4.941538	0.521826	0.524677	0.518974	1.435238	3.500000	6.000000	0.649333	0.649333	0.649333	0	0	1	1	155	1167419
1444475968	30	31	18	33	2	1	0	1	6	3	0	0	0	0	0	4.943151	0.520400	0.521826	0.517549	1.437656	3.500000	6.000000	0.644904	0.682191	0.570331	0	0	1	1	155	1165840
1444475969	31	41	32	34	7	2	2	1	3	7	0	0	1	0	0	4.943151	0.518974	0.521826	0.520400	1.436850	3.500000	6.000000	0.682191	0.682191	0.644904	0	0	1	1	155	1167404
1444475970	31	36	30	33	4	0	2	2	2	5	0	0	0	0	0	4.943151	0.521826	0.523252	0.517549	1.437656	3.500000	6.000000	0.682191	0.719479	0.644904	0	0	1	1	155	1167429
1444475972	29	32	38	40	4	0	1	3	6	10	0	0	0	0	0	4.946374	0.520400	0.523252	0.518974	1.437656	3.500000	6.000000	0.524272	0.673322	0.524272	0	0	1	1	155	1167428
1444475973	40	36	43	33	7	0	2	5	0	6	0	1	0	0	0	4.943151	0.521826	0.523252	0.518974	1.437656	3.500000	6.000000	0.682191	0.719479	0.607617	0	0	1	1	156	1191144
1444475974	45	41	34	41	7	2	2	3	4	5	1	0	1	0	0	4.946374	0.520400	0.523252	0.518974	1.437656	3.500000	6.000000	0.710586	0.747849	0.598798	0	0	1	1	155	1167404
1444475975	37	30	38	33	2	3	2	2	2	6	1	0	0	0	0	4.943151	0.521826	0.523252	0.516123	1.438462	3.500000	6.000000	0.719479	0.719479	0.644904	0	0	1	1	155	1167426
1444475977	36	39	39	29	5	4	3	3	5	7	0	1	0	1	0	4.939927	0.521826	0.523252	0.518974	1.436850	3.500000	6.000000	0.691074	0.728385	0.653762	0	0	1	1	155	1194279
1444475978	19	23	42	38	2	1	1	5	5	8	0	0	0	0	0	4.943151	0.521826	0.524677	0.518974	1.437656	3.500000	6.000000	0.719479	0.719479	0.607617	0	0	1	1	155	1167405
1444475979	38	40	36	36	4	2	4	4	3	7	0	0	0	0	0	4.941538	0.523252	0.521826	0.518974	1.437656	3.500000	6.000000	0.686632	0.761231	0.649333	0	0	1	1	155	1167424
1444475980	37	33	40	32	3	5	3	3	4	4	1	1	1	1	1	4.943151	0.521826	0.523252	0.518974	1.438462	3.500000	6.000000	0.719479	0.756766	0.607617	0	0	1	1	155	1171133
1444475981	33	41	32	45	4	3	4	6	6	6	1	0	1	2	0	4.943151	0.518974	0.524677	0.516123	1.437656	3.500000	6.000000	0.719479	0.756766	0.607617	0	0	1	1	155	1167395
1444475983	41	32	31	27	1	5	3	1	5	7	0	0	1	1	0	4.943151	0.521826	0.523252	0.516123	1.437656	3.500000	6.000000	0.682191	0.682191	0.570331	0	0	1	1	155	1167419
1444475984	28	23	29	50	3	2	1	2	3	4	0	0	0	0	0	4.943151	0.520400	0.523252	0.517549	1.437656	3.500000	6.000000	0.682191	0.719479	0.607617	0	0	1	1	155	1167419
1444475985	33	34	33	41	2	2	4	4	2	6	0	1	1	0	0	4.941538	0.523252	0.523252	0.518974	1.438462	3.500000	6.000000	0.686632	0.761231	0.649333	0	0	1	1	155	1164661
1444475986	31	44	41	36	5	4	1	4	1	7	0	0	0	0	0	4.938315	0.520400	0.521826	0.517549	1.438462	3.500000	6.000000	0.695518	0.695518	0.620872	0	0	1	1	155	1167395
1444475987	20	31	29	41	1	0	0	4	4	4	0	0	0	0	0	4.943151	0.521826	0.523252	0.516123	1.438462	3.500000	6.000000	0.719479	0.719479	0.607617	0	0	1	1	155	1167416
1444475989	38	43	38	29	0	1	4	4	4	9	0	0	0	1	0	4.943151	0.521826	0.523252	0.516123	1.438462	3.500000	6.000000	0.719479	0.756766	0.607617	0	0	1	1	155	1164670
1444475990	41	32	35	33	4	2	2	3	3	4	0	1	0	2	0	4.944762	0.520400	0.523252	0.517549	1.439268	3.500000	6.000000	0.715030	0.752306	0.640481	0	0	1	1	155	1167394
1444475991	32	30	51	25	2	2	1	6	2	4	0	0	0	0	0	4.941538	0.521826	0.523252	0.520400	1.438462	3.500000	6.000000	0.649333	0.761231	0.574735	0	0	1	1	155	1167419
1444475992	35	28	36	40	4	5	1	3	1	6	0	0	0	0	0	4.941538	0.521826	0.523252	0.518974	1.439268	3.500000	6.000000	0.686632	0.686632	0.612034	0	0	1	1	155	1165821
1444475993	29	31	28	37	4	3	3	1	3	2	0	0	1	0	0	4.946374	0.520400	0.523252	0.518974	1.439268	3.500000	6.000000	0.710586	0.747849	0.561534	0	0	1	1	155	1167404
1444475995	30	35	26	31	3	2	1	1	3	2	0	0	0	0	0	4.943151	0.520400	0.523252	0.517549	1.439268	3.500000	6.000000	0.719479	0.719479	0.607617	0	0	1	1	155	1167426
1444475996	36	42	36	34	5	2	2	6	5	5	1	1	1	1	1	4.944762	0.521826	0.521826	0.517549	1.439268	3.500000	6.000000	0.677756	0.715030	0.640481	0	0	1	1	155	1167428
1444475997	33	28	32	35	4	1	1	2	2	1	0	0	0	0	0	4.943151	0.521826	0.523252	0.518974	1.439268	3.500000	6.000000	0.719479	0.719479	0.644904	0	0	1	1	155	1164674
1444475998	47	40	34	36	3	4	4	4	3	2	0	1	0	0	0	4.944762	0.521826	0.521826	0.518974	1.439268	3.500000	6.000000	0.715030	0.715030	0.565931	0	0	1	1	155	1167405
1444475999	48	37	49	45	3	3	7	4	4	9	0	0	1	0	0	4.944762	0.521826	0.524677	0.517549	1.438462	3.500000	6.000000	0.715030	0.752306	0.603207	0	0	1	1	155	1167429
1444476001	40	31	31	44	5	3	2	8	6	3	1	0	0	2	0	4.943151	0.520400	0.521826	0.516123	1.438462	3.500000	6.000000	0.644904	0.682191	0.570331	0	0	1	1	155	1164675
1444476002	37	40	44	41	5	5	0	3	4	7	0	0	0	0	0	4.941538	0.520400	0.521826	0.518974	1.438462	3.500000	6.000000	0.723931	0.723931	0.612034	0	0	1	1	155	1167404
1444476003	39	31	25	30	4	3	4	2	2	4	1	0	0	1	0	4.943151	0.523252	0.524677	0.518974	1.439268	3.500000	6.000000	0.719479	0.756766	0.644904	0	0	1	1	155	1167427
1444476004	36	34	32	38	4	0	1	2	4	8	0	0	0	0	0	4.943151	0.521826	0.523252	0.518974	1.439268	3.500000	6.000000	0.756766	0.719479	0.570331	0	0	1	1	155	1165815
1444476005	34	42	31	36	5	3	5	5	8	2	0	1	1	0	0	4.939927	0.521826	0.523252	0.518974	1.439268	3.500000	6.000000	0.728385	0.728385	0.616451	0	0	1	1	155	1167394
1444476007	27	39	31	43	2	2	2	5	9	3	0	0	1	1	0	4.944762	0.517549	0.523252	0.516123	1.439268	3.500000	6.000000	0.715030	0.752306	0.640481	0	0	1	1	155	1167418
1444476008	29	27	40	34	3	3	2	1	2	4	0	0	0	0	0	4.943151	0.520400	0.523252	0.518974	1.440879	3.500000	6.000000	0.570331	0.682191	0.682191	0	0	1	1	155	1164658
1444476009	34	27	36	37	6	1	0	5	3	2	0	0	0	0	0	4.941538	0.523252	0.523252	0.518974	1.440073	3.500000	6.000000	0.686632	0.761231	0.574735	0	0	1	1	155	1167395
1444476010	34	40	35	33	2	4	4	5	2	8	1	0	0	1	0	4.943151	0.518974	0.523252	0.518974	1.439268	3.500000	6.000000	0.682191	0.682191	0.607617	0	0	1	1	155	1167419
1444476011	36	31	31	25	6	2	0	2	2	2	1	0	0	1	0	4.939927	0.518974	0.520400	0.517549	1.437656	3.500000	6.000000	0.728385	0.728385	0.579140	0	0	1	1	155	1167419
1444476012	42	45	25	28	8	2	2	3	3	4	0	0	0	1	0	4.944762	0.521826	0.523252	0.517549	1.440073	3.500000	6.000000	0.715030	0.752306	0.603207	0	0	1	1	155	1164660
1444476014	38	37	30	36	4	1	5	3	2	1	0	0	0	0	0	4.943151	0.520400	0.523252	0.518974	1.440073	3.500000	6.000000	0.756766	0.719479	0.570331	0	0	1	1	155	1167392
1444476015	38	36	30	41	5	2	0	2	5	6	1	0	0	1	0	4.939927	0.520400	0.523252	0.518974	1.440073	3.500000	6.000000	0.728385	0.765698	0.429894	0	0	1	1	155	1167418
1444476016	41	42	28	35	3	2	3	1	7	1	0	0	0	0	0	4.941538	0.521826	0.523252	0.518974	1.440073	3.500000	6.000000	0.686632	0.686632	0.574735	0	0	1	1	155	1165829
1444476017	45	25	31	35	5	3	2	2	2	3	0	0	0	1	0	4.944762	0.521826	0.521826	0.518974	1.440073	3.500000	6.000000	0.677756	0.752306	0.640481	0	0	1	1	155	1167405
1444476019	32	26	28	27	4	1	0	1	2	5	0	0	0	0	0	4.946374	0.520400	0.523252	0.518974	1.440073	3.500000	6.000000	0.673322	0.710586	0.598798	0	0	1	1	155	1167429
1444476020	29	33	38	30	4	1	0	4	3	3	0	0	0	1	0	4.941538	0.520400	0.523252	0.517549	1.440073	3.500000	6.000000	0.723931	0.723931	0.574735	0	0	1	1	155	1164683
1444476021	33	32	31	36	2	2	2	2	4	7	0	0	0	1	0	4.941538	0.521826	0.523252	0.517549	1.440879	3.500000	6.000000	0.723931	0.723931	0.612034	0	0	1	1	155	1167402
1444476022	37	50	31	28	5	3	1	3	4	6	0	0	0	1	0	4.943151	0.520400	0.523252	0.518974	1.440879	3.500000	6.000000	0.682191	0.719479	0.607617	0	0	1	1	155	1167428
1444476023	31	32	29	39	3	4	3	2	5	6	0	2	0	1	0	4.943151	0.520400	0.523252	0.517549	1.440073	3.500000	6.000000	0.682191	0.719479	0.607617	0	0	1	1	155	1167429
1444476024	35	39	30	36	7	1	2	1	6	4	0	2	0	0	0	4.943151	0.520400	0.521826	0.518974	1.440073	3.500000	6.000000	0.644904	0.719479	0.570331	0	0	1	1	155	1164680
1444476026	31	33	29	37	4	2	1	4	3	6	0	0	0	2	0	4.944762	0.521826	0.523252	0.511846	1.439268	3.500000	6.000000	0.715030	0.715030	0.640481	0	0	1	1	155	1167405
1444476027	34	30	34	30	4	4	1	4	3	4	1	1	0	0	0	4.941538	0.521826	0.523252	0.518974	1.440073	3.500000	6.000000	0.649333	0.686632	0.649333	0	0	1	1	155	1167424
1444476028	37	37	38	28	7	1	0	4	2	6	0	0	0	2	0	4.944762	0.521826	0.523252	0.518974	1.440879	3.500000	6.000000	0.677756	0.715030	0.491381	0	0	1	1	155	1165826
1444476029	27	34	37	34	5	0	1	3	4	6	0	0	0	0	0	4.941538	0.521826	0.523252	0.518974	1.440879	3.500000	6.000000	0.723931	0.761231	0.612034	0	0	1	1	155	1167394
1444476030	35	30	24	32	3	2	4	1	2	2	0	1	0	0	0	4.943151	0.521826	0.523252	0.518974	1.441685	3.500000	6.000000	0.682191	0.719479	0.607617	0	0	1	1	155	1167419
1444476032	37	26	35	19	6	4	0	6	1	2	0	0	0	1	0	4.941538	0.520400	0.523252	0.517549	1.441685	3.500000	6.000000	0.723931	0.761231	0.612034	0	0	1	1	155	1164663
1444476033	48	36	30	27	8	1	0	4	2	5	1	0	0	0	0	4.941538	0.521826	0.518974	0.514697	1.441685	3.500000	6.000000	0.686632	0.686632	0.649333	0	0	1	1	155	1167395
1444476034	41	35	33	32	2	4	3	1	5	3	0	0	2	0	0	4.944762	0.520400	0.523252	0.517549	1.440879	3.500000	6.000000	0.715030	0.715030	0.640481	0	0	1	1	155	1167419
1444476035	36	37	32	25	4	1	1	2	4	4	1	0	0	0	0	4.943151	0.521826	0.523252	0.517549	1.441685	3.500000	6.000000	0.719479	0.756766	0.607617	0	0	1	1	155	1167453
1444476036	38	27	41	30	2	8	3	2	1	1	0	0	0	0	0	4.943151	0.520400	0.523252	0.518974	1.441685	3.500000	6.000000	0.682191	0.719479	0.607617	0	0	1	1	155	1164676
1444476038	43	36	38	30	5	4	2	0	3	7	1	0	0	0	0	4.944762	0.523252	0.523252	0.517549	1.441685	3.500000	6.000000	0.715030	0.715030	0.603207	0	0	1	1	155	1167394
1444476039	38	38	22	29	4	1	3	0	3	3	0	1	0	0	0	4.939927	0.521826	0.523252	0.518974	1.440879	3.500000	6.000000	0.691074	0.728385	0.653762	0	0	1	1	155	1167419
1444476040	43	25	39	31	7	6	1	3	3	6	1	0	1	1	0	4.941538	0.520400	0.523252	0.518974	1.441685	3.500000	6.000000	0.686632	0.873128	0.649333	0	0	1	1	155	1165806
1444476041	34	36	35	33	5	1	2	2	4	3	1	0	0	0	0	4.943151	0.521826	0.521826	0.518974	1.441685	3.500000	6.000000	0.682191	0.682191	0.644904	0	0	1	1	155	1167404
1444476042	27	35	25	37	5	3	0	4	2	7	1	0	0	0	0	4.943151	0.521826	0.523252	0.518974	1.441685	3.500000	6.000000	0.719479	0.719479	0.607617	0	0	1	1	155	1167429
1444476044	46	30	33	33	5	3	5	2	2	6	1	1	0	0	0	4.946374	0.520400	0.520400	0.520400	1.441685	3.500000	6.000000	0.673322	0.636060	0.636060	0	0	1	1	155	1174907
1444476045	36	41	29	34	6	4	2	1	2	2	0	0	0	0	0	4.939927	0.520400	0.523252	0.518974	1.440879	3.500000	6.000000	0.728385	0.728385	0.653762	0	0	1	1	155	1167404
1444476046	37	33	39	30	5	4	1	2	4	2	0	0	0	0	0	4.943151	0.514697	0.518974	0.523252	1.442491	3.500000	6.000000	0.682191	0.682191	0.607617	0	0	1	1	155	1167428
1444476047	42	35	33	27	3	3	0	1	3	3	0	0	0	0	0	4.943151	0.516123	0.517549	0.520400	1.442491	3.500000	6.000000	0.719479	0.682191	0.607617	0	0	1	1	155	1164694
1444476049	33	28	41	32	1	2	3	3	2	5	0	0	0	0	0	4.941538	0.521826	0.520400	0.520400	1.441685	3.500000	6.000000	0.686632	0.686632	0.574735	0	0	1	1	155	1167404
1444476050	33	29	42	22	2	1	1	6	0	4	0	0	0	0	0	4.943151	0.520400	0.523252	0.517549	1.441685	3.500000	6.000000	0.719479	0.756766	0.607617	0	0	1	1	155	1167429
1444476051	30	29	33	42	2	3	3	2	4	6	1	0	0	0	0	4.941538	0.521826	0.523252	0.518974	1.441685	3.500000	6.000000	0.723931	0.761231	0.612034	0	0	1	1	155	1167424
1444476052	39	32	44	45	5	2	5	2	5	10	0	1	1	0	0	4.943151	0.521826	0.523252	0.518974	1.442491	3.500000	6.000000	0.682191	0.756766	0.570331	0	0	1	1	155	1165806
1444476053	21	32	36	41	4	1	1	0	4	7	0	0	0	0	0	4.943151	0.523252	0.517549	0.516123	1.442491	3.500000	6.000000	0.719479	0.682191	0.607617	0	0	1	1	156	1167415
1444476055	31	33	50	28	4	3	6	5	4	5	0	1	1	1	0	4.943151	0.521826	0.523252	0.518974	1.443297	3.750000	6.000000	0.682191	0.719479	0.495756	0	0	1	1	155	1167415
1444476056	41	28	24	25	4	1	1	0	1	2	1	0	0	0	0	4.943151	0.520400	0.520400	0.517549	1.441685	3.500000	6.000000	0.644904	0.644904	0.570331	0	0	1	1	155	1164673
1444476057	32	38	42	39	8	2	4	2	2	3	1	2	2	1	1	4.943151	0.521826	0.520400	0.517549	1.442491	3.500000	6.000000	0.719479	0.644904	0.607617	0	0	1	1	155	1167395
1444476058	32	32	32	28	3	2	2	2	2	5	0	0	0	1	0	4.943151	0.520400	0.523252	0.518974	1.442491	3.500000	6.000000	0.682191	0.719479	0.607617	0	0	1	1	155	1167419
1444476059	36	36	27	44	3	0	1	6	3	5	0	0	0	1	0	4.941538	0.520400	0.520400	0.518974	1.443297	3.750000	6.000000	0.723931	0.686632	0.649333	0	0	1	1	155	1164669
1444476060	27	34	40	45	5	2	5	3	5	9	1	2	1	1	1	4.943151	0.521826	0.523252	0.518974	1.443297	3.750000	6.000000	0.682191	0.756766	0.607617	0	0	1	1	155	1167394
1444476062	23	28	47	42	0	3	3	5	4	8	0	0	0	2	0	4.944762	0.521826	0.523252	0.518974	1.443297	3.500000	6.000000	0.677756	0.752306	0.603207	0	0	1	1	155	1167419
1444476063	38	40	25	36	3	2	1	3	5	6	2	1	1	0	1	4.941538	0.521826	0.520400	0.518974	1.441685	3.500000	6.000000	0.723931	0.686632	0.612034	0	0	1	1	155	1167419
1444476064	37	30	20	28	5	3	3	2	3	5	0	0	1	0	0	4.943151	0.521826	0.520400	0.518974	1.443297	3.750000	6.000000	0.682191	0.607617	0.607617	0	0	1	1	155	1165830
1444476065	38	40	40	38	3	4	1	2	7	3	0	0	0	0	0	4.943151	0.521826	0.520400	0.518974	1.443297	3.750000	6.000000	0.682191	0.644904	0.607617	0	0	1	1	155	1167404
1444476067	33	31	40	33	3	2	2	3	4	5	0	0	0	0	0	4.943151	0.521826	0.520400	0.517549	1.443297	3.750000	6.000000	0.644904	0.719479	0.607617	0	0	1	1	155	1167428
1444476068	28	41	38	42	3	1	1	5	8	6	0	0	0	3	0	4.943151	0.520400	0.520400	0.517549	1.442491	3.500000	6.000000	0.644904	0.533044	0.607617	0	0	1	1	155	1164671
1444476069	41	39	36	38	4	1	2	1	8	2	0	0	1	0	0	4.943151	0.520400	0.521826	0.517549	1.443297	3.750000	6.000000	0.719479	0.644904	0.607617	0	0	1	1	155	1167404
1444476070	38	34	49	31	4	5	2	3	1	5	0	1	0	0	0	4.941538	0.521826	0.520400	0.518974	1.443297	3.750000	6.000000	0.686632	0.649333	0.649333	0	0	1	1	155	1167431
1444476071	26	31	36	32	4	5	0	3	3	2	0	0	0	0	0	4.944762	0.520400	0.523252	0.518974	1.443297	3.500000	6.000000	0.677756	0.640481	0.565931	0	0	1	1	155	1164669
1444476072	35	42	30	38	6	3	2	3	4	4	0	1	0	0	0	4.946374	0.520400	0.521826	0.517549	1.444103	3.750000	6.000000	0.710586	0.747849	0.561534	0	0	1	1	155	1167404
1444476074	31	37	40	32	6	3	2	1	3	6	0	1	1	0	0	4.943151	0.520400	0.520400	0.520400	1.443297	3.750000	6.000000	0.682191	0.644904	0.533044	0	0	1	1	155	1167426
1444476075	33	24	25	30	3	3	0	2	2	4	0	0	0	0	0	4.941538	0.521826	0.520400	0.520400	1.442491	3.500000	6.000000	0.649333	0.649333	0.612034	0	0	1	1	155	1167424
1444476076	38	25	29	38	7	1	3	3	2	4	0	1	0	0	0	4.943151	0.521826	0.520400	0.518974	1.444103	3.750000	6.000000	0.682191	0.682191	0.533044	0	0	1	1	155	1165819
1444476077	37	33	38	49	7	1	2	2	4	9	0	0	0	1	0	4.941538	0.523252	0.520400	0.520400	1.443297	3.750000	6.000000	0.686632	0.686632	0.574735	0	0	1	1	155	1167398
1444476078	37	44	33	50	6	1	3	1	6	7	0	1	0	0	0	4.943151	0.520400	0.521826	0.520400	1.443297	3.750000	6.000000	0.719479	0.644904	0.607617	0	0	1	1	155	1167418
1444476080	32	31	30	33	6	0	2	3	0	2	0	0	0	0	0	4.943151	0.523252	0.517549	0.517549	1.443297	3.750000	6.500000	0.682191	0.644904	0.607617	0	0	1	1	155	1164657
1444476081	43	46	38	29	9	5	4	5	1	4	2	0	0	0	0	4.943151	0.521826	0.520400	0.518974	1.443297	3.750000	6.000000	0.682191	0.607617	0.570331	0	0	1	1	155	1167395
1444476082	33	25	38	39	1	3	1	3	4	5	0	0	0	1	0	4.944762	0.521826	0.520400	0.518974	1.443297	3.500000	6.000000	0.677756	0.640481	0.603207	0	0	1	1	155	1167419
1444476083	23	33	36	38	1	2	1	2	5	3	0	0	0	0	0	4.943151	0.521826	0.520400	0.518974	1.444908	3.750000	6.000000	0.682191	0.682191	0.607617	0	0	1	1	155	1164668
1444476084	40	43	36	47	7	5	3	3	4	7	2	1	1	0	0	4.936703	0.520400	0.521826	0.518974	1.443297	3.750000	6.500000	0.737302	0.662630	0.625295	0	0	1	1	155	1167394
1444476086	33	24	30	30	6	2	0	1	4	3	0	0	0	0	0	4.943151	0.520400	0.521826	0.517549	1.444908	3.750000	6.000000	0.607617	0.682191	0.570331	0	0	1	1	155	1167418
1444476087	42	31	35	34	3	2	3	2	3	4	0	0	0	1	0	4.941538	0.521826	0.521826	0.518974	1.443297	3.750000	6.000000	0.686632	0.649333	0.612034	0	0	1	1	155	1164661
1444476088	37	35	33	30	8	4	4	3	3	4	1	0	0	0	0	4.943151	0.521826	0.521826	0.518974	1.444908	3.750000	6.000000	0.682191	0.346609	0.533044	0	0	1	1	155	1168551
1444476089	39	30	31	27	3	5	0	2	2	4	0	0	0	0	0	4.939927	0.521826	0.521826	0.517549	1.444103	3.750000	6.500000	0.691074	0.653762	0.616451	0	0	1	1	155	1167429
1444476090	30	27	27	32	4	1	3	2	2	4	0	0	0	1	0	4.944762	0.521826	0.521826	0.518974	1.445714	3.750000	6.000000	0.677756	0.640481	0.603207	0	0	1	1	155	1167429
1444476092	33	28	35	40	2	2	4	1	2	5	0	0	1	0	0	4.941538	0.521826	0.520400	0.517549	1.443297	3.750000	6.500000	0.686632	0.649333	0.612034	0	0	1	1	155	1164675
1444476093	32	29	35	35	1	3	2	5	2	2	0	0	0	0	0	4.943151	0.521826	0.520400	0.518974	1.444908	3.750000	6.500000	0.570331	0.607617	0.495756	0	0	1	1	155	1167404
1444476094	44	31	26	32	8	4	3	0	3	4	0	1	0	0	0	4.943151	0.523252	0.520400	0.518974	1.444908	3.750000	6.500000	0.682191	0.682191	0.607617	0	0	1	1	155	1167428
1444476095	42	37	31	36	2	5	2	1	4	3	0	0	0	0	0	4.943151	0.520400	0.520400	0.517549	1.445714	3.750000	6.000000	0.719479	0.682191	0.570331	0	0	1	1	155	1164667
1444476096	37	28	29	29	2	3	1	2	4	3	0	1	0	0	0	4.943151	0.520400	0.517549	0.518974	1.444908	3.750000	6.500000	0.719479	0.644904	0.607617	0	0	1	1	155	1167404
1444476098	27	22	25	35	2	0	1	3	1	5	0	0	0	1	0	4.944762	0.520400	0.514697	0.517549	1.445714	3.750000	6.500000	0.677756	0.640481	0.603207	0	0	1	1	155	1167429
1444476099	33	30	30	32	2	0	0	4	4	5	0	0	0	1	0	4.943151	0.521826	0.520400	0.518974	1.444103	3.750000	6.500000	0.682191	0.644904	0.570331	0	0	1	1	155	1164583
1444476100	36	36	46	35	2	2	4	2	3	6	0	0	0	1	0	4.943151	0.521826	0.520400	0.518974	1.445714	3.750000	6.000000	0.719479	0.607617	0.570331	0	0	1	1	155	1168541
1444476101	42	38	37	36	7	4	0	5	5	4	3	0	0	0	0	4.943151	0.521826	0.520400	0.518974	1.445714	3.750000	6.500000	0.719479	0.644904	0.607617	0	0	1	1	155	1167419
1444476102	36	36	41	29	2	2	3	2	2	5	0	0	0	0	0	4.943151	0.521826	0.520400	0.518974	1.445714	3.750000	6.000000	0.644904	0.644904	0.570331	0	0	1	1	155	1167419
1444476104	29	34	31	30	4	2	2	2	3	3	0	0	0	0	0	4.943151	0.520400	0.521826	0.517549	1.446520	3.750000	6.500000	0.682191	0.682191	0.607617	0	0	1	1	155	1164781
1444476105	35	46	36	26	10	2	3	8	3	1	0	0	1	1	0	4.943151	0.516123	0.523252	0.517549	1.444908	3.750000	6.500000	0.682191	0.644904	0.607617	0	0	1	1	155	1167394
1444476106	37	38	31	37	1	1	3	2	6	4	0	0	0	1	0	4.943151	0.521826	0.521826	0.517549	1.445714	3.750000	6.500000	0.719479	0.719479	0.644904	0	0	1	1	156	1167440
1444476107	44	41	41	34	5	2	1	4	1	1	0	0	0	0	0	4.941538	0.521826	0.518974	0.517549	1.446520	3.750000	6.500000	0.649333	0.649333	0.612034	0	0	1	1	155	1164677
1444476108	45	33	35	40	3	2	5	2	4	6	0	1	0	0	0	4.943151	0.520400	0.520400	0.517549	1.444908	3.750000	6.500000	0.719479	0.644904	0.570331	0	0	1	1	155	1167395
1444476110	42	32	36	34	5	2	2	2	4	5	0	0	0	1	0	4.941538	0.521826	0.518974	0.517549	1.446520	3.750000	6.500000	0.723931	0.686632	0.574735	0	0	1	1	155	1167419
1444476111	33	53	30	39	2	2	3	2	7	4	0	0	0	0	0	4.941538	0.521826	0.521826	0.517549	1.444908	3.750000	6.500000	0.723931	0.686632	0.649333	0	0	1	1	155	1164684
1444476112	29	31	21	23	5	2	0	2	4	2	0	0	0	1	0	4.943151	0.521826	0.520400	0.516123	1.444908	3.750000	6.500000	0.682191	0.644904	0.570331	0	0	1	1	155	1168550
1444476113	30	27	38	40	1	2	4	3	7	8	0	0	0	3	0	4.943151	0.521826	0.520400	0.518974	1.446520	3.750000	6.500000	0.682191	0.607617	0.644904	0	0	1	1	155	1167429
1444476114	43	42	37	34	4	4	4	3	4	5	1	0	0	0	0	4.943151	0.521826	0.518974	0.517549	1.447326	3.750000	6.500000	0.682191	0.682191	0.607617	0	0	1	1	155	1167429
1444476116	37	29	32	28	5	4	3	3	3	6	0	0	1	0	0	4.943151	0.521826	0.520400	0.517549	1.446520	3.750000	6.500000	0.682191	0.682191	0.607617	0	0	1	1	155	1164681
1444476117	45	46	37	40	4	2	2	3	7	8	1	0	0	1	0	4.944762	0.523252	0.520400	0.518974	1.446520	3.750000	6.500000	0.752306	0.677756	0.640481	0	0	1	1	155	1167404
1444476118	33	36	33	30	5	4	1	1	4	7	0	0	0	1	0	4.943151	0.520400	0.523252	0.518974	1.446520	3.750000	6.500000	0.533044	0.682191	0.495756	0	0	1	1	155	1167428
1444476119	38	37	34	34	2	1	4	2	2	4	0	0	0	0	0	4.941538	0.521826	0.520400	0.518974	1.446520	3.750000	6.500000	0.686632	0.761231	0.612034	0	0	1	1	155	1164669
1444476120	23	39	30	28	2	2	0	5	4	4	1	0	0	1	0	4.943151	0.520400	0.520400	0.518974	1.446520	3.750000	6.500000	0.682191	0.644904	0.570331	0	0	1	1	155	1167405
1444476122	34	47	37	43	10	2	3	4	5	4	1	1	1	0	0	4.944762	0.521826	0.520400	0.518974	1.446520	3.750000	6.500000	0.677756	0.640481	0.603207	0	0	1	1	155	1167429
1444476123	32	33	40	41	6	5	1	5	8	5	1	1	0	1	0	4.939927	0.521826	0.521826	0.518974	1.445714	3.750000	6.500000	0.728385	0.691074	0.653762	0	0	1	1	156	1164682
1444476124	25	25	32	40	3	1	0	0	2	3	0	0	0	0	0	4.943151	0.521826	0.521826	0.518974	1.446520	3.750000	6.500000	0.644904	0.682191	0.644904	0	0	1	1	155	1168645
1444476125	28	33	38	39	3	1	3	0	4	8	0	0	0	0	0	4.944762	0.518974	0.523252	0.518974	1.446520	3.750000	6.500000	0.677756	0.715030	0.603207	0	0	1	1	155	1167419
1444476126	27	33	31	31	5	0	2	4	1	5	0	0	0	0	0	4.943151	0.520400	0.520400	0.517549	1.446520	3.750000	6.500000	0.682191	0.644904	0.533044	0	0	1	1	155	1167418
1444476128	40	42	35	37	6	1	2	5	8	4	1	1	0	0	0	4.943151	0.521826	0.520400	0.518974	1.445714	3.750000	6.500000	0.682191	0.495756	0.570331	0	0	1	1	155	1164668
1444476129	29	32	34	35	3	3	0	1	1	3	0	0	0	0	0	4.941538	0.521826	0.521826	0.517549	1.446520	3.750000	6.500000	0.723931	0.686632	0.649333	0	0	1	1	155	1167395
1444476130	39	34	36	48	2	1	2	2	7	2	0	1	0	0	0	4.943151	0.521826	0.523252	0.518974	1.447326	3.750000	6.500000	0.719479	0.719479	0.607617	0	0	1	1	155	1167419
1444476131	31	47	33	28	6	0	1	1	4	4	0	0	0	0	0	4.943151	0.520400	0.523252	0.518974	1.447326	3.750000	6.500000	0.682191	0.719479	0.607617	0	0	1	1	155	1164671
1444476132	35	43	36	40	5	2	3	3	3	9	0	1	0	1	0	4.944762	0.520400	0.520400	0.518974	1.448132	3.750000	6.500000	0.603207	0.677756	0.565931	0	0	1	1	155	1167394
1444476134	54	28	30	35	0	6	3	3	4	5	0	0	2	1	0	4.943151	0.521826	0.523252	0.517549	1.448132	3.750000	6.500000	0.719479	0.719479	0.607617	0	0	1	1	155	1167419
1444476135	29	36	23	39	5	2	2	2	1	3	0	0	0	0	0	4.939927	0.520400	0.523252	0.517549	1.446520	3.750000	6.500000	0.728385	0.728385	0.467205	0	0	1	1	155	1164674
1444476136	32	31	41	37	8	3	2	3	4	7	1	0	0	1	0	4.941538	0.520400	0.520400	0.518974	1.447326	3.750000	6.500000	0.686632	0.649333	0.574735	0	0	1	1	155	1168655
1444476137	32	35	33	24	5	1	1	1	2	5	0	0	0	0	0	4.941538	0.523252	0.520400	0.517549	1.447326	3.750000	6.500000	0.761231	0.686632	0.612034	0	0	1	1	155	1167429
1444476138	25	36	34	36	0	2	1	2	4	4	0	0	0	0	0	4.943151	0.521826	0.518974	0.518974	1.448132	3.750000	6.500000	0.682191	0.682191	0.607617	0	0	1	1	155	1164681
1444476140	40	35	23	32	4	3	3	3	6	3	0	1	1	1	0	4.941538	0.521826	0.516123	0.518974	1.448132	3.750000	6.500000	0.723931	0.686632	0.649333	0	0	1	1	155	1167404
1444476141	36	31	39	36	2	2	2	2	5	6	0	1	0	1	0	4.944762	0.523252	0.521826	0.518974	1.448132	3.750000	6.500000	0.789581	0.752306	0.565931	0	0	1	1	155	1167428
1444476142	35	42	32	35	4	4	2	6	4	3	0	0	0	0	0	4.943151	0.520400	0.521826	0.517549	1.448132	3.750000	6.500000	0.719479	0.682191	0.644904	0	0	1	1	155	1167429
1444476143	34	36	35	38	3	2	1	3	2	7	0	0	0	1	0	4.941538	0.521826	0.523252	0.517549	1.448938	3.750000	6.500000	0.686632	0.686632	0.612034	0	0	1	1	155	1164680
1444476144	35	30	32	33	1	5	1	1	2	4	0	0	0	0	0	4.943151	0.523252	0.523252	0.517549	1.448132	3.750000	6.500000	0.756766	0.719479	0.644904	0	0	1	1	155	1167404
1444476146	44	35	39	35	8	4	0	3	4	4	1	0	0	0	0	4.944762	0.521826	0.520400	0.518974	1.448938	3.750000	6.500000	0.640481	0.565931	0.640481	0	0	1	1	155	1167429
1444476147	33	32	30	29	2	5	1	2	4	3	0	0	0	0	0	4.939927	0.521826	0.520400	0.518974	1.448132	3.750000	6.500000	0.728385	0.691074	0.616451	0	0	1	1	155	1164672
1444476148	27	44	42	27	5	3	1	2	4	3	0	0	0	1	0	4.943151	0.520400	0.520400	0.516123	1.448938	3.750000	6.500000	0.719479	0.644904	0.570331	0	0	1	1	155	1168540
1444476149	34	44	40	46	4	4	6	5	10	8	0	0	2	0	0	4.943151	0.521826	0.523252	0.518974	1.448938	3.750000	6.500000	0.719479	0.719479	0.607617	0	0	1	1	155	1167418
1444476150	31	38	35	35	5	5	3	2	5	6	1	1	1	1	1	4.943151	0.520400	0.523252	0.518974	1.448132	3.750000	6.500000	0.719479	0.756766	0.644904	0	0	1	1	156	1164675
1444476152	35	29	34	26	3	1	3	2	5	3	1	1	0	0	0	4.943151	0.520400	0.523252	0.518974	1.448132	3.750000	6.500000	0.682191	0.719479	0.607617	0	0	1	1	155	1167395
1444476153	33	30	38	35	3	4	4	3	3	4	0	0	1	1	0	4.943151	0.521826	0.521826	0.520400	1.445714	3.750000	6.500000	0.682191	0.644904	0.644904	0	0	1	1	155	1167419
1444476154	38	26	38	32	2	4	2	4	1	8	0	1	0	0	0	4.941538	0.523252	0.520400	0.518974	1.448132	3.750000	6.500000	0.723931	0.686632	0.574735	0	0	1	1	155	1167419
1444476155	40	41	34	36	3	4	4	3	2	4	0	0	0	0	0	4.943151	0.520400	0.520400	0.518974	1.448132	3.750000	6.500000	0.719479	0.644904	0.533044	0	0	1	1	155	1164681
1444476156	34	34	29	29	5	3	2	2	1	4	1	0	0	0	0	4.943151	0.521826	0.520400	0.517549	1.448938	3.750000	6.500000	0.719479	0.682191	0.644904	0	0	1	1	155	1167398
1444476158	32	27	39	42	3	1	2	3	2	7	0	0	0	0	0	4.941538	0.521826	0.520400	0.517549	1.448938	3.750000	6.500000	0.686632	0.686632	0.612034	0	0	1	1	155	1167419
1444476159	42	48	33	38	5	0	3	3	2	4	0	0	0	0	0	4.941538	0.523252	0.520400	0.518974	1.448132	3.750000	6.500000	0.686632	0.686632	0.612034	0	0	1	1	155	1164671
1444476160	34	36	37	35	6	3	5	1	2	5	0	1	1	0	0	4.944762	0.520400	0.520400	0.516123	1.448132	3.750000	6.500000	0.715030	0.640481	0.603207	0	0	1	1	155	1168550
1444476161	26	35	35	30	5	1	1	1	3	6	0	1	0	0	0	4.944762	0.521826	0.520400	0.517549	1.448938	3.750000	6.500000	0.715030	0.677756	0.565931	0	0	1	1	155	1167429
1444476162	35	45	31	36	4	0	1	4	6	2	0	0	0	0	0	4.941538	0.521826	0.520400	0.518974	1.448938	3.750000	6.500000	0.723931	0.686632	0.612034	0	0	1	1	155	1164664
1444476164	27	34	33	35	2	2	1	3	4	6	0	0	0	1	0	4.943151	0.521826	0.521826	0.517549	1.448938	3.750000	6.500000	0.719479	0.682191	0.607617	0	0	1	1	155	1167404
1444476165	27	47	31	41	5	0	0	2	9	3	0	0	0	0	0	4.944762	0.521826	0.518974	0.518974	1.448938	3.750000	6.500000	0.752306	0.715030	0.640481	0	0	1	1	155	1167428
1444476166	36	41	31	31	5	0	1	4	6	6	0	0	0	1	0	4.943151	0.520400	0.520400	0.518974	1.449744	3.750000	6.500000	0.756766	0.644904	0.570331	0	0	1	1	155	1167428
1444476167	30	40	27	40	3	0	1	2	12	4	0	0	0	0	0	4.939927	0.521826	0.520400	0.518974	1.448938	3.750000	6.500000	0.728385	0.653762	0.616451	0	0	1	1	155	1164661
1444476168	32	31	30	40	2	1	3	2	2	4	0	0	0	0	0	4.939927	0.523252	0.520400	0.517549	1.448938	3.750000	6.500000	0.765698	0.653762	0.653762	0	0	1	1	156	1167428
1444476170	34	35	34	34	1	2	1	2	6	4	0	0	0	0	0	4.943151	0.521826	0.520400	0.518974	1.449744	3.750000	6.500000	0.719479	0.644904	0.644904	0	0	1	1	155	1167424
1444476171	27	27	31	26	3	1	3	5	1	5	1	1	1	1	1	4.941538	0.520400	0.521826	0.520400	1.449744	3.750000	6.500000	0.686632	0.686632	0.649333	0	0	1	1	155	1164671
1444476172	43	31	32	30	4	3	4	1	0	6	0	0	1	0	0	4.941538	0.520400	0.518974	0.517549	1.448938	3.750000	6.500000	2.402402	0.612034	0.612034	0	0	1	1	155	1168538
1444476173	40	40	29	30	6	2	4	3	3	1	0	0	0	0	0	4.943151	0.520400	0.520400	0.517549	1.449744	3.750000	6.500000	0.682191	0.644904	0.570331	0	0	1	1	155	1167419
1444476174	32	35	31	25	5	0	1	3	1	4	0	0	0	1	0	4.946374	0.523252	0.520400	0.517549	1.450550	3.750000	6.500000	0.747849	0.636060	0.524272	0	0	1	1	155	1164665
1444476176	34	31	39	43	1	3	2	3	6	9	0	0	1	1	0	4.941538	0.523252	0.520400	0.518974	1.450550	3.750000	6.500000	0.761231	0.649333	0.574735	0	0	1	1	155	1167398
1444476177	22	27	33	36	4	0	2	2	1	4	0	0	0	0	0	4.941538	0.521826	0.520400	0.518974	1.450550	3.750000	6.500000	0.723931	0.686632	0.612034	0	0	1	1	155	1167419
1444476178	30	41	24	29	3	0	1	3	5	2	0	0	0	0	0	4.941538	0.520400	0.523252	0.518974	1.450550	3.750000	6.500000	0.686632	0.723931	0.612034	0	0	1	1	155	1164663
1444476179	31	31	36	37	1	3	3	2	3	4	0	0	0	0	0	4.943151	0.521826	0.521826	0.516123	1.450550	3.750000	6.500000	0.719479	0.682191	0.570331	0	0	1	1	155	1167395
1444476180	34	33	41	29	9	1	0	3	4	5	0	0	0	0	0	4.943151	0.521826	0.523252	0.518974	1.450550	3.750000	6.500000	0.756766	0.756766	0.607617	0	0	1	1	155	1167419
1444476182	30	35	35	26	4	4	4	3	2	6	0	0	1	0	0	4.944762	0.521826	0.524677	0.518974	1.450550	3.750000	6.500000	0.677756	0.752306	0.640481	0	0	1	1	155	1167419
1444476183	30	38	31	36	6	1	8	2	5	2	0	1	0	0	0	4.941538	0.521826	0.523252	0.517549	1.449744	3.750000	6.500000	0.686632	0.686632	0.612034	0	0	1	1	155	1164672
1444476184	33	38	43	40	2	2	2	3	7	6	0	0	0	2	0	4.943151	0.523252	0.523252	0.518974	1.450550	3.750000	6.500000	0.756766	0.719479	0.607617	0	0	1	1	155	1168550
1444476185	45	48	41	41	8	4	3	1	3	6	0	0	0	0	0	4.941538	0.521826	0.523252	0.518974	1.450550	3.750000	6.500000	0.686632	0.612034	0.537436	0	0	1	1	155	1167429
1444476186	36	28	33	31	1	3	0	1	2	1	0	0	0	0	0	4.943151	0.520400	0.520400	0.518974	1.451355	3.750000	6.500000	0.682191	0.682191	0.644904	0	0	1	1	155	1164688
1444476188	33	35	30	30	3	1	2	1	4	5	0	0	0	0	0	4.943151	0.520400	0.520400	0.517549	1.451355	3.750000	6.500000	0.719479	0.682191	0.570331	0	0	1	1	155	1167404
1444476189	34	36	41	23	5	5	1	3	2	3	0	0	0	0	0	4.943151	0.520400	0.520400	0.520400	1.451355	3.750000	6.500000	0.719479	0.682191	0.570331	0	0	1	1	155	1167429
1444476190	32	29	20	36	1	0	1	0	4	7	0	0	0	0	0	4.941538	0.521826	0.523252	0.517549	1.450550	3.750000	6.500000	0.723931	0.761231	0.649333	0	0	1	1	155	1192585
1444476191	37	26	36	30	1	5	3	1	4	6	0	0	1	0	0	4.944762	0.521826	0.521826	0.518974	1.451355	3.750000	6.500000	0.640481	0.715030	0.603207	0	0	1	1	155	1167405
1444476192	28	30	33	26	3	3	1	3	1	1	0	1	0	0	0	4.943151	0.521826	0.521826	0.517549	1.451355	3.750000	6.500000	0.719479	0.682191	0.644904	0	0	1	1	155	1167429
1444476194	22	36	43	28	4	0	3	3	5	5	0	0	0	0	0	4.943151	0.521826	0.520400	0.518974	1.451355	3.750000	6.500000	0.719479	0.644904	0.607617	0	0	1	1	155	1167428
1444476195	23	27	24	33	1	0	1	3	4	6	0	0	0	0	0	4.939927	0.521826	0.521826	0.517549	1.450550	3.750000	6.500000	0.728385	0.728385	0.616451	0	0	1	1	155	1164665
1444476196	35	31	40	33	3	6	1	2	3	8	0	0	1	0	0	4.943151	0.520400	0.521826	0.518974	1.451355	3.750000	6.500000	0.682191	0.682191	0.644904	0	0	1	1	155	1168540
1444476197	42	39	34	37	6	3	2	5	2	2	1	0	0	0	0	4.943151	0.521826	0.523252	0.518974	1.450550	3.750000	6.500000	0.682191	0.719479	0.607617	0	0	1	1	155	1167419
1444476198	24	23	30	36	1	3	1	3	2	3	0	0	1	0	0	4.944762	0.520400	0.521826	0.517549	1.451355	3.750000	6.500000	0.677756	0.603207	0.565931	0	0	1	1	155	1164691
1444476200	38	30	30	35	5	1	2	1	5	6	0	0	0	0	0	4.941538	0.521826	0.523252	0.518974	1.451355	3.750000	6.500000	0.723931	0.723931	0.612034	0	0	1	1	155	1167395
1444476201	28	32	34	37	3	2	1	3	5	9	0	0	1	1	0	4.943151	0.521826	0.520400	0.517549	1.451355	3.750000	6.500000	0.682191	0.682191	0.607617	0	0	1	1	155	1167419
1444476202	28	37	29	38	3	3	4	2	5	6	0	1	1	0	0	4.944762	0.523252	0.520400	0.518974	1.451355	3.750000	6.500000	0.752306	0.677756	0.603207	0	0	1	1	155	1164666
1444476203	32	32	43	36	4	2	2	3	1	3	0	1	0	0	0	4.941538	0.521826	0.523252	0.517549	1.451355	3.750000	6.500000	0.649333	0.686632	0.574735	0	0	1	1	155	1167394
1444476204	37	30	30	37	1	0	2	1	5	7	0	0	0	1	0	4.941538	0.520400	0.520400	0.518974	1.452161	3.750000	6.500000	0.686632	0.649333	0.612034	0	0	1	1	155	1167418
1444476206	32	35	39	24	4	2	2	5	3	3	1	1	0	0	0	4.939927	0.521826	0.520400	0.520400	1.452161	3.750000	6.500000	0.728385	0.653762	0.616451	0	0	1	1	155	1167421
1444476207	46	23	35	30	3	1	1	2	4	7	0	0	0	0	0	4.939927	0.521826	0.520400	0.518974	1.451355	3.750000	6.500000	0.765698	0.691074	0.616451	0	0	1	1	155	1164696
1444476208	33	28	40	32	6	2	3	3	2	6	0	0	0	0	0	4.941538	0.521826	0.523252	0.518974	1.452161	3.750000	6.500000	0.686632	0.649333	0.574735	0	0	1	1	155	1168654
1444476209	39	42	32	40	5	2	4	2	2	3	0	0	1	1	0	4.939927	0.520400	0.520400	0.516123	1.449744	3.750000	6.500000	0.579140	0.653762	0.579140	0	0	1	1	155	1167429
1444476210	35	34	36	30	3	2	1	3	4	6	0	0	0	0	0	4.936703	0.518974	0.520400	0.518974	1.452161	4.000000	6.500000	0.699966	0.662630	0.625295	0	0	1	1	155	1164667
1444476212	39	21	33	33	2	2	0	1	2	5	0	0	0	0	0	4.941538	0.521826	0.523252	0.517549	1.452967	4.000000	6.500000	0.723931	0.761231	0.612034	0	0	1	1	155	1167401
1444476213	27	29	41	36	2	1	1	4	2	5	0	0	0	1	0	4.941538	0.523252	0.523252	0.518974	1.452967	4.000000	6.500000	0.761231	0.723931	0.612034	0	0	1	1	155	1167429
1444476214	38	25	53	38	2	4	2	4	2	7	0	0	0	0	0	4.943151	0.521826	0.521826	0.517549	1.452967	3.750000	6.500000	0.644904	0.719479	0.570331	0	0	1	1	155	1164673
1444476215	33	34	33	31	4	3	1	1	7	2	0	0	0	0	0	4.941538	0.521826	0.521826	0.518974	1.452967	4.000000	6.500000	0.686632	0.723931	0.574735	0	0	1	1	155	1167404
1444476216	43	30	39	34	3	5	1	2	2	3	0	0	0	0	0	4.944762	0.521826	0.521826	0.517549	1.452161	3.750000	6.500000	0.603207	0.715030	0.640481	0	0	1	1	155	1167429
1444476218	30	33	44	37	3	4	4	2	3	8	0	0	0	0	0	4.943151	0.521826	0.523252	0.516123	1.452967	3.750000	6.500000	0.607617	0.719479	0.607617	0	0	1	1	155	1164676
1444476219	39	32	44	29	5	2	1	3	3	8	0	0	0	0	0	4.941538	0.520400	0.521826	0.518974	1.452161	3.750000	6.500000	0.723931	0.686632	0.649333	0	0	1	1	155	1167399
1444476220	36	40	26	36	4	3	2	3	6	2	0	1	0	0	0	4.943151	0.521826	0.520400	0.518974	1.453773	4.000000	6.500000	0.719479	0.682191	0.644904	0	0	1	1	155	1168564
1444476221	42	33	40	40	4	3	5	3	2	3	0	0	1	0	0	4.941538	0.520400	0.523252	0.518974	1.452967	4.000000	6.500000	0.686632	0.723931	0.612034	0	0	1	1	155	1167419
1444476223	32	28	31	34	2	3	2	4	5	3	0	1	0	0	0	4.943151	0.521826	0.523252	0.518974	1.453773	4.000000	6.500000	0.719479	0.719479	0.607617	0	0	1	1	155	1175121
1444476224	32	30	32	39	5	4	5	3	2	2	1	0	1	0	0	4.943151	0.521826	0.521826	0.518974	1.452967	3.750000	6.500000	0.682191	0.644904	0.607617	0	0	1	1	155	1167397
1444476225	36	31	35	30	4	3	1	2	5	5	0	0	0	0	0	4.941538	0.520400	0.523252	0.518974	1.453773	4.000000	6.500000	0.723931	0.723931	0.574735	0	0	1	1	155	1167419
1444476226	38	41	40	38	2	4	0	2	5	5	1	0	0	0	0	4.943151	0.517549	0.517549	0.520400	1.453773	4.000000	6.500000	0.719479	0.719479	0.607617	0	0	1	1	155	1164602
1444476227	27	21	38	32	1	4	4	2	2	2	0	0	1	0	0	4.943151	0.521826	0.523252	0.518974	1.452967	3.750000	6.500000	0.682191	0.719479	0.682191	0	0	1	1	155	1167395
1444476229	26	37	29	38	1	4	2	2	4	5	0	0	0	1	0	4.943151	0.520400	0.521826	0.518974	1.453773	4.000000	6.500000	0.682191	0.682191	0.607617	0	0	1	1	155	1167419
1444476230	30	30	42	46	1	2	3	3	2	11	0	0	0	0	0	4.943151	0.521826	0.520400	0.516123	1.454579	4.000000	6.500000	0.719479	0.756766	0.644904	0	0	1	1	155	1194341
1444476231	32	29	37	24	4	2	3	2	3	2	0	0	0	0	0	4.941538	0.521826	0.523252	0.517549	1.452967	4.000000	6.500000	0.649333	0.723931	0.649333	0	0	1	1	156	1167416
1444476232	28	30	38	34	1	2	1	6	2	4	1	0	0	0	0	4.943151	0.521826	0.523252	0.517549	1.454579	4.000000	6.500000	0.719479	0.756766	0.607617	0	0	1	1	155	1168570
1444476233	38	36	47	39	4	3	5	5	6	3	0	0	1	0	0	4.943151	0.521826	0.523252	0.517549	1.454579	4.000000	6.500000	0.682191	0.719479	0.607617	0	0	1	1	155	1167429
1444476235	36	32	44	30	6	3	1	2	1	10	0	0	0	0	0	4.943151	0.520400	0.520400	0.518974	1.454579	4.000000	6.500000	0.682191	0.644904	0.644904	0	0	1	1	155	1169993
1444476236	28	40	28	34	4	1	2	2	4	5	0	0	0	1	0	4.941538	0.520400	0.523252	0.517549	1.453773	4.000000	6.500000	0.723931	0.686632	0.574735	0	0	1	1	156	1167428
1444476237	31	30	34	49	4	5	3	3	4	5	1	1	1	2	1	4.944762	0.518974	0.523252	0.517549	1.453773	4.000000	6.500000	0.715030	0.715030	0.603207	0	0	1	1	155	1167424
1444476238	28	36	40	32	3	1	4	1	3	6	0	1	0	0	0	4.941538	0.520400	0.520400	0.518974	1.454579	4.000000	6.500000	0.686632	0.686632	0.612034	0	0	1	1	155	1164675
1444476239	25	27	36	40	3	1	2	1	5	7	0	0	1	1	0	4.944762	0.521826	0.520400	0.517549	1.454579	4.000000	6.500000	0.677756	0.640481	0.603207	0	0	1	1	155	1167402
1444476241	36	33	40	35	5	4	4	4	3	8	2	1	1	0	0	4.943151	0.520400	0.523252	0.518974	1.453773	4.000000	6.500000	0.719479	0.719479	0.570331	0	0	1	1	155	1167428
1444476242	29	26	32	36	2	2	1	0	6	6	0	0	0	0	0	4.943151	0.520400	0.523252	0.518974	1.454579	4.000000	6.500000	0.682191	0.756766	0.644904	0	0	1	1	155	1176851
1444476243	37	38	42	34	4	1	2	5	6	2	0	0	0	0	0	4.939927	0.520400	0.520400	0.518974	1.453773	4.000000	6.500000	0.691074	0.691074	0.653762	0	0	1	1	155	1167400
1444476244	33	39	24	34	6	0	2	2	5	6	0	2	0	2	0	4.943151	0.520400	0.523252	0.516123	1.454579	4.000000	6.500000	0.719479	0.719479	0.607617	0	0	1	1	155	1168565
1444476245	44	34	27	27	8	2	1	4	4	4	1	0	0	1	0	4.943151	0.521826	0.523252	0.517549	1.455385	4.000000	6.500000	0.570331	0.682191	0.570331	0	0	1	1	155	1167419
1444476247	37	38	30	39	2	3	4	4	5	5	1	1	1	1	1	4.944762	0.521826	0.520400	0.517549	1.455385	4.000000	6.500000	0.603207	0.565931	0.565931	0	0	1	1	155	1164665
1444476248	29	39	30	32	2	0	1	2	4	2	0	0	0	0	0	4.943151	0.520400	0.521826	0.518974	1.455385	4.000000	6.500000	0.719479	0.719479	0.607617	0	0	1	1	155	1167394
1444476249	32	24	24	31	1	2	2	3	5	3	0	0	0	0	0	4.944762	0.521826	0.521826	0.517549	1.455385	4.000000	6.500000	0.677756	0.677756	0.640481	0	0	1	1	155	1167419
1444476250	29	37	40	30	5	2	0	3	1	4	0	0	0	0	0	4.939927	0.520400	0.523252	0.518974	1.455385	4.000000	6.500000	0.728385	0.728385	0.616451	0	0	1	1	155	1164671
1444476251	25	37	33	45	3	2	1	2	7	7	0	0	0	0	0	4.938315	0.520400	0.523252	0.518974	1.455385	4.000000	6.500000	0.732842	0.695518	0.620872	0	0	1	1	155	1167395
1444476253	44	29	25	36	5	6	4	1	2	4	0	0	1	0	0	4.943151	0.520400	0.523252	0.516123	1.456191	4.000000	6.500000	0.682191	0.719479	0.607617	0	0	1	1	155	1167416
1444476254	36	36	28	42	7	4	2	1	5	5	0	1	0	0	0	4.943151	0.521826	0.520400	0.518974	1.456191	4.000000	6.500000	0.682191	0.682191	0.644904	0	0	1	1	155	1164669
1444476255	27	37	38	45	6	6	1	3	3	4	1	0	0	1	0	4.943151	0.521826	0.523252	0.518974	1.455385	4.000000	6.500000	0.719479	0.719479	0.533044	0	0	1	1	155	1167395
1444476256	49	32	33	30	7	2	1	1	1	4	0	0	0	0	0	4.941538	0.521826	0.520400	0.517549	1.455385	4.000000	6.500000	0.686632	0.686632	0.612034	0	0	1	1	155	1168577
1444476257	32	31	35	37	3	1	2	3	5	5	0	0	0	0	0	4.943151	0.518974	0.523252	0.518974	1.456191	4.000000	6.500000	0.719479	0.682191	0.644904	0	0	1	1	155	1164673
1444476259	26	36	37	26	2	5	1	4	2	5	0	0	0	1	0	4.949597	0.517549	0.523252	0.518974	1.455385	4.000000	6.500000	0.701703	0.701703	0.589989	0	0	1	1	155	1167404
1444476260	40	49	29	30	3	4	1	6	4	3	1	0	0	1	0	4.943151	0.523252	0.520400	0.514697	1.456191	4.000000	6.500000	0.756766	0.682191	0.644904	0	0	1	1	155	1167426
1444476261	36	39	27	25	5	3	2	2	5	2	2	0	1	0	0	4.941538	0.521826	0.523252	0.517549	1.455385	4.000000	6.500000	0.723931	0.761231	0.649333	0	0	1	1	155	1167428
1444476262	34	35	30	33	7	1	2	3	2	4	0	1	1	0	0	4.944762	0.520400	0.521826	0.518974	1.456191	4.000000	6.500000	0.677756	0.640481	0.565931	0	0	1	1	155	1164674
1444476263	38	17	28	32	3	3	2	2	3	4	2	1	1	0	1	4.943151	0.521826	0.520400	0.518974	1.456191	4.000000	6.500000	0.682191	0.682191	0.607617	0	0	1	1	155	1167405
1444476265	34	32	36	38	2	6	1	3	2	9	1	0	1	0	0	4.943151	0.520400	0.521826	0.517549	1.454579	4.000000	6.500000	0.682191	0.644904	0.607617	0	0	1	1	155	1167429
1444476266	35	32	31	38	6	1	3	1	4	2	0	0	0	0	0	4.939927	0.514697	0.518974	0.516123	1.456191	4.000000	6.500000	1.773109	0.653762	0.653762	0	0	1	1	155	1164673
1444476267	36	34	35	30	7	5	3	6	4	6	1	2	1	2	1	4.943151	0.521826	0.521826	0.518974	1.456191	4.000000	6.500000	0.533044	0.607617	0.570331	0	0	1	1	155	1167400
1444476268	32	30	36	35	3	2	3	3	0	2	0	0	0	0	0	4.943151	0.520400	0.523252	0.517549	1.456996	4.000000	6.500000	0.682191	0.719479	0.644904	0	0	1	1	155	1168565
1444476269	28	30	36	30	5	2	3	1	1	2	0	0	0	0	0	4.943151	0.521826	0.521826	0.518974	1.456996	4.000000	6.500000	0.719479	0.644904	0.607617	0	0	1	1	155	1164679
1444476271	34	38	27	26	2	2	3	0	3	4	0	0	0	0	0	4.936703	0.523252	0.523252	0.517549	1.456191	4.000000	6.500000	0.774638	0.774638	0.662630	0	0	1	1	155	1167394
1444476272	38	38	34	33	4	3	2	3	5	6	0	0	0	0	0	4.943151	0.518974	0.521826	0.514697	1.456191	4.000000	6.500000	0.719479	0.682191	0.644904	0	0	1	1	155	1167418
1444476273	36	38	40	41	3	4	5	4	5	5	0	2	1	1	0	4.943151	0.521826	0.523252	0.517549	1.456996	4.000000	6.500000	0.719479	0.682191	0.607617	0	0	1	1	155	1167419
1444476274	35	35	32	43	6	1	4	0	7	8	0	0	0	0	0	4.944762	0.521826	0.520400	0.520400	1.456996	4.000000	6.500000	0.640481	0.640481	0.603207	0	0	1	1	155	1164664
1444476275	30	34	33	30	1	2	2	0	3	4	0	0	1	0	0	4.939927	0.521826	0.523252	0.518974	1.456996	4.000000	6.500000	0.691074	0.728385	0.616451	0	0	1	1	155	1167395
1444476277	32	36	36	38	3	3	2	5	3	2	1	0	0	2	0	4.936703	0.518974	0.520400	0.517549	1.456191	4.000000	6.500000	0.737302	0.699966	0.662630	0	0	1	1	155	1167419
1444476278	34	34	32	34	5	1	0	3	3	4	1	0	0	0	0	4.941538	0.520400	0.523252	0.517549	1.456996	4.000000	6.500000	0.686632	0.686632	0.649333	0	0	1	1	155	1164660
1444476279	37	18	32	40	6	1	3	2	1	5	0	1	0	0	0	4.941538	0.520400	0.523252	0.518974	1.456191	4.000000	6.500000	0.723931	0.723931	0.574735	0	0	1	1	155	1167394
1444476280	29	28	32	35	3	2	2	2	2	4	0	0	0	0	0	4.943151	0.521826	0.523252	0.518974	1.457802	4.000000	6.500000	0.644904	0.644904	0.607617	0	0	1	1	155	1168575
1444476281	37	32	42	36	4	4	2	2	3	6	1	0	1	0	0	4.944762	0.521826	0.523252	0.518974	1.456996	4.000000	6.500000	0.640481	0.640481	0.603207	0	0	1	1	155	1164692
1444476283	31	37	28	34	4	2	2	3	5	6	0	0	2	1	0	4.943151	0.521826	0.523252	0.517549	1.457802	4.000000	6.500000	0.682191	0.756766	0.607617	0	0	1	1	155	1167404
1444476284	33	29	32	32	2	4	1	0	3	5	0	0	0	0	0	4.941538	0.523252	0.521826	0.517549	1.457802	4.000000	6.500000	0.761231	0.686632	0.612034	0	0	1	1	155	1167429
1444476285	29	34	31	40	2	2	1	3	4	7	1	0	0	0	0	4.946374	0.520400	0.520400	0.518974	1.458608	4.000000	6.500000	0.561534	0.673322	0.487008	0	0	1	1	155	1167428
1444476286	49	42	37	49	7	2	5	1	6	4	0	2	0	0	0	4.941538	0.523252	0.520400	0.517549	1.457802	4.000000	6.500000	0.761231	0.761231	0.612034	0	0	1	1	155	1164693
1444476287	19	44	30	30	2	1	1	4	4	2	0	0	0	0	0	4.943151	0.520400	0.520400	0.517549	1.457802	4.000000	6.500000	0.682191	0.682191	0.607617	0	0	1	1	155	1167405
1444476289	34	30	44	40	7	2	0	4	1	7	0	0	0	0	0	4.943151	0.521826	0.520400	0.518974	1.457802	4.000000	6.500000	0.682191	0.682191	0.607617	0	0	1	1	155	1167429
1444476290	32	38	29	35	5	3	3	5	4	3	0	0	0	0	0	4.943151	0.521826	0.520400	0.517549	1.458608	4.000000	6.500000	0.682191	0.644904	0.607617	0	0	1	1	155	1164662
1444476291	32	34	36	43	4	2	2	3	3	6	1	0	0	0	0	4.941538	0.520400	0.520400	0.517549	1.456996	4.000000	6.500000	0.723931	0.686632	0.612034	0	0	1	1	155	1167400
1444476292	25	39	34	32	3	0	1	4	3	5	0	0	0	1	0	4.941538	0.521826	0.523252	0.518974	1.457802	4.000000	6.500000	0.686632	0.723931	0.574735	0	0	1	1	155	1168565
1444476293	34	28	42	34	3	2	2	2	2	8	0	0	0	0	0	4.943151	0.523252	0.523252	0.517549	1.459414	4.000000	6.500000	0.719479	0.682191	0.495756	0	0	1	1	155	1164678
1444476295	31	38	37	42	5	2	2	2	5	4	0	0	0	1	0	4.941538	0.521826	0.523252	0.517549	1.458608	4.000000	6.500000	0.723931	0.686632	0.612034	0	0	1	1	155	1167394
1444476296	27	31	25	37	7	1	3	1	3	7	0	1	1	0	0	4.941538	0.520400	0.520400	0.518974	1.458608	4.000000	6.500000	0.649333	0.649333	0.574735	0	0	1	1	155	1167418
1444476297	46	40	35	39	9	3	2	3	5	4	1	0	0	0	0	4.943151	0.520400	0.521826	0.514697	1.458608	4.000000	6.500000	0.756766	0.644904	0.533044	0	0	1	1	155	1167419
1444476298	34	49	37	39	9	1	3	6	7	5	1	2	1	1	1	4.944762	0.517549	0.518974	0.518974	1.458608	4.000000	6.500000	0.789581	0.715030	0.603207	0	0	1	1	155	1164667
1444476299	28	29	34	38	1	1	2	3	3	6	0	0	0	0	0	4.944762	0.521826	0.520400	0.518974	1.459414	4.000000	6.500000	0.677756	0.677756	0.677756	0	0	1	1	155	1167395
1444476301	22	36	39	34	4	2	1	5	2	7	0	0	0	0	0	4.943151	0.520400	0.523252	0.518974	1.458608	4.000000	6.500000	0.682191	0.719479	0.607617	0	0	1	1	155	1167419
1444476302	41	38	29	29	4	1	0	2	2	4	0	0	0	0	0	4.943151	0.523252	0.523252	0.518974	1.459414	4.000000	6.500000	0.756766	0.682191	0.607617	0	0	1	1	155	1164664
1444476303	22	39	33	41	3	0	2	4	4	4	0	0	0	0	0	4.941538	0.521826	0.523252	0.520400	1.458608	4.000000	6.500000	0.723931	0.761231	0.612034	0	0	1	1	155	1167394
1444476304	33	38	37	31	3	2	2	4	3	3	0	0	1	0	0	4.943151	0.521826	0.523252	0.514697	1.459414	4.000000	6.500000	0.682191	0.719479	0.570331	0	0	1	1	155	1168574
1444476305	43	34	32	31	4	4	1	3	1	6	0	0	0	1	0	4.944762	0.527529	0.523252	0.518974	1.459414	4.000000	6.500000	0.677756	0.715030	0.565931	0	0	1	1	155	1164681
1444476307	30	35	39	35	4	0	1	4	6	3	0	0	0	0	0	4.943151	0.521826	0.523252	0.518974	1.459414	4.000000	6.500000	0.719479	0.682191	0.607617	0	0	1	1	155	1167405
1444476308	43	27	40	32	1	2	4	0	1	2	0	0	0	0	0	4.943151	0.520400	0.523252	0.518974	1.459414	4.000000	6.500000	0.682191	0.719479	0.607617	0	0	1	1	155	1167429
1444476309	27	30	38	32	1	3	3	2	3	6	1	1	1	1	1	4.943151	0.523252	0.521826	0.518974	1.460220	4.000000	6.500000	0.756766	0.719479	0.607617	0	0	1	1	155	1164666
1444476310	39	33	32	33	3	2	2	3	2	5	0	0	0	0	0	4.938315	0.511846	0.518974	0.513271	1.456996	4.000000	6.500000	0.620872	0.695518	0.583549	0	0	1	1	155	1167404
1444476311	30	30	32	41	6	1	2	1	2	8	0	1	0	1	0	4.941538	0.520400	0.523252	0.517549	1.460220	4.000000	6.500000	0.686632	0.686632	0.649333	0	0	1	1	155	1167426
1444476313	34	43	29	35	6	0	1	1	2	3	0	0	0	0	0	4.946374	0.523252	0.524677	0.518974	1.459414	4.000000	6.500000	0.747849	0.710586	0.636060	0	0	1	1	155	1167428
1444476314	35	32	25	34	4	1	4	2	1	3	0	0	0	0	0	4.943151	0.523252	0.521826	0.517549	1.460220	4.000000	6.500000	0.719479	0.682191	0.644904	0	0	1	1	155	1164668
1444476315	31	38	41	33	5	0	1	3	5	6	0	0	0	0	0	4.938315	0.521826	0.521826	0.520400	1.458608	4.000000	6.500000	0.770166	0.658195	0.620872	0	0	1	1	155	1167400
1444476316	44	46	32	31	5	2	4	3	4	5	0	1	0	0	0	4.943151	0.523252	0.520400	0.517549	1.461026	4.000000	6.500000	0.719479	0.644904	0.607617	0	0	1	1	155	1168669
1444476317	40	40	50	32	5	3	3	2	3	13	0	0	0	0	0	4.941538	0.520400	0.520400	0.518974	1.459414	4.000000	6.500000	0.723931	0.649333	0.574735	0	0	1	1	155	1164676
1444476319	35	33	39	37	3	4	3	6	4	6	1	1	1	1	1	4.941538	0.520400	0.517549	0.517549	1.461026	4.000000	6.500000	0.686632	0.686632	0.612034	0	0	1	1	156	1167412
1444476320	31	35	25	45	4	1	2	2	6	7	0	1	0	1	0	4.943151	0.520400	0.521826	0.518974	1.460220	4.000000	6.500000	0.682191	0.719479	0.607617	0	0	1	1	155	1167414
1444476321	38	26	40	30	2	3	1	4	2	4	0	0	0	0	0	4.943151	0.521826	0.523252	0.517549	1.460220	4.000000	6.500000	0.719479	0.719479	0.607617	0	0	1	1	155	1164664
1444476322	33	33	34	35	5	3	3	2	2	7	0	0	1	0	0	4.941538	0.520400	0.518974	0.517549	1.460220	4.000000	6.500000	0.723931	0.686632	0.612034	0	0	1	1	155	1167395
1444476323	34	37	31	37	4	1	4	6	2	4	0	0	0	1	0	4.943151	0.518974	0.521826	0.514697	1.461026	4.000000	6.500000	0.719479	0.644904	0.570331	0	0	1	1	155	1167419
1444476325	48	41	33	31	3	2	5	6	1	6	0	0	0	1	0	4.943151	0.520400	0.521826	0.518974	1.461026	4.000000	6.500000	0.719479	0.644904	0.644904	0	0	1	1	155	1167419
1444476326	29	42	35	37	3	3	1	5	5	3	0	1	0	0	0	4.943151	0.521826	0.523252	0.518974	1.460220	4.000000	6.500000	0.682191	0.682191	0.495756	0	0	1	1	155	1164676
1444476327	38	32	34	36	8	0	1	2	4	3	0	1	0	0	0	4.941538	0.521826	0.523252	0.518974	1.460220	4.000000	6.500000	0.686632	0.761231	0.649333	0	0	1	1	155	1167397
1444476328	34	36	46	31	2	6	1	1	4	5	0	0	0	0	0	4.943151	0.520400	0.521826	0.517549	1.461026	4.000000	6.500000	0.682191	0.682191	0.570331	0	0	1	1	155	1168574
1444476329	29	27	24	25	2	0	0	0	4	3	0	0	0	0	0	4.941538	0.521826	0.520400	0.520400	1.461832	4.000000	6.500000	0.723931	0.649333	0.574735	0	0	1	1	155	1164677
1444476331	40	47	36	38	7	6	1	5	1	5	2	0	0	0	0	4.943151	0.516123	0.518974	0.523252	1.461832	4.000000	6.500000	0.756766	0.719479	0.570331	0	0	1	1	155	1167404
1444476332	31	29	26	34	3	1	1	3	7	1	0	0	0	0	0	4.943151	0.521826	0.520400	0.518974	1.461026	4.000000	6.500000	0.682191	0.607617	0.607617	0	0	1	1	155	1167429
1444476333	23	40	35	38	2	0	1	3	4	4	0	0	0	0	0	4.941538	0.520400	0.523252	0.517549	1.461832	4.000000	6.500000	0.723931	0.649333	0.574735	0	0	1	1	155	1164673
1444476334	33	33	34	33	8	2	3	2	3	3	0	0	0	1	0	4.943151	0.520400	0.523252	0.517549	1.461026	4.000000	6.500000	0.682191	0.719479	0.607617	0	0	1	1	155	1167404
1444476335	45	27	24	39	8	4	3	4	5	6	0	1	0	1	0	4.943151	0.523252	0.523252	0.518974	1.461832	4.000000	6.500000	0.682191	0.756766	0.682191	0	0	1	1	155	1167428
1444476337	30	25	29	30	2	3	2	2	2	1	0	0	0	0	0	4.943151	0.521826	0.520400	0.518974	1.461832	4.000000	6.500000	0.682191	0.533044	0.794054	0	0	1	1	155	1167428
1444476338	41	38	33	24	4	1	1	3	2	4	1	0	0	0	0	4.944762	0.520400	0.520400	0.518974	1.461832	4.000000	6.500000	0.603207	0.640481	0.565931	0	0	1	1	155	1164670
1444476339	36	31	36	35	0	3	2	1	3	6	0	0	0	0	0	4.943151	0.521826	0.521826	0.520400	1.461026	4.000000	6.500000	0.682191	0.682191	0.607617	0	0	1	1	155	1167400
1444476340	26	34	38	32	3	1	0	2	3	7	0	0	0	0	0	4.943151	0.520400	0.520400	0.517549	1.461832	4.000000	6.500000	0.682191	0.682191	0.607617	0	0	1	1	155	1168565
1444476341	41	45	38	42	5	3	3	3	4	5	0	0	0	0	0	4.939927	0.520400	0.521826	0.517549	1.461832	4.000000	6.500000	0.691074	0.728385	0.653762	0	0	1	1	155	1164662
1444476343	32	42	38	34	4	3	5	3	4	5	1	0	0	0	0	4.941538	0.520400	0.521826	0.517549	1.461832	4.000000	6.500000	0.686632	0.649333	0.649333	0	0	1	1	155	1167395
1444476344	29	36	25	33	8	3	0	1	4	5	0	0	0	1	0	4.943151	0.520400	0.523252	0.518974	1.462637	4.000000	6.500000	0.570331	0.756766	0.533044	0	0	1	1	155	1167419
1444476345	32	28	35	37	1	3	3	3	3	7	0	0	0	0	0	4.941538	0.521826	0.521826	0.517549	1.461832	4.000000	6.500000	0.537436	0.649333	0.537436	0	0	1	1	155	1164659
1444476346	33	36	30	39	4	5	2	4	5	1	1	0	0	0	0	4.943151	0.523252	0.523252	0.520400	1.462637	4.000000	6.500000	0.756766	0.682191	0.607617	0	0	1	1	155	1167395
1444476347	40	33	38	39	7	4	5	2	4	9	0	0	1	0	0	4.944762	0.521826	0.520400	0.517549	1.462637	4.000000	6.500000	0.677756	0.677756	0.603207	0	0	1	1	155	1167419
1444476349	35	36	34	29	5	4	0	4	7	3	1	0	0	0	0	4.943151	0.524677	0.523252	0.518974	1.462637	4.000000	6.500000	0.794054	0.719479	0.644904	0	0	1	1	155	1164680
1444476350	36	33	27	42	4	3	2	2	6	3	0	1	0	0	0	4.939927	0.514697	0.520400	0.511846	1.461026	4.000000	6.500000	0.840319	0.728385	0.616451	0	0	1	1	155	1167394
1444476351	23	41	41	31	1	3	1	7	4	4	0	0	0	0	0	4.943151	0.514697	0.518974	0.526103	1.462637	4.000000	6.500000	0.719479	0.756766	0.607617	0	0	1	1	155	1167416
1444476352	32	41	47	35	4	0	1	5	7	11	0	0	0	2	0	4.943151	0.523252	0.523252	0.518974	1.462637	4.000000	6.500000	0.682191	0.719479	0.644904	0	0	1	1	155	1168574
1444476353	35	31	38	31	1	2	0	4	4	11	0	0	0	0	0	4.943151	0.523252	0.523252	0.518974	1.463443	4.000000	6.500000	0.756766	0.719479	0.607617	0	0	1	1	156	1164612
1444476355	36	38	36	28	5	0	1	2	2	7	0	0	0	0	0	4.938315	0.520400	0.521826	0.517549	1.462637	4.000000	6.500000	0.732842	0.695518	0.658195	0	0	1	1	156	1167425
1444476356	31	32	32	30	4	0	3	3	2	2	0	0	0	0	0	4.943151	0.514697	0.516123	0.524677	1.463443	4.000000	7.000000	0.719479	0.644904	0.607617	0	0	1	1	155	1167424
1444476357	35	39	47	38	3	3	3	3	2	5	0	0	2	0	0	4.943151	0.520400	0.521826	0.517549	1.463443	4.000000	6.500000	0.719479	0.719479	0.607617	0	0	1	1	155	1174993
1444476358	41	22	35	27	2	3	3	2	2	2	0	0	0	0	0	4.943151	0.520400	0.520400	0.514697	1.462637	4.000000	7.000000	0.682191	0.682191	0.607617	0	0	1	1	155	1167404
1444476359	32	33	33	47	5	4	1	3	4	9	1	0	0	0	0	4.944762	0.523252	0.523252	0.518974	1.463443	4.000000	6.500000	0.677756	0.640481	0.603207	0	0	1	1	155	1167429
1444476361	30	45	37	35	5	1	2	3	5	5	1	0	0	1	0	4.944762	0.521826	0.523252	0.517549	1.463443	4.000000	7.000000	0.715030	0.715030	0.565931	0	0	1	1	155	1165320
1444476362	35	35	30	36	2	2	1	3	7	5	0	0	0	0	0	4.943151	0.521826	0.521826	0.518974	1.464249	4.000000	7.000000	0.682191	0.682191	0.644904	0	0	1	1	155	1167339
1444476363	34	26	35	37	3	2	2	0	7	4	0	0	0	0	0	4.938315	0.526103	0.521826	0.516123	1.461832	4.000000	7.000000	0.807490	0.770166	0.658195	0	0	1	1	155	1167428
1444476364	30	37	23	30	2	3	1	0	1	2	0	0	0	0	0	4.943151	0.523252	0.520400	0.516123	1.464249	4.000000	7.000000	0.794054	0.682191	0.607617	0	0	1	1	155	1168565
1444476365	38	35	33	29	3	2	3	5	5	2	1	0	0	1	0	4.944762	0.523252	0.523252	0.516123	1.464249	4.000000	7.000000	0.752306	0.715030	0.603207	0	0	1	1	155	1164701
1444476367	39	35	22	33	4	3	4	2	2	3	0	0	0	1	0	4.941538	0.521826	0.520400	0.517549	1.464249	4.000000	7.000000	0.723931	0.686632	0.649333	0	0	1	1	155	1167395
1444476368	43	32	34	43	8	3	6	1	4	5	0	1	0	0	0	4.943151	0.523252	0.523252	0.517549	1.464249	4.000000	7.000000	0.682191	0.719479	0.607617	0	0	1	1	155	1167419
1444476369	35	26	35	24	2	4	2	2	0	5	0	0	0	0	0	4.943151	0.523252	0.520400	0.517549	1.464249	4.000000	7.000000	0.756766	0.644904	0.570331	0	0	1	1	155	1164658
1444476370	36	27	36	40	4	2	5	2	5	6	0	0	0	0	0	4.943151	0.523252	0.523252	0.518974	1.464249	4.000000	7.000000	0.719479	0.607617	0.533044	0	0	1	1	155	1167395
1444476371	30	28	29	31	2	0	1	1	1	5	0	0	0	0	0	4.943151	0.521826	0.523252	0.517549	1.465055	4.000000	7.000000	0.719479	0.719479	0.570331	0	0	1	1	155	1167419
1444476373	29	38	41	46	2	2	2	7	5	7	0	0	0	0	0	4.943151	0.520400	0.523252	0.518974	1.464249	4.000000	7.000000	0.719479	0.719479	0.644904	0	0	1	1	155	1164670
1444476374	30	37	34	30	6	1	1	4	2	4	0	1	0	0	0	4.939927	0.521826	0.523252	0.517549	1.462637	4.000000	7.000000	0.728385	0.765698	0.616451	0	0	1	1	155	1167394
1444476375	30	43	24	34	5	2	1	4	8	5	1	1	1	1	1	4.939927	0.523252	0.521826	0.518974	1.463443	4.000000	7.000000	0.765698	0.691074	0.653762	0	0	1	1	155	1167419
1444476376	33	38	45	33	1	7	1	8	5	8	1	0	0	1	0	4.939927	0.523252	0.523252	0.517549	1.465055	4.250000	7.000000	0.765698	0.616451	0.541828	0	0	1	1	155	1168575
1444476377	35	38	32	36	6	1	1	4	2	5	0	0	0	0	0	4.941538	0.523252	0.521826	0.517549	1.464249	4.000000	7.000000	0.798530	0.686632	0.612034	0	0	1	1	155	1164666
1444476379	38	33	40	42	3	5	4	2	3	4	1	1	1	0	0	4.943151	0.523252	0.523252	0.518974	1.465055	4.000000	7.000000	0.719479	0.719479	0.644904	0	0	1	1	155	1167405
1444476380	38	42	35	39	6	1	2	3	6	8	0	0	1	0	0	4.941538	0.521826	0.523252	0.517549	1.465055	4.250000	7.000000	0.761231	0.761231	0.649333	0	0	1	1	155	1167429
1444476381	32	31	27	44	4	0	2	1	1	8	0	0	0	0	0	4.943151	0.521826	0.523252	0.517549	1.465055	4.000000	7.000000	0.682191	0.719479	0.570331	0	0	1	1	155	1164665
1444476382	40	42	33	36	5	3	1	7	4	4	1	0	0	0	0	4.941538	0.521826	0.523252	0.516123	1.465055	4.250000	7.000000	0.686632	0.761231	0.649333	0	0	1	1	155	1167402
1444476383	35	17	28	34	3	0	2	0	1	5	0	0	0	0	0	4.943151	0.521826	0.523252	0.518974	1.465055	4.000000	7.000000	0.719479	0.756766	0.644904	0	0	1	1	155	1167428
1444476385	34	33	43	32	1	3	2	1	4	4	0	0	0	0	0	4.944762	0.520400	0.523252	0.518974	1.465055	4.000000	7.000000	0.677756	0.715030	0.565931	0	0	1	1	155	1164685
1444476386	46	41	33	25	8	4	3	6	2	3	1	0	0	0	0	4.943151	0.521826	0.521826	0.518974	1.465861	4.250000	7.000000	0.682191	0.719479	0.607617	0	0	1	1	155	1167405
1444476387	27	28	36	33	4	4	1	7	4	4	0	1	0	1	0	4.941538	0.521826	0.523252	0.518974	1.464249	4.000000	7.000000	0.723931	0.686632	0.649333	0	0	1	1	155	1167424
1444476388	32	33	34	28	2	4	1	1	5	5	0	0	1	1	0	4.941538	0.521826	0.520400	0.517549	1.465861	4.250000	7.000000	0.686632	0.723931	0.612034	0	0	1	1	155	1165797
1444476389	31	34	43	22	3	2	0	7	2	3	1	0	0	0	0	4.944762	0.521826	0.523252	0.517549	1.466667	4.250000	7.000000	0.677756	0.677756	0.565931	0	0	1	1	155	1167395
1444476391	34	40	40	32	1	5	2	5	3	4	0	0	1	0	0	4.944762	0.520400	0.523252	0.518974	1.465861	4.250000	7.000000	0.677756	0.715030	0.565931	0	0	1	1	155	1167419
1444476392	26	33	26	35	4	1	4	4	3	3	0	2	0	0	0	4.943151	0.521826	0.523252	0.518974	1.466667	4.250000	7.000000	0.719479	0.756766	0.570331	0	0	1	1	155	1167419
1444476393	36	39	30	38	7	5	2	4	4	4	0	0	1	1	0	4.939927	0.520400	0.523252	0.520400	1.465055	4.250000	7.000000	0.728385	0.765698	0.653762	0	0	1	1	155	1164668
1444476394	48	35	37	28	2	3	1	3	1	5	0	0	0	1	0	4.944762	0.520400	0.524677	0.518974	1.465861	4.250000	7.000000	0.640481	0.752306	0.565931	0	0	1	1	155	1167394
1444476395	28	39	32	41	3	0	3	4	7	3	0	0	0	0	0	4.944762	0.521826	0.523252	0.518974	1.465861	4.250000	7.000000	0.677756	0.715030	0.565931	0	0	1	1	155	1167418
1444476397	36	44	43	38	6	2	3	4	4	3	0	1	0	0	0	4.943151	0.521826	0.523252	0.517549	1.465861	4.250000	7.000000	0.682191	0.719479	0.644904	0	0	1	1	155	1164660
1444476398	37	35	36	35	5	1	5	1	3	5	0	1	0	0	0	4.943151	0.521826	0.523252	0.518974	1.466667	4.250000	7.000000	0.682191	0.719479	0.570331	0	0	1	1	155	1167395
1444476399	42	36	33	35	6	2	2	3	6	6	0	0	1	0	0	4.941538	0.520400	0.523252	0.518974	1.465861	4.250000	7.000000	0.686632	0.761231	0.612034	0	0	1	1	155	1167419
1444476400	33	30	35	28	3	3	0	2	0	7	0	0	0	0	0	4.943151	0.520400	0.521826	0.517549	1.466667	4.250000	7.000000	0.682191	0.719479	0.607617	0	0	1	1	155	1195065
1444476401	27	32	38	46	4	2	1	0	1	6	0	0	0	0	0	4.946374	0.520400	0.523252	0.518974	1.467473	4.250000	7.000000	0.710586	0.747849	0.598798	0	0	1	1	155	1167404
1444476403	27	37	33	41	3	2	1	1	3	3	0	0	0	0	0	4.943151	0.520400	0.523252	0.516123	1.466667	4.250000	7.000000	0.682191	0.719479	0.607617	0	0	1	1	155	1167425
1444476404	29	37	36	37	5	3	3	5	5	7	0	0	1	0	0	4.943151	0.520400	0.523252	0.518974	1.467473	4.250000	7.000000	0.719479	0.682191	0.644904	0	0	1	1	155	1167428
1444476405	25	36	29	33	1	1	0	3	1	5	0	0	0	0	0	4.943151	0.521826	0.523252	0.517549	1.467473	4.250000	7.000000	0.719479	0.682191	0.644904	0	0	1	1	155	1164671
1444476406	37	33	33	29	4	3	4	3	1	6	1	0	0	0	0	4.941538	0.520400	0.521826	0.517549	1.466667	4.250000	7.000000	0.723931	0.723931	0.612034	0	0	1	1	155	1167404
1444476407	32	21	39	37	5	3	2	0	2	8	0	0	0	0	0	4.941538	0.521826	0.523252	0.518974	1.467473	4.250000	7.000000	0.723931	0.612034	0.612034	0	0	1	1	155	1167428
1444476409	31	34	31	34	5	2	1	5	3	3	0	0	0	0	0	4.943151	0.521826	0.523252	0.518974	1.464249	4.000000	7.000000	0.682191	0.719479	0.644904	0	0	1	1	155	1164667
1444476410	40	35	34	35	4	2	1	1	1	7	0	0	0	0	0	4.943151	0.521826	0.524677	0.517549	1.467473	4.250000	7.000000	0.719479	0.756766	0.607617	0	0	1	1	155	1167405
1444476411	38	34	31	32	6	0	2	2	1	5	0	0	0	0	0	4.939927	0.520400	0.523252	0.517549	1.466667	4.250000	7.000000	0.728385	0.728385	0.616451	0	0	1	1	155	1167424
1444476412	33	34	31	34	5	2	2	1	2	5	0	0	1	0	0	4.943151	0.521826	0.523252	0.517549	1.467473	4.250000	7.000000	0.719479	0.719479	0.570331	0	0	1	1	155	1165806
1444476413	43	40	38	32	8	6	3	4	4	7	2	0	1	1	0	4.938315	0.521826	0.523252	0.517549	1.467473	4.250000	7.000000	0.732842	0.770166	0.658195	0	0	1	1	155	1167395
1444476415	27	43	40	38	3	7	1	6	5	4	2	0	0	0	0	4.941538	0.520400	0.523252	0.517549	1.467473	4.250000	7.000000	0.723931	0.761231	0.612034	0	0	1	1	155	1167416
1444476416	34	36	23	31	6	3	0	1	3	4	0	0	0	0	0	4.943151	0.520400	0.523252	0.518974	1.467473	4.250000	7.000000	0.719479	0.682191	0.607617	0	0	1	1	155	1167419
1444476417	20	25	40	35	0	3	1	4	1	1	0	0	0	0	0	4.944762	0.520400	0.523252	0.518974	1.468279	4.250000	7.000000	0.752306	0.715030	0.603207	0	0	1	1	155	1164648
1444476418	27	48	33	31	5	0	1	3	10	4	0	0	0	1	0	4.943151	0.520400	0.523252	0.517549	1.468279	4.250000	7.000000	0.682191	0.719479	0.607617	0	0	1	1	155	1167395
1444476419	38	21	30	38	3	2	1	4	5	3	1	0	0	0	0	4.944762	0.521826	0.523252	0.518974	1.468279	4.250000	7.000000	0.677756	0.715030	0.416832	0	0	1	1	156	1167440
1444476421	32	33	35	29	5	3	5	2	6	3	0	2	0	0	0	4.943151	0.523252	0.523252	0.517549	1.468279	4.250000	7.000000	0.682191	0.756766	0.495756	0	0	1	1	155	1164668
1444476422	37	34	23	35	2	1	2	1	1	4	0	0	0	0	0	4.944762	0.521826	0.523252	0.517549	1.468279	4.250000	7.000000	0.715030	0.715030	0.640481	0	0	1	1	155	1167395
1444476423	38	38	35	39	4	7	2	3	2	7	1	0	0	0	0	4.941538	0.521826	0.523252	0.518974	1.467473	4.250000	7.000000	0.686632	0.723931	0.649333	0	0	1	1	155	1167419
1444476424	29	36	34	37	3	0	3	5	2	6	0	0	0	1	0	4.943151	0.521826	0.521826	0.518974	1.469084	4.250000	7.000000	0.682191	0.756766	0.607617	0	0	1	1	155	1165823
1444476425	29	38	37	40	4	1	2	2	2	6	0	1	1	0	0	4.943151	0.520400	0.523252	0.518974	1.468279	4.250000	7.000000	0.682191	0.756766	0.570331	0	0	1	1	155	1167404
1444476427	32	29	45	39	6	3	1	3	1	4	0	0	0	0	0	4.941538	0.523252	0.523252	0.517549	1.468279	4.250000	7.000000	0.686632	0.649333	0.574735	0	0	1	1	155	1167428
1444476428	42	31	35	39	4	1	2	3	4	7	0	0	0	0	0	4.941538	0.520400	0.523252	0.520400	1.469084	4.250000	7.000000	0.686632	0.686632	0.649333	0	0	1	1	155	1167429
1444476429	34	34	31	36	8	2	3	2	2	4	0	0	0	0	0	4.941538	0.523252	0.523252	0.520400	1.469890	4.250000	7.000000	0.798530	0.723931	0.612034	0	0	1	1	155	1164670
1444476430	28	29	34	38	6	2	2	3	0	4	1	0	0	0	0	4.943151	0.520400	0.523252	0.518974	1.469084	4.250000	7.000000	0.682191	0.719479	0.682191	0	0	1	1	155	1167404
1444476431	43	28	41	37	5	4	1	5	4	5	1	0	0	0	0	4.944762	0.523252	0.518974	0.516123	1.469084	4.250000	7.000000	0.752306	0.752306	0.603207	0	0	1	1	155	1167428
1444476433	35	39	42	28	1	4	0	3	6	4	0	0	0	0	0	4.943151	0.527529	0.521826	0.517549	1.469084	4.250000	7.000000	0.756766	0.756766	0.644904	0	0	1	1	155	1164692
1444476434	36	29	32	35	2	4	2	0	2	2	0	0	0	0	0	4.943151	0.520400	0.523252	0.518974	1.469890	4.250000	7.000000	0.570331	0.644904	0.607617	0	0	1	1	155	1167404
1444476435	39	31	36	32	2	4	3	0	1	4	0	0	0	0	0	4.943151	0.521826	0.523252	0.520400	1.469084	4.250000	7.000000	0.719479	0.719479	0.607617	0	0	1	1	155	1167424
1444476436	39	31	39	32	3	3	2	3	4	5	0	1	0	0	0	4.943151	0.523252	0.523252	0.518974	1.469890	4.250000	7.000000	0.719479	0.756766	0.607617	0	0	1	1	155	1165804
1444476437	34	39	33	42	6	1	3	3	5	8	0	2	0	1	0	4.941538	0.520400	0.523252	0.517549	1.469890	4.250000	7.000000	0.686632	0.686632	0.574735	0	0	1	1	155	1167395
1444476439	42	40	24	37	4	1	3	3	4	5	0	1	0	0	0	4.943151	0.521826	0.521826	0.517549	1.469084	4.250000	7.000000	0.644904	0.794054	0.607617	0	0	1	1	155	1167419
