time	cnt1	cnt2	cnt3	cnt4	1&2	1&3	1&4	2&3	2&4	3&4	1&2&3	1&2&4	1&3&4	2&3&4	1&2&3&4	adcr	adcp1	adcp2	adcp3	adcntc	ntcT	digT	p1	p2	p3	hvstate	pbsstate	ethstate	listpbs	sdstate	looptime
1444476440	44	40	35	31	4	4	2	5	4	6	0	0	2	0	0	4.944762	0.523252	0.521826	0.514697	1.470696	4.250000	7.000000	0.677756	0.715030	0.603207	0	0	1	1	155	1164676
1444476441	32	38	32	39	4	0	3	2	0	8	0	0	0	0	0	4.943151	0.523252	0.523252	0.518974	1.470696	4.250000	7.000000	0.682191	0.719479	0.607617	0	0	1	1	155	1217970
1444476442	47	31	41	34	4	5	3	5	1	4	1	0	0	1	0	4.944762	0.523252	0.520400	0.513271	1.470696	4.250000	7.000000	0.752306	0.715030	0.640481	0	0	1	1	155	1167395
1444476443	44	33	29	24	2	2	5	3	6	0	1	0	0	0	0	4.944762	0.523252	0.523252	0.517549	1.470696	4.250000	7.000000	0.752306	0.715030	0.640481	0	0	1	1	155	1201285
1444476445	34	35	37	31	5	4	2	3	1	3	0	1	0	0	0	4.941538	0.523252	0.523252	0.518974	1.470696	4.250000	7.000000	0.761231	0.761231	0.649333	0	0	1	1	155	1167395
1444476446	46	38	24	37	5	3	5	3	3	2	0	0	1	0	0	4.943151	0.521826	0.520400	0.516123	1.470696	4.250000	7.000000	0.682191	0.719479	0.607617	0	0	1	1	155	1167419
1444476447	34	33	29	35	2	3	1	0	7	5	0	0	0	0	0	4.943151	0.524677	0.523252	0.518974	1.469890	4.250000	7.000000	0.794054	0.794054	0.644904	0	0	1	1	155	1169990
1444476448	35	35	38	36	4	1	2	1	4	3	0	0	0	0	0	4.941538	0.523252	0.523252	0.520400	1.470696	4.250000	7.000000	0.761231	0.723931	0.574735	0	0	1	1	155	1168654
1444476449	31	30	31	34	6	2	3	3	5	5	1	1	0	1	0	4.943151	0.523252	0.523252	0.517549	1.469084	4.250000	7.000000	0.756766	0.756766	0.644904	0	0	1	1	155	1167429
1444476451	42	39	41	31	6	5	3	4	5	6	1	1	1	1	1	4.943151	0.521826	0.523252	0.517549	1.469084	4.250000	7.000000	0.682191	0.756766	0.607617	0	0	1	1	155	1164672
1444476452	34	37	41	34	4	2	3	0	3	7	0	0	0	0	0	4.943151	0.520400	0.523252	0.517549	1.470696	4.250000	7.000000	0.682191	0.756766	0.570331	0	0	1	1	155	1167404
1444476453	52	35	29	34	6	3	1	3	7	3	0	0	0	0	0	4.943151	0.523252	0.523252	0.518974	1.470696	4.250000	7.000000	0.756766	0.719479	0.644904	0	0	1	1	155	1167431
1444476454	25	32	26	28	5	1	0	1	4	2	0	0	0	0	0	4.941538	0.523252	0.523252	0.517549	1.470696	4.250000	7.000000	0.761231	0.723931	0.612034	0	0	1	1	155	1167428
1444476455	33	40	24	40	0	1	5	4	7	3	0	0	1	0	0	4.944762	0.523252	0.520400	0.520400	1.470696	4.250000	7.000000	0.826856	0.715030	0.603207	0	0	1	1	155	1164666
1444476457	35	34	26	32	6	4	1	1	3	3	0	0	0	0	0	4.943151	0.523252	0.523252	0.517549	1.471502	4.250000	7.000000	0.682191	0.644904	0.607617	0	0	1	1	155	1167404
1444476458	39	29	35	42	4	4	4	2	5	8	0	0	0	0	0	4.941538	0.523252	0.523252	0.517549	1.471502	4.250000	7.000000	0.761231	0.723931	0.574735	0	0	1	1	155	1167429
1444476459	30	31	24	22	3	0	1	2	3	2	0	0	0	0	0	4.941538	0.524677	0.524677	0.518974	1.471502	4.250000	7.000000	0.761231	0.723931	0.574735	0	0	1	1	155	1164667
1444476460	29	39	26	34	4	3	5	4	8	1	1	2	1	1	1	4.943151	0.523252	0.523252	0.518974	1.471502	4.250000	7.000000	0.756766	0.719479	0.644904	0	0	1	1	155	1168541
1444476461	46	39	41	41	8	4	0	0	5	5	0	0	0	0	0	4.938315	0.520400	0.521826	0.517549	1.472308	4.250000	7.000000	0.732842	0.732842	0.583549	0	0	1	1	155	1167419
1444476463	28	29	20	37	4	0	2	3	4	1	0	0	0	0	0	4.944762	0.520400	0.523252	0.517549	1.472308	4.250000	7.000000	0.677756	0.677756	0.565931	0	0	1	1	155	1164684
1444476464	31	30	43	31	2	1	0	4	2	5	0	0	0	1	0	4.946374	0.523252	0.521826	0.518974	1.470696	4.250000	7.000000	0.747849	0.673322	0.524272	0	0	1	1	155	1167392
1444476465	46	38	35	46	5	2	4	3	10	6	0	2	0	0	0	4.943151	0.524677	0.523252	0.520400	1.472308	4.250000	7.000000	0.719479	0.719479	0.607617	0	0	1	1	155	1167418
1444476466	38	42	37	42	7	0	3	1	4	8	0	1	0	0	0	4.939927	0.523252	0.523252	0.517549	1.471502	4.250000	7.000000	0.765698	0.728385	0.579140	0	0	1	1	156	1164677
1444476467	46	35	29	28	6	2	2	2	4	2	0	0	0	0	0	4.943151	0.521826	0.523252	0.517549	1.472308	4.250000	7.000000	0.719479	0.756766	0.607617	0	0	1	1	155	1167395
1444476469	38	37	37	40	6	3	2	2	3	4	0	1	0	0	0	4.944762	0.523252	0.523252	0.513271	1.469890	4.250000	7.000000	0.826856	0.752306	0.603207	0	0	1	1	155	1167419
1444476470	40	39	30	41	5	3	1	1	1	4	0	0	0	0	0	4.943151	0.521826	0.523252	0.517549	1.472308	4.250000	7.000000	0.719479	0.682191	0.607617	0	0	1	1	155	1167419
1444476471	25	31	33	38	1	0	4	2	2	5	0	0	0	0	0	4.936703	0.521826	0.523252	0.518974	1.472308	4.250000	7.000000	0.699966	0.625295	0.550623	0	0	1	1	155	1164749
1444476472	29	36	29	34	6	1	2	1	2	2	0	0	0	0	0	4.944762	0.523252	0.520400	0.518974	1.472308	4.250000	7.000000	0.752306	0.752306	0.603207	0	0	1	1	155	1168654
1444476473	37	29	38	39	0	3	4	2	2	9	0	0	1	0	0	4.943151	0.521826	0.523252	0.518974	1.473920	4.250000	7.000000	0.682191	0.719479	0.607617	0	0	1	1	155	1167429
1444476475	23	35	42	30	4	1	5	3	2	5	1	1	1	1	1	4.941538	0.523252	0.523252	0.518974	1.473114	4.250000	7.000000	0.798530	0.761231	0.612034	0	0	1	1	155	1164689
1444476476	32	31	33	39	6	2	3	3	3	8	1	2	2	1	1	4.938315	0.563173	0.520400	0.510420	1.469084	4.250000	7.000000	0.695518	0.770166	0.620872	0	0	1	1	155	1167404
1444476477	42	33	46	40	3	1	3	5	5	7	0	0	0	1	0	4.941538	0.523252	0.523252	0.517549	1.472308	4.250000	7.000000	0.723931	0.723931	0.612034	0	0	1	1	155	1167426
1444476478	36	32	42	38	3	2	4	4	1	10	0	0	0	0	0	4.943151	0.523252	0.523252	0.517549	1.473920	4.250000	7.000000	0.756766	0.719479	0.644904	0	0	1	1	155	1164697
1444476479	42	30	31	34	2	2	2	4	3	4	0	0	0	0	0	4.943151	0.523252	0.523252	0.518974	1.473114	4.250000	7.000000	0.794054	0.719479	0.607617	0	0	1	1	156	1167426
1444476481	38	28	36	43	1	4	4	2	5	9	0	0	2	0	0	4.943151	0.520400	0.523252	0.518974	1.473114	4.250000	7.000000	0.719479	0.719479	0.607617	0	0	1	1	155	1167424
1444476482	35	35	31	40	0	1	2	2	1	4	0	0	0	0	0	4.943151	0.526103	0.513271	0.516123	1.472308	4.250000	7.000000	1.204213	0.533044	0.607617	0	0	1	1	155	1167429
1444476483	39	31	32	49	4	2	1	5	2	5	0	0	0	0	0	4.941538	0.523252	0.523252	0.518974	1.472308	4.250000	7.000000	0.761231	0.723931	0.612034	0	0	1	1	155	1164667
1444476484	29	40	42	31	3	2	2	3	2	8	1	0	0	0	0	4.939927	0.521826	0.520400	0.518974	1.473920	4.250000	7.000000	0.691074	0.728385	0.616451	0	0	1	1	155	1168540
1444476485	44	40	37	33	8	5	1	1	5	5	0	0	1	0	0	4.943151	0.523252	0.523252	0.517549	1.473114	4.250000	7.000000	0.756766	0.719479	0.607617	0	0	1	1	155	1167419
1444476487	28	35	34	43	3	3	2	4	7	3	1	0	0	0	0	4.944762	0.523252	0.523252	0.517549	1.473920	4.250000	7.000000	0.789581	0.715030	0.603207	0	0	1	1	155	1164684
1444476488	38	32	36	38	6	4	2	2	6	6	1	1	1	1	1	4.943151	0.523252	0.523252	0.517549	1.473920	4.250000	7.000000	0.719479	0.756766	0.644904	0	0	1	1	155	1167394
1444476489	37	36	41	27	3	6	3	2	3	7	0	0	1	1	0	4.941538	0.523252	0.520400	0.516123	1.474725	4.250000	7.000000	0.761231	0.723931	0.612034	0	0	1	1	155	1167419
1444476490	31	47	28	34	3	1	1	2	5	2	0	0	0	0	0	4.943151	0.523252	0.523252	0.517549	1.473920	4.250000	7.000000	0.756766	0.756766	0.607617	0	0	1	1	155	1176192
1444476491	36	36	24	36	6	2	1	2	8	3	1	1	0	0	0	4.943151	0.523252	0.523252	0.518974	1.473920	4.250000	7.000000	0.756766	0.682191	0.644904	0	0	1	1	155	1167394
1444476493	22	35	47	34	1	1	1	3	4	5	0	0	0	1	0	4.944762	0.523252	0.521826	0.517549	1.474725	4.250000	7.000000	0.752306	0.528657	0.565931	0	0	1	1	155	1167418
1444476494	30	38	33	32	1	3	0	3	3	5	0	0	0	1	0	4.941538	0.521826	0.523252	0.517549	1.473920	4.250000	7.000000	0.723931	0.761231	0.649333	0	0	1	1	155	1167419
1444476495	38	26	31	30	4	2	0	1	2	1	0	0	0	0	0	4.939927	0.523252	0.523252	0.517549	1.474725	4.500000	7.000000	0.765698	0.765698	0.653762	0	0	1	1	155	1164661
1444476496	38	37	31	26	6	2	1	4	1	3	0	0	0	0	0	4.943151	0.524677	0.523252	0.518974	1.474725	4.250000	7.000000	0.756766	0.719479	0.607617	0	0	1	1	155	1168550
1444476497	40	37	38	30	6	3	3	0	6	4	1	1	1	0	1	4.943151	0.523252	0.523252	0.517549	1.474725	4.250000	7.000000	0.756766	0.756766	0.607617	0	0	1	1	155	1167429
1444476499	40	45	41	22	4	1	2	6	4	0	0	0	0	1	0	4.941538	0.523252	0.523252	0.518974	1.473920	4.250000	7.000000	0.761231	0.723931	0.649333	0	0	1	1	155	1164677
1444476500	34	29	34	31	3	4	0	3	2	4	1	0	0	0	0	4.941538	0.523252	0.523252	0.518974	1.475531	4.500000	7.000000	0.761231	0.761231	0.612034	0	0	1	1	155	1167404
1444476501	33	29	32	38	2	1	3	1	2	7	0	1	0	0	0	4.943151	0.523252	0.521826	0.518974	1.474725	4.250000	7.000000	0.756766	0.719479	0.607617	0	0	1	1	155	1167428
1444476502	40	37	35	33	3	2	6	6	6	3	0	0	0	1	0	4.943151	0.523252	0.523252	0.518974	1.474725	4.250000	7.000000	0.794054	0.756766	0.644904	0	0	1	1	155	1164664
1444476503	31	39	39	43	9	6	3	2	7	8	1	3	1	1	1	4.941538	0.523252	0.521826	0.517549	1.474725	4.250000	7.000000	0.798530	0.723931	0.686632	0	0	1	1	155	1167404
1444476505	30	31	41	40	3	1	1	3	2	7	0	1	0	0	0	4.941538	0.523252	0.524677	0.517549	1.474725	4.250000	7.000000	0.686632	0.686632	0.612034	0	0	1	1	155	1167429
1444476506	37	38	42	41	7	1	4	3	7	6	0	1	0	2	0	4.944762	0.523252	0.523252	0.517549	1.474725	4.250000	7.000000	0.752306	0.715030	0.603207	0	0	1	1	155	1164665
1444476507	36	25	43	44	3	4	2	3	6	5	1	0	0	0	0	4.941538	0.524677	0.523252	0.518974	1.475531	4.500000	7.000000	0.761231	0.761231	0.612034	0	0	1	1	155	1167400
1444476508	36	36	38	31	4	6	3	5	5	3	1	1	0	0	0	4.943151	0.523252	0.523252	0.517549	1.474725	4.250000	7.000000	0.756766	0.682191	0.607617	0	0	1	1	155	1168565
1444476509	26	33	34	39	4	0	3	2	7	5	0	1	0	1	0	4.941538	0.523252	0.521826	0.520400	1.475531	4.500000	7.000000	0.761231	0.723931	0.574735	0	0	1	1	155	1167419
1444476511	38	32	33	28	5	3	3	3	3	4	1	0	0	0	0	4.943151	0.523252	0.523252	0.518974	1.476337	4.500000	7.000000	0.756766	0.756766	0.644904	0	0	1	1	155	1164663
1444476512	41	27	35	31	5	2	2	3	4	9	0	0	0	1	0	4.944762	0.523252	0.523252	0.517549	1.475531	4.250000	7.000000	0.752306	0.565931	0.565931	0	0	1	1	155	1167394
1444476513	24	36	32	43	3	2	2	2	1	4	0	0	0	0	0	4.941538	0.523252	0.523252	0.517549	1.475531	4.500000	7.000000	0.761231	0.761231	0.649333	0	0	1	1	155	1167419
1444476514	33	33	48	39	4	4	2	4	5	4	1	1	0	0	0	4.939927	0.523252	0.523252	0.518974	1.475531	4.500000	7.000000	0.765698	0.765698	0.653762	0	0	1	1	155	1164661
1444476515	35	34	43	39	4	1	3	3	6	7	1	0	0	1	0	4.943151	0.523252	0.523252	0.517549	1.477143	4.500000	7.000000	0.756766	0.719479	0.607617	0	0	1	1	155	1167395
1444476517	36	30	32	35	2	1	1	3	5	6	1	0	0	0	0	4.943151	0.521826	0.523252	0.518974	1.476337	4.500000	7.000000	0.756766	0.719479	0.607617	0	0	1	1	155	1167419
1444476518	31	23	28	40	2	2	3	2	1	2	0	0	1	0	0	4.946374	0.520400	0.521826	0.518974	1.477143	4.500000	7.000000	0.747849	0.710586	0.598798	0	0	1	1	155	1164661
1444476519	27	39	32	35	3	1	0	7	3	4	1	0	0	0	0	4.941538	0.523252	0.523252	0.514697	1.475531	4.500000	7.000000	0.761231	0.723931	0.649333	0	0	1	1	155	1167393
1444476520	27	31	31	38	4	2	0	1	5	7	0	0	0	0	0	4.943151	0.523252	0.523252	0.518974	1.476337	4.500000	7.000000	0.756766	0.719479	0.570331	0	0	1	1	155	1168575
1444476521	24	34	30	38	3	0	3	2	2	3	0	1	0	0	0	4.943151	0.523252	0.523252	0.517549	1.477143	4.500000	7.000000	0.756766	0.719479	0.607617	0	0	1	1	155	1167429
1444476523	23	28	38	38	2	1	1	3	2	5	0	0	0	0	0	4.941538	0.523252	0.523252	0.518974	1.476337	4.500000	7.000000	0.761231	0.686632	0.612034	0	0	1	1	155	1164674
1444476524	33	33	32	36	2	4	3	5	4	3	1	0	0	0	0	4.939927	0.459093	0.504717	0.513271	1.475531	4.500000	7.000000	0.691074	0.728385	0.653762	0	0	1	1	155	1167404
1444476525	28	35	38	22	7	0	0	2	2	4	0	0	0	0	0	4.939927	0.523252	0.523252	0.517549	1.477143	4.500000	7.000000	0.765698	0.728385	0.579140	0	0	1	1	155	1167425
1444476526	42	41	51	32	5	6	1	4	0	3	1	0	0	0	0	4.943151	0.523252	0.523252	0.517549	1.477143	4.500000	7.000000	0.756766	0.682191	0.607617	0	0	1	1	155	1164684
1444476527	32	37	48	36	1	6	3	3	6	6	0	0	1	0	0	4.943151	0.523252	0.523252	0.520400	1.477143	4.500000	7.000000	0.756766	0.719479	0.607617	0	0	1	1	155	1167405
1444476529	33	30	40	36	4	2	5	3	2	8	0	0	0	0	0	4.943151	0.523252	0.521826	0.517549	1.477143	4.500000	7.000000	0.756766	0.719479	0.607617	0	0	1	1	155	1167429
1444476530	38	36	28	47	6	3	5	2	6	6	0	0	1	0	0	4.941538	0.523252	0.523252	0.517549	1.477143	4.500000	7.000000	0.761231	0.761231	0.649333	0	0	1	1	155	1164688
1444476531	35	30	26	35	4	5	3	2	3	3	0	0	1	0	0	4.939927	0.523252	0.523252	0.517549	1.477143	4.500000	7.000000	0.765698	0.765698	0.653762	0	0	1	1	155	1167399
1444476532	26	22	33	21	2	2	2	2	3	4	0	0	0	0	0	4.943151	0.521826	0.523252	0.518974	1.477949	4.500000	7.000000	0.682191	0.719479	0.607617	0	0	1	1	155	1168565
1444476533	36	32	43	33	4	4	2	3	4	5	1	1	1	0	1	4.943151	0.523252	0.523252	0.518974	1.477949	4.500000	7.000000	0.756766	0.719479	0.607617	0	0	1	1	155	1167419
1444476535	31	27	35	31	5	4	1	1	3	4	0	0	0	0	0	4.941538	0.523252	0.523252	0.518974	1.477949	4.500000	7.000000	0.761231	0.761231	0.612034	0	0	1	1	155	1164673
1444476536	31	42	31	35	5	1	2	1	6	5	0	0	0	0	0	4.943151	0.523252	0.523252	0.520400	1.477949	4.500000	7.000000	0.756766	0.719479	0.644904	0	0	1	1	155	1167394
1444476537	41	33	41	32	5	3	2	4	2	4	0	1	0	0	0	4.943151	0.523252	0.521826	0.516123	1.478755	4.500000	7.000000	0.756766	0.719479	0.607617	0	0	1	1	155	1167419
1444476538	35	43	34	39	8	4	3	1	3	4	0	1	0	0	0	4.943151	0.523252	0.523252	0.517549	1.477143	4.500000	7.000000	0.756766	0.756766	0.644904	0	0	1	1	155	1164660
1444476539	33	46	35	29	6	3	0	2	5	6	1	0	0	1	0	4.943151	0.523252	0.523252	0.517549	1.477949	4.500000	7.000000	0.756766	0.719479	0.570331	0	0	1	1	155	1167395
1444476541	24	29	40	36	2	0	2	2	3	5	0	0	0	1	0	4.943151	0.523252	0.523252	0.517549	1.477949	4.500000	7.000000	0.756766	0.756766	0.607617	0	0	1	1	155	1167422
1444476542	39	34	25	28	4	4	3	3	3	2	1	1	1	1	1	4.943151	0.523252	0.523252	0.518974	1.478755	4.500000	7.000000	0.756766	0.719479	0.607617	0	0	1	1	155	1164667
1444476543	25	40	37	34	5	4	2	5	4	6	3	1	1	2	1	4.941538	0.523252	0.523252	0.517549	1.477949	4.500000	7.000000	0.761231	0.761231	0.649333	0	0	1	1	155	1167395
1444476544	34	30	31	47	2	5	5	2	3	2	0	0	0	0	0	4.943151	0.514697	0.517549	0.523252	1.479560	4.500000	7.000000	0.682191	0.719479	0.607617	0	0	1	1	155	1168574
1444476545	21	35	32	35	1	1	2	3	6	7	0	1	0	1	0	4.941538	0.521826	0.523252	0.517549	1.479560	4.500000	7.000000	0.798530	0.649333	0.574735	0	0	1	1	155	1167429
1444476547	28	34	42	32	1	6	1	4	4	10	0	0	1	1	0	4.943151	0.523252	0.523252	0.517549	1.478755	4.500000	7.000000	0.719479	0.644904	0.570331	0	0	1	1	155	1164680
1444476548	29	33	30	31	6	2	1	3	3	5	1	1	1	1	1	4.941538	0.523252	0.523252	0.517549	1.479560	4.500000	7.000000	0.761231	0.723931	0.574735	0	0	1	1	156	1167425
1444476549	37	29	29	25	7	7	1	2	3	5	1	0	0	0	0	4.944762	0.523252	0.523252	0.518974	1.478755	4.500000	7.000000	0.752306	0.677756	0.565931	0	0	1	1	155	1167423
1444476550	35	36	39	30	4	5	5	1	6	8	1	0	0	0	0	4.943151	0.523252	0.523252	0.517549	1.478755	4.500000	7.000000	0.756766	0.756766	0.644904	0	0	1	1	155	1176747
1444476551	34	39	37	41	7	4	2	4	4	4	0	1	0	0	0	4.943151	0.521826	0.521826	0.518974	1.479560	4.500000	7.000000	0.756766	0.719479	0.570331	0	0	1	1	155	1167405
1444476553	41	36	35	40	6	1	2	3	3	9	0	0	0	0	0	4.941538	0.523252	0.523252	0.517549	1.480366	4.500000	7.000000	0.761231	0.761231	0.612034	0	0	1	1	155	1167429
1444476554	44	46	33	36	4	2	4	3	7	5	0	0	0	2	0	4.943151	0.523252	0.523252	0.518974	1.479560	4.500000	7.000000	0.719479	0.719479	0.607617	0	0	1	1	155	1164670
1444476555	38	33	36	36	3	4	2	1	5	9	0	0	1	0	0	4.941538	0.523252	0.523252	0.518974	1.479560	4.500000	7.000000	0.761231	0.723931	0.612034	0	0	1	1	155	1167399
1444476556	28	31	37	32	3	2	2	1	5	6	0	0	1	0	0	4.943151	0.523252	0.523252	0.518974	1.480366	4.500000	7.000000	0.756766	0.719479	0.607617	0	0	1	1	155	1168565
1444476557	37	37	34	38	7	3	3	3	7	4	0	3	0	1	0	4.943151	0.524677	0.523252	0.518974	1.480366	4.500000	7.000000	0.756766	0.719479	0.607617	0	0	1	1	155	1164668
1444476559	28	27	31	39	7	3	3	3	5	1	2	0	1	0	0	4.944762	0.523252	0.523252	0.517549	1.479560	4.500000	7.000000	0.752306	0.565931	0.565931	0	0	1	1	155	1167395
1444476560	32	28	41	40	0	2	3	1	5	6	0	0	0	0	0	4.943151	0.523252	0.523252	0.518974	1.479560	4.500000	7.000000	0.756766	0.719479	0.644904	0	0	1	1	155	1167419
1444476561	38	30	32	33	3	3	1	1	2	3	0	0	0	1	0	4.941538	0.523252	0.523252	0.517549	1.480366	4.500000	7.000000	0.798530	0.723931	0.612034	0	0	1	1	155	1167419
1444476562	34	23	24	23	1	0	2	0	1	0	0	0	0	0	0	4.939927	0.523252	0.523252	0.518974	1.480366	4.500000	7.000000	0.765698	0.728385	0.579140	0	0	1	1	155	1164674
1444476563	25	28	37	39	0	3	1	4	2	9	0	0	0	1	0	4.944762	0.521826	0.523252	0.517549	1.480366	4.500000	7.000000	0.677756	0.715030	0.565931	0	0	1	1	155	1167394
1444476565	45	35	31	30	7	1	1	4	3	2	0	0	0	1	0	4.943151	0.523252	0.523252	0.518974	1.480366	4.500000	7.000000	0.719479	0.719479	0.607617	0	0	1	1	155	1167418
1444476566	30	40	31	34	3	1	2	4	5	3	0	0	0	1	0	4.943151	0.523252	0.523252	0.518974	1.481172	4.500000	7.000000	0.756766	0.719479	0.570331	0	0	1	1	155	1164589
1444476567	23	46	26	30	1	2	0	3	4	1	0	0	0	0	0	4.943151	0.523252	0.523252	0.518974	1.480366	4.500000	7.000000	0.719479	0.756766	0.607617	0	0	1	1	155	1167397
1444476568	28	34	47	33	4	2	3	1	5	5	1	0	0	0	0	4.943151	0.523252	0.523252	0.518974	1.481172	4.500000	7.000000	0.756766	0.719479	0.607617	0	0	1	1	155	1168574
1444476569	39	37	40	31	7	4	4	3	3	10	1	1	1	0	0	4.941538	0.520400	0.523252	0.518974	1.481172	4.500000	7.000000	0.686632	0.686632	0.612034	0	0	1	1	155	1164816
1444476571	35	33	29	32	1	0	0	4	3	1	0	0	0	0	0	4.939927	0.518974	0.520400	0.517549	1.480366	4.500000	7.000000	0.653762	0.728385	0.616451	0	0	1	1	156	1167425
1444476572	29	36	28	25	6	2	3	1	2	3	0	0	0	0	0	4.943151	0.523252	0.523252	0.518974	1.481978	4.500000	7.000000	0.756766	0.794054	0.644904	0	0	1	1	155	1167421
1444476573	38	36	37	40	7	6	4	6	8	7	2	1	2	2	1	4.944762	0.521826	0.523252	0.518974	1.481172	4.500000	7.000000	0.752306	0.715030	0.603207	0	0	1	1	155	1167428
1444476574	34	39	32	33	3	3	1	1	3	6	1	0	0	0	0	4.941538	0.520400	0.523252	0.520400	1.481172	4.500000	7.000000	0.723931	0.723931	0.612034	0	0	1	1	155	1164668
1444476575	33	34	31	39	6	1	1	2	3	6	1	0	0	0	0	4.943151	0.520400	0.521826	0.517549	1.481172	4.500000	7.000000	0.682191	0.756766	0.570331	0	0	1	1	155	1167404
1444476577	33	38	42	37	6	3	4	2	5	1	0	0	0	0	0	4.943151	0.514697	0.518974	0.517549	1.481172	4.500000	7.000000	0.644904	0.719479	0.458469	0	0	1	1	155	1167429
1444476578	37	22	33	34	4	2	2	1	0	2	0	0	0	0	0	4.944762	0.518974	0.523252	0.518974	1.481978	4.500000	7.000000	0.677756	0.752306	0.603207	0	0	1	1	155	1164680
1444476579	36	27	38	26	1	2	0	5	4	4	1	0	0	0	0	4.941538	0.521826	0.523252	0.518974	1.480366	4.500000	7.000000	0.686632	0.761231	0.612034	0	0	1	1	155	1167400
1444476580	43	36	32	38	3	7	7	4	1	9	1	0	3	0	0	4.941538	0.520400	0.523252	0.520400	1.481978	4.500000	7.000000	0.723931	0.723931	0.612034	0	0	1	1	155	1168565
1444476581	41	33	37	33	7	2	1	4	7	3	0	0	0	1	0	4.941538	0.523252	0.521826	0.517549	1.481978	4.500000	7.000000	0.686632	0.723931	0.612034	0	0	1	1	155	1164666
1444476583	44	28	35	29	3	2	2	2	1	7	0	0	0	0	0	4.939927	0.520400	0.523252	0.518974	1.481978	4.500000	7.000000	0.728385	0.728385	0.616451	0	0	1	1	155	1167394
1444476584	43	39	26	32	4	2	1	1	1	7	0	0	0	0	0	4.943151	0.521826	0.523252	0.518974	1.481978	4.500000	7.000000	0.682191	0.570331	0.570331	0	0	1	1	155	1167419
1444476585	24	30	34	33	4	2	1	4	1	4	0	0	0	0	0	4.941538	0.521826	0.521826	0.518974	1.482784	4.500000	7.000000	0.723931	0.723931	0.612034	0	0	1	1	155	1167419
1444476586	45	32	28	41	7	2	1	3	1	6	0	0	0	0	0	4.943151	0.520400	0.523252	0.517549	1.482784	4.500000	7.500000	0.682191	0.719479	0.607617	0	0	1	1	155	1164673
1444476587	29	32	42	28	1	3	0	4	2	9	0	0	0	0	0	4.943151	0.520400	0.523252	0.517549	1.481978	4.500000	7.000000	0.682191	0.719479	0.607617	0	0	1	1	155	1167395
1444476589	33	23	31	34	3	1	5	4	3	3	0	0	0	0	0	4.943151	0.520400	0.523252	0.518974	1.482784	4.500000	7.000000	0.682191	0.682191	0.644904	0	0	1	1	155	1167419
1444476590	37	34	29	35	3	3	3	1	3	3	0	0	0	0	0	4.943151	0.518974	0.521826	0.518974	1.482784	4.500000	7.000000	0.682191	0.719479	0.607617	0	0	1	1	155	1164678
1444476591	30	42	40	44	5	3	4	5	4	7	0	0	0	0	0	4.941538	0.521826	0.523252	0.517549	1.481172	4.500000	7.500000	0.798530	0.723931	0.612034	0	0	1	1	155	1167393
1444476592	23	23	37	33	2	1	0	3	3	6	1	0	0	0	0	4.944762	0.520400	0.523252	0.518974	1.482784	4.500000	7.000000	0.677756	0.715030	0.603207	0	0	1	1	155	1168575
1444476593	37	33	34	34	3	6	4	0	4	3	0	0	1	0	0	4.943151	0.520400	0.523252	0.518974	1.483590	4.500000	7.500000	0.682191	0.719479	0.570331	0	0	1	1	155	1164677
1444476595	32	36	20	24	4	2	1	1	3	1	1	0	0	0	0	4.943151	0.521826	0.521826	0.518974	1.482784	4.500000	7.500000	0.719479	0.756766	0.644904	0	0	1	1	155	1167404
1444476596	38	45	31	34	5	2	2	4	5	4	0	0	0	1	0	4.936703	0.521826	0.523252	0.518974	1.482784	4.500000	7.500000	0.699966	0.737302	0.625295	0	0	1	1	155	1167428
1444476597	30	40	33	39	3	2	0	4	6	4	1	0	0	0	0	4.941538	0.521826	0.521826	0.517549	1.483590	4.500000	7.000000	0.723931	0.761231	0.612034	0	0	1	1	155	1195304
1444476598	48	38	37	25	3	6	3	7	3	2	1	0	1	1	0	4.943151	0.521826	0.523252	0.518974	1.482784	4.500000	7.500000	0.719479	0.719479	0.570331	0	0	1	1	155	1167407
1444476599	30	35	34	31	4	1	2	1	4	4	0	0	0	1	0	4.943151	0.521826	0.521826	0.517549	1.483590	4.500000	7.500000	0.682191	0.719479	0.607617	0	0	1	1	155	1167428
1444476601	29	27	37	38	1	3	3	2	4	2	0	0	0	0	0	4.943151	0.520400	0.521826	0.517549	1.483590	4.500000	7.500000	0.719479	0.756766	0.644904	0	0	1	1	155	1167429
1444476602	29	35	46	33	2	4	0	2	0	5	0	0	0	0	0	4.943151	0.518974	0.523252	0.517549	1.484396	4.500000	7.500000	0.682191	0.719479	0.607617	0	0	1	1	155	1164705
1444476603	26	41	24	24	5	0	1	2	2	6	0	0	0	1	0	4.943151	0.520400	0.523252	0.518974	1.481978	4.500000	7.500000	0.719479	0.682191	0.644904	0	0	1	1	155	1167399
1444476604	33	43	43	40	4	4	2	4	2	6	0	0	1	0	0	4.943151	0.523252	0.523252	0.518974	1.485202	4.500000	7.500000	0.719479	0.719479	0.644904	0	0	1	1	155	1168565
1444476605	35	33	34	28	4	0	2	2	2	5	0	0	0	0	0	4.943151	0.521826	0.521826	0.518974	1.484396	4.500000	7.500000	0.682191	0.719479	0.607617	0	0	1	1	155	1164671
1444476607	35	32	43	23	2	1	3	2	0	4	0	0	0	0	0	4.944762	0.521826	0.523252	0.518974	1.485202	4.500000	7.500000	0.715030	0.715030	0.603207	0	0	1	1	155	1167394
1444476608	38	37	32	37	5	1	4	2	3	1	0	0	0	0	0	4.944762	0.523252	0.523252	0.517549	1.485202	4.500000	7.500000	0.752306	0.528657	0.565931	0	0	1	1	155	1167419
1444476609	31	34	33	36	7	3	1	1	6	9	1	1	0	0	0	4.943151	0.520400	0.523252	0.518974	1.483590	4.500000	7.500000	0.682191	0.570331	0.458469	0	0	1	1	155	1164658
1444476610	34	34	28	38	3	2	4	4	3	2	0	0	0	1	0	4.939927	0.520400	0.523252	0.518974	1.484396	4.500000	7.500000	0.728385	0.691074	0.653762	0	0	1	1	155	1167395
1444476611	46	33	30	31	3	4	3	3	6	4	0	0	1	0	0	4.941538	0.520400	0.523252	0.518974	1.485202	4.500000	7.500000	0.686632	0.723931	0.612034	0	0	1	1	155	1167419
1444476613	47	42	31	37	10	3	2	2	5	2	0	0	0	0	0	4.943151	0.523252	0.523252	0.516123	1.483590	4.500000	7.500000	0.756766	0.719479	0.607617	0	0	1	1	155	1167419
1444476614	31	38	39	34	8	2	3	1	6	5	0	2	1	0	0	4.941538	0.521826	0.523252	0.511846	1.482784	4.500000	7.500000	0.835829	0.761231	0.649333	0	0	1	1	156	1164701
1444476615	39	37	42	40	4	7	4	4	5	7	1	1	2	0	0	4.943151	0.517549	0.523252	0.520400	1.484396	4.500000	7.500000	0.682191	0.756766	0.607617	0	0	1	1	155	1167394
1444476616	31	35	29	43	3	0	4	3	3	4	0	0	0	0	0	4.943151	0.523252	0.523252	0.518974	1.486007	4.500000	7.500000	0.756766	0.756766	0.607617	0	0	1	1	155	1168574
1444476617	28	35	35	33	5	2	3	1	2	7	0	1	1	0	0	4.943151	0.521826	0.523252	0.517549	1.485202	4.500000	7.500000	0.719479	0.756766	0.607617	0	0	1	1	155	1164674
1444476619	32	36	35	40	4	3	3	4	2	6	0	0	0	0	0	4.943151	0.520400	0.523252	0.517549	1.485202	4.500000	7.500000	0.682191	0.719479	0.607617	0	0	1	1	155	1167405
1444476620	26	32	39	35	5	3	1	4	3	7	1	0	1	0	0	4.941538	0.518974	0.521826	0.517549	1.485202	4.500000	7.500000	0.500136	0.686632	0.537436	0	0	1	1	155	1167429
1444476621	40	36	30	34	6	0	3	5	4	4	0	0	0	1	0	4.943151	0.520400	0.523252	0.511846	1.484396	4.500000	7.500000	0.756766	0.719479	0.607617	0	0	1	1	155	1164738
1444476622	23	35	44	35	3	3	2	7	3	8	0	0	1	1	0	4.943151	0.520400	0.520400	0.518974	1.486007	4.500000	7.500000	0.682191	0.756766	0.644904	0	0	1	1	155	1167404
1444476623	35	38	43	31	3	4	2	4	6	3	0	0	1	0	0	4.941538	0.523252	0.523252	0.518974	1.486007	4.500000	7.500000	0.761231	0.761231	0.612034	0	0	1	1	155	1167432
1444476625	35	34	31	41	2	2	1	2	4	6	0	0	0	0	0	4.941538	0.521826	0.523252	0.517549	1.486007	4.500000	7.500000	0.686632	0.761231	0.612034	0	0	1	1	155	1167429
1444476626	29	44	22	33	5	1	0	3	5	3	0	0	0	1	0	4.941538	0.521826	0.523252	0.518974	1.486007	4.500000	7.500000	0.686632	0.686632	0.649333	0	0	1	1	155	1164686
1444476627	33	33	37	30	4	5	2	6	7	6	3	1	2	2	1	4.941538	0.528955	0.521826	0.518974	1.486007	4.500000	7.500000	0.686632	0.723931	0.612034	0	0	1	1	155	1167400
1444476628	42	26	33	31	3	9	3	2	3	4	0	0	1	0	0	4.943151	0.521826	0.523252	0.518974	1.486007	4.500000	7.500000	0.682191	0.682191	0.644904	0	0	1	1	155	1168565
1444476629	38	39	36	34	4	2	3	4	3	5	0	0	1	1	0	4.943151	0.520400	0.523252	0.517549	1.486813	4.500000	7.500000	0.719479	0.719479	0.607617	0	0	1	1	155	1164651
1444476631	30	27	31	44	1	4	4	0	2	9	0	0	1	0	0	4.943151	0.521826	0.523252	0.518974	1.486813	4.500000	7.500000	0.719479	0.756766	0.607617	0	0	1	1	155	1167395
1444476632	34	33	26	38	3	4	1	2	1	6	0	1	0	0	0	4.943151	0.520400	0.523252	0.518974	1.486813	4.500000	7.500000	0.682191	0.756766	0.607617	0	0	1	1	155	1167419
1444476633	41	36	33	27	8	2	1	1	2	5	0	0	0	0	0	4.943151	0.520400	0.523252	0.511846	1.485202	4.500000	7.500000	0.831341	0.756766	0.607617	0	0	1	1	155	1164649
1444476634	43	30	46	31	5	3	2	1	3	5	0	0	0	0	0	4.941538	0.520400	0.523252	0.518974	1.486813	4.500000	7.500000	0.686632	0.723931	0.612034	0	0	1	1	155	1167394
1444476635	36	30	34	43	3	3	4	3	8	5	1	1	0	2	0	4.941538	0.521826	0.523252	0.518974	1.486007	4.500000	7.500000	0.686632	0.723931	0.612034	0	0	1	1	155	1167421
1444476637	40	24	19	37	2	3	7	1	2	4	0	0	1	0	0	4.943151	0.520400	0.523252	0.517549	1.486813	4.500000	7.500000	0.682191	0.756766	0.644904	0	0	1	1	155	1164668
1444476638	35	30	17	34	3	1	1	1	3	3	0	0	0	0	0	4.943151	0.520400	0.523252	0.518974	1.486813	4.500000	7.500000	0.719479	0.719479	0.607617	0	0	1	1	155	1167395
1444476639	34	39	31	29	5	4	1	3	4	2	1	0	0	1	0	4.939927	0.516123	0.520400	0.520400	1.486007	4.500000	7.500000	0.691074	0.728385	0.616451	0	0	1	1	155	1167416
1444476640	25	43	27	36	2	3	0	3	5	5	1	0	0	0	0	4.943151	0.520400	0.521826	0.517549	1.486813	4.500000	7.500000	0.719479	0.719479	0.570331	0	0	1	1	155	1168574
1444476641	39	42	37	41	5	0	3	5	6	9	0	1	0	0	0	4.943151	0.520400	0.523252	0.518974	1.486813	4.500000	7.500000	0.682191	0.719479	0.570331	0	0	1	1	155	1164691
1444476643	41	38	36	47	3	1	4	4	5	6	0	1	0	0	0	4.939927	0.520400	0.521826	0.518974	1.487619	4.750000	7.500000	0.691074	0.765698	0.616451	0	0	1	1	155	1167431
1444476644	26	30	29	34	3	1	2	3	4	6	0	1	0	0	0	4.943151	0.520400	0.523252	0.517549	1.487619	4.500000	7.500000	0.719479	0.719479	0.607617	0	0	1	1	155	1167429
1444476645	29	30	44	29	2	3	1	5	5	5	0	0	0	0	0	4.943151	0.520400	0.521826	0.517549	1.488425	4.750000	7.500000	0.682191	0.719479	0.607617	0	0	1	1	155	1164681
1444476646	17	33	26	38	1	1	1	3	6	6	1	1	1	3	1	4.943151	0.521826	0.523252	0.518974	1.487619	4.500000	7.500000	0.719479	0.682191	0.570331	0	0	1	1	155	1167405
1444476647	28	25	27	44	2	0	1	1	2	5	0	0	0	0	0	4.943151	0.521826	0.521826	0.518974	1.488425	4.750000	7.500000	0.719479	0.682191	0.570331	0	0	1	1	155	1167428
1444476649	36	39	35	30	5	2	3	4	3	8	1	0	1	1	0	4.941538	0.520400	0.523252	0.518974	1.487619	4.750000	7.500000	0.723931	0.723931	0.612034	0	0	1	1	155	1164700
1444476650	30	28	32	32	2	2	2	0	6	2	0	1	0	0	0	4.938315	0.521826	0.524677	0.518974	1.487619	4.750000	7.500000	0.770166	0.732842	0.620872	0	0	1	1	155	1167404
1444476651	37	36	23	42	5	2	0	3	2	7	0	0	0	0	0	4.943151	0.520400	0.523252	0.518974	1.487619	4.500000	7.500000	0.719479	0.719479	0.607617	0	0	1	1	155	1167424
1444476652	43	38	35	35	7	4	4	6	8	4	2	0	0	2	0	4.944762	0.521826	0.523252	0.517549	1.488425	4.750000	7.500000	0.715030	0.528657	0.528657	0	0	1	1	155	1168565
1444476653	35	37	23	34	5	1	0	2	3	2	0	0	0	0	0	4.943151	0.520400	0.513271	0.516123	1.488425	4.750000	7.500000	0.682191	0.682191	0.570331	0	0	1	1	155	1164666
1444476655	33	31	35	23	5	2	2	0	0	2	0	0	0	0	0	4.941538	0.521826	0.523252	0.520400	1.487619	4.750000	7.500000	0.723931	0.723931	0.649333	0	0	1	1	155	1167395
1444476656	33	45	41	34	6	4	6	5	6	3	1	0	0	0	0	4.941538	0.520400	0.523252	0.518974	1.489231	4.750000	7.500000	0.723931	0.723931	0.649333	0	0	1	1	155	1167419
1444476657	34	28	38	39	1	2	0	0	4	5	0	0	0	0	0	4.943151	0.520400	0.523252	0.518974	1.487619	4.500000	7.500000	0.682191	0.719479	0.607617	0	0	1	1	155	1164664
1444476658	41	32	29	25	9	3	1	3	1	5	1	0	0	1	0	4.949597	0.521826	0.520400	0.516123	1.489231	4.500000	7.500000	0.701703	0.738943	0.627226	0	0	1	1	155	1167394
1444476659	28	33	37	46	1	1	0	3	3	7	0	0	0	0	0	4.943151	0.521826	0.523252	0.518974	1.488425	4.750000	7.500000	0.644904	0.756766	0.421182	0	0	1	1	155	1167419
1444476661	46	47	27	29	7	2	3	2	8	5	0	1	0	1	0	4.941538	0.521826	0.521826	0.517549	1.487619	4.750000	7.500000	0.686632	0.723931	0.649333	0	0	1	1	155	1174925
1444476662	36	46	33	43	5	4	1	5	4	5	1	1	0	0	0	4.943151	0.518974	0.523252	0.518974	1.489231	4.750000	7.500000	0.682191	0.756766	0.607617	0	0	1	1	155	1167395
1444476663	28	26	37	26	3	0	2	1	3	1	0	0	0	0	0	4.939927	0.521826	0.524677	0.518974	1.489231	4.750000	7.500000	0.728385	0.803008	0.653762	0	0	1	1	155	1167422
1444476664	39	39	47	28	11	4	1	2	3	7	1	1	0	0	0	4.936703	0.520400	0.523252	0.518974	1.488425	4.750000	7.500000	0.699966	0.774638	0.625295	0	0	1	1	155	1168574
1444476665	35	42	37	27	4	2	1	5	3	8	1	0	0	0	0	4.939927	0.521826	0.523252	0.517549	1.490037	4.750000	7.500000	0.691074	0.765698	0.653762	0	0	1	1	156	1164674
1444476667	35	43	31	39	1	2	1	3	5	5	0	0	0	1	0	4.943151	0.521826	0.523252	0.517549	1.488425	4.750000	7.500000	0.682191	0.719479	0.607617	0	0	1	1	155	1167404
1444476668	31	35	36	26	4	3	3	3	4	3	1	0	1	0	0	4.939927	0.520400	0.523252	0.518974	1.490037	4.750000	7.500000	0.728385	0.765698	0.541828	0	0	1	1	155	1167429
1444476669	33	33	43	39	3	4	3	5	4	5	0	0	1	0	0	4.944762	0.520400	0.523252	0.517549	1.490037	4.750000	7.500000	0.677756	0.677756	0.528657	0	0	1	1	155	1164682
1444476670	42	36	32	33	4	4	4	2	4	2	0	0	0	1	0	4.941538	0.520400	0.523252	0.518974	1.490037	4.750000	7.500000	0.723931	0.686632	0.612034	0	0	1	1	155	1167407
1444476671	33	44	33	39	5	2	1	5	6	2	1	0	0	0	0	4.943151	0.521826	0.523252	0.517549	1.490037	4.750000	7.500000	0.719479	0.719479	0.607617	0	0	1	1	155	1167428
1444476673	30	29	36	28	1	6	1	3	3	2	0	0	0	0	0	4.943151	0.523252	0.523252	0.517549	1.490843	4.750000	7.500000	0.719479	0.719479	0.607617	0	0	1	1	155	1164684
1444476674	45	30	32	34	5	1	3	2	3	3	0	1	0	0	0	4.941538	0.518974	0.523252	0.518974	1.490843	4.750000	7.500000	0.723931	0.723931	0.462836	0	0	1	1	155	1167404
1444476675	32	36	31	31	2	0	3	4	6	2	0	1	0	1	0	4.941538	0.521826	0.524677	0.518974	1.490843	4.750000	7.500000	0.649333	0.723931	0.649333	0	0	1	1	155	1167424
1444476676	36	40	39	31	3	4	2	2	1	6	0	0	1	0	0	4.943151	0.521826	0.523252	0.518974	1.490843	4.750000	7.500000	0.607617	0.719479	0.644904	0	0	1	1	155	1165823
1444476677	35	42	38	38	4	5	5	5	2	10	1	0	2	0	0	4.941538	0.523252	0.521826	0.517549	1.490843	4.750000	7.500000	0.723931	0.723931	0.574735	0	0	1	1	155	1167395
1444476679	37	25	31	32	2	4	2	1	1	5	0	1	0	0	0	4.941538	0.520400	0.523252	0.517549	1.490843	4.750000	7.500000	0.723931	0.723931	0.612034	0	0	1	1	156	1167440
1444476680	53	28	32	34	6	1	3	3	2	5	1	0	0	0	0	4.944762	0.521826	0.523252	0.517549	1.490843	4.750000	7.500000	0.640481	0.715030	0.565931	0	0	1	1	155	1167414
1444476681	34	24	32	29	4	2	3	1	0	7	0	0	1	0	0	4.943151	0.521826	0.523252	0.517549	1.491648	4.750000	7.500000	0.607617	0.682191	0.682191	0	0	1	1	155	1164667
1444476682	30	27	32	28	2	1	1	2	2	1	0	0	0	0	0	4.941538	0.521826	0.523252	0.518974	1.490843	4.750000	7.500000	0.723931	0.723931	0.649333	0	0	1	1	155	1167395
1444476683	42	42	32	23	4	2	1	2	3	4	0	0	0	0	0	4.944762	0.521826	0.523252	0.518974	1.491648	4.750000	7.500000	0.715030	0.677756	0.603207	0	0	1	1	155	1167419
1444476685	40	34	39	49	5	2	4	1	6	1	0	1	0	0	0	4.943151	0.521826	0.521826	0.518974	1.492454	4.750000	7.500000	0.682191	0.719479	0.570331	0	0	1	1	155	1164665
1444476686	33	26	31	35	3	5	2	0	2	4	0	0	0	0	0	4.939927	0.521826	0.523252	0.518974	1.491648	4.750000	7.500000	0.691074	0.728385	0.616451	0	0	1	1	155	1167394
1444476687	28	30	25	46	3	2	3	2	3	6	0	0	0	1	0	4.941538	0.521826	0.523252	0.516123	1.488425	4.750000	7.500000	0.686632	0.723931	0.612034	0	0	1	1	155	1167419
1444476688	31	42	30	30	2	2	2	6	3	3	0	0	0	0	0	4.941538	0.520400	0.520400	0.517549	1.491648	4.750000	7.500000	0.723931	0.686632	0.649333	0	0	1	1	155	1165814
1444476689	40	32	34	40	3	2	1	2	2	4	0	0	0	0	0	4.943151	0.521826	0.523252	0.517549	1.491648	4.750000	7.500000	0.682191	0.756766	0.607617	0	0	1	1	155	1167404
1444476691	32	36	27	37	5	1	1	1	4	8	0	0	0	0	0	4.943151	0.523252	0.521826	0.518974	1.491648	4.750000	7.500000	0.719479	0.682191	0.607617	0	0	1	1	155	1167429
1444476692	36	28	38	32	2	1	1	2	3	3	0	0	0	0	0	4.943151	0.521826	0.523252	0.517549	1.491648	4.750000	7.500000	0.719479	0.682191	0.607617	0	0	1	1	155	1167429
1444476693	28	35	38	41	6	2	3	3	8	9	1	1	0	1	0	4.941538	0.513271	0.518974	0.511846	1.491648	4.750000	7.500000	12.435924	63.274921	0.574735	0	0	1	1	155	1164594
1444476694	33	47	35	39	2	2	2	1	8	5	0	0	0	0	0	4.939927	0.521826	0.520400	0.518974	1.492454	4.750000	7.500000	0.728385	0.691074	0.653762	0	0	1	1	157	1167446
1444476695	35	35	31	34	4	4	2	2	2	3	0	0	0	0	0	4.943151	0.520400	0.523252	0.517549	1.493260	4.750000	7.500000	0.682191	0.719479	0.607617	0	0	1	1	155	1167419
1444476697	26	31	32	33	3	1	1	3	3	3	0	0	1	0	0	4.943151	0.521826	0.523252	0.517549	1.493260	4.750000	7.500000	0.644904	0.644904	0.644904	0	0	1	1	155	1194302
1444476698	27	27	34	33	2	3	3	2	2	3	0	1	0	0	0	4.943151	0.520400	0.520400	0.517549	1.492454	4.750000	7.500000	0.682191	0.644904	0.607617	0	0	1	1	155	1167404
1444476699	47	27	33	42	5	1	3	4	3	8	1	0	0	1	0	4.939927	0.521826	0.520400	0.518974	1.491648	4.750000	7.500000	0.728385	0.653762	0.616451	0	0	1	1	155	1167424
1444476700	35	29	30	18	2	3	0	3	2	4	0	0	0	1	0	4.943151	0.520400	0.523252	0.517549	1.493260	4.750000	7.500000	0.682191	0.719479	0.607617	0	0	1	1	155	1171142
1444476701	29	28	40	35	3	2	3	1	2	8	0	0	1	0	0	4.944762	0.521826	0.523252	0.518974	1.493260	4.750000	7.500000	0.677756	0.752306	0.603207	0	0	1	1	155	1167394
1444476703	30	38	33	43	7	2	2	2	6	5	1	0	0	0	0	4.944762	0.520400	0.523252	0.518974	1.493260	4.750000	7.500000	0.677756	0.715030	0.603207	0	0	1	1	155	1167419
1444476704	31	33	42	32	3	3	2	3	4	4	1	0	0	0	0	4.943151	0.523252	0.523252	0.517549	1.490037	4.750000	7.500000	0.756766	0.719479	0.607617	0	0	1	1	155	1167419
1444476705	38	37	32	27	8	1	2	3	4	2	0	0	0	0	0	4.943151	0.521826	0.518974	0.510420	1.494066	4.750000	7.500000	0.644904	0.719479	0.607617	0	0	1	1	155	1164671
1444476706	30	39	33	35	8	2	2	4	2	3	0	0	0	0	0	4.943151	0.521826	0.523252	0.518974	1.494066	4.750000	7.500000	0.682191	0.682191	0.607617	0	0	1	1	155	1167394
1444476707	40	37	36	37	4	1	1	3	3	6	0	0	0	0	0	4.943151	0.521826	0.523252	0.517549	1.494066	4.750000	7.500000	0.682191	0.756766	0.644904	0	0	1	1	155	1167421
1444476709	36	33	47	40	3	4	3	2	3	8	1	1	0	0	0	4.939927	0.521826	0.523252	0.517549	1.493260	4.750000	7.500000	0.728385	0.728385	0.653762	0	0	1	1	155	1164662
1444476710	29	44	26	29	7	1	1	2	2	2	0	0	0	0	0	4.943151	0.521826	0.523252	0.518974	1.494066	4.750000	7.500000	0.719479	0.756766	0.607617	0	0	1	1	155	1167395
1444476711	34	35	30	38	3	0	3	3	3	6	0	1	0	0	0	4.939927	0.521826	0.520400	0.518974	1.493260	4.750000	7.500000	0.728385	0.728385	0.616451	0	0	1	1	155	1167419
1444476712	25	40	38	37	4	0	4	6	4	5	0	0	0	1	0	4.941538	0.548915	0.521826	0.516123	1.492454	4.750000	7.500000	0.873128	0.686632	0.462836	0	0	1	1	155	1165822
1444476713	31	37	34	34	3	0	1	3	5	5	0	0	0	0	0	4.943151	0.521826	0.523252	0.517549	1.494066	4.750000	7.500000	0.719479	0.756766	0.570331	0	0	1	1	155	1167404
1444476715	36	26	21	32	6	2	0	0	1	4	0	0	0	0	0	4.943151	0.521826	0.523252	0.517549	1.494872	4.750000	7.500000	0.682191	0.756766	0.644904	0	0	1	1	155	1167431
1444476716	31	35	33	33	2	1	0	4	3	3	0	0	0	1	0	4.943151	0.520400	0.523252	0.517549	1.494872	4.750000	7.500000	0.719479	0.756766	0.644904	0	0	1	1	155	1167428
1444476717	41	38	46	33	10	6	7	6	5	9	1	2	1	1	1	4.941538	0.521826	0.523252	0.518974	1.494066	4.750000	7.500000	0.723931	0.723931	0.612034	0	0	1	1	155	1164669
1444476718	36	40	31	34	2	4	1	2	5	3	1	0	1	0	0	4.943151	0.518974	0.521826	0.517549	1.494066	4.750000	7.500000	1.875384	0.719479	0.495756	0	0	1	1	156	1167425
1444476719	38	33	33	38	3	0	4	3	4	3	0	0	0	1	0	4.941538	0.521826	0.521826	0.518974	1.494066	4.750000	7.500000	0.686632	0.723931	0.612034	0	0	1	1	155	1167424
1444476721	29	30	41	31	2	3	2	3	1	6	0	0	1	0	0	4.943151	0.521826	0.521826	0.518974	1.494066	4.750000	7.500000	0.682191	0.719479	0.607617	0	0	1	1	155	1164703
1444476722	33	38	34	34	5	2	3	5	8	5	1	1	0	1	0	4.943151	0.520400	0.523252	0.518974	1.495678	4.750000	7.500000	0.719479	0.756766	0.607617	0	0	1	1	155	1167404
1444476723	42	26	42	38	2	0	4	1	6	4	0	0	0	0	0	4.936703	0.521826	0.523252	0.518974	1.493260	4.750000	7.500000	0.737302	0.737302	0.662630	0	0	1	1	155	1167423
1444476724	48	37	37	39	7	5	3	5	5	6	2	2	2	1	2	4.941538	0.521826	0.523252	0.517549	1.495678	4.750000	7.500000	0.686632	0.761231	0.612034	0	0	1	1	155	1165839
1444476725	35	33	28	38	3	1	2	3	4	4	0	0	0	1	0	4.944762	0.523252	0.521826	0.518974	1.494872	4.750000	7.500000	0.715030	0.528657	0.491381	0	0	1	1	155	1167395
1444476727	26	30	29	32	3	2	2	2	1	4	0	0	1	0	0	4.944762	0.523252	0.523252	0.518974	1.495678	4.750000	7.500000	0.752306	0.715030	0.565931	0	0	1	1	155	1167419
1444476728	38	42	37	38	6	3	3	3	4	6	0	1	1	0	0	4.943151	0.521826	0.523252	0.518974	1.494872	4.750000	7.500000	0.682191	0.719479	0.607617	0	0	1	1	155	1164668
1444476729	31	36	34	43	2	2	5	3	4	8	0	0	1	0	0	4.944762	0.523252	0.523252	0.518974	1.496484	4.750000	7.500000	0.752306	0.715030	0.603207	0	0	1	1	155	1167395
1444476730	33	28	32	26	4	1	1	3	4	0	0	0	0	0	0	4.943151	0.524677	0.523252	0.518974	1.495678	4.750000	7.500000	0.756766	0.719479	0.607617	0	0	1	1	155	1167419
1444476731	33	21	31	29	2	2	1	1	2	8	0	0	0	1	0	4.943151	0.524677	0.523252	0.517549	1.495678	4.750000	7.500000	0.756766	0.719479	0.607617	0	0	1	1	155	1167419
1444476733	46	30	26	36	3	1	1	4	6	5	0	0	0	1	0	4.941538	0.521826	0.523252	0.518974	1.495678	4.750000	7.500000	0.761231	0.723931	0.649333	0	0	1	1	155	1164671
1444476734	42	22	28	26	5	2	1	1	3	5	1	0	0	0	0	4.943151	0.521826	0.523252	0.518974	1.496484	4.750000	7.500000	0.682191	0.719479	0.607617	0	0	1	1	155	1167395
1444476735	45	28	32	43	4	2	6	2	4	5	1	1	2	0	1	4.939927	0.521826	0.523252	0.518974	1.495678	4.750000	7.500000	0.728385	0.728385	0.579140	0	0	1	1	155	1167419
1444476736	32	26	25	32	2	2	3	1	3	7	0	0	0	0	0	4.941538	0.521826	0.521826	0.517549	1.495678	4.750000	7.500000	0.761231	0.723931	0.612034	0	0	1	1	155	1165870
1444476737	32	38	37	29	6	1	0	2	3	4	0	0	0	0	0	4.939927	0.523252	0.521826	0.518974	1.496484	4.750000	7.500000	0.765698	0.728385	0.653762	0	0	1	1	155	1167404
1444476739	30	43	34	32	5	0	2	2	4	5	0	0	0	0	0	4.943151	0.523252	0.521826	0.517549	1.496484	4.750000	7.500000	0.756766	0.719479	0.607617	0	0	1	1	155	1167426
1444476740	28	35	35	35	3	2	1	3	3	2	0	0	0	0	0	4.944762	0.523252	0.523252	0.517549	1.497290	4.750000	7.500000	0.752306	0.715030	0.565931	0	0	1	1	155	1164702
1444476741	45	30	35	34	6	4	4	5	4	5	1	0	0	1	0	4.943151	0.523252	0.521826	0.518974	1.496484	4.750000	7.500000	0.756766	0.682191	0.644904	0	0	1	1	155	1167509
1444476742	40	31	34	29	3	2	1	0	1	4	0	0	0	0	0	4.943151	0.523252	0.523252	0.517549	1.496484	4.750000	7.500000	0.756766	0.719479	0.607617	0	0	1	1	155	1167429
1444476743	40	28	26	27	5	4	0	1	0	3	1	0	0	0	0	4.938315	0.523252	0.521826	0.517549	1.497290	5.000000	7.500000	0.770166	0.695518	0.658195	0	0	1	1	155	1167429
1444476745	34	35	30	41	4	2	4	4	4	4	0	1	0	0	0	4.943151	0.523252	0.523252	0.511846	1.497290	4.750000	7.500000	0.831341	0.719479	0.644904	0	0	1	1	155	1164666
1444476746	25	39	33	30	2	2	0	4	3	3	0	0	0	0	0	4.943151	0.523252	0.523252	0.517549	1.498095	5.000000	7.500000	0.756766	0.682191	0.607617	0	0	1	1	155	1167404
1444476747	36	41	51	41	3	6	2	5	7	9	0	0	0	2	0	4.939927	0.523252	0.523252	0.518974	1.497290	5.000000	7.500000	0.765698	0.728385	0.616451	0	0	1	1	155	1167426
1444476748	31	27	27	34	4	5	1	2	3	3	0	0	0	0	0	4.943151	0.523252	0.521826	0.517549	1.497290	4.750000	7.500000	0.756766	0.719479	0.607617	0	0	1	1	155	1165841
1444476749	29	30	32	35	2	1	2	1	2	2	0	0	0	0	0	4.941538	0.523252	0.523252	0.517549	1.498095	5.000000	7.500000	0.761231	0.723931	0.649333	0	0	1	1	155	1167394
1444476751	32	28	35	46	4	2	3	3	2	5	0	0	0	1	0	4.943151	0.523252	0.523252	0.514697	1.498095	5.000000	7.500000	0.756766	0.719479	0.607617	0	0	1	1	155	1167419
1444476752	31	37	42	46	5	2	4	2	6	8	0	1	0	0	0	4.938315	0.520400	0.521826	0.511846	1.497290	5.000000	7.500000	0.807490	0.695518	0.620872	0	0	1	1	155	1164670
1444476753	35	43	30	35	6	1	1	2	5	7	0	1	0	0	0	4.943151	0.523252	0.523252	0.518974	1.498095	5.000000	7.500000	0.756766	0.719479	0.570331	0	0	1	1	155	1167395
1444476754	28	30	27	34	6	2	0	2	4	5	1	0	0	0	0	4.943151	0.524677	0.523252	0.518974	1.498901	5.000000	7.500000	0.756766	0.719479	0.644904	0	0	1	1	155	1167422
1444476755	38	30	43	43	3	5	2	2	2	10	0	0	0	0	0	4.943151	0.523252	0.523252	0.518974	1.498095	5.000000	7.500000	0.719479	0.756766	0.644904	0	0	1	1	155	1167419
1444476757	35	39	42	32	6	4	6	5	3	6	1	1	2	1	1	4.943151	0.521826	0.523252	0.517549	1.498095	5.000000	7.500000	0.756766	0.682191	0.570331	0	0	1	1	156	1164663
1444476758	22	27	36	26	3	2	0	7	2	3	1	0	0	0	0	4.943151	0.518974	0.523252	0.517549	1.498095	5.000000	7.500000	0.719479	0.644904	0.533044	0	0	1	1	155	1167395
1444476759	36	41	41	36	3	2	3	5	7	10	1	1	1	1	1	4.941538	0.523252	0.524677	0.517549	1.497290	5.000000	7.500000	0.761231	0.686632	0.649333	0	0	1	1	155	1167419
1444476760	34	30	44	34	2	4	3	4	6	7	1	0	1	1	0	4.941538	0.523252	0.521826	0.518974	1.498901	5.000000	7.500000	0.798530	0.649333	0.612034	0	0	1	1	156	1165833
1444476761	30	31	33	33	5	4	2	2	1	8	1	0	2	0	0	4.944762	0.523252	0.523252	0.518974	1.499707	5.000000	7.500000	0.752306	0.752306	0.640481	0	0	1	1	155	1167404
1444476763	31	29	30	27	2	0	2	2	5	3	0	0	0	1	0	4.931868	0.521826	0.523252	0.517549	1.497290	5.000000	7.500000	0.788072	0.750699	0.638583	0	0	1	1	155	1167428
1444476764	35	41	34	38	2	1	4	5	6	5	0	0	0	0	0	4.943151	0.523252	0.523252	0.516123	1.499707	5.000000	7.500000	0.756766	0.756766	0.607617	0	0	1	1	155	1164688
1444476765	34	34	37	42	6	3	2	4	3	7	1	0	0	0	0	4.941538	0.523252	0.523252	0.517549	1.499707	5.000000	7.500000	0.761231	0.686632	0.574735	0	0	1	1	155	1167405
1444476766	30	27	32	27	1	3	0	3	3	5	1	0	0	0	0	4.939927	0.523252	0.523252	0.517549	1.499707	5.000000	7.500000	0.765698	0.691074	0.616451	0	0	1	1	155	1167429
1444476767	29	35	35	32	5	1	0	3	3	6	0	0	0	0	0	4.943151	0.523252	0.523252	0.518974	1.499707	5.000000	7.500000	0.794054	0.719479	0.682191	0	0	1	1	155	1164676
1444476769	44	31	38	32	7	5	4	2	0	7	0	0	1	0	0	4.943151	0.524677	0.523252	0.517549	1.499707	5.000000	7.500000	0.756766	0.719479	0.644904	0	0	1	1	155	1167404
1444476770	30	28	37	30	3	3	6	2	2	7	1	2	1	1	1	4.939927	0.528955	0.521826	0.517549	1.499707	5.000000	7.500000	0.803008	0.728385	0.616451	0	0	1	1	155	1167428
1444476771	39	46	30	25	6	0	0	3	3	4	0	0	0	1	0	4.941538	0.523252	0.517549	0.514697	1.499707	5.000000	7.500000	0.761231	0.723931	0.612034	0	0	1	1	155	1167423
1444476772	33	32	39	36	2	4	0	2	2	7	0	0	0	0	0	4.941538	0.523252	0.523252	0.518974	1.500513	5.000000	7.500000	0.649333	0.649333	0.537436	0	0	1	1	155	1165810
1444476773	30	35	35	40	2	3	3	3	2	7	0	1	1	0	0	4.943151	0.523252	0.521826	0.517549	1.499707	5.000000	7.500000	0.756766	0.682191	0.607617	0	0	1	1	155	1167395
1444476775	33	46	33	37	5	2	0	2	5	2	0	0	0	0	0	4.944762	0.523252	0.523252	0.518974	1.500513	5.000000	7.500000	0.752306	0.752306	0.603207	0	0	1	1	155	1167419
1444476776	31	34	45	34	8	2	2	4	5	7	1	1	1	1	1	4.941538	0.523252	0.523252	0.518974	1.498901	5.000000	7.500000	0.761231	0.723931	0.612034	0	0	1	1	155	1175132
1444476777	36	36	32	44	4	5	4	1	3	6	0	1	1	0	0	4.943151	0.523252	0.521826	0.518974	1.500513	5.000000	7.500000	0.756766	0.719479	0.607617	0	0	1	1	155	1167395
1444476778	40	36	28	45	1	1	3	2	8	3	1	1	1	2	1	4.943151	0.523252	0.523252	0.518974	1.501319	5.000000	7.500000	0.719479	0.756766	0.570331	0	0	1	1	155	1167419
1444476779	38	42	31	42	5	0	6	1	9	2	0	2	0	0	0	4.943151	0.523252	0.523252	0.517549	1.500513	5.000000	7.500000	0.794054	0.756766	0.644904	0	0	1	1	155	1164661
1444476781	30	27	36	33	0	2	1	5	4	7	0	0	0	2	0	4.941538	0.523252	0.523252	0.518974	1.501319	5.000000	7.500000	0.612034	0.686632	0.500136	0	0	1	1	155	1167395
1444476782	33	28	29	28	3	1	0	2	5	4	0	0	0	0	0	4.941538	0.523252	0.523252	0.517549	1.501319	5.000000	7.500000	0.761231	0.761231	0.612034	0	0	1	1	155	1167419
1444476783	24	32	40	48	3	2	1	5	3	5	1	0	0	1	0	4.941538	0.523252	0.523252	0.518974	1.500513	5.000000	7.500000	0.761231	0.686632	0.612034	0	0	1	1	155	1167421
1444476784	33	39	43	38	6	1	2	3	3	6	0	1	0	1	0	4.943151	0.523252	0.520400	0.518974	1.501319	5.000000	7.500000	0.756766	0.682191	0.644904	0	0	1	1	155	1165822
1444476785	40	29	31	29	3	5	1	2	4	4	0	0	0	0	0	4.943151	0.523252	0.523252	0.517549	1.501319	5.000000	7.500000	0.756766	0.756766	0.607617	0	0	1	1	155	1167405
1444476787	26	36	28	33	3	1	2	3	6	7	0	0	1	0	0	4.943151	0.523252	0.523252	0.517549	1.501319	5.000000	7.500000	0.644904	0.682191	0.644904	0	0	1	1	155	1167429
1444476788	44	39	31	40	6	6	4	1	5	6	0	1	1	0	0	4.943151	0.523252	0.523252	0.511846	1.501319	5.000000	7.500000	0.756766	0.682191	0.607617	0	0	1	1	155	1164671
1444476789	35	31	34	36	3	3	3	4	5	4	1	2	1	1	1	4.943151	0.523252	0.523252	0.518974	1.501319	5.000000	7.500000	0.756766	0.756766	0.607617	0	0	1	1	155	1167404
1444476790	23	38	29	35	3	1	1	2	3	4	0	0	0	0	0	4.941538	0.523252	0.523252	0.517549	1.501319	5.000000	7.500000	0.761231	0.723931	0.649333	0	0	1	1	155	1167432
1444476791	32	33	33	27	0	3	1	2	2	7	0	0	0	0	0	4.939927	0.523252	0.523252	0.517549	1.501319	5.000000	7.500000	0.765698	0.765698	0.653762	0	0	1	1	155	1194928
1444476793	26	33	33	28	2	4	2	2	3	2	2	0	1	0	0	4.943151	0.523252	0.523252	0.517549	1.502125	5.000000	7.500000	0.756766	0.719479	0.607617	0	0	1	1	155	1167404
1444476794	46	39	41	36	7	6	2	2	4	8	1	1	1	1	1	4.943151	0.528955	0.521826	0.517549	1.502125	5.000000	7.500000	0.756766	0.756766	0.607617	0	0	1	1	155	1167428
1444476795	42	32	33	29	2	2	1	2	2	9	0	0	0	0	0	4.941538	0.523252	0.516123	0.517549	1.502125	5.000000	7.500000	0.761231	0.723931	0.686632	0	0	1	1	155	1167423
1444476796	29	31	32	26	3	2	1	5	2	4	1	0	0	0	0	4.943151	0.523252	0.523252	0.520400	1.503736	5.000000	7.500000	0.644904	0.682191	0.533044	0	0	1	1	155	1165821
1444476797	32	39	36	37	7	3	4	5	3	4	1	0	0	1	0	4.944762	0.523252	0.523252	0.517549	1.502931	5.000000	7.500000	0.752306	0.715030	0.603207	0	0	1	1	155	1167394
1444476799	34	32	36	37	5	4	1	5	4	5	1	1	0	1	0	4.943151	0.523252	0.523252	0.517549	1.502125	5.000000	7.500000	0.756766	0.719479	0.644904	0	0	1	1	155	1167419
1444476800	33	37	33	38	3	4	3	3	7	7	1	0	1	1	0	4.939927	0.523252	0.520400	0.518974	1.502931	5.000000	7.500000	0.765698	0.728385	0.616451	0	0	1	1	155	1164683
1444476801	42	28	27	39	6	1	0	1	2	3	0	0	0	0	0	4.939927	0.514697	0.518974	0.520400	1.500513	5.000000	7.500000	0.765698	0.728385	0.691074	0	0	1	1	155	1167395
1444476802	36	34	31	38	5	0	4	2	2	4	0	0	0	0	0	4.941538	0.523252	0.523252	0.517549	1.502931	5.000000	8.000000	0.761231	0.723931	0.686632	0	0	1	1	155	1167416
1444476803	38	31	40	43	4	3	2	3	2	5	0	0	0	0	0	4.943151	0.523252	0.523252	0.518974	1.502931	5.000000	7.500000	0.756766	0.719479	0.533044	0	0	1	1	155	1164655
1444476805	27	28	30	30	3	3	0	5	1	4	1	0	0	0	0	4.941538	0.523252	0.523252	0.518974	1.503736	5.000000	7.500000	0.761231	0.723931	0.574735	0	0	1	1	155	1167415
1444476806	33	32	43	37	2	3	4	5	2	6	0	0	1	0	0	4.943151	0.523252	0.524677	0.517549	1.503736	5.000000	7.500000	0.756766	0.756766	0.607617	0	0	1	1	155	1167419
1444476807	35	44	34	34	6	3	1	4	6	5	1	0	1	0	0	4.939927	0.523252	0.523252	0.521826	1.502125	5.000000	8.000000	0.803008	0.728385	0.653762	0	0	1	1	155	1164662
1444476808	31	30	31	30	3	2	1	0	5	0	0	0	0	0	0	4.943151	0.523252	0.523252	0.517549	1.502931	5.000000	8.000000	0.756766	0.756766	0.607617	0	0	1	1	155	1168551
1444476809	33	44	36	28	6	3	1	1	3	5	0	1	0	0	0	4.943151	0.523252	0.523252	0.517549	1.504542	5.000000	8.000000	0.756766	0.719479	0.533044	0	0	1	1	155	1167429
1444476811	30	33	34	41	2	2	4	5	8	3	0	0	0	1	0	4.943151	0.523252	0.523252	0.517549	1.504542	5.000000	8.000000	0.756766	0.719479	0.607617	0	0	1	1	155	1167429
1444476812	42	37	40	38	1	8	1	2	7	5	1	0	0	1	0	4.943151	0.523252	0.523252	0.518974	1.503736	5.000000	8.000000	0.756766	0.719479	0.607617	0	0	1	1	155	1164678
1444476813	44	40	32	27	7	1	2	3	3	3	0	0	0	1	0	4.943151	0.523252	0.523252	0.517549	1.504542	5.000000	8.000000	0.719479	0.719479	0.607617	0	0	1	1	155	1167404
1444476814	33	37	41	21	7	1	0	3	2	0	0	0	0	0	0	4.939927	0.524677	0.523252	0.517549	1.504542	5.000000	8.000000	0.765698	0.653762	0.579140	0	0	1	1	155	1167428
1444476815	28	34	41	36	3	5	2	5	5	6	2	1	1	1	1	4.944762	0.523252	0.523252	0.518974	1.505348	5.000000	8.000000	0.826856	0.752306	0.640481	0	0	1	1	155	1164667
1444476817	30	38	41	35	2	1	2	6	4	7	1	1	1	1	1	4.943151	0.523252	0.523252	0.518974	1.505348	5.000000	8.000000	0.756766	0.756766	0.607617	0	0	1	1	155	1167405
1444476818	45	36	33	38	4	2	4	3	1	5	0	1	0	0	0	4.941538	0.521826	0.523252	0.518974	1.504542	5.000000	8.000000	0.761231	0.761231	0.649333	0	0	1	1	155	1167429
1444476819	34	33	42	42	4	1	3	4	3	9	0	1	0	1	0	4.943151	0.523252	0.523252	0.518974	1.504542	5.000000	8.000000	0.794054	0.756766	0.607617	0	0	1	1	155	1164598
1444476820	41	29	48	32	5	4	1	5	3	4	0	1	0	0	0	4.939927	0.521826	0.523252	0.517549	1.505348	5.000000	8.000000	0.765698	0.728385	0.616451	0	0	1	1	155	1168642
1444476821	36	32	32	26	6	5	2	3	4	1	1	0	0	0	0	4.943151	0.523252	0.523252	0.514697	1.505348	5.000000	8.000000	0.794054	0.719479	0.607617	0	0	1	1	155	1167415
1444476823	34	37	33	30	3	0	2	3	5	5	0	1	0	0	0	4.944762	0.523252	0.521826	0.517549	1.504542	5.000000	8.000000	0.752306	0.677756	0.603207	0	0	1	1	155	1167419
1444476824	31	33	38	37	6	3	0	4	4	7	2	0	0	1	0	4.943151	0.523252	0.521826	0.520400	1.504542	5.000000	8.000000	0.756766	0.719479	0.682191	0	0	1	1	155	1164786
1444476825	46	24	33	38	6	2	5	5	2	6	0	1	0	0	0	4.943151	0.524677	0.523252	0.518974	1.505348	5.000000	8.000000	0.794054	0.719479	0.607617	0	0	1	1	155	1167395
1444476826	31	34	30	37	3	2	2	6	7	8	1	0	0	3	0	4.936703	0.523252	0.521826	0.518974	1.504542	5.000000	8.000000	0.774638	0.737302	0.625295	0	0	1	1	155	1167419
1444476827	33	28	40	38	6	2	4	2	4	5	0	0	0	0	0	4.944762	0.523252	0.521826	0.517549	1.506154	5.000000	8.000000	0.752306	0.677756	0.603207	0	0	1	1	155	1164658
1444476829	31	31	35	45	3	2	3	3	3	7	0	0	0	0	0	4.943151	0.523252	0.523252	0.517549	1.506154	5.000000	8.000000	0.756766	0.719479	0.607617	0	0	1	1	155	1167392
1444476830	49	39	37	29	6	3	3	3	6	4	0	2	0	1	0	4.943151	0.521826	0.524677	0.518974	1.506960	5.000000	8.000000	0.794054	0.756766	0.644904	0	0	1	1	155	1167419
1444476831	31	33	25	46	2	0	0	1	2	7	0	0	0	0	0	4.943151	0.523252	0.523252	0.518974	1.505348	5.000000	8.000000	0.794054	0.719479	0.570331	0	0	1	1	155	1164671
1444476832	40	41	40	40	3	2	2	6	3	6	1	1	0	1	0	4.944762	0.523252	0.523252	0.520400	1.506960	5.000000	8.000000	0.752306	0.715030	0.715030	0	0	1	1	155	1168550
1444476833	37	34	35	38	4	1	2	3	3	8	0	0	0	0	0	4.944762	0.523252	0.523252	0.517549	1.506960	5.000000	8.000000	0.752306	0.715030	0.603207	0	0	1	1	155	1167429
1444476835	45	53	36	31	3	2	5	4	2	3	0	0	0	0	0	4.944762	0.523252	0.523252	0.516123	1.506960	5.000000	8.000000	0.715030	0.715030	0.640481	0	0	1	1	155	1167425
1444476836	30	32	33	29	2	3	1	1	4	2	0	1	0	0	0	4.941538	0.524677	0.521826	0.518974	1.506154	5.000000	8.000000	0.761231	0.723931	0.649333	0	0	1	1	155	1164678
1444476837	31	40	39	37	6	1	0	3	5	8	0	0	0	0	0	4.943151	0.523252	0.523252	0.517549	1.506960	5.000000	8.000000	0.794054	0.682191	0.607617	0	0	1	1	155	1167404
1444476838	39	27	36	37	2	1	3	2	5	6	0	0	0	0	0	4.943151	0.523252	0.523252	0.518974	1.507766	5.000000	8.000000	0.756766	0.719479	0.570331	0	0	1	1	155	1167429
1444476839	39	25	32	28	5	2	2	3	3	9	1	1	1	1	1	4.941538	0.523252	0.523252	0.517549	1.506960	5.000000	8.000000	0.761231	0.686632	0.537436	0	0	1	1	155	1164693
1444476841	39	39	41	40	5	7	3	4	1	7	1	0	1	0	0	4.939927	0.521826	0.514697	0.514697	1.506154	5.000000	8.000000	0.541828	0.691074	0.541828	0	0	1	1	155	1167404
1444476842	28	30	40	23	5	2	0	4	0	3	1	0	0	0	0	4.939927	0.524677	0.523252	0.517549	1.506154	5.000000	8.000000	0.765698	0.765698	0.616451	0	0	1	1	155	1167429
1444476843	31	32	38	28	3	4	0	2	2	6	1	0	0	0	0	4.941538	0.523252	0.523252	0.518974	1.506154	5.000000	8.000000	0.649333	0.649333	0.649333	0	0	1	1	155	1164687
1444476844	39	33	32	32	6	1	1	3	1	2	1	0	0	0	0	4.943151	0.523252	0.523252	0.517549	1.507766	5.000000	8.000000	0.756766	0.719479	0.607617	0	0	1	1	155	1168644
1444476845	43	38	30	45	5	5	3	2	6	6	1	0	1	0	0	4.938315	0.523252	0.523252	0.520400	1.506154	5.000000	8.000000	0.770166	0.695518	0.732842	0	0	1	1	155	1167421
1444476847	45	43	40	46	7	3	2	5	7	8	1	0	0	0	0	4.941538	0.523252	0.523252	0.517549	1.507766	5.000000	8.000000	0.761231	0.723931	0.612034	0	0	1	1	155	1164658
1444476848	39	42	33	38	6	1	2	2	3	7	0	0	0	0	0	4.943151	0.523252	0.521826	0.514697	1.507766	5.000000	8.000000	0.756766	0.719479	0.570331	0	0	1	1	155	1167395
1444476849	29	40	34	41	5	2	0	2	6	7	0	0	0	0	0	4.943151	0.523252	0.523252	0.520400	1.508572	5.000000	8.000000	0.756766	0.719479	0.719479	0	0	1	1	155	1167419
1444476850	43	38	33	36	2	3	3	4	2	4	0	0	0	0	0	4.943151	0.523252	0.521826	0.518974	1.507766	5.000000	8.000000	0.756766	0.719479	0.644904	0	0	1	1	155	1167419
1444476851	31	28	36	34	4	4	1	1	2	3	0	0	0	0	0	4.943151	0.521826	0.523252	0.517549	1.507766	5.000000	8.000000	0.756766	0.756766	0.607617	0	0	1	1	155	1164664
1444476853	34	39	40	44	7	4	1	4	6	9	0	1	0	2	0	4.939927	0.524677	0.523252	0.518974	1.508572	5.000000	8.000000	0.765698	0.728385	0.579140	0	0	1	1	155	1167394
1444476854	33	43	34	46	3	3	1	3	4	5	0	1	0	0	0	4.943151	0.523252	0.523252	0.517549	1.507766	5.000000	8.000000	0.756766	0.570331	0.570331	0	0	1	1	155	1167419
1444476855	34	39	30	36	6	3	3	2	4	4	1	1	0	0	0	4.941538	0.523252	0.523252	0.518974	1.507766	5.000000	8.000000	0.761231	0.723931	0.612034	0	0	1	1	155	1164667
1444476856	30	34	34	36	6	2	4	3	1	3	1	1	0	0	0	4.939927	0.523252	0.523252	0.520400	1.508572	5.000000	8.000000	0.765698	0.691074	0.616451	0	0	1	1	155	1168550
1444476857	32	23	32	38	2	4	2	1	0	4	0	0	0	0	0	4.941538	0.523252	0.523252	0.518974	1.509377	5.000000	8.000000	0.761231	0.723931	0.686632	0	0	1	1	155	1167429
1444476859	26	35	33	44	1	1	0	3	11	9	0	0	0	2	0	4.941538	0.521826	0.523252	0.518974	1.509377	5.000000	8.000000	0.798530	0.723931	0.612034	0	0	1	1	155	1164668
1444476860	36	30	32	31	2	4	1	6	6	3	0	1	0	0	0	4.939927	0.520400	0.523252	0.520400	1.509377	5.250000	8.000000	0.765698	0.691074	0.691074	0	0	1	1	156	1167425
1444476861	31	37	38	36	5	5	2	0	7	4	1	1	0	0	0	4.941538	0.523252	0.523252	0.520400	1.509377	5.000000	8.000000	0.761231	0.686632	0.686632	0	0	1	1	155	1167421
1444476862	39	34	24	27	8	2	2	4	4	2	0	1	0	0	0	4.941538	0.523252	0.523252	0.517549	1.510183	5.250000	8.000000	0.761231	0.686632	0.686632	0	0	1	1	155	1167428
1444476863	39	32	32	39	4	5	4	1	3	5	0	0	1	0	0	4.944762	0.526103	0.523252	0.518974	1.509377	5.000000	8.000000	0.752306	0.715030	0.603207	0	0	1	1	155	1164671
1444476865	35	32	39	32	6	2	1	3	6	4	1	1	1	2	1	4.939927	0.523252	0.524677	0.518974	1.509377	5.250000	8.000000	0.765698	0.728385	0.579140	0	0	1	1	155	1167405
1444476866	32	22	36	32	3	2	2	3	0	7	0	0	0	0	0	4.943151	0.521826	0.523252	0.521826	1.509377	5.000000	8.000000	0.756766	0.719479	0.570331	0	0	1	1	155	1167429
1444476867	45	41	38	48	5	2	3	4	4	7	0	2	0	0	0	4.941538	0.521826	0.523252	0.521826	1.508572	5.000000	8.000000	0.761231	0.761231	0.723931	0	0	1	1	155	1176701
1444476868	37	41	37	36	5	0	4	2	3	3	0	0	0	0	0	4.943151	0.524677	0.523252	0.518974	1.510183	5.250000	8.000000	0.756766	0.719479	0.570331	0	0	1	1	155	1168540
1444476869	25	42	38	25	2	3	2	4	4	2	0	0	0	0	0	4.943151	0.523252	0.523252	0.520400	1.510183	5.250000	8.000000	0.756766	0.719479	0.682191	0	0	1	1	155	1167423
1444476871	37	44	36	28	6	2	2	4	3	3	1	1	0	0	0	4.941538	0.523252	0.523252	0.517549	1.510989	5.250000	8.000000	0.761231	0.761231	0.649333	0	0	1	1	155	1164662
1444476872	22	29	28	37	2	1	0	2	2	2	0	0	0	0	0	4.947986	0.523252	0.520400	0.517549	1.510183	5.000000	8.000000	0.780645	0.706143	0.594392	0	0	1	1	155	1167394
1444476873	29	33	37	37	4	7	3	5	3	5	0	2	1	0	0	4.939927	0.523252	0.523252	0.520400	1.510183	5.250000	8.000000	0.765698	0.728385	0.653762	0	0	1	1	155	1167418
1444476874	33	33	34	38	0	2	1	2	3	7	0	0	0	0	0	4.939927	0.523252	0.521826	0.520400	1.510183	5.250000	8.000000	0.765698	0.728385	0.691074	0	0	1	1	155	1167419
1444476875	26	31	28	39	5	1	2	4	4	5	0	1	0	0	0	4.943151	0.523252	0.523252	0.518974	1.510989	5.250000	8.000000	0.756766	0.682191	0.607617	0	0	1	1	155	1164661
1444476877	37	37	28	36	4	1	3	0	4	9	0	0	0	0	0	4.944762	0.523252	0.523252	0.517549	1.510989	5.250000	8.000000	0.752306	0.677756	0.603207	0	0	1	1	155	1167395
1444476878	40	37	31	40	4	2	4	0	3	4	0	0	0	0	0	4.939927	0.523252	0.523252	0.518974	1.510989	5.250000	8.000000	0.765698	0.728385	0.579140	0	0	1	1	155	1167416
1444476879	26	23	38	36	1	4	2	2	1	3	0	0	0	0	0	4.943151	0.526103	0.523252	0.514697	1.510989	5.250000	8.000000	0.756766	0.719479	0.682191	0	0	1	1	155	1164660
1444476880	34	37	33	39	6	1	2	3	4	2	0	0	0	0	0	4.941538	0.523252	0.523252	0.518974	1.511795	5.250000	8.000000	0.761231	0.723931	0.612034	0	0	1	1	155	1168550
1444476881	34	41	46	39	6	1	3	3	6	5	0	2	0	0	0	4.943151	0.523252	0.523252	0.518974	1.512601	5.250000	8.000000	0.756766	0.756766	0.607617	0	0	1	1	155	1167431
1444476883	36	22	33	32	3	3	2	3	2	6	1	0	0	0	0	4.936703	0.523252	0.523252	0.518974	1.510989	5.250000	8.000000	0.774638	0.774638	0.625295	0	0	1	1	155	1164666
1444476884	33	35	36	39	1	4	3	2	5	5	0	0	0	1	0	4.939927	0.518974	0.518974	0.523252	1.510989	5.250000	8.000000	0.765698	0.765698	0.616451	0	0	1	1	155	1167404
1444476885	30	28	30	31	4	3	4	2	3	3	0	1	1	0	0	4.943151	0.523252	0.523252	0.517549	1.511795	5.250000	8.000000	0.756766	0.644904	0.570331	0	0	1	1	155	1167429
1444476886	49	27	42	37	5	4	1	2	3	7	0	0	0	0	0	4.944762	0.523252	0.523252	0.517549	1.512601	5.250000	8.000000	0.752306	0.715030	0.603207	0	0	1	1	155	1167429
1444476887	27	41	36	36	2	1	4	4	4	6	1	0	0	1	0	4.943151	0.523252	0.521826	0.518974	1.512601	5.250000	8.000000	0.756766	0.682191	0.682191	0	0	1	1	155	1164667
1444476889	30	26	28	44	6	2	2	3	5	5	1	1	0	1	0	4.939927	0.573153	0.520400	0.511846	1.510183	5.250000	8.000000	0.765698	0.803008	0.616451	0	0	1	1	155	1167404
1444476890	36	31	36	30	3	3	1	2	0	5	0	0	0	0	0	4.944762	0.523252	0.523252	0.520400	1.512601	5.250000	8.000000	0.752306	0.715030	0.603207	0	0	1	1	155	1167426
1444476891	31	28	46	34	3	2	0	6	2	10	0	0	0	1	0	4.941538	0.528955	0.523252	0.517549	1.511795	5.250000	8.000000	0.761231	0.723931	0.612034	0	0	1	1	155	1164673
1444476892	29	32	37	40	2	2	2	1	2	6	0	0	0	0	0	4.943151	0.523252	0.521826	0.518974	1.513407	5.250000	8.000000	0.644904	0.644904	0.495756	0	0	1	1	156	1168666
1444476893	40	51	36	27	7	0	0	2	3	6	0	0	0	0	0	4.939927	0.523252	0.523252	0.517549	1.512601	5.250000	8.000000	0.765698	0.728385	0.653762	0	0	1	1	155	1167414
1444476895	34	32	31	32	6	0	1	2	2	2	0	0	0	0	0	4.943151	0.523252	0.523252	0.518974	1.513407	5.250000	8.000000	0.756766	0.719479	0.607617	0	0	1	1	155	1164672
1444476896	43	33	43	29	4	2	0	10	4	5	1	0	0	2	0	4.941538	0.523252	0.523252	0.518974	1.511795	5.250000	8.000000	0.761231	0.723931	0.612034	0	0	1	1	155	1167395
1444476897	25	35	31	42	3	3	1	2	5	5	0	0	0	0	0	4.943151	0.523252	0.523252	0.518974	1.513407	5.250000	8.000000	0.682191	0.644904	0.570331	0	0	1	1	156	1167440
1444476898	36	28	32	38	6	4	2	0	5	7	0	1	1	0	0	4.943151	0.523252	0.523252	0.518974	1.512601	5.250000	8.000000	0.644904	0.682191	0.570331	0	0	1	1	155	1164658
1444476899	47	43	40	47	7	1	2	2	7	8	0	1	0	0	0	4.943151	0.524677	0.523252	0.517549	1.512601	5.250000	8.000000	0.756766	0.756766	0.644904	0	0	1	1	155	1167395
1444476901	38	28	34	38	5	3	2	4	3	4	1	0	0	0	0	4.941538	0.523252	0.521826	0.517549	1.513407	5.250000	8.000000	0.761231	0.723931	0.612034	0	0	1	1	155	1167419
1444476902	32	37	31	34	1	2	1	4	1	5	0	0	0	0	0	4.943151	0.523252	0.523252	0.518974	1.513407	5.250000	8.000000	0.756766	0.682191	0.607617	0	0	1	1	155	1167419
1444476903	40	25	34	36	2	1	2	1	3	10	0	0	0	1	0	4.941538	0.524677	0.524677	0.517549	1.513407	5.250000	8.000000	0.761231	0.723931	0.612034	0	0	1	1	155	1164666
1444476904	31	36	42	38	4	1	3	3	2	5	0	0	0	1	0	4.943151	0.528955	0.521826	0.517549	1.513407	5.250000	8.000000	0.756766	0.756766	0.644904	0	0	1	1	156	1168673
1444476905	37	33	35	37	3	0	3	0	3	5	0	0	0	0	0	4.943151	0.523252	0.523252	0.517549	1.514213	5.250000	8.000000	0.794054	0.719479	0.607617	0	0	1	1	155	1167423
1444476907	23	32	35	27	1	1	0	3	2	4	0	0	0	0	0	4.943151	0.523252	0.523252	0.517549	1.514213	5.250000	8.000000	0.756766	0.719479	0.607617	0	0	1	1	155	1164670
1444476908	32	39	38	30	7	3	0	3	2	4	1	0	0	0	0	4.941538	0.523252	0.523252	0.517549	1.513407	5.250000	8.000000	0.761231	0.761231	0.649333	0	0	1	1	155	1167405
1444476909	43	32	35	35	5	6	1	6	5	3	1	1	0	1	0	4.941538	0.523252	0.523252	0.518974	1.515018	5.250000	8.000000	0.761231	0.723931	0.612034	0	0	1	1	155	1167429
1444476910	34	33	31	38	6	1	2	3	5	5	0	0	0	1	0	4.941538	0.523252	0.523252	0.517549	1.513407	5.250000	8.000000	0.761231	0.723931	0.612034	0	0	1	1	155	1164670
1444476911	49	33	46	31	4	1	3	3	1	2	0	0	1	0	0	4.943151	0.523252	0.523252	0.518974	1.515018	5.250000	8.000000	0.607617	0.682191	0.495756	0	0	1	1	155	1167404
1444476913	37	42	31	35	5	3	2	3	4	4	1	0	0	0	0	4.943151	0.523252	0.523252	0.518974	1.515018	5.250000	8.000000	0.756766	0.756766	0.644904	0	0	1	1	155	1167428
1444476914	37	37	35	32	5	0	3	2	3	7	0	0	0	1	0	4.943151	0.523252	0.523252	0.518974	1.514213	5.250000	8.000000	0.756766	0.719479	0.607617	0	0	1	1	155	1167431
1444476915	30	32	35	30	6	5	2	3	4	6	0	1	1	0	0	4.941538	0.523252	0.523252	0.518974	1.514213	5.250000	8.000000	0.761231	0.723931	0.649333	0	0	1	1	155	1164665
1444476916	31	38	33	37	7	1	2	2	3	3	0	0	0	0	0	4.943151	0.524677	0.523252	0.518974	1.515018	5.250000	8.000000	0.756766	0.682191	0.607617	0	0	1	1	155	1168541
1444476917	40	39	38	37	7	3	6	1	3	5	0	1	0	0	0	4.943151	0.523252	0.523252	0.520400	1.511795	5.250000	8.000000	0.756766	0.682191	0.570331	0	0	1	1	155	1167419
1444476919	35	27	40	33	3	2	1	2	2	5	0	0	0	0	0	4.943151	0.524677	0.523252	0.517549	1.515824	5.250000	8.000000	0.756766	0.719479	0.458469	0	0	1	1	155	1164659
1444476920	34	47	30	39	3	2	2	4	8	5	0	0	0	0	0	4.943151	0.521826	0.523252	0.516123	1.515018	5.250000	8.000000	0.756766	0.719479	0.644904	0	0	1	1	155	1167395
1444476921	35	38	37	35	5	2	0	5	4	7	0	0	0	1	0	4.941538	0.523252	0.523252	0.518974	1.515018	5.250000	8.000000	0.761231	0.723931	0.612034	0	0	1	1	155	1167419
1444476922	34	34	39	38	1	0	0	4	6	8	0	0	0	0	0	4.938315	0.523252	0.523252	0.518974	1.515018	5.250000	8.000000	0.770166	0.732842	0.620872	0	0	1	1	155	1164676
1444476923	39	29	41	48	2	3	2	5	2	5	0	0	0	0	0	4.944762	0.518974	0.523252	0.517549	1.516630	5.250000	8.000000	0.789581	0.715030	0.640481	0	0	1	1	155	1167395
1444476925	26	36	33	34	3	4	2	2	6	9	1	0	0	0	0	4.943151	0.523252	0.523252	0.517549	1.516630	5.250000	8.000000	0.756766	0.682191	0.607617	0	0	1	1	155	1167419
1444476926	23	33	34	40	3	1	3	2	5	5	0	0	0	0	0	4.941538	0.523252	0.523252	0.517549	1.515824	5.250000	8.000000	0.761231	0.761231	0.649333	0	0	1	1	155	1167419
1444476927	28	43	36	31	2	3	1	3	4	6	0	0	0	0	0	4.941538	0.523252	0.523252	0.517549	1.515018	5.250000	8.000000	0.761231	0.686632	0.649333	0	0	1	1	155	1164666
1444476928	28	35	43	22	4	3	2	6	7	3	1	1	0	1	0	4.943151	0.523252	0.521826	0.520400	1.515824	5.250000	8.000000	0.794054	0.682191	0.607617	0	0	1	1	155	1168550
1444476929	36	37	29	37	5	1	2	4	3	3	0	1	0	0	0	4.944762	0.521826	0.520400	0.518974	1.516630	5.250000	8.000000	0.752306	0.677756	0.603207	0	0	1	1	155	1167428
1444476931	25	29	32	28	1	1	1	1	6	1	0	0	0	0	0	4.943151	0.528955	0.521826	0.517549	1.515824	5.250000	8.000000	0.756766	0.756766	0.644904	0	0	1	1	155	1164671
1444476932	37	27	31	33	4	3	1	2	5	6	0	0	0	0	0	4.944762	0.523252	0.523252	0.517549	1.517436	5.250000	8.000000	0.715030	0.677756	0.528657	0	0	1	1	155	1167405
1444476933	29	43	37	34	3	2	4	5	5	4	0	1	0	0	0	4.936703	0.523252	0.523252	0.518974	1.515824	5.250000	8.000000	0.811974	0.737302	0.662630	0	0	1	1	155	1167429
1444476934	36	34	33	33	1	5	5	3	2	5	0	0	1	2	0	4.943151	0.524677	0.523252	0.518974	1.516630	5.250000	8.000000	0.756766	0.756766	0.570331	0	0	1	1	155	1164670
1444476935	38	30	44	32	3	7	5	6	4	5	1	0	2	0	0	4.946374	0.521826	0.523252	0.520400	1.517436	5.250000	8.000000	0.710586	0.747849	0.636060	0	0	1	1	155	1167404
1444476937	37	31	37	23	3	3	1	2	3	1	0	0	0	0	0	4.943151	0.523252	0.521826	0.517549	1.516630	5.250000	8.000000	0.719479	0.719479	0.570331	0	0	1	1	155	1167426
1444476938	31	35	34	38	3	1	3	4	4	5	0	0	0	0	0	4.943151	0.523252	0.523252	0.518974	1.516630	5.250000	8.000000	0.756766	0.719479	0.644904	0	0	1	1	155	1164670
1444476939	30	37	37	43	4	3	4	9	7	9	1	3	1	2	1	4.939927	0.523252	0.523252	0.518974	1.516630	5.250000	8.000000	0.765698	0.653762	0.541828	0	0	1	1	155	1167399
1444476940	27	27	30	25	0	2	2	1	1	0	0	0	0	0	0	4.941538	0.523252	0.523252	0.518974	1.518242	5.250000	8.000000	0.761231	0.761231	0.649333	0	0	1	1	155	1168568
1444476941	46	36	39	42	7	4	5	4	4	7	2	1	1	1	1	4.941538	0.523252	0.523252	0.517549	1.517436	5.250000	8.000000	0.761231	0.761231	0.612034	0	0	1	1	155	1167418
1444476943	30	44	40	32	3	3	3	5	6	5	0	2	0	1	0	4.941538	0.523252	0.520400	0.517549	1.517436	5.250000	8.000000	0.761231	0.686632	0.574735	0	0	1	1	155	1164658
1444476944	32	43	37	37	7	4	5	2	6	2	0	1	1	0	0	4.943151	0.523252	0.523252	0.517549	1.518242	5.250000	8.000000	0.756766	0.682191	0.607617	0	0	1	1	155	1167395
1444476945	33	43	32	33	2	2	1	2	4	6	0	0	0	0	0	4.944762	0.523252	0.523252	0.518974	1.518242	5.250000	8.000000	0.752306	0.752306	0.640481	0	0	1	1	155	1167419
1444476946	31	33	18	36	3	1	1	1	3	4	0	0	0	0	0	4.941538	0.523252	0.521826	0.517549	1.518242	5.250000	8.000000	0.761231	0.723931	0.574735	0	0	1	1	155	1164627
1444476947	36	30	32	41	4	1	3	3	6	6	0	1	1	1	0	4.939927	0.521826	0.523252	0.518974	1.518242	5.250000	8.000000	0.765698	0.728385	0.616451	0	0	1	1	155	1167395
1444476949	33	46	44	35	4	2	1	6	5	8	0	0	1	1	0	4.943151	0.523252	0.521826	0.516123	1.518242	5.250000	8.000000	0.756766	0.719479	0.570331	0	0	1	1	155	1167416
1444476950	43	29	38	34	5	2	3	3	4	4	1	0	0	0	0	4.943151	0.523252	0.521826	0.518974	1.519048	5.250000	8.000000	0.756766	0.719479	0.607617	0	0	1	1	155	1194338
1444476951	36	36	21	30	4	2	2	1	3	1	0	1	0	0	0	4.943151	0.523252	0.523252	0.518974	1.518242	5.250000	8.000000	0.756766	0.756766	0.607617	0	0	1	1	155	1167395
1444476952	33	24	34	38	1	3	2	2	6	6	0	0	1	1	0	4.943151	0.523252	0.523252	0.520400	1.519048	5.250000	8.000000	0.719479	0.644904	0.607617	0	0	1	1	155	1168572
1444476953	28	30	26	39	2	3	5	5	4	5	0	0	1	0	0	4.943151	0.523252	0.524677	0.517549	1.518242	5.250000	8.000000	0.756766	0.794054	0.570331	0	0	1	1	155	1167428
1444476955	41	39	32	33	5	5	5	4	4	2	1	0	2	1	0	4.939927	0.523252	0.520400	0.518974	1.518242	5.250000	8.000000	0.765698	0.728385	0.579140	0	0	1	1	155	1169989
1444476956	32	39	30	30	3	3	1	2	0	5	0	0	0	0	0	4.943151	0.523252	0.523252	0.517549	1.518242	5.250000	8.000000	0.756766	0.719479	0.570331	0	0	1	1	155	1167404
1444476957	37	46	33	28	3	1	2	4	3	5	0	0	0	0	0	4.943151	0.523252	0.523252	0.518974	1.519854	5.250000	8.000000	0.756766	0.719479	0.644904	0	0	1	1	155	1167428
1444476958	47	44	40	45	10	3	6	3	8	4	1	1	0	0	0	4.941538	0.523252	0.523252	0.517549	1.519048	5.250000	8.000000	0.761231	0.723931	0.612034	0	0	1	1	155	1164678
1444476960	41	43	30	31	5	1	0	2	5	3	0	0	0	0	0	4.943151	0.523252	0.521826	0.516123	1.519854	5.250000	8.000000	0.756766	0.719479	0.607617	0	0	1	1	156	1167425
1444476961	31	25	39	41	0	1	2	3	2	5	0	0	0	0	0	4.941538	0.523252	0.523252	0.517549	1.519854	5.250000	8.000000	0.761231	0.612034	0.612034	0	0	1	1	155	1167423
1444476962	35	33	36	40	4	5	4	3	6	8	0	0	1	1	0	4.941538	0.523252	0.523252	0.517549	1.519854	5.250000	8.000000	0.798530	0.649333	0.537436	0	0	1	1	155	1164696
1444476963	35	37	21	32	3	4	2	4	0	3	0	0	1	0	0	4.941538	0.523252	0.523252	0.518974	1.519854	5.250000	8.000000	0.761231	0.723931	0.612034	0	0	1	1	155	1167400
1444476964	30	43	32	36	3	3	1	3	6	3	0	0	1	1	0	4.941538	0.523252	0.521826	0.518974	1.520659	5.250000	8.000000	0.761231	0.723931	0.649333	0	0	1	1	155	1168565
1444476966	31	26	34	29	3	4	1	2	6	1	0	1	0	1	0	4.943151	0.523252	0.523252	0.518974	1.520659	5.250000	8.000000	0.756766	0.756766	0.607617	0	0	1	1	155	1167419
1444476967	29	41	36	32	2	4	0	4	3	5	1	0	0	1	0	4.941538	0.523252	0.521826	0.518974	1.520659	5.250000	8.000000	0.761231	0.723931	0.612034	0	0	1	1	155	1164668
1444476968	34	27	33	36	3	1	3	1	2	6	0	0	0	0	0	4.944762	0.523252	0.523252	0.517549	1.520659	5.250000	8.000000	0.677756	0.715030	0.565931	0	0	1	1	155	1167394
1444476969	26	34	30	36	2	0	2	3	7	2	0	0	0	1	0	4.943151	0.523252	0.521826	0.518974	1.520659	5.250000	8.000000	0.719479	0.794054	0.644904	0	0	1	1	155	1167419
1444476970	34	33	31	36	4	3	1	5	4	5	0	0	1	3	0	4.943151	0.523252	0.523252	0.517549	1.520659	5.250000	8.000000	0.756766	0.719479	0.570331	0	0	1	1	155	1164668
1444476971	33	28	41	34	1	1	2	4	1	7	0	0	0	0	0	4.943151	0.523252	0.523252	0.518974	1.521465	5.250000	8.000000	0.756766	0.682191	0.607617	0	0	1	1	155	1167395
1444476973	37	35	29	21	2	0	4	4	4	0	0	0	0	1	0	4.936703	0.523252	0.523252	0.518974	1.519854	5.250000	8.000000	0.774638	0.774638	0.587959	0	0	1	1	155	1167419
1444476974	33	35	35	39	4	1	2	4	3	7	0	0	0	1	0	4.943151	0.523252	0.523252	0.518974	1.521465	5.250000	8.000000	0.756766	0.719479	0.607617	0	0	1	1	155	1174889
1444476975	27	33	47	41	3	1	4	4	7	5	0	1	0	0	0	4.941538	0.523252	0.521826	0.518974	1.520659	5.250000	8.000000	0.761231	0.686632	0.612034	0	0	1	1	155	1167395
1444476976	26	34	26	40	1	2	4	2	5	6	0	0	0	0	0	4.943151	0.521826	0.521826	0.517549	1.521465	5.250000	8.000000	0.756766	0.682191	0.607617	0	0	1	1	155	1168575
1444476978	24	25	32	46	4	0	2	3	4	4	0	0	0	1	0	4.943151	0.523252	0.523252	0.517549	1.521465	5.250000	8.000000	0.756766	0.719479	0.421182	0	0	1	1	155	1164725
1444476979	41	42	31	33	5	1	0	4	5	6	0	0	0	1	0	4.944762	0.523252	0.523252	0.518974	1.522271	5.250000	8.000000	0.752306	0.752306	0.565931	0	0	1	1	155	1167404
1444476980	36	32	44	41	2	2	2	2	2	6	0	0	1	0	0	4.943151	0.523252	0.523252	0.518974	1.521465	5.250000	8.000000	0.794054	0.719479	0.644904	0	0	1	1	155	1167428
1444476981	45	40	44	33	4	5	1	1	3	8	0	0	0	0	0	4.943151	0.523252	0.523252	0.514697	1.522271	5.250000	8.000000	0.756766	0.719479	0.607617	0	0	1	1	155	1167428
1444476982	41	33	39	28	4	2	3	5	6	4	0	1	0	1	0	4.944762	0.523252	0.523252	0.518974	1.522271	5.250000	8.000000	0.752306	0.752306	0.565931	0	0	1	1	155	1196345
1444476984	40	34	41	28	3	3	1	4	3	5	0	0	0	1	0	4.943151	0.523252	0.523252	0.517549	1.522271	5.250000	8.000000	0.756766	0.682191	0.607617	0	0	1	1	155	1167407
1444476985	23	38	36	33	4	1	0	1	7	3	0	0	0	0	0	4.943151	0.523252	0.523252	0.518974	1.522271	5.250000	8.000000	0.756766	0.682191	0.607617	0	0	1	1	155	1167428
1444476986	36	36	30	30	2	3	3	4	4	7	0	1	0	1	0	4.943151	0.523252	0.523252	0.518974	1.523077	5.500000	8.000000	0.756766	0.719479	0.644904	0	0	1	1	155	1164683
1444476987	41	29	31	23	3	3	4	2	3	2	0	1	0	0	0	4.943151	0.528955	0.523252	0.518974	1.522271	5.250000	8.000000	0.719479	0.719479	0.644904	0	0	1	1	155	1167400
1444476988	38	31	38	38	6	2	1	1	3	7	0	0	1	0	0	4.941538	0.523252	0.523252	0.517549	1.523077	5.500000	8.000000	0.761231	0.723931	0.686632	0	0	1	1	155	1168565
1444476990	33	30	26	26	4	3	0	1	3	3	0	0	0	1	0	4.943151	0.523252	0.523252	0.518974	1.522271	5.250000	8.000000	0.756766	0.719479	0.570331	0	0	1	1	155	1164664
1444476991	35	36	36	38	2	2	5	0	4	4	0	0	0	0	0	4.943151	0.521826	0.521826	0.518974	1.522271	5.250000	8.000000	0.756766	0.682191	0.607617	0	0	1	1	155	1167397
1444476992	39	33	35	30	4	1	1	5	3	7	0	0	0	1	0	4.943151	0.523252	0.523252	0.517549	1.522271	5.250000	8.000000	0.756766	0.756766	0.644904	0	0	1	1	155	1167419
1444476993	32	31	28	36	6	0	2	1	3	4	0	1	0	0	0	4.944762	0.523252	0.523252	0.518974	1.523077	5.500000	8.000000	0.715030	0.528657	0.565931	0	0	1	1	155	1167419
1444476994	44	34	36	46	4	3	7	3	4	4	0	0	0	0	0	4.943151	0.521826	0.520400	0.513271	1.522271	5.250000	8.000000	-1.107591	0.682191	0.570331	0	0	1	1	155	1164662
1444476996	34	30	29	31	2	1	2	3	4	5	1	0	0	1	0	4.943151	0.523252	0.523252	0.518974	1.523077	5.500000	8.000000	0.756766	0.719479	0.607617	0	0	1	1	156	1167416
1444476997	39	21	27	29	2	2	3	2	2	2	0	0	0	0	0	4.943151	0.523252	0.523252	0.517549	1.523883	5.500000	8.000000	0.756766	0.719479	0.607617	0	0	1	1	155	1167414
1444476998	41	36	37	43	4	2	3	4	4	7	0	0	1	2	0	4.943151	0.523252	0.523252	0.518974	1.524689	5.500000	8.000000	0.756766	0.719479	0.607617	0	0	1	1	155	1164665
1444476999	32	35	25	22	4	0	0	2	5	4	0	0	0	0	0	4.936703	0.523252	0.523252	0.518974	1.522271	5.500000	8.000000	0.774638	0.737302	0.625295	0	0	1	1	155	1167394
1444477000	38	39	35	31	5	3	2	4	7	4	0	0	0	1	0	4.941538	0.523252	0.523252	0.518974	1.523883	5.500000	8.000000	0.761231	0.537436	0.723931	0	0	1	1	155	1168574
1444477002	38	30	40	30	3	3	1	4	1	6	0	0	0	0	0	4.943151	0.524677	0.523252	0.517549	1.523883	5.500000	8.000000	0.719479	0.644904	0.644904	0	0	1	1	155	1164686
1444477003	33	41	27	31	10	1	3	3	6	4	0	2	0	0	0	4.943151	0.523252	0.523252	0.517549	1.524689	5.500000	8.000000	0.756766	0.719479	0.607617	0	0	1	1	155	1167405
1444477004	46	40	34	53	7	1	2	3	5	2	0	0	0	0	0	4.943151	0.523252	0.523252	0.517549	1.524689	5.500000	8.000000	0.719479	0.682191	0.533044	0	0	1	1	156	1167452
1444477005	42	35	37	30	7	2	2	2	1	3	1	0	0	0	0	4.939927	0.514697	0.520400	0.510420	1.520659	5.250000	8.000000	0.653762	0.728385	0.616451	0	0	1	1	155	1167424
1444477006	37	32	39	37	4	0	4	4	2	5	0	0	0	0	0	4.941538	0.521826	0.523252	0.518974	1.524689	5.500000	8.500000	0.761231	0.723931	0.612034	0	0	1	1	155	1164667
1444477008	39	32	32	34	3	1	5	3	5	4	0	0	0	1	0	4.941538	0.523252	0.523252	0.517549	1.525495	5.500000	8.000000	0.761231	0.723931	0.649333	0	0	1	1	155	1167401
1444477009	44	38	40	29	4	2	4	2	1	4	0	0	0	0	0	4.941538	0.523252	0.523252	0.518974	1.524689	5.500000	8.000000	0.761231	0.723931	0.612034	0	0	1	1	155	1167429
1444477010	35	40	30	46	4	4	6	1	5	5	0	1	0	0	0	4.941538	0.521826	0.523252	0.517549	1.525495	5.500000	8.500000	0.798530	0.761231	0.612034	0	0	1	1	155	1164658
1444477011	28	32	35	33	4	2	1	3	0	9	0	0	1	0	0	4.941538	0.523252	0.524677	0.517549	1.523883	5.500000	8.500000	0.761231	0.761231	0.649333	0	0	1	1	155	1167400
1444477012	41	42	39	36	11	4	3	3	5	9	1	1	1	2	1	4.943151	0.523252	0.517549	0.514697	1.525495	5.500000	8.500000	0.719479	0.719479	0.607617	0	0	1	1	155	1168565
1444477014	28	40	30	31	5	0	1	2	3	5	0	0	0	1	0	4.944762	0.524677	0.523252	0.517549	1.525495	5.500000	8.500000	0.752306	0.715030	0.603207	0	0	1	1	156	1164657
1444477015	37	38	32	33	8	2	1	1	5	4	0	0	0	0	0	4.943151	0.523252	0.523252	0.518974	1.525495	5.500000	8.000000	0.756766	0.719479	0.607617	0	0	1	1	155	1167395
1444477016	27	36	42	41	3	1	3	1	5	6	0	0	0	0	0	4.941538	0.523252	0.523252	0.518974	1.524689	5.500000	8.500000	0.761231	0.761231	0.612034	0	0	1	1	155	1167419
1444477017	40	40	42	48	5	5	4	4	8	11	0	0	1	2	0	4.944762	0.523252	0.523252	0.518974	1.526300	5.500000	8.500000	0.789581	0.752306	0.603207	0	0	1	1	155	1164663
1444477018	36	43	37	49	7	6	6	2	5	11	0	0	3	1	0	4.941538	0.523252	0.518974	0.516123	1.526300	5.500000	8.500000	0.761231	0.723931	0.574735	0	0	1	1	156	1167415
1444477020	33	33	32	26	4	0	2	0	2	5	0	0	0	0	0	4.941538	0.520400	0.523252	0.518974	1.525495	5.500000	8.500000	0.649333	0.723931	0.612034	0	0	1	1	156	1167435
1444477021	30	25	34	26	2	3	1	3	1	3	1	0	0	0	0	4.943151	0.523252	0.523252	0.518974	1.526300	5.500000	8.500000	0.756766	0.756766	0.607617	0	0	1	1	155	1167414
1444477022	42	32	36	35	5	4	1	1	2	7	1	0	1	0	0	4.943151	0.523252	0.521826	0.518974	1.527106	5.500000	8.500000	0.756766	0.719479	0.570331	0	0	1	1	155	1164700
1444477023	32	28	32	33	2	2	2	2	2	7	0	1	0	0	0	4.941538	0.524677	0.523252	0.520400	1.526300	5.500000	8.500000	0.761231	0.723931	0.612034	0	0	1	1	155	1167395
1444477024	32	42	33	36	7	4	4	4	1	3	0	0	0	0	0	4.938315	0.526103	0.521826	0.517549	1.527106	5.500000	8.500000	0.732842	0.732842	0.620872	0	0	1	1	155	1168574
1444477026	44	38	33	55	6	3	1	3	8	10	1	0	0	2	0	4.939927	0.520400	0.523252	0.518974	1.526300	5.500000	8.500000	0.765698	0.765698	0.653762	0	0	1	1	155	1164680
1444477027	22	33	34	31	4	1	1	2	4	4	0	0	0	0	0	4.943151	0.523252	0.523252	0.518974	1.526300	5.500000	8.500000	0.756766	0.719479	0.607617	0	0	1	1	156	1167422
1444477028	44	36	37	37	6	3	1	7	2	8	0	0	0	1	0	4.943151	0.523252	0.523252	0.517549	1.527106	5.500000	8.500000	0.756766	0.719479	0.607617	0	0	1	1	155	1167424
1444477029	33	34	42	31	1	4	1	4	4	5	0	0	0	1	0	4.939927	0.523252	0.523252	0.517549	1.526300	5.500000	8.500000	0.765698	0.765698	0.616451	0	0	1	1	155	1164703
1444477030	30	35	38	35	2	4	2	2	3	6	1	0	0	0	0	4.939927	0.523252	0.523252	0.517549	1.526300	5.500000	8.500000	0.765698	0.728385	0.616451	0	0	1	1	155	1167404
1444477032	23	26	45	35	2	2	0	5	3	3	0	0	0	0	0	4.943151	0.523252	0.523252	0.518974	1.527106	5.500000	8.500000	0.644904	0.756766	0.607617	0	0	1	1	155	1167429
1444477033	42	32	42	34	2	2	2	5	1	3	0	0	0	0	0	4.943151	0.523252	0.523252	0.517549	1.527106	5.500000	8.500000	0.756766	0.682191	0.607617	0	0	1	1	155	1167428
1444477034	43	25	32	37	3	2	1	1	3	4	0	0	0	0	0	4.943151	0.523252	0.523252	0.517549	1.527912	5.500000	8.500000	0.756766	0.719479	0.644904	0	0	1	1	155	1164671
1444477035	37	30	26	37	3	3	1	2	3	6	0	0	0	1	0	4.941538	0.523252	0.523252	0.518974	1.527106	5.500000	8.500000	0.761231	0.761231	0.649333	0	0	1	1	155	1167403
1444477036	24	32	30	35	2	0	2	2	3	3	0	0	0	0	0	4.944762	0.523252	0.523252	0.517549	1.527106	5.500000	8.500000	0.715030	0.715030	0.640481	0	0	1	1	155	1168565
1444477038	29	32	47	40	3	2	5	6	3	7	1	1	1	1	1	4.943151	0.524677	0.523252	0.518974	1.527912	5.500000	8.500000	0.756766	0.719479	0.644904	0	0	1	1	155	1164672
1444477039	37	42	36	40	3	4	0	3	7	5	1	0	0	0	0	4.941538	0.514697	0.520400	0.517549	1.527106	5.500000	8.500000	1.992111	0.649333	0.574735	0	0	1	1	155	1167395
1444477040	31	32	39	32	4	3	3	2	3	6	1	0	1	1	0	4.943151	0.523252	0.523252	0.517549	1.528718	5.500000	8.500000	0.756766	0.719479	0.570331	0	0	1	1	155	1167419
1444477041	30	34	40	33	2	2	1	6	3	8	1	0	1	2	0	4.943151	0.523252	0.523252	0.517549	1.528718	5.500000	8.500000	0.756766	0.719479	0.533044	0	0	1	1	155	1164667
1444477042	24	35	27	32	2	3	1	3	4	0	1	1	0	0	0	4.944762	0.523252	0.523252	0.518974	1.528718	5.500000	8.500000	0.752306	0.715030	0.640481	0	0	1	1	155	1167397
1444477044	33	33	32	29	4	3	1	3	6	0	0	1	0	0	0	4.943151	0.523252	0.523252	0.517549	1.527912	5.500000	8.500000	0.756766	0.756766	0.607617	0	0	1	1	155	1167419
1444477045	38	34	22	39	4	1	3	3	5	5	0	0	0	1	0	4.943151	0.518974	0.521826	0.516123	1.527912	5.500000	8.500000	0.682191	0.682191	0.570331	0	0	1	1	155	1167419
1444477046	39	37	38	45	3	4	3	6	3	2	1	1	0	0	0	4.943151	0.524677	0.523252	0.517549	1.528718	5.500000	8.500000	0.756766	0.719479	0.458469	0	0	1	1	155	1164685
1444477047	24	40	29	33	5	3	1	1	5	3	0	0	0	0	0	4.943151	0.523252	0.523252	0.518974	1.527106	5.500000	8.500000	0.756766	0.756766	0.607617	0	0	1	1	155	1167395
1444477048	35	27	24	28	3	3	2	2	0	2	0	0	1	0	0	4.941538	0.523252	0.523252	0.518974	1.529524	5.500000	8.500000	0.761231	0.761231	0.612034	0	0	1	1	155	1168574
1444477050	30	38	30	30	4	1	4	3	3	6	0	0	0	0	0	4.941538	0.523252	0.523252	0.517549	1.529524	5.500000	8.500000	0.761231	0.723931	0.649333	0	0	1	1	155	1164678
1444477051	24	31	37	28	4	4	1	4	4	6	1	0	0	2	0	4.941538	0.523252	0.523252	0.517549	1.529524	5.500000	8.500000	0.761231	0.723931	0.612034	0	0	1	1	155	1167404
1444477052	35	30	33	37	1	4	3	3	5	4	0	0	0	1	0	4.939927	0.520400	0.523252	0.517549	1.530330	5.500000	8.500000	0.691074	0.691074	0.616451	0	0	1	1	155	1167428
1444477053	28	33	37	34	1	3	3	1	3	7	1	0	1	0	0	4.943151	0.523252	0.523252	0.518974	1.530330	5.500000	8.500000	0.719479	0.719479	0.644904	0	0	1	1	155	1164671
1444477054	36	36	30	36	7	4	1	1	7	5	0	0	0	0	0	4.943151	0.523252	0.523252	0.518974	1.529524	5.500000	8.500000	0.756766	0.682191	0.607617	0	0	1	1	155	1167404
1444477056	24	45	35	30	3	0	0	5	5	6	0	0	0	1	0	4.943151	0.523252	0.523252	0.517549	1.530330	5.500000	8.500000	0.756766	0.719479	0.644904	0	0	1	1	155	1167429
1444477057	28	41	46	46	2	3	3	3	5	11	0	1	0	1	0	4.943151	0.524677	0.523252	0.518974	1.530330	5.500000	8.500000	0.756766	0.644904	0.607617	0	0	1	1	155	1175109
1444477058	18	41	39	39	1	0	3	3	4	6	0	0	0	0	0	4.943151	0.523252	0.523252	0.517549	1.530330	5.500000	8.500000	0.719479	0.756766	0.607617	0	0	1	1	156	1167425
1444477059	38	31	33	38	4	1	1	2	4	2	0	0	1	0	0	4.938315	0.523252	0.523252	0.518974	1.529524	5.500000	8.500000	0.807490	0.770166	0.658195	0	0	1	1	155	1167419
1444477060	47	35	35	43	6	6	4	4	6	8	2	0	2	1	0	4.941538	0.523252	0.524677	0.517549	1.530330	5.500000	8.500000	0.761231	0.723931	0.649333	0	0	1	1	155	1168565
1444477062	38	24	29	30	2	5	5	1	1	5	0	0	1	0	0	4.944762	0.520400	0.523252	0.518974	1.530330	5.500000	8.500000	0.752306	0.715030	0.603207	0	0	1	1	155	1164661
1444477063	31	27	40	35	5	4	1	2	6	3	2	1	1	2	1	4.941538	0.523252	0.523252	0.518974	1.531136	5.500000	8.500000	0.723931	0.723931	0.612034	0	0	1	1	155	1167392
1444477064	31	26	39	41	3	1	6	4	5	8	0	0	1	2	0	4.943151	0.523252	0.523252	0.517549	1.530330	5.500000	8.500000	0.756766	0.719479	0.607617	0	0	1	1	155	1167419
1444477065	33	24	37	19	2	5	0	3	1	4	1	0	0	0	0	4.943151	0.523252	0.523252	0.517549	1.531136	5.500000	8.500000	0.756766	0.719479	0.607617	0	0	1	1	155	1164674
1444477066	39	37	40	36	4	1	2	0	3	6	0	1	0	0	0	4.943151	0.523252	0.523252	0.517549	1.531136	5.500000	8.500000	0.794054	0.756766	0.644904	0	0	1	1	155	1167394
1444477068	32	38	26	39	3	4	4	4	7	5	0	1	1	3	0	4.943151	0.523252	0.523252	0.518974	1.530330	5.500000	8.500000	0.644904	0.719479	0.570331	0	0	1	1	155	1167419
1444477069	33	17	38	34	4	2	2	2	2	4	1	1	0	0	0	4.941538	0.523252	0.523252	0.518974	1.531136	5.500000	8.500000	0.649333	0.686632	0.574735	0	0	1	1	155	1164672
1444477070	36	26	31	34	3	2	6	4	5	5	0	2	0	1	0	4.943151	0.523252	0.523252	0.517549	1.531136	5.500000	8.500000	0.756766	0.719479	0.607617	0	0	1	1	155	1167394
1444477071	42	34	40	31	5	3	2	3	4	6	1	0	0	0	0	4.941538	0.523252	0.523252	0.520400	1.531136	5.500000	8.500000	0.798530	0.723931	0.649333	0	0	1	1	155	1167419
1444477072	27	37	29	32	4	2	1	3	3	2	1	0	0	0	0	4.941538	0.523252	0.523252	0.517549	1.531942	5.750000	8.500000	0.761231	0.723931	0.649333	0	0	1	1	155	1168575
1444477074	34	39	34	38	2	3	0	3	5	6	0	0	0	0	0	4.941538	0.523252	0.523252	0.518974	1.531942	5.750000	8.500000	0.761231	0.723931	0.612034	0	0	1	1	155	1164598
1444477075	30	32	40	33	2	1	2	4	4	4	0	0	0	1	0	4.941538	0.524677	0.523252	0.518974	1.531942	5.750000	8.500000	0.761231	0.723931	0.612034	0	0	1	1	155	1167404
1444477076	31	39	40	36	5	5	2	5	2	6	0	0	1	0	0	4.943151	0.521826	0.523252	0.518974	1.531942	5.500000	8.500000	0.794054	0.756766	0.607617	0	0	1	1	155	1167429
1444477077	25	29	27	28	4	3	0	4	2	4	1	0	0	0	0	4.941538	0.523252	0.523252	0.517549	1.532747	5.750000	8.500000	0.761231	0.761231	0.612034	0	0	1	1	155	1164759
1444477078	43	31	34	38	3	3	2	2	2	8	0	0	0	1	0	4.936703	0.523252	0.523252	0.518974	1.531136	5.750000	8.500000	0.774638	0.699966	0.662630	0	0	1	1	155	1167404
1444477080	38	25	39	30	0	4	4	4	2	5	0	0	1	1	0	4.941538	0.517549	0.518974	0.523252	1.533553	5.750000	8.500000	0.723931	0.723931	0.612034	0	0	1	1	155	1167428
1444477081	41	31	33	39	3	0	2	0	2	5	0	1	0	0	0	4.941538	0.520400	0.518974	0.521826	1.532747	5.750000	8.500000	0.761231	0.686632	0.574735	0	0	1	1	155	1164679
1444477082	28	40	44	37	5	1	2	5	2	7	0	0	0	0	0	4.944762	0.523252	0.523252	0.518974	1.533553	5.750000	8.500000	0.752306	0.715030	0.565931	0	0	1	1	155	1167404
1444477083	28	35	43	37	1	4	2	3	5	5	1	0	0	0	0	4.939927	0.523252	0.524677	0.517549	1.532747	5.750000	8.500000	0.765698	0.765698	0.653762	0	0	1	1	155	1167424
1444477084	40	40	29	32	4	1	2	4	3	5	0	0	1	0	0	4.941538	0.517549	0.517549	0.523252	1.532747	5.750000	8.500000	0.761231	0.686632	0.612034	0	0	1	1	155	1185198
1444477086	46	39	37	43	10	3	6	3	3	5	2	2	1	0	1	4.943151	0.523252	0.523252	0.517549	1.531942	5.500000	8.500000	0.756766	0.719479	0.570331	0	0	1	1	155	1164656
1444477087	40	30	30	31	3	2	2	3	3	0	0	0	0	0	0	4.943151	0.523252	0.521826	0.517549	1.533553	5.750000	8.500000	0.756766	0.719479	0.495756	0	0	1	1	156	1167416
1444477088	39	42	40	33	4	0	6	4	2	3	0	0	0	1	0	4.943151	0.523252	0.523252	0.518974	1.533553	5.750000	8.500000	0.756766	0.719479	0.607617	0	0	1	1	155	1184047
1444477089	30	42	36	36	2	3	2	3	5	6	0	0	0	0	0	4.938315	0.521826	0.521826	0.517549	1.532747	5.750000	8.500000	0.732842	0.732842	0.620872	0	0	1	1	155	1164652
1444477090	35	34	32	33	3	1	1	3	4	7	0	1	0	0	0	4.941538	0.523252	0.523252	0.517549	1.533553	5.750000	8.500000	0.761231	0.686632	0.612034	0	0	1	1	155	1167392
1444477092	41	33	37	37	3	2	6	1	3	1	0	1	0	0	0	4.943151	0.523252	0.523252	0.518974	1.533553	5.750000	8.500000	0.756766	0.719479	0.607617	0	0	1	1	155	1184051
1444477093	28	38	30	41	3	3	1	1	3	5	0	0	0	0	0	4.943151	0.523252	0.521826	0.517549	1.534359	5.750000	8.500000	0.756766	0.719479	0.607617	0	0	1	1	155	1164680
1444477094	39	46	24	33	4	3	5	0	3	2	0	0	1	0	0	4.943151	0.523252	0.523252	0.517549	1.534359	5.750000	8.500000	0.682191	0.719479	0.533044	0	0	1	1	155	1167394
1444477095	36	32	33	30	9	2	0	2	1	2	0	0	0	0	0	4.941538	0.524677	0.523252	0.518974	1.534359	5.750000	8.500000	0.761231	0.723931	0.612034	0	0	1	1	155	1184051
1444477096	29	31	31	33	3	3	2	4	2	1	0	1	0	0	0	4.939927	0.523252	0.523252	0.518974	1.535165	5.750000	8.500000	0.765698	0.728385	0.579140	0	0	1	1	155	1168565
1444477098	29	26	26	36	2	5	2	2	1	7	1	0	1	0	0	4.941538	0.523252	0.523252	0.517549	1.534359	5.750000	8.500000	0.723931	0.761231	0.500136	0	0	1	1	155	1180335
1444477099	33	38	32	33	3	2	5	5	2	4	1	0	0	0	0	4.941538	0.523252	0.523252	0.520400	1.534359	5.750000	8.500000	0.761231	0.686632	0.612034	0	0	1	1	155	1167394
1444477100	37	33	34	38	6	4	1	4	5	3	0	0	0	0	0	4.936703	0.524677	0.523252	0.517549	1.533553	5.750000	8.500000	0.774638	0.774638	0.662630	0	0	1	1	155	1167428
1444477101	37	38	31	37	3	2	5	4	2	4	0	0	1	0	0	4.941538	0.523252	0.523252	0.513271	1.533553	5.750000	8.500000	0.910427	0.761231	0.649333	0	0	1	1	155	1180335
1444477102	47	27	28	40	6	2	6	0	5	1	0	3	0	0	0	4.943151	0.524677	0.523252	0.518974	1.534359	5.750000	8.500000	0.756766	0.719479	0.607617	0	0	1	1	155	1167394
1444477104	33	38	24	38	5	1	2	2	3	3	1	0	0	0	0	4.941538	0.521826	0.523252	0.518974	1.535165	5.750000	8.500000	0.761231	0.723931	0.649333	0	0	1	1	155	1167431
1444477105	37	35	28	43	3	1	4	3	5	6	0	0	0	2	0	4.941538	0.520400	0.521826	0.517549	1.535165	5.750000	8.500000	0.761231	0.723931	0.612034	0	0	1	1	155	1180336
1444477106	38	30	41	26	5	4	3	6	1	4	2	0	0	0	0	4.943151	0.523252	0.521826	0.518974	1.534359	5.750000	8.500000	0.756766	0.644904	0.533044	0	0	1	1	155	1167393
1444477107	31	28	34	30	3	0	2	3	0	6	0	0	0	0	0	4.943151	0.523252	0.523252	0.518974	1.535165	5.750000	8.500000	0.756766	0.756766	0.644904	0	0	1	1	155	1167429
1444477108	31	44	25	42	3	2	0	4	3	5	1	0	0	0	0	4.943151	0.523252	0.523252	0.517549	1.535971	5.750000	8.500000	0.756766	0.719479	0.607617	0	0	1	1	155	1181477
1444477110	35	29	34	32	5	3	4	1	3	2	1	2	1	1	1	4.944762	0.523252	0.520400	0.514697	1.535165	5.750000	8.500000	0.752306	0.677756	0.603207	0	0	1	1	155	1167390
1444477111	36	41	33	32	4	3	1	3	9	2	0	0	0	1	0	4.943151	0.523252	0.523252	0.518974	1.535971	5.750000	8.500000	0.831341	0.644904	0.570331	0	0	1	1	155	1167424
1444477112	27	48	34	43	6	3	1	1	8	4	0	0	0	0	0	4.943151	0.523252	0.521826	0.518974	1.535971	5.750000	8.500000	0.756766	0.719479	0.644904	0	0	1	1	155	1184056
1444477113	31	38	40	39	4	1	3	5	4	7	0	0	0	0	0	4.943151	0.523252	0.521826	0.517549	1.536777	5.750000	8.500000	0.756766	0.756766	0.644904	0	0	1	1	155	1164682
1444477114	39	43	39	34	6	2	1	3	5	3	0	0	0	1	0	4.943151	0.523252	0.524677	0.517549	1.536777	5.750000	8.500000	0.682191	0.719479	0.495756	0	0	1	1	155	1167395
1444477116	39	33	40	30	5	3	2	1	2	5	0	0	0	0	0	4.943151	0.523252	0.523252	0.517549	1.535971	5.750000	8.500000	0.756766	0.719479	0.607617	0	0	1	1	155	1184052
1444477117	39	28	29	23	4	2	3	2	3	2	0	1	0	0	0	4.939927	0.523252	0.523252	0.517549	1.536777	5.750000	8.500000	0.765698	0.728385	0.579140	0	0	1	1	155	1164653
1444477118	28	29	37	35	5	4	2	2	6	2	0	2	0	0	0	4.939927	0.523252	0.521826	0.514697	1.535165	5.750000	8.500000	0.765698	0.728385	0.579140	0	0	0	1	155	1167395
1444477119	41	32	42	38	6	1	2	4	3	5	1	0	0	0	0	4.938315	0.523252	0.521826	0.518974	1.536777	5.750000	8.500000	0.770166	0.620872	0.620872	0	0	0	1	155	1167419
1444477120	34	34	43	37	4	3	2	2	4	3	0	0	0	1	0	4.943151	0.523252	0.520400	0.516123	1.537583	5.750000	8.500000	0.756766	0.719479	0.533044	0	0	1	1	155	1165816
1444477122	33	31	41	37	2	3	3	4	4	6	0	0	1	0	0	4.943151	0.521826	0.523252	0.518974	1.536777	5.750000	8.500000	0.756766	0.719479	0.607617	0	0	1	1	155	1167404
1444477123	37	34	21	29	6	1	3	1	5	4	0	1	0	0	0	4.941538	0.523252	0.521826	0.518974	1.537583	5.750000	8.500000	0.798530	0.723931	0.612034	0	0	1	1	155	1167429
1444477124	26	36	37	31	4	1	2	5	2	4	1	0	0	1	0	4.941538	0.521826	0.523252	0.517549	1.536777	5.750000	8.500000	0.761231	0.761231	0.612034	0	0	1	1	155	1167429
1444477125	32	39	30	30	5	4	1	2	2	1	1	0	0	0	0	4.943151	0.523252	0.523252	0.517549	1.536777	5.750000	8.500000	0.719479	0.756766	0.607617	0	0	1	1	155	1164677
1444477126	36	37	41	39	2	3	3	1	7	3	0	0	1	0	0	4.943151	0.523252	0.523252	0.517549	1.537583	5.750000	8.500000	0.719479	0.756766	0.607617	0	0	1	1	155	1167404
1444477128	25	42	37	37	3	2	1	2	5	6	1	1	1	1	1	4.943151	0.523252	0.523252	0.517549	1.537583	5.750000	8.500000	0.756766	0.719479	0.607617	0	0	1	1	155	1167431
1444477129	47	30	26	25	3	4	3	3	1	2	0	0	1	0	0	4.943151	0.524677	0.523252	0.517549	1.537583	5.750000	8.500000	0.756766	0.756766	0.607617	0	0	1	1	155	1164686
1444477130	31	40	33	29	3	2	2	3	1	6	0	0	1	0	0	4.941538	0.523252	0.523252	0.518974	1.538388	5.750000	8.500000	0.761231	0.686632	0.612034	0	0	1	1	155	1167405
1444477131	29	38	33	36	1	2	1	7	6	5	0	0	0	1	0	4.936703	0.521826	0.523252	0.517549	1.537583	5.750000	8.500000	0.811974	0.774638	0.662630	0	0	1	1	155	1167424
1444477132	35	37	35	33	6	0	2	4	4	7	0	1	0	0	0	4.943151	0.523252	0.521826	0.517549	1.538388	5.750000	8.500000	0.756766	0.682191	0.570331	0	0	1	1	155	1165912
1444477134	44	33	34	34	3	5	5	3	2	7	0	1	2	0	0	4.943151	0.521826	0.521826	0.520400	1.537583	5.750000	8.500000	0.794054	0.719479	0.607617	0	0	1	1	155	1167391
1444477135	32	33	29	29	7	1	1	2	3	3	0	0	0	0	0	4.941538	0.523252	0.521826	0.518974	1.538388	5.750000	8.500000	0.761231	0.723931	0.612034	0	0	1	1	155	1167419
1444477136	32	35	30	37	4	2	2	3	5	4	0	0	0	1	0	4.943151	0.523252	0.523252	0.517549	1.539194	5.750000	8.500000	0.756766	0.719479	0.607617	0	0	1	1	155	1167419
1444477137	37	40	34	35	5	4	3	5	1	4	0	0	0	0	0	4.944762	0.523252	0.523252	0.517549	1.540000	5.750000	8.500000	0.752306	0.715030	0.603207	0	0	1	1	155	1164648
1444477138	30	28	33	32	3	3	1	4	4	2	1	0	0	0	0	4.946374	0.523252	0.523252	0.518974	1.539194	5.750000	8.500000	0.747849	0.524272	0.524272	0	0	1	1	155	1167394
1444477140	31	36	23	22	2	2	1	1	4	0	0	0	0	0	0	4.941538	0.524677	0.523252	0.517549	1.539194	5.750000	8.500000	0.761231	0.761231	0.649333	0	0	1	1	155	1167419
1444477141	26	29	33	43	4	1	0	2	3	7	0	0	0	1	0	4.939927	0.523252	0.523252	0.518974	1.538388	5.750000	8.500000	0.765698	0.728385	0.616451	0	0	1	1	155	1164670
1444477142	35	38	25	39	5	0	1	2	6	4	0	0	0	0	0	4.941538	0.523252	0.523252	0.517549	1.538388	5.750000	8.500000	0.761231	0.761231	0.612034	0	0	1	1	155	1167395
1444477143	30	40	42	34	4	0	0	3	2	6	0	0	0	0	0	4.939927	0.523252	0.523252	0.517549	1.538388	5.750000	8.500000	0.765698	0.728385	0.579140	0	0	1	1	155	1167419
1444477144	22	40	39	32	4	1	4	3	4	1	1	0	0	0	0	4.935091	0.526103	0.521826	0.518974	1.537583	5.750000	8.500000	0.779113	0.741765	0.667068	0	0	1	1	155	1165822
1444477146	28	35	38	36	9	2	1	1	2	8	0	0	0	0	0	4.943151	0.523252	0.521826	0.518974	1.540000	5.750000	8.500000	0.756766	0.607617	0.719479	0	0	1	1	155	1167404
1444477147	39	31	44	36	8	4	7	4	4	9	1	1	3	1	1	4.943151	0.523252	0.523252	0.517549	1.540000	5.750000	8.500000	0.756766	0.756766	0.644904	0	0	1	1	155	1167428
1444477148	35	31	31	41	4	2	4	2	3	3	0	1	0	0	0	4.941538	0.521826	0.521826	0.517549	1.540000	5.750000	8.500000	0.761231	0.761231	0.574735	0	0	1	1	155	1164671
1444477149	42	36	33	31	5	3	1	1	6	5	0	1	0	1	0	4.941538	0.523252	0.523252	0.518974	1.540000	5.750000	8.500000	0.761231	0.761231	0.574735	0	0	1	1	155	1167404
1444477150	39	33	36	26	3	1	3	1	2	5	0	1	1	0	0	4.938315	0.580282	0.520400	0.510420	1.538388	5.750000	8.500000	0.919461	0.807490	0.658195	0	0	1	1	155	1167429
1444477152	29	29	31	34	2	2	1	1	3	5	0	0	1	0	0	4.939927	0.523252	0.523252	0.520400	1.540806	5.750000	8.500000	0.765698	0.765698	0.653762	0	0	1	1	155	1167426
1444477153	41	55	33	32	8	1	4	9	4	3	0	1	0	1	0	4.941538	0.523252	0.523252	0.517549	1.540806	5.750000	8.500000	0.761231	0.761231	0.612034	0	0	1	1	155	1164692
1444477154	29	30	26	32	4	1	1	1	2	4	1	1	0	0	0	4.941538	0.524677	0.521826	0.517549	1.540806	5.750000	8.500000	0.761231	0.723931	0.574735	0	0	1	1	155	1167405
1444477155	40	26	28	49	1	1	3	0	2	9	0	0	0	0	0	4.938315	0.523252	0.523252	0.520400	1.540000	5.750000	8.500000	0.770166	0.770166	0.583549	0	0	1	1	155	1167424
1444477156	28	30	34	36	5	1	2	2	6	5	0	1	0	1	0	4.941538	0.523252	0.523252	0.517549	1.540806	5.750000	8.500000	0.723931	0.723931	0.574735	0	0	1	1	155	1165803
1444477158	29	31	23	32	4	3	2	2	1	4	0	0	1	0	0	4.943151	0.523252	0.518974	0.516123	1.541612	5.750000	8.500000	0.756766	0.719479	0.607617	0	0	1	1	155	1167395
1444477159	36	34	36	42	5	2	3	3	0	5	1	0	0	0	0	4.941538	0.523252	0.523252	0.518974	1.541612	5.750000	8.500000	0.761231	0.723931	0.649333	0	0	1	1	155	1167419
