time	cnt1	cnt2	cnt3	cnt4	1&2	1&3	1&4	2&3	2&4	3&4	1&2&3	1&2&4	1&3&4	2&3&4	1&2&3&4	adcr	adcp1	adcp2	adcp3	adcntc	ntcT	digT	p1	p2	p3	hvstate	pbsstate	ethstate	listpbs	sdstate	looptime
1444477880	32	45	36	35	3	2	1	3	5	5	1	0	0	1	0	4.943151	0.523252	0.523252	0.520400	1.620586	7.500000	10.500000	0.756766	0.719479	0.644904	0	0	1	1	156	1167416
1444477882	25	33	38	38	3	2	2	1	1	7	1	0	0	0	0	4.943151	0.523252	0.523252	0.520400	1.620586	7.500000	10.500000	0.756766	0.756766	0.682191	0	0	1	1	156	1218039
1444477883	40	36	32	28	6	1	2	3	1	4	0	0	0	0	0	4.941538	0.523252	0.523252	0.520400	1.621392	7.500000	10.500000	0.761231	0.723931	0.686632	0	0	1	1	156	1167416
1444477884	41	44	24	39	6	1	1	3	4	3	0	0	0	0	0	4.939927	0.523252	0.523252	0.520400	1.620586	7.500000	10.500000	0.765698	0.728385	0.691074	0	0	1	1	156	1211736
1444477885	39	37	32	30	4	4	4	3	3	5	1	1	2	1	1	4.943151	0.523252	0.520400	0.520400	1.621392	7.500000	10.500000	0.756766	0.719479	0.682191	0	0	1	1	156	1167413
1444477886	42	37	29	31	6	4	4	2	4	7	0	0	3	1	0	4.943151	0.521826	0.523252	0.520400	1.621392	7.500000	10.500000	0.756766	0.719479	0.682191	0	0	1	1	156	1167435
1444477888	38	46	42	37	4	4	3	3	7	6	0	1	0	1	0	4.938315	0.520400	0.523252	0.521826	1.621392	7.500000	10.500000	0.770166	0.770166	0.695518	0	0	1	1	156	1170011
1444477889	37	36	26	40	9	3	2	3	5	3	2	0	0	0	0	4.943151	0.523252	0.523252	0.520400	1.621392	7.500000	10.500000	0.756766	0.682191	0.644904	0	0	1	1	156	1168571
1444477890	33	29	36	31	2	4	1	4	3	5	0	0	0	0	0	4.943151	0.523252	0.523252	0.520400	1.622198	7.500000	10.500000	0.756766	0.682191	0.570331	0	0	1	1	156	1167445
1444477891	36	28	31	34	4	7	1	1	4	4	0	0	0	0	0	4.941538	0.523252	0.523252	0.521826	1.622198	7.500000	10.500000	0.761231	0.686632	0.649333	0	0	1	1	156	1164683
1444477892	39	37	36	33	4	2	5	4	5	2	0	3	0	0	0	4.941538	0.523252	0.523252	0.520400	1.622198	7.500000	10.500000	0.761231	0.761231	0.686632	0	0	1	1	156	1167425
1444477894	30	40	26	30	3	3	0	6	6	4	1	0	0	2	0	4.943151	0.523252	0.523252	0.520400	1.623004	7.500000	10.500000	0.756766	0.756766	0.644904	0	0	1	1	156	1167445
1444477895	31	31	36	28	6	1	0	2	3	4	0	0	0	0	0	4.938315	0.564599	0.520400	0.517549	1.620586	7.500000	10.500000	0.770166	0.732842	0.695518	0	0	1	1	156	1174917
1444477896	31	24	35	34	1	1	1	3	4	3	0	0	0	1	0	4.943151	0.524677	0.523252	0.520400	1.623810	7.500000	10.500000	0.756766	0.756766	0.682191	0	0	1	1	156	1167423
1444477897	27	40	33	31	7	1	2	4	2	1	0	0	0	0	0	4.941538	0.523252	0.523252	0.520400	1.623004	7.500000	10.500000	0.761231	0.761231	0.686632	0	0	1	1	156	1167444
1444477898	36	30	30	33	5	4	4	0	3	6	0	0	1	0	0	4.943151	0.523252	0.521826	0.521826	1.622198	7.500000	10.500000	0.756766	0.682191	0.644904	0	0	1	1	156	1167445
1444477900	40	30	38	42	4	2	3	2	7	5	0	0	0	0	0	4.936703	0.523252	0.523252	0.518974	1.621392	7.500000	10.500000	0.811974	0.774638	0.662630	0	0	1	1	156	1164674
1444477901	33	39	31	36	5	6	2	4	4	5	1	0	0	1	0	4.941538	0.523252	0.523252	0.517549	1.623004	7.500000	10.500000	0.761231	0.723931	0.686632	0	0	1	1	156	1168562
1444477902	32	38	39	31	5	3	2	5	5	3	1	0	0	0	0	4.943151	0.520400	0.523252	0.520400	1.623004	7.500000	10.500000	0.756766	0.682191	0.644904	0	0	1	1	156	1167435
1444477903	37	30	36	48	3	6	4	0	3	7	0	1	0	0	0	4.943151	0.523252	0.523252	0.520400	1.623810	7.500000	10.500000	0.756766	0.719479	0.533044	0	0	1	1	156	1164672
1444477904	27	31	26	25	3	2	1	4	5	3	2	1	1	1	1	4.943151	0.523252	0.523252	0.520400	1.623004	7.500000	10.500000	0.756766	0.756766	0.682191	0	0	1	1	156	1167415
1444477906	35	49	33	46	9	5	4	5	5	6	1	1	1	1	1	4.939927	0.523252	0.523252	0.520400	1.623810	7.500000	10.500000	0.765698	0.765698	0.653762	0	0	1	1	156	1167435
1444477907	35	32	23	27	5	2	3	1	2	1	0	1	0	0	0	4.941538	0.521826	0.523252	0.517549	1.623004	7.500000	10.500000	0.761231	0.723931	0.612034	0	0	1	1	156	1164674
1444477908	35	26	28	32	3	2	1	5	2	3	1	0	0	0	0	4.944762	0.523252	0.524677	0.516123	1.622198	7.500000	10.500000	0.789581	0.752306	0.603207	0	0	1	1	156	1167416
1444477909	45	34	41	39	7	3	1	2	4	7	0	1	0	0	0	4.941538	0.523252	0.523252	0.521826	1.623810	7.500000	10.500000	0.761231	0.723931	0.612034	0	0	1	1	156	1167435
1444477910	46	34	24	38	9	4	9	1	2	0	0	2	0	0	0	4.943151	0.523252	0.521826	0.520400	1.623810	7.500000	10.500000	0.756766	0.719479	0.644904	0	0	1	1	156	1167435
1444477912	30	39	41	35	2	4	2	8	4	4	1	0	0	1	0	4.938315	0.523252	0.523252	0.518974	1.623004	7.500000	10.500000	0.732842	0.732842	0.658195	0	0	1	1	156	1164688
1444477913	44	46	40	29	7	1	0	1	4	2	0	0	0	0	0	4.941538	0.523252	0.523252	0.517549	1.624615	7.500000	10.500000	0.761231	0.723931	0.574735	0	0	1	1	156	1168571
1444477914	38	35	32	37	2	1	3	2	6	3	0	0	0	0	0	4.939927	0.517549	0.527529	0.517549	1.623810	7.500000	10.500000	0.765698	0.691074	0.616451	0	0	1	1	156	1167444
1444477915	25	21	24	36	2	3	0	0	3	5	0	0	0	0	0	4.941538	0.518974	0.526103	0.518974	1.624615	7.500000	10.500000	0.761231	0.723931	0.612034	0	0	1	1	156	1164683
1444477916	34	31	30	36	4	1	2	2	4	3	0	0	0	0	0	4.939927	0.523252	0.523252	0.517549	1.624615	7.500000	10.500000	0.765698	0.653762	0.579140	0	0	1	1	156	1167426
1444477918	34	32	31	40	4	2	5	1	2	4	0	0	0	0	0	4.941538	0.523252	0.521826	0.520400	1.624615	7.500000	10.500000	0.761231	0.723931	0.686632	0	0	1	1	156	1167445
1444477919	36	37	36	45	6	3	1	4	7	6	0	0	0	1	0	4.943151	0.521826	0.521826	0.517549	1.625421	7.500000	10.500000	0.756766	0.719479	0.607617	0	0	1	1	156	1164715
1444477920	35	35	43	27	4	4	2	3	3	2	0	0	0	0	0	4.941538	0.523252	0.523252	0.517549	1.625421	7.500000	10.500000	0.761231	0.723931	0.612034	0	0	1	1	156	1167425
1444477921	33	35	34	47	4	3	2	5	6	4	1	1	1	0	1	4.943151	0.523252	0.523252	0.517549	1.625421	7.500000	10.500000	0.607617	0.682191	0.570331	0	0	1	1	156	1167444
1444477922	41	37	35	31	5	1	1	4	3	5	0	0	0	0	0	4.943151	0.523252	0.523252	0.517549	1.626227	7.500000	10.500000	0.607617	0.682191	0.570331	0	0	1	1	156	1164686
1444477924	32	30	35	30	6	2	3	1	2	6	1	2	2	1	1	4.939927	0.523252	0.524677	0.517549	1.625421	7.500000	10.500000	0.765698	0.728385	0.616451	0	0	1	1	156	1167421
1444477925	34	30	27	33	5	1	2	2	2	3	0	0	1	0	0	4.939927	0.521826	0.521826	0.517549	1.626227	7.500000	10.500000	0.765698	0.728385	0.616451	0	0	1	1	156	1168581
1444477926	30	29	27	35	1	3	1	3	2	7	0	0	0	0	0	4.941538	0.523252	0.523252	0.517549	1.626227	7.500000	10.500000	0.761231	0.723931	0.612034	0	0	1	1	156	1167435
1444477927	28	38	35	41	4	4	2	3	6	5	0	0	1	1	0	4.943151	0.523252	0.521826	0.517549	1.626227	7.500000	10.500000	0.756766	0.682191	0.644904	0	0	1	1	156	1164692
1444477928	37	28	45	35	3	5	6	5	2	6	1	2	2	1	1	4.941538	0.523252	0.521826	0.518974	1.627033	7.500000	10.500000	0.649333	0.686632	0.537436	0	0	1	1	156	1167415
1444477930	40	39	32	27	5	2	2	3	3	4	0	1	0	0	0	4.943151	0.523252	0.523252	0.517549	1.627033	7.500000	10.500000	0.756766	0.756766	0.607617	0	0	1	1	156	1167435
1444477931	33	39	38	46	5	3	2	7	8	9	2	1	1	2	1	4.943151	0.523252	0.523252	0.518974	1.627033	7.500000	10.500000	0.756766	0.719479	0.607617	0	0	1	1	156	1164671
1444477932	39	37	39	35	5	3	4	3	4	6	0	0	0	0	0	4.941538	0.523252	0.523252	0.518974	1.627033	7.500000	10.500000	0.761231	0.723931	0.574735	0	0	1	1	156	1167418
1444477933	39	30	32	43	4	3	1	1	6	9	0	0	1	0	0	4.943151	0.523252	0.521826	0.517549	1.627033	7.500000	10.500000	0.719479	0.682191	0.607617	0	0	1	1	156	1167435
1444477934	25	35	33	33	4	0	3	4	5	3	0	0	0	1	0	4.939927	0.523252	0.531806	0.514697	1.626227	7.500000	10.500000	0.728385	0.728385	0.616451	0	0	1	1	156	1164689
1444477936	30	35	31	29	4	5	4	1	3	3	0	0	1	0	0	4.939927	0.524677	0.521826	0.514697	1.627033	7.500000	10.500000	0.765698	0.765698	0.653762	0	0	1	1	156	1167413
1444477937	32	34	30	30	3	2	3	2	3	3	0	2	0	0	0	4.943151	0.523252	0.523252	0.517549	1.627033	7.500000	10.500000	0.756766	0.719479	0.644904	0	0	1	1	156	1168590
1444477938	33	28	37	43	3	1	2	2	4	8	1	0	0	0	0	4.943151	0.523252	0.521826	0.517549	1.627033	7.500000	10.500000	0.756766	0.719479	0.607617	0	0	1	1	156	1167447
1444477939	54	30	41	29	5	6	2	2	2	9	0	0	0	0	0	4.936703	0.523252	0.523252	0.517549	1.627033	7.750000	10.500000	0.774638	0.737302	0.625295	0	0	1	1	156	1164681
1444477940	34	17	34	36	2	3	1	1	1	6	0	0	0	0	0	4.943151	0.523252	0.523252	0.518974	1.627839	7.500000	10.500000	0.756766	0.719479	0.607617	0	0	1	1	156	1167426
1444477942	33	43	26	33	6	0	1	4	5	2	0	1	0	0	0	4.941538	0.521826	0.518974	0.520400	1.628645	7.750000	10.500000	0.761231	0.723931	0.612034	0	0	1	1	156	1167445
1444477943	48	42	35	41	5	1	2	1	7	4	0	0	0	0	0	4.939927	0.521826	0.520400	0.518974	1.628645	7.750000	10.500000	0.765698	0.728385	0.616451	0	0	1	1	156	1164702
1444477944	31	38	35	36	5	4	2	5	2	7	1	1	1	0	1	4.941538	0.523252	0.521826	0.517549	1.628645	7.750000	10.500000	0.761231	0.761231	0.612034	0	0	1	1	156	1167425
1444477945	41	45	41	44	6	2	4	2	4	12	0	1	0	0	0	4.936703	0.523252	0.523252	0.520400	1.627033	7.750000	10.500000	0.774638	0.737302	0.625295	0	0	1	1	156	1167444
1444477946	41	39	31	29	8	1	3	1	4	5	0	0	0	1	0	4.941538	0.521826	0.521826	0.517549	1.628645	7.750000	10.500000	0.612034	0.686632	0.574735	0	0	1	1	157	1164688
1444477948	28	37	29	29	2	0	0	0	1	8	0	0	0	0	0	4.941538	0.523252	0.520400	0.517549	1.628645	7.750000	10.500000	0.761231	1.059626	0.574735	0	0	1	1	156	1167421
1444477949	37	36	34	38	6	2	4	2	3	3	0	0	0	0	0	4.939927	0.523252	0.521826	0.518974	1.628645	7.750000	10.500000	0.765698	0.691074	0.653762	0	0	1	1	156	1168581
1444477950	39	44	35	33	5	6	2	2	7	4	0	0	0	0	0	4.943151	0.523252	0.523252	0.518974	1.629451	7.750000	10.500000	0.794054	0.719479	0.570331	0	0	1	1	156	1164671
1444477951	29	32	30	30	6	2	2	3	2	5	0	0	0	1	0	4.941538	0.523252	0.523252	0.518974	1.629451	7.750000	10.500000	0.761231	0.723931	0.574735	0	0	1	1	156	1167416
1444477952	34	39	36	38	7	1	4	1	5	6	0	0	0	0	0	4.939927	0.523252	0.521826	0.518974	1.629451	7.750000	11.000000	0.691074	0.653762	0.541828	0	0	1	1	156	1167435
1444477954	38	35	29	32	5	2	4	2	3	3	0	1	0	0	0	4.943151	0.523252	0.523252	0.517549	1.630257	7.750000	10.500000	0.756766	0.719479	0.607617	0	0	1	1	156	1167435
1444477955	45	38	29	30	6	1	3	4	4	3	0	2	0	1	0	4.943151	0.523252	0.523252	0.518974	1.630257	7.750000	11.000000	0.756766	0.682191	0.644904	0	0	1	1	156	1164674
1444477956	33	41	28	31	4	1	0	2	3	4	0	0	0	0	0	4.943151	0.523252	0.523252	0.518974	1.629451	7.750000	10.500000	0.756766	0.756766	0.644904	0	0	1	1	156	1167418
1444477957	33	28	32	36	4	1	4	2	2	7	0	0	1	0	0	4.941538	0.523252	0.523252	0.517549	1.630257	7.750000	11.000000	0.761231	0.723931	0.612034	0	0	1	1	156	1167435
1444477958	30	27	34	24	5	2	0	2	1	2	0	0	0	0	0	4.941538	0.521826	0.523252	0.518974	1.630257	7.750000	10.500000	0.723931	0.723931	0.612034	0	0	1	1	156	1164681
1444477960	40	35	28	36	4	1	1	3	1	4	0	0	0	0	0	4.939927	0.523252	0.526103	0.514697	1.629451	7.750000	11.000000	0.765698	0.765698	0.653762	0	0	1	1	156	1167413
1444477961	24	28	33	38	3	1	3	1	2	4	0	0	0	0	0	4.941538	0.523252	0.521826	0.517549	1.630257	7.750000	11.000000	0.761231	0.723931	0.612034	0	0	1	1	156	1168590
1444477962	41	24	41	38	4	6	4	1	5	5	0	0	0	0	0	4.941538	0.523252	0.523252	0.517549	1.630257	7.750000	11.000000	0.761231	0.761231	0.649333	0	0	1	1	156	1164691
1444477963	31	38	31	39	7	0	4	4	6	6	0	2	0	1	0	4.939927	0.523252	0.523252	0.517549	1.631062	7.750000	11.000000	0.765698	0.765698	0.616451	0	0	1	1	156	1167428
1444477964	25	32	33	34	4	1	0	4	5	5	0	0	0	0	0	4.941538	0.523252	0.523252	0.517549	1.631062	7.750000	11.000000	0.761231	0.723931	0.612034	0	0	1	1	156	1167445
1444477966	35	43	23	40	5	0	3	1	7	2	0	1	0	0	0	4.941538	0.523252	0.520400	0.518974	1.631062	7.750000	11.000000	0.723931	0.723931	0.574735	0	0	1	1	156	1167445
1444477967	45	27	41	37	4	5	2	3	4	9	0	0	2	2	0	4.943151	0.523252	0.520400	0.518974	1.631868	7.750000	11.000000	0.756766	0.719479	0.607617	0	0	1	1	156	1164686
1444477968	39	37	32	20	5	1	0	1	1	4	0	0	0	0	0	4.941538	0.523252	0.523252	0.517549	1.631868	7.750000	11.000000	0.761231	0.723931	0.649333	0	0	1	1	156	1167425
1444477969	32	40	39	51	4	1	2	2	4	8	0	1	0	1	0	4.941538	0.523252	0.523252	0.517549	1.631868	7.750000	11.000000	0.761231	0.686632	0.574735	0	0	1	1	156	1167445
1444477970	37	33	48	39	5	4	0	6	1	8	1	0	0	0	0	4.941538	0.523252	0.523252	0.517549	1.631868	7.750000	11.000000	0.761231	0.723931	0.649333	0	0	1	1	156	1164681
1444477972	39	39	46	43	7	1	2	3	5	10	0	0	0	0	0	4.938315	0.523252	0.523252	0.517549	1.631868	7.750000	11.000000	0.770166	0.732842	0.620872	0	0	1	1	156	1167421
1444477973	43	29	39	30	4	4	4	1	4	7	0	0	2	0	0	4.941538	0.523252	0.523252	0.516123	1.631868	7.750000	11.000000	0.761231	0.723931	0.612034	0	0	1	1	157	1168706
1444477974	27	30	36	35	5	2	2	3	7	1	1	0	0	0	0	4.941538	0.523252	0.518974	0.514697	1.632674	7.750000	11.000000	0.649333	0.686632	0.574735	0	0	1	1	156	1164670
1444477975	32	38	40	28	5	2	3	3	3	5	0	1	1	0	0	4.941538	0.523252	0.523252	0.517549	1.633480	7.750000	11.000000	0.761231	0.761231	0.612034	0	0	1	1	156	1167415
1444477976	31	29	30	23	3	2	1	5	0	2	0	0	0	0	0	4.943151	0.523252	0.523252	0.517549	1.632674	7.750000	11.000000	0.756766	0.682191	0.607617	0	0	1	1	156	1167438
1444477978	34	34	43	45	5	4	1	4	2	7	2	0	0	0	0	4.938315	0.523252	0.523252	0.520400	1.631868	7.750000	11.000000	0.807490	0.770166	0.695518	0	0	1	1	156	1164685
1444477979	34	37	41	26	5	5	1	3	2	4	1	0	0	0	0	4.939927	0.523252	0.523252	0.517549	1.633480	7.750000	11.000000	0.765698	0.765698	0.653762	0	0	1	1	156	1167416
1444477980	35	38	27	27	5	0	2	1	3	2	0	0	0	0	0	4.941538	0.520400	0.523252	0.518974	1.633480	7.750000	11.000000	0.761231	0.761231	0.612034	0	0	1	1	156	1167435
1444477981	40	30	39	38	4	5	4	2	4	5	0	0	2	0	0	4.943151	0.523252	0.523252	0.517549	1.633480	7.750000	11.000000	0.682191	0.719479	0.607617	0	0	1	1	156	1167435
1444477982	35	43	46	27	6	3	3	3	2	6	1	1	2	1	1	4.943151	0.523252	0.523252	0.517549	1.633480	7.750000	11.000000	0.719479	0.756766	0.644904	0	0	1	1	156	1201842
1444477984	40	31	37	36	5	2	5	4	2	6	0	0	1	1	0	4.941538	0.523252	0.523252	0.518974	1.633480	7.750000	11.000000	0.761231	0.723931	0.649333	0	0	1	1	156	1167416
1444477985	35	41	23	37	8	2	1	2	5	1	2	0	0	0	0	4.941538	0.523252	0.523252	0.517549	1.632674	7.750000	11.000000	0.761231	0.723931	0.612034	0	0	1	1	156	1168593
1444477986	33	34	36	33	5	1	3	0	3	5	0	1	0	0	0	4.943151	0.524677	0.523252	0.521826	1.635092	7.750000	11.000000	0.756766	0.756766	0.644904	0	0	1	1	156	1164693
1444477987	27	33	40	38	1	3	3	2	0	8	0	0	1	0	0	4.943151	0.527529	0.520400	0.517549	1.634286	7.750000	11.000000	0.719479	0.719479	0.607617	0	0	1	1	156	1167425
1444477988	26	51	30	46	5	0	1	6	8	5	0	0	0	0	0	4.943151	0.523252	0.523252	0.517549	1.634286	7.750000	11.000000	0.756766	0.682191	0.607617	0	0	1	1	156	1167445
1444477990	39	35	32	48	4	4	1	2	4	7	0	0	0	1	0	4.941538	0.523252	0.523252	0.517549	1.635092	7.750000	11.000000	0.798530	0.723931	0.612034	0	0	1	1	156	1164714
1444477991	44	38	28	49	5	1	2	2	5	7	0	1	0	0	0	4.941538	0.523252	0.521826	0.517549	1.634286	7.750000	11.000000	0.761231	0.686632	0.649333	0	0	1	1	156	1167426
1444477992	29	40	28	32	6	0	2	1	6	3	0	0	0	0	0	4.943151	0.523252	0.523252	0.518974	1.635092	7.750000	11.000000	0.756766	0.719479	0.644904	0	0	1	1	156	1167445
1444477993	41	33	42	42	5	0	0	1	3	12	0	0	0	0	0	4.943151	0.521826	0.521826	0.517549	1.635898	7.750000	11.000000	0.644904	0.607617	0.644904	0	0	1	1	156	1167445
1444477994	32	38	41	37	3	0	1	1	2	9	0	0	0	0	0	4.941538	0.521826	0.523252	0.520400	1.635898	7.750000	11.000000	0.761231	0.723931	0.649333	0	0	1	1	157	1164676
1444477996	32	22	40	41	1	1	2	1	2	5	0	1	0	0	0	4.941538	0.523252	0.523252	0.520400	1.635092	7.750000	11.000000	0.761231	0.723931	0.686632	0	0	1	1	156	1167420
1444477997	29	37	26	41	4	2	1	1	1	9	0	0	0	0	0	4.941538	0.523252	0.521826	0.517549	1.635898	7.750000	11.000000	0.761231	0.723931	0.612034	0	0	1	1	156	1168580
1444477998	33	38	29	38	0	0	1	2	2	3	0	0	0	0	0	4.941538	0.523252	0.523252	0.520400	1.636703	7.750000	11.000000	0.761231	0.723931	0.686632	0	0	1	1	156	1164670
1444477999	24	32	34	39	1	3	3	2	2	5	0	1	1	1	0	4.943151	0.524677	0.523252	0.517549	1.635898	7.750000	11.000000	0.756766	0.719479	0.495756	0	0	1	1	156	1167416
1444478000	30	27	28	46	2	1	3	1	5	6	1	1	1	1	1	4.941538	0.523252	0.523252	0.517549	1.635898	7.750000	11.000000	0.761231	0.686632	0.612034	0	0	1	1	156	1167435
1444478002	46	44	34	27	7	2	0	5	1	6	0	0	0	0	0	4.944762	0.523252	0.523252	0.517549	1.636703	7.750000	11.000000	0.752306	0.715030	0.640481	0	0	1	1	156	1164681
1444478003	31	29	27	31	6	1	1	3	6	4	0	0	0	0	0	4.939927	0.523252	0.523252	0.517549	1.636703	7.750000	11.000000	0.765698	0.728385	0.579140	0	0	1	1	156	1167415
1444478004	46	36	36	37	7	4	3	1	8	6	0	2	1	1	0	4.941538	0.523252	0.520400	0.517549	1.636703	7.750000	11.000000	0.761231	0.761231	0.686632	0	0	1	1	156	1167435
1444478005	38	30	33	49	2	3	1	3	3	7	0	0	0	0	0	4.939927	0.523252	0.521826	0.517549	1.636703	7.750000	11.000000	0.653762	0.653762	0.541828	0	0	1	1	156	1164608
1444478006	28	25	42	31	2	4	1	5	2	5	0	0	0	0	0	4.943151	0.523252	0.523252	0.517549	1.636703	7.750000	11.000000	0.756766	0.756766	0.607617	0	0	1	1	156	1167415
1444478008	31	34	37	47	3	2	3	6	6	3	1	0	0	1	0	4.941538	0.523252	0.523252	0.518974	1.636703	7.750000	11.000000	0.761231	0.723931	0.649333	0	0	1	1	156	1167438
1444478009	43	34	34	38	6	2	0	1	4	2	1	0	0	0	0	4.941538	0.523252	0.521826	0.517549	1.637509	7.750000	11.000000	0.761231	0.761231	0.574735	0	0	1	1	156	1168591
1444478010	31	44	35	37	8	1	2	2	4	3	0	0	0	0	0	4.943151	0.523252	0.521826	0.517549	1.637509	7.750000	11.000000	0.756766	0.719479	0.607617	0	0	1	1	156	1164835
1444478011	25	34	29	43	4	0	3	3	5	8	0	1	0	0	0	4.943151	0.527529	0.521826	0.517549	1.637509	7.750000	11.000000	0.756766	0.719479	0.570331	0	0	1	1	156	1167425
1444478012	30	27	25	37	3	3	3	3	2	3	0	0	2	0	0	4.943151	0.523252	0.521826	0.518974	1.637509	7.750000	11.000000	0.756766	0.719479	0.607617	0	0	1	1	156	1167444
1444478014	27	38	32	40	3	3	0	1	6	3	0	0	0	0	0	4.943151	0.521826	0.523252	0.520400	1.637509	7.750000	11.000000	0.682191	0.868628	0.570331	0	0	1	1	156	1164683
1444478015	30	43	44	34	4	5	4	0	3	8	0	1	1	0	0	4.938315	0.521826	0.523252	0.517549	1.637509	8.000000	11.000000	0.770166	0.695518	0.620872	0	0	1	1	156	1167426
1444478016	31	29	31	31	3	4	1	3	1	4	2	0	0	0	0	4.941538	0.523252	0.523252	0.518974	1.638315	8.000000	11.000000	0.761231	0.761231	0.612034	0	0	1	1	156	1167445
1444478017	40	37	23	26	8	2	2	2	5	1	0	0	0	0	0	4.939927	0.523252	0.521826	0.517549	1.638315	8.000000	11.000000	0.803008	0.728385	0.653762	0	0	1	1	156	1164686
1444478018	36	34	46	40	6	4	4	3	3	9	1	1	0	0	0	4.941538	0.523252	0.523252	0.517549	1.639121	8.000000	11.000000	0.649333	0.723931	0.574735	0	0	1	1	156	1167425
1444478020	33	39	30	32	7	4	2	4	5	6	1	1	1	1	1	4.938315	0.520400	0.523252	0.518974	1.638315	8.000000	11.000000	0.770166	0.770166	0.695518	0	0	1	1	156	1167439
1444478021	46	51	38	28	10	5	3	5	4	2	0	0	0	0	0	4.941538	0.523252	0.521826	0.517549	1.639121	8.000000	11.000000	0.761231	0.723931	0.612034	0	0	1	1	156	1165823
1444478022	43	28	30	25	3	3	3	2	2	4	0	1	0	0	0	4.941538	0.523252	0.523252	0.517549	1.639121	8.000000	11.000000	0.761231	0.723931	0.612034	0	0	1	1	157	1167437
1444478023	30	28	44	32	2	1	3	1	4	6	0	1	0	0	0	4.943151	0.523252	0.521826	0.518974	1.639927	8.000000	11.000000	0.756766	0.719479	0.607617	0	0	1	1	156	1167431
1444478024	30	32	32	42	2	2	0	3	3	5	0	0	0	0	0	4.939927	0.521826	0.520400	0.516123	1.639121	8.000000	11.000000	2.705897	0.317960	0.579140	0	0	1	1	156	1167435
1444478026	34	27	31	41	5	2	2	5	2	4	1	0	0	1	0	4.943151	0.523252	0.520400	0.511846	1.639927	8.000000	11.000000	0.682191	0.682191	0.607617	0	0	1	1	156	1164671
1444478027	28	38	29	41	3	2	0	0	2	5	0	0	0	0	0	4.941538	0.523252	0.523252	0.517549	1.639927	8.000000	11.000000	0.761231	0.723931	0.612034	0	0	1	1	156	1167415
1444478028	35	40	33	37	2	4	2	5	8	5	0	0	1	1	0	4.941538	0.523252	0.523252	0.517549	1.640733	8.000000	11.000000	0.761231	0.723931	0.649333	0	0	1	1	156	1167439
1444478029	34	31	22	32	2	2	1	1	5	4	0	0	0	0	0	4.943151	0.523252	0.523252	0.517549	1.640733	8.000000	11.000000	0.756766	0.719479	0.607617	0	0	1	1	156	1164675
1444478030	35	26	39	37	1	6	5	3	4	6	0	0	1	1	0	4.943151	0.523252	0.521826	0.518974	1.639927	8.000000	11.000000	0.719479	0.719479	0.644904	0	0	1	1	156	1167416
1444478032	34	27	32	39	2	1	3	2	2	9	0	1	0	0	0	4.944762	0.521826	0.524677	0.520400	1.639927	8.000000	11.000000	0.715030	0.715030	0.603207	0	0	1	1	156	1167435
1444478033	28	35	35	27	3	5	1	2	3	2	2	0	0	0	0	4.941538	0.523252	0.521826	0.517549	1.638315	8.000000	11.000000	0.723931	0.761231	0.649333	0	0	1	1	156	1165829
1444478034	32	41	32	31	6	1	1	1	5	1	0	0	0	0	0	4.943151	0.523252	0.521826	0.517549	1.640733	8.000000	11.000000	0.756766	0.719479	0.607617	0	0	1	1	156	1167425
1444478035	24	33	47	41	4	5	3	2	5	9	0	0	2	0	0	4.941538	0.523252	0.523252	0.517549	1.640733	8.000000	11.000000	0.761231	0.723931	0.612034	0	0	1	1	156	1167447
1444478036	38	37	36	27	2	5	4	3	2	2	1	0	0	1	0	4.941538	0.523252	0.523252	0.517549	1.641539	8.000000	11.000000	0.761231	0.723931	0.612034	0	0	1	1	156	1167444
1444478038	32	44	29	31	6	1	3	5	5	4	0	0	1	1	0	4.941538	0.523252	0.523252	0.517549	1.640733	8.000000	11.000000	0.723931	0.761231	0.649333	0	0	1	1	156	1164692
1444478039	31	32	34	38	4	4	1	3	2	2	1	0	1	0	0	4.941538	0.521826	0.523252	0.517549	1.641539	8.000000	11.000000	0.761231	0.723931	0.649333	0	0	1	1	156	1167426
1444478040	34	45	39	24	3	3	0	3	3	5	0	0	0	1	0	4.943151	0.524677	0.523252	0.518974	1.641539	8.000000	11.000000	0.756766	0.756766	0.607617	0	0	1	1	156	1167445
1444478041	33	31	32	31	3	4	1	5	3	2	0	0	0	0	0	4.943151	0.523252	0.523252	0.517549	1.642344	8.000000	11.000000	0.756766	0.756766	0.644904	0	0	1	1	156	1164681
1444478042	33	39	31	42	3	1	3	4	5	4	0	0	0	0	0	4.943151	0.523252	0.523252	0.517549	1.642344	8.000000	11.000000	0.756766	0.719479	0.607617	0	0	1	1	156	1167425
1444478044	37	36	29	25	6	1	4	2	4	3	0	1	0	0	0	4.939927	0.523252	0.523252	0.516123	1.642344	8.000000	11.000000	0.765698	0.765698	0.653762	0	0	1	1	156	1167440
1444478045	22	29	41	36	2	1	0	1	4	7	0	0	0	1	0	4.943151	0.521826	0.521826	0.517549	1.642344	8.000000	11.000000	0.756766	0.719479	0.607617	0	0	1	1	156	1165827
1444478046	40	46	35	37	4	1	2	4	7	1	0	1	0	0	0	4.943151	0.523252	0.521826	0.517549	1.643150	8.000000	11.000000	0.756766	0.682191	0.607617	0	0	1	1	156	1167416
1444478047	28	34	38	37	4	1	2	1	4	6	0	0	1	0	0	4.943151	0.523252	0.518974	0.520400	1.643150	8.000000	11.000000	0.756766	0.682191	0.644904	0	0	1	1	156	1167435
1444478048	38	40	36	31	8	3	1	7	4	4	0	0	0	2	0	4.939927	0.521826	0.523252	0.518974	1.643150	8.000000	11.000000	0.765698	0.728385	0.616451	0	0	1	1	156	1164669
1444478050	36	36	33	44	3	5	4	2	6	8	1	1	2	1	1	4.941538	0.523252	0.521826	0.517549	1.643150	8.000000	11.000000	0.761231	0.723931	0.574735	0	0	1	1	156	1167416
1444478051	38	24	33	22	2	1	1	1	0	6	0	0	0	0	0	4.943151	0.521826	0.520400	0.520400	1.643150	8.000000	11.000000	0.756766	0.719479	0.719479	0	0	1	1	156	1167435
1444478052	27	37	28	44	4	1	1	3	6	4	1	0	0	0	0	4.943151	0.523252	0.523252	0.520400	1.642344	8.000000	11.000000	0.756766	0.756766	0.719479	0	0	1	1	156	1167432
1444478053	36	33	45	36	6	7	4	3	1	6	1	1	0	0	0	4.939927	0.523252	0.523252	0.520400	1.642344	8.000000	11.000000	0.765698	0.541828	0.504517	0	0	1	1	156	1164678
1444478054	39	40	37	44	5	1	3	2	4	7	0	0	0	0	0	4.941538	0.523252	0.523252	0.520400	1.643150	8.000000	11.000000	0.761231	0.761231	0.686632	0	0	1	1	156	1167416
1444478056	32	29	25	22	4	3	3	2	2	5	0	1	0	0	0	4.941538	0.523252	0.521826	0.520400	1.643956	8.000000	11.000000	0.761231	0.723931	0.686632	0	0	1	1	156	1167435
1444478057	54	36	38	35	11	6	2	3	2	5	1	0	0	0	0	4.943151	0.523252	0.521826	0.520400	1.644762	8.000000	11.000000	0.756766	0.719479	0.644904	0	0	1	1	156	1165818
1444478058	30	40	31	36	2	3	3	3	3	2	0	0	0	1	0	4.938315	0.521826	0.521826	0.517549	1.643150	8.000000	11.000000	0.770166	0.732842	0.695518	0	0	1	1	157	1167446
1444478059	43	37	30	37	8	0	3	3	3	6	0	0	0	1	0	4.941538	0.523252	0.523252	0.523252	1.644762	8.000000	11.000000	0.761231	0.723931	0.686632	0	0	1	1	156	1167437
1444478060	32	24	27	42	1	1	1	6	4	6	1	0	0	0	0	4.941538	0.523252	0.521826	0.521826	1.645568	8.000000	11.000000	0.723931	0.723931	0.686632	0	0	1	1	156	1164689
1444478062	35	35	32	37	5	2	6	2	2	4	0	0	0	1	0	4.941538	0.523252	0.523252	0.518974	1.645568	8.000000	11.000000	0.761231	0.723931	0.686632	0	0	1	1	156	1167426
1444478063	38	40	43	40	8	2	4	2	4	5	0	1	0	0	0	4.941538	0.523252	0.523252	0.520400	1.644762	8.000000	11.000000	0.761231	0.723931	0.686632	0	0	1	1	156	1167445
1444478064	28	42	36	39	3	0	2	4	7	8	0	0	0	0	0	4.941538	0.570302	0.520400	0.517549	1.643956	8.000000	11.000000	1.096925	0.649333	0.612034	0	0	1	1	156	1167445
1444478065	35	45	27	29	8	2	0	1	3	3	0	0	0	0	0	4.941538	0.523252	0.521826	0.513271	1.645568	8.000000	11.000000	0.761231	0.686632	0.649333	0	0	1	1	156	1164700
1444478066	35	44	30	28	7	2	3	2	1	4	1	1	1	0	1	4.941538	0.523252	0.523252	0.520400	1.645568	8.000000	11.000000	0.761231	0.723931	0.649333	0	0	1	1	156	1167425
1444478068	36	37	33	26	4	1	3	4	2	1	0	0	0	0	0	4.939927	0.523252	0.523252	0.521826	1.645568	8.000000	11.000000	0.803008	0.728385	0.691074	0	0	1	1	156	1167442
1444478069	39	38	35	35	7	3	3	1	4	3	1	2	0	0	0	4.941538	0.523252	0.523252	0.520400	1.647180	8.000000	11.000000	0.761231	0.723931	0.686632	0	0	1	1	156	1165803
1444478070	26	26	32	37	1	1	2	1	1	5	0	0	0	0	0	4.943151	0.523252	0.523252	0.520400	1.646374	8.000000	11.000000	0.719479	0.756766	0.644904	0	0	1	1	156	1151515
1444478071	29	29	38	45	1	1	3	5	5	6	0	0	0	1	0	4.943151	0.523252	0.523252	0.520400	1.647180	8.000000	11.000000	0.756766	0.719479	0.644904	0	0	1	1	156	1167370
1444478072	31	30	30	32	6	4	1	0	3	3	0	1	0	0	0	4.943151	0.523252	0.523252	0.520400	1.646374	8.000000	11.000000	0.756766	0.719479	0.682191	0	0	1	1	156	1164650
1444478074	45	42	30	30	7	1	3	0	2	6	0	0	0	0	0	4.941538	0.521826	0.521826	0.520400	1.647180	8.000000	11.000000	0.761231	0.761231	0.686632	0	0	1	1	156	1167416
1444478075	19	34	33	35	4	2	1	2	4	4	1	0	0	0	0	4.941538	0.521826	0.523252	0.520400	1.647985	8.000000	11.000000	0.723931	0.723931	0.649333	0	0	1	1	156	1167435
1444478076	35	32	34	31	4	3	4	1	3	5	0	0	0	0	0	4.941538	0.523252	0.521826	0.518974	1.647985	8.000000	11.000000	0.761231	0.723931	0.686632	0	0	1	1	156	1164701
1444478077	24	27	43	31	2	3	2	5	0	8	0	0	1	0	0	4.941538	0.523252	0.523252	0.520400	1.647985	8.000000	11.000000	0.649333	0.649333	0.574735	0	0	1	1	156	1167415
1444478078	33	25	35	39	5	1	2	2	2	9	0	1	0	1	0	4.941538	0.524677	0.523252	0.518974	1.647985	8.000000	11.000000	0.761231	0.723931	0.686632	0	0	1	1	156	1167435
1444478080	45	38	34	32	8	3	4	1	4	5	2	1	0	0	0	4.938315	0.523252	0.523252	0.520400	1.647985	8.000000	11.000000	0.770166	0.770166	0.695518	0	0	1	1	156	1167437
1444478081	30	31	37	46	3	3	2	3	5	5	0	0	1	0	0	4.941538	0.521826	0.523252	0.520400	1.647985	8.000000	11.000000	0.761231	0.723931	0.649333	0	0	1	1	156	1165820
1444478082	30	34	31	42	1	3	0	6	3	1	0	0	0	0	0	4.943151	0.523252	0.523252	0.518974	1.648791	8.000000	11.000000	0.756766	0.756766	0.644904	0	0	1	1	156	1167425
1444478083	38	33	27	34	3	1	3	2	5	4	0	0	0	0	0	4.943151	0.521826	0.523252	0.516123	1.646374	8.000000	11.000000	0.756766	0.719479	0.719479	0	0	1	1	156	1167445
1444478084	27	34	40	43	4	3	5	2	2	4	0	0	0	0	0	4.941538	0.523252	0.523252	0.514697	1.647985	8.000000	11.000000	0.761231	0.723931	0.686632	0	0	1	1	156	1164680
1444478086	30	42	36	36	8	6	3	2	2	4	0	0	0	0	0	4.943151	0.523252	0.523252	0.520400	1.649597	8.000000	11.000000	0.756766	0.756766	0.682191	0	0	1	1	156	1167425
1444478087	27	33	34	45	2	1	2	3	7	6	0	0	0	1	0	4.939927	0.523252	0.521826	0.521826	1.649597	8.000000	11.000000	0.765698	0.691074	0.653762	0	0	1	1	156	1167448
1444478088	32	33	30	36	2	5	4	3	9	6	0	0	0	1	0	4.938315	0.523252	0.523252	0.520400	1.648791	8.000000	11.000000	0.770166	0.732842	0.658195	0	0	1	1	156	1164679
1444478089	42	36	28	34	6	2	0	3	2	4	0	0	0	1	0	4.941538	0.523252	0.523252	0.520400	1.650403	8.250000	11.000000	0.761231	0.723931	0.686632	0	0	1	1	156	1167425
1444478090	31	41	35	41	3	4	2	4	2	9	0	0	0	1	0	4.941538	0.523252	0.523252	0.520400	1.650403	8.250000	11.000000	0.761231	0.761231	0.612034	0	0	1	1	156	1167445
1444478092	33	39	28	31	6	1	0	1	3	3	0	0	0	1	0	4.941538	0.523252	0.523252	0.520400	1.649597	8.000000	11.000000	0.761231	0.761231	0.686632	0	0	1	1	156	1167440
1444478093	33	31	31	19	4	2	2	3	1	0	2	0	0	0	0	4.943151	0.523252	0.523252	0.520400	1.650403	8.000000	11.000000	0.756766	0.719479	0.682191	0	0	1	1	156	1165830
1444478094	27	29	29	32	4	1	1	0	1	5	0	0	0	0	0	4.941538	0.524677	0.523252	0.520400	1.651209	8.250000	11.000000	0.761231	0.723931	0.649333	0	0	1	1	156	1167418
1444478095	38	38	35	34	4	1	4	3	3	4	0	0	0	1	0	4.941538	0.523252	0.521826	0.520400	1.651209	8.250000	11.000000	0.723931	0.686632	0.649333	0	0	1	1	156	1167435
1444478096	37	37	35	37	2	2	4	6	6	2	0	1	0	0	0	4.941538	0.523252	0.521826	0.521826	1.651209	8.250000	11.000000	0.723931	0.761231	0.686632	0	0	1	1	156	1164666
1444478098	33	30	34	36	5	1	3	0	1	4	0	1	0	0	0	4.939927	0.524677	0.513271	0.518974	1.651209	8.250000	11.000000	0.765698	0.653762	0.579140	0	0	1	1	156	1167416
1444478099	22	34	25	32	3	4	1	0	4	6	0	0	0	0	0	4.939927	0.523252	0.521826	0.520400	1.651209	8.250000	11.000000	0.765698	0.728385	0.691074	0	0	1	1	156	1167435
1444478100	41	43	30	31	6	1	3	1	2	6	0	1	0	0	0	4.941538	0.523252	0.521826	0.520400	1.652015	8.250000	11.000000	0.761231	0.686632	0.686632	0	0	1	1	156	1164710
1444478101	32	39	42	40	6	2	3	4	3	3	0	1	0	1	0	4.941538	0.523252	0.523252	0.520400	1.651209	8.250000	11.000000	0.761231	0.723931	0.686632	0	0	1	1	156	1167415
1444478102	43	38	39	34	13	3	3	3	3	2	2	2	0	0	0	4.939927	0.526103	0.518974	0.518974	1.652015	8.250000	11.000000	0.765698	0.728385	0.653762	0	0	1	1	156	1167435
1444478104	54	26	27	52	0	4	4	2	6	7	0	0	1	1	0	4.938315	0.521826	0.523252	0.521826	1.652015	8.250000	11.000000	0.770166	0.732842	0.695518	0	0	1	1	157	1164675
1444478105	38	47	33	32	5	3	3	2	6	11	1	1	2	1	1	4.941538	0.523252	0.523252	0.520400	1.652821	8.250000	11.000000	0.761231	0.723931	0.686632	0	0	1	1	156	1168572
1444478106	39	38	36	31	3	3	7	4	2	3	0	0	1	0	0	4.941538	0.523252	0.523252	0.520400	1.652015	8.250000	11.000000	0.761231	0.723931	0.686632	0	0	1	1	157	1167466
1444478107	25	24	39	30	2	0	2	3	2	6	0	0	0	1	0	4.941538	0.540361	0.521826	0.517549	1.652015	8.250000	11.000000	1.992111	0.686632	0.612034	0	0	1	1	156	1167440
1444478108	28	28	30	28	3	2	0	5	4	5	1	0	0	0	0	4.943151	0.523252	0.521826	0.513271	1.652015	8.250000	11.500000	0.756766	0.719479	0.682191	0	0	1	1	156	1164688
1444478110	28	40	32	29	3	1	2	6	5	4	0	0	0	1	0	4.941538	0.523252	0.523252	0.520400	1.653626	8.250000	11.500000	0.723931	0.723931	0.649333	0	0	1	1	156	1167425
1444478111	38	37	30	27	4	3	3	2	2	3	0	0	0	1	0	4.941538	0.523252	0.521826	0.520400	1.653626	8.250000	11.500000	0.723931	0.686632	0.723931	0	0	1	1	156	1167448
1444478112	32	34	30	25	1	4	1	3	4	2	0	0	0	1	0	4.943151	0.523252	0.521826	0.520400	1.654432	8.250000	11.000000	0.756766	0.719479	0.682191	0	0	1	1	156	1164673
1444478113	33	32	35	35	4	2	0	1	4	4	0	0	0	0	0	4.941538	0.523252	0.523252	0.520400	1.653626	8.250000	11.500000	0.761231	0.723931	0.686632	0	0	1	1	156	1167426
1444478114	32	32	31	43	4	2	2	3	3	7	0	0	0	1	0	4.941538	0.523252	0.523252	0.520400	1.653626	8.250000	11.500000	0.761231	0.723931	0.574735	0	0	1	1	156	1167445
1444478116	43	32	32	35	4	1	2	3	6	3	0	0	0	1	0	4.939927	0.526103	0.520400	0.520400	1.654432	8.250000	11.500000	0.765698	0.728385	0.653762	0	0	1	1	156	1176710
1444478117	31	26	28	24	1	2	1	3	5	1	0	0	0	1	0	4.943151	0.523252	0.523252	0.520400	1.654432	8.250000	11.500000	0.756766	0.719479	0.644904	0	0	1	1	156	1168665
1444478118	35	27	35	40	4	5	2	4	2	5	2	1	0	0	0	4.941538	0.523252	0.523252	0.520400	1.655238	8.250000	11.500000	0.723931	0.723931	0.649333	0	0	1	1	156	1167436
1444478119	33	49	29	39	4	2	2	2	5	7	0	1	1	0	0	4.941538	0.523252	0.523252	0.520400	1.654432	8.250000	11.500000	0.761231	0.723931	0.686632	0	0	1	1	156	1167435
1444478120	29	50	32	28	6	0	2	8	4	4	0	0	0	0	0	4.939927	0.521826	0.523252	0.520400	1.655238	8.250000	11.500000	0.765698	0.728385	0.691074	0	0	1	1	156	1164669
1444478122	34	31	32	33	4	0	2	2	3	7	0	0	0	0	0	4.941538	0.523252	0.521826	0.518974	1.654432	8.250000	11.500000	0.798530	0.686632	0.649333	0	0	1	1	156	1167415
1444478123	35	41	35	49	4	3	2	7	6	4	2	1	1	1	1	4.941538	0.523252	0.523252	0.520400	1.656044	8.250000	11.500000	0.761231	0.761231	0.649333	0	0	1	1	156	1167435
1444478124	27	29	22	30	2	1	0	3	1	3	0	0	0	0	0	4.941538	0.523252	0.523252	0.520400	1.656044	8.250000	11.500000	0.761231	0.723931	0.649333	0	0	1	1	156	1164685
1444478125	36	40	38	37	6	2	3	3	3	3	0	1	0	1	0	4.941538	0.523252	0.523252	0.521826	1.656044	8.250000	11.500000	0.723931	0.761231	0.686632	0	0	1	1	156	1167418
1444478126	38	40	36	38	5	4	6	7	6	5	0	0	1	0	0	4.941538	0.523252	0.523252	0.518974	1.656044	8.250000	11.500000	0.761231	0.723931	0.649333	0	0	1	1	156	1167435
1444478128	45	27	38	43	3	3	5	5	2	5	0	0	2	0	0	4.939927	0.524677	0.523252	0.520400	1.656044	8.250000	11.500000	0.765698	0.765698	0.691074	0	0	1	1	156	1164688
1444478129	38	27	23	28	3	0	3	1	3	2	0	0	0	0	0	4.941538	0.523252	0.523252	0.516123	1.654432	8.250000	11.500000	0.761231	0.761231	0.686632	0	0	1	1	156	1168569
1444478130	33	38	38	43	2	2	4	1	6	1	0	1	0	0	0	4.941538	0.523252	0.521826	0.520400	1.656850	8.250000	11.500000	0.761231	0.723931	0.649333	0	0	1	1	156	1167445
1444478131	37	32	40	43	4	1	3	4	7	7	0	1	0	1	0	4.943151	0.523252	0.521826	0.520400	1.657656	8.250000	11.500000	0.719479	0.719479	0.644904	0	0	1	1	156	1203478
1444478132	40	33	42	47	4	3	7	3	5	9	1	1	2	0	0	4.943151	0.523252	0.523252	0.518974	1.657656	8.250000	11.500000	0.719479	0.719479	0.682191	0	0	1	1	156	1167425
1444478134	39	30	49	52	4	6	3	5	7	13	1	2	2	1	1	4.943151	0.523252	0.523252	0.520400	1.658462	8.250000	11.500000	0.756766	0.682191	0.644904	0	0	1	1	156	1167445
1444478135	33	31	36	34	3	2	3	1	6	2	1	1	0	0	0	4.941538	0.523252	0.521826	0.521826	1.657656	8.250000	11.500000	0.723931	0.723931	0.649333	0	0	1	1	157	1167466
1444478136	25	39	36	37	6	2	3	4	3	7	0	2	0	0	0	4.939927	0.523252	0.523252	0.520400	1.656850	8.250000	11.500000	0.765698	0.728385	0.691074	0	0	1	1	156	1194308
1444478137	34	35	39	26	3	0	2	3	3	2	0	0	0	0	0	4.941538	0.523252	0.523252	0.518974	1.658462	8.250000	11.500000	0.574735	0.686632	0.612034	0	0	1	1	156	1167425
1444478139	31	38	39	37	2	1	1	3	6	10	0	0	0	0	0	4.943151	0.523252	0.523252	0.520400	1.659268	8.250000	11.500000	0.756766	0.756766	0.644904	0	0	1	1	156	1167445
1444478140	36	34	43	50	6	4	3	1	4	6	0	0	0	0	0	4.941538	0.523252	0.523252	0.523252	1.657656	8.250000	11.500000	0.761231	0.723931	0.649333	0	0	1	1	157	1170004
1444478141	32	39	26	26	4	0	1	2	4	3	0	0	0	1	0	4.943151	0.523252	0.520400	0.520400	1.659268	8.250000	11.500000	0.719479	0.719479	0.682191	0	0	1	1	156	1168561
1444478142	23	37	31	41	2	1	3	4	7	8	1	1	1	1	1	4.941538	0.523252	0.521826	0.520400	1.658462	8.250000	11.500000	0.723931	0.723931	0.649333	0	0	1	1	156	1167435
1444478143	38	27	35	36	3	3	2	1	4	6	0	0	0	0	0	4.941538	0.521826	0.523252	0.520400	1.659268	8.250000	11.500000	0.761231	0.723931	0.649333	0	0	1	1	156	1164672
1444478145	32	50	31	36	4	3	2	5	4	3	1	0	0	1	0	4.941538	0.523252	0.523252	0.520400	1.660073	8.250000	11.500000	0.761231	0.761231	0.686632	0	0	1	1	156	1167416
1444478146	40	33	38	33	3	1	1	3	1	5	0	0	0	0	0	4.941538	0.523252	0.517549	0.513271	1.660073	8.250000	11.500000	0.686632	0.723931	0.686632	0	0	1	1	156	1167435
1444478147	36	49	32	33	6	0	1	7	3	7	0	0	0	1	0	4.944762	0.523252	0.521826	0.516123	1.660073	8.250000	11.500000	0.640481	0.715030	0.677756	0	0	1	1	156	1164681
1444478148	29	36	24	30	4	3	3	0	2	3	0	0	0	0	0	4.943151	0.523252	0.521826	0.521826	1.660879	8.250000	11.500000	0.719479	0.719479	0.682191	0	0	1	1	156	1167415
1444478149	35	33	29	41	5	2	3	2	3	8	0	0	2	0	0	4.943151	0.523252	0.523252	0.520400	1.660879	8.250000	11.500000	0.756766	0.719479	0.682191	0	0	1	1	156	1167439
1444478151	40	33	42	38	6	3	2	4	2	4	0	1	1	0	0	4.941538	0.523252	0.523252	0.521826	1.660879	8.250000	11.500000	0.761231	0.723931	0.686632	0	0	1	1	156	1167539
1444478152	43	30	24	30	4	3	3	2	3	2	0	0	0	0	0	4.939927	0.523252	0.523252	0.521826	1.660879	8.250000	11.500000	0.728385	0.728385	0.691074	0	0	1	1	156	1164679
1444478153	39	48	35	27	6	1	0	4	3	5	1	0	0	0	0	4.941538	0.523252	0.523252	0.521826	1.660879	8.250000	11.500000	0.761231	0.723931	0.686632	0	0	1	1	156	1168675
1444478154	27	35	42	36	3	3	3	5	4	4	1	1	1	0	1	4.943151	0.523252	0.523252	0.521826	1.660879	8.250000	11.500000	0.756766	0.756766	0.719479	0	0	1	1	156	1167444
1444478155	32	30	42	30	3	0	3	4	3	4	0	0	0	0	0	4.943151	0.523252	0.521826	0.521826	1.661685	8.250000	11.500000	0.756766	0.756766	0.682191	0	0	1	1	156	1164690
1444478157	32	34	33	31	5	2	2	2	6	6	0	0	1	1	0	4.943151	0.523252	0.521826	0.520400	1.661685	8.250000	11.500000	0.756766	0.719479	0.644904	0	0	1	1	156	1167426
1444478158	43	33	43	24	6	5	1	4	1	7	1	0	1	0	0	4.943151	0.523252	0.523252	0.520400	1.662491	8.250000	11.500000	0.719479	0.682191	0.644904	0	0	1	1	156	1167447
1444478159	32	42	43	31	2	3	2	8	6	5	0	0	0	3	0	4.941538	0.523252	0.521826	0.520400	1.661685	8.250000	11.500000	0.723931	0.723931	0.686632	0	0	1	1	156	1164684
1444478160	33	35	35	41	3	1	2	1	0	8	0	0	0	0	0	4.936703	0.561747	0.520400	0.513271	1.660879	8.250000	11.500000	0.774638	0.737302	0.662630	0	0	1	1	156	1167425
1444478161	41	26	38	35	2	2	1	1	1	1	0	0	0	0	0	4.943151	0.523252	0.521826	0.520400	1.663297	8.500000	11.500000	0.756766	0.756766	0.682191	0	0	1	1	156	1167441
1444478163	39	34	47	39	6	4	5	4	6	8	0	0	0	2	0	4.941538	0.523252	0.523252	0.520400	1.663297	8.500000	11.500000	0.761231	0.723931	0.649333	0	0	1	1	156	1167444
1444478164	38	30	39	33	4	7	3	6	4	4	0	0	2	0	0	4.931868	0.526103	0.523252	0.521826	1.660879	8.500000	11.500000	0.788072	0.750699	0.750699	0	0	1	1	156	1175108
1444478165	32	34	46	33	5	1	1	6	2	3	0	0	0	1	0	4.941538	0.523252	0.523252	0.520400	1.663297	8.500000	11.500000	0.612034	0.686632	0.686632	0	0	1	1	156	1168665
1444478166	31	33	35	25	2	2	3	2	1	4	0	1	0	0	0	4.943151	0.523252	0.521826	0.518974	1.664103	8.500000	11.500000	0.756766	0.719479	0.682191	0	0	1	1	156	1167436
1444478167	31	39	44	37	8	4	1	4	4	6	2	1	1	1	1	4.941538	0.523252	0.521826	0.520400	1.664103	8.500000	11.500000	0.723931	0.723931	0.649333	0	0	1	1	156	1164671
1444478169	30	42	36	35	2	1	2	4	7	4	0	0	0	1	0	4.939927	0.523252	0.523252	0.520400	1.664103	8.500000	11.500000	0.765698	0.728385	0.691074	0	0	1	1	156	1167418
1444478170	34	37	29	35	5	1	4	1	2	4	0	1	0	0	0	4.939927	0.446261	0.520400	0.520400	1.663297	8.500000	11.500000	0.728385	0.728385	0.691074	0	0	1	1	156	1167435
1444478171	44	39	29	36	5	6	2	2	5	3	0	0	1	1	0	4.943151	0.523252	0.523252	0.520400	1.664103	8.500000	11.500000	0.756766	0.719479	0.644904	0	0	1	1	156	1164680
1444478172	35	28	42	36	2	5	2	3	4	3	0	0	0	1	0	4.943151	0.523252	0.523252	0.520400	1.663297	8.500000	11.500000	0.756766	0.756766	0.682191	0	0	1	1	156	1167413
1444478173	38	33	30	39	8	2	2	5	1	0	0	0	0	0	0	4.943151	0.523252	0.523252	0.520400	1.664909	8.500000	11.500000	0.756766	0.719479	0.682191	0	0	1	1	156	1167435
1444478175	35	39	35	34	6	4	2	3	6	4	1	0	1	0	0	4.943151	0.523252	0.521826	0.520400	1.665714	8.500000	11.500000	0.756766	0.719479	0.644904	0	0	1	1	156	1164673
1444478176	46	39	34	29	7	3	1	2	2	4	0	0	0	0	0	4.939927	0.523252	0.523252	0.520400	1.664909	8.500000	11.500000	0.765698	0.765698	0.691074	0	0	1	1	156	1167416
1444478177	41	41	30	39	4	2	2	4	5	6	0	0	1	1	0	4.943151	0.523252	0.523252	0.520400	1.665714	8.500000	11.500000	0.756766	0.719479	0.682191	0	0	1	1	156	1168591
1444478178	36	38	31	42	4	3	2	2	6	3	0	1	0	0	0	4.939927	0.523252	0.521826	0.520400	1.665714	8.500000	11.500000	0.765698	0.728385	0.691074	0	0	1	1	156	1167442
1444478179	40	37	41	37	4	1	6	4	4	6	0	0	1	0	0	4.941538	0.523252	0.518974	0.518974	1.665714	8.500000	11.500000	0.723931	0.723931	0.649333	0	0	1	1	156	1164691
1444478181	38	30	36	29	4	0	2	0	3	0	0	1	0	0	0	4.941538	0.523252	0.523252	0.520400	1.665714	8.500000	11.500000	0.723931	0.723931	0.686632	0	0	1	1	156	1167425
1444478182	36	38	35	37	2	4	5	2	3	4	0	0	1	0	0	4.941538	0.523252	0.523252	0.520400	1.666520	8.500000	11.500000	0.761231	0.723931	0.686632	0	0	1	1	156	1167445
1444478183	29	26	29	33	3	2	2	1	3	5	0	0	0	0	0	4.941538	0.523252	0.523252	0.520400	1.666520	8.500000	11.500000	0.761231	0.723931	0.686632	0	0	1	1	156	1164690
1444478184	29	38	39	36	4	1	2	3	6	4	0	1	0	1	0	4.941538	0.523252	0.523252	0.514697	1.664103	8.500000	11.500000	0.761231	0.686632	0.686632	0	0	1	1	156	1167425
1444478185	32	37	29	31	3	1	2	1	4	4	0	0	0	0	0	4.943151	0.521826	0.523252	0.520400	1.667326	8.500000	11.500000	0.719479	0.719479	0.682191	0	0	1	1	156	1167445
1444478187	32	35	42	41	6	1	4	4	5	8	0	2	1	1	0	4.943151	0.523252	0.523252	0.520400	1.668132	8.500000	11.500000	0.756766	0.719479	0.644904	0	0	1	1	156	1164692
1444478188	42	39	35	33	4	2	3	2	4	4	0	1	0	0	0	4.939927	0.523252	0.521826	0.520400	1.667326	8.500000	11.500000	0.765698	0.728385	0.691074	0	0	1	1	156	1167423
1444478189	39	39	40	32	4	7	4	7	3	8	1	2	2	1	1	4.941538	0.521826	0.523252	0.520400	1.668132	8.500000	11.500000	0.723931	0.686632	0.649333	0	0	1	1	156	1168581
1444478190	30	28	37	30	6	4	1	4	1	7	1	0	0	0	0	4.943151	0.520400	0.520400	0.521826	1.668938	8.500000	11.500000	0.756766	0.682191	0.644904	0	0	1	1	156	1167436
1444478191	37	34	33	23	3	2	2	5	1	2	1	0	0	0	0	4.943151	0.518974	0.518974	0.523252	1.668132	8.500000	11.500000	0.756766	0.682191	0.682191	0	0	1	1	156	1164677
1444478193	19	26	30	38	2	0	1	1	3	6	0	0	0	0	0	4.941538	0.523252	0.523252	0.520400	1.668132	8.500000	11.500000	0.761231	0.723931	0.612034	0	0	1	1	156	1167416
1444478194	48	39	25	27	9	2	3	5	1	3	0	0	0	0	0	4.941538	0.521826	0.521826	0.521826	1.668938	8.500000	11.500000	0.761231	0.686632	0.649333	0	0	1	1	156	1167435
1444478195	26	34	33	35	5	4	1	4	6	4	0	1	0	1	0	4.943151	0.523252	0.523252	0.520400	1.668938	8.500000	11.500000	0.756766	0.756766	0.682191	0	0	1	1	156	1164664
1444478196	41	37	30	28	3	0	2	5	4	5	0	1	0	0	0	4.941538	0.523252	0.523252	0.520400	1.668938	8.500000	11.500000	0.761231	0.723931	0.649333	0	0	1	1	156	1167415
1444478197	43	28	39	34	4	0	2	2	3	7	0	0	0	0	0	4.944762	0.523252	0.523252	0.520400	1.670550	8.500000	11.500000	0.752306	0.715030	0.640481	0	0	1	1	156	1167435
1444478199	36	23	31	31	2	0	2	3	3	2	0	0	0	0	0	4.941538	0.523252	0.520400	0.517549	1.668132	8.500000	11.500000	1.917513	0.649333	0.649333	0	0	1	1	156	1164670
1444478200	31	30	40	30	1	3	1	0	1	3	0	0	0	0	0	4.939927	0.523252	0.523252	0.518974	1.669744	8.500000	11.500000	0.765698	0.728385	0.691074	0	0	1	1	156	1167416
1444478201	28	28	41	37	3	2	0	1	3	9	0	0	0	0	0	4.943151	0.523252	0.523252	0.520400	1.670550	8.500000	11.500000	0.756766	0.719479	0.682191	0	0	1	1	156	1168591
1444478202	37	38	27	55	5	3	5	3	4	7	0	1	0	0	0	4.941538	0.523252	0.523252	0.520400	1.670550	8.500000	11.500000	0.761231	0.723931	0.686632	0	0	1	1	156	1164696
1444478203	26	34	37	32	3	5	2	3	4	5	0	0	2	0	0	4.938315	0.523252	0.523252	0.520400	1.669744	8.500000	11.500000	0.770166	0.732842	0.658195	0	0	1	1	156	1167425
1444478205	27	31	38	33	3	5	2	1	2	8	1	0	0	0	0	4.943151	0.523252	0.523252	0.518974	1.670550	8.500000	11.500000	0.570331	0.682191	0.607617	0	0	1	1	156	1167444
1444478206	30	37	34	40	5	5	4	5	3	2	1	1	1	0	0	4.943151	0.523252	0.521826	0.521826	1.671355	8.500000	11.500000	0.756766	0.719479	0.682191	0	0	1	1	156	1167445
1444478207	28	38	29	34	2	1	1	5	2	1	0	0	0	0	0	4.943151	0.523252	0.520400	0.520400	1.671355	8.500000	11.500000	0.756766	0.682191	0.682191	0	0	1	1	156	1174927
1444478208	34	35	30	33	4	3	1	0	1	3	0	0	0	0	0	4.939927	0.523252	0.523252	0.520400	1.669744	8.500000	11.500000	0.765698	0.728385	0.691074	0	0	1	1	156	1167425
1444478209	41	33	27	36	3	1	3	2	5	4	0	1	0	0	0	4.938315	0.521826	0.523252	0.520400	1.671355	8.500000	11.500000	0.770166	0.770166	0.658195	0	0	1	1	156	1167444
1444478211	41	35	27	33	2	0	4	3	4	6	0	0	0	1	0	4.943151	0.523252	0.523252	0.520400	1.672161	8.500000	11.500000	0.719479	0.719479	0.682191	0	0	1	1	156	1164692
1444478212	32	40	27	37	2	2	2	6	6	6	0	0	0	0	0	4.938315	0.523252	0.523252	0.520400	1.671355	8.500000	11.500000	0.770166	0.732842	0.732842	0	0	1	1	156	1167421
1444478213	38	30	40	40	1	1	1	4	2	6	1	0	0	0	0	4.941538	0.518974	0.518974	0.518974	1.671355	8.500000	11.500000	0.500136	0.910427	0.612034	0	0	1	1	156	1168581
1444478214	40	33	38	35	3	4	1	3	3	3	0	0	0	0	0	4.941538	0.521826	0.521826	0.520400	1.672967	8.500000	11.500000	0.723931	0.723931	0.500136	0	0	1	1	156	1164709
1444478215	29	32	33	33	1	3	2	4	0	3	0	0	1	0	0	4.941538	0.523252	0.523252	0.520400	1.672967	8.500000	11.500000	0.761231	0.761231	0.649333	0	0	1	1	156	1167416
1444478217	28	43	35	38	6	3	2	3	4	5	0	0	0	0	0	4.941538	0.523252	0.521826	0.520400	1.673773	8.500000	11.500000	0.761231	0.723931	0.686632	0	0	1	1	156	1167435
1444478218	33	23	28	30	5	1	0	2	1	4	0	0	0	0	0	4.939927	0.523252	0.518974	0.518974	1.673773	8.500000	11.500000	0.765698	0.728385	0.691074	0	0	1	1	156	1167435
1444478219	34	26	41	37	6	0	3	4	2	2	0	0	0	0	0	4.941538	0.523252	0.520400	0.517549	1.672967	8.500000	11.500000	0.761231	0.686632	0.686632	0	0	1	1	156	1164680
1444478220	43	26	21	42	5	2	4	1	4	2	0	1	0	0	0	4.943151	0.523252	0.523252	0.521826	1.673773	8.500000	11.500000	0.756766	0.756766	0.719479	0	0	1	1	156	1167416
1444478221	29	36	33	34	4	0	1	3	5	2	0	0	0	0	0	4.939927	0.521826	0.523252	0.518974	1.672967	8.500000	11.500000	0.728385	0.728385	0.653762	0	0	1	1	156	1167435
1444478223	28	32	28	38	2	2	2	1	4	5	0	1	0	1	0	4.941538	0.523252	0.523252	0.520400	1.674579	8.500000	11.500000	0.761231	0.761231	0.649333	0	0	1	1	156	1164702
1444478224	35	35	30	38	6	1	5	4	6	9	0	1	0	1	0	4.939927	0.524677	0.523252	0.520400	1.674579	8.750000	11.500000	0.765698	0.765698	0.691074	0	0	1	1	156	1167415
1444478225	26	48	39	32	4	3	2	2	1	5	1	0	0	0	0	4.943151	0.526103	0.520400	0.520400	1.674579	8.500000	11.500000	0.756766	0.756766	0.644904	0	0	1	1	156	1168590
1444478226	32	41	37	37	5	4	1	3	5	8	1	0	1	0	0	4.944762	0.527529	0.520400	0.518974	1.674579	8.500000	11.500000	0.752306	0.752306	0.677756	0	0	1	1	156	1164687
1444478227	37	26	35	32	4	4	3	3	1	5	0	0	0	0	0	4.943151	0.523252	0.523252	0.520400	1.675385	8.500000	11.500000	0.682191	0.682191	0.644904	0	0	1	1	156	1167426
1444478229	37	39	30	36	5	3	3	3	4	2	0	1	0	0	0	4.939927	0.523252	0.521826	0.520400	1.675385	8.750000	11.500000	0.765698	0.728385	0.691074	0	0	1	1	156	1167445
1444478230	37	31	35	47	7	0	1	2	3	10	0	0	0	0	0	4.943151	0.523252	0.523252	0.520400	1.675385	8.500000	11.500000	0.719479	0.756766	0.682191	0	0	1	1	156	1164690
1444478231	35	39	34	28	4	2	2	4	3	1	0	0	0	1	0	4.941538	0.523252	0.523252	0.520400	1.675385	8.750000	11.500000	0.761231	0.686632	0.649333	0	0	1	1	157	1167446
1444478232	40	34	31	33	2	3	3	6	4	4	2	0	0	1	0	4.941538	0.523252	0.523252	0.520400	1.676191	8.750000	11.500000	0.761231	0.835829	0.686632	0	0	1	1	156	1167440
1444478233	22	30	34	28	2	2	1	3	7	2	0	0	0	0	0	4.943151	0.521826	0.523252	0.520400	1.676191	8.750000	11.500000	0.756766	0.719479	0.682191	0	0	1	1	156	1167444
1444478235	35	54	48	38	2	1	1	7	7	11	0	1	0	1	0	4.943151	0.523252	0.521826	0.520400	1.676996	8.750000	11.500000	0.756766	0.719479	0.719479	0	0	1	1	156	1164689
1444478236	32	33	33	39	6	1	1	3	3	6	0	0	0	0	0	4.939927	0.523252	0.523252	0.520400	1.676191	8.750000	11.500000	0.765698	0.728385	0.653762	0	0	1	1	157	1167445
1444478237	36	35	36	35	2	3	4	4	3	3	0	0	0	0	0	4.939927	0.523252	0.521826	0.520400	1.676996	8.750000	11.500000	0.765698	0.728385	0.691074	0	0	1	1	156	1168576
1444478238	50	37	31	29	7	3	2	3	3	4	1	1	0	1	0	4.943151	0.523252	0.521826	0.520400	1.677802	8.750000	11.500000	0.719479	0.719479	0.682191	0	0	1	1	156	1164684
1444478239	45	38	32	35	5	2	4	2	2	3	1	0	0	0	0	4.943151	0.523252	0.523252	0.520400	1.676996	8.750000	11.500000	0.794054	0.756766	0.682191	0	0	1	1	156	1167416
1444478241	24	34	51	30	1	1	1	3	2	9	0	0	0	0	0	4.943151	0.523252	0.523252	0.520400	1.678608	8.750000	11.500000	0.756766	0.719479	0.682191	0	0	1	1	156	1167435
1444478242	38	25	28	47	3	2	5	0	1	7	0	0	1	0	0	4.941538	0.523252	0.523252	0.518974	1.677802	8.750000	11.500000	0.723931	0.723931	0.649333	0	0	1	1	156	1164684
1444478243	49	28	29	35	4	0	3	0	2	6	0	1	0	0	0	4.936703	0.523252	0.521826	0.521826	1.677802	8.750000	11.500000	0.774638	0.737302	0.699966	0	0	1	1	156	1167418
1444478244	32	31	38	35	2	5	3	1	3	8	0	1	1	0	0	4.941538	0.523252	0.523252	0.520400	1.679414	8.750000	11.500000	0.761231	0.761231	0.686632	0	0	1	1	156	1167435
1444478245	37	36	42	33	4	5	3	6	4	4	0	0	1	1	0	4.943151	0.521826	0.523252	0.520400	1.678608	8.750000	12.000000	0.756766	0.756766	0.682191	0	0	1	1	156	1167435
1444478247	38	38	33	25	6	1	1	1	2	1	0	0	0	0	0	4.941538	0.523252	0.523252	0.520400	1.679414	8.750000	12.000000	0.761231	0.723931	0.574735	0	0	1	1	156	1164683
1444478248	35	43	36	33	3	3	1	3	2	2	0	0	0	0	0	4.939927	0.523252	0.523252	0.520400	1.678608	8.750000	12.000000	0.691074	0.691074	0.728385	0	0	1	1	156	1167415
1444478249	26	38	37	26	2	0	3	3	1	1	0	0	0	0	0	4.943151	0.523252	0.523252	0.520400	1.680220	8.750000	12.000000	0.756766	0.756766	0.682191	0	0	1	1	156	1168593
1444478250	40	31	28	29	4	3	3	2	2	4	0	0	0	0	0	4.939927	0.521826	0.523252	0.520400	1.679414	8.750000	12.000000	0.765698	0.765698	0.691074	0	0	1	1	156	1164695
1444478251	32	30	39	40	3	5	2	3	4	9	2	0	1	0	0	4.941538	0.523252	0.523252	0.521826	1.680220	8.750000	12.000000	0.761231	0.723931	0.649333	0	0	1	1	156	1167426
1444478253	40	36	31	36	4	1	1	3	2	4	0	0	0	0	0	4.939927	0.521826	0.523252	0.521826	1.679414	8.750000	12.000000	0.765698	0.691074	0.653762	0	0	1	1	156	1167445
1444478254	35	45	39	35	7	0	2	5	4	7	0	1	0	0	0	4.943151	0.523252	0.524677	0.520400	1.680220	8.750000	12.000000	0.756766	0.794054	0.533044	0	0	1	1	156	1164686
1444478255	33	23	23	34	2	2	0	0	2	4	0	0	0	0	0	4.941538	0.523252	0.523252	0.520400	1.681026	8.750000	12.000000	0.761231	0.723931	0.686632	0	0	1	1	156	1167425
1444478256	32	31	41	31	4	2	3	3	1	4	0	0	1	0	0	4.939927	0.523252	0.523252	0.518974	1.680220	8.750000	12.000000	0.728385	0.728385	0.691074	0	0	1	1	156	1167444
1444478257	44	32	35	35	4	4	5	2	6	4	0	0	0	1	0	4.939927	0.523252	0.523252	0.521826	1.681026	8.750000	12.000000	0.765698	0.728385	0.691074	0	0	1	1	156	1164610
1444478259	29	30	34	33	3	4	1	3	2	4	0	0	0	0	0	4.943151	0.523252	0.524677	0.520400	1.681832	8.750000	12.000000	0.756766	0.831341	0.719479	0	0	1	1	156	1167425
1444478260	36	45	32	38	8	1	2	4	2	3	0	1	0	0	0	4.939927	0.523252	0.526103	0.521826	1.681026	8.750000	12.000000	0.765698	0.765698	0.653762	0	0	1	1	156	1167440
1444478261	29	41	42	32	7	4	1	6	3	8	3	0	0	1	0	4.941538	0.523252	0.524677	0.520400	1.681832	8.750000	12.000000	0.761231	0.798530	0.649333	0	0	1	1	156	1168581
1444478262	23	38	23	33	2	0	1	4	6	3	0	0	0	1	0	4.939927	0.523252	0.523252	0.520400	1.681832	8.750000	12.000000	0.765698	0.728385	0.691074	0	0	1	1	156	1164796
1444478263	34	30	41	30	8	7	2	6	3	6	2	1	0	2	0	4.939927	0.523252	0.523252	0.521826	1.682637	8.750000	12.000000	0.765698	0.728385	0.691074	0	0	1	1	156	1167416
1444478265	29	28	26	34	4	1	2	0	0	5	0	0	0	0	0	4.941538	0.518974	0.520400	0.520400	1.682637	8.750000	12.000000	0.761231	0.723931	0.686632	0	0	1	1	156	1167435
1444478266	33	35	33	32	3	5	3	3	2	5	0	0	0	0	0	4.943151	0.520400	0.520400	0.520400	1.683443	8.750000	12.000000	0.756766	0.719479	0.644904	0	0	1	1	156	1164670
1444478267	32	35	35	36	5	4	2	3	4	6	1	1	2	2	1	4.941538	0.523252	0.523252	0.521826	1.683443	8.750000	12.000000	0.649333	0.723931	0.686632	0	0	1	1	156	1167414
1444478268	29	22	34	32	1	1	1	1	3	8	0	0	0	0	0	4.943151	0.520400	0.523252	0.520400	1.683443	8.750000	12.000000	0.756766	0.719479	0.644904	0	0	1	1	156	1167435
1444478269	40	38	31	34	7	0	3	4	1	4	0	0	0	0	0	4.943151	0.523252	0.523252	0.520400	1.683443	8.750000	12.000000	0.719479	0.719479	0.682191	0	0	1	1	156	1164692
1444478271	32	34	32	34	4	3	1	2	5	3	0	1	0	0	0	4.941538	0.523252	0.521826	0.520400	1.684249	8.750000	12.000000	0.761231	0.723931	0.649333	0	0	1	1	156	1167416
1444478272	36	43	34	37	6	4	2	3	2	4	0	0	0	0	0	4.938315	0.523252	0.523252	0.520400	1.683443	8.750000	12.000000	0.770166	0.732842	0.658195	0	0	1	1	156	1167435
1444478273	32	36	32	46	5	3	3	1	11	4	0	1	0	0	0	4.936703	0.523252	0.523252	0.520400	1.684249	9.000000	12.000000	0.737302	0.737302	0.662630	0	0	1	1	156	1165844
1444478274	30	28	37	33	2	3	2	2	3	6	0	0	1	0	0	4.943151	0.523252	0.523252	0.520400	1.684249	8.750000	12.000000	0.756766	0.719479	0.682191	0	0	1	1	157	1167444
1444478275	34	34	31	32	5	2	2	5	3	6	0	0	1	0	0	4.939927	0.521826	0.523252	0.520400	1.684249	8.750000	12.000000	0.765698	0.728385	0.691074	0	0	1	1	156	1167440
1444478277	43	27	39	32	4	3	3	4	2	2	0	0	1	0	0	4.941538	0.523252	0.523252	0.520400	1.685055	9.000000	12.000000	0.723931	0.761231	0.686632	0	0	1	1	156	1167445
1444478278	32	38	37	28	7	1	2	4	2	4	0	1	0	0	0	4.939927	0.523252	0.523252	0.521826	1.685861	9.000000	12.000000	0.728385	0.728385	0.653762	0	0	1	1	156	1288627
1444478279	26	30	30	26	3	0	1	3	0	2	0	0	0	0	0	4.944762	0.523252	0.523252	0.520400	1.685055	8.750000	12.000000	0.603207	0.640481	0.603207	0	0	1	1	156	1167426
1444478280	38	38	39	27	4	4	1	3	2	3	0	0	0	0	0	4.941538	0.523252	0.523252	0.520400	1.686667	9.000000	12.000000	0.723931	0.723931	0.649333	0	0	1	1	156	1167445
1444478282	31	34	35	31	7	2	1	0	6	2	0	0	0	0	0	4.943151	0.523252	0.521826	0.520400	1.686667	9.000000	12.000000	0.719479	0.719479	0.682191	0	0	1	1	156	1284171
1444478283	38	40	27	40	5	2	0	2	2	2	0	0	0	0	0	4.943151	0.523252	0.521826	0.521826	1.685861	9.000000	12.000000	0.756766	0.756766	0.682191	0	0	1	1	156	1167423
1444478284	33	31	35	34	4	3	3	5	3	4	1	1	1	1	1	4.939927	0.523252	0.521826	0.520400	1.685861	9.000000	12.000000	0.653762	0.765698	0.691074	0	0	1	1	156	1167440
1444478285	31	41	27	27	4	5	2	3	2	1	1	1	1	0	0	4.941538	0.523252	0.523252	0.520400	1.686667	9.000000	12.000000	0.761231	0.761231	0.686632	0	0	1	1	156	1284350
1444478286	36	36	34	31	1	1	1	4	1	6	0	0	0	0	0	4.943151	0.523252	0.521826	0.514697	1.686667	9.000000	12.000000	0.905915	0.719479	0.644904	0	0	1	1	156	1167415
1444478288	35	33	36	38	4	0	2	3	4	3	0	0	0	0	0	4.941538	0.523252	0.523252	0.520400	1.688278	9.000000	12.000000	0.761231	0.723931	0.686632	0	0	1	1	156	1167435
1444478289	35	35	32	29	5	3	2	1	3	6	0	0	0	0	0	4.943151	0.523252	0.523252	0.520400	1.688278	9.000000	12.000000	0.756766	0.719479	0.682191	0	0	1	1	156	1167439
1444478290	44	41	36	47	3	2	4	1	8	6	0	1	0	0	0	4.943151	0.523252	0.521826	0.520400	1.688278	9.000000	12.000000	0.756766	0.719479	0.644904	0	0	1	1	156	1275790
1444478291	31	34	35	39	3	0	3	3	4	7	0	0	0	1	0	4.941538	0.523252	0.521826	0.520400	1.688278	9.000000	12.000000	0.761231	0.761231	0.686632	0	0	1	1	156	1167415
1444478293	37	27	27	27	5	4	1	3	0	2	0	0	0	0	0	4.944762	0.521826	0.523252	0.520400	1.689084	9.000000	12.000000	0.752306	0.677756	0.640481	0	0	1	1	156	1167436
1444478294	40	42	26	34	6	3	6	2	7	2	0	1	1	0	0	4.936703	0.520400	0.520400	0.517549	1.688278	9.000000	12.000000	0.774638	0.737302	0.662630	0	0	1	1	156	1274910
1444478295	28	26	33	43	3	0	2	1	6	6	0	1	0	0	0	4.941538	0.523252	0.523252	0.520400	1.689084	9.000000	12.000000	0.761231	0.723931	0.686632	0	0	1	1	156	1167412
1444478296	27	40	34	28	5	0	3	5	2	4	0	0	0	0	0	4.939927	0.523252	0.526103	0.521826	1.689084	9.000000	12.000000	0.765698	0.653762	0.691074	0	0	1	1	156	1167435
1444478298	34	38	36	39	6	3	6	4	5	3	0	2	0	0	0	4.939927	0.523252	0.524677	0.520400	1.689084	9.000000	12.000000	0.765698	0.765698	0.653762	0	0	1	1	156	1272839
1444478299	37	47	39	46	3	5	0	3	5	5	1	0	0	0	0	4.943151	0.523252	0.521826	0.520400	1.689890	9.000000	12.000000	0.756766	0.719479	0.682191	0	0	1	1	156	1167428
1444478300	38	39	30	22	11	1	2	3	2	5	0	1	0	0	0	4.941538	0.523252	0.523252	0.520400	1.689084	9.000000	12.000000	0.723931	0.761231	0.686632	0	0	1	1	156	1167445
1444478301	35	36	36	51	8	3	0	3	4	7	0	0	0	0	0	4.943151	0.523252	0.523252	0.520400	1.690696	9.000000	12.000000	0.756766	0.719479	0.607617	0	0	1	1	157	1165319
1444478302	46	28	44	33	2	2	1	3	2	7	0	0	0	1	0	4.941538	0.523252	0.523252	0.520400	1.690696	9.000000	12.000000	0.761231	0.798530	0.686632	0	0	1	1	156	1167428
1444478304	37	33	48	35	7	1	2	2	2	10	0	0	1	0	0	4.943151	0.523252	0.523252	0.520400	1.690696	9.000000	12.000000	0.756766	0.756766	0.682191	0	0	1	1	156	1167444
1444478305	32	36	29	39	2	6	2	0	4	5	0	0	0	0	0	4.943151	0.523252	0.523252	0.520400	1.690696	9.000000	12.000000	0.719479	0.533044	0.607617	0	0	1	1	157	1167466
1444478306	39	29	45	34	1	5	2	2	1	5	0	0	1	0	0	4.941538	0.523252	0.526103	0.518974	1.691502	9.000000	12.000000	0.723931	0.798530	0.686632	0	0	1	1	156	1165307
1444478307	39	27	38	37	2	5	4	1	2	4	0	0	2	0	0	4.941538	0.523252	0.523252	0.521826	1.691502	9.000000	12.000000	0.723931	0.723931	0.686632	0	0	1	1	156	1167425
1444478308	33	44	37	31	8	2	4	6	3	2	1	1	0	0	0	4.939927	0.523252	0.524677	0.520400	1.690696	9.000000	12.000000	0.765698	0.803008	0.691074	0	0	1	1	156	1167440
1444478310	39	35	32	37	2	1	1	1	4	7	0	1	0	0	0	4.941538	0.523252	0.526103	0.520400	1.692308	9.000000	12.000000	0.761231	0.798530	0.686632	0	0	1	1	156	1166497
1444478311	31	31	39	30	4	3	3	3	3	5	0	2	0	0	0	4.941538	0.523252	0.526103	0.520400	1.692308	9.000000	12.000000	0.761231	0.798530	0.649333	0	0	1	1	156	1167419
1444478312	30	35	36	41	6	2	3	0	3	5	0	0	0	0	0	4.941538	0.523252	0.526103	0.520400	1.691502	9.000000	12.000000	0.761231	0.798530	0.686632	0	0	1	1	156	1167435
1444478313	32	42	28	46	3	0	1	1	2	7	0	0	0	0	0	4.943151	0.523252	0.524677	0.521826	1.690696	9.000000	12.000000	0.756766	0.794054	0.682191	0	0	1	1	156	1165314
1444478314	29	23	31	33	2	2	0	0	3	4	0	0	0	0	0	4.941538	0.523252	0.521826	0.520400	1.693114	9.000000	12.000000	0.761231	0.723931	0.649333	0	0	1	1	156	1167416
1444478316	34	27	39	35	3	2	2	4	1	6	0	0	0	0	0	4.939927	0.523252	0.524677	0.521826	1.692308	9.000000	12.000000	0.765698	0.803008	0.691074	0	0	1	1	156	1167435
1444478317	32	41	35	33	8	4	4	5	4	4	2	0	0	0	0	4.941538	0.521826	0.526103	0.513271	1.692308	9.000000	12.000000	0.910427	0.835829	0.686632	0	0	1	1	156	1167435
1444478318	38	37	33	31	2	3	1	1	4	9	0	0	0	0	0	4.943151	0.521826	0.521826	0.521826	1.694725	9.000000	12.000000	0.756766	0.756766	0.682191	0	0	1	1	156	1165314
1444478319	25	34	33	31	7	0	2	3	4	5	0	0	0	0	0	4.943151	0.523252	0.521826	0.521826	1.693920	9.000000	12.000000	0.719479	0.756766	0.644904	0	0	1	1	156	1167415
1444478320	36	41	32	30	5	1	0	3	3	3	0	0	0	0	0	4.939927	0.523252	0.521826	0.521826	1.693114	9.000000	12.000000	0.765698	0.765698	0.653762	0	0	1	1	156	1167435
1444478322	25	30	32	35	7	2	4	2	1	2	0	1	0	0	0	4.943151	0.521826	0.521826	0.520400	1.694725	9.000000	12.000000	0.756766	0.756766	0.644904	0	0	1	1	156	1166466
1444478323	37	35	36	39	6	4	1	4	4	6	0	0	0	1	0	4.943151	0.523252	0.523252	0.520400	1.695531	9.000000	12.000000	0.756766	0.756766	0.682191	0	0	1	1	156	1167426
1444478324	37	34	30	46	3	2	1	2	4	5	0	0	0	0	0	4.941538	0.523252	0.523252	0.521826	1.694725	9.000000	12.000000	0.761231	0.723931	0.686632	0	0	1	1	156	1167445
1444478325	41	30	33	31	2	3	3	2	3	6	1	0	0	0	0	4.943151	0.523252	0.520400	0.520400	1.695531	9.000000	12.000000	0.756766	0.719479	0.644904	0	0	1	1	156	1165371
1444478326	27	34	38	37	3	1	3	2	6	5	0	1	0	0	0	4.943151	0.523252	0.526103	0.520400	1.695531	9.000000	12.000000	0.719479	0.794054	0.607617	0	0	1	1	156	1167425
1444478328	35	30	28	37	5	2	2	2	3	5	0	0	0	1	0	4.943151	0.523252	0.521826	0.520400	1.695531	9.000000	12.000000	0.756766	0.719479	0.644904	0	0	1	1	156	1167445
1444478329	27	36	31	36	2	2	2	2	3	5	0	1	0	0	0	4.943151	0.523252	0.523252	0.521826	1.696337	9.000000	12.000000	0.682191	0.607617	0.644904	0	0	1	1	156	1165313
1444478330	30	44	39	30	6	5	4	3	1	4	1	0	1	0	0	4.941538	0.523252	0.523252	0.520400	1.697143	9.000000	12.000000	0.761231	0.723931	0.686632	0	0	1	1	156	1167426
1444478331	39	35	48	31	5	3	5	5	4	4	1	0	0	0	0	4.941538	0.521826	0.523252	0.520400	1.697143	9.000000	12.000000	0.761231	0.723931	0.649333	0	0	1	1	156	1167448
1444478332	30	31	31	33	2	0	0	4	2	6	0	0	0	0	0	4.939927	0.521826	0.523252	0.520400	1.697143	9.250000	12.000000	0.765698	0.803008	0.653762	0	0	1	1	156	1167440
1444478334	32	33	39	37	4	2	2	5	2	5	0	0	0	0	0	4.941538	0.523252	0.523252	0.520400	1.697143	9.000000	12.000000	0.761231	0.723931	0.537436	0	0	1	1	156	1166463
1444478335	21	32	34	25	3	2	2	1	2	2	0	0	0	0	0	4.941538	0.523252	0.523252	0.520400	1.697143	9.000000	12.000000	0.761231	0.723931	0.649333	0	0	1	1	156	1167416
1444478336	30	37	32	34	3	3	1	3	4	6	0	0	0	0	0	4.941538	0.523252	0.521826	0.520400	1.697143	9.000000	12.000000	0.723931	0.723931	0.649333	0	0	1	1	156	1167436
1444478337	18	32	45	40	1	0	1	3	4	9	0	0	0	0	0	4.943151	0.523252	0.523252	0.520400	1.697949	9.250000	12.000000	0.644904	0.719479	0.719479	0	0	1	1	156	1165316
1444478338	39	33	29	34	6	3	3	4	4	3	1	1	1	1	1	4.941538	0.523252	0.521826	0.520400	1.697949	9.250000	12.000000	0.761231	0.686632	0.649333	0	0	1	1	156	1167416
1444478340	32	45	41	29	8	3	3	4	5	7	1	2	1	1	1	4.941538	0.521826	0.523252	0.520400	1.698755	9.250000	12.000000	0.761231	0.761231	0.686632	0	0	1	1	156	1167438
1444478341	32	38	24	28	6	2	1	2	5	4	0	0	0	0	0	4.943151	0.523252	0.523252	0.520400	1.698755	9.250000	12.000000	0.756766	0.756766	0.682191	0	0	1	1	156	1165385
1444478342	44	36	30	35	8	2	1	1	1	4	0	0	0	0	0	4.941538	0.523252	0.523252	0.520400	1.698755	9.250000	12.000000	0.723931	0.761231	0.686632	0	0	1	1	156	1167413
1444478343	38	34	34	34	4	1	3	3	4	6	0	0	0	0	0	4.943151	0.523252	0.523252	0.520400	1.700366	9.250000	12.000000	0.756766	0.719479	0.682191	0	0	1	1	156	1167436
1444478344	37	25	30	30	3	4	1	5	6	5	1	1	1	3	1	4.941538	0.523252	0.523252	0.520400	1.698755	9.250000	12.000000	0.761231	0.761231	0.686632	0	0	1	1	156	1167435
1444478346	26	36	35	34	3	0	1	1	5	8	0	0	0	1	0	4.943151	0.520400	0.517549	0.523252	1.700366	9.250000	12.000000	0.756766	0.719479	0.682191	0	0	1	1	156	1166472
1444478347	33	39	40	30	3	6	5	4	5	2	0	1	2	0	0	4.941538	0.523252	0.523252	0.520400	1.700366	9.250000	12.000000	0.761231	0.723931	0.686632	0	0	1	1	156	1167425
1444478348	30	24	37	36	2	1	1	4	2	9	0	0	0	1	0	4.941538	0.523252	0.523252	0.520400	1.700366	9.250000	12.000000	0.761231	0.761231	0.686632	0	0	1	1	156	1167445
1444478349	35	27	36	38	7	3	4	1	4	6	0	0	0	0	0	4.936703	0.523252	0.523252	0.520400	1.700366	9.250000	12.000000	0.774638	0.737302	0.699966	0	0	1	1	156	1165353
1444478350	33	37	36	46	6	2	2	2	1	2	1	0	0	0	0	4.941538	0.521826	0.526103	0.520400	1.699561	9.250000	12.000000	0.761231	0.798530	0.686632	0	0	1	1	156	1167422
1444478352	29	30	44	30	1	2	1	1	2	3	0	0	0	0	0	4.941538	0.523252	0.526103	0.520400	1.701172	9.250000	12.000000	0.723931	0.798530	0.686632	0	0	1	1	156	1167445
1444478353	34	29	24	35	2	3	2	3	1	6	1	0	0	0	0	4.939927	0.523252	0.524677	0.520400	1.701172	9.250000	12.000000	0.765698	0.765698	0.653762	0	0	1	1	156	1177362
1444478354	31	38	29	35	3	0	2	3	2	7	0	1	0	0	0	4.943151	0.523252	0.523252	0.520400	1.701978	9.250000	12.000000	0.756766	0.794054	0.644904	0	0	1	1	156	1167423
1444478355	30	22	28	37	0	0	2	2	2	3	0	0	0	0	0	4.941538	0.523252	0.523252	0.520400	1.701978	9.250000	12.000000	0.761231	0.798530	0.686632	0	0	1	1	156	1167445
1444478356	32	40	31	35	1	4	3	4	5	2	0	0	2	0	0	4.939927	0.523252	0.523252	0.520400	1.701978	9.250000	12.000000	0.728385	0.765698	0.728385	0	0	1	1	156	1165379
1444478358	35	37	39	42	5	2	0	2	5	13	0	0	0	0	0	4.939927	0.523252	0.520400	0.517549	1.701978	9.250000	12.000000	0.765698	0.803008	0.691074	0	0	1	1	156	1168561
1444478359	31	39	29	40	9	0	1	3	2	3	0	0	0	0	0	4.943151	0.523252	0.524677	0.520400	1.702784	9.250000	12.000000	0.756766	0.794054	0.644904	0	0	1	1	157	1167457
1444478360	40	36	40	35	5	4	2	6	4	4	0	1	0	1	0	4.943151	0.523252	0.524677	0.520400	1.703590	9.250000	12.000000	0.756766	0.794054	0.682191	0	0	1	1	156	1167430
1444478361	37	39	33	35	2	3	2	4	3	1	0	0	0	0	0	4.941538	0.523252	0.524677	0.520400	1.703590	9.250000	12.000000	0.723931	0.798530	0.723931	0	0	1	1	156	1165323
1444478362	44	27	41	29	7	4	4	4	3	5	1	1	1	1	0	4.943151	0.521826	0.521826	0.520400	1.703590	9.250000	12.000000	0.756766	0.756766	0.682191	0	0	1	1	156	1167413
1444478364	47	42	37	42	6	3	2	2	4	8	0	0	0	0	0	4.941538	0.523252	0.524677	0.520400	1.704396	9.250000	12.000000	0.761231	0.798530	0.686632	0	0	1	1	156	1167435
1444478365	40	28	43	42	4	4	4	4	5	4	0	0	1	0	0	4.943151	0.523252	0.526103	0.521826	1.704396	9.250000	12.000000	0.756766	0.756766	0.682191	0	0	1	1	156	1165321
1444478366	36	39	35	31	6	2	2	1	2	4	0	0	0	0	0	4.944762	0.523252	0.524677	0.520400	1.705202	9.250000	12.000000	0.752306	0.752306	0.640481	0	0	1	1	156	1167416
1444478367	35	44	26	31	6	5	3	2	4	2	1	0	1	0	0	4.941538	0.523252	0.524677	0.520400	1.705202	9.250000	12.000000	0.723931	0.798530	0.686632	0	0	1	1	156	1167435
1444478368	28	46	38	44	2	2	2	5	6	6	0	0	1	1	0	4.941538	0.524677	0.524677	0.521826	1.704396	9.250000	12.000000	0.723931	0.798530	0.723931	0	0	1	1	156	1165339
1444478370	23	46	42	38	4	0	1	5	2	5	0	0	0	0	0	4.941538	0.523252	0.526103	0.520400	1.706007	9.250000	12.000000	0.761231	0.835829	0.686632	0	0	1	1	156	1168571
1444478371	36	19	39	37	2	3	1	2	1	8	0	0	0	0	0	4.939927	0.521826	0.527529	0.521826	1.705202	9.250000	12.500000	0.728385	0.803008	0.691074	0	0	1	1	156	1167442
1444478372	37	36	45	48	4	3	3	2	5	7	0	0	1	0	0	4.943151	0.523252	0.524677	0.521826	1.706007	9.250000	12.000000	0.756766	0.756766	0.644904	0	0	1	1	156	1167444
1444478373	33	43	40	45	1	5	4	3	8	6	0	0	1	2	0	4.943151	0.523252	0.524677	0.521826	1.706007	9.250000	12.500000	0.756766	0.794054	0.644904	0	0	1	1	156	1165390
1444478374	27	38	34	29	2	0	0	5	5	5	0	0	0	1	0	4.944762	0.523252	0.526103	0.520400	1.706813	9.250000	12.500000	0.715030	0.789581	0.677756	0	0	1	1	156	1167426
1444478376	31	32	34	32	3	1	3	0	2	5	0	1	0	0	0	4.941538	0.523252	0.526103	0.520400	1.706813	9.250000	12.500000	0.761231	0.798530	0.686632	0	0	1	1	156	1167445
1444478377	33	31	41	50	4	3	4	2	5	11	1	1	1	1	1	4.939927	0.523252	0.524677	0.520400	1.706007	9.250000	12.500000	0.728385	0.914942	0.691074	0	0	1	1	156	1175077
1444478378	36	34	40	27	6	6	1	1	5	2	1	1	0	0	0	4.943151	0.523252	0.523252	0.521826	1.707619	9.250000	12.500000	0.719479	0.756766	0.644904	0	0	1	1	157	1167447
1444478379	39	34	35	40	2	1	4	1	2	2	0	1	0	0	0	4.941538	0.523252	0.523252	0.520400	1.706813	9.250000	12.500000	0.761231	0.798530	0.686632	0	0	1	1	156	1167442
1444478380	42	36	35	30	4	2	3	3	4	6	0	0	1	0	0	4.938315	0.523252	0.526103	0.521826	1.706813	9.250000	12.500000	0.770166	0.807490	0.732842	0	0	1	1	156	1164688
1444478382	38	29	29	31	3	3	1	2	2	3	1	0	0	0	0	4.941538	0.523252	0.526103	0.520400	1.707619	9.250000	12.500000	0.761231	0.798530	0.686632	0	0	1	1	156	1168562
1444478383	30	42	38	39	5	4	1	5	4	8	1	0	0	1	0	4.941538	0.523252	0.526103	0.521826	1.707619	9.250000	12.500000	0.723931	0.761231	0.649333	0	0	1	1	156	1167435
1444478384	27	29	31	28	2	0	1	3	3	1	0	0	0	0	0	4.943151	0.523252	0.524677	0.520400	1.708425	9.250000	12.500000	0.756766	0.794054	0.533044	0	0	1	1	156	1164582
1444478385	44	27	36	38	5	0	2	2	4	6	0	0	0	1	0	4.939927	0.523252	0.524677	0.520400	1.709231	9.500000	12.500000	0.728385	0.803008	0.653762	0	0	1	1	156	1167415
1444478386	44	26	36	34	5	8	5	1	3	3	0	1	0	0	0	4.938315	0.523252	0.524677	0.521826	1.707619	9.250000	12.500000	0.770166	0.807490	0.695518	0	0	1	1	156	1167436
1444478388	29	35	48	31	3	2	0	7	6	7	1	0	0	2	0	4.941538	0.523252	0.523252	0.520400	1.708425	9.250000	12.500000	0.761231	0.798530	0.686632	0	0	1	1	156	1167436
1444478389	34	31	32	34	3	2	1	3	4	7	1	0	0	1	0	4.943151	0.523252	0.526103	0.520400	1.710037	9.250000	12.500000	0.756766	0.756766	0.682191	0	0	1	1	156	1194475
1444478390	33	36	39	32	3	4	1	1	3	6	0	0	1	0	0	4.939927	0.523252	0.526103	0.520400	1.709231	9.500000	12.500000	0.765698	0.840319	0.691074	0	0	1	1	156	1167416
1444478391	29	30	47	29	3	3	2	3	0	10	0	0	0	0	0	4.939927	0.523252	0.523252	0.520400	1.710037	9.500000	12.500000	0.765698	0.803008	0.691074	0	0	1	1	156	1167435
1444478392	32	36	38	31	7	3	1	4	0	5	1	0	0	0	0	4.943151	0.523252	0.526103	0.521826	1.710037	9.250000	12.500000	0.756766	0.794054	0.533044	0	0	1	1	157	1170144
1444478394	27	26	33	26	2	3	2	2	1	6	0	0	0	0	0	4.941538	0.521826	0.521826	0.520400	1.710037	9.500000	12.500000	0.761231	0.723931	0.686632	0	0	1	1	156	1168572
1444478395	29	33	28	38	4	1	2	2	3	5	0	1	0	0	0	4.941538	0.523252	0.521826	0.520400	1.710843	9.500000	12.500000	0.761231	0.723931	0.686632	0	0	1	1	156	1167445
1444478396	41	31	49	40	3	3	1	1	6	6	0	0	0	0	0	4.941538	0.523252	0.524677	0.521826	1.711648	9.500000	12.500000	0.761231	0.761231	0.723931	0	0	1	1	156	1164692
1444478397	37	34	28	36	4	0	5	4	2	4	0	1	0	1	0	4.941538	0.523252	0.524677	0.520400	1.711648	9.500000	12.500000	0.649333	0.686632	0.649333	0	0	1	1	156	1167425
1444478398	44	39	36	36	9	3	5	3	6	5	0	1	1	0	0	4.941538	0.523252	0.524677	0.520400	1.710843	9.500000	12.500000	0.723931	0.798530	0.686632	0	0	1	1	156	1167445
1444478400	29	29	30	25	3	2	0	0	3	1	0	0	0	0	0	4.943151	0.523252	0.524677	0.521826	1.711648	9.500000	12.500000	0.756766	0.794054	0.644904	0	0	1	1	156	1164686
1444478401	40	35	30	25	2	0	0	0	1	5	0	0	0	0	0	4.938315	0.523252	0.524677	0.520400	1.710843	9.500000	12.500000	0.770166	0.807490	0.695518	0	0	1	1	156	1167428
1444478402	36	26	45	32	4	4	1	2	2	7	1	0	0	0	0	4.941538	0.523252	0.523252	0.520400	1.712454	9.500000	12.500000	0.761231	0.723931	0.686632	0	0	1	1	156	1167445
1444478403	31	37	24	38	3	1	2	0	5	5	0	0	0	0	0	4.941538	0.523252	0.523252	0.520400	1.712454	9.500000	12.500000	0.723931	0.761231	0.612034	0	0	1	1	156	1167445
1444478404	33	38	46	37	4	5	2	4	2	6	0	0	1	0	0	4.936703	0.523252	0.524677	0.520400	1.711648	9.500000	12.500000	0.774638	0.811974	0.699966	0	0	1	1	156	1174918
1444478406	40	29	34	44	2	5	3	1	7	3	0	1	0	0	0	4.941538	0.520400	0.521826	0.521826	1.713260	9.500000	12.500000	0.723931	0.835829	0.723931	0	0	1	1	156	1168664
1444478407	32	36	30	45	2	2	1	3	3	6	0	0	0	1	0	4.943151	0.523252	0.526103	0.521826	1.714066	9.500000	12.500000	0.756766	0.831341	0.682191	0	0	1	1	156	1167435
1444478408	36	41	37	34	6	2	4	3	8	6	1	1	0	1	0	4.941538	0.523252	0.524677	0.520400	1.714066	9.500000	12.500000	0.761231	0.798530	0.686632	0	0	1	1	156	1164667
1444478409	34	32	36	28	6	4	2	2	2	5	1	1	1	1	1	4.941538	0.521826	0.524677	0.520400	1.714066	9.500000	12.500000	0.761231	0.835829	0.649333	0	0	1	1	156	1167416
1444478410	34	40	37	32	3	5	1	4	4	4	0	0	1	1	0	4.939927	0.521826	0.526103	0.520400	1.713260	9.500000	12.500000	0.728385	0.803008	0.691074	0	0	1	1	156	1167435
1444478412	30	28	33	31	2	0	2	1	3	3	0	0	0	0	0	4.941538	0.523252	0.524677	0.521826	1.714872	9.500000	12.500000	0.761231	0.798530	0.686632	0	0	1	1	156	1164679
1444478413	44	36	44	34	6	2	2	4	4	8	0	1	0	0	0	4.941538	0.521826	0.524677	0.520400	1.714872	9.500000	12.500000	0.723931	0.723931	0.649333	0	0	1	1	156	1167415
1444478414	24	34	41	31	1	4	2	4	3	4	0	0	0	0	0	4.941538	0.523252	0.526103	0.520400	1.715678	9.500000	12.500000	0.761231	0.798530	0.686632	0	0	1	1	156	1167435
1444478415	31	38	45	36	4	0	0	4	2	9	0	0	0	0	0	4.939927	0.523252	0.524677	0.520400	1.715678	9.500000	12.500000	0.765698	0.803008	0.691074	0	0	1	1	156	1167437
1444478416	24	30	30	28	4	1	2	4	4	3	0	1	0	0	0	4.939927	0.523252	0.526103	0.521826	1.715678	9.500000	12.500000	0.765698	0.765698	0.653762	0	0	1	1	156	1164669
1444478418	45	34	37	33	3	2	2	1	2	5	0	0	0	0	0	4.943151	0.523252	0.523252	0.521826	1.715678	9.500000	12.500000	0.719479	0.794054	0.682191	0	0	1	1	156	1168571
1444478419	33	30	36	30	6	3	4	0	4	3	0	1	1	0	0	4.941538	0.523252	0.526103	0.520400	1.717289	9.500000	12.500000	0.761231	0.910427	0.723931	0	0	1	1	156	1167445
1444478420	36	41	31	54	2	2	5	0	9	6	0	1	2	0	0	4.943151	0.523252	0.526103	0.520400	1.716484	9.500000	12.500000	0.756766	0.868628	0.682191	0	0	1	1	156	1164688
1444478421	29	38	36	23	2	2	3	7	2	1	1	0	0	0	0	4.941538	0.523252	0.524677	0.520400	1.717289	9.500000	12.500000	0.761231	0.798530	0.649333	0	0	1	1	156	1167425
1444478422	39	37	32	33	3	4	3	3	3	3	1	1	1	1	1	4.939927	0.523252	0.524677	0.520400	1.717289	9.500000	12.500000	0.728385	0.803008	0.653762	0	0	1	1	156	1167448
1444478424	32	35	30	50	5	0	2	1	6	5	0	0	0	0	0	4.941538	0.523252	0.524677	0.520400	1.718095	9.500000	12.500000	0.723931	0.798530	0.686632	0	0	1	1	156	1164685
1444478425	37	32	41	38	1	5	4	4	5	9	0	0	1	0	0	4.936703	0.518974	0.523252	0.520400	1.717289	9.500000	12.500000	0.774638	0.811974	0.662630	0	0	1	1	156	1167425
1444478426	31	38	44	34	3	3	1	3	2	6	0	0	0	0	0	4.941538	0.524677	0.526103	0.520400	1.718901	9.500000	12.500000	0.761231	0.761231	0.686632	0	0	1	1	156	1167442
1444478427	28	27	31	39	3	1	1	1	2	5	0	0	0	0	0	4.943151	0.523252	0.526103	0.517549	1.718901	9.500000	12.500000	0.756766	0.756766	0.682191	0	0	1	1	156	1164688
1444478428	24	41	32	40	3	2	3	1	5	6	0	0	1	0	0	4.939927	0.523252	0.524677	0.520400	1.718901	9.500000	12.500000	0.765698	0.803008	0.616451	0	0	1	1	156	1167421
1444478430	36	31	26	33	5	2	2	3	2	2	0	0	0	0	0	4.941538	0.523252	0.524677	0.520400	1.718901	9.500000	12.500000	0.798530	0.798530	0.686632	0	0	1	1	156	1168583
1444478431	32	35	40	32	3	2	3	2	5	4	0	1	0	1	0	4.939927	0.523252	0.523252	0.520400	1.718901	9.500000	12.500000	0.765698	0.765698	0.691074	0	0	1	1	156	1167435
1444478432	38	37	27	35	6	0	2	2	4	4	0	1	0	0	0	4.941538	0.523252	0.524677	0.520400	1.719707	9.500000	12.500000	0.761231	0.798530	0.686632	0	0	1	1	156	1164673
1444478433	38	45	29	30	6	1	2	3	4	1	0	1	0	0	0	4.943151	0.523252	0.521826	0.520400	1.720513	9.500000	12.500000	0.756766	0.794054	0.682191	0	0	1	1	156	1167413
1444478434	34	31	42	32	3	3	3	6	2	4	1	0	0	0	0	4.941538	0.523252	0.526103	0.520400	1.720513	9.500000	12.500000	0.723931	0.798530	0.649333	0	0	1	1	156	1167435
1444478436	35	34	34	39	6	2	2	2	6	4	0	0	0	0	0	4.943151	0.523252	0.526103	0.520400	1.720513	9.500000	12.500000	0.756766	0.794054	0.682191	0	0	1	1	156	1164716
1444478437	42	38	37	46	7	1	3	4	5	8	0	0	0	2	0	4.941538	0.523252	0.526103	0.520400	1.720513	9.500000	12.500000	0.723931	0.798530	0.686632	0	0	1	1	156	1167415
1444478438	28	29	29	36	5	1	3	3	6	6	0	0	0	1	0	4.943151	0.523252	0.526103	0.518974	1.719707	9.500000	12.500000	0.719479	0.831341	0.644904	0	0	1	1	156	1167435
1444478439	37	33	32	37	4	1	4	3	3	8	0	1	0	0	0	4.939927	0.521826	0.523252	0.518974	1.719707	9.500000	12.500000	1.959666	0.765698	0.653762	0	0	1	1	156	1164690
1444478440	46	48	35	43	7	3	2	2	8	5	0	0	0	0	0	4.941538	0.523252	0.523252	0.520400	1.720513	9.500000	12.500000	0.761231	0.574735	0.835829	0	0	1	1	156	1167416
1444478442	37	34	44	39	7	5	3	0	1	8	0	0	1	0	0	4.944762	0.523252	0.524677	0.520400	1.722125	9.500000	12.500000	0.752306	0.789581	0.640481	0	0	1	1	156	1168590
1444478443	39	30	31	33	4	1	0	1	4	5	0	0	0	0	0	4.939927	0.521826	0.523252	0.520400	1.722125	9.750000	12.500000	0.728385	0.765698	0.691074	0	0	1	1	156	1167444
1444478444	35	32	38	31	4	1	1	6	4	1	0	0	0	0	0	4.936703	0.523252	0.523252	0.520400	1.720513	9.750000	12.500000	0.737302	0.811974	0.699966	0	0	1	1	156	1164687
1444478445	36	41	32	35	6	3	2	0	3	3	0	1	0	0	0	4.943151	0.523252	0.524677	0.517549	1.722125	9.500000	12.500000	0.756766	0.794054	0.682191	0	0	1	1	156	1167426
1444478446	34	39	29	39	6	1	3	0	2	2	0	0	1	0	0	4.943151	0.521826	0.523252	0.520400	1.723736	9.750000	12.500000	0.756766	0.682191	0.682191	0	0	1	1	156	1167445
1444478448	27	26	34	17	2	1	0	3	1	1	0	0	0	0	0	4.943151	0.523252	0.524677	0.520400	1.722931	9.750000	12.500000	0.719479	0.682191	0.682191	0	0	1	1	156	1164671
1444478449	25	26	36	38	1	1	1	4	3	7	0	0	0	1	0	4.943151	0.523252	0.524677	0.521826	1.722931	9.750000	12.500000	0.756766	0.794054	0.644904	0	0	1	1	156	1167425
1444478450	40	38	41	38	3	3	2	3	4	5	0	0	0	0	0	4.938315	0.523252	0.523252	0.520400	1.722125	9.750000	12.500000	0.770166	0.807490	0.658195	0	0	1	1	156	1167445
1444478451	42	35	42	33	3	3	4	6	3	3	0	0	0	0	0	4.939927	0.523252	0.523252	0.520400	1.723736	9.750000	12.500000	0.765698	0.765698	0.653762	0	0	1	1	156	1164713
1444478452	26	34	35	41	5	1	1	1	5	7	0	0	0	0	0	4.941538	0.523252	0.526103	0.520400	1.723736	9.750000	12.500000	0.761231	0.798530	0.686632	0	0	1	1	156	1167421
1444478454	27	26	32	38	2	1	2	4	2	3	0	0	0	1	0	4.941538	0.523252	0.524677	0.520400	1.724542	9.750000	12.500000	0.649333	0.835829	0.649333	0	0	1	1	156	1168580
1444478455	34	29	34	33	4	3	2	1	2	9	0	0	2	0	0	4.941538	0.523252	0.524677	0.520400	1.724542	9.750000	12.500000	0.723931	0.798530	0.686632	0	0	1	1	156	1164679
1444478456	33	27	27	46	2	1	3	3	6	4	0	0	0	0	0	4.939927	0.523252	0.523252	0.520400	1.725348	9.750000	12.500000	0.728385	0.765698	0.653762	0	0	1	1	156	1167416
1444478457	34	43	34	42	5	1	3	3	5	4	0	0	1	0	0	4.941538	0.523252	0.524677	0.520400	1.725348	9.750000	12.500000	0.761231	0.798530	0.686632	0	0	1	1	156	1167435
1444478458	36	38	34	36	4	1	2	1	4	6	0	0	0	0	0	4.939927	0.523252	0.526103	0.520400	1.725348	9.750000	12.500000	0.765698	0.765698	0.653762	0	0	1	1	156	1167435
1444478460	26	32	31	40	3	1	1	3	4	6	0	0	0	1	0	4.943151	0.523252	0.526103	0.520400	1.726154	9.750000	12.500000	0.644904	0.756766	0.570331	0	0	1	1	156	1164691
1444478461	33	49	26	25	1	0	3	2	8	0	0	0	0	0	0	4.943151	0.523252	0.526103	0.520400	1.725348	9.750000	12.500000	0.756766	0.794054	0.682191	0	0	1	1	156	1167415
1444478462	32	30	32	37	6	4	1	3	2	3	0	0	0	0	0	4.941538	0.523252	0.524677	0.520400	1.726154	9.750000	12.500000	0.761231	0.798530	0.686632	0	0	1	1	156	1167439
1444478463	29	36	31	29	3	1	1	3	2	6	0	0	0	0	0	4.941538	0.523252	0.524677	0.520400	1.726960	9.750000	12.500000	0.761231	0.798530	0.649333	0	0	1	1	156	1164679
1444478464	22	31	35	37	3	1	1	3	5	8	0	0	0	1	0	4.941538	0.523252	0.526103	0.521826	1.726154	9.750000	12.500000	0.761231	0.798530	0.723931	0	0	1	1	156	1167416
1444478466	35	36	30	28	4	2	3	3	2	2	0	0	0	0	0	4.941538	0.523252	0.524677	0.520400	1.727766	9.750000	12.500000	0.612034	0.723931	0.686632	0	0	1	1	156	1168588
1444478467	35	33	27	36	3	0	2	0	2	6	0	0	0	0	0	4.939927	0.523252	0.523252	0.520400	1.727766	9.750000	12.500000	0.691074	0.691074	0.653762	0	0	1	1	156	1164697
1444478468	25	34	38	43	3	1	1	5	5	5	0	0	0	1	0	4.941538	0.521826	0.524677	0.520400	1.726960	9.750000	12.500000	0.723931	0.798530	0.686632	0	0	1	1	156	1167425
1444478469	33	36	38	32	3	2	2	1	5	6	0	0	0	0	0	4.941538	0.523252	0.526103	0.520400	1.727766	9.750000	12.500000	0.761231	0.761231	0.686632	0	0	1	1	156	1167447
1444478470	37	36	30	24	6	2	2	6	2	3	0	1	0	0	0	4.938315	0.523252	0.526103	0.520400	1.727766	9.750000	12.500000	0.695518	0.807490	0.695518	0	0	1	1	156	1167445
1444478472	31	36	22	29	5	3	3	3	1	1	2	1	1	1	1	4.941538	0.521826	0.526103	0.520400	1.728572	9.750000	12.500000	0.761231	0.835829	0.686632	0	0	1	1	156	1164678
1444478473	34	38	34	36	6	2	3	2	7	6	0	1	0	1	0	4.941538	0.523252	0.526103	0.520400	1.728572	9.750000	12.500000	0.723931	0.798530	0.686632	0	0	1	1	156	1167423
1444478474	31	19	33	39	1	3	4	2	6	5	0	0	0	2	0	4.941538	0.523252	0.523252	0.520400	1.729377	9.750000	12.500000	0.723931	0.761231	0.686632	0	0	1	1	156	1167445
1444478475	35	43	33	39	6	1	0	5	3	9	0	0	0	0	0	4.941538	0.523252	0.526103	0.520400	1.728572	9.750000	12.500000	0.761231	0.798530	0.686632	0	0	1	1	156	1164709
1444478476	39	43	32	46	5	0	0	3	5	6	0	0	0	0	0	4.939927	0.523252	0.524677	0.521826	1.730183	9.750000	12.500000	0.765698	0.840319	0.691074	0	0	1	1	156	1167421
1444478478	32	29	28	36	3	1	2	4	2	4	0	0	0	0	0	4.943151	0.523252	0.526103	0.520400	1.730183	9.750000	12.500000	0.756766	0.794054	0.682191	0	0	1	1	156	1168581
1444478479	23	53	31	45	7	0	0	3	5	6	0	0	0	0	0	4.941538	0.523252	0.526103	0.521826	1.730183	9.750000	12.500000	0.723931	0.798530	0.649333	0	0	1	1	156	1164675
1444478480	33	39	38	36	1	2	1	2	3	5	0	0	0	0	0	4.943151	0.518974	0.523252	0.520400	1.730183	9.750000	12.500000	0.756766	0.719479	0.682191	0	0	1	1	156	1167416
1444478481	22	46	27	40	7	0	3	1	6	6	0	2	0	0	0	4.941538	0.523252	0.524677	0.520400	1.730989	9.750000	12.500000	0.761231	0.798530	0.686632	0	0	1	1	156	1167435
1444478482	34	35	28	41	4	0	1	1	2	5	0	1	0	1	0	4.941538	0.523252	0.521826	0.520400	1.730183	9.750000	12.500000	0.723931	0.723931	0.649333	0	0	1	1	156	1164696
1444478484	32	27	32	43	1	2	2	5	3	7	0	0	0	0	0	4.936703	0.523252	0.523252	0.521826	1.730183	9.750000	12.500000	0.774638	0.737302	0.699966	0	0	1	1	156	1167415
1444478485	36	34	35	29	4	1	0	1	1	7	0	0	0	0	0	4.941538	0.521826	0.521826	0.520400	1.731795	9.750000	12.500000	0.761231	0.798530	0.686632	0	0	1	1	156	1167436
1444478486	40	37	35	32	6	1	2	2	6	5	0	0	0	1	0	4.943151	0.523252	0.521826	0.520400	1.732601	9.750000	12.500000	0.756766	0.719479	0.682191	0	0	1	1	156	1167435
1444478487	31	25	28	28	3	2	1	0	2	1	0	0	0	0	0	4.941538	0.521826	0.523252	0.518974	1.731795	9.750000	12.500000	0.686632	0.723931	0.612034	0	0	1	1	156	1164675
1444478488	39	24	32	34	6	2	3	1	1	3	0	0	0	0	0	4.936703	0.523252	0.523252	0.518974	1.730989	9.750000	13.000000	0.774638	0.774638	0.737302	0	0	1	1	156	1167416
1444478490	33	30	28	33	4	0	3	2	6	6	0	1	0	0	0	4.939927	0.523252	0.521826	0.520400	1.733407	9.750000	13.000000	0.765698	0.765698	0.653762	0	0	1	1	156	1168590
1444478491	31	31	38	33	1	3	2	1	1	7	0	0	1	0	0	4.939927	0.523252	0.524677	0.520400	1.733407	9.750000	13.000000	0.728385	0.803008	0.691074	0	0	1	1	156	1164711
1444478492	33	29	32	37	3	2	3	4	7	7	0	1	0	1	0	4.939927	0.518974	0.530380	0.520400	1.732601	9.750000	13.000000	0.765698	0.803008	0.691074	0	0	1	1	156	1167425
1444478493	36	34	49	35	4	3	2	6	3	5	0	0	0	2	0	4.941538	0.523252	0.524677	0.520400	1.733407	9.750000	13.000000	0.612034	0.686632	0.649333	0	0	1	1	156	1167444
1444478494	31	46	31	32	5	4	1	4	7	3	0	0	0	0	0	4.943151	0.523252	0.526103	0.520400	1.733407	9.750000	13.000000	0.682191	0.719479	0.644904	0	0	1	1	156	1164702
1444478496	33	35	37	38	5	3	3	5	9	5	0	1	1	1	0	4.941538	0.523252	0.523252	0.521826	1.734213	9.750000	13.000000	0.761231	0.761231	0.649333	0	0	1	1	156	1167425
1444478497	32	40	30	44	4	2	2	2	9	3	0	0	0	1	0	4.941538	0.523252	0.523252	0.520400	1.734213	9.750000	13.000000	0.761231	0.761231	0.686632	0	0	1	1	156	1167445
1444478498	29	38	42	38	3	0	2	2	5	7	0	1	0	0	0	4.941538	0.523252	0.523252	0.520400	1.735018	10.000000	13.000000	0.761231	0.873128	0.686632	0	0	1	1	156	1167444
1444478499	39	27	36	38	7	4	4	1	2	6	0	0	1	0	0	4.941538	0.523252	0.526103	0.520400	1.734213	9.750000	13.000000	0.761231	0.798530	0.649333	0	0	1	1	157	1164704
1444478500	27	33	34	40	1	2	1	2	3	6	0	0	0	0	0	4.939927	0.523252	0.524677	0.520400	1.734213	10.000000	13.000000	0.765698	0.840319	0.691074	0	0	1	1	156	1167421
1444478502	39	32	37	34	5	3	3	6	6	7	0	0	1	2	0	4.939927	0.523252	0.524677	0.520400	1.735824	10.000000	13.000000	0.765698	0.803008	0.691074	0	0	1	1	157	1168602
1444478503	35	34	38	22	2	1	1	6	3	4	0	0	0	2	0	4.939927	0.523252	0.526103	0.520400	1.736630	10.000000	13.000000	0.728385	0.803008	0.653762	0	0	1	1	157	1164674
1444478504	35	33	38	32	5	4	2	1	4	4	0	0	0	0	0	4.941538	0.523252	0.526103	0.520400	1.735824	10.000000	13.000000	0.761231	0.798530	0.649333	0	0	1	1	157	1167437
1444478505	34	30	44	33	5	3	1	5	1	6	0	0	0	0	0	4.941538	0.521826	0.526103	0.521826	1.735824	10.000000	13.000000	0.723931	0.835829	0.686632	0	0	1	1	157	1167451
1444478506	33	27	31	32	2	0	1	1	1	3	0	0	0	1	0	4.939927	0.523252	0.521826	0.520400	1.737436	10.000000	13.000000	0.765698	0.803008	0.691074	0	0	1	1	157	1164683
1444478508	34	35	30	45	2	3	4	3	3	5	0	0	0	0	0	4.941538	0.523252	0.526103	0.520400	1.737436	10.000000	13.000000	0.723931	0.798530	0.649333	0	0	1	1	157	1167436
1444478509	34	33	38	29	5	3	1	3	1	5	1	0	0	0	0	4.941538	0.521826	0.524677	0.520400	1.737436	10.000000	13.000000	0.761231	0.798530	0.649333	0	0	1	1	157	1167452
1444478510	41	30	42	34	2	2	3	3	1	7	0	0	0	0	0	4.944762	0.523252	0.526103	0.518974	1.738242	10.000000	13.000000	0.752306	0.715030	0.640481	0	0	1	1	157	1164593
1444478511	37	34	39	24	5	1	2	2	4	2	0	0	0	0	0	4.943151	0.523252	0.523252	0.520400	1.739048	10.000000	13.000000	0.719479	0.756766	0.682191	0	0	1	1	157	1167437
1444478512	32	30	26	25	4	2	3	3	2	2	1	1	0	0	0	4.938315	0.523252	0.526103	0.520400	1.737436	10.000000	13.000000	0.770166	0.807490	0.732842	0	0	1	1	157	1167454
1444478514	32	28	32	32	4	2	4	1	5	2	0	2	0	0	0	4.943151	0.523252	0.524677	0.520400	1.739048	10.000000	13.000000	0.756766	0.794054	0.682191	0	0	1	1	157	1168607
1444478515	42	37	42	46	9	1	5	3	4	6	0	1	1	0	0	4.941538	0.523252	0.523252	0.518974	1.738242	10.000000	13.000000	0.761231	0.798530	0.686632	0	0	1	1	157	1164766
1444478516	32	27	39	31	3	2	0	3	2	7	0	0	0	0	0	4.941538	0.523252	0.526103	0.520400	1.739048	10.000000	13.000000	0.761231	0.798530	0.686632	0	0	1	1	157	1167447
1444478517	26	26	34	34	0	3	3	1	0	4	0	0	1	0	0	4.941538	0.523252	0.524677	0.521826	1.739048	10.000000	13.000000	0.761231	0.761231	0.649333	0	0	1	1	157	1167461
1444478518	35	31	39	45	2	3	5	4	5	7	0	0	2	1	0	4.941538	0.521826	0.524677	0.521826	1.739048	10.000000	13.000000	0.761231	0.835829	0.686632	0	0	1	1	157	1164684
1444478520	27	33	35	28	3	1	4	3	2	5	0	1	0	0	0	4.939927	0.523252	0.523252	0.518974	1.740659	10.000000	13.000000	0.765698	0.803008	0.691074	0	0	1	1	157	1167446
1444478521	40	21	35	30	3	5	0	1	1	2	0	0	0	0	0	4.941538	0.523252	0.524677	0.520400	1.739854	10.000000	13.000000	0.723931	0.798530	0.686632	0	0	1	1	157	1167464
1444478522	29	37	29	38	1	1	1	1	7	5	0	1	0	0	0	4.941538	0.523252	0.524677	0.521826	1.741465	10.000000	13.000000	0.686632	0.686632	0.649333	0	0	1	1	157	1164686
1444478523	36	38	41	32	7	4	1	3	3	4	0	0	0	0	0	4.939927	0.523252	0.523252	0.520400	1.740659	10.000000	13.000000	0.765698	0.765698	0.691074	0	0	1	1	157	1167447
1444478524	29	35	32	40	3	1	0	0	1	9	0	0	0	0	0	4.939927	0.523252	0.526103	0.521826	1.740659	10.000000	13.000000	0.728385	0.765698	0.653762	0	0	1	1	157	1167460
1444478526	38	47	26	43	7	1	4	4	5	4	0	0	0	0	0	4.943151	0.523252	0.524677	0.520400	1.742271	10.000000	13.000000	0.756766	0.756766	0.644904	0	0	1	1	157	1165827
1444478527	33	33	33	36	5	3	0	4	2	5	1	0	0	0	0	4.938315	0.524677	0.526103	0.520400	1.741465	10.000000	13.000000	0.770166	0.658195	0.583549	0	0	1	1	157	1167437
1444478528	38	27	29	33	3	2	0	0	1	5	0	0	0	0	0	4.941538	0.521826	0.524677	0.520400	1.742271	10.000000	13.000000	0.723931	0.798530	0.723931	0	0	1	1	157	1167451
1444478529	32	32	34	26	6	1	1	4	2	1	0	0	0	0	0	4.939927	0.521826	0.524677	0.520400	1.742271	10.000000	13.000000	0.728385	0.803008	0.653762	0	0	1	1	157	1167454
1444478530	28	31	30	41	3	3	3	2	3	5	0	1	0	0	0	4.941538	0.523252	0.524677	0.514697	1.741465	10.000000	13.000000	0.910427	0.798530	0.649333	0	0	1	1	157	1164732
1444478532	37	38	31	29	6	4	3	4	8	0	0	1	0	0	0	4.939927	0.523252	0.524677	0.518974	1.743077	10.000000	13.000000	0.728385	0.803008	0.691074	0	0	1	1	157	1167436
1444478533	32	33	32	41	6	3	4	4	6	5	1	1	1	0	0	4.941538	0.523252	0.526103	0.520400	1.743883	10.000000	13.000000	0.723931	0.761231	0.649333	0	0	1	1	157	1167455
1444478534	31	43	36	34	2	2	1	2	5	4	0	0	0	0	0	4.943151	0.517549	0.520400	0.523252	1.743883	10.000000	13.000000	0.756766	0.794054	0.682191	0	0	1	1	157	1164674
1444478535	26	31	44	36	3	3	1	2	4	6	1	1	1	2	1	4.944762	0.523252	0.524677	0.520400	1.743883	10.000000	13.000000	0.752306	0.715030	0.677756	0	0	1	1	157	1167437
1444478536	40	37	33	41	4	4	4	3	7	2	0	0	1	0	0	4.939927	0.523252	0.526103	0.520400	1.743077	10.000000	13.000000	0.765698	0.803008	0.728385	0	0	1	1	157	1167451
1444478538	50	34	41	31	1	6	4	3	3	5	0	0	0	0	0	4.938315	0.523252	0.524677	0.520400	1.743077	10.000000	13.000000	0.732842	0.807490	0.695518	0	0	1	1	157	1165846
1444478539	41	46	35	39	9	4	2	4	5	2	0	2	0	0	0	4.939927	0.523252	0.526103	0.520400	1.744689	10.250000	13.000000	0.616451	0.765698	0.616451	0	0	1	1	157	1167446
1444478540	28	42	39	32	3	2	1	2	4	4	0	0	0	1	0	4.941538	0.523252	0.524677	0.521826	1.744689	10.250000	13.000000	0.761231	0.761231	0.649333	0	0	1	1	157	1167461
1444478541	42	33	33	26	3	5	0	1	5	5	0	0	0	0	0	4.943151	0.523252	0.524677	0.520400	1.745495	10.250000	13.000000	0.756766	0.794054	0.682191	0	0	1	1	157	1164696
1444478542	36	35	35	45	5	2	3	3	5	7	0	0	0	1	0	4.941538	0.523252	0.523252	0.517549	1.746300	10.250000	13.000000	0.761231	0.798530	0.686632	0	0	1	1	157	1167447
1444478544	25	38	38	40	3	1	4	3	2	9	0	0	0	0	0	4.939927	0.523252	0.523252	0.518974	1.745495	10.250000	13.000000	0.728385	0.803008	0.728385	0	0	1	1	157	1167461
1444478545	30	41	33	37	2	0	0	4	5	4	0	0	0	0	0	4.941538	0.523252	0.526103	0.520400	1.746300	10.250000	13.000000	0.761231	0.798530	0.649333	0	0	1	1	157	1167461
1444478546	31	37	36	39	4	2	3	3	6	5	0	0	0	1	0	4.943151	0.521826	0.526103	0.520400	1.746300	10.250000	13.000000	0.719479	0.794054	0.533044	0	0	1	1	157	1175102
1444478547	30	37	35	36	4	1	1	4	2	4	0	0	0	1	0	4.941538	0.523252	0.524677	0.520400	1.747106	10.250000	13.000000	0.761231	0.761231	0.686632	0	0	1	1	157	1167446
1444478548	44	39	26	38	6	3	2	1	4	6	1	0	0	0	0	4.939927	0.523252	0.526103	0.520400	1.746300	10.250000	13.000000	0.765698	0.803008	0.691074	0	0	1	1	157	1151493
1444478550	36	30	35	27	6	2	2	0	4	5	0	2	0	0	0	4.943151	0.523252	0.526103	0.520400	1.747106	10.250000	13.000000	0.756766	0.794054	0.682191	0	0	1	1	157	1165856
1444478551	38	34	33	42	4	3	5	5	5	5	0	1	0	0	0	4.941538	0.523252	0.524677	0.518974	1.746300	10.250000	13.000000	0.761231	0.798530	0.686632	0	0	1	1	157	1167434
1444478552	38	39	41	26	6	3	3	9	2	6	1	1	2	2	1	4.939927	0.521826	0.524677	0.520400	1.747912	10.250000	13.000000	0.765698	0.803008	0.691074	0	0	1	1	157	1167452
1444478553	49	31	37	38	4	3	4	3	3	8	0	0	1	0	0	4.941538	0.521826	0.523252	0.520400	1.747912	10.250000	13.000000	0.723931	0.761231	0.686632	0	0	1	1	157	1164698
1444478554	34	30	37	36	2	2	3	5	5	5	0	1	0	1	0	4.941538	0.520400	0.523252	0.520400	1.747912	10.250000	13.000000	0.723931	0.761231	0.686632	0	0	1	1	157	1167437
1444478556	40	35	39	45	6	1	8	1	5	8	0	1	1	0	0	4.941538	0.523252	0.524677	0.520400	1.749524	10.250000	13.000000	0.761231	0.798530	0.686632	0	0	1	1	157	1167451
1444478557	51	41	33	44	6	0	5	4	7	2	0	0	0	0	0	4.936703	0.523252	0.524677	0.520400	1.747912	10.250000	13.000000	0.737302	0.811974	0.699966	0	0	1	1	157	1164676
1444478558	36	31	23	36	6	1	1	0	1	3	0	0	0	0	0	4.941538	0.523252	0.524677	0.520400	1.749524	10.250000	13.000000	0.574735	0.723931	0.574735	0	0	1	1	157	1167436
1444478559	39	33	39	23	4	2	3	0	3	2	0	1	1	0	0	4.943151	0.523252	0.524677	0.520400	1.749524	10.250000	13.000000	0.756766	0.794054	0.682191	0	0	1	1	157	1167452
1444478560	28	39	34	20	2	1	1	5	3	1	0	1	0	0	0	4.939927	0.523252	0.523252	0.520400	1.749524	10.250000	13.000000	0.765698	0.765698	0.691074	0	0	1	1	157	1167454
1444478562	43	38	46	36	5	2	2	5	1	3	0	0	0	0	0	4.939927	0.523252	0.526103	0.521826	1.750330	10.250000	13.000000	0.765698	0.803008	0.691074	0	0	1	1	157	1165839
1444478563	33	35	28	35	2	1	2	3	3	5	0	0	0	0	0	4.941538	0.523252	0.526103	0.520400	1.751136	10.250000	13.000000	0.761231	0.798530	0.612034	0	0	1	1	157	1167447
1444478564	35	27	29	37	4	2	2	1	2	4	0	0	0	0	0	4.943151	0.526103	0.524677	0.520400	1.751136	10.250000	13.000000	0.794054	0.794054	0.682191	0	0	1	1	157	1167461
1444478565	40	35	39	32	4	3	2	2	2	8	1	0	1	0	0	4.935091	0.527529	0.524677	0.520400	1.749524	10.250000	13.000000	0.816462	0.779113	0.704417	0	0	1	1	157	1164683
1444478566	36	38	36	45	5	1	3	1	2	6	0	0	0	0	0	4.941538	0.526103	0.523252	0.520400	1.751136	10.250000	13.000000	0.761231	0.761231	0.649333	0	0	1	1	157	1167446
1444478568	32	36	31	33	4	3	2	1	3	5	0	0	0	0	0	4.943151	0.523252	0.526103	0.520400	1.751941	10.250000	13.000000	0.719479	0.756766	0.644904	0	0	1	1	157	1167461
1444478569	35	28	27	28	3	0	2	2	4	4	0	0	0	0	0	4.938315	0.526103	0.524677	0.520400	1.751941	10.250000	13.000000	0.844813	0.770166	0.658195	0	0	1	1	157	1164708
1444478570	27	31	43	37	3	2	2	5	3	9	0	0	0	0	0	4.939927	0.520400	0.523252	0.518974	1.751941	10.250000	13.000000	0.653762	0.579140	0.579140	0	0	1	1	157	1167446
1444478571	27	35	28	42	5	3	4	3	2	3	1	0	1	0	0	4.939927	0.523252	0.526103	0.520400	1.752747	10.250000	13.000000	0.765698	0.803008	0.579140	0	0	1	1	157	1167461
1444478572	39	30	48	33	5	6	2	4	2	5	1	0	0	0	0	4.939927	0.526103	0.526103	0.520400	1.752747	10.250000	13.000000	0.803008	0.765698	0.653762	0	0	1	1	157	1164675
1444478574	45	29	37	34	5	7	5	1	4	4	0	2	0	0	0	4.935091	0.524677	0.523252	0.520400	1.751136	10.250000	13.000000	0.853809	0.853809	0.704417	0	0	1	1	157	1168582
1444478575	41	33	40	32	0	1	3	6	3	2	0	0	0	1	0	4.939927	0.526103	0.524677	0.520400	1.753553	10.250000	13.000000	0.691074	0.765698	0.579140	0	0	1	1	157	1167452
1444478576	47	30	25	31	6	2	4	1	3	4	0	2	0	0	0	4.939927	0.524677	0.524677	0.518974	1.753553	10.250000	13.000000	0.840319	0.803008	0.691074	0	0	1	1	157	1167452
1444478577	23	31	31	26	2	4	2	5	3	2	0	0	0	2	0	4.939927	0.524677	0.524677	0.520400	1.754359	10.250000	13.000000	0.803008	0.803008	0.653762	0	0	1	1	157	1164670
1444478578	28	38	32	34	7	1	2	4	4	5	0	1	0	0	0	4.938315	0.528955	0.521826	0.518974	1.753553	10.250000	13.000000	2.001849	0.844813	0.620872	0	0	1	1	157	1167437
1444478580	39	39	46	31	4	3	1	5	4	5	0	0	0	0	0	4.941538	0.523252	0.526103	0.520400	1.753553	10.250000	13.000000	0.761231	0.798530	0.612034	0	0	1	1	157	1167451
1444478581	42	33	28	31	2	0	0	1	3	6	0	0	0	0	0	4.941538	0.526103	0.524677	0.520400	1.755971	10.250000	13.000000	0.798530	0.798530	0.649333	0	0	1	1	157	1164675
1444478582	34	38	35	46	3	1	4	4	10	5	0	1	0	0	0	4.951209	0.523252	0.523252	0.520400	1.755165	10.250000	13.000000	0.808946	0.771721	0.660041	0	0	1	1	157	1167436
1444478583	34	36	33	36	5	2	2	1	2	4	0	0	0	0	0	4.941538	0.526103	0.523252	0.520400	1.755165	10.250000	13.000000	0.835829	0.761231	0.537436	0	0	1	1	158	1167473
1444478584	28	40	40	44	6	2	4	9	5	7	0	1	1	2	0	4.939927	0.523252	0.524677	0.521826	1.755165	10.250000	13.000000	0.765698	0.765698	0.691074	0	0	1	1	157	1164675
1444478586	34	30	40	49	5	2	2	5	6	5	1	1	0	2	0	4.943151	0.523252	0.524677	0.521826	1.755971	10.250000	13.000000	0.756766	0.719479	0.644904	0	0	1	1	157	1168592
1444478587	40	33	31	43	5	3	2	2	5	5	0	1	0	1	0	4.941538	0.523252	0.523252	0.517549	1.755165	10.250000	13.000000	27.206461	0.761231	0.462836	0	0	1	1	157	1167461
1444478588	30	28	30	28	4	0	3	0	4	6	0	1	0	0	0	4.939927	0.526103	0.524677	0.520400	1.755971	10.250000	13.000000	0.803008	0.840319	0.616451	0	0	1	1	158	1167482
1444478589	41	43	29	34	8	1	0	1	4	7	1	0	0	0	0	4.941538	0.526103	0.524677	0.520400	1.757583	10.500000	13.000000	0.835829	0.798530	0.686632	0	0	1	1	157	1164676
1444478590	43	36	30	25	4	1	1	2	2	5	0	0	0	0	0	4.944762	0.526103	0.521826	0.518974	1.757583	10.250000	13.000000	0.789581	0.752306	0.677756	0	0	1	1	157	1167447
1444478592	29	32	27	31	3	0	4	0	5	6	0	0	0	0	0	4.941538	0.526103	0.524677	0.520400	1.757583	10.500000	13.000000	0.835829	0.798530	0.612034	0	0	1	1	157	1167461
1444478593	16	38	27	46	1	1	0	3	7	3	0	0	0	1	0	4.939927	0.526103	0.523252	0.520400	1.756777	10.500000	13.000000	0.840319	0.803008	0.691074	0	0	1	1	157	1164687
1444478594	26	42	33	26	4	0	2	4	1	3	0	0	0	0	0	4.943151	0.526103	0.526103	0.521826	1.758388	10.500000	13.000000	0.794054	0.756766	0.682191	0	0	1	1	157	1167446
1444478595	39	37	25	35	5	0	3	2	6	1	0	0	0	0	0	4.943151	0.523252	0.521826	0.523252	1.759194	10.500000	13.000000	0.719479	0.831341	0.719479	0	0	1	1	157	1167458
1444478596	42	38	37	35	4	3	5	5	6	7	2	1	1	3	1	4.938315	0.526103	0.524677	0.520400	1.758388	10.500000	13.500000	0.844813	0.807490	0.695518	0	0	1	1	157	1164723
1444478598	30	35	40	40	6	2	1	3	3	7	0	0	1	0	0	4.939927	0.523252	0.524677	0.520400	1.759194	10.500000	13.500000	0.765698	0.803008	0.691074	0	0	1	1	157	1168690
1444478599	39	36	29	41	5	0	2	2	2	3	0	0	0	1	0	4.941538	0.523252	0.526103	0.518974	1.759194	10.500000	13.500000	0.761231	0.835829	0.723931	0	0	1	1	157	1167452
1444478600	31	39	42	29	2	4	4	4	3	4	0	0	1	0	0	4.941538	0.524677	0.524677	0.520400	1.759194	10.500000	13.000000	0.761231	0.723931	0.686632	0	0	1	1	157	1164707
