time	cnt1	cnt2	cnt3	cnt4	1&2	1&3	1&4	2&3	2&4	3&4	1&2&3	1&2&4	1&3&4	2&3&4	1&2&3&4	adcr	adcp1	adcp2	adcp3	adcntc	ntcT	digT	p1	p2	p3	hvstate	pbsstate	ethstate	listpbs	sdstate	looptime
1444478601	33	32	37	41	2	2	2	2	4	5	0	0	1	1	0	4.941538	0.526103	0.524677	0.523252	1.759194	10.500000	13.500000	0.835829	0.761231	0.686632	0	0	1	1	157	1167437
1444478602	31	31	46	22	2	6	2	2	2	4	0	0	2	0	0	4.941538	0.526103	0.524677	0.518974	1.760806	10.500000	13.500000	0.835829	0.835829	0.649333	0	0	1	1	157	1219515
1444478604	31	29	34	33	4	2	1	4	4	3	0	0	0	2	0	4.939927	0.523252	0.523252	0.517549	1.759194	10.500000	13.500000	0.728385	0.616451	0.579140	0	0	1	1	157	1167437
1444478605	29	35	35	28	2	1	0	2	5	3	0	0	0	0	0	4.943151	0.524677	0.524677	0.521826	1.760806	10.500000	13.500000	0.794054	0.794054	0.644904	0	0	1	1	157	1201414
1444478606	39	38	40	40	5	3	3	2	8	7	0	0	0	2	0	4.941538	0.526103	0.524677	0.520400	1.761612	10.500000	13.500000	0.835829	0.761231	0.686632	0	0	1	1	157	1167440
1444478607	34	31	46	40	6	1	0	1	3	6	0	0	0	0	0	4.941538	0.521826	0.526103	0.520400	1.760806	10.500000	13.500000	0.723931	0.798530	0.686632	0	0	1	1	157	1167451
1444478609	34	37	43	40	6	2	0	4	3	6	1	0	0	0	0	4.939927	0.523252	0.523252	0.520400	1.761612	10.500000	13.500000	0.765698	0.803008	0.691074	0	0	1	1	157	1170156
1444478610	39	31	35	46	7	4	6	3	8	4	1	3	1	2	1	4.939927	0.526103	0.523252	0.520400	1.762418	10.500000	13.500000	0.765698	0.765698	0.728385	0	0	1	1	157	1168696
1444478611	37	36	40	38	6	2	6	2	5	3	0	3	0	0	0	4.936703	0.526103	0.524677	0.520400	1.760806	10.500000	13.500000	0.811974	0.849310	0.699966	0	0	1	1	157	1167462
1444478612	42	34	42	37	7	3	3	4	4	6	1	0	0	1	0	4.939927	0.523252	0.526103	0.520400	1.763224	10.500000	13.500000	0.765698	0.691074	0.803008	0	0	1	1	157	1164684
1444478613	35	26	27	33	4	3	1	3	3	2	0	0	1	0	0	4.943151	0.526103	0.524677	0.520400	1.762418	10.500000	13.500000	0.831341	0.756766	0.682191	0	0	1	1	157	1167447
1444478615	40	48	33	34	8	3	6	1	1	4	1	0	1	0	0	4.939927	0.526103	0.524677	0.518974	1.763224	10.500000	13.500000	0.803008	0.803008	0.653762	0	0	1	1	157	1167464
1444478616	38	32	39	45	3	3	4	3	5	8	1	0	0	0	0	4.941538	0.526103	0.523252	0.514697	1.763224	10.500000	13.500000	0.835829	0.761231	0.686632	0	0	1	1	157	1164694
1444478617	32	41	38	26	2	3	5	5	1	2	1	0	0	0	0	4.939927	0.523252	0.523252	0.518974	1.764029	10.500000	13.500000	0.765698	0.765698	0.653762	0	0	1	1	157	1167446
1444478618	37	32	33	41	2	1	2	2	6	3	0	1	0	0	0	4.943151	0.524677	0.524677	0.521826	1.764029	10.500000	13.500000	0.794054	0.794054	0.644904	0	0	1	1	157	1167474
1444478619	38	37	31	39	5	2	3	2	6	6	0	0	1	1	0	4.939927	0.524677	0.524677	0.520400	1.764029	10.500000	13.500000	0.803008	0.765698	0.653762	0	0	1	1	157	1167461
1444478621	32	41	38	33	5	2	2	4	2	5	0	0	1	0	0	4.939927	0.526103	0.518974	0.513271	1.764835	10.500000	13.500000	0.765698	0.803008	0.653762	0	0	1	1	157	1164678
1444478622	36	39	37	40	8	0	3	3	3	3	0	0	0	0	0	4.941538	0.526103	0.526103	0.520400	1.764835	10.500000	13.500000	0.798530	0.723931	0.649333	0	0	1	1	157	1168687
1444478623	30	22	26	28	0	3	3	2	0	4	0	0	0	0	0	4.939927	0.526103	0.523252	0.518974	1.764835	10.500000	13.500000	0.803008	0.765698	0.653762	0	0	1	1	157	1167451
1444478624	33	28	37	31	3	2	3	3	4	4	1	1	1	1	1	4.944762	0.524677	0.524677	0.520400	1.765641	10.500000	13.500000	0.826856	0.752306	0.677756	0	0	1	1	157	1164689
1444478625	40	39	30	36	2	1	2	0	6	4	0	1	0	0	0	4.943151	0.526103	0.524677	0.518974	1.764029	10.500000	13.500000	0.756766	0.756766	0.644904	0	0	1	1	157	1167434
1444478627	31	28	23	30	2	2	3	1	2	3	0	0	1	0	0	4.941538	0.524677	0.526103	0.520400	1.767253	10.500000	13.500000	0.761231	0.835829	0.686632	0	0	1	1	157	1167452
1444478628	37	31	34	42	7	1	2	2	0	4	0	0	0	0	0	4.941538	0.524677	0.524677	0.523252	1.766447	10.500000	13.500000	0.835829	0.761231	0.723931	0	0	1	1	157	1164684
1444478629	36	27	28	21	0	3	2	3	3	3	0	0	0	1	0	4.944762	0.520400	0.524677	0.523252	1.768059	10.500000	13.500000	0.752306	0.752306	0.715030	0	0	1	1	157	1167437
1444478630	18	21	27	30	0	1	1	5	1	1	0	0	0	0	0	4.941538	0.526103	0.523252	0.523252	1.767253	10.500000	13.500000	0.761231	0.835829	0.723931	0	0	1	1	157	1167451
1444478631	31	36	38	40	3	2	2	1	5	3	1	1	1	1	1	4.941538	0.523252	0.526103	0.523252	1.766447	10.500000	13.500000	0.761231	0.798530	0.761231	0	0	1	1	157	1164686
1444478633	32	39	36	35	2	1	2	4	0	5	0	0	0	0	0	4.939927	0.526103	0.524677	0.523252	1.766447	10.500000	13.500000	0.840319	0.803008	0.728385	0	0	1	1	157	1167437
1444478634	21	33	26	33	3	0	1	2	4	6	0	0	0	0	0	4.939927	0.524677	0.524677	0.523252	1.767253	10.500000	13.500000	0.840319	0.765698	0.728385	0	0	1	1	157	1168606
1444478635	29	32	38	36	2	1	3	2	3	4	0	0	1	0	0	4.941538	0.524677	0.523252	0.523252	1.768059	10.500000	13.500000	0.798530	0.761231	0.723931	0	0	1	1	157	1167461
1444478636	39	30	31	25	5	4	1	1	3	3	0	1	0	0	0	4.941538	0.524677	0.523252	0.523252	1.768865	10.500000	13.500000	0.798530	0.798530	0.723931	0	0	1	1	157	1164695
1444478637	33	32	36	25	4	2	2	0	4	4	0	0	0	0	0	4.941538	0.526103	0.524677	0.523252	1.769670	10.750000	13.500000	0.761231	0.761231	0.649333	0	0	1	1	157	1167446
1444478639	33	39	33	29	8	0	1	0	3	7	0	1	0	0	0	4.941538	0.526103	0.524677	0.523252	1.769670	10.750000	13.500000	0.835829	0.798530	0.761231	0	0	1	1	157	1167461
1444478640	38	40	33	30	4	2	1	2	4	5	0	0	0	0	0	4.941538	0.526103	0.523252	0.521826	1.769670	10.750000	13.500000	0.798530	0.798530	0.686632	0	0	1	1	157	1176716
1444478641	34	43	32	32	10	3	2	6	2	5	1	1	0	0	0	4.939927	0.521826	0.523252	0.520400	1.769670	10.750000	13.500000	0.765698	0.803008	0.691074	0	0	1	1	157	1167447
1444478642	37	37	42	43	4	3	3	2	4	9	0	0	1	1	0	4.941538	0.527529	0.527529	0.518974	1.768865	10.500000	13.500000	0.835829	0.835829	0.686632	0	0	1	1	158	1167482
1444478643	43	43	34	39	3	3	5	1	6	8	0	0	0	0	0	4.941538	0.526103	0.523252	0.520400	1.770476	10.750000	13.500000	0.798530	0.798530	0.686632	0	0	1	1	157	1164675
1444478645	26	33	28	28	5	1	2	4	1	6	1	0	0	0	0	4.939927	0.526103	0.524677	0.520400	1.770476	10.750000	13.500000	0.840319	0.765698	0.653762	0	0	1	1	157	1167444
1444478646	37	36	30	38	4	3	4	3	5	4	0	0	1	0	0	4.941538	0.526103	0.524677	0.520400	1.771282	10.750000	13.500000	0.798530	0.798530	0.686632	0	0	1	1	157	1168597
1444478647	42	31	35	36	8	5	4	3	4	5	0	1	1	0	0	4.941538	0.523252	0.520400	0.520400	1.771282	10.750000	13.500000	0.761231	0.798530	0.686632	0	0	1	1	157	1164681
1444478648	29	36	35	27	2	4	0	2	3	2	1	0	0	0	0	4.941538	0.524677	0.523252	0.520400	1.772088	10.750000	13.500000	0.835829	0.798530	0.686632	0	0	1	1	157	1167436
1444478649	32	40	34	29	4	2	1	3	4	4	0	1	0	0	0	4.941538	0.526103	0.523252	0.520400	1.772088	10.750000	13.500000	0.798530	0.798530	0.723931	0	0	1	1	157	1167452
1444478651	34	31	27	22	4	3	0	4	2	2	0	0	0	0	0	4.939927	0.520400	0.520400	0.524677	1.772088	10.750000	13.500000	0.765698	0.803008	0.691074	0	0	1	1	157	1167452
1444478652	33	28	45	38	3	4	1	2	2	10	0	0	0	0	0	4.941538	0.524677	0.526103	0.520400	1.772894	10.750000	13.500000	0.835829	0.761231	0.649333	0	0	1	1	157	1164672
1444478653	23	38	28	33	1	3	1	2	4	5	0	0	0	0	0	4.938315	0.526103	0.524677	0.520400	1.772894	10.750000	13.500000	0.770166	0.807490	0.695518	0	0	1	1	158	1167461
1444478654	38	35	33	32	7	3	1	1	3	6	1	1	0	0	0	4.938315	0.526103	0.523252	0.520400	1.772894	10.750000	13.500000	0.807490	0.807490	0.695518	0	0	1	1	157	1167446
1444478655	40	34	39	27	5	2	3	2	3	5	0	0	0	1	0	4.939927	0.524677	0.523252	0.521826	1.773700	10.750000	13.500000	0.765698	0.803008	0.691074	0	0	1	1	157	1164678
1444478657	40	21	37	25	3	2	1	2	3	1	1	0	0	0	0	4.938315	0.526103	0.526103	0.520400	1.773700	10.750000	13.500000	0.844813	0.770166	0.695518	0	0	1	1	157	1167439
1444478658	27	35	39	37	2	0	0	6	3	6	0	0	0	0	0	4.943151	0.524677	0.526103	0.520400	1.774506	10.750000	13.500000	0.794054	0.794054	0.682191	0	0	1	1	157	1168607
1444478659	39	27	39	33	4	4	3	2	4	6	0	0	0	1	0	4.943151	0.524677	0.524677	0.523252	1.774506	10.750000	13.500000	0.831341	0.756766	0.756766	0	0	1	1	157	1164685
1444478660	30	38	37	32	3	5	4	2	1	3	0	0	1	0	0	4.941538	0.526103	0.524677	0.523252	1.775311	10.750000	13.500000	0.798530	0.798530	0.761231	0	0	1	1	157	1167446
1444478661	35	40	37	22	7	1	0	1	2	8	0	0	0	0	0	4.941538	0.526103	0.526103	0.520400	1.775311	10.750000	13.500000	0.761231	0.835829	0.686632	0	0	1	1	157	1167464
1444478663	43	27	37	38	4	3	2	2	2	6	0	0	1	0	0	4.943151	0.526103	0.524677	0.523252	1.775311	10.750000	13.500000	0.756766	0.756766	0.719479	0	0	1	1	157	1167461
1444478664	27	37	38	37	2	2	3	4	4	9	0	0	0	0	0	4.939927	0.524677	0.526103	0.520400	1.776117	10.750000	13.500000	0.803008	0.840319	0.728385	0	0	1	1	157	1164674
1444478665	39	25	22	38	3	2	3	2	3	5	1	0	0	0	0	4.939927	0.526103	0.524677	0.520400	1.776117	10.750000	13.500000	0.840319	0.765698	0.653762	0	0	1	1	157	1167449
1444478666	28	36	31	30	4	2	1	3	3	4	1	0	0	0	0	4.941538	0.526103	0.523252	0.523252	1.776117	10.750000	13.500000	0.761231	0.761231	0.723931	0	0	1	1	157	1167461
1444478667	34	43	38	43	4	3	2	2	5	10	0	0	1	0	0	4.943151	0.523252	0.524677	0.523252	1.777729	10.750000	13.500000	0.794054	0.682191	0.719479	0	0	1	1	157	1164664
1444478669	32	33	32	46	3	1	7	4	5	5	0	3	0	1	0	4.938315	0.521826	0.523252	0.521826	1.776117	10.750000	13.500000	0.770166	0.770166	0.770166	0	0	1	1	158	1167463
1444478670	36	25	27	28	5	2	1	2	0	7	0	0	0	0	0	4.939927	0.524677	0.524677	0.523252	1.777729	10.750000	13.500000	0.803008	0.803008	0.765698	0	0	1	1	157	1168595
1444478671	41	48	34	35	9	3	4	1	5	4	0	0	0	0	0	4.943151	0.526103	0.524677	0.516123	1.775311	10.750000	13.500000	0.905915	0.756766	0.682191	0	0	1	1	157	1164683
1444478672	30	40	39	32	9	3	2	3	0	6	1	0	0	0	0	4.941538	0.523252	0.524677	0.523252	1.778535	10.750000	13.500000	0.723931	0.798530	0.761231	0	0	1	1	157	1167437
1444478673	49	31	27	27	4	3	8	2	3	2	0	1	0	0	0	4.939927	0.524677	0.524677	0.521826	1.777729	10.750000	13.500000	0.803008	0.765698	0.728385	0	0	1	1	157	1167454
1444478675	36	47	41	32	3	2	2	3	5	4	0	1	0	1	0	4.943151	0.523252	0.523252	0.523252	1.778535	10.750000	13.500000	0.794054	0.794054	0.719479	0	0	1	1	157	1164673
1444478676	32	37	33	31	4	1	1	3	2	4	0	0	0	0	0	4.941538	0.526103	0.523252	0.523252	1.777729	10.750000	13.500000	0.835829	0.686632	0.761231	0	0	1	1	157	1167437
1444478677	27	32	40	40	4	1	2	1	4	10	0	0	1	0	0	4.941538	0.526103	0.523252	0.523252	1.779341	10.750000	13.500000	0.835829	0.798530	0.723931	0	0	1	1	157	1167451
1444478678	38	30	39	34	3	3	3	1	1	5	0	0	1	0	0	4.941538	0.526103	0.523252	0.521826	1.779341	10.750000	13.500000	0.798530	0.798530	0.723931	0	0	1	1	158	1167472
1444478679	35	28	36	35	3	0	0	3	2	6	0	0	0	0	0	4.941538	0.526103	0.524677	0.521826	1.780952	10.750000	13.500000	0.835829	0.761231	0.761231	0	0	1	1	157	1164683
1444478681	35	30	35	29	1	5	1	5	2	2	0	0	1	0	0	4.939927	0.526103	0.523252	0.523252	1.779341	10.750000	13.500000	0.803008	0.803008	0.728385	0	0	1	1	157	1167437
1444478682	31	28	36	41	5	4	5	4	4	7	1	2	1	1	1	4.939927	0.524677	0.524677	0.523252	1.779341	10.750000	13.500000	0.840319	0.765698	0.728385	0	0	1	1	157	1168609
1444478683	32	39	38	40	3	1	3	2	5	8	0	0	0	1	0	4.941538	0.520400	0.520400	0.526103	1.780952	10.750000	13.500000	0.835829	0.761231	0.761231	0	0	1	1	157	1164679
1444478684	41	30	32	35	6	3	1	1	3	6	2	1	0	0	0	4.939927	0.523252	0.524677	0.521826	1.781758	11.000000	13.500000	0.765698	0.803008	0.765698	0	0	1	1	157	1167446
1444478685	40	37	27	37	3	5	4	3	5	2	1	0	2	1	0	4.941538	0.526103	0.526103	0.521826	1.780952	10.750000	13.500000	0.798530	0.798530	0.723931	0	0	1	1	157	1167461
1444478687	35	29	41	37	3	2	1	2	0	9	0	0	0	0	0	4.939927	0.524677	0.524677	0.523252	1.780147	10.750000	13.500000	0.803008	0.803008	0.765698	0	0	1	1	157	1164690
1444478688	31	35	35	35	5	1	1	0	4	5	0	0	0	0	0	4.941538	0.526103	0.526103	0.523252	1.781758	11.000000	13.500000	0.835829	0.798530	0.723931	0	0	1	1	157	1167443
1444478689	35	27	35	22	5	0	4	1	3	5	0	1	0	0	0	4.943151	0.526103	0.523252	0.523252	1.781758	10.750000	13.500000	0.794054	0.794054	0.756766	0	0	1	1	157	1167461
1444478690	33	44	40	43	2	5	6	4	6	4	1	1	1	1	1	4.943151	0.523252	0.524677	0.523252	1.782564	11.000000	13.500000	0.794054	0.794054	0.756766	0	0	1	1	157	1176409
1444478691	29	27	28	28	3	2	2	0	0	4	0	1	0	0	0	4.943151	0.526103	0.524677	0.521826	1.782564	11.000000	13.500000	0.756766	0.756766	0.719479	0	0	1	1	157	1167447
1444478693	31	28	45	48	2	2	4	0	3	9	0	0	0	0	0	4.941538	0.526103	0.521826	0.523252	1.782564	11.000000	13.500000	0.798530	0.798530	0.761231	0	0	1	1	157	1167456
1444478694	44	49	32	32	5	4	4	3	5	6	0	1	0	0	0	4.941538	0.523252	0.524677	0.523252	1.783370	11.000000	13.500000	0.761231	0.798530	0.686632	0	0	1	1	157	1168597
1444478695	40	32	35	31	3	2	0	0	3	1	1	0	0	0	0	4.943151	0.526103	0.523252	0.523252	1.783370	11.000000	13.500000	0.831341	0.794054	0.756766	0	0	1	1	157	1164683
1444478696	28	38	44	31	2	2	1	3	3	5	0	0	0	0	0	4.939927	0.526103	0.524677	0.523252	1.784176	11.000000	13.500000	0.840319	0.765698	0.728385	0	0	1	1	157	1167433
1444478697	31	31	41	37	4	1	2	3	4	6	0	1	0	0	0	4.939927	0.524677	0.526103	0.521826	1.784176	11.000000	13.500000	0.840319	0.803008	0.765698	0	0	1	1	157	1167451
1444478699	41	35	32	40	6	1	5	6	3	7	0	2	0	1	0	4.943151	0.524677	0.526103	0.523252	1.784982	11.000000	13.500000	0.794054	0.794054	0.719479	0	0	1	1	157	1164682
1444478700	32	36	49	29	5	0	0	4	2	6	0	0	0	0	0	4.941538	0.524677	0.526103	0.523252	1.784982	11.000000	13.500000	0.835829	0.649333	0.873128	0	0	1	1	157	1167437
1444478701	32	34	31	37	2	3	2	1	1	6	0	0	1	1	0	4.941538	0.524677	0.524677	0.523252	1.784982	11.000000	13.500000	0.761231	0.723931	0.723931	0	0	1	1	157	1167451
1444478702	39	44	36	39	7	3	2	1	6	3	0	0	0	0	0	4.939927	0.526103	0.524677	0.523252	1.785788	11.000000	13.500000	0.840319	0.765698	0.765698	0	0	1	1	157	1164690
1444478703	29	37	30	52	1	0	3	4	5	3	0	1	0	1	0	4.941538	0.526103	0.524677	0.523252	1.785788	11.000000	13.500000	0.761231	0.723931	0.761231	0	0	1	1	157	1167437
1444478705	31	31	39	46	1	1	2	2	5	5	0	1	0	0	0	4.943151	0.523252	0.526103	0.521826	1.785788	11.000000	13.500000	0.756766	0.644904	0.644904	0	0	1	1	157	1167451
1444478706	42	20	31	27	5	1	1	1	4	5	0	0	0	0	0	4.944762	0.526103	0.521826	0.520400	1.786593	11.000000	13.500000	0.826856	0.789581	0.752306	0	0	1	1	157	1176117
1444478707	35	36	37	40	1	2	4	3	4	8	0	0	0	0	0	4.941538	0.526103	0.524677	0.523252	1.786593	11.000000	14.000000	0.798530	0.723931	0.723931	0	0	1	1	157	1167441
1444478708	39	35	27	34	5	2	1	2	3	4	0	1	0	0	0	4.943151	0.526103	0.526103	0.523252	1.787399	11.000000	14.000000	0.794054	0.794054	0.756766	0	0	1	1	157	1167461
1444478709	37	27	33	35	6	1	1	1	1	1	0	0	0	0	0	4.943151	0.524677	0.524677	0.521826	1.787399	11.000000	14.000000	0.756766	0.756766	0.719479	0	0	1	1	157	1167461
1444478711	28	37	34	38	1	1	4	1	3	6	0	0	0	0	0	4.939927	0.526103	0.521826	0.518974	1.787399	11.000000	14.000000	0.803008	0.803008	0.765698	0	0	1	1	157	1164683
1444478712	33	38	37	27	5	2	4	5	5	3	0	1	1	0	0	4.941538	0.524677	0.524677	0.523252	1.787399	11.000000	14.000000	0.835829	0.798530	0.723931	0	0	1	1	157	1167447
1444478713	37	34	28	45	1	4	1	5	3	4	0	1	0	0	0	4.943151	0.526103	0.524677	0.523252	1.788205	11.000000	14.000000	0.794054	0.794054	0.756766	0	0	1	1	157	1167461
1444478714	35	30	28	36	1	3	2	2	7	3	0	0	0	1	0	4.941538	0.517549	0.523252	0.521826	1.788205	11.000000	14.000000	1.992111	0.761231	0.686632	0	0	1	1	157	1164689
1444478715	34	32	36	33	2	2	0	2	3	5	0	0	0	0	0	4.939927	0.524677	0.524677	0.521826	1.788205	11.000000	14.000000	0.803008	0.803008	0.728385	0	0	1	1	157	1167446
1444478717	33	29	25	34	7	0	2	2	1	2	0	0	0	0	0	4.941538	0.526103	0.524677	0.523252	1.789011	11.000000	14.000000	0.798530	0.798530	0.723931	0	0	1	1	157	1167483
1444478718	31	31	34	34	1	0	3	3	2	5	0	0	0	0	0	4.938315	0.526103	0.523252	0.520400	1.789011	11.000000	14.000000	0.844813	0.844813	0.770166	0	0	1	1	157	1165847
1444478719	30	27	26	30	4	0	3	2	4	4	0	0	0	1	0	4.941538	0.526103	0.524677	0.518974	1.789817	11.000000	14.000000	0.761231	0.798530	0.686632	0	0	1	1	157	1167434
1444478720	37	40	31	40	3	3	1	2	4	3	1	0	0	0	0	4.943151	0.526103	0.524677	0.523252	1.790623	11.000000	14.000000	0.831341	0.794054	0.756766	0	0	1	1	157	1167451
1444478721	27	39	31	42	6	0	6	3	4	6	0	1	0	0	0	4.939927	0.526103	0.524677	0.523252	1.789817	11.000000	14.000000	0.840319	0.803008	0.728385	0	0	1	1	157	1164700
1444478723	32	32	26	36	1	6	3	1	4	3	0	0	0	0	0	4.941538	0.521826	0.516123	0.520400	1.789817	11.000000	14.000000	0.761231	0.612034	0.686632	0	0	1	1	157	1167437
1444478724	35	48	46	42	3	2	4	1	5	6	0	0	1	0	0	4.939927	0.524677	0.524677	0.523252	1.790623	11.000000	14.000000	0.803008	0.803008	0.728385	0	0	1	1	157	1167451
1444478725	42	37	24	36	6	5	4	2	6	4	0	0	0	1	0	4.941538	0.524677	0.524677	0.521826	1.791429	11.000000	14.000000	0.798530	0.835829	0.761231	0	0	1	1	157	1167454
1444478726	44	36	26	45	1	3	2	2	1	4	0	0	0	0	0	4.941538	0.523252	0.524677	0.516123	1.789011	11.000000	14.000000	0.947729	0.798530	0.723931	0	0	1	1	157	1164597
1444478727	31	34	47	34	8	6	5	2	3	4	2	2	0	0	0	4.941538	0.524677	0.526103	0.521826	1.792235	11.000000	14.000000	0.798530	0.798530	0.761231	0	0	1	1	157	1167437
1444478729	28	38	33	35	5	0	2	3	3	5	0	0	0	0	0	4.941538	0.526103	0.524677	0.523252	1.791429	11.000000	14.000000	0.798530	0.798530	0.761231	0	0	1	1	157	1167454
1444478730	30	37	35	26	4	1	0	4	1	5	0	0	0	1	0	4.939927	0.526103	0.523252	0.523252	1.792235	11.000000	14.000000	0.765698	0.765698	0.765698	0	0	1	1	157	1165952
1444478731	40	33	39	31	3	1	1	3	3	3	0	0	0	0	0	4.939927	0.520400	0.523252	0.520400	1.792235	11.000000	14.000000	0.616451	0.765698	0.691074	0	0	1	1	157	1167447
1444478732	34	34	29	30	3	0	1	3	4	8	0	0	0	1	0	4.939927	0.526103	0.526103	0.520400	1.793040	11.000000	14.000000	0.840319	0.803008	0.765698	0	0	1	1	157	1167461
1444478733	43	33	39	39	8	5	4	1	2	3	0	1	0	1	0	4.941538	0.526103	0.523252	0.521826	1.793040	11.000000	14.000000	0.835829	0.798530	0.761231	0	0	1	1	157	1164710
1444478735	36	47	30	52	5	3	4	4	11	4	0	0	0	1	0	4.943151	0.526103	0.523252	0.523252	1.794652	11.250000	14.000000	0.644904	0.756766	0.719479	0	0	1	1	157	1167446
1444478736	23	40	34	34	3	0	0	4	2	3	0	0	0	0	0	4.941538	0.526103	0.523252	0.521826	1.793846	11.250000	14.000000	0.835829	0.798530	0.761231	0	0	1	1	158	1167481
1444478737	25	29	39	36	2	1	1	3	4	2	0	0	0	0	0	4.941538	0.526103	0.524677	0.523252	1.794652	11.250000	14.000000	0.835829	0.798530	0.761231	0	0	1	1	157	1164686
1444478738	42	34	44	29	5	2	2	3	3	4	1	0	0	1	0	4.943151	0.526103	0.520400	0.521826	1.794652	11.250000	14.000000	0.794054	0.794054	0.756766	0	0	1	1	157	1167446
1444478739	27	34	30	33	2	2	4	4	4	4	0	0	1	0	0	4.941538	0.526103	0.523252	0.523252	1.794652	11.250000	14.000000	0.798530	0.798530	0.686632	0	0	1	1	157	1167461
1444478741	36	42	19	46	5	2	3	3	8	3	0	0	0	1	0	4.938315	0.526103	0.523252	0.523252	1.794652	11.250000	14.000000	0.807490	0.844813	0.770166	0	0	1	1	157	1167456
1444478742	38	30	35	32	4	2	2	5	4	3	0	0	0	1	0	4.939927	0.526103	0.524677	0.523252	1.795458	11.250000	14.000000	0.803008	0.803008	0.728385	0	0	1	1	157	1165838
1444478743	35	36	30	39	2	1	3	1	10	3	0	0	0	0	0	4.941538	0.524677	0.526103	0.523252	1.796264	11.250000	14.000000	0.761231	0.873128	0.761231	0	0	1	1	157	1167436
1444478744	40	41	40	27	6	1	2	3	4	6	0	0	0	1	0	4.941538	0.526103	0.523252	0.521826	1.796264	11.250000	14.000000	0.798530	0.798530	0.723931	0	0	1	1	158	1167472
1444478745	50	35	28	28	5	3	1	1	0	6	0	0	1	0	0	4.941538	0.526103	0.523252	0.523252	1.796264	11.250000	14.000000	0.798530	0.798530	0.761231	0	0	1	1	157	1164694
1444478747	36	37	27	38	3	2	4	3	6	6	2	1	1	1	1	4.943151	0.518974	0.520400	0.527529	1.796264	11.250000	14.000000	0.756766	0.794054	0.756766	0	0	1	1	157	1167437
1444478748	29	27	38	30	4	2	1	1	3	4	0	0	0	0	0	4.941538	0.526103	0.523252	0.521826	1.797070	11.250000	14.000000	0.798530	0.723931	0.723931	0	0	1	1	157	1167451
1444478749	33	33	35	40	2	1	3	2	9	7	0	1	0	1	0	4.941538	0.526103	0.524677	0.521826	1.797070	11.250000	14.000000	0.798530	0.798530	0.761231	0	0	1	1	157	1164684
1444478750	27	39	37	27	8	1	1	3	2	3	1	0	0	1	0	4.938315	0.526103	0.523252	0.521826	1.797876	11.250000	14.000000	0.807490	0.770166	0.770166	0	0	1	1	157	1167436
1444478751	35	38	42	31	2	1	3	2	5	1	0	1	0	1	0	4.941538	0.526103	0.526103	0.521826	1.796264	11.250000	14.000000	0.798530	0.798530	0.761231	0	0	1	1	157	1167449
1444478753	33	43	40	29	3	2	2	3	3	2	0	0	0	0	0	4.939927	0.526103	0.524677	0.523252	1.797876	11.250000	14.000000	0.803008	0.803008	0.728385	0	0	1	1	157	1164681
1444478754	39	29	44	36	5	3	5	3	3	11	0	1	1	0	0	4.939927	0.523252	0.524677	0.523252	1.797876	11.250000	14.000000	0.803008	0.803008	0.728385	0	0	1	1	157	1168593
1444478755	41	43	37	35	6	4	0	5	3	4	0	0	0	2	0	4.941538	0.526103	0.527529	0.521826	1.797070	11.250000	14.000000	0.835829	0.798530	0.761231	0	0	1	1	158	1167482
1444478756	39	31	30	34	2	3	3	4	2	2	0	0	0	0	0	4.939927	0.524677	0.526103	0.521826	1.799487	11.250000	14.000000	0.765698	0.765698	0.765698	0	0	1	1	157	1167456
1444478757	42	37	41	31	7	5	4	5	5	3	1	0	0	1	0	4.941538	0.526103	0.524677	0.523252	1.798681	11.250000	14.000000	0.798530	0.798530	0.761231	0	0	1	1	157	1164692
1444478759	45	34	38	25	6	3	3	2	4	6	0	0	2	1	0	4.941538	0.524677	0.524677	0.523252	1.799487	11.250000	14.000000	0.798530	0.761231	0.761231	0	0	1	1	157	1167446
1444478760	36	34	41	45	4	4	4	4	3	9	0	0	0	1	0	4.941538	0.523252	0.526103	0.523252	1.799487	11.250000	14.000000	0.873128	0.798530	0.686632	0	0	1	1	157	1167461
1444478761	31	32	32	29	4	1	1	5	1	5	1	0	0	0	0	4.938315	0.524677	0.524677	0.521826	1.800293	11.250000	14.000000	0.807490	0.807490	0.770166	0	0	1	1	157	1164694
1444478762	29	32	34	26	3	2	1	2	2	3	0	0	1	0	0	4.939927	0.526103	0.524677	0.523252	1.801099	11.250000	14.000000	0.840319	0.803008	0.728385	0	0	1	1	157	1167447
1444478763	32	21	33	26	2	1	0	0	4	3	0	0	0	0	0	4.939927	0.523252	0.524677	0.523252	1.801099	11.250000	14.000000	0.765698	0.803008	0.728385	0	0	1	1	157	1167461
1444478765	40	35	22	37	6	0	1	1	8	4	0	0	0	0	0	4.939927	0.526103	0.524677	0.523252	1.800293	11.250000	14.000000	0.840319	0.765698	0.728385	0	0	1	1	157	1164681
1444478766	41	34	34	18	6	1	2	3	4	4	0	0	1	1	0	4.939927	0.523252	0.524677	0.520400	1.801905	11.250000	14.000000	0.803008	0.765698	0.728385	0	0	1	1	157	1168689
1444478767	40	40	34	30	9	1	8	4	4	4	0	4	1	0	0	4.941538	0.526103	0.523252	0.523252	1.801099	11.250000	14.000000	0.798530	0.761231	0.686632	0	0	1	1	157	1167452
1444478768	39	30	32	29	6	3	4	1	2	2	0	0	0	0	0	4.941538	0.524677	0.526103	0.523252	1.801905	11.250000	14.000000	0.761231	0.649333	0.910427	0	0	1	1	157	1167452
1444478769	34	32	36	40	7	5	3	4	7	6	2	2	1	1	1	4.943151	0.526103	0.523252	0.521826	1.802711	11.250000	14.000000	0.794054	0.794054	0.756766	0	0	1	1	157	1164690
1444478771	34	35	43	34	4	3	2	2	7	5	0	0	0	1	0	4.939927	0.524677	0.524677	0.523252	1.802711	11.250000	14.000000	0.803008	0.803008	0.728385	0	0	1	1	157	1167437
1444478772	26	34	36	35	1	0	1	3	4	3	0	0	0	1	0	4.941538	0.526103	0.524677	0.523252	1.802711	11.250000	14.000000	0.723931	0.761231	0.723931	0	0	1	1	157	1167451
1444478773	34	37	28	35	2	2	1	3	3	6	0	0	0	0	0	4.939927	0.523252	0.524677	0.521826	1.803517	11.250000	14.000000	0.803008	0.803008	0.728385	0	0	1	1	157	1164680
1444478774	38	37	32	27	7	1	2	3	2	5	0	0	0	0	0	4.939927	0.524677	0.524677	0.520400	1.803517	11.250000	14.000000	0.840319	0.765698	0.728385	0	0	1	1	157	1167437
1444478775	34	32	36	32	2	0	2	3	2	4	0	1	0	0	0	4.941538	0.526103	0.523252	0.518974	1.804322	11.250000	14.000000	0.798530	0.798530	0.723931	0	0	1	1	157	1167452
1444478777	34	38	37	36	4	3	3	1	5	6	0	0	1	0	0	4.939927	0.524677	0.526103	0.521826	1.803517	11.250000	14.000000	0.840319	0.765698	0.728385	0	0	1	1	157	1164690
1444478778	26	32	26	41	3	1	1	1	0	5	0	0	0	0	0	4.941538	0.526103	0.524677	0.523252	1.804322	11.250000	14.000000	0.835829	0.761231	0.761231	0	0	1	1	157	1168592
1444478779	27	33	40	31	2	1	2	2	4	5	0	0	0	1	0	4.939927	0.526103	0.524677	0.521826	1.805128	11.250000	14.000000	0.803008	0.765698	0.728385	0	0	1	1	157	1167461
1444478780	35	42	36	31	6	3	2	4	4	7	0	0	0	0	0	4.943151	0.524677	0.523252	0.523252	1.805934	11.250000	14.000000	0.794054	0.756766	0.719479	0	0	1	1	157	1164691
1444478781	23	36	30	42	1	2	1	3	2	6	0	0	1	1	0	4.941538	0.526103	0.526103	0.523252	1.805934	11.250000	14.000000	0.798530	0.798530	0.761231	0	0	1	1	157	1167446
1444478783	34	39	41	42	3	2	3	4	7	7	0	0	0	0	0	4.939927	0.524677	0.526103	0.521826	1.805934	11.500000	14.000000	0.840319	0.803008	0.765698	0	0	1	1	157	1167462
1444478784	33	30	20	36	5	0	3	3	2	4	0	1	0	0	0	4.941538	0.523252	0.527529	0.518974	1.805934	11.250000	14.000000	0.835829	0.798530	0.761231	0	0	1	1	157	1167461
1444478785	40	34	35	35	4	3	3	2	4	2	0	1	0	0	0	4.941538	0.524677	0.523252	0.523252	1.806740	11.500000	14.000000	0.798530	0.761231	0.761231	0	0	1	1	157	1164714
1444478786	33	28	31	36	4	4	0	0	3	7	0	0	0	0	0	4.941538	0.526103	0.523252	0.523252	1.806740	11.500000	14.000000	0.798530	0.835829	0.723931	0	0	1	1	157	1167472
1444478787	40	33	33	41	9	3	1	3	2	4	1	0	0	0	0	4.941538	0.524677	0.526103	0.521826	1.807546	11.500000	14.000000	0.798530	0.798530	0.761231	0	0	1	1	157	1167461
1444478789	40	32	33	23	3	2	1	5	3	3	1	0	0	0	0	4.939927	0.526103	0.526103	0.523252	1.805934	11.500000	14.000000	0.765698	0.803008	0.728385	0	0	1	1	157	1164662
1444478790	34	38	33	27	2	2	2	3	3	5	0	1	0	1	0	4.943151	0.526103	0.523252	0.521826	1.807546	11.500000	14.000000	0.756766	0.831341	0.719479	0	0	1	1	157	1168686
1444478791	33	34	45	24	2	3	1	4	3	2	0	0	0	0	0	4.941538	0.526103	0.526103	0.521826	1.808352	11.500000	14.000000	0.798530	0.798530	0.761231	0	0	1	1	157	1167454
1444478792	36	35	35	37	5	0	1	2	4	4	0	0	0	0	0	4.941538	0.517549	0.521826	0.523252	1.809158	11.500000	14.000000	0.761231	0.761231	0.723931	0	0	1	1	157	1164653
1444478793	38	23	29	37	2	1	3	1	2	4	0	0	0	0	0	4.941538	0.524677	0.524677	0.523252	1.808352	11.500000	14.000000	0.798530	0.723931	0.686632	0	0	1	1	157	1167437
1444478795	35	33	28	29	5	1	2	4	6	4	1	1	1	1	1	4.941538	0.524677	0.526103	0.521826	1.809158	11.500000	14.000000	0.835829	0.798530	0.723931	0	0	1	1	157	1167451
1444478796	32	37	36	33	4	1	1	3	5	2	0	1	0	0	0	4.944762	0.526103	0.523252	0.521826	1.809963	11.500000	14.000000	0.826856	0.789581	0.752306	0	0	1	1	157	1164685
1444478797	33	35	41	39	6	4	3	3	2	6	0	0	0	0	0	4.939927	0.524677	0.524677	0.521826	1.807546	11.500000	14.000000	0.803008	0.803008	0.728385	0	0	1	1	157	1167434
1444478798	38	42	32	27	1	2	1	3	6	4	0	0	0	1	0	4.941538	0.524677	0.523252	0.523252	1.809963	11.500000	14.000000	0.761231	0.798530	0.761231	0	0	1	1	157	1167452
1444478799	30	28	45	30	4	3	2	4	0	7	0	0	0	0	0	4.939927	0.526103	0.523252	0.523252	1.809963	11.500000	14.000000	0.840319	0.803008	0.728385	0	0	1	1	157	1167451
1444478801	47	30	45	37	5	8	2	5	3	5	1	0	1	0	0	4.935091	0.526103	0.523252	0.521826	1.809963	11.500000	14.000000	0.816462	0.853809	0.779113	0	0	1	1	157	1164684
1444478802	23	35	45	17	1	2	0	5	4	2	0	0	0	1	0	4.943151	0.524677	0.524677	0.523252	1.811575	11.500000	14.000000	0.756766	0.794054	0.794054	0	0	1	1	157	1168592
1444478803	28	31	28	37	4	4	1	1	1	8	0	0	0	0	0	4.939927	0.524677	0.523252	0.523252	1.811575	11.500000	14.000000	0.765698	0.765698	0.728385	0	0	1	1	157	1167461
1444478804	27	32	40	39	3	2	2	5	5	5	0	0	0	2	0	4.941538	0.523252	0.523252	0.523252	1.810769	11.500000	14.000000	0.798530	0.798530	0.761231	0	0	1	1	157	1164692
1444478805	34	45	35	35	3	3	1	4	5	2	0	1	0	0	0	4.941538	0.526103	0.524677	0.523252	1.811575	11.500000	14.000000	0.835829	0.798530	0.761231	0	0	1	1	157	1167443
1444478807	32	35	39	43	4	1	1	2	9	11	0	0	0	1	0	4.941538	0.526103	0.524677	0.523252	1.812381	11.500000	14.000000	0.798530	0.798530	0.723931	0	0	1	1	157	1167461
1444478808	40	35	41	36	1	5	5	2	4	4	0	0	0	0	0	4.943151	0.524677	0.524677	0.523252	1.813187	11.500000	14.000000	0.756766	0.794054	0.682191	0	0	1	1	158	1167482
1444478809	34	39	40	38	4	3	2	5	2	5	0	0	0	0	0	4.941538	0.524677	0.524677	0.523252	1.809963	11.500000	14.000000	0.798530	0.798530	0.761231	0	0	1	1	157	1167456
1444478810	36	38	38	42	7	2	5	1	4	5	0	1	0	0	0	4.941538	0.524677	0.523252	0.523252	1.813187	11.500000	14.500000	0.798530	0.761231	0.686632	0	0	1	1	157	1167461
1444478811	41	28	29	35	3	4	2	3	2	4	0	1	0	0	0	4.941538	0.526103	0.523252	0.523252	1.813993	11.500000	14.000000	0.798530	0.761231	0.723931	0	0	1	1	157	1164696
1444478813	33	37	45	33	7	3	2	1	2	8	0	0	0	0	0	4.939927	0.524677	0.526103	0.523252	1.812381	11.500000	14.000000	0.803008	0.803008	0.691074	0	0	1	1	157	1167442
1444478814	30	31	29	24	6	2	1	3	2	5	0	0	0	1	0	4.941538	0.524677	0.523252	0.523252	1.814799	11.500000	14.500000	0.612034	0.761231	0.612034	0	0	1	1	157	1168598
1444478815	33	36	36	29	3	2	2	2	1	3	0	0	0	0	0	4.941538	0.524677	0.526103	0.523252	1.814799	11.500000	14.000000	0.798530	0.761231	0.649333	0	0	1	1	157	1167452
1444478816	33	42	33	39	2	2	2	3	1	3	1	0	0	0	0	4.938315	0.526103	0.524677	0.521826	1.813993	11.500000	14.500000	0.807490	0.807490	0.770166	0	0	1	1	157	1164685
1444478817	27	30	26	28	3	0	2	1	6	2	0	0	0	0	0	4.939927	0.524677	0.523252	0.520400	1.813993	11.500000	14.500000	0.765698	0.803008	0.728385	0	0	1	1	157	1167437
1444478819	39	38	38	36	8	2	2	3	3	4	0	0	0	0	0	4.941538	0.524677	0.523252	0.523252	1.815604	11.500000	14.000000	0.798530	0.798530	0.649333	0	0	1	1	157	1167451
1444478820	34	37	35	34	4	1	1	1	9	8	0	0	0	1	0	4.941538	0.526103	0.524677	0.523252	1.815604	11.500000	14.500000	0.761231	0.798530	0.761231	0	0	1	1	157	1164682
1444478821	24	29	39	33	2	2	1	3	4	6	0	0	0	1	0	4.951209	0.523252	0.524677	0.523252	1.815604	11.500000	14.500000	0.734494	0.734494	0.734494	0	0	1	1	157	1167437
1444478822	28	37	35	27	6	0	2	1	4	3	0	1	0	0	0	4.941538	0.526103	0.523252	0.523252	1.817216	11.500000	14.500000	0.835829	0.798530	0.723931	0	0	1	1	157	1167452
1444478823	21	40	32	27	4	2	2	3	3	4	0	0	0	0	0	4.939927	0.526103	0.523252	0.521826	1.816410	11.500000	14.500000	0.840319	0.803008	0.765698	0	0	1	1	157	1176183
1444478825	28	32	34	32	3	3	2	4	6	2	0	0	1	0	0	4.938315	0.526103	0.524677	0.521826	1.816410	11.500000	14.500000	0.807490	0.807490	0.770166	0	0	1	1	157	1167436
1444478826	34	28	33	30	4	2	1	3	2	6	0	0	0	0	0	4.939927	0.524677	0.526103	0.520400	1.818022	11.750000	14.500000	0.803008	0.803008	0.691074	0	0	1	1	157	1168607
1444478827	41	31	30	31	8	1	5	1	3	5	0	2	0	0	0	4.943151	0.526103	0.524677	0.523252	1.818022	11.500000	14.500000	0.831341	0.794054	0.756766	0	0	1	1	157	1164693
1444478828	27	43	41	46	3	1	0	4	7	9	0	0	0	1	0	4.943151	0.526103	0.524677	0.523252	1.818022	11.500000	14.500000	0.756766	0.794054	0.719479	0	0	1	1	157	1167447
1444478829	33	38	29	39	2	3	0	0	1	3	0	0	0	0	0	4.941538	0.521826	0.526103	0.521826	1.818022	11.500000	14.500000	0.761231	0.798530	0.761231	0	0	1	1	157	1167461
1444478831	35	41	34	33	9	4	3	4	6	4	2	1	0	0	0	4.939927	0.526103	0.524677	0.523252	1.818828	11.750000	14.500000	0.840319	0.765698	0.728385	0	0	1	1	157	1167461
1444478832	28	34	22	35	3	0	3	4	5	3	0	1	0	0	0	4.939927	0.524677	0.523252	0.523252	1.818022	11.750000	14.500000	0.803008	0.765698	0.691074	0	0	1	1	157	1164682
1444478833	36	40	37	37	4	6	1	1	3	5	0	0	0	0	0	4.941538	0.527529	0.524677	0.523252	1.819634	11.750000	14.500000	0.686632	0.761231	0.723931	0	0	1	1	157	1167446
1444478834	26	37	44	37	0	0	0	5	4	7	0	0	0	1	0	4.939927	0.526103	0.526103	0.521826	1.818828	11.750000	14.500000	0.765698	0.803008	0.728385	0	0	1	1	157	1167462
1444478835	31	44	34	36	3	1	1	4	3	9	0	0	0	0	0	4.943151	0.526103	0.523252	0.521826	1.820440	11.750000	14.500000	0.794054	0.794054	0.756766	0	0	1	1	157	1164709
1444478837	29	45	19	22	7	1	2	0	3	1	0	0	0	0	0	4.939927	0.526103	0.524677	0.521826	1.818828	11.750000	14.500000	0.803008	0.803008	0.728385	0	0	1	1	157	1167442
1444478838	37	37	28	38	4	2	4	3	4	4	0	1	0	1	0	4.938315	0.526103	0.524677	0.520400	1.820440	11.750000	14.500000	0.770166	0.770166	0.732842	0	0	1	1	157	1168597
1444478839	28	43	35	27	4	1	2	3	3	5	0	0	1	1	0	4.941538	0.526103	0.523252	0.523252	1.820440	11.750000	14.500000	0.798530	0.798530	0.761231	0	0	1	1	157	1164679
1444478840	30	35	37	42	2	1	1	1	5	3	0	0	0	0	0	4.943151	0.526103	0.524677	0.523252	1.820440	11.750000	14.500000	0.794054	0.794054	0.719479	0	0	1	1	157	1167437
1444478841	38	30	39	35	4	2	3	4	3	5	0	0	0	1	0	4.941538	0.524677	0.524677	0.523252	1.822051	11.750000	14.500000	0.761231	0.873128	0.761231	0	0	1	1	157	1167451
1444478843	42	32	32	24	5	1	2	3	4	3	0	0	0	1	0	4.943151	0.526103	0.523252	0.523252	1.822051	11.750000	14.500000	0.831341	0.794054	0.756766	0	0	1	1	157	1164706
1444478844	41	41	37	34	7	2	2	3	1	5	1	0	0	0	0	4.943151	0.524677	0.524677	0.521826	1.822051	11.750000	14.500000	0.794054	0.794054	0.719479	0	0	1	1	157	1167437
1444478845	36	23	47	28	1	4	3	5	2	6	0	0	1	0	0	4.939927	0.520400	0.520400	0.526103	1.822857	11.750000	14.500000	0.765698	0.803008	0.728385	0	0	1	1	157	1167452
1444478846	32	35	27	44	3	0	3	1	3	8	0	0	0	0	0	4.941538	0.526103	0.524677	0.521826	1.822051	11.750000	14.500000	0.798530	0.723931	0.723931	0	0	1	1	157	1167451
1444478847	41	40	37	36	4	2	2	5	3	6	0	0	0	0	0	4.941538	0.526103	0.524677	0.523252	1.822857	11.750000	14.500000	0.798530	0.798530	0.761231	0	0	1	1	157	1164685
1444478849	39	29	38	37	3	2	7	1	4	4	0	0	0	0	0	4.939927	0.526103	0.524677	0.523252	1.822051	11.750000	14.500000	0.840319	0.765698	0.765698	0	0	1	1	157	1167437
1444478850	31	38	47	39	3	2	0	2	4	7	0	0	0	0	0	4.939927	0.524677	0.526103	0.521826	1.823663	11.750000	14.500000	0.691074	0.803008	0.728385	0	0	1	1	157	1168607
1444478851	36	38	27	31	4	0	0	6	6	3	0	0	0	0	0	4.941538	0.524677	0.526103	0.521826	1.823663	11.750000	14.500000	0.835829	0.798530	0.761231	0	0	1	1	157	1164611
1444478852	37	35	40	31	4	3	3	7	1	4	0	0	0	1	0	4.941538	0.526103	0.524677	0.521826	1.823663	11.750000	14.500000	0.835829	0.761231	0.686632	0	0	1	1	157	1167447
1444478853	43	22	42	33	9	3	2	0	0	4	0	0	1	0	0	4.943151	0.526103	0.521826	0.520400	1.825275	11.750000	14.500000	0.794054	0.794054	0.756766	0	0	1	1	157	1167461
1444478855	38	30	32	34	4	5	1	2	4	6	0	0	0	1	0	4.941538	0.526103	0.526103	0.521826	1.823663	11.750000	14.500000	0.873128	1.096925	0.612034	0	0	1	1	157	1194452
1444478856	41	39	41	39	4	4	2	2	5	3	0	0	0	0	0	4.939927	0.526103	0.524677	0.521826	1.824469	11.750000	14.500000	0.803008	0.803008	0.728385	0	0	1	1	157	1167447
1444478857	35	30	27	23	4	0	2	1	3	1	0	1	0	0	0	4.939927	0.524677	0.524677	0.523252	1.825275	11.750000	14.500000	0.803008	0.765698	0.765698	0	0	1	1	157	1167461
1444478858	23	39	34	36	3	3	0	3	5	5	0	0	0	1	0	4.941538	0.526103	0.524677	0.517549	1.823663	11.750000	14.500000	0.910427	0.798530	0.761231	0	0	1	1	157	1167461
1444478859	38	44	36	39	5	2	2	1	5	4	0	1	0	0	0	4.939927	0.524677	0.524677	0.521826	1.826081	11.750000	14.500000	0.803008	0.803008	0.765698	0	0	1	1	157	1170189
1444478861	27	28	34	34	1	1	2	1	3	5	0	0	0	0	0	4.939927	0.524677	0.526103	0.523252	1.825275	11.750000	14.500000	0.803008	0.803008	0.728385	0	0	1	1	157	1167441
1444478862	35	46	47	41	11	1	3	8	4	10	0	0	1	4	0	4.936703	0.523252	0.523252	0.521826	1.826887	11.750000	14.500000	0.811974	0.811974	0.774638	0	0	1	1	157	1168597
1444478863	33	26	38	43	4	2	2	2	3	8	0	0	1	0	0	4.943151	0.524677	0.526103	0.520400	1.826887	11.750000	14.500000	0.794054	0.794054	0.756766	0	0	1	1	159	1167491
1444478864	41	47	35	38	5	6	3	3	7	4	0	1	1	0	0	4.941538	0.524677	0.524677	0.521826	1.826887	11.750000	14.500000	0.798530	0.798530	0.723931	0	0	1	1	157	1167442
1444478865	25	31	38	35	3	2	1	3	3	5	0	0	0	1	0	4.939927	0.526103	0.524677	0.521826	1.826887	11.750000	14.500000	0.840319	0.803008	0.728385	0	0	1	1	157	1167451
1444478867	36	30	46	34	2	6	2	3	2	6	0	0	1	0	0	4.941538	0.526103	0.523252	0.523252	1.827692	11.750000	14.500000	0.798530	0.761231	0.537436	0	0	1	1	157	1164682
1444478868	34	32	31	33	4	3	3	2	1	8	1	0	1	0	0	4.939927	0.524677	0.523252	0.523252	1.828498	11.750000	14.500000	0.803008	0.765698	0.728385	0	0	1	1	157	1167437
1444478869	38	39	32	39	8	3	2	1	4	5	1	2	0	1	0	4.941538	0.526103	0.526103	0.523252	1.828498	11.750000	14.500000	0.798530	0.798530	0.761231	0	0	1	1	157	1167451
1444478870	26	30	34	27	1	0	0	2	5	3	0	0	0	0	0	4.939927	0.526103	0.524677	0.521826	1.828498	11.750000	14.500000	0.691074	0.728385	0.728385	0	0	1	1	157	1164683
1444478871	43	44	30	36	6	2	5	5	6	3	1	1	0	0	0	4.941538	0.523252	0.526103	0.523252	1.828498	11.750000	14.500000	0.798530	0.798530	0.761231	0	0	1	1	157	1167437
1444478873	34	40	39	49	6	3	2	5	7	7	0	0	0	1	0	4.939927	0.524677	0.526103	0.523252	1.828498	11.750000	14.500000	0.803008	0.765698	0.765698	0	0	1	1	157	1167455
1444478874	34	32	35	36	3	1	1	2	2	7	0	0	0	0	0	4.939927	0.526103	0.523252	0.523252	1.829304	11.750000	14.500000	0.840319	0.803008	0.765698	0	0	1	1	157	1168607
1444478875	41	47	37	39	4	4	3	2	4	6	1	0	0	0	0	4.941538	0.524677	0.526103	0.523252	1.830110	11.750000	14.500000	0.798530	0.798530	0.574735	0	0	1	1	157	1164688
1444478876	40	34	31	39	6	2	2	6	3	6	0	0	0	1	0	4.939927	0.523252	0.526103	0.523252	1.829304	11.750000	14.500000	0.803008	0.765698	0.728385	0	0	1	1	157	1167446
1444478877	48	33	31	20	3	3	3	1	4	2	0	0	0	0	0	4.941538	0.526103	0.524677	0.523252	1.830110	11.750000	14.500000	0.835829	0.798530	0.723931	0	0	1	1	157	1167461
1444478879	39	42	35	37	8	3	3	5	10	3	1	1	0	0	0	4.944762	0.526103	0.524677	0.521826	1.830916	11.750000	14.500000	0.826856	0.864131	0.752306	0	0	1	1	157	1164696
1444478880	29	30	38	33	2	2	1	3	2	6	0	0	0	0	0	4.941538	0.526103	0.523252	0.521826	1.830916	12.000000	14.500000	0.835829	0.798530	0.761231	0	0	1	1	158	1167468
1444478881	30	33	34	37	6	3	3	3	4	6	0	1	1	0	0	4.939927	0.524677	0.524677	0.521826	1.830916	12.000000	14.500000	0.803008	0.803008	0.728385	0	0	1	1	157	1167481
1444478882	41	36	34	40	5	4	5	4	6	6	2	1	2	1	1	4.939927	0.524677	0.524677	0.521826	1.829304	11.750000	14.500000	0.765698	0.765698	0.728385	0	0	1	1	157	1164699
1444478883	37	27	31	36	5	1	3	2	2	7	0	0	0	1	0	4.941538	0.526103	0.524677	0.523252	1.830916	12.000000	14.500000	0.798530	0.798530	0.686632	0	0	1	1	157	1167446
1444478885	35	42	30	35	5	4	1	3	6	3	1	1	0	0	0	4.939927	0.526103	0.526103	0.523252	1.830916	12.000000	14.500000	0.840319	0.765698	0.728385	0	0	1	1	157	1167459
1444478886	31	44	34	33	4	2	1	2	7	6	0	0	0	1	0	4.943151	0.524677	0.524677	0.521826	1.832528	12.000000	14.500000	0.794054	0.794054	0.756766	0	0	1	1	157	1165851
1444478887	36	33	34	24	1	1	0	1	2	2	0	0	0	0	0	4.941538	0.526103	0.523252	0.521826	1.832528	12.000000	14.500000	0.649333	0.723931	0.612034	0	0	1	1	157	1167436
1444478888	32	33	26	32	3	2	2	3	3	7	1	0	1	0	0	4.941538	0.523252	0.526103	0.521826	1.833333	12.000000	14.500000	0.798530	0.798530	0.761231	0	0	1	1	157	1167452
1444478889	28	43	46	36	1	3	2	7	7	8	1	1	1	1	1	4.939927	0.526103	0.523252	0.523252	1.833333	12.000000	14.500000	0.803008	0.803008	0.728385	0	0	1	1	157	1167455
1444478891	28	36	23	34	6	0	3	1	6	1	0	2	0	0	0	4.941538	0.526103	0.527529	0.520400	1.832528	12.000000	14.500000	0.835829	0.798530	0.723931	0	0	1	1	157	1164686
1444478892	33	45	35	36	7	3	1	3	2	6	0	1	0	0	0	4.939927	0.524677	0.523252	0.523252	1.834139	12.000000	14.500000	0.765698	0.765698	0.653762	0	0	1	1	157	1167436
1444478893	43	39	35	39	3	2	4	6	7	9	0	0	0	2	0	4.939927	0.524677	0.526103	0.521826	1.834945	12.000000	14.500000	0.803008	0.803008	0.728385	0	0	1	1	157	1167454
1444478894	34	29	35	32	2	3	1	1	3	8	0	0	0	0	0	4.943151	0.521826	0.523252	0.523252	1.834945	12.000000	14.500000	0.831341	0.756766	0.719479	0	0	1	1	157	1164673
1444478895	19	26	35	35	4	0	0	2	3	6	0	0	0	0	0	4.943151	0.526103	0.523252	0.521826	1.834945	12.000000	14.500000	0.794054	0.794054	0.756766	0	0	1	1	157	1167434
1444478897	40	36	34	33	5	4	1	5	2	3	1	0	0	1	0	4.938315	0.526103	0.523252	0.521826	1.834139	12.000000	14.500000	0.844813	0.807490	0.770166	0	0	1	1	157	1167451
1444478898	38	39	31	41	7	3	5	4	7	6	0	1	0	0	0	4.941538	0.526103	0.524677	0.523252	1.834945	12.000000	14.500000	0.798530	0.798530	0.723931	0	0	1	1	157	1165836
1444478899	36	39	37	40	3	3	1	2	4	6	0	0	0	0	0	4.939927	0.526103	0.523252	0.520400	1.833333	12.000000	14.500000	0.840319	0.803008	0.728385	0	0	1	1	157	1167446
1444478900	35	29	38	40	3	3	7	1	5	5	0	1	1	0	0	4.939927	0.526103	0.524677	0.521826	1.835751	12.000000	14.500000	0.840319	0.803008	0.691074	0	0	1	1	157	1167461
1444478901	34	25	31	28	5	3	1	4	2	1	1	0	0	0	0	4.939927	0.526103	0.524677	0.523252	1.836557	12.000000	14.500000	0.803008	0.765698	0.728385	0	0	1	1	157	1164703
1444478903	29	48	26	35	2	4	3	3	6	1	0	0	0	1	0	4.943151	0.526103	0.521826	0.521826	1.837363	12.000000	14.500000	0.794054	0.794054	0.719479	0	0	1	1	157	1167447
1444478904	22	40	41	26	2	1	1	5	2	4	0	0	1	0	0	4.941538	0.523252	0.524677	0.520400	1.837363	12.000000	14.500000	0.798530	0.798530	0.723931	0	0	1	1	157	1167461
1444478905	35	28	25	40	5	0	4	4	3	5	0	0	0	1	0	4.939927	0.526103	0.524677	0.523252	1.837363	12.000000	14.500000	0.803008	0.803008	0.728385	0	0	1	1	157	1167461
1444478906	36	41	32	38	2	2	1	4	4	4	0	0	0	1	0	4.941538	0.526103	0.523252	0.523252	1.837363	12.000000	14.500000	0.835829	0.835829	0.723931	0	0	1	1	157	1164689
1444478907	34	36	33	37	3	1	3	2	4	5	0	0	0	0	0	4.941538	0.526103	0.521826	0.523252	1.838169	12.000000	14.500000	0.798530	0.761231	0.761231	0	0	1	1	157	1167444
1444478909	37	46	37	35	6	6	3	2	3	7	0	1	1	1	0	4.939927	0.526103	0.524677	0.523252	1.838169	12.000000	14.500000	0.840319	0.840319	0.765698	0	0	1	1	157	1167456
1444478910	35	33	39	40	5	5	2	4	4	7	1	1	1	0	0	4.941538	0.526103	0.523252	0.523252	1.838974	12.000000	14.500000	0.835829	0.798530	0.723931	0	0	1	1	157	1165828
1444478911	40	32	31	25	2	3	2	2	2	2	0	0	0	0	0	4.947986	0.523252	0.523252	0.521826	1.838974	12.000000	14.500000	0.817895	0.780645	0.743394	0	0	1	1	157	1167437
1444478912	30	24	36	29	2	2	3	1	2	3	0	0	1	0	0	4.941538	0.524677	0.523252	0.523252	1.839780	12.000000	14.500000	0.835829	0.798530	0.761231	0	0	1	1	157	1167452
1444478913	34	41	36	29	5	2	3	2	4	3	0	0	0	0	0	4.941538	0.524677	0.524677	0.521826	1.839780	12.000000	14.500000	0.798530	0.798530	0.723931	0	0	1	1	157	1164685
1444478915	35	40	30	33	8	2	2	3	5	8	1	1	0	0	0	4.939927	0.524677	0.523252	0.523252	1.839780	12.000000	14.500000	0.803008	0.803008	0.728385	0	0	1	1	157	1167437
1444478916	32	27	38	35	3	3	1	1	4	3	0	0	0	0	0	4.939927	0.526103	0.524677	0.523252	1.840586	12.000000	15.000000	0.803008	0.803008	0.728385	0	0	1	1	157	1167449
1444478917	43	32	24	39	5	2	1	3	4	7	0	0	0	0	0	4.941538	0.524677	0.524677	0.523252	1.841392	12.000000	14.500000	0.798530	0.835829	0.723931	0	0	1	1	157	1164685
1444478918	30	39	28	34	5	1	2	3	5	7	0	1	0	0	0	4.941538	0.526103	0.524677	0.523252	1.841392	12.000000	15.000000	0.798530	0.798530	0.723931	0	0	1	1	157	1167437
1444478919	43	33	32	39	5	2	1	5	6	3	0	0	0	0	0	4.941538	0.523252	0.524677	0.523252	1.842198	12.000000	15.000000	0.798530	0.649333	0.910427	0	0	1	1	157	1167452
1444478921	39	42	27	28	8	0	5	4	4	2	0	2	0	0	0	4.939927	0.526103	0.521826	0.523252	1.841392	12.000000	15.000000	0.840319	0.803008	0.728385	0	0	1	1	157	1167452
1444478922	27	41	38	29	3	3	2	2	1	3	0	0	0	0	0	4.941538	0.526103	0.523252	0.523252	1.842198	12.000000	15.000000	0.798530	0.798530	0.723931	0	0	1	1	157	1165841
1444478923	23	25	34	39	4	2	3	0	5	8	0	0	1	0	0	4.941538	0.524677	0.526103	0.523252	1.842198	12.000000	15.000000	0.835829	0.798530	0.723931	0	0	1	1	157	1167446
1444478924	37	39	38	25	5	2	3	3	3	5	0	0	0	0	0	4.941538	0.526103	0.523252	0.523252	1.842198	12.000000	15.000000	0.798530	0.798530	0.761231	0	0	1	1	157	1167458
1444478925	34	30	29	34	4	3	4	1	2	4	1	1	1	0	0	4.941538	0.526103	0.523252	0.521826	1.843810	12.250000	15.000000	0.835829	0.798530	0.761231	0	0	1	1	157	1164709
1444478927	31	34	42	33	3	0	2	3	6	6	0	0	0	0	0	4.941538	0.526103	0.524677	0.523252	1.843810	12.250000	15.000000	0.798530	0.761231	0.723931	0	0	1	1	157	1167446
1444478928	33	20	37	37	0	3	3	5	2	11	0	0	1	1	0	4.943151	0.526103	0.523252	0.521826	1.843810	12.250000	15.000000	0.831341	0.607617	0.644904	0	0	1	1	157	1167461
1444478929	42	45	34	35	4	3	2	5	5	5	1	0	0	0	0	4.943151	0.523252	0.524677	0.521826	1.843810	12.250000	15.000000	0.794054	0.794054	0.756766	0	0	1	1	158	1167482
1444478930	21	36	26	32	3	2	0	0	3	4	0	0	0	0	0	4.939927	0.524677	0.524677	0.523252	1.844615	12.250000	15.000000	0.765698	0.765698	0.728385	0	0	1	1	157	1167459
1444478931	29	35	39	25	5	2	0	5	1	6	1	0	0	0	0	4.939927	0.526103	0.526103	0.523252	1.844615	12.250000	15.000000	0.840319	0.803008	0.765698	0	0	1	1	157	1167461
1444478933	48	38	42	40	8	4	4	2	5	5	1	1	0	0	0	4.938315	0.523252	0.526103	0.521826	1.843810	12.250000	15.000000	0.732842	0.770166	0.770166	0	0	1	1	157	1164676
1444478934	33	33	34	26	4	2	1	2	1	4	0	0	0	0	0	4.939927	0.526103	0.524677	0.523252	1.845421	12.250000	15.000000	0.840319	0.765698	0.765698	0	0	1	1	157	1168687
1444478935	29	33	32	46	3	0	2	3	7	3	0	0	0	0	0	4.939927	0.524677	0.526103	0.521826	1.844615	12.250000	15.000000	0.840319	0.803008	0.765698	0	0	1	1	157	1167454
1444478936	37	35	31	31	4	4	3	3	6	3	0	0	2	0	0	4.939927	0.526103	0.523252	0.523252	1.845421	12.250000	15.000000	0.803008	0.803008	0.728385	0	0	1	1	157	1167452
1444478937	41	56	33	28	10	4	0	3	4	4	1	0	0	0	0	4.939927	0.526103	0.523252	0.523252	1.846227	12.250000	15.000000	0.765698	0.765698	0.691074	0	0	1	1	157	1164688
1444478939	22	23	40	28	1	1	0	4	5	5	0	0	0	1	0	4.939927	0.523252	0.524677	0.521826	1.845421	12.250000	15.000000	0.840319	0.803008	0.765698	0	0	1	1	158	1167458
1444478940	35	31	26	30	7	1	2	4	4	5	0	1	0	1	0	4.939927	0.526103	0.524677	0.521826	1.846227	12.250000	15.000000	0.803008	0.803008	0.653762	0	0	1	1	157	1167446
1444478941	34	30	34	30	4	5	3	3	2	5	1	0	1	0	0	4.943151	0.524677	0.523252	0.523252	1.847033	12.250000	15.000000	0.794054	0.794054	0.719479	0	0	1	1	157	1164680
1444478942	40	37	44	42	4	1	3	4	4	10	0	0	1	0	0	4.939927	0.526103	0.524677	0.521826	1.847033	12.250000	15.000000	0.803008	0.803008	0.765698	0	0	1	1	157	1167437
1444478943	34	40	37	35	3	4	1	3	4	5	1	0	0	0	0	4.939927	0.524677	0.523252	0.523252	1.847839	12.250000	15.000000	0.765698	0.803008	0.728385	0	0	1	1	158	1167473
1444478945	30	31	30	29	3	2	3	3	5	1	0	0	0	0	0	4.938315	0.523252	0.526103	0.523252	1.846227	12.250000	15.000000	0.844813	0.807490	0.732842	0	0	1	1	157	1164674
1444478946	33	37	49	39	4	4	3	7	6	8	1	1	2	2	1	4.941538	0.526103	0.524677	0.523252	1.847839	12.250000	15.000000	0.761231	0.798530	0.798530	0	0	1	1	157	1168592
1444478947	36	34	20	32	4	2	2	2	3	2	0	0	0	0	0	4.941538	0.523252	0.523252	0.521826	1.849451	12.250000	15.000000	0.835829	0.761231	0.723931	0	0	1	1	157	1167461
1444478948	46	37	38	30	8	2	5	0	6	3	0	1	0	0	0	4.939927	0.524677	0.524677	0.523252	1.848645	12.250000	15.000000	0.765698	0.803008	0.728385	0	0	1	1	157	1167461
1444478949	39	43	32	25	5	7	2	4	3	2	1	1	0	0	0	4.939927	0.526103	0.524677	0.523252	1.850256	12.250000	15.000000	0.765698	0.840319	0.765698	0	0	1	1	157	1164704
1444478951	32	35	31	31	1	1	0	2	1	3	0	0	0	0	0	4.941538	0.526103	0.524677	0.521826	1.849451	12.250000	15.000000	0.835829	0.798530	0.761231	0	0	1	1	157	1167447
1444478952	33	37	34	34	1	1	1	5	5	5	0	0	0	1	0	4.939927	0.524677	0.523252	0.521826	1.848645	12.250000	15.000000	0.840319	0.765698	0.691074	0	0	1	1	157	1167461
1444478953	37	36	41	37	3	1	1	1	6	3	1	0	0	0	0	4.939927	0.524677	0.524677	0.521826	1.849451	12.250000	15.000000	0.803008	0.765698	0.691074	0	0	1	1	157	1176736
1444478954	38	40	40	38	3	0	3	3	1	5	0	0	0	0	0	4.941538	0.523252	0.524677	0.523252	1.851062	12.250000	15.000000	0.686632	0.761231	0.723931	0	0	1	1	157	1167446
1444478955	29	36	34	35	4	5	0	1	1	3	0	0	0	0	0	4.941538	0.524677	0.524677	0.523252	1.851062	12.250000	15.000000	0.761231	0.798530	0.723931	0	0	1	1	157	1167461
1444478957	31	35	36	35	2	2	3	3	3	6	1	0	0	0	0	4.939927	0.526103	0.524677	0.523252	1.850256	12.250000	15.000000	0.803008	0.803008	0.728385	0	0	1	1	157	1164688
1444478958	42	30	39	37	6	2	0	2	1	7	1	0	0	0	0	4.939927	0.526103	0.524677	0.521826	1.851062	12.250000	15.000000	0.765698	0.765698	0.728385	0	0	1	1	157	1168687
1444478959	31	42	43	32	4	2	1	7	2	6	0	1	0	0	0	4.941538	0.524677	0.526103	0.521826	1.850256	12.250000	15.000000	0.798530	0.798530	0.723931	0	0	1	1	157	1167451
1444478960	37	43	30	30	4	3	2	3	3	6	0	0	0	0	0	4.943151	0.524677	0.524677	0.523252	1.851868	12.250000	15.000000	0.794054	0.794054	0.756766	0	0	1	1	157	1164681
1444478961	28	41	29	42	4	0	2	2	3	4	0	0	0	0	0	4.939927	0.524677	0.526103	0.521826	1.851868	12.250000	15.000000	0.840319	0.765698	0.728385	0	0	1	1	157	1167436
1444478963	46	31	27	41	3	1	4	2	5	3	0	0	0	0	0	4.947986	0.523252	0.523252	0.523252	1.852674	12.250000	15.000000	0.817895	0.780645	0.706143	0	0	1	1	157	1167451
1444478964	38	39	42	46	5	5	2	4	5	4	1	0	0	0	0	4.939927	0.526103	0.526103	0.521826	1.852674	12.250000	15.000000	0.840319	0.765698	0.728385	0	0	1	1	157	1167452
1444478965	35	45	26	35	3	2	2	5	6	2	0	0	0	0	0	4.941538	0.524677	0.524677	0.523252	1.853480	12.250000	15.000000	0.798530	0.798530	0.723931	0	0	1	1	157	1164678
1444478966	40	40	38	38	5	1	3	4	3	6	0	0	0	0	0	4.941538	0.526103	0.524677	0.523252	1.854286	12.250000	15.000000	0.798530	0.798530	0.761231	0	0	1	1	157	1167437
1444478967	40	30	25	37	1	2	5	1	4	3	0	0	1	0	0	4.939927	0.526103	0.524677	0.523252	1.854286	12.250000	15.000000	0.803008	0.803008	0.728385	0	0	1	1	157	1167449
1444478969	45	37	36	40	5	3	4	2	4	9	1	1	1	1	1	4.938315	0.526103	0.526103	0.523252	1.853480	12.250000	15.000000	0.844813	0.807490	0.770166	0	0	1	1	157	1164680
1444478970	41	39	38	37	6	1	2	3	2	7	0	0	0	0	0	4.941538	0.526103	0.524677	0.521826	1.854286	12.250000	15.000000	0.798530	0.761231	0.723931	0	0	1	1	157	1168592
1444478971	39	30	36	38	6	1	2	1	5	7	0	0	0	1	0	4.946374	0.524677	0.521826	0.521826	1.854286	12.250000	15.000000	0.747849	0.747849	0.747849	0	0	1	1	157	1167461
1444478972	27	32	29	34	3	3	4	0	3	6	0	0	1	0	0	4.943151	0.526103	0.523252	0.523252	1.855092	12.250000	15.000000	0.794054	0.756766	0.756766	0	0	1	1	157	1164690
1444478973	36	42	42	23	6	3	2	5	0	3	2	0	0	0	0	4.941538	0.524677	0.524677	0.523252	1.855898	12.500000	15.000000	0.835829	0.798530	0.723931	0	0	1	1	157	1167449
1444478975	40	34	20	51	1	1	3	4	9	3	0	0	0	1	0	4.943151	0.524677	0.524677	0.523252	1.855092	12.250000	15.000000	0.794054	0.756766	0.682191	0	0	1	1	157	1167461
1444478976	29	41	40	36	4	2	0	7	5	10	0	0	0	1	0	4.939927	0.526103	0.524677	0.523252	1.856703	12.500000	15.000000	0.840319	0.803008	0.691074	0	0	1	1	157	1164659
1444478977	35	33	38	36	4	5	4	4	4	5	1	1	1	1	1	4.943151	0.526103	0.524677	0.523252	1.857509	12.500000	15.000000	0.831341	0.756766	0.719479	0	0	1	1	158	1167470
1444478978	34	37	34	34	5	2	3	1	7	5	1	2	1	1	1	4.941538	0.523252	0.524677	0.523252	1.857509	12.500000	15.000000	0.798530	0.798530	0.723931	0	0	1	1	157	1167457
1444478979	51	40	31	34	4	3	4	1	3	5	0	0	0	0	0	4.943151	0.526103	0.523252	0.521826	1.856703	12.500000	15.000000	0.794054	0.719479	0.719479	0	0	1	1	157	1167461
1444478981	41	46	34	33	5	3	5	3	2	6	1	0	1	0	0	4.941538	0.524677	0.526103	0.523252	1.856703	12.500000	15.000000	0.835829	0.798530	0.761231	0	0	1	1	157	1164787
1444478982	39	45	32	46	4	3	6	0	6	4	0	0	0	0	0	4.941538	0.526103	0.524677	0.521826	1.858315	12.500000	15.000000	0.835829	0.761231	0.723931	0	0	1	1	157	1168687
1444478983	37	36	35	40	2	2	4	6	2	6	0	0	1	0	0	4.939927	0.524677	0.526103	0.521826	1.858315	12.500000	15.000000	0.803008	0.803008	0.728385	0	0	1	1	157	1167451
1444478984	31	51	31	35	6	0	3	4	4	2	0	0	0	0	0	4.941538	0.526103	0.520400	0.523252	1.858315	12.500000	15.000000	0.835829	0.798530	0.723931	0	0	1	1	157	1164679
1444478985	37	30	38	37	8	2	1	2	3	8	0	0	0	0	0	4.941538	0.526103	0.524677	0.523252	1.859121	12.500000	15.000000	0.835829	0.798530	0.761231	0	0	1	1	157	1167436
1444478987	36	30	24	27	1	2	2	1	1	1	0	0	1	0	0	4.941538	0.523252	0.523252	0.523252	1.859121	12.500000	15.000000	0.835829	0.761231	0.723931	0	0	1	1	157	1167452
1444478988	46	32	33	38	6	3	1	2	1	6	1	0	0	0	0	4.941538	0.523252	0.521826	0.521826	1.858315	12.500000	15.000000	0.835829	0.723931	0.686632	0	0	1	1	157	1164680
1444478989	24	32	31	33	3	1	3	2	3	5	1	0	0	0	0	4.939927	0.526103	0.524677	0.521826	1.859121	12.500000	15.000000	0.803008	0.840319	0.765698	0	0	1	1	157	1167437
1444478990	35	28	33	41	7	1	1	1	3	5	0	0	0	0	0	4.941538	0.526103	0.523252	0.523252	1.859927	12.500000	15.000000	0.835829	0.798530	0.723931	0	0	1	1	157	1167454
1444478991	33	37	32	32	2	4	0	4	3	3	0	0	0	0	0	4.944762	0.523252	0.524677	0.523252	1.859927	12.500000	15.000000	0.826856	0.789581	0.715030	0	0	1	1	157	1178473
1444478993	39	28	37	42	5	4	4	3	2	8	0	1	1	1	0	4.939927	0.526103	0.520400	0.518974	1.860733	12.500000	15.000000	0.765698	0.803008	0.728385	0	0	1	1	157	1167435
1444478994	36	39	32	45	3	0	2	3	5	2	0	1	0	0	0	4.943151	0.526103	0.523252	0.521826	1.859927	12.500000	15.000000	0.794054	0.794054	0.756766	0	0	1	1	157	1168606
1444478995	29	28	39	24	0	0	1	0	2	1	0	0	0	0	0	4.939927	0.524677	0.524677	0.523252	1.861539	12.500000	15.000000	0.803008	0.765698	0.728385	0	0	1	1	157	1167463
1444478996	35	44	35	45	5	2	1	4	6	3	1	0	0	1	0	4.941538	0.520400	0.520400	0.526103	1.862344	12.500000	15.000000	0.798530	0.798530	0.761231	0	0	1	1	157	1164681
1444478997	34	36	34	35	4	2	1	2	3	4	0	0	0	0	0	4.939927	0.526103	0.523252	0.523252	1.861539	12.500000	15.000000	0.803008	0.840319	0.765698	0	0	1	1	157	1167446
1444478999	39	39	38	27	4	1	0	4	2	5	0	0	0	1	0	4.943151	0.526103	0.523252	0.523252	1.861539	12.500000	15.000000	0.756766	0.794054	0.719479	0	0	1	1	157	1167461
1444479000	44	22	42	34	4	1	4	4	4	10	0	0	0	2	0	4.938315	0.524677	0.523252	0.523252	1.862344	12.500000	15.000000	0.807490	0.807490	0.770166	0	0	1	1	157	1164693
1444479001	37	30	32	38	3	2	2	3	4	4	0	1	0	0	0	4.941538	0.526103	0.523252	0.521826	1.860733	12.500000	15.000000	0.798530	0.798530	0.723931	0	0	1	1	158	1167465
1444479002	37	41	33	40	9	2	1	5	4	3	2	0	0	0	0	4.941538	0.526103	0.524677	0.521826	1.863150	12.500000	15.000000	0.798530	0.798530	0.761231	0	0	1	1	157	1167456
1444479003	39	30	41	42	5	5	3	4	3	5	1	0	1	0	0	4.939927	0.526103	0.523252	0.523252	1.863956	12.500000	15.000000	0.803008	0.803008	0.765698	0	0	1	1	157	1164692
1444479005	37	29	31	36	2	2	1	4	3	6	0	0	1	1	0	4.935091	0.524677	0.523252	0.523252	1.862344	12.500000	15.000000	0.816462	0.816462	0.741765	0	0	1	1	157	1167442
1444479006	46	35	38	37	3	3	2	1	3	9	0	0	0	1	0	4.941538	0.524677	0.523252	0.523252	1.863956	12.500000	15.000000	0.835829	0.686632	0.723931	0	0	1	1	157	1168597
1444479007	38	34	30	44	7	2	3	1	5	3	0	0	0	0	0	4.941538	0.526103	0.523252	0.521826	1.863956	12.500000	15.000000	0.798530	0.798530	0.723931	0	0	1	1	157	1164680
1444479008	32	34	28	36	4	1	0	1	4	3	0	0	0	0	0	4.938315	0.526103	0.523252	0.523252	1.863956	12.500000	15.000000	0.770166	0.807490	0.732842	0	0	1	1	157	1167437
1444479009	31	40	26	37	6	1	1	2	3	1	0	0	0	0	0	4.941538	0.524677	0.526103	0.521826	1.863150	12.500000	15.000000	0.835829	0.798530	0.761231	0	0	1	1	157	1167449
1444479011	27	21	38	33	2	1	1	1	4	3	0	0	0	0	0	4.939927	0.524677	0.524677	0.521826	1.865568	12.750000	15.000000	0.765698	0.803008	0.728385	0	0	1	1	157	1167452
1444479012	37	32	32	33	4	6	2	2	6	4	1	1	0	0	0	4.939927	0.526103	0.523252	0.523252	1.864762	12.750000	15.000000	0.840319	0.765698	0.765698	0	0	1	1	157	1164686
1444479013	35	34	36	42	5	2	2	1	4	8	0	1	0	0	0	4.941538	0.523252	0.523252	0.521826	1.865568	12.750000	15.000000	0.798530	0.798530	0.761231	0	0	1	1	157	1167437
1444479014	36	22	32	35	5	3	2	1	1	2	0	0	0	0	0	4.941538	0.524677	0.524677	0.523252	1.866374	12.750000	15.000000	0.835829	0.761231	0.723931	0	0	1	1	157	1167451
1444479015	28	32	25	25	5	0	2	1	2	2	0	1	0	0	0	4.939927	0.526103	0.523252	0.523252	1.865568	12.750000	15.000000	0.765698	0.765698	0.728385	0	0	1	1	157	1174916
1444479017	43	31	37	46	8	5	3	2	3	4	1	0	1	0	0	4.941538	0.526103	0.526103	0.523252	1.866374	12.750000	15.000000	0.798530	0.798530	0.686632	0	0	1	1	157	1167437
1444479018	43	31	40	42	3	2	7	3	4	8	0	0	1	0	0	4.941538	0.526103	0.523252	0.521826	1.867180	12.750000	15.000000	0.798530	0.798530	0.761231	0	0	1	1	157	1168610
1444479019	30	30	37	30	4	2	4	1	4	8	0	0	0	0	0	4.938315	0.523252	0.521826	0.520400	1.865568	12.750000	15.500000	1.889879	0.770166	0.695518	0	0	1	1	157	1164689
1444479020	37	43	30	31	9	3	1	5	4	3	0	0	0	0	0	4.939927	0.526103	0.523252	0.523252	1.867180	12.750000	15.000000	0.803008	0.803008	0.691074	0	0	1	1	157	1167446
1444479021	27	32	46	30	1	3	0	5	3	3	0	0	0	1	0	4.941538	0.526103	0.523252	0.523252	1.867180	12.750000	15.500000	0.798530	0.798530	0.723931	0	0	1	1	157	1167464
1444479023	31	27	38	21	0	5	1	2	4	5	0	0	1	0	0	4.943151	0.528955	0.521826	0.521826	1.867985	12.750000	15.500000	0.756766	0.794054	0.719479	0	0	1	1	157	1164710
1444479024	39	50	27	24	9	0	1	2	4	4	0	0	0	1	0	4.941538	0.523252	0.527529	0.523252	1.868791	12.750000	15.500000	0.612034	0.798530	0.574735	0	0	1	1	157	1167447
1444479025	36	42	38	37	10	5	2	5	3	3	1	0	0	0	0	4.938315	0.524677	0.524677	0.523252	1.868791	12.750000	15.500000	0.807490	0.807490	0.732842	0	0	1	1	157	1167461
1444479026	37	28	33	38	1	3	1	1	3	4	0	0	0	0	0	4.941538	0.524677	0.524677	0.521826	1.868791	12.750000	15.500000	0.835829	0.761231	0.761231	0	0	1	1	158	1167482
1444479027	34	33	37	36	8	1	2	2	2	5	0	1	0	0	0	4.939927	0.526103	0.527529	0.521826	1.869597	12.750000	15.500000	0.803008	0.877631	0.653762	0	0	1	1	157	1164684
1444479029	27	37	34	29	5	2	1	3	2	4	0	0	0	0	0	4.938315	0.526103	0.524677	0.523252	1.868791	12.750000	15.500000	0.807490	0.844813	0.770166	0	0	1	1	157	1167441
1444479030	33	42	29	40	6	1	2	4	2	8	0	1	0	1	0	4.941538	0.526103	0.524677	0.523252	1.869597	12.750000	15.500000	0.835829	0.798530	0.761231	0	0	1	1	157	1168600
1444479031	36	31	35	39	4	1	1	4	4	5	0	0	0	0	0	4.938315	0.526103	0.523252	0.523252	1.870403	12.750000	15.500000	0.770166	0.770166	0.770166	0	0	1	1	157	1164685
1444479032	33	31	28	44	5	2	2	5	6	5	0	0	0	2	0	4.941538	0.524677	0.524677	0.523252	1.871209	12.750000	15.500000	0.686632	0.761231	0.798530	0	0	1	1	157	1167434
1444479033	29	32	18	34	2	1	4	2	1	1	0	0	0	0	0	4.938315	0.526103	0.523252	0.521826	1.870403	12.750000	15.500000	0.844813	0.807490	0.732842	0	0	1	1	157	1167452
1444479035	43	26	31	36	4	4	5	1	7	6	0	0	1	0	0	4.939927	0.526103	0.523252	0.523252	1.870403	12.750000	15.500000	0.803008	0.803008	0.728385	0	0	1	1	157	1164674
1444479036	32	30	28	24	6	1	0	3	2	0	0	0	0	0	0	4.941538	0.526103	0.523252	0.523252	1.871209	12.750000	15.500000	0.798530	0.798530	0.761231	0	0	1	1	157	1167434
1444479037	30	37	38	35	3	2	2	0	5	4	0	0	0	0	0	4.939927	0.524677	0.523252	0.523252	1.872015	12.750000	15.500000	0.840319	0.803008	0.728385	0	0	1	1	157	1167451
1444479038	40	26	31	31	5	2	2	2	2	2	1	0	0	0	0	4.941538	0.526103	0.523252	0.523252	1.872821	12.750000	15.500000	0.798530	0.761231	0.723931	0	0	1	1	157	1164673
1444479039	54	36	25	35	3	1	2	2	4	6	0	0	0	0	0	4.941538	0.524677	0.524677	0.521826	1.872015	12.750000	15.500000	0.835829	0.686632	0.873128	0	0	1	1	157	1167437
1444479041	33	29	33	37	4	4	3	3	3	5	0	0	1	0	0	4.939927	0.526103	0.524677	0.520400	1.870403	12.750000	15.500000	0.840319	0.914942	0.541828	0	0	1	1	157	1167452
1444479042	34	30	29	28	2	2	3	1	3	3	0	0	1	0	0	4.939927	0.526103	0.524677	0.523252	1.872015	12.750000	15.500000	0.803008	0.803008	0.728385	0	0	1	1	157	1168607
1444479043	32	38	32	36	5	3	2	0	4	5	0	0	0	0	0	4.939927	0.526103	0.523252	0.521826	1.872821	12.750000	15.500000	0.803008	0.803008	0.765698	0	0	1	1	157	1164680
1444479044	33	28	27	34	5	2	1	1	2	2	0	0	0	0	0	4.941538	0.524677	0.524677	0.523252	1.873626	12.750000	15.500000	0.798530	0.798530	0.761231	0	0	1	1	157	1167444
1444479045	23	30	35	35	0	5	3	1	3	4	0	0	1	0	0	4.941538	0.523252	0.526103	0.523252	1.874432	12.750000	15.500000	0.835829	0.798530	0.761231	0	0	1	1	157	1167461
1444479047	50	33	30	38	7	2	6	1	2	5	0	1	0	0	0	4.939927	0.524677	0.524677	0.521826	1.873626	12.750000	15.500000	0.840319	0.803008	0.765698	0	0	1	1	157	1164689
1444479048	26	23	18	33	4	1	3	0	6	1	0	0	0	0	0	4.943151	0.524677	0.523252	0.523252	1.873626	12.750000	15.500000	0.794054	0.607617	0.682191	0	0	1	1	157	1167447
1444479049	35	25	33	26	5	1	2	2	2	3	0	1	0	0	0	4.939927	0.526103	0.523252	0.523252	1.874432	12.750000	15.500000	0.765698	0.765698	0.765698	0	0	1	1	157	1167461
1444479050	34	38	33	34	4	4	2	5	5	4	1	0	0	0	0	4.939927	0.526103	0.523252	0.523252	1.875238	12.750000	15.500000	0.765698	0.765698	0.728385	0	0	1	1	157	1164682
1444479051	37	28	35	41	4	0	2	1	4	9	0	1	0	1	0	4.941538	0.524677	0.526103	0.516123	1.874432	12.750000	15.500000	0.985028	0.835829	0.723931	0	0	1	1	157	1167446
1444479053	27	36	42	31	4	3	1	3	3	3	0	0	0	0	0	4.938315	0.526103	0.524677	0.521826	1.874432	12.750000	15.500000	0.807490	0.732842	0.919461	0	0	1	1	157	1167456
1444479054	36	37	27	33	4	1	1	6	2	4	0	0	0	0	0	4.941538	0.524677	0.523252	0.523252	1.875238	12.750000	15.500000	0.798530	0.798530	0.723931	0	0	1	1	157	1168597
1444479055	36	35	42	41	4	4	3	2	3	6	0	0	1	0	0	4.941538	0.524677	0.524677	0.521826	1.876850	12.750000	15.500000	0.798530	0.761231	0.723931	0	0	1	1	157	1164686
1444479056	28	25	33	44	2	2	1	1	1	8	0	0	0	0	0	4.943151	0.524677	0.526103	0.523252	1.876850	12.750000	15.500000	0.756766	0.682191	0.943204	0	0	1	1	157	1167437
1444479057	30	30	30	32	5	2	1	3	1	1	0	0	0	0	0	4.939927	0.524677	0.523252	0.523252	1.876850	12.750000	15.500000	0.765698	0.765698	0.691074	0	0	1	1	157	1167451
1444479059	35	30	22	28	1	7	3	1	2	3	1	0	1	0	0	4.941538	0.526103	0.526103	0.523252	1.877656	13.000000	15.500000	0.835829	0.761231	0.686632	0	0	1	1	157	1164678
1444479060	36	43	40	26	4	2	0	9	3	5	1	0	0	1	0	4.939927	0.526103	0.523252	0.521826	1.878462	13.000000	15.500000	0.765698	0.765698	0.765698	0	0	1	1	157	1167437
1444479061	39	33	34	27	6	2	2	3	4	4	0	0	0	1	0	4.941538	0.524677	0.523252	0.521826	1.877656	13.000000	15.500000	0.798530	0.835829	0.723931	0	0	1	1	157	1167451
1444479062	30	38	40	34	2	3	3	3	7	8	0	0	0	3	0	4.939927	0.524677	0.523252	0.520400	1.877656	13.000000	15.500000	0.840319	0.803008	0.728385	0	0	1	1	157	1164682
1444479063	34	35	31	28	5	1	2	5	3	2	0	1	0	0	0	4.941538	0.527529	0.523252	0.517549	1.879267	13.000000	15.500000	0.761231	0.761231	0.761231	0	0	1	1	157	1167437
1444479065	32	28	36	41	4	3	1	3	1	9	0	0	0	0	0	4.938315	0.526103	0.523252	0.518974	1.876044	12.750000	15.500000	0.919461	0.770166	0.770166	0	0	1	1	157	1167451
1444479066	31	36	36	23	4	4	3	6	3	1	0	0	0	0	0	4.941538	0.524677	0.523252	0.523252	1.878462	13.000000	15.500000	0.798530	0.798530	0.723931	0	0	1	1	157	1165908
1444479067	32	29	36	37	2	1	3	3	3	7	0	0	0	0	0	4.936703	0.523252	0.524677	0.521826	1.877656	13.000000	15.500000	0.774638	0.774638	0.774638	0	0	1	1	157	1167446
1444479068	38	26	30	32	3	3	4	1	1	5	1	0	0	0	0	4.939927	0.526103	0.524677	0.518974	1.878462	13.000000	15.500000	0.877631	0.803008	0.728385	0	0	1	1	157	1167461
1444479069	41	33	32	25	4	4	1	4	1	4	2	0	0	0	0	4.939927	0.526103	0.524677	0.523252	1.879267	13.000000	15.500000	0.803008	0.803008	0.728385	0	0	1	1	157	1167461
1444479071	49	36	37	34	7	4	2	0	4	7	0	0	0	0	0	4.941538	0.526103	0.524677	0.523252	1.880073	13.000000	15.500000	0.761231	0.798530	0.761231	0	0	1	1	157	1164689
1444479072	34	37	30	42	3	3	0	3	7	7	1	0	0	1	0	4.941538	0.521826	0.526103	0.518974	1.880073	13.000000	15.500000	0.798530	0.798530	0.761231	0	0	1	1	157	1167447
1444479073	29	33	34	29	4	1	3	4	2	3	0	0	0	0	0	4.939927	0.524677	0.526103	0.523252	1.881685	13.000000	15.500000	0.765698	0.728385	0.728385	0	0	1	1	157	1167461
1444479074	38	33	30	31	3	3	3	1	1	1	0	1	0	0	0	4.939927	0.526103	0.523252	0.521826	1.881685	13.000000	15.500000	0.803008	0.803008	0.765698	0	0	1	1	157	1164687
1444479075	35	48	36	37	9	2	2	7	8	4	0	1	0	1	0	4.941538	0.524677	0.524677	0.523252	1.881685	13.000000	15.500000	0.798530	0.798530	0.761231	0	0	1	1	157	1167446
1444479077	40	29	37	41	5	3	1	1	6	4	0	0	0	0	0	4.939927	0.527529	0.524677	0.520400	1.880879	13.000000	15.500000	0.803008	0.803008	0.728385	0	0	1	1	157	1167453
1444479078	44	33	34	35	6	4	0	2	3	5	1	0	0	0	0	4.939927	0.523252	0.523252	0.523252	1.882491	13.000000	15.500000	0.765698	0.765698	0.728385	0	0	1	1	157	1165826
1444479079	28	33	25	35	6	2	0	3	3	6	1	0	0	0	0	4.939927	0.526103	0.524677	0.521826	1.882491	13.000000	15.500000	0.803008	0.765698	0.728385	0	0	1	1	157	1167436
1444479080	31	36	24	41	7	2	1	2	3	4	1	0	0	0	0	4.939927	0.526103	0.523252	0.518974	1.883297	13.000000	15.500000	0.840319	0.765698	0.728385	0	0	1	1	157	1167452
1444479081	38	31	29	34	2	3	4	3	2	5	0	0	2	0	0	4.941538	0.524677	0.524677	0.523252	1.883297	13.000000	15.500000	0.798530	0.798530	0.723931	0	0	1	1	157	1164679
1444479083	26	39	31	26	2	2	1	3	6	4	0	0	0	0	0	4.939927	0.524677	0.523252	0.523252	1.882491	13.000000	15.500000	0.803008	0.803008	0.728385	0	0	1	1	157	1167440
1444479084	36	31	19	39	4	0	1	2	6	1	0	0	0	0	0	4.941538	0.523252	0.523252	0.523252	1.884103	13.000000	15.500000	0.798530	0.798530	0.723931	0	0	1	1	157	1167451
1444479085	26	35	37	28	2	3	1	3	4	3	0	0	0	1	0	4.941538	0.526103	0.523252	0.521826	1.884909	13.000000	15.500000	0.798530	0.761231	0.761231	0	0	1	1	157	1167449
1444479086	40	32	35	38	5	1	2	6	3	5	0	0	0	0	0	4.941538	0.524677	0.524677	0.523252	1.883297	13.000000	15.500000	0.798530	0.761231	0.761231	0	0	1	1	157	1164684
1444479087	39	31	35	42	5	3	4	1	3	10	0	1	0	1	0	4.939927	0.524677	0.524677	0.521826	1.884909	13.000000	15.500000	0.840319	0.803008	0.728385	0	0	1	1	157	1167437
1444479089	26	30	38	35	2	1	3	4	5	5	0	0	1	1	0	4.931868	0.523252	0.526103	0.523252	1.883297	13.000000	15.500000	0.862816	0.825445	0.788072	0	0	1	1	158	1167472
1444479090	27	28	38	33	7	0	2	4	4	3	0	1	0	0	0	4.941538	0.526103	0.523252	0.521826	1.885714	13.000000	15.500000	0.835829	0.798530	0.761231	0	0	1	1	157	1165820
1444479091	25	35	24	27	3	3	3	1	4	3	0	0	1	0	0	4.939927	0.524677	0.526103	0.521826	1.885714	13.000000	15.500000	0.840319	0.803008	0.728385	0	0	1	1	157	1167449
1444479092	26	33	34	30	2	2	1	6	6	2	0	0	0	2	0	4.936703	0.523252	0.524677	0.523252	1.885714	13.000000	15.500000	0.849310	0.774638	0.737302	0	0	1	1	157	1167461
1444479093	39	30	35	38	3	3	4	4	1	4	0	0	1	0	0	4.941538	0.526103	0.524677	0.521826	1.886520	13.000000	15.500000	0.798530	0.798530	0.723931	0	0	1	1	157	1164688
1444479095	31	25	40	42	3	0	2	2	1	6	0	0	0	0	0	4.939927	0.524677	0.524677	0.521826	1.886520	13.000000	15.500000	0.765698	0.803008	0.728385	0	0	1	1	157	1167449
1444479096	40	42	28	34	7	2	1	2	3	5	1	0	0	0	0	4.941538	0.524677	0.524677	0.521826	1.887326	13.000000	15.500000	0.761231	0.798530	0.761231	0	0	1	1	157	1167461
1444479097	33	34	34	31	3	4	0	2	6	2	0	0	0	0	0	4.943151	0.526103	0.524677	0.523252	1.887326	13.000000	15.500000	0.756766	0.756766	0.719479	0	0	1	1	157	1164697
1444479098	34	36	37	36	3	3	2	2	5	4	1	0	1	0	0	4.941538	0.524677	0.523252	0.523252	1.887326	13.000000	15.500000	0.798530	0.761231	0.761231	0	0	1	1	157	1167446
1444479099	55	41	41	29	7	5	4	5	4	6	0	0	0	1	0	4.941538	0.524677	0.523252	0.523252	1.887326	13.000000	15.500000	0.835829	0.761231	0.723931	0	0	1	1	157	1167461
1444479101	31	44	30	28	4	1	2	2	2	6	0	0	0	0	0	4.938315	0.526103	0.524677	0.521826	1.887326	13.000000	15.500000	0.844813	0.807490	0.732842	0	0	1	1	157	1167456
1444479102	28	40	36	41	4	4	5	6	6	4	1	1	1	0	0	4.943151	0.526103	0.524677	0.521826	1.888132	13.000000	15.500000	0.794054	0.794054	0.644904	0	0	1	1	157	1165745
1444479103	30	36	27	48	5	0	3	3	6	6	0	1	0	1	0	4.943151	0.526103	0.523252	0.523252	1.888938	13.000000	15.500000	0.794054	0.831341	0.756766	0	0	1	1	157	1167439
1444479104	27	32	32	34	3	2	1	2	2	6	0	0	0	0	0	4.941538	0.524677	0.524677	0.523252	1.888938	13.000000	15.500000	0.835829	0.798530	0.723931	0	0	1	1	157	1167452
1444479105	37	51	36	31	9	1	1	3	3	3	0	0	0	0	0	4.939927	0.526103	0.523252	0.523252	1.888938	13.000000	15.500000	0.803008	0.803008	0.728385	0	0	1	1	157	1204956
1444479107	43	40	40	33	7	1	1	3	2	6	0	0	0	1	0	4.938315	0.527529	0.524677	0.521826	1.888938	13.250000	15.500000	0.807490	0.807490	0.770166	0	0	1	1	157	1167436
1444479108	32	31	25	31	4	1	2	1	0	7	0	0	0	0	0	4.941538	0.524677	0.524677	0.521826	1.888938	13.000000	15.500000	0.798530	0.798530	0.761231	0	0	1	1	157	1167449
1444479109	29	28	31	24	2	2	4	2	0	2	0	0	1	0	0	4.938315	0.523252	0.524677	0.523252	1.889744	13.250000	15.500000	0.770166	0.807490	0.770166	0	0	1	1	157	1170130
1444479110	34	40	26	32	4	0	1	6	2	1	0	0	0	0	0	4.939927	0.526103	0.524677	0.521826	1.890550	13.250000	15.500000	0.653762	0.691074	0.616451	0	0	1	1	157	1167437
1444479111	30	35	22	29	3	1	1	4	2	3	0	0	0	0	0	4.941538	0.526103	0.524677	0.521826	1.889744	13.000000	15.500000	0.798530	0.798530	0.761231	0	0	1	1	157	1167452
1444479113	40	23	33	40	4	0	2	1	2	6	0	0	0	0	0	4.938315	0.526103	0.523252	0.521826	1.890550	13.250000	15.500000	0.844813	0.807490	0.770166	0	0	1	1	157	1164681
1444479114	28	31	39	38	3	2	2	0	1	8	0	0	0	0	0	4.939927	0.526103	0.526103	0.523252	1.891355	13.250000	15.500000	0.803008	0.803008	0.765698	0	0	1	1	157	1168592
1444479115	39	41	34	33	3	0	1	6	3	6	0	0	0	1	0	4.941538	0.526103	0.524677	0.521826	1.891355	13.250000	15.500000	0.798530	0.761231	0.686632	0	0	1	1	157	1167461
1444479116	49	34	35	33	6	4	3	1	6	4	0	1	0	0	0	4.941538	0.526103	0.523252	0.521826	1.892161	13.250000	15.500000	0.835829	0.798530	0.723931	0	0	1	1	157	1167461
1444479117	40	38	37	31	6	0	2	5	4	5	0	1	0	0	0	4.941538	0.523252	0.523252	0.523252	1.892161	13.250000	15.500000	0.798530	0.798530	0.723931	0	0	1	1	157	1164692
1444479119	30	33	32	31	3	1	3	2	3	1	0	1	0	0	0	4.943151	0.526103	0.523252	0.523252	1.892967	13.250000	15.500000	0.719479	0.756766	0.682191	0	0	1	1	157	1167446
1444479120	36	37	27	37	6	2	4	6	6	3	0	0	0	1	0	4.939927	0.523252	0.524677	0.521826	1.892161	13.250000	15.500000	0.840319	0.765698	0.728385	0	0	1	1	157	1167461
1444479121	36	38	42	42	2	0	2	4	4	5	0	1	0	0	0	4.941538	0.526103	0.526103	0.521826	1.892161	13.250000	15.500000	0.798530	0.798530	0.723931	0	0	1	1	157	1164691
1444479122	33	32	28	34	4	2	1	3	6	4	1	1	0	0	0	4.939927	0.526103	0.524677	0.520400	1.889744	13.250000	15.500000	0.840319	0.765698	0.728385	0	0	1	1	157	1167446
1444479123	27	34	35	35	3	1	1	2	2	5	0	0	0	1	0	4.941538	0.526103	0.523252	0.521826	1.892967	13.250000	15.500000	0.798530	0.798530	0.649333	0	0	1	1	157	1167461
1444479125	22	33	38	26	1	2	0	1	0	2	0	0	0	0	0	4.939927	0.526103	0.526103	0.521826	1.893773	13.250000	15.500000	0.840319	0.840319	0.765698	0	0	1	1	157	1164694
1444479126	32	41	32	41	4	1	2	3	7	14	0	0	0	1	0	4.941538	0.523252	0.523252	0.523252	1.893773	13.250000	15.500000	0.798530	0.761231	0.761231	0	0	1	1	157	1168582
1444479127	23	26	36	33	3	1	4	2	3	6	1	1	1	1	1	4.939927	0.526103	0.524677	0.521826	1.894579	13.250000	15.500000	0.840319	0.914942	0.765698	0	0	1	1	158	1167473
1444479128	28	32	23	39	1	1	1	1	7	5	0	0	0	0	0	4.941538	0.526103	0.523252	0.521826	1.894579	13.250000	15.500000	0.798530	0.835829	0.761231	0	0	1	1	157	1164684
1444479129	35	48	33	30	6	1	3	2	3	3	0	1	0	0	0	4.939927	0.526103	0.523252	0.523252	1.895385	13.250000	16.000000	0.840319	0.803008	0.728385	0	0	1	1	157	1167437
1444479131	32	34	28	27	3	2	2	3	5	4	0	1	0	0	0	4.939927	0.524677	0.526103	0.521826	1.893773	13.250000	16.000000	0.803008	0.803008	0.765698	0	0	1	1	157	1167451
1444479132	42	32	26	32	3	1	1	2	2	2	0	0	0	0	0	4.941538	0.526103	0.524677	0.523252	1.895385	13.250000	16.000000	0.835829	0.761231	0.649333	0	0	1	1	157	1167451
1444479133	32	31	31	37	2	1	2	3	2	2	0	0	0	0	0	4.941538	0.526103	0.523252	0.521826	1.896191	13.250000	16.000000	0.761231	0.761231	0.723931	0	0	1	1	157	1164696
1444479134	32	36	32	30	3	0	3	1	1	3	0	0	0	0	0	4.951209	0.521826	0.524677	0.523252	1.896191	13.250000	16.000000	0.808946	0.734494	0.697266	0	0	1	1	157	1167437
1444479135	42	25	31	29	4	2	1	2	0	6	0	0	0	0	0	4.939927	0.524677	0.524677	0.523252	1.895385	13.250000	16.000000	0.840319	0.765698	0.728385	0	0	1	1	157	1167452
1444479137	33	33	30	37	4	2	0	1	4	2	0	0	0	0	0	4.939927	0.524677	0.523252	0.521826	1.896191	13.250000	16.000000	0.765698	0.803008	0.728385	0	0	1	1	157	1164683
1444479138	29	39	33	41	6	1	3	5	7	4	0	0	0	1	0	4.939927	0.523252	0.524677	0.521826	1.896996	13.250000	16.000000	0.840319	0.803008	0.728385	0	0	1	1	157	1168592
1444479139	39	38	37	35	9	4	2	3	5	4	2	0	0	0	0	4.943151	0.526103	0.524677	0.521826	1.897802	13.250000	16.000000	0.644904	0.794054	0.682191	0	0	1	1	157	1151831
1444479140	33	31	39	30	3	1	3	0	4	5	0	0	0	0	0	4.939927	0.526103	0.523252	0.523252	1.897802	13.250000	16.000000	0.803008	0.803008	0.728385	0	0	1	1	157	1164621
1444479141	34	31	36	30	3	0	2	2	2	5	0	0	0	1	0	4.941538	0.524677	0.523252	0.523252	1.897802	13.250000	16.000000	0.761231	0.761231	0.686632	0	0	1	1	157	1167446
1444479143	35	44	30	35	6	1	1	1	7	5	0	0	0	0	0	4.941538	0.523252	0.524677	0.523252	1.898608	13.250000	16.000000	0.686632	0.761231	0.649333	0	0	1	1	157	1167461
1444479144	27	36	33	31	4	4	1	4	1	2	1	0	0	0	0	4.941538	0.524677	0.523252	0.521826	1.897802	13.250000	16.000000	0.761231	0.798530	0.723931	0	0	1	1	157	1167460
1444479145	34	38	45	43	6	1	3	2	4	9	0	0	0	2	0	4.939927	0.524677	0.524677	0.521826	1.898608	13.250000	16.000000	0.803008	0.803008	0.728385	0	0	1	1	157	1164693
1444479146	39	39	39	42	4	6	2	5	8	7	1	0	0	4	0	4.943151	0.524677	0.520400	0.518974	1.900220	13.250000	16.000000	0.756766	0.794054	0.756766	0	0	1	1	157	1167447
1444479147	25	31	40	31	2	2	1	2	6	6	0	0	0	1	0	4.941538	0.524677	0.524677	0.521826	1.899414	13.250000	16.000000	0.835829	0.798530	0.798530	0	0	1	1	157	1167461
1444479149	41	34	34	32	5	1	3	3	4	2	0	1	0	0	0	4.939927	0.526103	0.524677	0.523252	1.899414	13.250000	16.000000	0.840319	0.765698	0.765698	0	0	1	1	157	1164706
1444479150	37	28	27	28	1	2	2	4	5	4	0	0	0	2	0	4.941538	0.524677	0.523252	0.523252	1.899414	13.250000	16.000000	0.798530	0.798530	0.686632	0	0	1	1	157	1168582
1444479151	41	33	33	31	7	1	3	3	5	3	1	0	0	0	0	4.941538	0.524677	0.524677	0.523252	1.901026	13.250000	16.000000	0.761231	0.835829	0.761231	0	0	1	1	157	1167451
1444479152	40	24	35	38	5	3	2	1	3	5	0	2	0	0	0	4.943151	0.524677	0.524677	0.523252	1.901026	13.250000	16.000000	0.794054	0.794054	0.756766	0	0	1	1	157	1164721
1444479153	37	34	36	34	2	3	0	4	2	7	0	0	0	0	0	4.939927	0.526103	0.526103	0.521826	1.901832	13.500000	16.000000	0.803008	0.803008	0.728385	0	0	1	1	157	1167437
1444479155	24	37	28	39	4	0	1	2	2	6	0	0	0	0	0	4.939927	0.518974	0.520400	0.528955	1.901832	13.500000	16.000000	0.803008	0.803008	0.728385	0	0	1	1	157	1167452
1444479156	37	29	38	40	7	2	2	1	2	3	0	0	0	0	0	4.939927	0.524677	0.523252	0.523252	1.901832	13.500000	16.000000	0.840319	0.803008	0.728385	0	0	1	1	157	1164679
1444479157	43	27	33	43	4	2	5	1	2	4	0	0	1	0	0	4.941538	0.526103	0.524677	0.523252	1.901832	13.250000	16.000000	0.798530	0.798530	0.723931	0	0	1	1	157	1167478
1444479158	37	36	31	33	3	1	3	4	1	4	1	0	0	1	0	4.938315	0.526103	0.523252	0.521826	1.902637	13.500000	16.000000	0.807490	0.807490	0.732842	0	0	1	1	157	1167451
1444479159	29	37	24	41	4	0	2	2	6	2	0	0	0	1	0	4.941538	0.526103	0.524677	0.520400	1.901026	13.250000	16.000000	0.835829	0.798530	0.761231	0	0	1	1	157	1167449
1444479161	41	43	32	26	7	2	3	2	3	8	0	1	0	0	0	4.941538	0.526103	0.524677	0.523252	1.902637	13.500000	16.000000	0.835829	0.798530	0.723931	0	0	1	1	157	1164696
1444479162	28	30	36	35	1	2	1	4	3	6	0	0	0	0	0	4.936703	0.526103	0.523252	0.523252	1.902637	13.500000	16.000000	0.849310	0.811974	0.737302	0	0	1	1	157	1168593
1444479163	35	25	37	30	0	2	1	5	4	6	0	0	0	0	0	4.941538	0.524677	0.521826	0.518974	1.904249	13.500000	16.000000	0.761231	0.723931	0.761231	0	0	1	1	157	1167461
1444479164	37	42	22	29	6	1	3	4	7	3	0	0	0	1	0	4.939927	0.526103	0.524677	0.523252	1.903443	13.500000	16.000000	0.840319	0.803008	0.728385	0	0	1	1	157	1164675
1444479165	22	29	33	39	1	2	3	4	3	8	1	0	0	0	0	4.941538	0.523252	0.524677	0.523252	1.904249	13.500000	16.000000	0.798530	0.798530	0.761231	0	0	1	1	157	1167449
1444479167	33	35	38	45	6	0	2	1	2	5	0	0	0	0	0	4.943151	0.521826	0.523252	0.523252	1.904249	13.500000	16.000000	0.794054	0.794054	0.719479	0	0	1	1	157	1167461
1444479168	30	38	36	32	5	1	2	2	5	5	0	1	1	0	0	4.939927	0.526103	0.523252	0.523252	1.904249	13.500000	16.000000	0.840319	0.803008	0.728385	0	0	1	1	157	1164682
1444479169	33	29	26	29	4	0	1	4	3	0	0	0	0	0	0	4.936703	0.524677	0.526103	0.523252	1.904249	13.500000	16.000000	0.811974	0.811974	0.774638	0	0	1	1	157	1167449
1444479170	31	40	46	39	4	1	4	3	3	5	0	0	0	0	0	4.941538	0.526103	0.523252	0.521826	1.905055	13.500000	16.000000	0.798530	0.798530	0.723931	0	0	1	1	157	1167461
1444479171	35	32	35	39	4	1	0	3	3	4	0	0	0	0	0	4.939927	0.526103	0.523252	0.523252	1.905055	13.500000	16.000000	0.840319	0.765698	0.728385	0	0	1	1	157	1164692
1444479173	27	27	32	25	3	4	0	2	0	4	1	0	0	0	0	4.939927	0.526103	0.526103	0.523252	1.905055	13.500000	16.000000	0.840319	0.803008	0.765698	0	0	1	1	157	1167441
1444479174	40	42	31	26	4	2	4	3	5	3	0	1	1	1	0	4.939927	0.523252	0.524677	0.521826	1.905861	13.500000	16.000000	0.765698	0.803008	0.691074	0	0	1	1	157	1168600
1444479175	37	35	34	39	6	0	4	3	3	4	0	1	0	0	0	4.938315	0.526103	0.523252	0.521826	1.906667	13.500000	16.000000	0.807490	0.807490	0.770166	0	0	1	1	157	1167451
1444479176	45	41	24	22	7	3	2	3	1	5	0	0	1	0	0	4.941538	0.526103	0.526103	0.521826	1.905861	13.500000	16.000000	0.798530	0.835829	0.723931	0	0	1	1	157	1164716
1444479177	25	45	26	33	7	0	2	1	4	1	0	0	0	0	0	4.936703	0.524677	0.523252	0.523252	1.905861	13.500000	16.000000	0.774638	0.774638	0.737302	0	0	1	1	157	1167439
1444479179	23	42	36	30	3	1	0	3	4	6	0	0	0	0	0	4.939927	0.526103	0.524677	0.523252	1.906667	13.500000	16.000000	0.803008	0.840319	0.765698	0	0	1	1	157	1167452
1444479180	31	49	29	33	6	3	3	4	4	1	0	0	0	0	0	4.941538	0.526103	0.526103	0.521826	1.907473	13.500000	16.000000	0.723931	0.835829	0.723931	0	0	1	1	157	1164678
1444479181	40	40	37	33	5	1	3	1	4	10	0	1	1	0	0	4.941538	0.526103	0.521826	0.523252	1.908278	13.500000	16.000000	0.835829	0.798530	0.723931	0	0	1	1	157	1167437
1444479182	44	37	26	41	4	3	4	3	4	3	0	0	1	0	0	4.939927	0.526103	0.523252	0.523252	1.907473	13.500000	16.000000	0.803008	0.765698	0.765698	0	0	1	1	158	1167472
1444479183	33	35	41	35	6	6	4	5	5	6	1	2	0	2	0	4.941538	0.526103	0.523252	0.523252	1.909084	13.500000	16.000000	0.798530	0.761231	0.798530	0	0	1	1	157	1164683
1444479185	46	32	29	30	1	4	1	1	5	4	0	0	1	1	0	4.938315	0.526103	0.523252	0.523252	1.908278	13.500000	16.000000	0.844813	0.807490	0.770166	0	0	1	1	157	1167437
1444479186	43	33	31	28	5	3	3	1	2	5	0	1	0	0	0	4.936703	0.526103	0.524677	0.523252	1.909084	13.500000	16.000000	0.849310	0.774638	0.774638	0	0	1	1	157	1168609
1444479187	45	37	33	36	5	3	2	4	2	7	0	0	0	1	0	4.939927	0.521826	0.521826	0.524677	1.909084	13.500000	16.000000	0.803008	0.840319	0.728385	0	0	1	1	157	1164694
1444479188	35	43	32	34	2	5	2	4	5	4	0	0	0	1	0	4.939927	0.526103	0.524677	0.521826	1.909084	13.500000	16.000000	0.840319	0.765698	0.765698	0	0	1	1	157	1167446
1444479189	37	28	30	44	4	2	3	2	3	5	0	1	0	0	0	4.939927	0.526103	0.524677	0.520400	1.909890	13.500000	16.000000	0.803008	0.803008	0.728385	0	0	1	1	157	1167461
1444479191	31	21	31	26	5	2	2	1	0	3	0	0	0	0	0	4.938315	0.524677	0.526103	0.523252	1.909084	13.500000	16.000000	0.844813	0.844813	0.732842	0	0	1	1	157	1167461
1444479192	39	26	32	31	1	6	1	0	3	4	0	0	0	0	0	4.943151	0.524677	0.524677	0.523252	1.911502	13.500000	16.000000	0.756766	0.756766	0.756766	0	0	1	1	157	1164693
1444479193	27	32	36	39	0	4	2	5	5	8	0	0	0	1	0	4.939927	0.526103	0.524677	0.523252	1.910696	13.500000	16.000000	0.803008	0.765698	0.728385	0	0	1	1	157	1167447
1444479194	44	33	35	43	6	2	2	4	5	2	1	1	1	0	1	4.941538	0.524677	0.524677	0.521826	1.910696	13.500000	16.000000	0.761231	0.798530	0.723931	0	0	1	1	157	1167461
1444479195	34	38	33	27	2	1	3	1	3	5	0	0	0	0	0	4.941538	0.524677	0.526103	0.520400	1.911502	13.500000	16.000000	0.798530	0.798530	0.761231	0	0	1	1	157	1164693
1444479197	23	36	34	39	5	1	3	0	5	5	0	1	0	0	0	4.941538	0.526103	0.523252	0.523252	1.911502	13.500000	16.000000	0.761231	0.798530	0.761231	0	0	1	1	157	1167442
1444479198	37	24	34	34	4	4	1	0	2	7	0	0	0	0	0	4.941538	0.523252	0.526103	0.521826	1.912308	13.500000	16.000000	0.798530	0.798530	0.761231	0	0	1	1	157	1168597
1444479199	39	31	28	27	5	4	3	1	4	2	1	2	0	0	0	4.944762	0.526103	0.523252	0.523252	1.912308	13.500000	16.000000	0.789581	0.789581	0.752306	0	0	1	1	157	1164680
1444479200	38	34	31	33	8	4	1	4	3	3	3	0	0	0	0	4.941538	0.524677	0.524677	0.520400	1.910696	13.500000	16.000000	0.761231	0.761231	0.723931	0	0	1	1	157	1167435
1444479201	31	32	38	36	1	4	2	1	7	3	0	0	0	1	0	4.938315	0.523252	0.524677	0.523252	1.912308	13.500000	16.000000	0.807490	0.807490	0.770166	0	0	1	1	157	1167452
1444479203	41	32	38	29	4	3	2	3	2	4	1	0	0	0	0	4.939927	0.524677	0.523252	0.521826	1.913114	13.500000	16.000000	0.803008	0.803008	0.728385	0	0	1	1	157	1164687
1444479204	30	33	26	41	5	0	1	2	6	6	0	1	0	0	0	4.941538	0.521826	0.523252	0.523252	1.913919	13.500000	16.000000	0.761231	0.761231	0.761231	0	0	1	1	157	1167437
1444479205	37	39	38	40	7	5	3	4	6	5	2	0	1	1	0	4.939927	0.524677	0.523252	0.523252	1.913919	13.500000	16.000000	0.803008	0.803008	0.728385	0	0	1	1	157	1167451
1444479206	49	37	36	32	2	5	2	3	1	6	1	0	0	0	0	4.941538	0.526103	0.523252	0.521826	1.913919	13.500000	16.000000	0.798530	0.798530	0.723931	0	0	1	1	157	1167451
1444479207	32	33	34	32	4	2	4	2	4	7	0	2	0	0	0	4.943151	0.523252	0.524677	0.521826	1.914725	13.500000	16.000000	0.644904	0.719479	0.682191	0	0	1	1	157	1164687
1444479209	42	39	35	35	4	2	4	5	1	8	0	0	0	0	0	4.939927	0.526103	0.523252	0.521826	1.913919	13.500000	16.000000	0.840319	0.803008	0.728385	0	0	1	1	157	1167437
1444479210	32	30	27	43	5	1	1	1	1	5	1	1	0	0	0	4.939927	0.524677	0.523252	0.521826	1.913919	13.500000	16.000000	0.803008	0.803008	0.765698	0	0	1	1	157	1168607
1444479211	29	44	34	31	1	1	0	3	4	10	0	0	0	1	0	4.939927	0.524677	0.523252	0.523252	1.913919	13.500000	16.000000	0.765698	0.803008	0.691074	0	0	1	1	157	1164710
1444479212	34	31	21	32	3	2	2	0	2	6	0	0	0	0	0	4.943151	0.521826	0.526103	0.523252	1.915531	13.750000	16.000000	0.794054	0.794054	0.756766	0	0	1	1	158	1167467
1444479213	48	42	27	31	9	2	4	2	2	2	0	0	0	0	0	4.939927	0.523252	0.523252	0.523252	1.915531	13.750000	16.000000	0.765698	0.803008	0.765698	0	0	1	1	157	1167456
1444479215	32	28	29	40	5	2	0	1	3	4	0	0	0	0	0	4.939927	0.526103	0.524677	0.521826	1.915531	13.750000	16.000000	0.803008	0.840319	0.765698	0	0	1	1	157	1164695
1444479216	35	36	35	26	3	1	1	3	3	1	0	0	0	1	0	4.939927	0.523252	0.524677	0.523252	1.916337	13.750000	16.000000	0.691074	0.765698	0.691074	0	0	1	1	157	1167446
1444479217	39	34	27	27	5	2	3	2	4	2	0	2	0	0	0	4.941538	0.526103	0.526103	0.523252	1.917143	13.750000	16.000000	0.835829	0.761231	0.723931	0	0	1	1	157	1167461
1444479218	39	36	35	31	5	6	4	3	2	5	2	0	1	0	0	4.939927	0.524677	0.523252	0.523252	1.916337	13.750000	16.000000	0.765698	0.765698	0.728385	0	0	1	1	157	1164689
1444479219	22	29	34	34	4	1	0	6	2	5	0	0	0	0	0	4.941538	0.524677	0.518974	0.516123	1.917143	13.750000	16.000000	0.686632	0.761231	0.723931	0	0	1	1	157	1167446
1444479221	36	33	34	40	5	5	5	2	4	6	1	2	2	1	1	4.939927	0.526103	0.524677	0.521826	1.916337	13.750000	16.000000	0.616451	0.728385	0.691074	0	0	1	1	157	1167456
1444479222	21	36	35	24	3	1	0	3	4	3	0	0	0	0	0	4.939927	0.526103	0.524677	0.520400	1.917949	13.750000	16.000000	0.803008	0.803008	0.728385	0	0	1	1	157	1168597
1444479223	42	32	33	37	4	3	2	2	3	6	0	0	0	0	0	4.939927	0.524677	0.524677	0.521826	1.917143	13.750000	16.000000	0.840319	0.765698	0.728385	0	0	1	1	157	1164680
1444479224	29	32	31	39	1	2	1	2	4	8	0	0	0	1	0	4.941538	0.526103	0.523252	0.523252	1.917949	13.750000	16.000000	0.612034	0.723931	0.612034	0	0	1	1	157	1167436
1444479225	44	34	37	32	3	5	1	4	3	3	1	0	0	1	0	4.938315	0.523252	0.523252	0.521826	1.917949	13.750000	16.000000	0.770166	0.770166	0.732842	0	0	1	1	157	1167452
1444479227	47	40	42	30	8	1	3	2	3	5	0	0	0	1	0	4.939927	0.523252	0.524677	0.521826	1.918755	13.750000	16.000000	0.840319	0.765698	0.765698	0	0	1	1	157	1164608
1444479228	36	37	39	34	9	5	3	1	5	5	1	2	1	1	1	4.941538	0.526103	0.526103	0.520400	1.918755	13.750000	16.000000	0.835829	0.835829	0.761231	0	0	1	1	157	1167437
1444479229	32	40	44	34	6	4	2	3	6	6	0	2	0	0	0	4.941538	0.523252	0.524677	0.521826	1.919561	13.750000	16.000000	0.761231	0.761231	0.649333	0	0	1	1	157	1167451
1444479230	31	46	45	40	1	2	0	4	4	11	0	0	0	0	0	4.939927	0.526103	0.524677	0.521826	1.918755	13.750000	16.000000	0.803008	0.803008	0.765698	0	0	1	1	157	1164791
1444479231	35	32	33	49	5	6	4	2	3	12	1	2	1	1	1	4.943151	0.528955	0.523252	0.521826	1.919561	13.750000	16.000000	0.756766	0.756766	0.756766	0	0	1	1	158	1167458
1444479233	41	35	38	39	4	2	3	2	2	7	0	0	1	0	0	4.939927	0.524677	0.520400	0.516123	1.919561	13.750000	16.000000	0.765698	0.803008	0.728385	0	0	1	1	158	1167468
1444479234	32	39	38	47	7	1	2	2	8	6	0	0	1	0	0	4.939927	0.523252	0.526103	0.521826	1.921172	13.750000	16.000000	0.803008	0.803008	0.765698	0	0	1	1	157	1168602
1444479235	38	31	32	39	3	3	0	2	3	8	0	0	0	0	0	4.939927	0.524677	0.526103	0.521826	1.921172	13.750000	16.500000	0.840319	0.765698	0.728385	0	0	1	1	157	1164692
1444479236	41	33	32	25	7	2	0	1	4	1	0	0	0	0	0	4.939927	0.524677	0.523252	0.521826	1.917949	13.750000	16.000000	0.840319	0.803008	0.728385	0	0	1	1	157	1167446
1444479237	29	28	41	32	2	2	2	4	3	2	0	0	0	0	0	4.939927	0.524677	0.526103	0.523252	1.921172	13.750000	16.500000	0.803008	0.765698	0.653762	0	0	1	1	157	1167461
1444479239	29	29	34	39	2	3	3	3	2	4	0	0	0	0	0	4.939927	0.524677	0.523252	0.521826	1.921978	13.750000	16.500000	0.803008	0.803008	0.728385	0	0	1	1	157	1164703
1444479240	32	29	30	37	2	1	1	0	4	6	0	0	0	0	0	4.944762	0.526103	0.520400	0.521826	1.921978	13.750000	16.500000	0.826856	0.789581	0.752306	0	0	1	1	157	1167446
1444479241	36	32	38	38	4	2	2	3	1	8	0	0	0	0	0	4.941538	0.523252	0.524677	0.523252	1.921978	13.750000	16.500000	0.798530	0.761231	0.761231	0	0	1	1	157	1167461
1444479242	32	42	44	26	6	3	1	3	3	2	1	1	0	0	0	4.941538	0.526103	0.524677	0.523252	1.922784	13.750000	16.500000	0.798530	0.761231	0.723931	0	0	1	1	157	1164697
1444479243	46	18	26	41	3	5	4	2	6	7	0	0	1	1	0	4.941538	0.523252	0.524677	0.521826	1.921978	13.750000	16.500000	0.798530	0.798530	0.723931	0	0	1	1	157	1167446
1444479245	39	36	30	37	6	2	1	5	1	1	0	0	0	0	0	4.946374	0.523252	0.523252	0.523252	1.921978	13.750000	16.500000	0.785111	0.822375	0.747849	0	0	1	1	157	1167454
1444479246	35	31	29	34	8	3	4	4	4	3	0	3	0	1	0	4.941538	0.524677	0.524677	0.523252	1.923590	13.750000	16.500000	0.798530	0.798530	0.723931	0	0	1	1	157	1165848
1444479247	29	44	42	43	5	1	0	2	2	7	0	0	0	0	0	4.941538	0.524677	0.524677	0.523252	1.924396	13.750000	16.500000	0.761231	0.761231	0.723931	0	0	1	1	157	1167436
1444479248	32	38	38	30	3	3	2	2	7	2	0	0	0	0	0	4.947986	0.521826	0.524677	0.523252	1.924396	13.750000	16.500000	0.780645	0.780645	0.706143	0	0	1	1	157	1167452
1444479249	33	31	36	34	3	3	3	1	5	4	0	0	1	0	0	4.941538	0.524677	0.524677	0.523252	1.924396	13.750000	16.500000	0.873128	0.798530	0.723931	0	0	1	1	157	1167452
1444479251	18	25	36	42	0	1	1	2	2	1	0	0	0	0	0	4.941538	0.523252	0.526103	0.521826	1.924396	13.750000	16.500000	0.798530	0.798530	0.723931	0	0	1	1	157	1164699
1444479252	32	26	28	33	5	1	2	4	1	4	0	0	0	0	0	4.939927	0.524677	0.524677	0.523252	1.925202	13.750000	16.500000	0.803008	0.765698	0.728385	0	0	1	1	157	1167437
1444479253	33	38	20	34	1	0	2	1	4	1	0	0	0	0	0	4.939927	0.526103	0.524677	0.521826	1.924396	13.750000	16.500000	0.803008	0.803008	0.765698	0	0	1	1	157	1167449
1444479254	33	32	34	39	1	1	1	4	5	8	0	0	0	0	0	4.941538	0.526103	0.523252	0.523252	1.925202	13.750000	16.500000	0.798530	0.798530	0.723931	0	0	1	1	157	1164689
1444479255	23	34	41	47	6	1	2	2	2	8	1	1	1	1	1	4.941538	0.524677	0.524677	0.521826	1.925202	13.750000	16.500000	0.835829	0.835829	0.723931	0	0	1	1	157	1167436
1444479257	21	33	35	38	1	1	0	2	4	5	0	0	0	0	0	4.941538	0.526103	0.524677	0.521826	1.925202	13.750000	16.500000	0.835829	0.798530	0.761231	0	0	1	1	157	1167452
1444479258	31	45	35	43	8	0	4	1	6	9	0	0	0	0	0	4.939927	0.524677	0.524677	0.523252	1.926007	13.750000	16.500000	0.765698	0.765698	0.728385	0	0	1	1	157	1165836
1444479259	39	40	25	42	4	1	2	2	5	6	0	0	0	1	0	4.941538	0.524677	0.524677	0.523252	1.926007	13.750000	16.500000	0.835829	0.761231	0.761231	0	0	1	1	157	1167450
1444479260	32	35	41	36	3	2	2	4	3	5	0	1	1	0	0	4.941538	0.526103	0.523252	0.521826	1.926813	13.750000	16.500000	0.798530	0.798530	0.723931	0	0	1	1	157	1167461
1444479261	27	30	37	35	1	3	3	5	6	7	0	0	0	3	0	4.941538	0.524677	0.526103	0.523252	1.926813	13.750000	16.500000	0.798530	0.798530	0.686632	0	0	1	1	157	1164691
1444479263	28	32	24	33	2	1	0	1	2	6	0	0	0	0	0	4.941538	0.524677	0.526103	0.523252	1.927619	14.000000	16.500000	0.835829	0.798530	0.761231	0	0	1	1	157	1167449
1444479264	34	31	32	24	3	2	0	4	2	4	0	0	0	0	0	4.941538	0.526103	0.523252	0.521826	1.927619	14.000000	16.500000	0.798530	0.798530	0.723931	0	0	1	1	157	1167462
1444479265	44	29	34	32	2	4	3	5	5	7	0	0	1	2	0	4.941538	0.524677	0.524677	0.523252	1.927619	14.000000	16.500000	0.835829	0.612034	0.686632	0	0	1	1	157	1167461
1444479266	32	38	37	41	4	3	2	2	5	4	0	0	0	0	0	4.941538	0.524677	0.524677	0.517549	1.926813	13.750000	16.500000	0.835829	0.723931	0.723931	0	0	1	1	157	1176747
1444479267	35	41	30	40	3	1	3	3	5	9	0	2	0	0	0	4.941538	0.524677	0.524677	0.523252	1.928425	14.000000	16.500000	0.798530	0.798530	0.761231	0	0	1	1	157	1167446
1444479269	38	41	28	37	5	0	3	3	5	4	0	0	0	0	0	4.938315	0.526103	0.524677	0.523252	1.927619	14.000000	16.500000	0.844813	0.807490	0.770166	0	0	1	1	157	1167459
1444479270	32	38	29	47	6	4	5	3	2	8	1	1	1	1	0	4.939927	0.526103	0.523252	0.523252	1.929231	14.000000	16.500000	0.803008	0.803008	0.728385	0	0	1	1	157	1165844
1444479271	32	31	39	25	4	4	2	2	2	2	0	0	1	0	0	4.941538	0.524677	0.523252	0.523252	1.929231	14.000000	16.500000	0.798530	0.723931	0.910427	0	0	1	1	157	1167437
1444479272	38	45	30	42	4	6	4	3	6	8	1	0	2	2	0	4.943151	0.526103	0.523252	0.523252	1.930037	14.000000	16.500000	0.831341	0.794054	0.719479	0	0	1	1	157	1167452
1444479273	37	35	30	35	5	0	3	0	1	2	0	0	0	0	0	4.939927	0.526103	0.524677	0.521826	1.929231	14.000000	16.500000	0.803008	0.803008	0.728385	0	0	1	1	157	1164679
1444479275	26	35	30	35	1	1	0	5	3	2	0	0	0	0	0	4.941538	0.524677	0.523252	0.521826	1.930843	14.000000	16.500000	0.798530	0.761231	0.723931	0	0	1	1	157	1167437
1444479276	32	38	31	32	2	2	0	4	5	3	1	0	0	0	0	4.941538	0.523252	0.523252	0.521826	1.930037	14.000000	16.500000	0.798530	0.798530	0.686632	0	0	1	1	157	1167451
1444479277	41	36	38	40	5	1	3	1	2	5	0	0	0	0	0	4.936703	0.524677	0.524677	0.523252	1.929231	14.000000	16.500000	0.774638	0.737302	0.774638	0	0	1	1	157	1164682
1444479278	40	32	36	25	3	2	3	3	5	5	0	0	0	1	0	4.941538	0.528955	0.523252	0.520400	1.930843	14.000000	16.500000	0.798530	0.798530	0.723931	0	0	1	1	157	1167437
1444479279	31	29	30	30	2	2	2	4	4	4	0	0	0	1	0	4.941538	0.526103	0.523252	0.521826	1.931648	14.000000	16.500000	0.761231	0.798530	0.761231	0	0	1	1	157	1167451
1444479281	36	29	26	29	6	1	6	4	4	0	0	2	0	0	0	4.938315	0.524677	0.526103	0.523252	1.930843	14.000000	16.500000	0.807490	0.807490	0.770166	0	0	1	1	157	1167451
1444479282	39	40	29	37	3	4	5	5	5	4	0	0	1	2	0	4.939927	0.523252	0.527529	0.521826	1.931648	14.000000	16.500000	0.803008	0.840319	0.653762	0	0	1	1	157	1180980
1444479283	40	33	24	32	7	2	2	4	4	2	1	1	0	0	0	4.939927	0.526103	0.527529	0.521826	1.931648	14.000000	16.500000	0.840319	0.877631	0.765698	0	0	1	1	157	1167449
1444479284	32	41	27	38	5	1	1	3	4	7	0	0	0	0	0	4.939927	0.526103	0.524677	0.523252	1.931648	14.000000	16.500000	0.840319	0.803008	0.728385	0	0	1	1	157	1167460
1444479285	47	41	37	37	4	2	3	3	7	5	0	0	0	1	0	4.941538	0.523252	0.527529	0.521826	1.931648	14.000000	16.500000	0.835829	0.873128	0.761231	0	0	1	1	157	1164715
1444479287	33	28	29	28	6	1	3	1	1	2	0	0	0	0	0	4.939927	0.526103	0.526103	0.523252	1.932454	14.000000	16.500000	0.803008	0.840319	0.765698	0	0	1	1	157	1167447
1444479288	32	33	41	38	1	3	2	4	4	6	0	1	0	1	0	4.939927	0.524677	0.527529	0.521826	1.933260	14.000000	16.500000	0.765698	0.803008	0.728385	0	0	1	1	157	1167461
1444479289	30	32	34	37	2	0	4	2	3	4	0	0	0	0	0	4.939927	0.526103	0.521826	0.523252	1.933260	14.000000	16.500000	0.803008	0.803008	0.728385	0	0	1	1	157	1164707
1444479290	43	28	39	30	7	5	0	2	1	5	1	0	0	0	0	4.939927	0.524677	0.524677	0.521826	1.933260	14.000000	16.500000	0.803008	0.840319	0.765698	0	0	1	1	157	1167446
1444479291	33	37	23	29	4	0	1	4	4	3	0	0	0	2	0	4.939927	0.524677	0.526103	0.523252	1.934066	14.000000	16.500000	0.803008	0.840319	0.728385	0	0	1	1	157	1167462
1444479293	29	25	29	33	6	3	2	2	1	4	0	0	0	0	0	4.936703	0.526103	0.524677	0.521826	1.933260	14.000000	16.500000	0.774638	0.811974	0.737302	0	0	1	1	157	1164678
1444479294	29	41	27	35	4	0	4	1	1	2	0	0	0	0	0	4.939927	0.523252	0.523252	0.523252	1.934066	14.000000	16.500000	0.840319	0.765698	0.691074	0	0	1	1	157	1168583
1444479295	35	32	32	43	3	3	1	0	4	5	0	0	1	0	0	4.938315	0.524677	0.523252	0.521826	1.934066	14.000000	16.500000	0.807490	0.807490	0.732842	0	0	1	1	157	1167451
1444479296	37	29	31	39	3	1	4	1	5	9	0	1	0	1	0	4.939927	0.524677	0.523252	0.523252	1.934872	14.000000	16.500000	0.803008	0.765698	0.765698	0	0	1	1	157	1167451
1444479297	35	37	28	41	2	2	1	1	3	6	0	0	0	0	0	4.939927	0.526103	0.524677	0.521826	1.935678	14.000000	16.500000	0.803008	0.803008	0.653762	0	0	1	1	157	1164680
1444479299	35	34	33	33	5	5	2	1	5	4	0	2	0	0	0	4.939927	0.526103	0.524677	0.523252	1.935678	14.000000	16.500000	0.803008	0.803008	0.691074	0	0	1	1	157	1167436
1444479300	37	36	27	33	5	1	3	4	4	3	0	1	0	0	0	4.939927	0.526103	0.523252	0.523252	1.934872	14.000000	16.500000	0.803008	0.803008	0.728385	0	0	1	1	157	1167451
1444479301	27	47	33	27	8	1	0	2	4	3	1	0	0	0	0	4.941538	0.524677	0.523252	0.521826	1.935678	14.000000	16.500000	0.686632	0.761231	0.798530	0	0	1	1	157	1164681
1444479302	31	40	37	47	6	3	2	3	4	5	1	1	0	0	0	4.939927	0.526103	0.523252	0.523252	1.936484	14.000000	16.500000	0.803008	0.803008	0.728385	0	0	1	1	157	1167437
1444479303	24	41	31	42	2	1	0	0	4	2	0	0	0	0	0	4.939927	0.523252	0.523252	0.523252	1.936484	14.000000	16.500000	0.803008	0.765698	0.765698	0	0	1	1	157	1167454
1444479305	37	33	35	34	7	3	2	0	1	5	0	0	0	0	0	4.936703	0.526103	0.524677	0.521826	1.935678	14.000000	16.500000	0.849310	0.774638	0.774638	0	0	1	1	157	1164687
1444479306	35	31	36	27	3	1	0	2	3	6	0	0	0	0	0	4.939927	0.524677	0.523252	0.523252	1.936484	14.000000	16.500000	0.840319	0.803008	0.728385	0	0	1	1	157	1168592
1444479307	35	32	39	35	4	1	1	3	1	5	0	0	0	0	0	4.941538	0.523252	0.523252	0.523252	1.937289	14.000000	16.500000	0.835829	0.761231	0.761231	0	0	1	1	157	1167461
1444479308	33	32	33	36	2	3	2	4	4	3	0	0	1	1	0	4.939927	0.524677	0.524677	0.521826	1.937289	14.000000	16.500000	0.803008	0.803008	0.728385	0	0	1	1	157	1164695
1444479309	22	29	24	37	3	1	2	4	6	2	0	0	0	0	0	4.943151	0.526103	0.524677	0.521826	1.938095	14.000000	16.500000	0.831341	0.644904	0.607617	0	0	1	1	157	1167447
1444479311	31	45	41	45	7	1	2	4	6	7	0	1	0	2	0	4.943151	0.526103	0.523252	0.523252	1.938095	14.000000	16.500000	0.794054	0.756766	0.719479	0	0	1	1	157	1167461
1444479312	25	30	36	42	0	2	2	3	1	6	0	0	0	0	0	4.941538	0.524677	0.524677	0.521826	1.938901	14.000000	16.500000	0.835829	0.798530	0.761231	0	0	1	1	157	1167464
1444479313	38	37	31	29	4	4	1	3	4	0	0	0	0	0	0	4.941538	0.523252	0.526103	0.516123	1.938095	14.000000	16.500000	0.761231	0.798530	0.761231	0	0	1	1	157	1164693
1444479314	29	24	31	30	4	3	2	0	2	6	0	0	2	0	0	4.939927	0.524677	0.527529	0.523252	1.938901	14.250000	16.500000	0.840319	0.803008	0.728385	0	0	1	1	157	1167446
1444479315	35	27	32	34	5	2	2	1	4	2	0	0	0	0	0	4.939927	0.526103	0.523252	0.521826	1.938901	14.250000	16.500000	0.803008	0.803008	0.765698	0	0	1	1	157	1167464
1444479317	35	45	34	30	3	3	0	5	8	5	1	0	0	2	0	4.936703	0.524677	0.526103	0.521826	1.938901	14.250000	16.500000	0.811974	0.886645	0.774638	0	0	1	1	157	1164690
1444479318	29	41	38	41	3	1	3	4	5	7	0	1	0	1	0	4.943151	0.526103	0.524677	0.523252	1.940513	14.250000	16.500000	0.756766	0.644904	0.905915	0	0	1	1	157	1168583
1444479319	42	38	32	30	5	1	4	2	2	3	0	0	0	1	0	4.941538	0.526103	0.523252	0.523252	1.938901	14.000000	16.500000	0.798530	0.798530	0.723931	0	0	1	1	157	1167452
1444479320	38	28	36	32	3	2	4	4	2	6	0	0	0	0	0	4.939927	0.524677	0.524677	0.521826	1.940513	14.250000	16.500000	0.840319	0.803008	0.765698	0	0	1	1	157	1164700
