time	cnt1	cnt2	cnt3	cnt4	1&2	1&3	1&4	2&3	2&4	3&4	1&2&3	1&2&4	1&3&4	2&3&4	1&2&3&4	adcr	adcp1	adcp2	adcp3	adcntc	ntcT	digT	p1	p2	p3	hvstate	pbsstate	ethstate	listpbs	sdstate	looptime
1444479321	33	30	32	42	4	1	1	0	3	5	0	0	0	0	0	4.943151	0.524677	0.523252	0.521826	1.941319	14.250000	16.500000	0.719479	0.794054	0.756766	0	0	1	1	157	1167437
1444479323	38	21	34	38	5	3	2	4	1	6	0	0	1	0	0	4.939927	0.523252	0.523252	0.521826	1.940513	14.250000	16.500000	0.765698	0.765698	0.728385	0	0	1	1	157	1229914
1444479324	37	38	41	34	5	4	3	3	2	5	3	0	0	0	0	4.939927	0.524677	0.523252	0.521826	1.941319	14.250000	16.500000	0.765698	0.653762	0.691074	0	0	1	1	157	1167437
1444479325	39	36	24	29	6	2	3	1	3	2	1	1	0	0	0	4.939927	0.524677	0.524677	0.523252	1.940513	14.250000	16.500000	0.840319	0.803008	0.728385	0	0	1	1	157	1201479
1444479326	38	28	36	32	3	4	1	1	3	4	0	0	0	0	0	4.941538	0.526103	0.526103	0.521826	1.941319	14.250000	16.500000	0.798530	0.835829	0.723931	0	0	1	1	157	1167440
1444479328	37	35	32	33	3	2	0	4	3	6	0	0	0	1	0	4.936703	0.577430	0.523252	0.521826	1.942125	14.250000	16.500000	0.774638	0.811974	0.737302	0	0	1	1	157	1167451
1444479329	35	30	37	22	2	3	0	3	3	3	0	0	0	0	0	4.939927	0.524677	0.524677	0.523252	1.941319	14.250000	16.500000	0.840319	0.803008	0.765698	0	0	1	1	157	1170148
1444479330	48	24	23	30	3	0	3	1	4	3	0	0	0	0	0	4.941538	0.526103	0.527529	0.521826	1.942930	14.250000	16.500000	0.761231	0.835829	0.723931	0	0	1	1	157	1168696
1444479331	31	29	36	44	4	3	3	5	2	5	1	0	0	0	0	4.938315	0.524677	0.527529	0.523252	1.942930	14.250000	16.500000	0.807490	0.844813	0.732842	0	0	1	1	157	1167461
1444479332	28	23	28	39	3	0	2	2	3	3	0	1	0	0	0	4.941538	0.524677	0.526103	0.523252	1.944542	14.250000	16.500000	0.761231	0.835829	0.723931	0	0	1	1	157	1164710
1444479334	30	30	27	35	3	2	0	2	3	5	0	0	0	0	0	4.941538	0.526103	0.527529	0.523252	1.942930	14.250000	16.500000	0.798530	0.835829	0.723931	0	0	1	1	157	1167447
1444479335	36	40	29	37	6	3	2	1	7	4	0	0	0	0	0	4.939927	0.523252	0.527529	0.521826	1.943736	14.250000	16.500000	0.803008	0.840319	0.728385	0	0	1	1	157	1167461
1444479336	39	37	33	36	5	2	4	4	5	4	1	0	1	1	0	4.939927	0.524677	0.527529	0.523252	1.943736	14.250000	16.500000	0.765698	0.840319	0.579140	0	0	1	1	157	1164694
1444479337	47	36	31	31	3	1	1	2	2	3	0	0	0	0	0	4.939927	0.524677	0.526103	0.523252	1.943736	14.250000	16.500000	0.765698	0.877631	0.728385	0	0	1	1	157	1167446
1444479338	41	34	28	36	4	0	1	2	3	4	0	0	0	0	0	4.939927	0.526103	0.527529	0.521826	1.943736	14.250000	16.500000	0.803008	0.840319	0.691074	0	0	1	1	157	1167461
1444479340	35	29	38	36	2	1	2	2	5	5	0	0	0	0	0	4.943151	0.526103	0.524677	0.520400	1.944542	14.250000	16.500000	0.831341	0.868628	0.756766	0	0	1	1	157	1167462
1444479341	28	29	41	32	3	4	2	3	2	4	1	0	0	0	0	4.938315	0.524677	0.527529	0.523252	1.943736	14.250000	16.500000	0.844813	0.882137	0.695518	0	0	1	1	157	1164687
1444479342	36	27	42	35	2	4	2	3	3	6	0	0	0	1	0	4.939927	0.523252	0.527529	0.521826	1.945348	14.250000	16.500000	0.840319	0.840319	0.728385	0	0	1	1	157	1168583
1444479343	42	36	30	44	7	3	3	3	5	5	1	0	0	1	0	4.939927	0.524677	0.526103	0.520400	1.945348	14.250000	16.500000	0.765698	0.840319	0.728385	0	0	1	1	157	1167451
1444479344	30	28	35	36	1	0	5	2	4	7	0	0	0	0	0	4.941538	0.523252	0.526103	0.521826	1.946154	14.250000	16.500000	0.798530	0.835829	0.574735	0	0	1	1	157	1164682
1444479346	37	44	30	34	9	3	0	2	7	3	0	0	0	0	0	4.941538	0.524677	0.526103	0.523252	1.946960	14.250000	16.500000	0.761231	0.835829	0.723931	0	0	1	1	157	1167437
1444479347	31	32	31	38	1	1	1	3	5	9	0	0	0	0	0	4.939927	0.523252	0.526103	0.523252	1.945348	14.250000	16.500000	0.840319	0.840319	0.728385	0	0	1	1	157	1167451
1444479348	20	33	36	31	3	2	1	3	2	4	0	0	0	1	0	4.941538	0.526103	0.527529	0.521826	1.946154	14.250000	16.500000	0.686632	0.835829	0.649333	0	0	1	1	157	1164687
1444479349	28	23	42	32	1	2	2	1	4	6	0	0	0	0	0	4.941538	0.526103	0.527529	0.523252	1.946960	14.250000	16.500000	0.798530	0.835829	0.723931	0	0	1	1	157	1167437
1444479350	34	43	34	37	2	1	5	4	5	6	0	0	1	2	0	4.939927	0.524677	0.527529	0.523252	1.946960	14.250000	17.000000	0.765698	0.877631	0.765698	0	0	1	1	157	1167454
1444479352	31	26	32	31	2	6	1	1	1	6	0	0	0	0	0	4.936703	0.523252	0.526103	0.514697	1.944542	14.250000	17.000000	0.811974	0.811974	0.699966	0	0	1	1	157	1164680
1444479353	27	40	24	42	4	1	2	2	3	4	0	0	0	0	0	4.938315	0.524677	0.527529	0.523252	1.946960	14.250000	17.000000	0.770166	0.844813	0.695518	0	0	1	1	157	1167437
1444479354	36	27	27	36	2	3	2	1	2	4	0	0	0	0	0	4.941538	0.526103	0.527529	0.523252	1.948572	14.250000	17.000000	0.835829	0.873128	0.686632	0	0	1	1	157	1168607
1444479355	25	41	33	34	3	1	0	3	6	6	0	0	0	0	0	4.939927	0.526103	0.527529	0.521826	1.947766	14.250000	17.000000	0.765698	0.877631	0.765698	0	0	1	1	157	1167461
1444479356	32	32	35	32	4	2	0	1	5	7	0	0	0	0	0	4.939927	0.523252	0.527529	0.523252	1.947766	14.250000	17.000000	0.877631	0.914942	0.765698	0	0	1	1	157	1164697
1444479358	32	32	33	35	2	0	1	3	2	5	0	0	0	0	0	4.941538	0.524677	0.526103	0.521826	1.947766	14.250000	17.000000	0.761231	0.873128	0.761231	0	0	1	1	157	1167447
1444479359	32	45	36	29	6	3	4	5	3	4	1	0	0	1	0	4.939927	0.523252	0.527529	0.523252	1.948572	14.250000	17.000000	0.840319	0.840319	0.765698	0	0	1	1	157	1167464
1444479360	36	37	32	39	7	2	2	3	1	5	0	0	0	0	0	4.938315	0.450538	0.526103	0.520400	1.947766	14.250000	17.000000	0.732842	0.807490	0.658195	0	0	1	1	157	1164698
1444479361	27	37	35	39	7	2	1	3	1	3	0	0	1	0	0	4.939927	0.526103	0.527529	0.521826	1.949377	14.250000	17.000000	0.765698	0.877631	0.691074	0	0	1	1	157	1167446
1444479362	41	33	39	32	4	2	5	1	5	5	0	0	0	0	0	4.939927	0.524677	0.527529	0.523252	1.949377	14.250000	17.000000	0.803008	0.877631	0.765698	0	0	1	1	157	1167464
1444479364	22	38	29	34	3	1	0	3	2	5	0	0	0	0	0	4.943151	0.526103	0.526103	0.523252	1.949377	14.250000	17.000000	0.794054	0.868628	0.756766	0	0	1	1	157	1164688
1444479365	38	34	26	36	5	3	2	3	5	4	0	1	1	1	0	4.938315	0.526103	0.518974	0.516123	1.948572	14.250000	17.000000	0.770166	0.807490	0.770166	0	0	1	1	157	1167442
1444479366	39	35	43	30	6	2	2	3	2	4	2	0	0	0	0	4.939927	0.523252	0.524677	0.523252	1.949377	14.250000	17.000000	0.765698	0.803008	0.728385	0	0	1	1	157	1168701
1444479367	28	27	33	26	2	2	0	1	0	4	0	0	0	0	0	4.939927	0.523252	0.527529	0.523252	1.950183	14.250000	17.000000	0.765698	0.840319	0.691074	0	0	1	1	157	1164692
1444479368	32	32	31	26	5	0	1	1	4	3	0	1	0	0	0	4.938315	0.548915	0.523252	0.520400	1.950183	14.250000	17.000000	0.807490	0.807490	0.732842	0	0	1	1	157	1167437
1444479370	40	39	21	29	7	0	3	3	1	4	0	0	0	0	0	4.939927	0.526103	0.526103	0.521826	1.950989	14.250000	17.000000	0.803008	0.877631	0.765698	0	0	1	1	157	1167448
1444479371	31	40	36	38	3	0	4	3	6	9	0	0	0	0	0	4.939927	0.526103	0.526103	0.523252	1.950989	14.250000	17.000000	0.840319	0.765698	0.728385	0	0	1	1	157	1167451
1444479372	34	30	30	32	2	3	2	6	4	2	0	0	0	0	0	4.939927	0.524677	0.527529	0.517549	1.950989	14.250000	17.000000	0.989567	0.877631	0.728385	0	0	1	1	157	1175070
1444479373	30	33	32	34	3	3	1	1	5	2	0	0	0	0	0	4.941538	0.524677	0.523252	0.523252	1.951795	14.500000	17.000000	0.798530	0.798530	0.761231	0	0	1	1	157	1167436
1444479374	25	32	29	35	3	0	1	2	1	0	0	0	0	0	0	4.938315	0.524677	0.524677	0.521826	1.950989	14.500000	17.000000	0.807490	0.770166	0.732842	0	0	1	1	157	1167454
1444479376	30	30	35	39	4	1	1	0	3	10	0	1	0	0	0	4.941538	0.520400	0.521826	0.523252	1.951795	14.500000	17.000000	0.798530	0.798530	0.686632	0	0	1	1	157	1164688
1444479377	28	32	39	28	1	3	3	1	3	4	0	0	0	0	0	4.938315	0.521826	0.523252	0.520400	1.950183	14.250000	17.000000	0.770166	0.770166	0.620872	0	0	1	1	158	1167458
1444479378	31	40	33	36	3	2	2	3	8	4	0	1	1	1	0	4.938315	0.524677	0.527529	0.523252	1.951795	14.500000	17.000000	0.844813	0.844813	0.695518	0	0	1	1	157	1168602
1444479379	36	46	36	33	5	5	5	3	5	3	1	2	1	2	1	4.941538	0.524677	0.523252	0.521826	1.952601	14.500000	17.000000	0.761231	0.761231	0.723931	0	0	1	1	157	1164690
1444479380	28	38	32	29	6	3	1	2	4	4	1	0	0	0	0	4.939927	0.524677	0.526103	0.521826	1.953407	14.500000	17.000000	0.691074	0.803008	0.691074	0	0	1	1	157	1167446
1444479382	37	25	34	33	7	2	2	1	1	6	0	1	0	0	0	4.939927	0.524677	0.523252	0.523252	1.953407	14.500000	17.000000	0.803008	0.803008	0.728385	0	0	1	1	157	1167461
1444479383	27	30	24	38	3	2	0	3	5	4	0	0	0	0	0	4.936703	0.526103	0.527529	0.523252	1.953407	14.500000	17.000000	0.811974	0.886645	0.774638	0	0	1	1	157	1167463
1444479384	36	31	30	35	3	0	5	2	2	5	0	0	0	0	0	4.943151	0.520400	0.521826	0.526103	1.954213	14.500000	17.000000	0.756766	0.831341	0.719479	0	0	1	1	157	1164685
1444479385	32	29	35	39	4	1	3	1	2	3	0	0	0	0	0	4.941538	0.524677	0.526103	0.523252	1.954213	14.500000	17.000000	0.761231	0.873128	0.798530	0	0	1	1	157	1167446
1444479386	31	25	36	42	6	1	5	3	5	4	0	0	0	0	0	4.941538	0.524677	0.527529	0.523252	1.953407	14.500000	17.000000	0.798530	0.835829	0.723931	0	0	1	1	157	1167461
1444479388	29	55	34	33	5	1	0	4	7	4	1	0	0	1	0	4.936703	0.523252	0.523252	0.520400	1.955018	14.500000	17.000000	0.811974	0.811974	0.774638	0	0	1	1	157	1164709
1444479389	34	35	30	40	2	1	3	1	4	6	0	1	0	0	0	4.939927	0.526103	0.523252	0.523252	1.952601	14.500000	17.000000	0.803008	0.803008	0.765698	0	0	1	1	157	1167440
1444479390	34	30	51	47	5	2	2	2	8	11	1	1	0	0	0	4.941538	0.524677	0.526103	0.521826	1.955824	14.500000	17.000000	0.761231	0.835829	0.723931	0	0	1	1	157	1168597
1444479391	45	30	37	37	5	7	5	3	2	6	0	1	0	0	0	4.936703	0.524677	0.526103	0.521826	1.954213	14.500000	17.000000	0.811974	0.811974	0.737302	0	0	1	1	158	1167475
1444479392	30	27	31	37	3	1	5	2	4	4	0	0	0	0	0	4.939927	0.524677	0.524677	0.523252	1.955824	14.500000	17.000000	0.803008	0.765698	0.765698	0	0	1	1	157	1167447
1444479394	24	35	35	39	3	1	2	1	5	5	0	0	0	0	0	4.939927	0.521826	0.526103	0.523252	1.955824	14.500000	17.000000	0.765698	0.803008	0.728385	0	0	1	1	157	1167451
1444479395	34	31	31	29	2	2	2	2	5	2	0	0	0	0	0	4.939927	0.524677	0.523252	0.521826	1.955824	14.500000	17.000000	0.765698	0.803008	0.728385	0	0	1	1	157	1164715
1444479396	40	35	24	37	3	1	3	2	3	3	0	0	1	0	0	4.936703	0.524677	0.524677	0.521826	1.955824	14.500000	17.000000	0.811974	0.811974	0.737302	0	0	1	1	157	1167436
1444479397	34	27	31	33	3	3	2	2	5	4	1	1	1	1	1	4.939927	0.524677	0.527529	0.520400	1.956630	14.500000	17.000000	0.616451	0.803008	0.616451	0	0	1	1	157	1167451
1444479398	29	32	31	42	8	2	2	4	1	5	0	0	1	0	0	4.941538	0.524677	0.527529	0.523252	1.956630	14.500000	17.000000	0.798530	0.835829	0.761231	0	0	1	1	157	1167452
1444479400	35	34	38	33	6	0	1	4	3	5	0	0	0	0	0	4.939927	0.524677	0.526103	0.523252	1.957436	14.500000	17.000000	0.803008	0.840319	0.765698	0	0	1	1	157	1164681
1444479401	35	31	31	35	4	2	4	1	6	4	0	0	0	1	0	4.939927	0.526103	0.526103	0.521826	1.956630	14.500000	17.000000	0.803008	0.877631	0.728385	0	0	1	1	157	1167437
1444479402	35	34	33	32	6	1	1	4	4	4	0	1	0	1	0	4.943151	0.526103	0.527529	0.520400	1.958242	14.500000	17.000000	0.831341	0.868628	0.719479	0	0	1	1	157	1168607
1444479403	36	31	38	40	3	2	2	1	4	6	0	1	1	1	0	4.941538	0.523252	0.526103	0.523252	1.958242	14.500000	17.000000	0.835829	0.873128	0.761231	0	0	1	1	157	1164694
1444479404	33	31	42	35	2	1	3	4	2	3	0	0	0	0	0	4.938315	0.524677	0.527529	0.521826	1.956630	14.500000	17.000000	0.844813	0.844813	0.770166	0	0	1	1	157	1167446
1444479406	38	32	39	49	3	4	6	4	7	8	0	0	0	2	0	4.939927	0.526103	0.523252	0.521826	1.958242	14.500000	17.000000	0.765698	0.765698	0.728385	0	0	1	1	157	1167461
1444479407	32	29	37	45	4	4	0	3	2	4	0	0	0	0	0	4.939927	0.523252	0.526103	0.523252	1.959048	14.500000	17.000000	0.765698	0.840319	0.765698	0	0	1	1	157	1164689
1444479408	33	28	27	41	6	0	3	0	4	4	0	1	0	0	0	4.939927	0.524677	0.527529	0.521826	1.959048	14.500000	17.000000	0.765698	0.840319	0.691074	0	0	1	1	157	1167447
1444479409	33	33	39	25	6	2	0	3	1	4	0	0	0	0	0	4.941538	0.514697	0.524677	0.521826	1.958242	14.500000	17.000000	-0.954538	0.798530	0.686632	0	0	1	1	157	1167461
1444479410	38	29	26	34	0	2	2	1	3	2	0	0	0	0	0	4.939927	0.524677	0.524677	0.523252	1.959048	14.500000	17.000000	0.765698	0.877631	0.653762	0	0	1	1	158	1167482
1444479412	37	36	39	39	5	2	5	5	7	3	0	0	1	1	0	4.941538	0.526103	0.523252	0.523252	1.959854	14.500000	17.000000	0.798530	0.798530	0.761231	0	0	1	1	157	1167459
1444479413	37	39	30	23	2	4	2	2	5	3	0	0	0	1	0	4.939927	0.526103	0.526103	0.521826	1.959048	14.500000	17.000000	0.765698	0.877631	0.728385	0	0	1	1	157	1167456
1444479414	39	30	33	28	3	4	2	2	1	3	1	0	1	0	0	4.947986	0.521826	0.527529	0.521826	1.960659	14.500000	17.000000	0.743394	0.817895	0.706143	0	0	1	1	157	1168597
1444479415	31	43	34	44	4	0	2	5	6	6	0	1	0	0	0	4.943151	0.526103	0.527529	0.523252	1.960659	14.500000	17.000000	0.794054	0.868628	0.756766	0	0	1	1	157	1164684
1444479416	39	37	35	32	6	5	2	2	4	8	1	0	1	0	0	4.939927	0.526103	0.527529	0.521826	1.959854	14.500000	17.000000	0.803008	0.877631	0.728385	0	0	1	1	157	1167439
1444479418	29	45	36	45	3	3	3	1	5	9	0	0	1	0	0	4.939927	0.523252	0.526103	0.521826	1.960659	14.500000	17.000000	0.765698	0.840319	0.728385	0	0	1	1	157	1167451
1444479419	37	41	36	35	4	1	3	5	4	5	0	0	1	1	0	4.939927	0.524677	0.523252	0.521826	1.960659	14.500000	17.000000	0.803008	0.803008	0.765698	0	0	1	1	157	1164678
1444479420	28	41	28	34	4	2	2	0	6	4	0	0	0	0	0	4.939927	0.524677	0.526103	0.521826	1.960659	14.500000	17.000000	0.840319	0.877631	0.765698	0	0	1	1	157	1167439
1444479421	29	41	33	28	4	1	0	4	0	5	0	0	0	0	0	4.941538	0.524677	0.527529	0.523252	1.962271	14.500000	17.000000	0.761231	0.873128	0.761231	0	0	1	1	157	1167451
1444479422	45	38	24	32	4	3	2	1	4	5	0	0	0	1	0	4.939927	0.526103	0.523252	0.520400	1.959854	14.500000	17.000000	0.765698	0.803008	0.691074	0	0	1	1	157	1164681
1444479424	37	41	22	36	6	2	1	2	4	6	2	1	1	1	1	4.938315	0.526103	0.523252	0.523252	1.961465	14.500000	17.000000	0.844813	0.807490	0.770166	0	0	1	1	157	1167437
1444479425	35	26	29	38	2	3	2	1	1	4	1	0	0	0	0	4.939927	0.524677	0.524677	0.523252	1.961465	14.500000	17.000000	0.803008	0.803008	0.728385	0	0	1	1	157	1167451
1444479426	30	33	32	35	4	1	1	3	4	3	0	1	0	0	0	4.939927	5.838461	0.523252	0.520400	1.960659	14.500000	17.000000	0.728385	0.243337	0.653762	0	0	1	1	157	1165834
1444479427	35	41	38	38	3	1	1	3	3	5	0	0	0	0	0	4.939927	0.526103	0.524677	0.523252	1.961465	14.500000	17.000000	0.840319	0.765698	0.728385	0	0	1	1	157	1167446
1444479428	38	33	33	29	4	4	3	3	4	5	0	0	1	1	0	4.941538	0.524677	0.523252	0.521826	1.963077	14.500000	17.000000	0.761231	0.761231	0.761231	0	0	1	1	157	1167464
1444479430	30	36	41	26	3	8	0	4	3	4	0	0	0	0	0	4.939927	0.524677	0.523252	0.521826	1.963077	14.500000	17.000000	0.803008	0.840319	0.728385	0	0	1	1	157	1167461
1444479431	36	39	36	30	2	5	2	1	0	4	0	0	0	0	0	4.939927	0.524677	0.523252	0.523252	1.963077	14.500000	17.000000	0.840319	0.989567	0.691074	0	0	1	1	157	1164695
1444479432	29	40	33	35	5	3	1	4	0	2	0	0	0	0	0	4.939927	0.526103	0.524677	0.523252	1.963077	14.500000	17.000000	0.840319	0.803008	0.728385	0	0	1	1	157	1167447
1444479433	38	28	39	31	2	4	3	4	0	7	0	0	0	0	0	4.939927	0.523252	0.523252	0.521826	1.962271	14.500000	17.000000	0.765698	0.765698	0.728385	0	0	1	1	157	1167461
1444479434	35	29	36	41	4	1	1	0	5	7	0	1	0	0	0	4.941538	0.523252	0.521826	0.521826	1.963883	14.500000	17.000000	0.798530	0.798530	0.723931	0	0	1	1	157	1164691
1444479436	33	32	30	32	5	2	2	2	4	2	0	1	0	0	0	4.938315	0.523252	0.523252	0.520400	1.963883	14.750000	17.000000	0.770166	0.770166	0.770166	0	0	1	1	157	1167446
1444479437	32	28	30	34	1	2	0	1	1	5	0	0	0	0	0	4.939927	0.524677	0.524677	0.521826	1.963883	14.750000	17.000000	0.803008	0.803008	0.728385	0	0	1	1	157	1167456
1444479438	30	40	41	27	2	1	3	5	2	2	0	0	0	0	0	4.941538	0.521826	0.523252	0.523252	1.963883	14.500000	17.000000	0.761231	0.761231	0.686632	0	0	1	1	157	1165829
1444479439	46	31	34	25	5	3	2	4	0	7	0	0	1	0	0	4.943151	0.526103	0.524677	0.523252	1.964689	14.500000	17.000000	0.682191	0.644904	0.644904	0	0	1	1	157	1167435
1444479440	42	31	39	32	4	3	2	4	2	5	1	1	1	1	1	4.938315	0.524677	0.523252	0.523252	1.963883	14.750000	17.000000	0.770166	0.807490	0.770166	0	0	1	1	157	1167451
1444479442	42	35	28	36	3	2	5	2	4	2	0	0	0	0	0	4.939927	0.526103	0.526103	0.523252	1.965495	14.750000	17.000000	0.765698	0.840319	0.728385	0	0	1	1	157	1164680
1444479443	38	38	42	39	7	5	2	2	5	9	0	1	0	0	0	4.939927	0.523252	0.523252	0.523252	1.965495	14.750000	17.000000	0.765698	0.803008	0.728385	0	0	1	1	157	1167434
1444479444	30	33	39	36	2	5	2	3	2	7	0	0	1	1	0	4.939927	0.523252	0.524677	0.521826	1.965495	14.750000	17.000000	0.765698	0.765698	0.728385	0	0	1	1	157	1167451
1444479445	27	17	34	32	2	4	3	0	2	5	1	0	0	0	0	4.938315	0.526103	0.524677	0.523252	1.964689	14.750000	17.000000	0.844813	0.770166	0.732842	0	0	1	1	157	1167451
1444479446	36	29	38	34	3	2	0	1	4	9	0	0	0	0	0	4.941538	0.524677	0.524677	0.523252	1.966300	14.750000	17.000000	0.723931	0.723931	0.761231	0	0	1	1	157	1164598
1444479448	36	30	28	39	1	2	4	1	4	5	0	0	0	1	0	4.939927	0.526103	0.524677	0.523252	1.967106	14.750000	17.000000	0.803008	0.803008	0.765698	0	0	1	1	157	1167437
1444479449	24	32	34	38	2	2	0	3	3	7	0	0	0	1	0	4.936703	0.526103	0.523252	0.520400	1.965495	14.750000	17.000000	0.849310	0.811974	0.774638	0	0	1	1	157	1167454
1444479450	35	35	46	41	2	3	4	5	6	10	0	0	2	1	0	4.941538	0.524677	0.523252	0.521826	1.966300	14.750000	17.000000	0.761231	0.761231	0.723931	0	0	1	1	157	1165973
1444479451	28	33	39	43	2	0	2	1	5	7	0	0	0	0	0	4.941538	0.526103	0.521826	0.523252	1.967106	14.750000	17.000000	0.798530	0.798530	0.723931	0	0	1	1	158	1167465
1444479452	38	38	24	38	6	1	4	1	3	2	0	1	0	0	0	4.939927	0.524677	0.523252	0.521826	1.967106	14.750000	17.000000	0.803008	0.765698	0.728385	0	0	1	1	157	1167456
1444479454	32	32	33	32	7	4	2	1	6	2	0	1	0	0	0	4.939927	0.523252	0.523252	0.521826	1.967106	14.750000	17.000000	0.803008	0.803008	0.728385	0	0	1	1	157	1164694
1444479455	36	32	32	29	6	1	4	3	2	6	0	0	1	0	0	4.941538	0.524677	0.524677	0.523252	1.967106	14.750000	17.000000	0.835829	0.574735	0.649333	0	0	1	1	157	1167447
1444479456	35	32	30	41	5	1	1	0	6	8	0	0	0	0	0	4.939927	0.526103	0.523252	0.523252	1.968718	14.750000	17.000000	0.803008	0.765698	0.728385	0	0	1	1	157	1167461
1444479457	34	36	40	38	4	0	2	6	4	9	0	0	0	0	0	4.939927	0.523252	0.527529	0.523252	1.967912	14.750000	17.000000	0.765698	0.840319	0.728385	0	0	1	1	157	1164710
1444479458	38	33	42	31	4	3	4	3	4	10	0	0	2	0	0	4.939927	0.524677	0.527529	0.518974	1.967106	14.750000	17.000000	0.840319	0.840319	0.765698	0	0	1	1	157	1167446
1444479460	46	29	33	39	1	4	5	2	5	4	0	0	0	2	0	4.939927	0.526103	0.527529	0.521826	1.968718	14.750000	17.000000	0.803008	0.877631	0.691074	0	0	1	1	158	1167482
1444479461	32	34	46	27	5	3	4	2	2	3	1	0	0	1	0	4.938315	0.526103	0.527529	0.521826	1.968718	14.750000	17.000000	0.807490	0.882137	0.770166	0	0	1	1	157	1167454
1444479462	23	32	36	36	2	1	1	1	2	5	0	0	0	0	0	4.938315	0.526103	0.526103	0.523252	1.967912	14.750000	17.000000	0.844813	0.844813	0.732842	0	0	1	1	157	1165829
1444479463	39	30	34	26	3	2	2	2	3	1	0	0	0	0	0	4.939927	0.526103	0.526103	0.523252	1.968718	14.750000	17.000000	0.803008	0.765698	0.914942	0	0	1	1	157	1167437
1444479464	34	40	27	26	3	1	1	1	2	7	0	0	0	0	0	4.943151	0.523252	0.527529	0.521826	1.969524	14.750000	17.000000	0.831341	0.831341	0.756766	0	0	1	1	157	1167451
1444479466	35	34	37	29	3	1	1	5	3	7	0	0	0	0	0	4.939927	0.524677	0.527529	0.523252	1.970330	14.750000	17.000000	0.840319	0.877631	0.728385	0	0	1	1	157	1164680
1444479467	37	27	36	23	2	3	5	4	3	2	0	0	0	0	0	4.939927	0.524677	0.523252	0.523252	1.969524	14.750000	17.000000	0.765698	0.728385	0.765698	0	0	1	1	157	1167437
1444479468	39	35	38	41	4	3	5	4	6	8	0	1	0	2	0	4.939927	0.524677	0.526103	0.520400	1.970330	14.750000	17.500000	0.765698	0.840319	0.728385	0	0	1	1	157	1167451
1444479469	31	34	28	32	1	1	0	3	0	3	0	0	0	0	0	4.939927	0.523252	0.526103	0.521826	1.970330	14.750000	17.500000	0.803008	0.840319	0.728385	0	0	1	1	157	1164679
1444479470	33	38	29	31	5	1	4	4	4	2	0	0	0	1	0	4.941538	0.526103	0.524677	0.518974	1.969524	14.750000	17.000000	0.761231	0.798530	0.723931	0	0	1	1	157	1167437
1444479472	29	38	31	36	5	1	2	4	2	4	0	0	0	0	0	4.939927	0.524677	0.527529	0.521826	1.971136	14.750000	17.500000	0.840319	0.914942	0.765698	0	0	1	1	157	1167452
1444479473	41	41	32	42	7	1	2	4	3	4	0	1	0	0	0	4.939927	0.524677	0.527529	0.523252	1.969524	14.750000	17.500000	0.765698	0.840319	0.691074	0	0	1	1	157	1167451
1444479474	37	47	37	36	7	3	2	1	6	7	0	0	1	0	0	4.939927	0.526103	0.526103	0.523252	1.971136	14.750000	17.000000	0.803008	0.877631	0.691074	0	0	1	1	157	1165832
1444479475	25	34	31	39	5	1	2	5	5	6	0	0	1	0	0	4.939927	0.523252	0.526103	0.518974	1.968718	14.750000	17.500000	0.877631	0.840319	0.728385	0	0	1	1	157	1167446
1444479476	36	34	26	33	6	0	3	1	3	5	0	0	0	0	0	4.941538	0.526103	0.526103	0.523252	1.971136	14.750000	17.000000	0.798530	0.835829	0.723931	0	0	1	1	157	1167461
1444479478	37	42	46	40	4	1	5	6	4	7	0	1	0	0	0	4.936703	0.524677	0.527529	0.523252	1.970330	14.750000	17.500000	0.774638	0.849310	0.774638	0	0	1	1	157	1164691
1444479479	24	41	46	35	7	1	2	3	4	3	0	0	0	0	0	4.941538	0.520400	0.527529	0.518974	1.971941	14.750000	17.500000	0.798530	0.835829	0.723931	0	0	1	1	157	1167447
1444479480	28	40	37	27	0	3	1	2	4	5	0	0	0	0	0	4.941538	0.526103	0.526103	0.521826	1.972747	14.750000	17.500000	0.798530	0.761231	0.723931	0	0	1	1	157	1167461
1444479481	32	40	26	40	3	3	3	2	6	5	0	1	0	0	0	4.939927	0.524677	0.526103	0.520400	1.971941	14.750000	17.500000	0.803008	0.914942	0.765698	0	0	1	1	157	1164690
1444479482	36	33	32	29	2	3	1	3	4	4	1	0	1	0	0	4.936703	0.523252	0.526103	0.523252	1.972747	14.750000	17.500000	0.849310	0.886645	0.774638	0	0	1	1	157	1167446
1444479484	37	34	28	33	5	0	3	1	3	4	0	0	0	0	0	4.939927	0.524677	0.526103	0.521826	1.971941	14.750000	17.500000	0.765698	0.840319	0.728385	0	0	1	1	157	1167458
1444479485	43	47	20	42	8	5	4	1	5	4	0	1	1	0	0	4.939927	0.523252	0.527529	0.523252	1.972747	14.750000	17.500000	0.803008	0.877631	0.765698	0	0	1	1	157	1164681
1444479486	32	37	28	28	3	2	1	1	5	4	0	0	0	0	0	4.938315	0.523252	0.526103	0.521826	1.972747	14.750000	17.500000	0.844813	0.844813	0.732842	0	0	1	1	157	1168689
1444479487	34	31	35	23	4	7	3	2	4	3	0	1	0	0	0	4.939927	0.526103	0.523252	0.523252	1.973553	14.750000	17.500000	0.765698	0.765698	0.728385	0	0	1	1	157	1167452
1444479488	42	29	31	30	3	2	1	2	1	3	0	0	0	0	0	4.941538	0.521826	0.527529	0.521826	1.973553	14.750000	17.500000	0.761231	0.835829	0.723931	0	0	1	1	157	1167451
1444479490	40	34	34	42	3	2	2	5	2	4	0	0	0	0	0	4.939927	0.526103	0.523252	0.521826	1.973553	14.750000	17.500000	0.840319	0.803008	0.765698	0	0	1	1	157	1164681
1444479491	18	32	41	35	3	3	0	5	1	5	1	0	0	0	0	4.938315	0.524677	0.526103	0.521826	1.973553	14.750000	17.500000	0.844813	0.844813	0.770166	0	0	1	1	157	1167436
1444479492	30	37	42	40	3	3	4	4	3	7	0	0	0	0	0	4.941538	0.524677	0.526103	0.520400	1.974359	14.750000	17.500000	0.649333	0.761231	0.612034	0	0	1	1	157	1167452
1444479493	23	38	33	33	3	0	1	4	5	4	0	0	0	1	0	4.939927	0.524677	0.526103	0.523252	1.974359	14.750000	17.500000	0.803008	0.877631	0.728385	0	0	1	1	157	1164718
1444479494	29	37	38	33	5	3	2	1	5	3	0	0	0	0	0	4.941538	0.524677	0.527529	0.523252	1.974359	14.750000	17.500000	0.835829	0.835829	0.723931	0	0	1	1	157	1167437
1444479496	39	37	32	35	5	1	2	4	3	3	0	0	0	0	0	4.941538	0.524677	0.526103	0.520400	1.974359	14.750000	17.500000	0.835829	0.761231	0.686632	0	0	1	1	157	1167451
1444479497	33	29	35	25	2	4	2	2	3	3	1	0	0	0	0	4.939927	0.526103	0.523252	0.521826	1.972747	14.750000	17.500000	0.840319	0.840319	0.728385	0	0	1	1	157	1164686
1444479498	35	26	28	41	3	3	3	1	6	5	0	0	0	1	0	4.939927	0.523252	0.526103	0.521826	1.975165	14.750000	17.500000	0.765698	0.877631	0.728385	0	0	1	1	157	1168592
1444479499	30	31	35	30	4	2	2	3	2	3	1	1	0	0	0	4.939927	0.523252	0.524677	0.521826	1.975165	14.750000	17.500000	0.765698	0.803008	0.728385	0	0	1	1	157	1167461
1444479500	36	41	28	38	7	1	2	4	5	4	0	0	0	0	0	4.939927	0.524677	0.524677	0.521826	1.976777	15.000000	17.500000	0.765698	0.765698	0.728385	0	0	1	1	157	1164691
1444479502	28	40	33	35	3	1	3	3	5	5	0	1	0	1	0	4.939927	0.523252	0.526103	0.521826	1.975971	15.000000	17.500000	0.803008	0.803008	0.728385	0	0	1	1	157	1167447
1444479503	31	24	33	34	3	0	1	1	1	5	0	0	0	0	0	4.939927	0.524677	0.523252	0.523252	1.975971	15.000000	17.500000	0.765698	0.765698	0.765698	0	0	1	1	157	1167461
1444479504	40	32	30	31	4	2	1	1	4	2	0	0	0	0	0	4.941538	0.524677	0.523252	0.523252	1.973553	14.750000	17.500000	0.835829	0.761231	0.761231	0	0	1	1	157	1167461
1444479505	43	35	33	42	8	1	4	1	5	3	0	0	0	0	0	4.941538	0.526103	0.523252	0.521826	1.975971	14.750000	17.500000	0.798530	0.798530	0.723931	0	0	1	1	157	1164688
1444479506	38	28	35	26	5	3	2	5	3	5	0	0	1	1	0	4.939927	0.524677	0.523252	0.523252	1.976777	15.000000	17.500000	0.840319	0.803008	0.765698	0	0	1	1	157	1167446
1444479508	23	21	44	37	2	2	1	3	1	8	1	0	0	0	0	4.941538	0.531806	0.523252	0.520400	1.976777	15.000000	17.500000	0.798530	0.798530	0.761231	0	0	1	1	157	1167461
1444479509	29	27	23	31	2	3	1	2	5	4	1	1	1	1	1	4.938315	0.524677	0.526103	0.523252	1.976777	15.000000	17.500000	0.807490	0.807490	0.620872	0	0	1	1	157	1164673
1444479510	34	39	39	35	2	1	1	2	2	9	0	0	0	0	0	4.941538	0.524677	0.527529	0.521826	1.976777	15.000000	17.500000	0.798530	0.835829	0.723931	0	0	1	1	157	1168687
1444479511	36	41	38	40	3	4	1	6	3	10	0	0	0	1	0	4.939927	0.523252	0.524677	0.521826	1.977582	15.000000	17.500000	0.803008	0.803008	0.765698	0	0	1	1	157	1167454
1444479512	45	31	33	34	6	2	2	1	4	3	0	0	0	0	0	4.939927	0.523252	0.523252	0.521826	1.976777	15.000000	17.500000	0.765698	0.803008	0.728385	0	0	1	1	158	1167472
1444479514	34	43	38	27	10	4	4	4	1	5	1	1	0	0	0	4.941538	0.524677	0.527529	0.521826	1.977582	15.000000	17.500000	0.798530	0.873128	0.761231	0	0	1	1	157	1167444
1444479515	29	34	29	31	3	2	1	3	2	4	1	0	0	0	0	4.941538	0.524677	0.526103	0.523252	1.977582	15.000000	17.500000	0.835829	0.835829	0.723931	0	0	1	1	158	1167473
1444479516	36	37	30	32	6	1	1	1	4	5	0	0	0	0	0	4.939927	0.526103	0.526103	0.520400	1.977582	15.000000	17.500000	0.803008	0.840319	0.728385	0	0	1	1	157	1164679
1444479517	30	30	34	37	1	2	3	0	5	2	0	0	0	0	0	4.941538	0.526103	0.523252	0.518974	1.977582	15.000000	17.500000	0.761231	0.798530	0.761231	0	0	1	1	157	1167541
1444479518	34	34	34	33	4	5	0	2	3	3	0	0	0	0	0	4.941538	0.524677	0.523252	0.521826	1.979194	15.000000	17.500000	0.798530	0.798530	0.649333	0	0	1	1	157	1167451
1444479520	39	29	43	37	4	3	2	3	3	6	1	1	1	2	1	4.939927	0.524677	0.526103	0.523252	1.978388	15.000000	17.500000	0.803008	0.803008	0.728385	0	0	1	1	157	1167455
1444479521	31	36	25	49	0	0	3	3	6	1	0	0	0	0	0	4.938315	0.524677	0.527529	0.523252	1.978388	15.000000	17.500000	0.807490	0.919461	0.770166	0	0	1	1	157	1164683
1444479522	36	39	27	32	4	1	1	2	7	3	0	0	0	0	0	4.941538	0.526103	0.523252	0.523252	1.979194	15.000000	17.500000	0.761231	0.761231	0.686632	0	0	1	1	157	1168592
1444479523	32	35	49	38	1	3	4	4	6	4	0	0	1	1	0	4.939927	0.523252	0.523252	0.521826	1.979194	15.000000	17.500000	0.765698	0.728385	0.765698	0	0	1	1	157	1167461
1444479524	40	41	38	32	7	0	5	5	4	6	0	2	0	0	0	4.939927	0.524677	0.524677	0.521826	1.979194	15.000000	17.500000	0.803008	0.803008	0.765698	0	0	1	1	157	1164688
1444479526	41	30	33	40	2	1	3	1	3	7	0	0	0	0	0	4.941538	0.524677	0.523252	0.520400	1.975971	14.750000	17.500000	0.835829	0.761231	0.723931	0	0	1	1	157	1167446
1444479527	29	36	49	39	4	6	2	5	5	8	1	0	0	1	0	4.939927	0.524677	0.527529	0.521826	1.980000	15.000000	17.500000	0.803008	0.877631	0.691074	0	0	1	1	157	1167461
1444479528	40	38	38	37	4	4	6	1	8	4	0	2	2	1	0	4.941538	0.526103	0.527529	0.521826	1.979194	15.000000	17.500000	0.798530	0.910427	0.723931	0	0	1	1	157	1164695
1444479529	26	26	33	38	2	2	1	1	2	8	0	0	0	0	0	4.944762	0.523252	0.523252	0.521826	1.980806	15.000000	17.500000	0.789581	0.826856	0.715030	0	0	1	1	157	1167447
1444479530	25	36	32	42	4	3	2	4	4	5	0	0	0	1	0	4.939927	0.524677	0.526103	0.523252	1.980806	15.000000	17.500000	0.803008	0.840319	0.728385	0	0	1	1	157	1167461
1444479532	36	37	26	28	9	3	3	2	1	5	0	1	0	0	0	4.941538	0.524677	0.527529	0.523252	1.980806	15.000000	17.500000	0.798530	0.835829	0.723931	0	0	1	1	157	1164695
1444479533	31	33	48	41	4	2	1	1	4	8	0	1	0	0	0	4.939927	0.526103	0.527529	0.521826	1.979194	15.000000	17.500000	0.803008	0.840319	0.765698	0	0	1	1	157	1167442
1444479534	34	18	27	37	3	2	4	1	1	3	0	0	1	0	0	4.939927	0.524677	0.527529	0.520400	1.980806	15.000000	17.500000	0.840319	0.803008	0.728385	0	0	1	1	157	1168594
1444479535	25	32	48	38	3	0	2	3	2	10	0	0	0	0	0	4.939927	0.523252	0.526103	0.523252	1.980806	15.000000	17.500000	0.803008	0.877631	0.653762	0	0	1	1	157	1167451
1444479536	41	34	31	35	4	3	2	2	5	4	0	0	0	1	0	4.939927	0.524677	0.527529	0.521826	1.981612	15.000000	17.500000	0.765698	0.877631	0.728385	0	0	1	1	158	1167476
1444479538	41	41	39	31	5	5	1	1	2	4	0	0	0	0	0	4.938315	0.524677	0.527529	0.521826	1.981612	15.000000	17.500000	0.844813	0.882137	0.770166	0	0	1	1	157	1167447
1444479539	39	39	52	37	4	2	4	7	4	6	0	1	0	0	0	4.939927	0.523252	0.527529	0.521826	1.981612	15.000000	17.500000	0.765698	0.653762	0.877631	0	0	1	1	157	1167452
1444479540	35	43	26	38	6	2	3	2	7	5	0	0	0	0	0	4.939927	0.523252	0.527529	0.523252	1.981612	15.000000	17.500000	0.765698	0.840319	0.691074	0	0	1	1	157	1164676
1444479541	35	22	36	34	3	4	0	2	4	4	0	0	0	1	0	4.941538	0.524677	0.526103	0.521826	1.981612	15.000000	17.500000	0.798530	0.835829	0.723931	0	0	1	1	157	1167437
1444479542	44	34	41	37	5	3	5	5	3	7	1	0	0	1	0	4.941538	0.524677	0.527529	0.521826	1.982418	15.000000	17.500000	0.761231	0.835829	0.761231	0	0	1	1	157	1167451
1444479544	35	30	30	41	2	1	4	2	6	5	0	0	0	0	0	4.941538	0.524677	0.526103	0.523252	1.982418	15.000000	17.500000	0.798530	0.873128	0.686632	0	0	1	1	157	1164699
1444479545	40	33	36	50	3	3	5	4	7	9	0	1	1	2	0	4.939927	0.523252	0.527529	0.523252	1.981612	15.000000	17.500000	0.803008	0.877631	0.765698	0	0	1	1	157	1167436
1444479546	38	29	33	40	1	3	3	5	0	7	0	0	0	0	0	4.941538	0.524677	0.526103	0.521826	1.983224	15.000000	17.500000	0.798530	0.835829	0.723931	0	0	1	1	157	1168711
1444479547	37	25	31	39	3	2	6	2	5	5	0	0	1	1	0	4.938315	0.523252	0.524677	0.521826	1.983224	15.000000	17.500000	0.770166	0.807490	0.695518	0	0	1	1	157	1164701
1444479548	45	34	28	35	4	2	2	2	1	5	0	0	0	0	0	4.939927	0.523252	0.527529	0.523252	1.984029	15.000000	17.500000	0.803008	0.840319	0.728385	0	0	1	1	157	1167446
1444479550	22	39	32	36	4	2	0	6	4	3	0	0	0	0	0	4.939927	0.523252	0.527529	0.521826	1.983224	15.000000	17.500000	0.840319	0.877631	0.765698	0	0	1	1	157	1167464
1444479551	33	30	39	27	4	1	0	4	1	5	0	0	0	0	0	4.941538	0.523252	0.526103	0.521826	1.983224	15.000000	17.500000	0.835829	0.873128	0.723931	0	0	1	1	157	1167461
1444479552	45	32	26	32	4	4	2	1	0	4	0	0	0	0	0	4.939927	0.524677	0.527529	0.523252	1.984029	15.000000	17.500000	0.765698	0.840319	0.728385	0	0	1	1	157	1164703
1444479553	44	28	40	28	7	3	3	2	2	4	0	1	0	0	0	4.941538	0.524677	0.527529	0.521826	1.984029	15.000000	17.500000	0.798530	0.835829	0.723931	0	0	1	1	157	1167450
1444479554	28	38	33	39	2	1	0	1	3	6	0	0	0	0	0	4.941538	0.524677	0.526103	0.521826	1.983224	15.000000	17.500000	0.798530	0.873128	0.761231	0	0	1	1	157	1167461
1444479556	38	29	27	34	8	0	3	4	3	7	0	0	0	0	0	4.943151	0.526103	0.527529	0.523252	1.984835	15.000000	17.500000	0.831341	0.794054	0.719479	0	0	1	1	157	1164687
1444479557	39	35	39	34	4	4	3	3	5	3	1	0	0	1	0	4.938315	0.524677	0.528955	0.521826	1.984029	15.000000	17.500000	0.807490	0.844813	0.770166	0	0	1	1	157	1167441
1444479558	24	36	43	27	2	2	0	2	3	6	0	0	0	1	0	4.939927	0.524677	0.527529	0.521826	1.984835	15.000000	17.500000	0.803008	0.840319	0.728385	0	0	1	1	157	1168600
1444479559	28	31	29	36	5	3	0	1	5	4	0	0	0	0	0	4.939927	0.526103	0.526103	0.521826	1.984029	15.000000	17.500000	0.728385	0.765698	0.691074	0	0	1	1	157	1181190
1444479560	29	46	34	35	5	1	1	3	8	8	0	1	0	1	0	4.939927	0.524677	0.527529	0.523252	1.984835	15.000000	17.500000	0.803008	0.877631	0.728385	0	0	1	1	157	1167437
1444479562	25	30	31	38	1	1	3	1	5	5	0	0	0	0	0	4.941538	0.524677	0.527529	0.523252	1.984835	15.000000	17.500000	0.835829	0.873128	0.723931	0	0	1	1	157	1167451
1444479563	40	36	40	36	4	1	1	3	3	5	0	0	0	1	0	4.939927	0.526103	0.527529	0.521826	1.985641	15.000000	17.500000	0.803008	0.877631	0.579140	0	0	1	1	157	1164699
1444479564	39	30	35	29	3	6	3	2	2	1	0	0	1	0	0	4.939927	0.524677	0.526103	0.521826	1.985641	15.000000	17.500000	0.765698	0.840319	0.728385	0	0	1	1	157	1167436
1444479565	43	32	32	32	3	1	1	1	2	4	1	0	0	0	0	4.936703	0.524677	0.527529	0.523252	1.984029	15.000000	17.500000	0.774638	0.849310	0.774638	0	0	1	1	157	1167452
1444479566	28	30	34	42	3	3	3	0	8	7	0	1	0	0	0	4.939927	0.526103	0.526103	0.517549	1.985641	15.000000	17.500000	0.803008	0.877631	0.728385	0	0	1	1	157	1167452
1444479568	34	34	32	24	4	2	2	2	4	3	0	0	0	0	0	4.939927	0.524677	0.526103	0.521826	1.985641	15.000000	17.500000	0.803008	0.840319	0.728385	0	0	1	1	157	1164681
1444479569	36	29	31	34	3	1	1	2	1	6	0	0	0	1	0	4.936703	0.524677	0.526103	0.521826	1.984835	15.000000	17.500000	0.811974	0.849310	0.737302	0	0	1	1	157	1167440
1444479570	45	30	32	41	6	4	5	2	2	5	1	1	1	0	0	4.939927	0.526103	0.526103	0.521826	1.985641	15.000000	17.500000	0.803008	0.877631	0.728385	0	0	1	1	157	1168607
1444479571	39	37	35	37	10	3	2	3	5	3	0	0	0	0	0	4.936703	0.526103	0.526103	0.521826	1.984029	15.000000	17.500000	0.811974	0.886645	0.774638	0	0	1	1	157	1176728
1444479572	19	35	36	36	0	1	3	2	3	8	0	0	0	0	0	4.939927	0.526103	0.527529	0.521826	1.987253	15.000000	17.500000	0.653762	0.840319	0.765698	0	0	1	1	158	1167468
1444479574	35	28	31	41	2	2	4	1	5	4	0	0	0	0	0	4.941538	0.524677	0.527529	0.523252	1.986447	15.000000	17.500000	0.798530	0.873128	0.761231	0	0	1	1	157	1167457
1444479575	35	37	25	35	6	4	4	2	2	4	0	0	1	1	0	4.941538	0.524677	0.527529	0.523252	1.987253	15.000000	17.500000	0.761231	0.873128	0.723931	0	0	1	1	157	1203474
1444479576	34	38	38	38	6	2	2	7	2	5	1	0	0	2	0	4.941538	0.524677	0.526103	0.523252	1.987253	15.000000	17.500000	0.835829	0.835829	0.723931	0	0	1	1	157	1167446
1444479577	31	27	23	38	2	2	1	2	4	5	0	0	1	0	0	4.939927	0.524677	0.527529	0.523252	1.987253	15.000000	17.500000	0.803008	0.877631	0.765698	0	0	1	1	157	1167458
1444479578	23	26	37	39	3	1	3	2	3	5	0	0	1	0	0	4.941538	0.526103	0.526103	0.521826	1.987253	15.000000	17.500000	0.761231	0.873128	0.723931	0	0	1	1	157	1167461
1444479580	32	37	21	31	4	1	3	1	4	3	1	0	0	0	0	4.943151	0.523252	0.527529	0.520400	1.985641	15.000000	17.500000	0.831341	0.831341	0.756766	0	0	1	1	157	1170171
1444479581	36	26	28	43	4	2	3	6	4	3	1	1	1	1	1	4.939927	0.524677	0.527529	0.523252	1.988059	15.000000	17.500000	0.803008	0.765698	0.728385	0	0	1	1	157	1167441
1444479582	35	36	28	33	4	0	2	2	2	3	0	0	0	0	0	4.941538	0.524677	0.526103	0.521826	1.988059	15.000000	17.500000	0.798530	0.835829	0.723931	0	0	1	1	157	1168597
1444479583	30	47	27	26	6	3	3	1	6	5	1	1	2	1	1	4.939927	0.524677	0.526103	0.523252	1.988059	15.000000	17.500000	0.803008	0.877631	0.728385	0	0	1	1	157	1164686
1444479584	38	40	30	28	7	1	2	6	3	1	0	1	0	1	0	4.941538	0.523252	0.526103	0.520400	1.988059	15.000000	17.500000	0.761231	0.723931	0.873128	0	0	1	1	157	1167437
1444479586	47	42	26	35	9	4	4	5	7	3	0	1	2	0	0	4.941538	0.526103	0.526103	0.520400	1.988865	15.250000	17.500000	0.798530	0.835829	0.761231	0	0	1	1	157	1167451
1444479587	44	31	32	24	5	3	1	1	2	1	0	0	0	0	0	4.941538	0.526103	0.527529	0.523252	1.988865	15.250000	17.500000	0.798530	0.873128	0.761231	0	0	1	1	157	1164695
1444479588	37	32	26	34	3	2	2	2	2	2	0	0	0	0	0	4.939927	0.526103	0.527529	0.521826	1.988865	15.250000	17.500000	0.765698	0.840319	0.728385	0	0	1	1	157	1167437
1444479589	42	26	31	23	5	3	2	2	3	4	0	0	0	1	0	4.939927	0.526103	0.526103	0.521826	1.988865	15.250000	17.500000	0.803008	0.840319	0.728385	0	0	1	1	157	1167451
1444479590	39	34	29	32	4	4	2	1	5	3	1	2	1	1	1	4.936703	0.526103	0.527529	0.521826	1.987253	15.250000	17.500000	0.849310	0.849310	0.737302	0	0	1	1	157	1164683
1444479592	29	37	43	29	5	1	2	5	3	4	0	0	0	0	0	4.941538	0.526103	0.524677	0.520400	1.989670	15.250000	17.500000	0.798530	0.873128	0.723931	0	0	1	1	157	1167437
1444479593	39	33	44	32	5	5	4	4	1	5	0	0	1	0	0	4.939927	0.523252	0.528955	0.523252	1.988865	15.250000	17.500000	0.765698	0.840319	0.728385	0	0	1	1	157	1167451
1444479594	45	41	40	39	8	3	1	6	4	5	1	1	0	1	0	4.939927	0.524677	0.526103	0.521826	1.988865	15.250000	17.500000	0.803008	0.840319	0.728385	0	0	1	1	157	1168607
1444479595	31	25	38	41	4	3	1	1	3	4	0	0	0	0	0	4.939927	0.526103	0.526103	0.523252	1.989670	15.250000	17.500000	0.840319	0.840319	0.728385	0	0	1	1	157	1164691
1444479596	38	45	38	30	5	2	4	6	3	3	0	1	0	1	0	4.941538	0.526103	0.526103	0.520400	1.988865	15.250000	17.500000	0.835829	0.835829	0.723931	0	0	1	1	157	1167446
1444479598	27	28	30	30	3	1	0	2	3	2	0	0	0	0	0	4.939927	0.526103	0.527529	0.523252	1.990476	15.250000	17.500000	0.840319	0.840319	0.691074	0	0	1	1	157	1167461
1444479599	33	28	41	35	2	3	2	2	1	5	0	0	1	0	0	4.936703	0.524677	0.527529	0.521826	1.988865	15.250000	17.500000	0.849310	0.886645	0.774638	0	0	1	1	157	1164692
1444479600	41	35	34	38	5	5	4	3	2	6	1	0	1	0	0	4.939927	0.521826	0.526103	0.520400	1.989670	15.250000	17.500000	0.840319	0.765698	0.728385	0	0	1	1	157	1167447
1444479601	34	35	39	44	2	4	3	1	6	9	0	0	0	0	0	4.939927	0.524677	0.527529	0.521826	1.990476	15.250000	17.500000	0.803008	0.803008	0.728385	0	0	1	1	157	1167461
1444479602	34	38	32	38	3	2	2	1	3	5	0	0	0	1	0	4.939927	0.524677	0.526103	0.521826	1.990476	15.250000	17.500000	0.765698	0.914942	0.728385	0	0	1	1	157	1164694
1444479604	39	30	33	26	3	3	2	3	4	6	1	0	1	1	0	4.936703	0.528955	0.526103	0.523252	1.988865	15.250000	17.500000	0.774638	0.849310	0.737302	0	0	1	1	157	1167446
1444479605	40	33	25	39	4	0	6	3	7	2	0	1	0	1	0	4.939927	0.518974	0.531806	0.520400	1.990476	15.250000	17.500000	0.840319	0.840319	0.765698	0	0	1	1	157	1167453
1444479606	30	33	40	33	2	4	3	2	4	9	1	1	1	2	1	4.939927	0.526103	0.526103	0.521826	1.991282	15.250000	17.500000	0.803008	0.840319	0.728385	0	0	1	1	157	1165828
1444479607	32	36	30	37	4	2	2	5	2	5	1	0	0	1	0	4.936703	0.526103	0.527529	0.521826	1.990476	15.250000	18.000000	0.849310	0.849310	0.774638	0	0	1	1	157	1167436
1444479608	32	31	29	54	3	1	7	0	3	4	0	0	1	0	0	4.944762	0.524677	0.521826	0.523252	1.991282	15.250000	17.500000	0.826856	0.715030	0.715030	0	0	1	1	157	1167452
1444479610	24	35	27	29	6	1	1	2	4	2	0	1	0	0	0	4.941538	0.526103	0.526103	0.523252	1.992894	15.250000	18.000000	0.835829	0.835829	0.761231	0	0	1	1	157	1167452
1444479611	31	25	34	30	4	5	0	0	1	3	0	0	0	0	0	4.938315	0.524677	0.527529	0.523252	1.991282	15.250000	17.500000	0.770166	0.844813	0.770166	0	0	1	1	157	1164684
1444479612	33	36	38	35	3	3	1	4	4	0	0	0	0	0	0	4.936703	0.523252	0.517549	0.520400	1.992088	15.250000	18.000000	0.774638	0.886645	0.737302	0	0	1	1	157	1167437
1444479613	37	42	34	35	5	4	1	7	5	5	0	0	0	1	0	4.939927	0.524677	0.524677	0.520400	1.992088	15.250000	18.000000	0.803008	0.803008	0.728385	0	0	1	1	157	1167449
1444479614	42	37	40	32	6	3	4	5	5	5	0	1	0	0	0	4.939927	0.524677	0.527529	0.523252	1.992088	15.250000	18.000000	0.803008	0.877631	0.728385	0	0	1	1	157	1164683
1444479616	38	26	41	42	2	3	5	1	4	9	0	0	1	0	0	4.939927	0.523252	0.527529	0.523252	1.992088	15.250000	18.000000	0.765698	0.877631	0.728385	0	0	1	1	157	1167437
1444479617	43	33	26	32	3	1	2	0	1	4	0	0	0	0	0	4.933480	0.523252	0.526103	0.521826	1.992088	15.250000	18.000000	0.858312	0.895671	0.783592	0	0	1	1	157	1167451
1444479618	25	32	34	28	2	2	2	1	6	4	0	0	0	0	0	4.939927	0.523252	0.527529	0.521826	1.992894	15.250000	18.000000	0.765698	0.803008	0.728385	0	0	1	1	157	1165832
1444479619	31	34	39	40	3	3	4	2	5	5	1	1	1	0	0	4.939927	0.524677	0.526103	0.523252	1.992894	15.250000	18.000000	0.803008	0.840319	0.728385	0	0	1	1	157	1167449
1444479620	36	32	33	35	5	4	3	2	1	1	0	1	0	0	0	4.936703	0.514697	0.524677	0.520400	1.990476	15.250000	18.000000	0.849310	0.886645	0.774638	0	0	1	1	157	1167461
1444479622	42	37	34	38	5	5	1	3	6	6	0	0	0	0	0	4.939927	0.524677	0.527529	0.521826	1.993700	15.250000	18.000000	0.765698	0.877631	0.765698	0	0	1	1	157	1164687
1444479623	36	36	45	36	6	4	3	3	2	6	1	0	0	0	0	4.941538	0.526103	0.526103	0.521826	1.992894	15.250000	18.000000	0.798530	0.873128	0.761231	0	0	1	1	157	1167449
1444479624	35	31	36	38	5	4	2	1	7	5	0	0	0	0	0	4.938315	0.524677	0.527529	0.521826	1.993700	15.250000	18.000000	0.770166	0.844813	0.770166	0	0	1	1	157	1167461
1444479625	27	22	35	25	2	2	1	3	0	4	1	0	0	0	0	4.939927	0.518974	0.528955	0.520400	1.993700	15.250000	18.000000	0.765698	0.691074	0.691074	0	0	1	1	157	1167461
1444479626	43	36	31	31	3	2	5	3	4	4	0	1	0	0	0	4.939927	0.521826	0.526103	0.521826	1.992894	15.250000	18.000000	0.840319	0.877631	0.728385	0	0	1	1	157	1174940
1444479628	38	35	36	43	5	5	2	2	7	5	0	1	0	0	0	4.939927	0.524677	0.526103	0.520400	1.993700	15.250000	18.000000	0.765698	0.840319	0.728385	0	0	1	1	157	1167443
1444479629	28	29	32	28	2	2	1	1	1	4	0	0	0	0	0	4.939927	0.524677	0.527529	0.520400	1.992894	15.250000	18.000000	0.803008	0.840319	0.616451	0	0	1	1	157	1167457
1444479630	33	49	47	44	3	3	2	9	6	11	0	0	0	3	0	4.939927	0.524677	0.527529	0.523252	1.994506	15.250000	18.000000	0.803008	0.840319	0.765698	0	0	1	1	157	1165829
1444479631	39	57	43	39	6	2	3	10	11	9	1	1	0	2	0	4.943151	0.520400	0.521826	0.526103	1.995311	15.250000	18.000000	0.794054	0.831341	0.719479	0	0	1	1	158	1167458
1444479632	40	44	39	32	5	3	2	3	5	9	1	0	0	0	0	4.939927	0.523252	0.526103	0.523252	1.994506	15.250000	18.000000	0.765698	0.803008	0.728385	0	0	1	1	159	1167488
1444479634	28	40	23	36	5	1	0	6	3	2	0	0	0	0	0	4.938315	0.523252	0.527529	0.521826	1.995311	15.250000	18.000000	0.807490	0.844813	0.732842	0	0	1	1	157	1164661
1444479635	40	27	34	33	5	3	3	3	2	4	0	1	0	0	0	4.936703	0.526103	0.526103	0.521826	1.994506	15.250000	18.000000	0.811974	0.849310	0.737302	0	0	1	1	157	1167436
1444479636	31	29	32	24	2	2	1	0	3	1	0	0	0	0	0	4.941538	0.524677	0.526103	0.520400	1.993700	15.250000	18.000000	0.798530	0.835829	0.723931	0	0	1	1	157	1167448
1444479637	29	32	40	46	2	2	1	3	5	8	0	0	0	0	0	4.939927	0.524677	0.526103	0.521826	1.995311	15.250000	18.000000	0.803008	0.840319	0.691074	0	0	1	1	157	1164670
1444479638	32	27	27	32	2	1	3	2	2	3	0	0	0	0	0	4.939927	0.524677	0.526103	0.523252	1.996117	15.250000	18.000000	0.803008	0.840319	0.691074	0	0	1	1	157	1167437
1444479640	29	33	34	38	5	1	1	4	1	5	1	0	0	0	0	4.941538	0.521826	0.526103	0.521826	1.995311	15.250000	18.000000	0.798530	0.873128	0.723931	0	0	1	1	157	1167451
1444479641	31	30	35	32	5	1	3	2	6	7	1	1	1	2	1	4.939927	0.524677	0.526103	0.521826	1.994506	15.250000	18.000000	0.803008	0.840319	0.765698	0	0	1	1	157	1167451
1444479642	35	47	29	32	5	3	3	2	5	7	1	1	1	1	1	4.939927	0.526103	0.526103	0.521826	1.996117	15.250000	18.000000	0.803008	0.803008	0.728385	0	0	1	1	157	1165845
1444479643	31	30	26	41	5	1	2	2	3	3	1	1	1	1	1	4.941538	0.527529	0.526103	0.521826	1.996117	15.250000	18.000000	0.761231	0.835829	0.723931	0	0	1	1	157	1167446
1444479644	27	31	36	32	3	1	0	4	3	1	1	0	0	0	0	4.939927	0.523252	0.526103	0.520400	1.996117	15.250000	18.000000	0.765698	0.840319	0.728385	0	0	1	1	157	1167461
1444479646	31	26	29	28	1	1	1	1	3	1	0	0	0	0	0	4.939927	0.526103	0.527529	0.521826	1.996117	15.250000	18.000000	0.803008	0.877631	0.728385	0	0	1	1	157	1164689
1444479647	31	32	34	28	5	3	5	7	5	5	0	2	1	0	0	4.941538	0.523252	0.527529	0.523252	1.996923	15.250000	18.000000	0.798530	0.873128	0.723931	0	0	1	1	157	1167447
1444479648	41	34	32	30	4	2	2	2	1	0	0	0	0	0	0	4.939927	0.523252	0.527529	0.520400	1.996117	15.250000	18.000000	0.803008	0.840319	0.653762	0	0	1	1	157	1167461
1444479649	33	30	26	31	4	3	1	0	5	3	0	0	0	0	0	4.939927	0.524677	0.527529	0.521826	1.996923	15.250000	18.000000	0.803008	0.840319	0.765698	0	0	1	1	157	1164689
1444479650	35	50	28	44	5	2	3	3	7	7	0	1	0	0	0	4.939927	0.523252	0.526103	0.521826	1.996117	15.250000	18.000000	0.765698	0.840319	0.728385	0	0	1	1	157	1167446
1444479652	50	39	37	36	7	4	3	5	4	6	0	0	1	1	0	4.939927	0.523252	0.527529	0.523252	1.996923	15.250000	18.000000	0.691074	0.803008	0.728385	0	0	1	1	157	1167462
1444479653	32	36	32	39	3	1	6	3	9	6	0	1	1	0	0	4.936703	0.526103	0.527529	0.523252	1.996117	15.250000	18.000000	0.774638	0.886645	0.774638	0	0	1	1	157	1175120
1444479654	48	34	44	42	5	6	2	3	2	4	1	1	0	0	0	4.941538	0.524677	0.527529	0.523252	1.996923	15.250000	18.000000	0.798530	0.910427	0.723931	0	0	1	1	157	1168582
1444479655	32	31	34	32	1	3	1	1	5	3	0	0	0	0	0	4.941538	0.524677	0.527529	0.521826	1.997729	15.250000	18.000000	0.612034	0.761231	0.612034	0	0	1	1	157	1167452
1444479656	27	43	42	26	3	1	2	6	2	9	1	0	0	1	0	4.941538	0.524677	0.526103	0.521826	1.997729	15.250000	18.000000	0.798530	0.835829	0.723931	0	0	1	1	157	1167452
1444479658	46	41	38	32	6	6	3	4	5	3	2	1	1	1	1	4.939927	0.524677	0.527529	0.521826	1.998535	15.500000	18.000000	0.803008	0.840319	0.728385	0	0	1	1	157	1164689
1444479659	34	40	31	27	3	2	0	4	7	2	1	0	0	0	0	4.943151	0.524677	0.527529	0.520400	1.997729	15.250000	18.000000	0.831341	0.831341	0.719479	0	0	1	1	157	1167437
1444479660	40	37	39	38	5	3	5	3	3	3	0	0	0	0	0	4.939927	0.526103	0.526103	0.521826	1.998535	15.500000	18.000000	0.840319	0.877631	0.653762	0	0	1	1	157	1167451
1444479661	34	32	43	38	3	2	2	5	3	3	0	1	0	0	0	4.939927	0.524677	0.527529	0.523252	1.998535	15.500000	18.000000	0.765698	0.877631	0.728385	0	0	1	1	157	1164687
1444479662	38	27	28	25	4	3	2	0	4	3	0	1	0	0	0	4.947986	0.520400	0.527529	0.520400	1.997729	15.250000	18.000000	0.743394	0.817895	0.706143	0	0	1	1	157	1167436
1444479664	26	42	27	39	6	3	2	0	4	2	0	1	0	0	0	4.939927	0.524677	0.526103	0.521826	1.998535	15.500000	18.000000	0.840319	0.840319	0.765698	0	0	1	1	157	1167452
1444479665	37	35	31	41	4	2	4	2	6	4	1	1	1	1	1	4.939927	0.526103	0.527529	0.521826	1.998535	15.500000	18.000000	0.803008	0.877631	0.728385	0	0	1	1	157	1164704
1444479666	40	38	40	46	4	3	3	3	7	7	1	0	0	0	0	4.939927	0.524677	0.526103	0.521826	1.998535	15.500000	18.000000	0.803008	0.840319	0.765698	0	0	1	1	157	1168700
1444479667	33	47	34	47	4	1	3	2	6	10	0	0	0	0	0	4.933480	0.523252	0.526103	0.521826	1.999341	15.500000	18.000000	0.820951	0.858312	0.746230	0	0	1	1	157	1167461
1444479668	25	33	28	42	3	2	4	4	6	7	1	1	1	0	0	4.941538	0.526103	0.526103	0.523252	1.999341	15.500000	18.000000	0.798530	0.835829	0.723931	0	0	1	1	158	1167478
1444479670	36	25	36	35	5	4	1	2	3	5	0	1	0	0	0	4.941538	0.524677	0.527529	0.523252	2.000147	15.500000	18.000000	0.798530	0.835829	0.723931	0	0	1	1	157	1164698
1444479671	30	38	35	38	6	2	0	3	5	8	1	0	0	0	0	4.939927	0.526103	0.526103	0.523252	1.999341	15.500000	18.000000	0.765698	0.914942	0.765698	0	0	1	1	157	1167447
1444479672	33	36	36	30	5	3	0	4	2	6	0	0	0	0	0	4.939927	0.521826	0.526103	0.523252	2.000147	15.500000	18.000000	0.803008	0.840319	0.728385	0	0	1	1	157	1167461
1444479673	32	45	38	27	2	2	1	5	5	4	0	0	0	0	0	4.939927	0.524677	0.527529	0.521826	2.000147	15.500000	18.000000	0.840319	0.840319	0.728385	0	0	1	1	157	1164691
1444479674	40	38	42	43	2	2	5	3	6	7	0	1	1	1	0	4.939927	0.526103	0.527529	0.521826	2.000952	15.500000	18.000000	0.765698	0.840319	0.728385	0	0	1	1	157	1167446
1444479676	27	41	28	30	7	0	2	2	3	5	0	0	0	0	0	4.939927	0.523252	0.526103	0.523252	2.000952	15.500000	18.000000	0.765698	0.803008	0.691074	0	0	1	1	157	1167461
1444479677	34	39	28	45	5	2	4	2	5	7	0	0	1	1	0	4.939927	0.523252	0.528955	0.521826	1.999341	15.500000	18.000000	0.803008	0.840319	0.728385	0	0	1	1	157	1164696
1444479678	30	34	37	42	4	3	2	3	0	7	0	0	1	0	0	4.939927	0.526103	0.526103	0.521826	2.000952	15.500000	18.000000	0.803008	0.877631	0.765698	0	0	1	1	157	1168687
1444479679	35	27	36	35	5	4	2	3	2	4	1	1	0	0	0	4.941538	0.524677	0.527529	0.523252	2.000147	15.500000	18.000000	0.835829	0.835829	0.723931	0	0	1	1	157	1167452
1444479680	34	41	30	36	4	0	1	4	3	8	0	0	0	1	0	4.943151	0.526103	0.526103	0.523252	2.000952	15.500000	18.000000	0.794054	0.831341	0.570331	0	0	1	1	157	1164679
1444479682	48	40	34	36	5	0	1	2	7	2	0	0	0	0	0	4.941538	0.523252	0.526103	0.524677	2.001758	15.500000	18.000000	0.761231	0.835829	0.798530	0	0	1	1	157	1167437
1444479683	30	30	34	39	4	1	5	3	3	5	0	1	0	0	0	4.941538	0.524677	0.526103	0.521826	2.001758	15.500000	18.000000	0.798530	0.835829	0.761231	0	0	1	1	157	1167451
1444479684	31	33	28	31	5	0	0	3	3	3	0	0	0	0	0	4.947986	0.523252	0.526103	0.521826	2.000952	15.250000	18.000000	0.780645	0.855146	0.706143	0	0	1	1	157	1167451
1444479685	38	32	26	34	3	2	3	1	3	7	1	0	1	0	0	4.943151	0.523252	0.527529	0.523252	2.001758	15.500000	18.000000	0.831341	0.868628	0.756766	0	0	1	1	157	1164697
1444479686	28	28	25	27	8	3	3	2	3	7	1	2	1	1	1	4.939927	0.524677	0.527529	0.523252	2.001758	15.500000	18.000000	0.803008	0.840319	0.728385	0	0	1	1	157	1167440
1444479688	37	32	45	37	3	2	0	3	2	3	0	0	0	0	0	4.941538	0.526103	0.526103	0.523252	2.001758	15.500000	18.000000	0.835829	0.873128	0.761231	0	0	1	1	157	1167451
1444479689	33	30	23	36	4	2	4	1	6	5	0	1	0	0	0	4.939927	0.526103	0.527529	0.523252	2.000952	15.500000	18.000000	0.691074	0.803008	0.728385	0	0	1	1	157	1164680
1444479690	24	31	33	36	4	1	2	2	0	9	0	0	0	0	0	4.939927	0.524677	0.526103	0.520400	2.001758	15.500000	18.000000	0.840319	0.877631	0.765698	0	0	1	1	157	1168592
1444479691	30	33	27	50	4	1	5	0	4	8	0	0	1	0	0	4.941538	0.526103	0.524677	0.521826	2.000952	15.500000	18.000000	0.835829	0.761231	0.686632	0	0	1	1	157	1167461
1444479692	45	34	36	28	5	3	3	3	4	7	0	0	0	0	0	4.941538	0.526103	0.524677	0.523252	2.001758	15.500000	18.000000	0.873128	0.835829	0.723931	0	0	1	1	157	1164720
1444479694	37	33	36	39	5	1	0	0	2	8	0	0	0	0	0	4.941538	0.526103	0.526103	0.523252	2.003370	15.500000	18.000000	0.761231	0.835829	0.723931	0	0	1	1	157	1167447
1444479695	32	27	32	34	4	2	2	1	1	6	0	0	0	0	0	4.943151	0.524677	0.526103	0.521826	2.002564	15.500000	18.000000	0.756766	0.794054	0.756766	0	0	1	1	157	1167464
1444479696	39	24	29	26	1	4	3	2	3	3	0	0	1	0	0	4.939927	0.510420	0.523252	0.520400	2.001758	15.500000	18.000000	0.765698	0.280648	0.579140	0	0	1	1	157	1164615
1444479697	19	24	29	21	0	0	1	2	2	2	0	0	0	0	0	4.939927	0.524677	0.524677	0.523252	2.003370	15.500000	18.000000	0.840319	0.765698	0.691074	0	0	1	1	157	1167446
1444479698	35	39	24	40	5	1	3	3	6	4	0	1	1	2	0	4.941538	0.526103	0.523252	0.523252	2.002564	15.500000	18.000000	0.798530	0.761231	0.723931	0	0	1	1	157	1167464
1444479700	29	31	40	32	4	2	1	3	4	5	0	0	0	1	0	4.939927	0.524677	0.523252	0.523252	2.002564	15.500000	18.000000	0.765698	0.877631	0.765698	0	0	1	1	157	1167461
1444479701	30	39	24	30	2	0	1	3	2	2	0	0	0	0	0	4.938315	0.524677	0.526103	0.520400	2.000952	15.500000	18.000000	0.807490	0.844813	0.770166	0	0	1	1	157	1164827
1444479702	34	29	33	40	6	3	1	3	1	6	1	0	0	0	0	4.941538	0.526103	0.526103	0.523252	2.004176	15.500000	18.000000	0.835829	0.835829	0.723931	0	0	1	1	157	1168687
1444479703	34	43	27	41	5	3	1	2	3	3	0	0	1	0	0	4.941538	0.523252	0.524677	0.524677	2.003370	15.500000	18.000000	0.798530	0.761231	0.835829	0	0	1	1	157	1167451
1444479704	39	27	36	36	2	1	2	2	3	3	0	0	1	0	0	4.936703	0.528955	0.526103	0.518974	2.000147	15.500000	18.000000	0.774638	0.849310	0.737302	0	0	1	1	157	1164683
1444479706	35	29	42	33	3	6	2	3	5	3	0	0	1	0	0	4.939927	0.524677	0.523252	0.521826	2.003370	15.500000	18.000000	0.765698	0.803008	0.728385	0	0	1	1	157	1167434
1444479707	33	28	30	30	3	0	1	4	3	5	0	0	0	0	0	4.939927	0.526103	0.526103	0.523252	2.003370	15.500000	18.000000	0.840319	0.840319	0.765698	0	0	1	1	157	1167452
1444479708	33	30	32	52	5	3	5	2	6	5	1	2	1	1	1	4.939927	0.524677	0.524677	0.523252	2.003370	15.500000	18.000000	0.803008	0.765698	0.691074	0	0	1	1	157	1164693
1444479709	44	37	35	45	4	5	6	2	4	5	0	0	1	0	0	4.939927	0.524677	0.523252	0.521826	2.003370	15.500000	18.000000	0.541828	0.765698	0.653762	0	0	1	1	157	1167437
1444479710	27	39	34	28	3	3	2	4	5	2	0	1	0	0	0	4.939927	0.524677	0.526103	0.521826	2.002564	15.500000	18.000000	0.803008	0.765698	0.765698	0	0	1	1	157	1167451
1444479712	28	29	44	42	4	4	0	2	0	8	0	0	0	0	0	4.939927	0.526103	0.526103	0.523252	2.004176	15.500000	18.000000	0.840319	0.840319	0.728385	0	0	1	1	157	1164691
1444479713	36	36	26	39	4	2	2	1	5	2	0	0	0	0	0	4.935091	0.523252	0.523252	0.521826	2.001758	15.500000	18.000000	0.816462	0.853809	0.779113	0	0	1	1	157	1167436
1444479714	35	41	36	34	5	1	3	6	2	5	0	1	0	0	0	4.939927	0.523252	0.524677	0.520400	2.004176	15.500000	18.000000	0.803008	0.803008	0.728385	0	0	1	1	157	1168607
1444479715	32	32	36	27	2	3	2	3	2	4	0	0	0	0	0	4.941538	0.524677	0.527529	0.521826	2.004176	15.500000	18.000000	0.761231	0.835829	0.723931	0	0	1	1	157	1167461
1444479716	38	30	34	37	4	2	1	1	3	1	0	0	0	0	0	4.939927	0.523252	0.527529	0.521826	2.004176	15.500000	18.000000	0.803008	0.877631	0.765698	0	0	1	1	157	1164697
1444479718	23	36	32	39	3	0	2	3	6	4	0	1	0	1	0	4.939927	0.521826	0.526103	0.520400	2.004982	15.500000	18.000000	0.616451	0.616451	0.653762	0	0	1	1	157	1167447
1444479719	28	35	43	41	3	1	0	5	4	10	0	0	0	1	0	4.936703	0.523252	0.526103	0.521826	2.003370	15.500000	18.000000	0.811974	0.849310	0.737302	0	0	1	1	157	1167461
1444479720	32	31	36	38	5	3	4	1	2	5	0	1	0	0	0	4.941538	0.526103	0.523252	0.521826	2.004982	15.500000	18.000000	0.835829	0.798530	0.761231	0	0	1	1	158	1167486
1444479721	25	35	35	38	1	4	1	3	6	3	0	0	0	1	0	4.941538	0.526103	0.526103	0.521826	2.005788	15.500000	18.000000	0.798530	0.873128	0.761231	0	0	1	1	157	1167456
1444479722	32	40	34	34	4	2	3	3	1	4	1	0	0	0	0	4.939927	0.524677	0.526103	0.521826	2.004176	15.500000	18.000000	0.803008	0.840319	0.728385	0	0	1	1	157	1167462
1444479724	35	26	34	43	3	2	2	2	1	4	0	0	0	0	0	4.939927	0.524677	0.527529	0.523252	2.004982	15.500000	18.000000	0.803008	0.877631	0.765698	0	0	1	1	157	1164692
1444479725	43	32	34	42	3	3	2	5	6	7	0	0	0	0	0	4.938315	0.526103	0.527529	0.523252	2.005788	15.500000	18.000000	0.844813	0.882137	0.732842	0	0	1	1	157	1167442
1444479726	35	35	30	25	3	3	3	1	3	4	0	0	0	0	0	4.939927	0.520400	0.523252	0.527529	2.005788	15.500000	18.000000	0.840319	0.840319	0.728385	0	0	1	1	157	1168597
1444479727	46	42	25	33	7	1	2	3	8	2	0	1	0	0	0	4.936703	0.524677	0.527529	0.523252	2.004982	15.500000	18.000000	0.849310	0.886645	0.774638	0	0	1	1	157	1164679
1444479728	34	37	25	38	6	3	1	2	4	6	0	0	0	1	0	4.941538	0.523252	0.526103	0.521826	2.006593	15.500000	18.000000	0.798530	0.835829	0.686632	0	0	1	1	157	1167440
1444479730	30	29	37	34	3	2	4	4	3	7	0	1	0	1	0	4.938315	0.526103	0.526103	0.521826	2.005788	15.500000	18.000000	0.807490	0.882137	0.770166	0	0	1	1	157	1167451
1444479731	32	38	41	31	2	1	2	3	4	6	0	0	1	1	0	4.941538	0.526103	0.527529	0.520400	2.005788	15.500000	18.000000	0.835829	0.873128	0.761231	0	0	1	1	157	1167449
1444479732	36	35	43	29	6	2	1	3	2	4	0	0	0	0	0	4.936703	0.524677	0.527529	0.523252	2.005788	15.500000	18.000000	0.849310	0.849310	0.737302	0	0	1	1	157	1164683
1444479733	39	27	23	43	5	3	3	3	3	3	1	2	1	2	1	4.939927	0.526103	0.526103	0.521826	2.005788	15.500000	18.000000	0.840319	0.877631	0.728385	0	0	1	1	157	1167437
1444479734	37	25	37	31	2	2	2	1	1	4	0	0	0	0	0	4.939927	0.521826	0.526103	0.521826	2.006593	15.500000	18.000000	0.803008	0.840319	0.728385	0	0	1	1	157	1167451
1444479736	19	31	28	30	3	4	1	2	4	4	0	0	0	0	0	4.941538	0.526103	0.526103	0.523252	2.005788	15.500000	18.000000	0.761231	0.835829	0.761231	0	0	1	1	157	1164685
1444479737	41	41	28	35	9	3	1	3	5	5	0	0	0	2	0	4.939927	0.524677	0.526103	0.523252	2.006593	15.500000	18.000000	0.803008	0.840319	0.728385	0	0	1	1	157	1167436
1444479738	46	33	35	32	4	4	4	4	6	6	1	1	1	2	1	4.944762	0.526103	0.527529	0.521826	2.007399	15.500000	18.000000	0.789581	0.864131	0.752306	0	0	1	1	157	1168606
1444479739	36	26	29	35	5	3	2	0	3	4	0	0	0	0	0	4.939927	0.524677	0.526103	0.523252	2.007399	15.500000	18.000000	0.840319	0.877631	0.728385	0	0	1	1	157	1164694
1444479740	31	33	25	25	2	2	0	1	2	2	0	0	0	1	0	4.936703	0.526103	0.527529	0.521826	2.005788	15.500000	18.000000	0.811974	0.886645	0.774638	0	0	1	1	157	1167449
1444479742	31	37	26	28	2	1	0	5	3	2	0	0	0	0	0	4.939927	0.523252	0.526103	0.521826	2.007399	15.500000	18.000000	0.803008	0.840319	0.728385	0	0	1	1	157	1167461
1444479743	48	34	35	36	7	3	1	3	3	5	1	0	1	1	0	4.939927	0.526103	0.527529	0.523252	2.007399	15.500000	18.000000	0.803008	0.803008	0.765698	0	0	1	1	157	1164715
1444479744	35	30	35	37	6	1	5	0	3	5	0	2	0	0	0	4.939927	0.524677	0.526103	0.523252	2.007399	15.500000	18.000000	0.803008	0.803008	0.691074	0	0	1	1	157	1167446
1444479745	44	48	38	37	5	1	2	3	6	3	0	0	0	0	0	4.936703	0.528955	0.526103	0.520400	2.006593	15.500000	18.000000	0.849310	0.849310	0.737302	0	0	1	1	157	1167461
1444479746	35	37	32	25	3	2	0	0	2	3	0	0	0	0	0	4.939927	0.524677	0.527529	0.523252	2.007399	15.500000	18.000000	0.728385	0.840319	0.691074	0	0	1	1	157	1167462
1444479748	38	36	37	49	2	3	4	4	4	5	0	1	0	1	0	4.939927	0.526103	0.526103	0.523252	2.008205	15.500000	18.000000	0.840319	0.840319	0.691074	0	0	1	1	157	1164685
1444479749	30	26	34	45	4	2	3	1	2	6	0	0	1	0	0	4.936703	0.526103	0.528955	0.523252	2.006593	15.500000	18.000000	0.849310	0.886645	0.737302	0	0	1	1	157	1167442
1444479750	33	36	37	30	5	0	0	2	3	3	0	0	0	0	0	4.939927	0.523252	0.526103	0.521826	2.008205	15.500000	18.000000	0.803008	0.877631	0.765698	0	0	1	1	157	1168701
1444479751	38	31	42	35	3	2	2	0	4	7	0	0	0	0	0	4.939927	0.526103	0.527529	0.521826	2.008205	15.500000	18.000000	0.803008	0.840319	0.616451	0	0	1	1	157	1164686
1444479752	25	31	37	48	2	1	2	3	5	9	0	0	0	1	0	4.939927	0.524677	0.526103	0.521826	2.008205	15.500000	18.000000	0.840319	0.840319	0.728385	0	0	1	1	157	1167437
1444479754	35	28	38	41	0	2	2	2	3	2	0	0	0	0	0	4.936703	0.526103	0.527529	0.521826	2.006593	15.500000	18.000000	0.811974	0.886645	0.774638	0	0	1	1	157	1167452
1444479755	30	38	27	40	0	0	2	1	2	6	0	0	0	0	0	4.939927	0.526103	0.526103	0.521826	2.007399	15.500000	18.000000	0.691074	0.840319	0.765698	0	0	1	1	157	1164686
1444479756	28	30	32	32	6	1	1	4	3	5	1	0	0	1	0	4.939927	0.524677	0.526103	0.523252	2.008205	15.500000	18.000000	0.840319	0.840319	0.728385	0	0	1	1	157	1167437
1444479757	37	31	36	38	3	4	2	2	2	7	1	0	0	0	0	4.939927	0.526103	0.526103	0.523252	2.008205	15.500000	18.000000	0.840319	0.840319	0.728385	0	0	1	1	157	1167454
1444479758	33	38	39	35	6	0	3	3	3	5	0	0	0	0	0	4.938315	0.523252	0.518974	0.521826	2.006593	15.500000	18.000000	0.770166	0.807490	0.770166	0	0	1	1	157	1167451
1444479760	38	47	32	42	5	4	3	5	8	4	0	1	1	0	0	4.939927	0.523252	0.526103	0.523252	2.009011	15.500000	18.000000	0.803008	0.877631	0.653762	0	0	1	1	157	1164670
1444479761	35	31	30	32	3	3	0	1	4	5	0	0	0	0	0	4.938315	0.526103	0.526103	0.521826	2.008205	15.500000	18.000000	0.844813	0.882137	0.732842	0	0	1	1	157	1167439
1444479762	31	27	34	34	3	3	2	3	3	4	0	0	1	0	0	4.935091	0.526103	0.526103	0.523252	2.007399	15.500000	18.000000	0.816462	0.853809	0.741765	0	0	1	1	157	1168607
1444479763	37	31	33	35	5	2	1	4	5	3	1	0	0	0	0	4.939927	0.524677	0.527529	0.523252	2.009011	15.500000	18.000000	0.803008	0.691074	0.803008	0	0	1	1	157	1164680
1444479764	29	26	24	31	4	2	4	2	3	5	0	0	1	0	0	4.939927	0.524677	0.527529	0.521826	2.009817	15.500000	18.000000	0.803008	0.840319	0.728385	0	0	1	1	157	1167447
1444479766	38	33	22	30	3	1	2	5	3	2	0	0	0	0	0	4.939927	0.524677	0.526103	0.521826	2.009817	15.500000	18.000000	0.765698	0.877631	0.765698	0	0	1	1	157	1167464
1444479767	38	42	33	36	5	3	2	2	3	3	1	1	0	1	0	4.939927	0.523252	0.526103	0.514697	2.008205	15.500000	18.000000	0.840319	0.840319	0.728385	0	0	1	1	157	1164691
1444479768	35	37	43	30	6	2	2	3	7	2	0	1	0	0	0	4.939927	0.526103	0.527529	0.523252	2.009817	15.500000	18.000000	0.803008	0.840319	0.728385	0	0	1	1	157	1167446
1444479769	34	37	40	34	6	3	1	1	2	1	0	0	0	0	0	4.939927	0.524677	0.526103	0.521826	2.009817	15.500000	18.000000	0.803008	0.840319	0.728385	0	0	1	1	157	1167463
1444479770	31	27	36	35	6	2	3	1	4	3	1	2	1	1	1	4.939927	0.520400	0.531806	0.523252	2.009817	15.500000	18.000000	0.803008	0.877631	0.765698	0	0	1	1	157	1164692
1444479772	25	43	44	39	2	1	1	4	4	7	0	0	0	0	0	4.939927	0.523252	0.527529	0.521826	2.010623	15.750000	18.000000	0.840319	0.877631	0.765698	0	0	1	1	157	1167447
1444479773	49	27	43	29	4	3	4	2	2	5	0	0	0	0	0	4.936703	0.524677	0.527529	0.523252	2.009011	15.500000	18.000000	0.849310	0.849310	0.737302	0	0	1	1	157	1167456
1444479774	36	30	37	36	2	3	5	5	4	4	1	0	0	1	0	4.941538	0.523252	0.528955	0.523252	2.009817	15.500000	18.000000	0.798530	0.835829	0.723931	0	0	1	1	157	1168600
1444479775	35	37	27	34	2	4	2	3	2	2	0	0	0	0	0	4.939927	0.523252	0.524677	0.516123	2.009817	15.500000	18.000000	0.728385	0.840319	0.728385	0	0	1	1	157	1164709
1444479776	49	31	35	35	5	4	4	2	9	4	0	1	1	0	0	4.941538	0.526103	0.527529	0.523252	2.010623	15.500000	18.000000	0.761231	0.835829	0.723931	0	0	1	1	157	1167436
1444479778	33	21	32	39	0	1	2	2	2	3	0	0	0	0	0	4.939927	0.524677	0.527529	0.523252	2.010623	15.750000	18.000000	0.765698	0.840319	0.728385	0	0	1	1	157	1167465
1444479779	32	36	31	34	4	3	1	5	1	2	1	1	0	0	0	4.941538	0.526103	0.524677	0.521826	2.010623	15.500000	18.000000	0.761231	0.835829	0.686632	0	0	1	1	157	1164679
1444479780	32	39	41	22	2	4	2	2	4	5	0	0	0	0	0	4.941538	0.523252	0.527529	0.521826	2.011429	15.750000	18.500000	0.835829	0.910427	0.723931	0	0	1	1	157	1167437
1444479781	37	42	31	37	4	1	3	4	6	5	0	0	0	0	0	4.938315	0.526103	0.526103	0.521826	2.009817	15.500000	18.000000	0.770166	0.919461	0.770166	0	0	1	1	157	1167451
1444479782	44	43	47	28	5	4	4	4	4	4	0	0	0	1	0	4.939927	0.524677	0.527529	0.524677	2.011429	15.750000	18.000000	0.840319	0.840319	0.803008	0	0	1	1	157	1164697
1444479784	33	28	22	42	3	1	3	1	2	4	0	1	0	0	0	4.939927	0.524677	0.526103	0.521826	2.012234	15.750000	18.000000	0.803008	0.877631	0.765698	0	0	1	1	157	1167434
1444479785	27	37	32	35	1	2	0	1	3	2	0	0	0	0	0	4.936703	0.526103	0.527529	0.523252	2.010623	15.750000	18.500000	0.774638	0.811974	0.737302	0	0	1	1	157	1167452
1444479786	25	23	35	26	2	0	3	2	4	1	0	1	0	1	0	4.939927	0.524677	0.527529	0.524677	2.011429	15.750000	18.500000	0.765698	0.840319	0.803008	0	0	1	1	157	1165836
1444479787	32	36	26	36	2	0	1	5	5	1	0	0	0	0	0	4.939927	0.520400	0.528955	0.520400	2.010623	15.750000	18.500000	0.765698	0.877631	0.803008	0	0	1	1	157	1167447
1444479788	37	39	38	31	3	0	1	2	4	4	0	0	0	1	0	4.941538	0.523252	0.527529	0.523252	2.011429	15.750000	18.500000	0.798530	0.798530	0.798530	0	0	1	1	157	1167461
1444479790	41	35	29	37	5	4	3	2	3	3	0	0	0	0	0	4.939927	0.524677	0.526103	0.523252	2.011429	15.750000	18.500000	0.803008	0.840319	0.765698	0	0	1	1	157	1167461
1444479791	33	32	38	33	1	1	1	1	2	5	0	0	0	0	0	4.941538	0.523252	0.526103	0.524677	2.011429	15.750000	18.500000	0.761231	0.835829	0.798530	0	0	1	1	157	1164693
1444479792	35	29	28	33	4	3	2	2	3	5	1	1	2	1	1	4.939927	0.523252	0.527529	0.521826	2.012234	15.750000	18.500000	0.765698	0.840319	0.765698	0	0	1	1	157	1167444
1444479793	30	37	32	29	2	1	2	1	3	4	0	0	0	0	0	4.938315	0.526103	0.526103	0.524677	2.012234	15.750000	18.500000	0.882137	0.844813	0.807490	0	0	1	1	157	1167461
1444479794	39	31	24	27	8	2	0	2	2	5	0	0	0	1	0	4.938315	0.523252	0.526103	0.523252	2.012234	15.750000	18.500000	0.807490	0.807490	0.807490	0	0	1	1	157	1164692
1444479796	30	32	33	39	2	0	1	1	5	4	0	0	0	0	0	4.939927	0.523252	0.526103	0.523252	2.013040	15.750000	18.500000	0.765698	0.840319	0.579140	0	0	1	1	157	1167447
1444479797	46	30	32	40	8	1	2	0	2	3	0	0	0	0	0	4.938315	0.526103	0.527529	0.524677	2.012234	15.750000	18.500000	0.844813	0.844813	0.844813	0	0	1	1	157	1167456
1444479798	26	37	32	37	4	1	4	4	1	4	1	0	0	0	0	4.938315	0.523252	0.526103	0.526103	2.012234	15.750000	18.500000	0.807490	0.882137	0.807490	0	0	1	1	157	1165830
1444479799	30	32	34	32	2	0	3	3	1	4	0	0	0	0	0	4.939927	0.524677	0.526103	0.524677	2.011429	15.750000	18.500000	0.803008	0.840319	0.765698	0	0	1	1	157	1167437
1444479800	31	34	33	35	2	2	4	1	4	1	0	2	0	0	0	4.939927	0.527529	0.526103	0.524677	2.013846	15.750000	18.500000	0.840319	0.840319	0.765698	0	0	1	1	157	1167448
1444479802	30	48	35	37	5	3	2	3	7	7	0	1	1	0	0	4.939927	0.524677	0.527529	0.523252	2.013040	15.750000	18.500000	0.803008	0.840319	0.803008	0	0	1	1	157	1164678
1444479803	40	39	34	33	8	4	0	2	4	3	0	0	0	0	0	4.939927	0.523252	0.527529	0.524677	2.013040	15.750000	18.500000	0.803008	0.840319	0.765698	0	0	1	1	157	1167437
1444479804	37	33	43	37	1	5	2	2	3	5	0	0	0	0	0	4.939927	0.526103	0.526103	0.524677	2.013040	15.750000	18.500000	0.765698	0.728385	0.691074	0	0	1	1	157	1167452
1444479805	35	25	40	35	2	4	2	1	2	7	0	0	1	0	0	4.939927	0.527529	0.526103	0.523252	2.013040	15.750000	18.500000	0.877631	0.877631	0.803008	0	0	1	1	157	1167451
1444479806	34	34	24	43	3	3	3	2	4	3	0	1	1	0	0	4.939927	0.524677	0.526103	0.523252	2.013040	15.750000	18.500000	0.840319	0.840319	0.803008	0	0	1	1	157	1164686
1444479808	33	34	28	30	3	2	3	1	3	4	0	0	0	0	0	4.939927	0.527529	0.526103	0.526103	2.014652	15.750000	18.500000	0.840319	0.914942	0.803008	0	0	1	1	157	1167436
1444479809	35	32	25	39	6	4	4	2	3	2	1	1	0	0	0	4.938315	0.523252	0.528955	0.524677	2.013040	15.750000	18.500000	0.844813	0.844813	0.770166	0	0	1	1	157	1167452
1444479810	34	43	34	31	9	1	2	4	3	4	1	0	0	0	0	4.939927	0.526103	0.527529	0.524677	2.013846	15.750000	18.500000	0.803008	0.840319	0.803008	0	0	1	1	157	1165839
1444479811	31	24	34	33	2	0	1	2	0	7	0	0	0	0	0	4.941538	0.528955	0.526103	0.524677	2.013040	15.750000	18.500000	0.761231	0.873128	0.761231	0	0	1	1	157	1167447
1444479812	32	32	34	32	3	4	3	0	2	5	0	1	0	0	0	4.939927	0.523252	0.528955	0.521826	2.013846	15.750000	18.500000	0.840319	0.877631	0.728385	0	0	1	1	157	1167461
1444479814	35	34	41	45	5	0	0	3	4	3	0	0	0	0	0	4.939927	0.527529	0.526103	0.524677	2.014652	15.750000	18.500000	0.840319	0.877631	0.803008	0	0	1	1	157	1164694
1444479815	34	23	26	44	1	0	5	0	3	6	0	0	0	0	0	4.939927	0.523252	0.526103	0.523252	2.013846	15.750000	18.500000	0.765698	0.877631	0.803008	0	0	1	1	157	1167446
1444479816	32	42	29	36	6	4	2	2	4	4	0	1	0	0	0	4.939927	0.526103	0.526103	0.523252	2.014652	15.750000	18.500000	0.765698	0.803008	0.803008	0	0	1	1	157	1167461
1444479817	37	42	39	36	4	5	2	5	2	4	0	0	0	0	0	4.941538	0.523252	0.526103	0.523252	2.014652	15.750000	18.500000	0.798530	0.873128	0.798530	0	0	1	1	157	1164687
1444479818	25	25	45	38	1	2	2	3	1	7	0	0	0	0	0	4.939927	0.526103	0.526103	0.523252	2.014652	15.750000	18.500000	0.877631	0.840319	0.728385	0	0	1	1	157	1167447
1444479820	38	38	29	38	4	1	4	3	4	4	0	1	0	0	0	4.939927	0.524677	0.527529	0.521826	2.012234	15.750000	18.500000	0.765698	0.840319	0.840319	0	0	1	1	157	1167461
1444479821	37	38	31	36	1	5	3	0	4	2	0	0	0	0	0	4.936703	0.524677	0.526103	0.521826	2.013846	15.750000	18.500000	0.699966	0.811974	0.699966	0	0	1	1	157	1167456
1444479822	29	27	36	40	5	2	1	3	3	7	1	0	0	0	0	4.943151	0.526103	0.526103	0.523252	2.015458	15.750000	18.500000	0.831341	0.831341	0.756766	0	0	1	1	157	1165744
1444479823	45	25	35	34	2	4	1	3	3	6	0	0	0	0	0	4.938315	0.527529	0.527529	0.521826	2.013846	15.750000	18.500000	0.844813	0.882137	0.732842	0	0	1	1	157	1167437
1444479824	41	35	24	36	6	3	2	2	3	2	0	1	0	0	0	4.941538	0.524677	0.527529	0.524677	2.015458	15.750000	18.500000	0.761231	0.910427	0.835829	0	0	1	1	157	1167451
1444479826	32	29	37	35	4	3	2	2	3	6	2	0	0	0	0	4.938315	0.523252	0.527529	0.523252	2.014652	15.750000	18.500000	0.844813	0.882137	0.770166	0	0	1	1	157	1194520
1444479827	39	35	30	33	5	2	4	2	2	2	0	0	0	0	0	4.939927	0.526103	0.527529	0.526103	2.014652	15.750000	18.500000	0.877631	0.840319	0.728385	0	0	1	1	157	1167440
1444479828	45	32	40	38	5	1	2	4	4	7	0	0	0	0	0	4.943151	0.527529	0.527529	0.523252	2.015458	15.750000	18.500000	0.905915	0.868628	0.756766	0	0	1	1	157	1167451
1444479829	35	26	30	25	2	3	2	3	1	3	0	0	0	0	0	4.939927	0.524677	0.526103	0.523252	2.015458	15.750000	18.500000	0.803008	0.840319	0.728385	0	0	1	1	157	1170174
1444479830	36	34	42	37	4	5	2	9	5	7	2	0	0	1	0	4.941538	0.527529	0.526103	0.521826	2.014652	15.750000	18.500000	0.873128	0.835829	0.723931	0	0	1	1	157	1167439
1444479832	34	44	40	22	3	4	0	4	3	2	0	0	0	0	0	4.939927	0.524677	0.527529	0.526103	2.015458	15.750000	18.500000	0.803008	0.803008	0.803008	0	0	1	1	157	1167451
1444479833	39	27	36	36	3	2	1	2	5	5	0	1	0	1	0	4.939927	0.526103	0.526103	0.524677	2.015458	15.750000	18.500000	0.840319	0.877631	0.840319	0	0	1	1	157	1182223
1444479834	27	37	27	35	5	1	1	4	5	3	0	1	0	0	0	4.941538	0.527529	0.527529	0.521826	2.016264	15.750000	18.500000	0.835829	0.835829	0.723931	0	0	1	1	157	1168592
1444479835	29	40	31	33	4	0	0	3	5	6	0	0	0	0	0	4.939927	0.527529	0.526103	0.524677	2.016264	15.750000	18.500000	0.840319	0.803008	0.765698	0	0	1	1	157	1167461
1444479837	42	22	31	38	8	1	1	0	2	4	0	0	0	0	0	4.939927	0.524677	0.527529	0.524677	2.015458	15.750000	18.500000	0.691074	0.803008	0.765698	0	0	1	1	157	1167461
1444479838	40	36	36	38	6	3	4	3	5	5	0	1	0	0	0	4.941538	0.526103	0.526103	0.523252	2.016264	15.750000	18.500000	0.798530	0.835829	0.798530	0	0	1	1	157	1164693
1444479839	35	29	38	29	3	3	2	2	1	7	0	0	0	0	0	4.941538	0.524677	0.526103	0.524677	2.016264	15.750000	18.500000	0.761231	0.798530	0.835829	0	0	1	1	157	1167447
1444479840	31	42	32	34	9	2	0	1	2	7	0	0	0	0	0	4.939927	0.527529	0.524677	0.521826	2.016264	15.750000	18.500000	0.877631	0.877631	0.803008	0	0	1	1	157	1167461
1444479841	33	34	37	33	2	2	2	2	3	9	0	0	0	0	0	4.939927	0.527529	0.527529	0.526103	2.016264	15.750000	18.500000	0.877631	0.877631	0.803008	0	0	1	1	157	1164693
1444479843	47	37	31	30	8	3	0	3	2	4	0	0	0	0	0	4.941538	0.526103	0.526103	0.521826	2.017070	15.750000	18.500000	0.761231	0.873128	0.723931	0	0	1	1	157	1167449
1444479844	33	33	26	39	5	2	4	3	4	5	0	1	1	0	0	4.941538	0.526103	0.524677	0.526103	2.016264	15.750000	18.500000	0.873128	0.873128	0.798530	0	0	1	1	157	1167461
1444479845	47	45	29	34	6	1	4	1	2	6	0	0	0	0	0	4.941538	0.527529	0.526103	0.526103	2.016264	15.750000	18.500000	0.910427	0.723931	0.723931	0	0	1	1	157	1164689
1444479846	35	25	41	25	3	2	1	0	2	7	0	0	0	0	0	4.941538	0.527529	0.526103	0.523252	2.017070	15.750000	18.500000	0.873128	0.835829	0.798530	0	0	1	1	157	1168687
1444479847	32	37	35	32	6	1	1	4	5	4	1	0	0	0	0	4.939927	0.527529	0.527529	0.521826	2.016264	15.750000	18.500000	0.877631	0.840319	0.803008	0	0	1	1	157	1167455
1444479849	28	41	43	40	1	3	1	6	6	7	0	0	0	1	0	4.939927	0.527529	0.524677	0.523252	2.016264	15.750000	18.500000	0.877631	0.877631	0.765698	0	0	1	1	157	1167451
1444479850	34	29	30	35	5	2	1	2	1	3	1	0	0	0	0	4.939927	0.527529	0.526103	0.524677	2.017070	15.750000	18.500000	0.840319	0.840319	0.803008	0	0	1	1	157	1164682
1444479851	24	31	32	28	0	0	0	4	3	2	0	0	0	0	0	4.941538	0.524677	0.524677	0.524677	2.017875	15.750000	18.500000	0.798530	0.873128	0.798530	0	0	1	1	157	1167440
1444479852	39	41	33	39	2	2	2	3	4	1	0	0	0	0	0	4.939927	0.527529	0.526103	0.523252	2.017070	15.750000	18.500000	0.877631	0.840319	0.765698	0	0	1	1	157	1167445
1444479853	35	34	29	34	5	2	2	1	3	5	0	0	0	1	0	4.941538	0.526103	0.526103	0.524677	2.017070	15.750000	18.500000	0.761231	0.649333	0.761231	0	0	1	1	157	1164694
1444479855	45	34	42	44	7	6	3	1	5	8	0	0	0	0	0	4.936703	0.527529	0.526103	0.523252	2.016264	15.750000	18.500000	0.886645	0.886645	0.811974	0	0	1	1	157	1167437
1444479856	28	36	27	37	2	2	2	5	3	4	1	0	0	0	0	4.939927	0.524677	0.527529	0.526103	2.017875	15.750000	18.500000	0.840319	0.840319	0.803008	0	0	1	1	157	1167451
1444479857	40	34	34	28	6	1	2	4	3	3	0	0	0	0	0	4.935091	0.523252	0.518974	0.514697	2.014652	15.750000	18.500000	0.816462	0.853809	0.816462	0	0	1	1	157	1164713
1444479858	49	30	29	26	2	2	0	2	0	1	0	0	0	0	0	4.941538	0.527529	0.526103	0.523252	2.017875	15.750000	18.500000	0.873128	0.873128	0.761231	0	0	1	1	157	1168696
1444479859	29	38	34	41	2	3	0	1	6	5	0	0	0	0	0	4.939927	0.523252	0.526103	0.526103	2.017875	15.750000	18.500000	0.765698	0.840319	0.765698	0	0	1	1	157	1167462
1444479861	42	32	37	38	4	4	1	1	4	5	1	1	0	0	0	4.939927	0.524677	0.526103	0.523252	2.017875	15.750000	18.500000	0.765698	0.877631	0.840319	0	0	1	1	157	1164689
1444479862	34	30	32	36	3	3	4	2	2	7	0	0	1	0	0	4.939927	0.521826	0.516123	0.523252	2.017070	15.750000	18.500000	0.691074	0.728385	0.765698	0	0	1	1	157	1167447
1444479863	39	37	38	34	7	3	1	2	3	5	1	0	0	0	0	4.939927	0.527529	0.526103	0.524677	2.017875	15.750000	18.500000	0.877631	0.840319	0.803008	0	0	1	1	157	1167461
1444479864	32	34	33	39	4	2	3	1	4	6	0	0	0	0	0	4.941538	0.526103	0.527529	0.524677	2.017875	15.750000	18.500000	0.798530	0.835829	0.761231	0	0	1	1	157	1167464
1444479865	44	34	38	49	3	6	0	3	3	6	1	0	0	0	0	4.939927	0.526103	0.526103	0.524677	2.017875	15.750000	18.500000	0.728385	0.765698	0.803008	0	0	1	1	157	1164718
1444479867	34	32	29	42	4	1	0	2	7	9	0	0	0	0	0	4.939927	0.523252	0.526103	0.524677	2.017875	15.750000	18.500000	0.765698	0.840319	0.803008	0	0	1	1	157	1167446
1444479868	45	26	35	31	5	2	2	1	4	6	0	0	1	1	0	4.938315	0.528955	0.527529	0.524677	2.017070	15.750000	18.500000	0.844813	0.844813	0.770166	0	0	1	1	157	1167463
1444479869	29	30	34	36	2	1	2	2	5	5	0	0	0	1	0	4.936703	0.527529	0.527529	0.523252	2.017070	15.750000	18.500000	0.886645	0.886645	0.849310	0	0	1	1	157	1164683
1444479870	29	39	49	33	2	1	1	7	7	6	0	0	0	1	0	4.939927	0.527529	0.527529	0.521826	2.017875	15.750000	18.500000	0.803008	0.840319	0.728385	0	0	1	1	157	1168583
1444479871	37	38	30	26	7	3	3	0	1	4	0	0	1	0	0	4.938315	0.526103	0.526103	0.524677	2.017875	15.750000	18.500000	0.882137	0.844813	0.807490	0	0	1	1	157	1167451
1444479873	41	36	35	28	5	3	3	2	1	4	0	0	0	0	0	4.941538	0.527529	0.527529	0.524677	2.018681	15.750000	18.500000	0.873128	0.873128	0.798530	0	0	1	1	157	1164683
1444479874	34	31	31	42	3	1	3	0	4	7	0	1	0	0	0	4.939927	0.527529	0.527529	0.523252	2.019487	15.750000	18.500000	0.914942	0.914942	0.803008	0	0	1	1	157	1167436
1444479875	43	32	47	47	3	6	4	5	3	9	0	0	2	1	0	4.941538	0.526103	0.526103	0.523252	2.019487	15.750000	18.500000	0.835829	0.835829	0.798530	0	0	1	1	157	1167451
1444479876	35	38	34	55	4	2	2	1	6	5	0	0	1	0	0	4.939927	0.527529	0.527529	0.523252	2.018681	15.750000	18.500000	0.877631	0.877631	0.803008	0	0	1	1	157	1164691
1444479877	30	33	36	39	3	1	3	2	4	5	0	0	1	0	0	4.941538	0.518974	0.523252	0.531806	2.019487	15.750000	18.500000	0.761231	0.835829	0.835829	0	0	1	1	157	1167437
1444479879	32	41	34	32	5	0	3	4	4	3	0	1	0	0	0	4.939927	0.527529	0.526103	0.524677	2.019487	15.750000	18.500000	0.877631	0.765698	0.803008	0	0	1	1	157	1167451
1444479880	27	37	38	38	2	3	5	3	2	6	1	1	1	2	1	4.939927	0.527529	0.527529	0.523252	2.019487	15.750000	18.500000	0.877631	0.840319	0.803008	0	0	1	1	157	1167451
1444479881	33	28	38	38	6	3	1	3	3	6	1	0	0	1	0	4.938315	0.526103	0.526103	0.524677	2.017875	15.750000	18.500000	0.882137	0.882137	0.807490	0	0	1	1	157	1164745
1444479882	31	41	43	31	4	5	4	4	3	5	0	0	1	1	0	4.938315	0.528955	0.526103	0.523252	2.019487	15.750000	18.500000	0.770166	0.807490	0.807490	0	0	1	1	157	1168589
1444479883	42	27	37	39	5	3	4	5	3	3	0	1	0	0	0	4.939927	0.527529	0.527529	0.526103	2.019487	15.750000	18.500000	0.840319	0.840319	0.803008	0	0	1	1	157	1167460
1444479885	34	33	37	58	3	5	4	2	6	5	0	0	0	1	0	4.939927	0.527529	0.526103	0.524677	2.019487	15.750000	18.500000	0.877631	0.877631	0.803008	0	0	1	1	157	1176727
1444479886	40	41	21	41	5	2	2	4	5	3	0	0	0	0	0	4.939927	0.524677	0.526103	0.526103	2.018681	15.750000	18.500000	0.803008	0.840319	0.803008	0	0	1	1	157	1167449
1444479887	41	40	30	22	7	1	1	2	0	3	0	0	0	0	0	4.939927	0.524677	0.526103	0.523252	2.017875	15.750000	18.500000	0.877631	0.840319	0.765698	0	0	1	1	157	1167461
1444479888	45	41	26	48	4	1	4	4	5	6	0	0	0	0	0	4.939927	0.527529	0.527529	0.524677	2.020293	15.750000	18.500000	0.877631	0.840319	0.803008	0	0	1	1	157	1164698
1444479889	30	34	30	39	5	4	3	3	6	3	1	1	1	1	1	4.939927	0.523252	0.527529	0.523252	2.019487	15.750000	18.500000	0.765698	0.877631	0.840319	0	0	1	1	157	1167449
1444479891	44	38	35	32	8	2	2	3	6	5	0	0	0	0	0	4.938315	0.527529	0.526103	0.523252	2.017875	15.750000	18.500000	0.807490	0.807490	0.807490	0	0	1	1	157	1167461
1444479892	31	37	25	30	4	1	2	4	5	1	0	0	0	0	0	4.941538	0.528955	0.527529	0.524677	2.019487	15.750000	18.500000	0.910427	0.835829	0.798530	0	0	1	1	157	1164691
1444479893	42	42	40	36	3	5	3	5	5	4	1	1	1	0	1	4.938315	0.527529	0.528955	0.526103	2.019487	15.750000	18.500000	0.919461	0.882137	0.770166	0	0	1	1	157	1167442
1444479894	32	40	28	31	8	3	1	2	7	3	1	0	0	0	0	4.939927	0.526103	0.526103	0.524677	2.020293	15.750000	18.500000	0.877631	0.840319	0.765698	0	0	1	1	157	1168701
1444479895	33	43	37	31	5	3	3	2	1	7	1	1	1	0	0	4.936703	0.527529	0.527529	0.526103	2.019487	15.750000	18.500000	0.886645	0.849310	0.811974	0	0	1	1	157	1167451
1444479897	33	48	39	37	3	1	1	4	6	2	0	0	0	0	0	4.939927	0.527529	0.526103	0.524677	2.021099	15.750000	18.500000	0.877631	0.840319	0.765698	0	0	1	1	157	1164684
1444479898	27	39	42	40	3	3	1	3	6	4	0	1	0	1	0	4.939927	0.527529	0.527529	0.523252	2.021099	15.750000	18.500000	0.840319	0.877631	0.840319	0	0	1	1	157	1167437
1444479899	29	33	47	48	4	1	6	3	3	8	0	0	0	1	0	4.939927	0.523252	0.526103	0.526103	2.020293	15.750000	18.500000	0.803008	0.840319	0.765698	0	0	1	1	157	1167452
1444479900	42	40	32	35	8	3	1	3	5	6	1	0	1	0	0	4.941538	0.527529	0.526103	0.524677	2.020293	15.750000	18.500000	0.835829	0.835829	0.649333	0	0	1	1	157	1164683
1444479901	42	50	47	44	10	6	5	7	3	8	1	0	1	0	0	4.941538	0.527529	0.526103	0.523252	2.021099	15.750000	18.500000	0.835829	0.873128	0.798530	0	0	1	1	157	1167437
1444479903	39	36	31	27	7	1	2	3	0	1	0	0	0	0	0	4.939927	0.523252	0.526103	0.523252	2.021099	15.750000	18.500000	0.765698	0.840319	0.803008	0	0	1	1	158	1167475
1444479904	34	37	30	29	2	1	2	2	3	4	0	1	0	0	0	4.939927	0.524677	0.527529	0.526103	2.020293	15.750000	18.500000	0.691074	0.840319	0.765698	0	0	1	1	157	1164698
1444479905	37	34	25	33	3	2	0	2	2	2	1	0	0	0	0	4.939927	0.527529	0.526103	0.526103	2.021099	15.750000	18.500000	0.877631	0.840319	0.765698	0	0	1	1	157	1167437
1444479906	44	38	38	32	4	4	2	4	2	5	0	0	0	0	0	4.939927	0.526103	0.526103	0.524677	2.021099	15.750000	18.500000	0.803008	0.877631	0.803008	0	0	1	1	157	1168607
1444479907	37	32	38	31	7	2	3	2	3	7	0	0	0	0	0	4.939927	0.526103	0.526103	0.526103	2.020293	15.750000	18.500000	0.877631	0.877631	0.803008	0	0	1	1	157	1164689
1444479909	34	46	24	35	6	1	1	1	8	4	0	1	0	0	0	4.939927	0.526103	0.526103	0.523252	2.021099	15.750000	18.500000	0.765698	0.877631	0.691074	0	0	1	1	157	1167446
1444479910	36	36	24	38	4	1	0	4	2	2	0	0	0	0	0	4.939927	0.526103	0.526103	0.523252	2.021905	15.750000	18.500000	0.877631	0.840319	0.803008	0	0	1	1	157	1167461
1444479911	31	43	43	39	4	5	1	4	2	4	0	0	0	0	0	4.939927	0.524677	0.527529	0.526103	2.021099	15.750000	18.500000	0.840319	0.877631	0.803008	0	0	1	1	157	1167461
1444479912	30	32	36	31	5	1	0	5	1	4	1	0	0	0	0	4.939927	0.527529	0.527529	0.524677	2.021099	15.750000	18.500000	0.877631	0.914942	0.765698	0	0	1	1	157	1164708
1444479913	36	34	35	33	2	1	1	4	5	5	0	0	1	1	0	4.938315	0.527529	0.526103	0.526103	2.021905	15.750000	18.500000	0.882137	0.844813	0.770166	0	0	1	1	157	1167447
1444479915	36	26	26	33	4	3	2	1	3	4	0	0	0	0	0	4.939927	0.528955	0.527529	0.521826	2.021905	15.750000	18.500000	0.914942	0.877631	0.728385	0	0	1	1	157	1167464
1444479916	41	46	44	39	3	7	4	4	4	3	0	0	1	0	0	4.939927	0.526103	0.520400	0.520400	2.023517	16.000000	18.500000	0.840319	0.877631	0.691074	0	0	1	1	157	1164699
1444479917	34	30	37	32	4	3	3	5	1	3	1	0	0	0	0	4.939927	0.527529	0.527529	0.523252	2.020293	15.750000	18.500000	0.728385	0.765698	0.765698	0	0	1	1	157	1167441
1444479918	39	40	37	36	3	4	2	4	6	3	0	0	0	0	0	4.943151	0.524677	0.527529	0.521826	2.021905	15.750000	18.500000	0.756766	0.868628	0.719479	0	0	1	1	157	1168597
1444479919	38	31	25	34	4	2	1	0	3	4	0	0	1	0	0	4.939927	0.527529	0.527529	0.521826	2.021905	15.750000	18.500000	0.877631	0.840319	0.691074	0	0	1	1	157	1164715
1444479921	42	47	39	34	7	2	1	4	3	6	0	0	0	0	0	4.939927	0.527529	0.527529	0.523252	2.021905	15.750000	18.500000	0.691074	0.803008	0.728385	0	0	1	1	157	1167436
1444479922	39	35	33	29	3	2	3	3	5	5	0	0	0	0	0	4.941538	0.527529	0.527529	0.523252	2.022711	15.750000	18.500000	0.835829	0.835829	0.798530	0	0	1	1	157	1167452
1444479923	33	33	35	33	2	4	3	3	0	5	1	0	1	0	0	4.939927	0.526103	0.527529	0.521826	2.021905	15.750000	18.500000	0.765698	0.840319	0.728385	0	0	1	1	157	1164681
1444479924	44	27	33	32	3	2	5	3	3	3	0	0	0	0	0	4.941538	0.526103	0.526103	0.523252	2.021099	15.750000	18.500000	0.873128	0.835829	0.761231	0	0	1	1	157	1167437
1444479925	39	29	36	32	2	3	4	3	2	3	0	1	0	0	0	4.939927	0.526103	0.526103	0.521826	2.021905	15.750000	18.500000	0.840319	0.840319	0.653762	0	0	1	1	157	1167451
1444479927	31	48	47	31	6	3	1	3	7	4	0	1	0	0	0	4.938315	0.527529	0.526103	0.521826	2.021905	15.750000	18.500000	0.882137	0.882137	0.770166	0	0	1	1	157	1167454
1444479928	32	30	27	29	2	4	0	1	3	6	0	0	0	0	0	4.941538	0.521826	0.526103	0.523252	2.022711	15.750000	18.500000	0.798530	0.835829	0.723931	0	0	1	1	157	1164685
1444479929	28	32	32	32	3	1	1	4	4	4	0	0	0	0	0	4.938315	0.528955	0.527529	0.517549	2.018681	15.750000	18.500000	0.919461	0.882137	0.770166	0	0	1	1	157	1167434
1444479930	29	39	27	32	3	1	1	1	4	3	0	1	0	0	0	4.941538	0.527529	0.524677	0.521826	2.022711	15.750000	18.500000	0.873128	0.835829	0.723931	0	0	1	1	157	1168607
1444479931	28	36	29	33	4	3	2	4	4	5	0	0	1	1	0	4.936703	0.526103	0.526103	0.521826	2.021905	16.000000	18.500000	0.849310	0.886645	0.774638	0	0	1	1	157	1164699
1444479933	34	35	43	33	5	4	2	3	1	7	2	0	0	0	0	4.939927	0.526103	0.526103	0.520400	2.021099	15.750000	18.500000	0.914942	0.840319	0.728385	0	0	1	1	157	1167446
1444479934	30	31	31	43	1	2	2	2	4	5	0	0	1	0	0	4.941538	0.526103	0.526103	0.523252	2.022711	15.750000	18.500000	0.835829	0.835829	0.723931	0	0	1	1	157	1167461
1444479935	28	29	35	35	4	0	3	4	1	5	0	0	0	1	0	4.939927	0.528955	0.526103	0.523252	2.023517	16.000000	18.500000	0.877631	0.840319	0.728385	0	0	1	1	157	1185383
1444479936	31	37	32	33	4	3	5	4	6	6	1	2	0	2	0	4.944762	0.527529	0.524677	0.520400	2.022711	15.750000	18.500000	0.864131	0.864131	0.752306	0	0	1	1	157	1167447
1444479937	26	44	33	27	4	4	3	1	1	4	0	0	0	0	0	4.939927	0.527529	0.526103	0.521826	2.023517	16.000000	18.500000	0.840319	0.840319	0.691074	0	0	1	1	157	1167461
1444479939	48	31	33	28	10	4	5	3	4	5	2	2	1	0	0	4.939927	0.526103	0.526103	0.521826	2.023517	16.000000	18.500000	0.803008	0.877631	0.765698	0	0	1	1	157	1167461
1444479940	38	36	36	28	7	3	2	4	2	3	0	1	0	0	0	4.939927	0.526103	0.526103	0.523252	2.023517	16.000000	18.500000	0.840319	0.840319	0.691074	0	0	1	1	158	1167482
1444479941	24	29	27	37	2	2	1	0	5	4	0	0	0	0	0	4.938315	0.526103	0.527529	0.521826	2.022711	16.000000	18.500000	0.807490	0.844813	0.732842	0	0	1	1	157	1167451
1444479942	37	37	36	32	5	3	2	5	2	5	1	0	0	0	0	4.939927	0.527529	0.526103	0.521826	2.023517	16.000000	18.500000	0.877631	0.840319	0.728385	0	0	1	1	157	1168597
1444479943	31	37	40	44	3	0	3	2	6	12	0	0	0	0	0	4.939927	0.526103	0.526103	0.526103	2.023517	16.000000	18.500000	0.840319	0.877631	0.803008	0	0	1	1	157	1164678
1444479945	31	38	40	34	5	1	2	1	6	2	0	0	0	0	0	4.938315	0.526103	0.524677	0.521826	2.023517	16.000000	18.500000	0.844813	0.807490	0.770166	0	0	1	1	158	1167458
1444479946	48	35	40	27	6	3	2	2	6	5	2	2	1	2	1	4.941538	0.524677	0.526103	0.521826	2.024323	16.000000	18.500000	0.798530	0.723931	0.910427	0	0	1	1	157	1167447
1444479947	33	39	27	39	4	3	4	3	5	5	0	2	0	0	0	4.939927	0.526103	0.527529	0.521826	2.023517	16.000000	18.500000	0.803008	0.840319	0.728385	0	0	1	1	157	1164607
1444479948	34	46	35	28	4	2	3	3	3	3	0	0	0	0	0	4.938315	0.527529	0.527529	0.521826	2.023517	16.000000	18.500000	0.882137	0.844813	0.732842	0	0	1	1	157	1167437
1444479949	40	41	41	30	4	6	1	2	3	5	0	0	0	0	0	4.939927	0.527529	0.527529	0.523252	2.024323	16.000000	18.500000	0.803008	0.840319	0.691074	0	0	1	1	157	1167451
1444479951	35	38	37	40	9	5	6	5	6	10	2	2	2	2	2	4.939927	0.526103	0.527529	0.521826	2.023517	16.000000	18.500000	0.840319	0.840319	0.765698	0	0	1	1	157	1164799
1444479952	28	31	31	28	4	3	0	2	1	3	1	0	0	0	0	4.939927	0.527529	0.526103	0.521826	2.024323	16.000000	18.500000	0.877631	0.877631	0.728385	0	0	1	1	158	1167458
1444479953	28	37	32	26	6	2	0	3	7	2	1	0	0	1	0	4.938315	0.527529	0.526103	0.523252	2.022711	16.000000	18.500000	0.844813	0.882137	0.770166	0	0	1	1	157	1167447
1444479954	46	32	31	30	7	2	1	4	1	2	1	0	0	0	0	4.943151	0.527529	0.526103	0.521826	2.024323	16.000000	18.500000	0.831341	0.644904	0.607617	0	0	1	1	157	1168607
1444479955	29	46	28	36	1	3	3	5	6	8	0	0	1	1	0	4.939927	0.527529	0.527529	0.520400	2.024323	16.000000	18.500000	0.877631	0.840319	0.728385	0	0	1	1	157	1164701
1444479957	43	25	28	33	6	2	2	1	1	2	0	0	0	0	0	4.939927	0.527529	0.527529	0.521826	2.023517	16.000000	18.500000	0.840319	0.803008	0.728385	0	0	1	1	157	1167446
1444479958	31	25	35	34	5	3	6	4	4	7	1	1	2	1	1	4.941538	0.526103	0.526103	0.518974	2.022711	15.750000	18.500000	0.910427	0.835829	0.723931	0	0	1	1	157	1167461
1444479959	30	33	28	39	2	2	2	2	2	2	0	0	0	0	0	4.939927	0.526103	0.526103	0.523252	2.024323	16.000000	18.500000	0.877631	0.877631	0.728385	0	0	1	1	157	1164696
1444479960	33	34	28	31	5	2	3	3	1	3	0	0	0	0	0	4.938315	0.526103	0.527529	0.524677	2.024323	16.000000	18.500000	0.882137	0.844813	0.770166	0	0	1	1	157	1167447
1444479961	38	31	31	35	3	0	3	2	1	4	0	0	0	0	0	4.941538	0.524677	0.527529	0.521826	2.023517	16.000000	18.500000	0.835829	0.835829	0.798530	0	0	1	1	157	1167461
1444479963	34	36	36	34	3	2	2	3	5	3	0	0	0	1	0	4.941538	0.527529	0.526103	0.526103	2.024323	16.000000	18.500000	0.873128	0.835829	0.761231	0	0	1	1	157	1164698
1444479964	23	34	35	34	4	1	1	1	2	7	0	0	0	0	0	4.941538	0.527529	0.527529	0.524677	2.025128	16.000000	18.500000	0.873128	0.835829	0.761231	0	0	1	1	157	1167449
1444479965	23	36	40	32	3	1	1	6	5	5	0	0	0	1	0	4.939927	0.526103	0.526103	0.524677	2.023517	16.000000	18.500000	0.877631	0.914942	0.803008	0	0	1	1	157	1167456
1444479966	36	39	41	44	6	1	2	4	5	6	0	0	0	0	0	4.938315	0.523252	0.526103	0.514697	2.023517	16.000000	18.500000	0.919461	0.882137	0.732842	0	0	1	1	157	1165953
1444479967	35	42	38	38	2	3	3	5	6	8	0	1	2	0	0	4.941538	0.527529	0.526103	0.520400	2.025128	16.000000	18.500000	0.873128	0.835829	0.723931	0	0	1	1	157	1167436
1444479969	35	28	31	45	3	1	5	3	6	3	0	0	0	1	0	4.939927	0.528955	0.526103	0.524677	2.025128	16.000000	18.500000	0.840319	0.840319	0.803008	0	0	1	1	157	1167454
1444479970	34	33	31	30	3	1	3	2	1	4	0	1	0	0	0	4.939927	0.526103	0.527529	0.523252	2.025128	16.000000	18.500000	0.877631	0.877631	0.803008	0	0	1	1	157	1167452
1444479971	42	37	40	38	4	9	5	4	1	4	0	0	1	0	0	4.938315	0.524677	0.527529	0.524677	2.025934	16.000000	18.500000	0.732842	0.844813	0.807490	0	0	1	1	157	1164689
1444479972	35	28	28	42	5	3	3	1	3	8	0	0	1	0	0	4.941538	0.526103	0.526103	0.524677	2.025128	16.000000	18.500000	0.873128	0.835829	0.798530	0	0	1	1	157	1167437
1444479973	27	36	30	29	2	0	2	0	4	6	0	0	0	0	0	4.939927	0.526103	0.526103	0.524677	2.025128	16.000000	18.500000	0.840319	0.877631	0.765698	0	0	1	1	157	1167451
1444479975	28	27	33	27	3	0	0	1	0	5	0	0	0	0	0	4.939927	0.527529	0.527529	0.526103	2.025934	16.000000	18.500000	0.877631	0.840319	0.765698	0	0	1	1	157	1164681
1444479976	31	36	26	34	4	1	5	1	3	5	0	1	0	0	0	4.939927	0.528955	0.527529	0.523252	2.025934	16.000000	18.500000	0.840319	0.840319	0.803008	0	0	1	1	157	1167437
1444479977	36	39	32	44	5	2	1	4	1	5	1	0	0	0	0	4.938315	0.526103	0.526103	0.526103	2.025128	16.000000	18.500000	0.807490	0.844813	0.807490	0	0	1	1	157	1167452
1444479978	26	36	41	36	2	5	4	3	3	4	0	0	2	0	0	4.939927	0.523252	0.521826	0.527529	2.025934	16.000000	18.500000	0.840319	0.877631	0.840319	0	0	1	1	157	1165842
1444479979	43	33	29	36	9	1	4	1	3	6	0	1	0	0	0	4.939927	0.527529	0.527529	0.524677	2.026740	16.000000	18.500000	0.840319	0.840319	0.877631	0	0	1	1	157	1167446
1444479981	40	32	35	36	2	5	1	5	0	7	0	0	0	0	0	4.941538	0.527529	0.526103	0.523252	2.025128	16.000000	18.500000	0.873128	0.873128	0.761231	0	0	1	1	157	1167461
1444479982	42	30	33	33	5	0	2	3	1	4	0	0	0	0	0	4.938315	0.526103	0.527529	0.524677	2.025934	16.000000	18.500000	0.844813	0.844813	0.770166	0	0	1	1	157	1164705
1444479983	33	44	39	31	4	1	2	6	3	7	1	0	0	0	0	4.939927	0.527529	0.527529	0.526103	2.025934	16.000000	18.500000	0.840319	0.840319	0.840319	0	0	1	1	157	1167443
1444479984	39	45	45	41	4	2	1	5	4	10	0	0	1	0	0	4.941538	0.524677	0.527529	0.526103	2.026740	16.000000	18.500000	0.798530	0.873128	0.798530	0	0	1	1	157	1167461
1444479985	32	39	39	25	3	0	0	4	2	4	0	0	0	0	0	4.938315	0.523252	0.526103	0.524677	2.025934	16.000000	18.500000	0.807490	0.844813	0.770166	0	0	1	1	158	1167482
1444479987	42	39	34	39	6	2	4	4	5	4	0	1	0	0	0	4.939927	0.526103	0.527529	0.523252	2.026740	16.000000	18.500000	0.877631	0.840319	0.616451	0	0	1	1	157	1164699
1444479988	30	40	33	24	5	1	1	6	3	4	0	0	0	1	0	4.939927	0.526103	0.526103	0.524677	2.026740	16.000000	18.500000	0.877631	0.840319	0.803008	0	0	1	1	157	1167446
1444479989	34	33	41	36	5	3	2	0	0	6	0	0	0	0	0	4.938315	0.526103	0.526103	0.524677	2.025128	16.000000	18.500000	0.882137	0.844813	0.807490	0	0	1	1	157	1167456
1444479990	39	36	45	36	5	0	1	2	1	9	0	0	0	0	0	4.943151	0.527529	0.526103	0.524677	2.025934	16.000000	18.500000	0.868628	0.831341	0.794054	0	0	1	1	157	1165828
1444479991	32	34	30	36	3	0	2	4	2	3	0	0	0	1	0	4.939927	0.527529	0.526103	0.523252	2.025128	16.000000	18.500000	0.877631	0.877631	0.803008	0	0	1	1	157	1167435
1444479993	33	42	36	38	4	4	7	4	2	7	1	1	3	1	1	4.939927	0.527529	0.526103	0.526103	2.026740	16.000000	18.500000	0.840319	0.803008	0.803008	0	0	1	1	157	1167452
1444479994	31	38	32	33	1	1	3	2	6	4	0	0	0	1	0	4.938315	0.527529	0.526103	0.524677	2.025934	16.000000	18.500000	0.882137	0.844813	0.770166	0	0	1	1	157	1164682
1444479995	38	38	30	30	3	2	0	5	8	2	0	0	0	1	0	4.941538	0.526103	0.527529	0.524677	2.026740	16.000000	18.500000	0.873128	0.835829	0.761231	0	0	1	1	157	1167437
1444479996	45	34	40	35	8	3	1	1	1	6	0	1	0	0	0	4.939927	0.526103	0.527529	0.523252	2.026740	16.000000	18.500000	0.840319	0.877631	0.803008	0	0	1	1	157	1167451
1444479997	30	53	38	32	6	3	2	3	3	5	0	0	0	0	0	4.936703	0.523252	0.526103	0.524677	2.025128	16.000000	18.500000	0.774638	0.849310	0.811974	0	0	1	1	157	1164691
1444479999	42	34	32	35	4	0	3	4	5	1	0	1	0	0	0	4.939927	0.527529	0.527529	0.523252	2.027546	16.000000	18.500000	0.691074	0.803008	0.728385	0	0	1	1	157	1167436
1444480000	38	31	30	30	1	2	3	4	3	4	0	0	1	1	0	4.941538	0.527529	0.526103	0.524677	2.026740	16.000000	18.500000	0.873128	0.873128	0.798530	0	0	1	1	157	1167452
1444480001	33	34	30	29	4	2	2	1	2	2	0	0	0	0	0	4.936703	0.528955	0.526103	0.526103	2.025934	16.000000	18.500000	0.886645	0.849310	0.774638	0	0	1	1	157	1167455
1444480002	36	32	31	41	5	2	2	5	7	6	0	0	0	2	0	4.939927	0.526103	0.526103	0.524677	2.026740	16.000000	18.500000	0.914942	0.840319	0.765698	0	0	1	1	157	1165842
1444480003	41	45	31	39	7	0	3	1	6	7	0	1	0	0	0	4.943151	0.528955	0.527529	0.524677	2.026740	16.000000	18.500000	0.868628	0.831341	0.719479	0	0	1	1	157	1167446
1444480005	33	24	27	33	1	2	2	4	1	7	0	0	0	0	0	4.941538	0.527529	0.526103	0.524677	2.027546	16.000000	18.500000	0.873128	0.873128	0.798530	0	0	1	1	157	1167461
1444480006	41	30	30	35	7	2	2	3	1	6	0	0	0	0	0	4.931868	0.528955	0.526103	0.523252	2.025934	16.000000	18.500000	0.900188	0.900188	0.825445	0	0	1	1	157	1164695
1444480007	30	40	22	31	2	0	3	4	2	2	0	1	0	0	0	4.939927	0.526103	0.527529	0.524677	2.026740	16.000000	18.500000	0.914942	0.914942	0.803008	0	0	1	1	157	1167446
1444480008	33	39	36	27	2	4	1	5	3	3	0	0	0	1	0	4.941538	0.526103	0.526103	0.524677	2.026740	16.000000	18.500000	0.798530	0.835829	0.761231	0	0	1	1	157	1167461
1444480009	33	39	36	37	4	2	2	5	3	8	1	0	0	0	0	4.939927	0.524677	0.527529	0.524677	2.026740	16.000000	18.500000	0.765698	0.840319	0.803008	0	0	1	1	157	1164688
1444480011	31	35	41	33	1	2	3	4	1	7	0	0	0	1	0	4.939927	0.526103	0.518974	0.523252	2.025934	16.000000	18.500000	0.877631	0.803008	0.579140	0	0	1	1	157	1167446
1444480012	35	31	38	42	4	3	1	1	2	13	0	0	0	1	0	4.939927	0.523252	0.526103	0.526103	2.027546	16.000000	18.500000	0.765698	0.877631	0.728385	0	0	1	1	157	1167461
1444480013	27	31	45	33	3	1	2	3	4	9	0	0	0	1	0	4.938315	0.527529	0.526103	0.524677	2.026740	16.000000	18.500000	0.882137	0.882137	0.844813	0	0	1	1	158	1167480
1444480014	41	31	39	42	9	5	3	1	4	4	1	1	0	0	0	4.939927	0.527529	0.527529	0.526103	2.027546	16.000000	18.500000	0.877631	0.877631	0.803008	0	0	1	1	157	1168592
1444480015	28	37	41	41	4	2	2	2	2	9	0	0	1	0	0	4.946374	0.524677	0.524677	0.523252	2.026740	16.000000	18.500000	0.859637	0.822375	0.785111	0	0	1	1	157	1167451
1444480017	22	34	36	23	2	5	1	0	1	3	0	0	1	0	0	4.939927	0.527529	0.526103	0.523252	2.028352	16.000000	18.500000	0.877631	0.840319	0.765698	0	0	1	1	157	1167452
1444480018	26	26	31	28	2	1	2	3	4	1	0	0	0	0	0	4.941538	0.527529	0.527529	0.523252	2.027546	16.000000	18.500000	0.873128	0.873128	0.798530	0	0	1	1	157	1164696
1444480019	38	30	29	34	4	2	2	2	4	3	0	0	0	0	0	4.939927	0.526103	0.526103	0.526103	2.026740	16.000000	18.500000	0.840319	0.877631	0.803008	0	0	1	1	157	1167437
1444480020	37	41	32	34	6	3	2	2	4	5	0	1	0	0	0	4.939927	0.526103	0.526103	0.526103	2.027546	16.000000	18.500000	0.877631	0.840319	0.728385	0	0	1	1	157	1167449
1444480021	40	33	32	30	5	1	2	2	5	5	0	1	0	0	0	4.939927	0.527529	0.526103	0.524677	2.028352	16.000000	18.500000	0.840319	0.840319	0.803008	0	0	1	1	157	1164680
1444480023	27	33	35	36	4	2	1	2	2	7	0	0	1	0	0	4.939927	0.524677	0.526103	0.523252	2.028352	16.000000	18.500000	0.803008	0.877631	0.765698	0	0	1	1	157	1167437
1444480024	35	30	36	25	5	3	4	2	2	3	0	2	1	0	0	4.941538	0.527529	0.526103	0.524677	2.028352	16.000000	18.500000	0.873128	0.723931	0.947729	0	0	1	1	157	1167452
1444480025	33	41	38	32	5	4	1	2	6	6	0	0	0	1	0	4.939927	0.527529	0.526103	0.526103	2.027546	16.000000	18.500000	0.877631	0.877631	0.728385	0	0	1	1	157	1164697
1444480026	35	31	30	37	3	1	2	3	2	4	0	0	1	0	0	4.943151	0.524677	0.526103	0.526103	2.027546	16.000000	18.500000	0.794054	0.868628	0.831341	0	0	1	1	157	1168595
1444480027	34	32	26	31	4	1	1	3	4	2	0	0	0	1	0	4.943151	0.524677	0.527529	0.524677	2.027546	16.000000	18.500000	0.794054	0.831341	0.794054	0	0	1	1	157	1167461
1444480029	22	43	32	34	0	5	0	2	4	3	0	0	0	1	0	4.939927	0.528955	0.527529	0.524677	2.027546	16.000000	18.500000	0.877631	0.877631	0.765698	0	0	1	1	157	1164699
1444480030	45	40	29	28	5	1	1	3	4	5	0	0	0	0	0	4.939927	0.527529	0.527529	0.523252	2.027546	16.000000	18.500000	0.877631	0.877631	0.803008	0	0	1	1	157	1167449
1444480031	40	45	33	37	5	1	2	5	3	4	0	0	0	0	0	4.939927	0.527529	0.527529	0.524677	2.028352	16.000000	18.500000	0.877631	0.840319	0.765698	0	0	1	1	157	1167460
1444480032	38	26	42	45	4	3	4	1	3	9	0	0	0	0	0	4.944762	0.528955	0.527529	0.523252	2.028352	16.000000	18.500000	0.864131	0.677756	0.715030	0	0	1	1	157	1167461
1444480033	34	27	29	34	7	3	2	2	3	3	2	1	1	1	1	4.936703	0.524677	0.526103	0.524677	2.027546	16.000000	18.500000	0.886645	0.849310	0.774638	0	0	1	1	157	1164694
1444480035	28	38	45	34	3	5	0	5	1	3	1	0	0	0	0	4.938315	0.527529	0.526103	0.523252	2.028352	16.000000	18.500000	0.882137	0.882137	0.844813	0	0	1	1	157	1167446
1444480036	32	35	38	36	7	1	3	3	3	4	0	1	0	0	0	4.939927	0.527529	0.527529	0.523252	2.027546	16.000000	18.500000	0.952257	0.840319	0.765698	0	0	1	1	157	1167461
1444480037	37	46	38	34	8	4	5	4	5	7	1	1	1	0	0	4.938315	0.527529	0.528955	0.526103	2.026740	16.000000	18.500000	0.882137	0.844813	0.807490	0	0	1	1	157	1164696
1444480038	37	44	37	36	9	3	1	3	2	7	0	0	0	0	0	4.939927	0.526103	0.527529	0.523252	2.029158	16.000000	18.500000	0.840319	0.840319	0.765698	0	0	1	1	157	1168585
1444480039	48	20	29	31	3	1	3	0	3	1	0	0	0	0	0	4.941538	0.526103	0.527529	0.526103	2.029963	16.000000	18.500000	0.835829	0.835829	0.798530	0	0	1	1	157	1167451
1444480041	27	31	29	40	0	4	1	1	6	4	0	0	0	0	0	4.941538	0.526103	0.526103	0.526103	2.027546	16.000000	18.500000	0.835829	0.798530	0.462836	0	0	1	1	157	1164688
