time	cnt1	cnt2	cnt3	cnt4	1&2	1&3	1&4	2&3	2&4	3&4	1&2&3	1&2&4	1&3&4	2&3&4	1&2&3&4	adcr	adcp1	adcp2	adcp3	adcntc	ntcT	digT	p1	p2	p3	hvstate	pbsstate	ethstate	listpbs	sdstate	looptime
1436	1	2	2	0	0	0	0	0	0	0	0	0	0	0	0	4.938315	4.304350	4.290093	4.291519	2.292674	21.500000	25.000000	99.789902	99.379326	99.491310	0	0	0	1	150	1151673
1437	1	1	0	2	0	0	0	0	0	0	0	0	0	0	0	4.939927	4.301499	4.285816	4.288667	2.293480	21.500000	25.000000	99.641174	99.268059	99.268059	0	0	0	1	150	1204675
1439	1	0	2	1	0	1	0	0	0	0	0	0	0	0	0	4.941538	4.302925	4.285816	4.290093	2.293480	21.500000	25.000000	99.604462	99.231468	99.231468	0	0	0	1	150	1151065
1440	0	1	0	0	0	0	0	0	0	0	0	0	0	0	0	4.941538	4.304350	4.287241	4.275836	2.292674	21.250000	25.000000	99.641769	99.119583	99.231468	0	0	0	1	150	1201418
1441	1	0	1	0	0	0	0	0	0	0	0	0	0	0	0	4.939927	4.295796	4.275836	4.291519	2.293480	21.500000	25.000000	99.641174	99.230751	99.268059	0	0	0	1	150	1151098
1442	0	0	0	0	0	0	0	0	0	0	0	0	0	0	0	4.936703	4.324311	4.274410	4.274410	2.291062	21.500000	25.000000	99.677353	99.341316	99.453339	0	0	0	1	150	1151056
1443	0	0	0	0	0	0	0	0	0	0	0	0	0	0	0	4.939927	4.305777	4.287241	4.288667	2.293480	21.500000	25.000000	99.641174	99.230751	99.268059	0	0	0	1	150	1170171
1445	1	1	0	0	0	0	0	0	0	0	0	0	0	0	0	4.939927	4.302925	4.288667	4.290093	2.292674	21.500000	25.000000	99.641174	99.230751	99.305382	0	0	1	1	150	1151031
1446	3	2	0	2	0	0	0	0	1	0	0	0	0	0	0	4.938315	4.302925	4.287241	4.287241	2.293480	21.500000	25.000000	99.715248	99.267357	99.304680	0	0	1	1	150	1150907
1447	0	1	0	0	0	0	0	0	0	0	0	0	0	0	0	4.939927	4.302925	4.287241	4.290093	2.292674	21.500000	25.000000	99.641174	99.230751	99.305382	0	0	1	1	150	1151043
1448	1	1	3	1	0	1	0	0	0	0	0	0	0	0	0	4.938315	4.304350	4.288667	4.278687	2.289451	21.250000	25.000000	99.827217	99.304680	99.416656	0	0	1	1	150	1164593
1449	0	1	0	2	0	0	0	0	0	0	0	0	0	0	0	4.939927	4.302925	4.285816	4.288667	2.292674	21.500000	25.000000	99.678497	99.268059	99.268059	0	0	1	1	150	1152177
1451	1	1	2	0	0	0	0	0	0	0	0	0	0	0	0	4.939927	4.302925	4.285816	4.288667	2.291868	21.250000	25.000000	99.678497	99.230751	99.268059	0	0	1	1	150	1150975
1452	2	1	0	2	0	0	0	0	0	0	0	0	0	0	0	4.939927	4.304350	4.288667	4.288667	2.292674	21.500000	25.000000	99.678497	99.268059	99.268059	0	0	1	1	150	1164844
1453	1	2	0	1	1	0	0	0	0	0	0	0	0	0	0	4.939927	4.301499	4.285816	4.290093	2.292674	21.500000	25.000000	99.678497	99.268059	99.305382	0	0	1	1	150	1150966
1454	0	1	0	1	0	0	0	0	0	0	0	0	0	0	0	4.939927	4.301499	4.288667	4.288667	2.293480	21.500000	25.000000	99.753120	99.230751	99.268059	0	0	1	1	150	1150974
1455	0	0	3	0	0	0	0	0	0	0	0	0	0	0	0	4.939927	4.302925	4.287241	4.288667	2.292674	21.500000	25.000000	99.678497	99.268059	99.305382	0	0	1	1	150	1165298
1457	4	1	0	0	0	0	0	0	0	0	0	0	0	0	0	4.939927	4.304350	4.285816	4.288667	2.292674	21.500000	25.000000	99.715805	99.268059	99.342690	0	0	1	1	150	1151065
1458	1	2	2	1	0	0	0	0	0	0	0	0	0	0	0	4.941538	4.302925	4.288667	4.291519	2.291868	21.250000	25.000000	99.641769	99.194176	99.231468	0	0	1	1	150	1150860
1459	0	1	1	2	0	0	0	0	0	0	0	0	0	0	0	4.941538	4.302925	4.285816	4.288667	2.291868	21.250000	25.000000	99.641769	98.895782	99.455261	0	0	1	1	150	1151038
1460	1	0	1	2	0	0	1	0	0	1	0	0	0	0	0	4.938315	4.291519	4.298647	4.291519	2.291062	21.250000	25.000000	99.789902	99.304680	99.416656	0	0	1	1	150	1164582
1461	2	0	0	1	0	0	0	0	0	0	0	0	0	0	0	4.941538	4.304350	4.288667	4.288667	2.292674	21.250000	25.000000	99.641769	99.231468	99.231468	0	0	1	1	150	1152166
1463	0	2	1	0	0	0	0	0	0	0	0	0	0	0	0	4.941538	4.302925	4.287241	4.288667	2.293480	21.500000	25.000000	99.679062	99.231468	99.306068	0	0	0	1	150	1151418
1464	0	1	0	2	0	0	0	0	1	0	0	0	0	0	0	4.939927	4.302925	4.287241	4.288667	2.291868	21.250000	25.000000	99.641174	99.230751	99.268059	0	0	0	1	150	1181933
1465	0	0	1	1	0	0	0	0	0	0	0	0	0	0	0	4.939927	4.304350	4.285816	4.288667	2.291868	21.250000	25.000000	99.678497	99.268059	99.268059	0	0	0	1	150	1151021
1466	2	0	1	1	0	0	0	0	0	0	0	0	0	0	0	4.938315	4.305777	4.288667	4.291519	2.291868	21.500000	25.000000	99.752571	99.304680	99.453979	0	0	1	1	150	1151573
1467	1	1	2	1	0	1	0	0	0	0	0	0	0	0	0	4.938315	4.302925	4.287241	4.288667	2.292674	21.500000	25.000000	99.715248	99.304680	99.304680	0	0	1	1	150	1151576
1469	1	0	1	1	0	0	0	0	0	0	0	0	0	0	0	4.939927	4.304350	4.288667	4.290093	2.292674	21.500000	25.000000	99.678497	99.268059	99.268059	0	0	1	1	150	1164657
1470	1	0	1	0	0	0	0	0	0	0	0	0	0	0	0	4.938315	4.302925	4.285816	4.287241	2.293480	21.500000	25.000000	99.715248	99.304680	99.342010	0	0	1	1	150	1151031
1471	0	0	1	1	0	0	0	0	0	0	0	0	0	0	0	4.939927	4.302925	4.287241	4.287241	2.291868	21.250000	25.000000	99.715805	99.268059	99.268059	0	0	1	1	150	1150948
1472	2	0	1	0	0	1	0	0	0	0	0	0	0	0	0	4.938315	4.305777	4.290093	4.291519	2.291062	21.250000	25.000000	99.789902	99.304680	99.379326	0	0	1	1	150	1164951
1473	2	2	4	0	0	1	0	0	0	0	0	0	0	0	0	4.941538	4.302925	4.285816	4.288667	2.291062	21.250000	25.000000	99.641769	99.231468	99.231468	0	0	1	1	150	1152215
1475	0	0	0	0	0	0	0	0	0	0	0	0	0	0	0	4.939927	4.301499	4.285816	4.274410	2.288645	21.250000	25.000000	99.715805	99.193443	99.268059	0	0	1	1	150	1150978
1476	0	0	0	0	0	0	0	0	0	0	0	0	0	0	0	4.939927	4.302925	4.288667	4.288667	2.291868	21.250000	25.000000	99.641174	99.230751	99.268059	0	0	1	1	150	1165094
1477	3	0	1	1	0	0	0	0	0	0	0	0	0	0	0	4.939927	4.301499	4.285816	4.288667	2.291062	21.250000	25.000000	99.641174	99.268059	99.342690	0	0	1	1	150	1151584
1478	1	1	2	3	0	0	0	1	0	0	0	0	0	0	0	4.939927	4.302925	4.287241	4.288667	2.291062	21.250000	25.000000	99.641174	99.230751	99.305382	0	0	1	1	150	1151036
1479	2	1	0	2	0	0	0	0	0	0	0	0	0	0	0	4.941538	4.302925	4.287241	4.290093	2.292674	21.250000	25.000000	99.604462	99.156868	99.231468	0	0	1	1	150	1150973
1481	0	0	0	1	0	0	0	0	0	0	0	0	0	0	0	4.939927	4.302925	4.288667	4.290093	2.291062	21.250000	25.000000	99.641174	99.268059	99.268059	0	0	1	1	150	1177277
1482	1	0	1	0	0	0	0	0	0	0	0	0	0	0	0	4.941538	4.302925	4.285816	4.288667	2.291062	21.250000	25.000000	99.641769	99.231468	99.306068	0	0	1	1	150	1151580
1483	2	3	2	0	0	0	0	1	0	0	0	0	0	0	0	4.939927	4.301499	4.285816	4.288667	2.291062	21.250000	25.000000	99.641174	99.230751	99.268059	0	0	1	1	150	1151036
1484	2	0	1	1	0	0	0	0	0	0	0	0	0	0	0	4.939927	4.305777	4.290093	4.292944	2.289451	21.250000	25.000000	99.790428	99.380005	99.417313	0	0	0	1	150	1164596
1485	1	2	1	1	1	0	0	0	0	0	0	0	0	0	0	4.938315	4.302925	4.287241	4.288667	2.291062	21.250000	25.000000	99.715248	99.304680	99.416656	0	0	0	1	150	1152975
1487	5	1	1	1	0	1	0	0	0	0	0	0	0	0	0	4.939927	4.302925	4.275836	4.275836	2.291868	21.250000	25.000000	99.603874	99.268059	99.342690	0	0	0	1	150	1151039
1488	0	0	0	1	0	0	0	0	0	0	0	0	0	0	0	4.938315	4.197419	4.278687	4.275836	2.289451	21.250000	25.000000	99.453979	98.931450	99.080734	0	0	0	1	150	1151085
1489	1	0	1	1	0	0	0	0	0	0	0	0	0	0	0	4.941538	4.301499	4.284390	4.277261	2.290257	21.250000	25.000000	99.529861	99.119583	99.231468	0	0	0	1	150	1164654
1490	0	2	0	1	0	0	0	0	0	0	0	0	0	0	0	4.938315	4.302925	4.284390	4.288667	2.290257	21.250000	25.000000	99.715248	99.304680	99.304680	0	0	1	1	150	1151031
1491	0	0	0	0	0	0	0	0	0	0	0	0	0	0	0	4.939927	4.302925	4.284390	4.288667	2.290257	21.250000	25.000000	99.641174	99.268059	99.305382	0	0	1	1	150	1150975
1493	0	2	0	1	0	0	0	0	0	0	0	0	0	0	0	4.939927	4.302925	4.285816	4.288667	2.290257	21.250000	25.000000	99.641174	99.268059	99.268059	0	0	1	1	150	1164803
1494	0	1	1	1	0	0	0	0	0	0	0	0	0	0	0	4.939927	4.302925	4.287241	4.290093	2.290257	21.250000	25.000000	99.678497	99.268059	99.268059	0	0	1	1	150	1150965
1495	0	1	0	0	0	0	0	0	0	0	0	0	0	0	0	4.939927	4.300073	4.288667	4.290093	2.291062	21.250000	25.000000	99.566551	99.230751	99.342690	0	0	1	1	150	1150978
1496	0	0	0	0	0	0	0	0	0	0	0	0	0	0	0	4.938315	4.304350	4.288667	4.292944	2.289451	21.250000	25.000000	99.789902	99.416656	99.416656	0	0	1	1	150	1165365
1497	1	2	0	1	0	0	0	0	1	0	0	0	0	0	0	4.939927	4.301499	4.287241	4.288667	2.290257	21.250000	25.000000	99.529243	98.969566	99.006889	0	0	1	1	150	1152543
1499	0	1	1	0	0	0	0	0	0	0	0	0	0	0	0	4.938315	4.307202	4.287241	4.290093	2.289451	21.250000	25.000000	99.789902	99.342010	99.379326	0	0	1	1	150	1151040
1500	0	0	0	0	0	0	0	0	0	0	0	0	0	0	0	4.941538	4.301499	4.284390	4.292944	2.290257	21.250000	25.000000	99.641769	99.231468	99.268776	0	0	1	1	150	1150975
1501	4	0	1	0	0	0	0	0	0	0	0	0	0	0	0	4.939927	4.300073	4.287241	4.287241	2.290257	21.250000	25.000000	99.603874	99.193443	99.268059	0	0	1	1	150	1174990
1502	1	0	1	0	0	0	0	0	0	0	0	0	0	0	0	4.939927	4.302925	4.285816	4.287241	2.291062	21.250000	25.000000	99.715805	99.268059	99.342690	0	0	1	1	150	1151580
1503	1	2	0	1	0	0	0	0	0	0	0	0	0	0	0	4.939927	4.302925	4.284390	4.288667	2.289451	21.250000	25.000000	99.678497	99.268059	99.342690	0	0	1	1	150	1151036
1505	0	0	0	1	0	0	0	0	0	0	0	0	0	0	0	4.936703	4.321460	4.272984	4.280113	2.287033	21.250000	25.000000	99.752022	99.266655	99.453339	0	0	1	1	150	1164680
1506	0	0	0	0	0	0	0	0	0	0	0	0	0	0	0	4.939927	4.300073	4.290093	4.288667	2.289451	21.250000	25.000000	99.603874	99.268059	99.268059	0	0	1	1	150	1150975
1507	3	4	1	1	1	1	1	0	1	0	0	1	0	0	0	4.939927	4.301499	4.285816	4.288667	2.289451	21.250000	25.000000	99.603874	99.230751	99.342690	0	0	1	1	150	1150925
1508	0	0	1	1	0	0	0	0	0	0	0	0	0	0	0	4.935091	4.290093	4.278687	4.278687	2.285421	21.250000	25.000000	99.714127	99.415337	99.490036	0	0	1	1	150	1151038
1509	0	0	3	0	0	0	0	0	0	0	0	0	0	0	0	4.941538	4.302925	4.284390	4.288667	2.289451	21.250000	25.000000	99.604462	99.231468	99.231468	0	0	1	1	150	1165855
1510	2	1	1	3	0	0	0	0	1	0	0	0	0	0	0	4.941538	4.304350	4.288667	4.290093	2.290257	21.250000	25.000000	99.679062	99.268776	99.343376	0	0	1	1	150	1150992
1512	0	2	0	1	0	0	0	0	0	0	0	0	0	0	0	4.939927	4.300073	4.285816	4.287241	2.288645	21.250000	25.000000	99.641174	99.268059	99.342690	0	0	1	1	150	1150942
1513	1	0	1	2	0	0	0	0	0	1	0	0	0	0	0	4.939927	4.301499	4.287241	4.290093	2.289451	21.250000	25.000000	99.603874	99.268059	99.268059	0	0	0	1	150	1164650
1514	0	0	0	0	0	0	0	0	0	0	0	0	0	0	0	4.941538	4.301499	4.285816	4.290093	2.290257	21.250000	25.000000	99.567169	99.231468	99.306068	0	0	1	1	150	1151033
1515	1	1	0	0	0	0	0	0	0	0	0	0	0	0	0	4.938315	4.300073	4.287241	4.288667	2.289451	21.250000	25.000000	99.640594	99.304680	99.304680	0	0	1	1	150	1150975
1516	0	1	0	1	0	0	0	0	0	0	0	0	0	0	0	4.941538	4.297222	4.285816	4.288667	2.289451	21.250000	25.000000	99.567169	99.194176	99.231468	0	0	1	1	150	1150975
1518	0	2	1	3	0	0	0	0	0	0	0	0	0	0	0	4.941538	4.300073	4.287241	4.290093	2.289451	21.250000	25.000000	99.567169	99.231468	99.231468	0	0	1	1	150	1164969
1519	0	2	0	1	0	0	0	0	0	0	0	0	0	0	0	4.939927	4.300073	4.285816	4.288667	2.288645	21.250000	25.000000	99.603874	99.268059	99.305382	0	0	1	1	150	1150966
1520	0	1	1	1	0	0	0	0	0	0	0	0	0	0	0	4.939927	4.302925	4.288667	4.291519	2.289451	21.250000	25.000000	99.939682	99.268059	99.342690	0	0	1	1	150	1150977
1521	1	0	3	0	0	0	0	0	0	0	0	0	0	0	0	4.939927	4.301499	4.285816	4.288667	2.289451	21.250000	25.000000	99.641174	99.268059	99.342690	0	0	1	1	150	1176323
1522	1	1	1	2	0	0	0	0	0	0	0	0	0	0	0	4.939927	4.300073	4.287241	4.288667	2.288645	21.250000	25.000000	99.566551	99.230751	99.305382	0	0	1	1	150	1151564
1524	1	2	2	1	0	0	0	0	1	0	0	0	0	0	0	4.939927	4.300073	4.285816	4.291519	2.288645	21.250000	25.000000	99.603874	99.268059	99.268059	0	0	1	1	150	1151040
1525	0	1	0	1	0	0	0	0	0	0	0	0	0	0	0	4.939927	4.298647	4.285816	4.288667	2.287839	21.250000	25.000000	99.566551	99.268059	99.268059	0	0	1	1	150	1164593
1526	0	1	1	2	0	0	0	0	0	0	0	0	0	0	0	4.939927	4.300073	4.285816	4.290093	2.288645	21.250000	25.000000	99.641174	99.268059	99.268059	0	0	1	1	150	1150954
1527	2	1	0	0	1	0	0	0	0	0	0	0	0	0	0	4.938315	4.301499	4.288667	4.288667	2.288645	21.250000	25.000000	99.640594	99.304680	99.304680	0	0	1	1	150	1150905
1528	4	2	2	0	1	0	0	0	0	0	0	0	0	0	0	4.939927	4.300073	4.287241	4.288667	2.288645	21.250000	25.000000	99.454628	99.044197	99.342690	0	0	1	1	150	1151038
1530	0	0	0	0	0	0	0	0	0	0	0	0	0	0	0	4.939927	4.301499	4.288667	4.287241	2.288645	21.250000	25.000000	99.641174	99.268059	99.342690	0	0	1	1	150	1164628
1531	1	0	2	0	0	0	0	0	0	0	0	0	0	0	0	4.939927	4.301499	4.285816	4.290093	2.288645	21.250000	25.000000	99.603874	99.006889	99.641174	0	0	1	1	150	1151223
1532	1	1	0	0	0	0	0	0	0	0	0	0	0	0	0	4.936703	4.301499	4.288667	4.291519	2.287839	21.250000	25.000000	99.752022	99.415993	99.453339	0	0	1	1	150	1151171
1533	1	2	0	0	0	0	0	0	0	0	0	0	0	0	0	4.941538	4.297222	4.285816	4.288667	2.287839	21.250000	25.000000	99.567169	99.194176	99.231468	0	0	1	1	150	1165804
1534	0	0	0	2	0	0	0	0	0	0	0	0	0	0	0	4.939927	4.302925	4.285816	4.290093	2.287033	21.250000	25.000000	99.566551	99.230751	99.268059	0	0	1	1	150	1151021
1536	1	1	2	0	0	0	0	0	0	0	0	0	0	0	0	4.939927	4.302925	4.288667	4.287241	2.287839	21.250000	25.000000	99.454628	99.268059	98.894958	0	0	1	1	150	1151293
1537	1	0	0	2	0	0	0	0	0	0	0	0	0	0	0	4.939927	4.301499	4.285816	4.287241	2.287839	21.250000	25.000000	99.566551	99.230751	99.268059	0	0	1	1	150	1151296
1538	0	0	0	0	0	0	0	0	0	0	0	0	0	0	0	4.938315	4.302925	4.288667	4.292944	2.288645	21.250000	25.000000	99.715248	99.379326	99.379326	0	0	1	1	150	1164655
1539	0	1	0	2	0	0	0	0	1	0	0	0	0	0	0	4.941538	4.301499	4.287241	4.288667	2.287839	21.250000	25.000000	99.604462	99.231468	99.306068	0	0	1	1	150	1151031
1540	1	0	0	1	0	0	0	0	0	0	0	0	0	0	0	4.941538	4.300073	4.288667	4.290093	2.287839	21.250000	25.000000	99.604462	99.231468	99.231468	0	0	1	1	150	1150975
1542	2	1	1	0	0	1	0	0	0	0	0	0	0	0	0	4.941538	4.300073	4.285816	4.287241	2.290257	21.250000	25.000000	99.268776	99.268776	99.156868	0	0	1	1	150	1164585
1543	1	0	1	1	0	1	0	0	0	0	0	0	0	0	0	4.941538	4.301499	4.277261	4.277261	2.286227	21.250000	25.000000	99.455261	99.268776	99.231468	0	0	1	1	150	1151129
1544	1	0	3	1	0	0	0	0	0	0	0	0	0	0	0	4.939927	4.302925	4.288667	4.291519	2.287033	21.250000	25.000000	99.678497	99.081512	99.044197	0	0	1	1	150	1151040
1545	1	0	1	0	0	0	0	0	0	0	0	0	0	0	0	4.939927	4.300073	4.290093	4.288667	2.287839	21.250000	25.000000	99.603874	99.268059	99.081512	0	0	1	1	150	1165840
1546	0	0	1	2	0	0	0	0	0	0	0	0	0	0	0	4.941538	4.301499	4.288667	4.288667	2.287839	21.250000	25.000000	99.567169	99.231468	99.231468	0	0	1	1	150	1151031
1548	1	0	0	1	0	0	0	0	0	0	0	0	0	0	0	4.941538	4.302925	4.287241	4.288667	2.287839	21.250000	25.000000	99.567169	99.194176	99.231468	0	0	1	1	150	1151532
1549	1	2	1	2	0	0	0	0	0	0	0	0	0	0	0	4.938315	4.301499	4.287241	4.288667	2.287033	21.250000	25.000000	99.603264	99.304680	99.304680	0	0	1	1	150	1151040
1550	3	1	0	1	0	0	0	0	0	0	0	0	0	0	0	4.939927	4.301499	4.287241	4.290093	2.287033	21.250000	25.000000	99.603874	99.230751	99.268059	0	0	1	1	150	1164591
1551	0	2	0	1	0	0	0	0	0	0	0	0	0	0	0	4.939927	4.300073	4.288667	4.287241	2.287839	21.250000	25.000000	99.603874	99.268059	99.268059	0	0	1	1	150	1150916
1552	2	0	1	0	0	0	0	0	0	0	0	0	0	0	0	4.939927	4.301499	4.288667	4.288667	2.287839	21.250000	25.000000	99.603874	99.342690	99.305382	0	0	1	1	150	1150863
1553	2	0	1	2	0	0	1	0	0	0	0	0	0	0	0	4.939927	4.300073	4.285816	4.288667	2.287033	21.250000	25.000000	99.603874	99.268059	99.305382	0	0	1	1	150	1164653
1555	0	0	1	1	0	0	0	0	0	0	0	0	0	0	0	4.939927	4.288667	4.272984	4.275836	2.287033	21.250000	25.000000	99.268059	98.969566	98.894958	0	0	1	1	150	1151024
1556	2	1	2	1	0	1	1	0	0	0	0	0	0	0	0	4.938315	4.304350	4.291519	4.292944	2.286227	21.250000	25.000000	99.752571	99.453979	99.416656	0	0	1	1	150	1151126
1557	2	1	0	1	0	0	0	0	0	0	0	0	0	0	0	4.939927	4.302925	4.288667	4.287241	2.287033	21.250000	25.000000	99.641174	99.305382	99.305382	0	0	1	1	150	1152129
1558	1	0	1	0	0	0	0	0	0	0	0	0	0	0	0	4.943151	4.287241	4.294370	4.282964	2.287033	21.250000	25.000000	99.493187	99.194893	99.194893	0	0	1	1	150	1164645
1559	0	2	1	0	0	0	0	0	0	0	0	0	0	0	0	4.939927	4.301499	4.287241	4.288667	2.287033	21.250000	25.000000	99.566551	99.230751	99.268059	0	0	1	1	150	1151024
1561	0	1	0	1	0	0	0	0	1	0	0	0	0	0	0	4.939927	4.304350	4.288667	4.292944	2.287033	21.250000	25.000000	99.715805	99.268059	99.342690	0	0	1	1	150	1151355
1562	1	2	0	2	0	0	0	0	1	0	0	0	0	0	0	4.939927	4.300073	4.285816	4.288667	2.287033	21.250000	25.000000	99.603874	99.268059	99.342690	0	0	1	1	150	1164668
1563	0	2	0	0	0	0	0	0	0	0	0	0	0	0	0	4.939927	4.300073	4.285816	4.288667	2.286227	21.250000	25.000000	99.641174	99.268059	99.342690	0	0	1	1	150	1151031
1564	2	0	0	1	0	0	1	0	0	0	0	0	0	0	0	4.939927	4.302925	4.271558	4.280113	2.286227	21.250000	25.000000	99.491936	99.230751	99.268059	0	0	1	1	150	1150978
1565	0	0	1	1	0	0	0	0	0	0	0	0	0	0	0	4.939927	4.302925	4.288667	4.287241	2.287033	21.250000	25.000000	99.715805	99.305382	99.305382	0	0	1	1	150	1150975
1567	0	2	2	1	0	0	0	0	0	0	0	0	0	0	0	4.939927	4.304350	4.287241	4.288667	2.286227	21.250000	25.000000	99.678497	99.230751	99.268059	0	0	1	1	150	1164448
1568	0	1	2	1	0	0	0	0	1	0	0	0	0	0	0	4.939927	4.305777	4.291519	4.291519	2.285421	21.250000	25.000000	99.790428	99.454628	99.491936	0	0	1	1	150	1151564
1569	2	2	1	0	0	0	0	1	0	0	0	0	0	0	0	4.939927	4.304350	4.288667	4.288667	2.286227	21.250000	25.000000	99.715805	99.305382	99.305382	0	0	1	1	150	1152186
1570	0	0	0	0	0	0	0	0	0	0	0	0	0	0	0	4.938315	4.301499	4.290093	4.290093	2.285421	21.250000	25.000000	99.677917	99.379326	99.304680	0	0	1	1	150	1164689
1571	1	2	1	0	0	0	0	0	0	0	0	0	0	0	0	4.938315	4.291519	4.292944	4.271558	2.284616	21.250000	25.000000	99.342010	98.894127	99.118073	0	0	1	1	150	1151033
1573	2	0	2	1	0	0	0	0	0	0	0	0	0	0	0	4.939927	4.300073	4.285816	4.287241	2.285421	21.250000	25.000000	99.268059	99.380005	99.193443	0	0	1	1	150	1151136
1574	0	1	0	1	0	0	0	0	0	0	0	0	0	0	0	4.939927	4.304350	4.290093	4.288667	2.286227	21.250000	25.000000	99.342690	99.566551	99.268059	0	0	1	1	150	1164652
1575	1	1	3	2	0	0	0	0	0	0	0	0	0	0	0	4.939927	4.302925	4.288667	4.288667	2.286227	21.250000	25.000000	99.715805	99.380005	99.268059	0	0	1	1	150	1151026
1576	0	1	0	0	0	0	0	0	0	0	0	0	0	0	0	4.939927	4.300073	4.290093	4.288667	2.286227	21.250000	25.000000	99.566551	99.305382	99.268059	0	0	1	1	150	1151464
1577	2	0	0	0	0	0	0	0	0	0	0	0	0	0	0	4.938315	4.302925	4.290093	4.288667	2.285421	21.250000	25.000000	99.677917	99.304680	99.304680	0	0	1	1	150	1151467
1579	0	0	0	0	0	0	0	0	0	0	0	0	0	0	0	4.939927	4.304350	4.287241	4.290093	2.286227	21.250000	25.000000	99.641174	99.268059	99.305382	0	0	1	1	150	1164649
1580	0	0	1	1	0	0	0	0	0	0	0	0	0	0	0	4.938315	4.305777	4.292944	4.292944	2.284616	21.250000	25.000000	99.789902	99.453979	99.453979	0	0	1	1	150	1151021
1581	0	0	0	1	0	0	0	0	0	0	0	0	0	0	0	4.939927	4.304350	4.290093	4.290093	2.285421	21.250000	25.000000	99.641174	99.268059	99.268059	0	0	1	1	150	1152834
1582	1	0	0	0	0	0	0	0	0	0	0	0	0	0	0	4.939927	4.302925	4.285816	4.287241	2.286227	21.250000	25.000000	99.678497	99.230751	99.268059	0	0	1	1	150	1164587
1583	0	1	1	2	0	0	0	0	0	0	0	0	0	0	0	4.939927	4.304350	4.288667	4.288667	2.284616	21.250000	25.000000	99.641174	99.268059	99.268059	0	0	0	1	150	1151533
1585	1	1	0	2	0	0	0	0	0	0	0	0	0	0	0	4.938315	4.304350	4.287241	4.287241	2.285421	21.250000	25.000000	99.715248	99.379326	99.416656	0	0	0	1	150	1151032
1586	0	0	1	0	0	0	0	0	0	0	0	0	0	0	0	4.938315	4.302925	4.291519	4.288667	2.285421	21.250000	25.000000	99.677917	99.342010	99.304680	0	0	1	1	150	1151761
1587	2	0	3	0	0	0	0	0	0	0	0	0	0	0	0	4.939927	4.301499	4.288667	4.288667	2.284616	21.250000	25.000000	99.603874	99.305382	99.268059	0	0	1	1	150	1164764
1588	0	0	2	0	0	0	0	0	0	0	0	0	0	0	0	4.939927	4.298647	4.285816	4.287241	2.285421	21.250000	25.000000	99.641174	99.342690	99.268059	0	0	1	1	150	1150965
1589	2	1	1	0	1	1	0	1	0	0	1	0	0	0	0	4.939927	4.302925	4.288667	4.290093	2.285421	21.250000	25.000000	99.641174	99.305382	99.342690	0	0	1	1	150	1150978
1590	4	1	3	1	0	1	0	0	0	1	0	0	0	0	0	4.941538	4.304350	4.288667	4.290093	2.285421	21.250000	25.000000	99.641769	99.231468	99.231468	0	0	1	1	150	1164595
1592	2	2	1	0	1	0	0	0	0	0	0	0	0	0	0	4.939927	4.305777	4.291519	4.291519	2.285421	21.250000	25.000000	99.753120	99.230751	99.081512	0	0	1	1	150	1151442
1593	0	0	1	0	0	0	0	0	0	0	0	0	0	0	0	4.943151	4.305777	4.290093	4.288667	2.285421	21.250000	25.000000	99.567757	99.083031	98.896599	0	0	1	1	150	1152389
1594	1	2	0	1	0	0	0	0	0	0	0	0	0	0	0	4.943151	4.290093	4.281538	4.275836	2.284616	21.250000	25.000000	99.418610	99.008469	98.896599	0	0	1	1	150	1164657
1595	1	0	0	3	0	0	0	0	0	0	0	0	0	0	0	4.939927	4.304350	4.291519	4.290093	2.283810	21.250000	25.000000	99.678497	99.268059	99.305382	0	0	1	1	150	1151030
1596	0	1	2	2	0	0	0	0	0	0	0	0	0	0	0	4.941538	4.304350	4.291519	4.290093	2.284616	21.250000	25.000000	99.679062	99.306068	99.268776	0	0	1	1	150	1150975
1598	0	1	1	2	0	0	0	0	1	0	0	0	0	0	0	4.939927	4.304350	4.290093	4.288667	2.284616	21.250000	25.000000	99.678497	99.268059	99.305382	0	0	1	1	150	1150881
1599	1	0	0	1	0	0	0	0	0	0	0	0	0	0	0	4.939927	4.304350	4.290093	4.288667	2.284616	21.250000	25.000000	99.715805	99.342690	99.305382	0	0	1	1	150	1164657
1600	0	0	1	1	0	0	0	0	0	0	0	0	0	0	0	4.941538	4.301499	4.288667	4.288667	2.285421	21.250000	25.000000	99.641769	99.231468	99.007675	0	0	1	1	150	1151029
1601	0	1	1	0	0	0	0	0	0	0	0	0	0	0	0	4.941538	4.301499	4.288667	4.288667	2.284616	21.250000	25.000000	99.604462	99.306068	99.156868	0	0	1	1	150	1151214
1602	0	1	1	1	0	0	0	0	0	0	0	0	0	0	0	4.939927	4.304350	4.287241	4.288667	2.284616	21.250000	25.000000	99.641174	99.230751	99.268059	0	0	1	1	150	1165217
1604	2	0	0	0	0	0	0	0	0	0	0	0	0	0	0	4.938315	4.304350	4.291519	4.294370	2.283004	21.250000	25.000000	99.789902	99.453979	99.416656	0	0	1	1	150	1151065
1605	1	0	0	0	0	0	0	0	0	0	0	0	0	0	0	4.939927	4.300073	4.285816	4.288667	2.283810	21.250000	25.000000	99.641174	99.268059	99.268059	0	0	1	1	150	1152216
1606	1	0	1	0	0	0	0	0	0	0	0	0	0	0	0	4.938315	4.302925	4.290093	4.288667	2.284616	21.250000	25.000000	99.752571	99.416656	99.416656	0	0	1	1	150	1150939
1607	1	0	1	1	0	0	0	0	0	0	0	0	0	0	0	4.941538	4.304350	4.288667	4.288667	2.283810	21.250000	25.000000	99.641769	99.343376	99.306068	0	0	1	1	150	1164941
1608	0	1	0	2	0	0	0	0	0	0	0	0	0	0	0	4.939927	4.304350	4.290093	4.290093	2.283810	21.250000	25.000000	99.641174	99.342690	99.268059	0	0	0	1	150	1151061
1610	2	0	1	2	0	0	0	0	0	0	0	0	0	0	0	4.939927	4.302925	4.287241	4.275836	2.283810	21.250000	25.000000	99.454628	99.044197	98.894958	0	0	1	1	150	1150977
1611	1	2	2	1	0	0	0	1	0	0	0	0	0	0	0	4.941538	4.302925	4.290093	4.288667	2.283810	21.250000	25.000000	99.604462	99.231468	99.231468	0	0	1	1	150	1165240
1612	1	0	1	0	0	0	0	0	0	0	0	0	0	0	0	4.939927	4.304350	4.290093	4.290093	2.284616	21.250000	25.000000	99.678497	99.305382	99.342690	0	0	1	1	150	1151522
1613	1	1	1	1	0	0	0	0	0	0	0	0	0	0	0	4.939927	4.302925	4.288667	4.291519	2.283004	21.250000	25.000000	99.678497	99.342690	99.342690	0	0	1	1	150	1151040
1614	1	1	1	0	0	0	0	0	0	0	0	0	0	0	0	4.939927	4.302925	4.288667	4.290093	2.283004	21.250000	25.000000	99.641174	99.305382	99.268059	0	0	1	1	150	1164602
1616	1	2	1	0	0	0	0	0	0	0	0	0	0	0	0	4.938315	4.304350	4.288667	4.290093	2.282198	21.250000	25.000000	99.827217	99.379326	99.416656	0	0	1	1	150	1150921
1617	1	1	1	0	0	0	0	0	0	0	0	0	0	0	0	4.939927	4.304350	4.285816	4.288667	2.283004	21.250000	25.000000	99.678497	99.230751	99.342690	0	0	1	1	150	1152868
1618	0	0	0	0	0	0	0	0	0	0	0	0	0	0	0	4.939927	4.304350	4.288667	4.288667	2.283810	21.250000	25.000000	99.715805	99.342690	99.268059	0	0	1	1	150	1151659
1619	1	3	3	0	0	0	0	0	0	0	0	0	0	0	0	4.939927	4.302925	4.287241	4.290093	2.283004	21.250000	25.000000	99.641174	99.230751	99.268059	0	0	1	1	150	1164597
1620	0	2	0	2	0	0	0	0	0	0	0	0	0	0	0	4.939927	4.302925	4.287241	4.288667	2.283004	21.250000	25.000000	99.678497	99.193443	99.268059	0	0	1	1	150	1151543
1622	0	0	0	1	0	0	0	0	0	0	0	0	0	0	0	4.938315	4.302925	4.288667	4.288667	2.283004	21.250000	25.000000	99.677917	99.230042	99.304680	0	0	1	1	150	1151550
1623	1	0	1	2	0	0	0	0	0	0	0	0	0	0	0	4.941538	4.302925	4.285816	4.288667	2.282198	21.250000	25.000000	99.641769	99.231468	99.306068	0	0	1	1	150	1164488
1624	0	0	1	0	0	0	0	0	0	0	0	0	0	0	0	4.939927	4.302925	4.285816	4.288667	2.282198	21.250000	25.000000	99.678497	99.268059	99.342690	0	0	1	1	150	1151538
1625	1	0	1	1	0	0	0	0	0	0	0	0	0	0	0	4.941538	4.302925	4.287241	4.288667	2.283004	21.250000	25.000000	99.641769	99.231468	99.231468	0	0	1	1	150	1151446
1626	0	1	0	1	0	0	0	0	0	0	0	0	0	0	0	4.941538	4.301499	4.285816	4.290093	2.283004	21.250000	25.000000	99.641769	99.194176	99.268776	0	0	0	1	150	1151384
1627	2	1	0	1	1	0	0	0	0	0	0	0	0	0	0	4.938315	4.304350	4.290093	4.292944	2.282198	21.250000	25.000000	99.789902	99.416656	99.379326	0	0	0	1	150	1165321
1629	0	1	1	0	0	0	0	0	0	0	0	0	0	0	0	4.939927	4.302925	4.287241	4.288667	2.282198	21.250000	25.000000	99.417313	99.044197	99.044197	0	0	0	1	150	1152538
1630	0	0	0	1	0	0	0	0	0	0	0	0	0	0	0	4.939927	4.302925	4.285816	4.288667	2.283004	21.250000	25.000000	99.641174	99.230751	99.305382	0	0	0	1	150	1151300
1631	2	1	0	0	0	0	0	0	0	0	0	0	0	0	0	4.939927	4.304350	4.285816	4.288667	2.282198	21.250000	25.000000	99.715805	99.268059	99.342690	0	0	0	1	150	1165238
1632	1	0	0	0	0	0	0	0	0	0	0	0	0	0	0	4.941538	4.302925	4.285816	4.288667	2.282198	21.250000	25.000000	99.604462	99.231468	99.231468	0	0	0	1	150	1151559
1633	1	2	0	1	0	0	0	0	0	0	0	0	0	0	0	4.939927	4.301499	4.285816	4.288667	2.282198	21.250000	25.000000	99.678497	99.268059	99.268059	0	0	0	1	150	1151472
1635	0	0	4	0	0	0	0	0	0	0	0	0	0	0	0	4.939927	4.302925	4.287241	4.290093	2.282198	21.250000	25.000000	99.641174	99.268059	99.342690	0	0	0	1	150	1151410
1636	3	1	3	3	0	0	1	0	0	0	0	0	0	0	0	4.941538	4.304350	4.288667	4.291519	2.282198	21.250000	25.000000	99.641769	99.231468	99.231468	0	0	0	1	150	1165347
1637	0	0	1	1	0	0	0	0	0	0	0	0	0	0	0	4.939927	4.304350	4.285816	4.288667	2.282198	21.250000	25.000000	99.678497	99.268059	99.305382	0	0	0	1	150	1151565
1638	0	1	1	1	0	0	0	0	0	0	0	0	0	0	0	4.939927	4.302925	4.287241	4.288667	2.282198	21.250000	25.000000	99.641174	99.230751	99.268059	0	0	0	1	150	1151576
1639	1	0	0	0	0	0	0	0	0	0	0	0	0	0	0	4.938315	4.305777	4.290093	4.291519	2.281392	21.250000	25.000000	99.789902	99.379326	99.491310	0	0	0	1	150	1164658
1641	0	0	0	2	0	0	0	0	0	0	0	0	0	0	0	4.939927	4.305777	4.287241	4.288667	2.282198	21.250000	25.000000	99.678497	99.230751	99.305382	0	0	0	1	150	1152525
1642	1	2	2	0	0	0	0	0	0	0	0	0	0	0	0	4.939927	4.302925	4.285816	4.287241	2.282198	21.250000	25.000000	99.678497	99.268059	99.342690	0	0	0	1	150	1151326
1643	0	1	1	0	0	0	0	0	0	0	0	0	0	0	0	4.941538	4.302925	4.285816	4.288667	2.283004	21.250000	25.000000	99.604462	99.231468	99.343376	0	0	0	1	150	1164728
1644	1	0	0	0	0	0	0	0	0	0	0	0	0	0	0	4.941538	4.302925	4.285816	4.287241	2.282198	21.250000	25.000000	99.641769	99.194176	99.268776	0	0	0	1	150	1151032
1645	1	0	3	1	0	0	0	0	0	0	0	0	0	0	0	4.939927	4.300073	4.288667	4.288667	2.282198	21.250000	25.000000	99.641174	99.230751	99.268059	0	0	0	1	150	1150971
1646	1	2	2	1	0	1	0	0	1	0	0	0	0	0	0	4.939927	4.301499	4.285816	4.287241	2.280586	21.250000	25.000000	99.641174	99.230751	99.268059	0	0	0	1	150	1150964
1648	0	2	0	0	0	0	0	0	0	0	0	0	0	0	0	4.939927	4.304350	4.285816	4.287241	2.281392	21.250000	25.000000	99.715805	99.268059	99.268059	0	0	0	1	150	1164964
1649	1	1	0	0	0	0	0	0	0	0	0	0	0	0	0	4.946374	4.300073	4.285816	4.287241	2.281392	21.000000	25.000000	99.457199	99.121826	99.121826	0	0	0	1	150	1150961
1650	2	3	1	1	0	0	0	0	1	0	0	0	0	0	0	4.938315	4.292944	4.275836	4.275836	2.281392	21.250000	25.000000	99.640594	99.304680	99.379326	0	0	0	1	150	1150985
1651	1	0	0	0	0	0	0	0	0	0	0	0	0	0	0	4.936703	4.304350	4.288667	4.291519	2.280586	21.250000	25.000000	99.826698	99.453339	99.490669	0	0	0	1	150	1164659
1652	0	2	0	3	0	0	0	0	1	0	0	0	0	0	0	4.943151	4.302925	4.287241	4.288667	2.281392	21.250000	25.000000	99.567757	98.859314	99.381340	0	0	0	1	150	1152172
1654	2	1	1	1	0	0	0	1	0	0	0	0	0	0	0	4.943151	4.301499	4.284390	4.288667	2.280586	21.000000	25.000000	99.605057	98.859314	99.344040	0	0	0	1	150	1151173
1655	1	1	1	0	0	0	0	0	0	0	0	0	0	0	0	4.939927	4.304350	4.287241	4.288667	2.281392	21.250000	25.000000	99.902374	99.193443	99.268059	0	0	0	1	150	1151175
1656	0	2	0	1	0	0	0	0	1	0	0	0	0	0	0	4.939927	4.302925	4.287241	4.290093	2.280586	21.250000	25.000000	99.641174	99.268059	99.230751	0	0	0	1	150	1164649
1657	2	1	2	2	0	0	1	0	0	0	0	0	0	0	0	4.943151	4.302925	4.285816	4.288667	2.281392	21.250000	25.000000	99.567757	99.008469	98.971169	0	0	1	1	150	1151233
1658	2	1	1	0	0	1	0	0	0	0	0	0	0	0	0	4.941538	4.301499	4.285816	4.290093	2.281392	21.250000	25.000000	99.940178	99.156868	99.231468	0	0	1	1	150	1151180
1660	0	0	0	0	0	0	0	0	0	0	0	0	0	0	0	4.939927	4.304350	4.287241	4.288667	2.283004	21.250000	25.000000	99.417313	99.305382	99.268059	0	0	1	1	150	1164658
1661	3	0	2	2	0	1	0	0	0	0	0	0	0	0	0	4.939927	4.304350	4.271558	4.277261	2.279780	21.250000	25.000000	99.566551	99.230751	99.268059	0	0	1	1	150	1151129
1662	2	0	5	0	0	0	0	0	0	0	0	0	0	0	0	4.939927	4.311480	4.282964	4.287241	2.280586	21.250000	25.000000	99.641174	99.268059	99.268059	0	0	1	1	150	1151076
1663	1	0	1	0	0	0	0	0	0	0	0	0	0	0	0	4.938315	4.305777	4.288667	4.291519	2.279780	21.250000	25.000000	99.827217	99.379326	99.453979	0	0	1	1	150	1164657
1664	1	0	1	0	0	0	0	0	0	0	0	0	0	0	0	4.941538	4.307202	4.285816	4.288667	2.280586	21.250000	25.000000	99.641769	99.156868	98.933075	0	0	1	1	150	1152179
1666	0	2	1	1	0	0	0	0	0	0	0	0	0	0	0	4.941538	4.292944	4.277261	4.280113	2.280586	21.250000	25.000000	99.306068	99.156868	98.933075	0	0	1	1	150	1151198
1667	0	0	1	1	0	0	0	0	0	0	0	0	0	0	0	4.941538	4.301499	4.285816	4.288667	2.279780	21.000000	25.000000	99.343376	99.455261	99.231468	0	0	1	1	150	1151201
1668	1	0	3	2	0	0	0	0	0	0	0	0	0	0	0	4.939927	4.305777	4.288667	4.288667	2.281392	21.250000	25.000000	99.678497	99.268059	99.342690	0	0	1	1	150	1165139
1669	0	1	2	0	0	0	0	0	0	0	0	0	0	0	0	4.939927	4.302925	4.285816	4.290093	2.279780	21.250000	25.000000	99.678497	99.268059	99.268059	0	0	1	1	150	1151065
1670	1	0	0	0	0	0	0	0	0	0	0	0	0	0	0	4.939927	4.301499	4.285816	4.288667	2.280586	21.250000	25.000000	99.715805	99.342690	99.342690	0	0	1	1	150	1150840
1672	0	1	2	0	0	0	0	0	0	0	0	0	0	0	0	4.939927	4.304350	4.288667	4.288667	2.280586	21.250000	25.000000	99.678497	99.268059	99.342690	0	0	1	1	150	1164842
1673	3	2	0	0	0	0	0	0	0	0	0	0	0	0	0	4.939927	4.301499	4.285816	4.288667	2.279780	21.250000	25.000000	99.678497	99.268059	99.342690	0	0	1	1	150	1151065
1674	3	1	2	0	0	1	0	0	0	0	0	0	0	0	0	4.941538	4.302925	4.288667	4.288667	2.279780	21.000000	25.000000	99.604462	99.231468	99.231468	0	0	0	1	150	1150860
1675	0	0	1	0	0	0	0	0	0	0	0	0	0	0	0	4.933480	4.332866	4.282964	4.280113	2.276557	21.000000	25.000000	99.564125	99.489395	99.489395	0	0	0	1	150	1151038
1676	0	0	1	1	0	0	0	0	0	0	0	0	0	0	0	4.935091	4.305777	4.282964	4.288667	2.278975	21.250000	25.000000	99.751472	99.377983	99.377983	0	0	0	1	150	1165836
1677	0	1	0	0	0	0	0	0	0	0	0	0	0	0	0	4.939927	4.300073	4.288667	4.291519	2.279780	21.250000	25.000000	99.603874	99.268059	99.342690	0	0	0	1	150	1150997
1679	0	1	0	2	0	0	0	0	0	0	0	0	0	0	0	4.939927	4.300073	4.288667	4.291519	2.280586	21.250000	25.000000	99.603874	99.268059	99.268059	0	0	0	1	150	1151038
1680	2	0	0	0	0	0	0	0	0	0	0	0	0	0	0	4.939927	4.302925	4.287241	4.287241	2.279780	21.250000	25.000000	99.715805	99.268059	99.268059	0	0	0	1	150	1164594
1681	0	1	0	2	0	0	0	0	1	0	0	0	0	0	0	4.941538	4.300073	4.288667	4.288667	2.278169	21.000000	25.000000	99.529861	99.231468	99.268776	0	0	1	1	150	1151337
1682	0	0	2	1	0	0	0	0	0	0	0	0	0	0	0	4.939927	4.301499	4.287241	4.288667	2.279780	21.250000	25.000000	99.603874	99.268059	99.380005	0	0	1	1	150	1151284
1683	0	1	0	2	0	0	0	0	1	0	0	0	0	0	0	4.939927	4.305777	4.287241	4.290093	2.278975	21.000000	25.000000	99.641174	99.268059	99.268059	0	0	1	1	150	1151041
1685	1	1	1	0	0	1	0	0	0	0	0	0	0	0	0	4.941538	4.301499	4.285816	4.288667	2.278975	21.000000	25.000000	99.529861	99.231468	99.231468	0	0	1	1	150	1164595
1686	1	0	0	0	0	0	0	0	0	0	0	0	0	0	0	4.939927	4.300073	4.287241	4.288667	2.278975	21.000000	25.000000	99.603874	99.268059	99.268059	0	0	1	1	150	1151608
1687	1	1	0	0	0	0	0	0	0	0	0	0	0	0	0	4.939927	4.301499	4.288667	4.290093	2.278169	21.000000	25.000000	99.715805	99.380005	99.417313	0	0	1	1	150	1151555
1688	2	0	1	0	0	0	0	0	0	0	0	0	0	0	0	4.938315	4.304350	4.290093	4.290093	2.278169	21.000000	25.000000	99.677917	99.304680	99.416656	0	0	1	1	150	1165809
1689	1	0	1	1	0	1	0	0	0	0	0	0	0	0	0	4.941538	4.302925	4.288667	4.290093	2.278975	21.000000	25.000000	99.567169	99.231468	99.231468	0	0	1	1	150	1151031
1691	0	2	0	3	0	0	0	0	1	0	0	0	0	0	0	4.939927	4.300073	4.288667	4.290093	2.278169	21.000000	25.000000	99.566551	99.268059	99.268059	0	0	1	1	150	1151678
1692	0	1	0	0	0	0	0	0	0	0	0	0	0	0	0	4.939927	4.301499	4.288667	4.288667	2.278975	21.000000	25.000000	99.603874	99.268059	99.268059	0	0	1	1	150	1164680
1693	0	2	1	0	0	0	0	1	0	0	0	0	0	0	0	4.938315	4.300073	4.288667	4.288667	2.278169	21.000000	25.000000	99.640594	99.304680	99.304680	0	0	1	1	150	1151517
1694	0	2	1	0	0	0	0	0	0	0	0	0	0	0	0	4.941538	4.300073	4.285816	4.291519	2.278975	21.000000	25.000000	99.567169	99.231468	99.231468	0	0	1	1	150	1151036
1695	0	1	0	0	0	0	0	0	0	0	0	0	0	0	0	4.939927	4.301499	4.285816	4.287241	2.278975	21.000000	25.000000	99.603874	99.342690	99.006889	0	0	1	1	150	1150973
1697	3	0	0	1	0	0	0	0	0	0	0	0	0	0	0	4.939927	4.300073	4.285816	4.288667	2.278169	21.000000	25.000000	99.603874	99.268059	99.305382	0	0	1	1	150	1164518
1698	1	0	2	1	0	0	0	0	0	0	0	0	0	0	0	4.939927	4.300073	4.288667	4.290093	2.278975	21.000000	25.000000	99.566551	99.230751	99.268059	0	0	1	1	150	1151026
1699	0	0	0	1	0	0	0	0	0	0	0	0	0	0	0	4.936703	4.302925	4.292944	4.291519	2.277363	21.000000	25.000000	99.752022	99.453339	99.453339	0	0	0	1	150	1150973
1700	1	1	0	2	0	0	0	0	1	0	0	0	0	0	0	4.941538	4.298647	4.285816	4.290093	2.277363	21.000000	25.000000	99.641769	99.119583	99.231468	0	0	0	1	150	1195706
1701	1	2	0	1	0	0	0	0	0	0	0	0	0	0	0	4.939927	4.301499	4.275836	4.298647	2.278975	21.000000	25.000000	99.529243	99.342690	99.305382	0	0	0	1	150	1151119
1703	2	0	0	1	0	0	0	0	0	0	0	0	0	0	0	4.939927	4.304350	4.282964	4.287241	2.278169	21.000000	25.000000	99.641174	99.230751	99.342690	0	0	0	1	150	1151067
1704	1	0	0	0	0	0	0	0	0	0	0	0	0	0	0	4.939927	4.300073	4.287241	4.290093	2.278169	21.000000	25.000000	99.566551	99.268059	99.268059	0	0	0	1	150	1151032
1705	1	2	0	1	0	0	0	0	0	0	0	0	0	0	0	4.938315	4.297222	4.287241	4.288667	2.278169	21.000000	25.000000	99.603264	99.379326	99.342010	0	0	1	1	150	1170069
1706	0	2	0	1	0	0	0	0	1	0	0	0	0	0	0	4.939927	4.300073	4.285816	4.288667	2.277363	21.000000	25.000000	99.603874	99.268059	99.268059	0	0	1	1	150	1150981
1707	0	1	1	0	0	0	0	0	0	0	0	0	0	0	0	4.938315	4.300073	4.285816	4.288667	2.278169	21.000000	25.000000	99.640594	99.304680	99.379326	0	0	1	1	150	1150930
1709	0	0	0	0	0	0	0	0	0	0	0	0	0	0	0	4.936703	4.297222	4.287241	4.290093	2.275751	21.000000	25.000000	99.714684	99.415993	99.453339	0	0	1	1	150	1164659
1710	0	1	1	0	0	0	0	0	0	0	0	0	0	0	0	4.941538	4.304350	4.291519	4.290093	2.278169	21.000000	25.000000	99.604462	99.306068	98.970383	0	0	1	1	150	1151033
1711	0	1	0	0	0	0	0	0	0	0	0	0	0	0	0	4.938315	4.302925	4.290093	4.290093	2.277363	21.000000	25.000000	99.752571	99.342010	99.453979	0	0	1	1	150	1150975
1712	0	2	0	0	0	0	0	0	0	0	0	0	0	0	0	4.938315	4.301499	4.288667	4.291519	2.277363	21.000000	25.000000	99.715248	99.342010	99.416656	0	0	1	1	150	1166573
1713	1	1	2	1	0	0	0	0	0	1	0	0	0	0	0	4.941538	4.298647	4.288667	4.290093	2.278169	21.000000	25.000000	99.567169	99.343376	99.231468	0	0	1	1	150	1150965
1715	1	3	1	0	0	0	0	0	0	0	0	0	0	0	0	4.941538	4.301499	4.287241	4.288667	2.277363	21.000000	25.000000	99.604462	99.231468	99.343376	0	0	1	1	150	1150977
1716	0	1	0	0	0	0	0	0	0	0	0	0	0	0	0	4.939927	4.301499	4.288667	4.288667	2.277363	21.000000	25.000000	99.603874	99.230751	99.342690	0	0	1	1	150	1151365
1717	0	2	0	1	0	0	0	0	0	0	0	0	0	0	0	4.939927	4.301499	4.288667	4.288667	2.277363	21.000000	25.000000	99.641174	99.342690	99.342690	0	0	1	1	150	1164663
1718	5	0	1	1	0	1	0	0	0	0	0	0	0	0	0	4.939927	4.301499	4.288667	4.288667	2.277363	21.000000	25.000000	99.641174	99.342690	99.342690	0	0	1	1	150	1151026
1719	2	3	0	0	0	0	0	0	0	0	0	0	0	0	0	4.941538	4.300073	4.272984	4.295796	2.277363	21.000000	25.000000	99.492569	99.268776	99.268776	0	0	1	1	150	1150974
1721	0	2	0	1	0	0	0	0	1	0	0	0	0	0	0	4.939927	4.302925	4.290093	4.290093	2.277363	21.000000	25.000000	99.268059	99.603874	99.230751	0	0	1	1	150	1164585
1722	0	0	0	0	0	0	0	0	0	0	0	0	0	0	0	4.941538	4.301499	4.290093	4.287241	2.277363	21.000000	25.000000	99.604462	99.306068	99.231468	0	0	1	1	150	1151021
1723	1	1	0	1	0	0	0	0	0	0	0	0	0	0	0	4.938315	4.302925	4.290093	4.292944	2.275751	21.000000	25.000000	99.715248	99.379326	99.416656	0	0	1	1	150	1150965
1724	1	1	1	0	0	0	0	0	0	0	0	0	0	0	0	4.939927	4.301499	4.288667	4.290093	2.275751	21.000000	25.000000	99.566551	99.268059	99.268059	0	0	1	1	150	1152835
1725	2	1	2	2	0	1	1	0	0	1	0	0	1	0	0	4.941538	4.301499	4.287241	4.288667	2.277363	21.000000	25.000000	99.567169	99.194176	99.231468	0	0	1	1	150	1164587
1727	1	0	1	1	0	0	0	0	0	0	0	0	0	0	0	4.939927	4.300073	4.287241	4.288667	2.277363	21.000000	25.000000	99.603874	99.268059	99.268059	0	0	1	1	150	1151060
1728	2	0	0	1	0	0	0	0	0	0	0	0	0	0	0	4.939927	4.300073	4.285816	4.288667	2.275751	21.000000	25.000000	99.603874	99.342690	99.268059	0	0	1	1	150	1150814
1729	1	1	3	2	0	0	0	1	0	0	0	0	0	0	0	4.939927	4.301499	4.288667	4.287241	2.275751	21.000000	25.000000	99.678497	99.305382	99.342690	0	0	1	1	150	1164826
1730	2	1	0	2	0	0	0	0	0	0	0	0	0	0	0	4.939927	4.300073	4.288667	4.288667	2.275751	21.000000	25.000000	99.603874	99.305382	99.305382	0	0	1	1	150	1150966
1731	0	2	1	0	0	0	0	0	0	0	0	0	0	0	0	4.939927	4.300073	4.288667	4.288667	2.275751	21.000000	25.000000	99.641174	99.380005	99.380005	0	0	1	1	150	1150948
1732	2	1	1	1	0	0	0	0	1	0	0	0	0	0	0	4.939927	4.301499	4.288667	4.288667	2.276557	21.000000	25.000000	99.641174	99.342690	99.268059	0	0	1	1	150	1164951
1734	1	1	3	2	0	0	0	0	1	0	0	0	0	0	0	4.939927	4.298647	4.290093	4.288667	2.276557	21.000000	25.000000	99.603874	99.268059	99.268059	0	0	1	1	150	1150965
1735	1	0	1	0	0	0	0	0	0	0	0	0	0	0	0	4.938315	4.302925	4.291519	4.291519	2.274945	21.000000	25.000000	99.715248	99.416656	99.416656	0	0	1	1	150	1150969
1736	1	0	1	1	0	0	1	0	0	0	0	0	0	0	0	4.938315	4.300073	4.288667	4.288667	2.276557	21.000000	25.000000	99.640594	99.379326	99.304680	0	0	1	1	150	1152969
1737	1	1	1	1	0	0	0	0	0	0	0	0	0	0	0	4.943151	4.301499	4.288667	4.288667	2.276557	21.000000	25.000000	99.530479	99.232185	99.194893	0	0	1	1	150	1164655
1738	1	0	0	0	0	0	0	0	0	0	0	0	0	0	0	4.939927	4.300073	4.288667	4.288667	2.275751	21.000000	25.000000	99.603874	99.342690	99.268059	0	0	1	1	150	1151775
1740	0	2	0	0	0	0	0	0	0	0	0	0	0	0	0	4.939927	4.300073	4.290093	4.287241	2.275751	21.000000	25.000000	99.603874	99.268059	99.268059	0	0	1	1	150	1151722
1741	1	3	0	2	0	0	0	0	2	0	0	0	0	0	0	4.936703	4.302925	4.291519	4.292944	2.274945	21.000000	25.000000	99.714684	99.490669	99.453339	0	0	0	1	150	1164657
1742	2	2	0	1	0	0	0	0	0	0	0	0	0	0	0	4.939927	4.301499	4.288667	4.288667	2.275751	21.000000	25.000000	99.678497	99.342690	99.342690	0	0	0	1	150	1151666
1743	2	2	0	0	0	0	0	0	0	0	0	0	0	0	0	4.941538	4.300073	4.288667	4.288667	2.275751	21.000000	25.000000	99.567169	99.306068	99.306068	0	0	0	1	150	1151613
1744	0	0	0	0	0	0	0	0	0	0	0	0	0	0	0	4.939927	4.300073	4.288667	4.288667	2.274945	21.000000	25.000000	99.603874	99.305382	99.268059	0	0	0	1	150	1151036
1746	2	1	1	1	0	0	0	0	0	0	0	0	0	0	0	4.941538	4.300073	4.288667	4.288667	2.275751	21.000000	25.000000	99.567169	99.306068	99.306068	0	0	0	1	150	1183860
1747	0	1	2	3	0	0	0	1	1	1	0	0	0	1	0	4.936703	4.305777	4.294370	4.294370	2.274139	21.000000	25.000000	99.789345	99.565331	99.490669	0	0	0	1	150	1151600
1748	2	2	0	0	0	0	0	0	0	0	0	0	0	0	0	4.941538	4.300073	4.287241	4.288667	2.275751	21.000000	25.000000	99.529861	99.306068	99.268776	0	0	0	1	150	1152613
1749	1	0	0	0	0	0	0	0	0	0	0	0	0	0	0	4.939927	4.300073	4.290093	4.288667	2.275751	21.000000	25.000000	99.641174	99.342690	99.305382	0	0	0	1	150	1164657
1750	0	0	0	1	0	0	0	0	0	0	0	0	0	0	0	4.941538	4.300073	4.288667	4.288667	2.275751	21.000000	25.000000	99.567169	99.306068	99.343376	0	0	0	1	150	1151416
1752	1	2	0	1	0	0	0	0	1	0	0	0	0	0	0	4.939927	4.301499	4.288667	4.287241	2.274945	21.000000	25.000000	99.603874	99.268059	99.305382	0	0	0	1	150	1151036
1753	1	0	1	1	0	0	0	0	0	0	0	0	0	0	0	4.938315	4.302925	4.291519	4.291519	2.274139	21.000000	25.000000	99.715248	99.416656	99.379326	0	0	1	1	150	1151678
1754	1	0	1	1	0	0	0	0	0	0	0	0	0	0	0	4.939927	4.300073	4.288667	4.290093	2.274945	21.000000	25.000000	99.603874	99.342690	99.305382	0	0	1	1	150	1164658
1755	0	0	0	2	0	0	0	0	0	0	0	0	0	0	0	4.939927	4.304350	4.290093	4.290093	2.275751	21.000000	25.000000	99.641174	99.342690	99.342690	0	0	1	1	150	1151691
1756	1	0	2	0	0	1	0	0	0	0	0	0	0	0	0	4.939927	4.300073	4.290093	4.287241	2.275751	21.000000	25.000000	99.603874	99.342690	99.305382	0	0	1	1	150	1151041
1758	0	1	1	0	0	0	0	0	0	0	0	0	0	0	0	4.939927	4.304350	4.290093	4.288667	2.274139	21.000000	25.000000	99.678497	99.268059	99.268059	0	0	1	1	150	1164948
1759	1	0	0	1	0	0	0	0	0	0	0	0	0	0	0	4.939927	4.304350	4.291519	4.291519	2.274139	21.000000	25.000000	99.753120	99.417313	99.417313	0	0	1	1	150	1151543
1760	0	2	0	2	0	0	0	0	0	0	0	0	0	0	0	4.941538	4.301499	4.288667	4.288667	2.274945	21.000000	25.000000	99.604462	99.306068	99.306068	0	0	1	1	150	1152186
1761	1	0	0	0	0	0	0	0	0	0	0	0	0	0	0	4.941538	4.300073	4.288667	4.288667	2.274945	21.000000	25.000000	99.567169	99.306068	99.231468	0	0	1	1	150	1164719
1762	0	0	0	1	0	0	0	0	0	0	0	0	0	0	0	4.939927	4.301499	4.290093	4.290093	2.274139	21.000000	25.000000	99.603874	99.268059	99.268059	0	0	1	1	150	1151522
1763	0	0	2	1	0	0	0	0	0	0	0	0	0	0	0	4.938315	4.301499	4.287241	4.287241	2.274139	21.000000	25.000000	99.603264	99.342010	99.304680	0	0	1	1	150	1151040
1765	0	2	1	3	0	0	0	0	0	0	0	0	0	0	0	4.941538	4.298647	4.290093	4.287241	2.274945	21.000000	25.000000	99.567169	99.231468	98.933075	0	0	1	1	150	1150973
1766	1	0	0	1	0	0	0	0	0	0	0	0	0	0	0	4.939927	4.302925	4.288667	4.288667	2.274139	21.000000	25.000000	99.678497	99.342690	99.342690	0	0	1	1	150	1165214
1767	0	0	0	2	0	0	0	0	0	0	0	0	0	0	0	4.941538	4.304350	4.288667	4.287241	2.273333	21.000000	25.000000	99.641769	99.306068	99.231468	0	0	1	1	150	1151600
1768	0	1	1	0	0	0	0	0	0	0	0	0	0	0	0	4.936703	4.314331	4.274410	4.288667	2.272527	21.000000	25.000000	99.714684	99.453339	99.415993	0	0	1	1	150	1151036
1769	2	0	0	0	0	0	0	0	0	0	0	0	0	0	0	4.935091	4.305777	4.285816	4.287241	2.274139	21.000000	25.000000	99.751472	99.377983	99.377983	0	0	0	1	150	1164588
1771	2	1	0	0	0	0	0	0	0	0	0	0	0	0	0	4.939927	4.305777	4.292944	4.291519	2.272527	21.000000	25.000000	99.790428	99.454628	99.417313	0	0	0	1	150	1150996
1772	0	1	0	2	0	0	0	0	0	0	0	0	0	0	0	4.939927	4.301499	4.285816	4.288667	2.273333	21.000000	25.000000	99.678497	99.268059	99.342690	0	0	0	1	150	1152946
1773	0	0	0	1	0	0	0	0	0	0	0	0	0	0	0	4.938315	4.304350	4.290093	4.290093	2.273333	21.000000	25.000000	99.789902	99.416656	99.379326	0	0	0	1	150	1151634
1774	0	2	0	1	0	0	0	0	0	0	0	0	0	0	0	4.939927	4.304350	4.287241	4.288667	2.274139	21.000000	25.000000	99.715805	99.268059	99.342690	0	0	0	1	150	1164689
1775	0	2	2	2	0	0	0	0	1	0	0	0	0	0	0	4.939927	4.302925	4.285816	4.288667	2.274139	21.000000	25.000000	99.678497	99.268059	99.305382	0	0	0	1	150	1151026
1777	2	2	1	1	0	0	0	0	0	0	0	0	0	0	0	4.941538	4.301499	4.288667	4.287241	2.271722	21.000000	25.000000	99.679062	99.306068	99.343376	0	0	1	1	150	1150978
1778	0	0	1	1	0	0	0	0	0	0	0	0	0	0	0	4.939927	4.302925	4.285816	4.288667	2.273333	21.000000	25.000000	99.678497	99.268059	99.380005	0	0	1	1	150	1164591
1779	0	0	1	1	0	0	0	0	0	0	0	0	0	0	0	4.939927	4.302925	4.285816	4.287241	2.273333	21.000000	25.000000	99.678497	99.268059	99.342690	0	0	1	1	150	1151031
1780	0	1	1	1	0	0	0	0	0	0	0	0	0	0	0	4.941538	4.290093	4.280113	4.290093	2.272527	21.000000	25.000000	99.604462	99.194176	99.231468	0	0	1	1	150	1150977
1781	2	1	0	1	0	0	0	0	0	0	0	0	0	0	0	4.939927	4.304350	4.287241	4.287241	2.273333	21.000000	25.000000	99.678497	99.230751	99.268059	0	0	1	1	150	1165052
1783	3	1	0	2	0	0	1	0	0	0	0	0	0	0	0	4.938315	4.304350	4.290093	4.292944	2.271722	21.000000	25.000000	99.752571	99.379326	99.453979	0	0	1	1	150	1150966
1784	0	0	0	2	0	0	0	0	0	0	0	0	0	0	0	4.939927	4.288667	4.275836	4.288667	2.272527	21.000000	25.000000	99.678497	99.268059	99.268059	0	0	1	1	150	1152228
1785	0	1	1	1	0	0	0	0	0	1	0	0	0	0	0	4.938315	4.302925	4.285816	4.288667	2.272527	21.000000	25.000000	99.677917	99.304680	99.304680	0	0	1	1	150	1150975
1786	0	1	0	0	0	0	0	0	0	0	0	0	0	0	0	4.939927	4.301499	4.287241	4.288667	2.273333	21.000000	25.000000	99.678497	99.268059	99.305382	0	0	1	1	150	1164427
1787	2	1	1	0	0	0	0	0	0	0	0	0	0	0	0	4.939927	4.302925	4.285816	4.288667	2.272527	21.000000	25.000000	99.641174	99.268059	99.342690	0	0	1	1	150	1151543
1789	0	1	0	0	0	0	0	0	0	0	0	0	0	0	0	4.939927	4.302925	4.285816	4.288667	2.272527	21.000000	25.000000	99.678497	99.268059	99.305382	0	0	1	1	150	1151036
1790	1	1	0	2	0	0	0	0	0	0	0	0	0	0	0	4.943151	4.290093	4.295796	4.284390	2.272527	21.000000	25.000000	99.567757	99.157608	99.194893	0	0	1	1	150	1164584
1791	1	2	1	1	0	0	0	0	1	0	0	0	0	0	0	4.935091	4.288667	4.272984	4.277261	2.269304	21.000000	25.000000	100.012917	99.303299	99.452682	0	0	1	1	150	1151036
1792	2	3	0	0	0	0	0	0	0	0	0	0	0	0	0	4.941538	4.301499	4.285816	4.288667	2.272527	21.000000	25.000000	99.604462	99.231468	99.306068	0	0	1	1	151	1150981
1793	2	0	0	1	0	0	0	0	0	0	0	0	0	0	0	4.941538	4.301499	4.288667	4.288667	2.271722	21.000000	25.000000	99.641769	99.231468	99.306068	0	0	1	1	150	1151029
1795	0	0	0	1	0	0	0	0	0	0	0	0	0	0	0	4.938315	4.307202	4.290093	4.291519	2.270916	21.000000	25.000000	99.789902	99.379326	99.416656	0	0	1	1	150	1175047
1796	2	1	1	0	0	0	0	0	0	0	0	0	0	0	0	4.939927	4.305777	4.288667	4.288667	2.272527	21.000000	25.000000	99.641174	99.268059	99.268059	0	0	1	1	150	1152890
1797	1	0	2	0	0	0	0	0	0	0	0	0	0	0	0	4.939927	4.302925	4.290093	4.288667	2.272527	21.000000	25.000000	99.678497	99.268059	99.342690	0	0	1	1	150	1151691
1798	0	1	1	1	0	0	0	0	0	0	0	0	0	0	0	4.939927	4.302925	4.287241	4.288667	2.271722	21.000000	25.000000	99.641174	99.230751	99.268059	0	0	1	1	150	1164651
1799	0	1	2	0	0	0	0	0	0	0	0	0	0	0	0	4.939927	4.298647	4.285816	4.288667	2.271722	21.000000	25.000000	99.678497	99.268059	99.342690	0	0	1	1	150	1151021
1801	0	0	2	0	0	0	0	0	0	0	0	0	0	0	0	4.939927	4.302925	4.285816	4.287241	2.271722	21.000000	25.000000	99.678497	99.268059	99.006889	0	0	1	1	150	1150978
1802	2	1	0	1	0	0	0	0	1	0	0	0	0	0	0	4.939927	4.302925	4.285816	4.288667	2.271722	21.000000	25.000000	99.678497	99.268059	99.305382	0	0	1	1	150	1165344
1803	0	0	0	0	0	0	0	0	0	0	0	0	0	0	0	4.941538	4.301499	4.287241	4.288667	2.271722	21.000000	25.000000	99.641769	99.231468	99.268776	0	0	1	1	150	1151522
1804	1	0	0	0	0	0	0	0	0	0	0	0	0	0	0	4.939927	4.301499	4.285816	4.288667	2.271722	21.000000	25.000000	99.715805	99.268059	99.342690	0	0	1	1	150	1151040
1805	0	0	1	1	0	0	0	0	0	0	0	0	0	0	0	4.941538	4.304350	4.284390	4.287241	2.271722	21.000000	25.000000	99.679062	99.231468	99.194176	0	0	1	1	150	1150978
1807	0	0	1	0	0	0	0	0	0	0	0	0	0	0	0	4.936703	4.315757	4.284390	4.290093	2.270916	21.000000	25.000000	99.864029	99.415993	99.490669	0	0	1	1	150	1176702
1808	1	4	0	2	0	0	0	0	0	0	0	0	0	0	0	4.939927	4.312905	4.281538	4.287241	2.270916	21.000000	25.000000	99.678497	99.268059	99.305382	0	0	1	1	150	1152212
1809	1	1	0	0	0	0	0	0	0	0	0	0	0	0	0	4.939927	4.302925	4.285816	4.291519	2.271722	21.000000	25.000000	99.715805	99.268059	99.305382	0	0	1	1	150	1151040
1810	1	4	2	3	0	1	0	1	1	0	0	0	0	0	0	4.941538	4.302925	4.288667	4.290093	2.271722	21.000000	25.000000	99.604462	99.194176	99.231468	0	0	1	1	150	1164590
1811	0	1	0	0	0	0	0	0	0	0	0	0	0	0	0	4.939927	4.302925	4.288667	4.288667	2.270916	21.000000	25.000000	99.641174	99.156143	99.305382	0	0	1	1	150	1151400
1812	0	1	1	1	0	0	0	0	0	0	0	0	0	0	0	4.939927	4.302925	4.285816	4.287241	2.270110	21.000000	25.000000	99.678497	99.230751	99.342690	0	0	1	1	150	1151342
1814	1	1	0	0	0	0	0	0	0	0	0	0	0	0	0	4.939927	4.302925	4.287241	4.288667	2.270916	21.000000	25.000000	99.641174	99.268059	99.268059	0	0	1	1	150	1151036
1815	2	0	0	1	0	0	0	0	0	0	0	0	0	0	0	4.939927	4.304350	4.288667	4.291519	2.270110	21.000000	25.000000	99.753120	99.342690	99.380005	0	0	1	1	150	1164697
1816	0	1	1	0	0	0	0	0	0	0	0	0	0	0	0	4.939927	4.304350	4.287241	4.288667	2.270110	21.000000	25.000000	99.678497	99.230751	99.305382	0	0	1	1	150	1151561
1817	2	0	3	0	0	0	0	0	0	0	0	0	0	0	0	4.941538	4.302925	4.285816	4.288667	2.270916	21.000000	25.000000	99.641769	99.194176	99.268776	0	0	1	1	150	1151509
1818	1	1	2	2	0	1	0	0	0	0	0	0	0	0	0	4.939927	4.305777	4.290093	4.291519	2.270916	21.000000	25.000000	99.753120	99.342690	99.417313	0	0	1	1	150	1164648
1820	0	0	1	0	0	0	0	0	0	0	0	0	0	0	0	4.939927	4.302925	4.285816	4.288667	2.270110	21.000000	25.000000	99.715805	99.268059	99.268059	0	0	1	1	150	1152167
1821	0	1	2	0	0	0	0	0	0	0	0	0	0	0	0	4.939927	4.304350	4.287241	4.290093	2.270916	21.000000	25.000000	99.753120	99.268059	99.342690	0	0	1	1	150	1151730
1822	1	0	1	0	0	0	0	0	0	0	0	0	0	0	0	4.939927	4.302925	4.287241	4.288667	2.270110	21.000000	25.000000	99.678497	99.230751	99.268059	0	0	1	1	150	1151733
1823	1	1	0	0	0	0	0	0	0	0	0	0	0	0	0	4.939927	4.304350	4.285816	4.288667	2.270110	21.000000	25.000000	99.678497	99.342690	99.342690	0	0	0	1	150	1164648
1824	1	1	2	3	0	0	0	0	1	0	0	0	0	0	0	4.938315	4.311480	4.284390	4.287241	2.270110	21.000000	25.000000	99.715248	99.304680	99.342010	0	0	1	1	150	1151034
1826	1	2	0	3	0	0	0	0	1	0	0	0	0	0	0	4.939927	4.312905	4.285816	4.285816	2.270110	21.000000	25.000000	99.641174	99.230751	99.305382	0	0	1	1	150	1151008
1827	0	0	2	1	0	0	0	0	0	0	0	0	0	0	0	4.939927	4.301499	4.285816	4.288667	2.270110	21.000000	24.500000	99.641174	99.268059	99.342690	0	0	1	1	150	1165011
1828	0	1	3	2	0	0	0	0	0	0	0	0	0	0	0	4.938315	4.301499	4.287241	4.290093	2.270110	21.000000	25.000000	99.715248	99.304680	99.379326	0	0	1	1	150	1151543
1829	0	2	0	1	0	0	0	0	0	0	0	0	0	0	0	4.939927	4.302925	4.287241	4.288667	2.270916	21.000000	24.500000	99.641174	99.230751	99.268059	0	0	1	1	150	1151040
1830	1	1	0	2	0	0	0	0	0	0	0	0	0	0	0	4.936703	4.304350	4.288667	4.291519	2.269304	21.000000	25.000000	99.864029	99.415993	99.490669	0	0	1	1	150	1164694
1832	0	0	0	0	0	0	0	0	0	0	0	0	0	0	0	4.939927	4.305777	4.287241	4.290093	2.270916	21.000000	24.500000	99.678497	99.230751	99.342690	0	0	1	1	150	1152837
1833	2	0	2	0	0	0	0	0	0	0	0	0	0	0	0	4.939927	4.302925	4.287241	4.288667	2.270110	21.000000	25.000000	99.678497	99.230751	99.268059	0	0	1	1	150	1151535
1834	0	1	1	0	0	0	0	0	0	0	0	0	0	0	0	4.939927	4.302925	4.287241	4.288667	2.269304	21.000000	25.000000	99.641174	99.268059	99.342690	0	0	1	1	150	1151041
1835	0	0	2	1	0	0	0	0	0	0	0	0	0	0	0	4.939927	4.302925	4.287241	4.290093	2.269304	21.000000	25.000000	99.641174	99.268059	99.268059	0	0	1	1	150	1164593
1836	0	1	1	0	0	0	0	0	0	0	0	0	0	0	0	4.939927	4.301499	4.285816	4.288667	2.269304	21.000000	24.500000	99.678497	99.268059	99.305382	0	0	1	1	150	1150853
1837	2	1	0	1	0	0	0	0	0	0	0	0	0	0	0	4.941538	4.304350	4.287241	4.290093	2.269304	21.000000	25.000000	99.679062	99.231468	99.306068	0	0	1	1	150	1151800
1839	0	1	1	0	0	0	0	1	0	0	0	0	0	0	0	4.939927	4.302925	4.287241	4.288667	2.269304	21.000000	24.500000	99.641174	99.230751	99.268059	0	0	1	1	150	1164656
1840	4	1	1	1	0	1	0	0	0	0	0	0	0	0	0	4.941538	4.304350	4.274410	4.297222	2.269304	21.000000	24.500000	99.529861	99.194176	99.231468	0	0	1	1	150	1151029
1841	0	0	0	1	0	0	0	0	0	0	0	0	0	0	0	4.939927	4.300073	4.287241	4.288667	2.270110	21.000000	24.500000	99.603874	99.268059	99.268059	1	0	1	1	150	1183957
1842	0	0	0	0	0	0	0	0	0	0	0	0	0	0	0	4.939927	4.304350	4.290093	4.291519	2.269304	21.000000	25.000000	99.715805	99.342690	99.380005	1	0	1	1	150	1151762
1844	0	0	0	0	0	0	0	0	0	0	0	0	0	0	0	4.939927	4.302925	4.287241	4.288667	2.268498	21.000000	24.500000	99.641174	99.230751	99.268059	1	0	0	1	150	1175025
1845	0	0	0	0	0	0	0	0	0	0	0	0	0	0	0	4.939927	4.301499	4.285816	4.288667	2.269304	21.000000	25.000000	99.603874	99.268059	99.342690	1	0	0	1	150	1151026
1846	0	0	0	0	0	0	0	0	0	0	0	0	0	0	0	4.939927	4.302925	4.285816	4.288667	2.269304	21.000000	24.500000	99.678497	99.268059	99.342690	1	0	0	1	150	1151689
1847	0	0	0	0	0	0	0	0	0	0	0	0	0	0	0	4.938315	4.301499	4.285816	4.288667	2.269304	21.000000	25.000000	99.603264	99.304680	99.304680	1	0	0	1	150	1164653
1848	0	0	0	0	0	0	0	0	0	0	0	0	0	0	0	4.935091	4.287241	4.288667	4.285816	2.266886	21.000000	24.500000	99.751472	99.377983	99.377983	1	0	1	1	150	1151031
1849	0	0	0	0	0	0	0	0	0	0	0	0	0	0	0	4.939927	4.301499	4.287241	4.290093	2.268498	21.000000	24.500000	99.715805	99.268059	99.342690	1	0	1	1	150	1150977
1851	0	0	0	0	0	0	0	0	0	0	0	0	0	0	0	4.939927	4.300073	4.285816	4.288667	2.269304	21.000000	24.500000	99.566551	99.268059	99.305382	1	0	1	1	150	1165303
1852	0	0	0	0	0	0	0	0	0	0	0	0	0	0	0	4.941538	4.301499	4.285816	4.288667	2.268498	21.000000	24.500000	99.567169	99.231468	99.306068	1	0	1	1	150	1151584
1853	0	0	0	0	0	0	0	0	0	0	0	0	0	0	0	4.941538	4.300073	4.287241	4.288667	2.269304	21.000000	24.500000	99.567169	99.231468	99.231468	1	0	1	1	150	1151040
1854	0	0	0	0	0	0	0	0	0	0	0	0	0	0	0	4.936703	4.302925	4.281538	4.281538	2.266081	21.000000	24.500000	99.640007	99.415993	99.490669	1	0	1	1	150	1150979
1855	0	0	0	0	0	0	0	0	0	0	0	0	0	0	0	4.941538	4.301499	4.287241	4.278687	2.266886	20.750000	24.500000	99.790970	99.119583	99.231468	1	0	1	1	150	1165841
1857	0	1	0	1	0	0	0	0	0	0	0	0	0	0	0	4.939927	4.300073	4.285816	4.287241	2.268498	21.000000	24.500000	99.603874	99.268059	99.342690	0	0	1	1	150	1167423
1858	0	0	1	3	0	0	0	0	0	0	0	0	0	0	0	4.941538	4.300073	4.287241	4.288667	2.269304	21.000000	24.500000	99.604462	99.231468	99.268776	0	0	1	1	150	1151751
1859	0	3	0	0	0	0	0	0	0	0	0	0	0	0	0	4.935091	4.302925	4.288667	4.290093	2.267692	21.000000	24.500000	99.788811	99.377983	99.452682	0	0	1	1	150	1164678
1860	0	1	1	1	0	0	0	0	0	0	0	0	0	0	0	4.939927	4.302925	4.287241	4.280113	2.266886	20.750000	24.500000	99.603874	99.268059	99.342690	0	0	1	1	150	1151030
1861	0	0	1	0	0	0	0	0	0	0	0	0	0	0	0	4.941538	4.300073	4.285816	4.277261	2.266886	20.750000	24.500000	99.529861	99.156868	99.268776	0	0	1	1	150	1151089
1863	3	1	2	2	0	1	1	1	0	0	0	0	0	0	0	4.947986	4.288667	4.288667	4.284390	2.269304	20.750000	24.500000	99.457840	99.085327	99.122581	0	0	1	1	150	1151092
1864	1	1	1	0	0	0	0	0	0	0	0	0	0	0	0	4.939927	4.300073	4.284390	4.288667	2.267692	21.000000	24.500000	99.641174	99.268059	99.342690	0	0	1	1	150	1165030
1865	0	1	2	3	0	0	0	0	0	0	0	0	0	0	0	4.939927	4.301499	4.285816	4.287241	2.269304	21.000000	24.500000	99.603874	99.230751	99.268059	0	0	1	1	150	1151065
1866	3	0	0	0	0	0	0	0	0	0	0	0	0	0	0	4.941538	4.301499	4.291519	4.288667	2.266081	20.750000	24.500000	99.679062	99.306068	99.343376	0	0	1	1	150	1150973
1867	1	0	0	1	0	0	0	0	0	0	0	0	0	0	0	4.939927	4.300073	4.285816	4.288667	2.267692	21.000000	24.500000	99.641174	99.268059	99.268059	0	0	1	1	150	1166210
1869	0	0	1	1	0	0	0	0	0	0	0	0	0	0	0	4.939927	4.300073	4.285816	4.288667	2.267692	21.000000	24.500000	99.641174	99.268059	99.342690	0	0	1	1	150	1151060
1870	1	1	1	1	0	0	0	0	0	0	0	0	0	0	0	4.939927	4.300073	4.288667	4.288667	2.267692	21.000000	24.500000	99.603874	99.268059	99.268059	0	0	0	1	150	1183953
1871	2	1	0	0	0	0	0	0	0	0	0	0	0	0	0	4.941538	4.302925	4.290093	4.285816	2.266886	20.750000	24.500000	99.567169	99.194176	99.268776	0	0	0	1	150	1150850
1872	1	0	2	1	0	1	0	0	0	0	0	0	0	0	0	4.939927	4.301499	4.287241	4.290093	2.267692	21.000000	24.500000	99.566551	99.268059	99.268059	0	0	0	1	150	1165022
1873	1	1	0	0	0	0	0	0	0	0	0	0	0	0	0	4.939927	4.300073	4.287241	4.288667	2.267692	21.000000	24.500000	99.603874	99.268059	99.342690	0	0	0	1	150	1151512
1875	1	4	2	0	0	0	0	1	0	0	0	0	0	0	0	4.936703	4.302925	4.288667	4.292944	2.266081	21.000000	24.500000	99.752022	99.415993	99.490669	0	0	0	1	150	1151629
1876	1	0	2	1	0	0	0	0	0	0	0	0	0	0	0	4.941538	4.300073	4.285816	4.288667	2.266886	20.750000	24.500000	99.567169	99.231468	99.231468	0	0	0	1	150	1164671
1877	0	0	2	0	0	0	0	0	0	0	0	0	0	0	0	4.939927	4.300073	4.288667	4.288667	2.266886	20.750000	24.500000	99.603874	99.268059	99.268059	0	0	0	1	150	1167244
1878	0	1	1	0	0	0	0	0	0	0	0	0	0	0	0	4.938315	4.304350	4.288667	4.290093	2.266886	21.000000	24.500000	99.677917	99.342010	99.453979	0	0	0	1	150	1151061
1879	0	2	1	2	0	0	0	0	1	0	0	0	0	0	0	4.939927	4.301499	4.285816	4.288667	2.266886	20.750000	24.500000	99.603874	99.268059	99.305382	0	0	1	1	150	1165841
1881	0	1	0	0	0	0	0	0	0	0	0	0	0	0	0	4.941538	4.300073	4.287241	4.288667	2.267692	20.750000	24.500000	99.604462	99.231468	99.306068	0	0	1	1	150	1151441
1888	0	3	0	0	0	0	0	0	0	0	0	0	0	0	0	4.939927	4.301499	4.288667	4.291519	2.266886	20.750000	24.500000	99.603874	99.268059	99.380005	0	0	1	1	-1	1167433
1889	0	0	0	1	0	0	0	0	0	0	0	0	0	0	0	4.939927	4.301499	4.290093	4.288667	2.266886	20.750000	24.500000	99.603874	99.305382	99.268059	0	0	1	1	149	1151069
1890	1	1	0	1	0	0	0	0	0	0	0	0	0	0	0	4.935091	4.304350	4.295796	4.295796	2.264469	20.750000	24.500000	99.826157	99.564728	99.527382	0	0	1	1	150	1164599
1891	1	0	0	1	0	0	0	0	0	0	0	0	0	0	0	4.941538	4.304350	4.290093	4.290093	2.266886	20.750000	24.500000	99.567169	99.231468	99.306068	0	0	1	1	150	1152171
1893	2	0	1	0	0	1	0	0	0	0	0	0	0	0	0	4.939927	4.300073	4.288667	4.288667	2.265275	20.750000	24.500000	99.603874	99.380005	99.268059	0	0	1	1	150	1150881
1894	2	0	1	1	0	0	0	0	0	0	0	0	0	0	0	4.941538	4.301499	4.287241	4.290093	2.266886	20.750000	24.500000	99.567169	99.231468	99.268776	0	0	1	1	150	1164722
1895	1	1	0	2	0	0	0	0	0	0	0	0	0	0	0	4.941538	4.298647	4.285816	4.288667	2.266081	20.750000	24.500000	99.567169	99.306068	99.082275	0	0	1	1	150	1151028
1896	2	1	0	0	0	0	0	0	0	0	0	0	0	0	0	4.941538	4.300073	4.285816	4.288667	2.265275	20.750000	24.500000	99.567169	99.231468	99.156868	0	0	1	1	150	1151214
1897	1	2	3	1	