time	cnt1	cnt2	cnt3	cnt4	1&2	1&3	1&4	2&3	2&4	3&4	1&2&3	1&2&4	1&3&4	2&3&4	1&2&3&4	adcr	adcp1	adcp2	adcp3	adcntc	ntcT	digT	p1	p2	p3	hvstate	pbsstate	ethstate	listpbs	sdstate	looptime
1444481482	31	37	45	35	4	5	3	7	7	10	1	1	2	3	1	4.939927	0.527529	0.527529	0.523252	2.025934	16.000000	18.500000	0.877631	0.877631	0.728385	0	0	1	1	157	1167437
1444481484	24	31	28	26	4	1	1	1	1	5	0	1	0	0	0	4.943151	0.527529	0.527529	0.527529	2.025128	16.000000	18.500000	0.868628	0.868628	0.794054	0	0	1	1	158	1219682
1444481485	33	27	34	30	3	1	2	5	5	4	0	1	0	0	0	4.939927	0.527529	0.526103	0.523252	2.024323	16.000000	18.500000	0.840319	0.877631	0.803008	0	0	1	1	157	1167439
1444481486	39	33	30	37	3	1	5	0	3	6	0	0	1	0	0	4.939927	0.526103	0.526103	0.524677	2.025128	16.000000	18.500000	0.877631	0.840319	0.765698	0	0	1	1	157	1201570
1444481487	38	43	29	31	5	1	3	2	5	5	0	0	0	0	0	4.939927	0.521826	0.520400	0.531806	2.025128	16.000000	18.500000	0.877631	0.840319	0.803008	0	0	1	1	157	1167437
1444481488	27	41	36	35	2	1	2	4	8	6	0	0	1	1	0	4.941538	0.527529	0.526103	0.524677	2.025934	16.000000	18.500000	0.873128	0.723931	0.798530	0	0	1	1	157	1167451
1444481490	40	38	37	37	7	1	6	3	1	6	0	0	0	0	0	4.938315	0.528955	0.530380	0.526103	2.025128	16.000000	18.500000	0.882137	0.919461	0.807490	0	0	1	1	157	1170148
1444481491	32	32	30	33	0	2	2	4	1	3	0	0	0	0	0	4.941538	0.527529	0.524677	0.521826	2.025128	16.000000	18.500000	0.835829	0.835829	0.798530	0	0	1	1	157	1168592
1444481492	30	37	45	39	2	3	1	2	3	5	0	0	0	0	0	4.939927	0.526103	0.526103	0.524677	2.024323	16.000000	18.500000	0.877631	0.840319	0.840319	0	0	1	1	157	1167461
1444481493	40	44	26	21	4	2	0	3	1	0	0	0	0	0	0	4.939927	0.527529	0.526103	0.526103	2.025128	16.000000	18.500000	0.877631	0.803008	0.803008	0	0	1	1	157	1192853
1444481494	38	26	22	40	3	2	4	1	7	5	1	1	0	0	0	4.939927	0.527529	0.526103	0.524677	2.024323	16.000000	18.500000	0.877631	0.840319	0.765698	0	0	1	1	157	1167446
1444481496	33	34	34	35	2	0	3	1	3	5	0	0	0	0	0	4.935091	0.527529	0.526103	0.527529	2.023517	16.000000	18.500000	0.891157	0.853809	0.891157	0	0	1	1	157	1167461
1444481497	39	42	36	34	8	5	3	3	2	8	1	0	1	1	0	4.938315	0.526103	0.528955	0.526103	2.024323	16.000000	18.500000	0.844813	0.770166	0.882137	0	0	1	1	157	1164721
1444481498	28	33	32	41	3	1	3	1	5	4	0	0	0	0	0	4.939927	0.526103	0.528955	0.523252	2.024323	16.000000	18.500000	0.877631	0.914942	0.803008	0	0	1	1	157	1167447
1444481499	33	37	40	26	6	0	3	3	5	1	0	1	0	0	0	4.939927	0.527529	0.528955	0.523252	2.025128	16.000000	18.500000	0.877631	0.877631	0.840319	0	0	1	1	157	1167464
1444481500	33	40	35	41	3	1	7	1	5	1	0	1	1	0	0	4.936703	0.521826	0.526103	0.521826	2.022711	16.000000	18.500000	0.923981	0.849310	0.811974	0	0	1	1	157	1167461
1444481502	23	36	36	31	6	4	1	2	1	7	0	0	1	0	0	4.939927	0.528955	0.527529	0.523252	2.025128	16.000000	18.500000	0.728385	0.803008	0.765698	0	0	1	1	157	1164688
1444481503	36	30	34	36	4	5	3	3	3	5	0	0	1	1	0	4.939927	0.527529	0.527529	0.523252	2.025128	16.000000	18.500000	0.914942	0.877631	0.803008	0	0	1	1	157	1168687
1444481504	25	38	33	26	2	0	2	4	3	5	0	0	0	2	0	4.936703	0.527529	0.526103	0.524677	2.024323	16.000000	18.500000	0.886645	0.849310	0.811974	0	0	1	1	157	1167454
1444481505	36	28	29	33	3	5	4	1	2	5	0	1	1	0	0	4.939927	0.520400	0.526103	0.526103	2.025128	16.000000	18.500000	0.877631	0.914942	0.803008	0	0	1	1	157	1164693
1444481506	42	31	20	34	3	0	4	1	2	3	0	0	0	0	0	4.941538	0.528955	0.526103	0.523252	2.024323	16.000000	18.500000	0.873128	0.798530	0.761231	0	0	1	1	157	1167437
1444481508	33	45	33	26	6	3	2	2	3	4	0	1	0	0	0	4.939927	0.526103	0.526103	0.523252	2.024323	16.000000	18.500000	0.877631	0.840319	0.728385	0	0	1	1	157	1167451
1444481509	44	40	42	48	7	2	3	9	3	8	0	1	1	1	0	4.943151	0.526103	0.527529	0.526103	2.024323	16.000000	18.500000	0.868628	0.831341	0.794054	0	0	1	1	157	1164710
1444481510	38	33	36	34	5	3	2	2	3	6	0	0	0	1	0	4.941538	0.526103	0.527529	0.524677	2.023517	16.000000	18.500000	0.835829	0.835829	0.761231	0	0	1	1	157	1167434
1444481511	33	42	39	34	2	3	3	5	2	5	0	0	0	0	0	4.939927	0.527529	0.527529	0.521826	2.024323	16.000000	18.500000	0.877631	0.840319	0.803008	0	0	1	1	157	1167452
1444481512	41	31	34	42	2	3	0	0	3	4	0	0	0	0	0	4.939927	0.526103	0.524677	0.523252	2.023517	16.000000	18.500000	0.877631	0.840319	0.803008	0	0	1	1	157	1164700
1444481514	41	32	33	42	3	3	2	1	7	5	0	0	0	0	0	4.939927	0.531806	0.524677	0.523252	2.022711	15.750000	18.500000	0.877631	0.840319	0.803008	0	0	1	1	157	1167437
1444481515	33	43	29	42	5	1	3	3	6	7	1	0	0	1	0	4.939927	0.526103	0.526103	0.523252	2.024323	16.000000	18.500000	0.877631	0.877631	0.840319	0	0	1	1	157	1168607
1444481516	40	44	27	29	4	3	3	7	3	3	1	0	0	1	0	4.939927	0.527529	0.527529	0.524677	2.024323	16.000000	18.500000	0.840319	0.840319	0.840319	0	0	1	1	157	1167461
1444481517	40	37	31	38	4	5	5	1	6	5	0	0	3	1	0	4.938315	0.526103	0.526103	0.526103	2.024323	16.000000	18.500000	0.844813	0.844813	0.770166	0	0	1	1	157	1164695
1444481518	34	41	34	41	4	3	3	4	8	4	0	1	0	0	0	4.938315	0.526103	0.526103	0.523252	2.024323	16.000000	18.500000	0.882137	0.844813	0.770166	0	0	1	1	157	1167443
1444481520	31	34	41	43	3	1	2	3	4	3	0	1	0	0	0	4.941538	0.528955	0.528955	0.526103	2.025128	16.000000	18.500000	0.835829	0.873128	0.798530	0	0	1	1	157	1167461
1444481521	44	37	43	38	8	7	4	2	1	6	1	0	1	0	0	4.939927	0.527529	0.528955	0.523252	2.024323	16.000000	18.500000	0.840319	0.914942	0.803008	0	0	1	1	157	1164694
1444481522	42	39	33	31	1	4	4	3	4	7	1	1	1	0	1	4.939927	0.526103	0.528955	0.524677	2.023517	16.000000	18.500000	0.877631	0.914942	0.728385	0	0	1	1	157	1167446
1444481523	47	32	37	32	5	8	3	3	2	6	1	0	1	1	0	4.938315	0.527529	0.528955	0.523252	2.024323	16.000000	18.500000	0.882137	0.956786	0.807490	0	0	1	1	157	1167461
1444481524	37	30	46	32	2	4	2	5	1	7	0	0	1	1	0	4.941538	0.526103	0.526103	0.527529	2.024323	16.000000	18.500000	0.873128	0.835829	0.798530	0	0	1	1	157	1164713
1444481526	23	27	23	36	2	1	2	0	2	7	0	0	0	0	0	4.938315	0.528955	0.527529	0.523252	2.024323	16.000000	18.500000	0.882137	0.844813	0.807490	0	0	1	1	157	1167441
1444481527	40	41	29	34	3	4	3	0	3	8	0	0	0	0	0	4.941538	0.527529	0.526103	0.523252	2.022711	15.750000	18.500000	0.873128	0.873128	0.835829	0	0	1	1	157	1168597
1444481528	38	33	31	38	8	1	3	2	3	4	0	1	0	0	0	4.939927	0.527529	0.526103	0.524677	2.024323	16.000000	18.500000	0.877631	0.877631	0.765698	0	0	1	1	157	1164693
1444481529	24	30	24	29	1	2	1	1	5	2	0	0	0	0	0	4.938315	0.527529	0.526103	0.524677	2.024323	16.000000	18.500000	0.844813	0.807490	0.807490	0	0	1	1	157	1167437
1444481530	30	29	32	29	1	1	2	6	5	4	0	1	0	1	0	4.939927	0.524677	0.526103	0.523252	2.024323	16.000000	18.500000	0.840319	0.877631	0.840319	0	0	1	1	157	1167451
1444481532	32	33	43	34	6	3	2	1	4	5	0	1	0	0	0	4.941538	0.527529	0.528955	0.524677	2.023517	16.000000	18.500000	0.873128	0.910427	0.798530	0	0	1	1	157	1167451
1444481533	41	29	30	29	2	3	0	2	3	2	0	0	0	0	0	4.939927	0.527529	0.528955	0.527529	2.024323	16.000000	18.500000	0.840319	0.877631	0.840319	0	0	1	1	157	1164701
1444481534	29	29	30	30	3	1	0	1	2	2	0	0	0	0	0	4.941538	0.528955	0.528955	0.523252	2.024323	16.000000	18.500000	0.686632	0.835829	0.686632	0	0	1	1	157	1167436
1444481535	27	28	24	36	3	2	3	0	6	2	0	0	0	0	0	4.939927	0.527529	0.528955	0.523252	2.024323	16.000000	18.500000	0.877631	0.914942	0.765698	0	0	1	1	157	1167452
1444481536	40	39	41	35	6	2	2	5	5	7	1	1	1	2	1	4.939927	0.526103	0.526103	0.523252	2.024323	16.000000	18.500000	0.877631	0.840319	0.803008	0	0	1	1	157	1164700
1444481538	38	23	30	30	4	2	4	2	3	3	0	1	0	0	0	4.938315	0.528955	0.530380	0.523252	2.022711	16.000000	18.500000	0.882137	0.956786	0.844813	0	0	1	1	157	1167437
1444481539	37	32	26	30	3	2	4	1	2	1	0	0	0	0	0	4.939927	0.527529	0.527529	0.524677	2.024323	16.000000	18.500000	0.840319	0.840319	0.691074	0	0	1	1	157	1168607
1444481540	41	28	39	32	5	5	2	2	2	4	0	0	0	0	0	4.938315	0.528955	0.528955	0.523252	2.023517	16.000000	18.500000	0.844813	0.919461	0.807490	0	0	1	1	157	1164698
1444481541	38	37	37	37	1	2	1	4	6	6	0	0	0	0	0	4.939927	0.527529	0.528955	0.524677	2.023517	16.000000	18.500000	0.877631	0.914942	0.803008	0	0	1	1	157	1167446
1444481542	28	40	30	28	3	0	0	3	5	3	0	0	0	0	0	4.941538	0.526103	0.527529	0.524677	2.023517	16.000000	18.500000	0.761231	0.873128	0.723931	0	0	1	1	157	1167460
1444481544	37	42	41	47	9	0	1	3	6	10	0	0	0	1	0	4.939927	0.527529	0.526103	0.524677	2.024323	16.000000	18.500000	0.877631	0.803008	0.765698	0	0	1	1	157	1167461
1444481545	30	29	35	29	3	0	3	4	3	7	0	0	0	0	0	4.939927	0.526103	0.526103	0.524677	2.023517	16.000000	18.500000	0.840319	0.840319	0.803008	0	0	1	1	158	1167485
1444481546	39	37	30	40	6	3	2	2	3	5	0	0	0	0	0	4.941538	0.527529	0.527529	0.524677	2.024323	16.000000	18.500000	0.835829	0.873128	0.835829	0	0	1	1	157	1167456
1444481547	32	31	40	43	6	2	0	3	4	9	1	0	0	0	0	4.939927	0.526103	0.527529	0.524677	2.023517	16.000000	18.500000	0.877631	0.914942	0.803008	0	0	1	1	157	1167458
1444481548	30	31	39	24	1	2	0	6	3	2	0	0	0	0	0	4.939927	0.527529	0.526103	0.524677	2.024323	16.000000	18.500000	0.877631	0.840319	0.765698	0	0	1	1	157	1164681
1444481550	40	24	37	38	3	5	3	5	1	3	1	0	0	0	0	4.938315	0.528955	0.528955	0.523252	2.022711	16.000000	18.500000	0.919461	0.919461	0.807490	0	0	1	1	157	1167441
1444481551	33	29	35	36	5	1	0	3	1	7	0	0	0	0	0	4.947986	0.524677	0.524677	0.524677	2.022711	15.750000	18.500000	0.855146	0.817895	0.743394	0	0	1	1	157	1168598
1444481552	36	33	28	32	3	2	2	4	3	6	1	0	0	0	0	4.939927	0.526103	0.526103	0.523252	2.023517	16.000000	18.500000	0.877631	0.840319	0.765698	0	0	1	1	157	1164691
1444481553	30	45	28	36	5	4	2	5	3	5	0	0	0	1	0	4.939927	0.528955	0.526103	0.523252	2.023517	16.000000	18.500000	0.877631	0.877631	0.840319	0	0	1	1	157	1167440
1444481554	41	37	47	35	5	4	3	4	3	4	0	1	1	0	0	4.939927	0.527529	0.527529	0.523252	2.023517	16.000000	18.500000	0.877631	0.840319	0.765698	0	0	1	1	157	1167451
1444481556	39	36	34	25	5	5	1	8	4	3	2	0	1	1	0	4.941538	0.527529	0.526103	0.524677	2.023517	16.000000	18.500000	0.873128	0.798530	0.798530	0	0	1	1	157	1164677
1444481557	33	26	30	34	4	1	5	4	3	6	0	1	0	1	0	4.939927	0.526103	0.526103	0.524677	2.023517	16.000000	18.500000	0.877631	0.877631	0.803008	0	0	1	1	157	1167439
1444481558	41	21	38	38	1	2	6	1	1	5	0	0	0	0	0	4.938315	0.526103	0.527529	0.524677	2.023517	16.000000	18.500000	0.844813	0.807490	0.844813	0	0	1	1	157	1167452
1444481559	32	37	28	30	3	1	1	1	1	3	0	0	0	0	0	4.939927	0.526103	0.526103	0.523252	2.022711	15.750000	18.500000	0.877631	0.803008	0.952257	0	0	1	1	157	1167452
1444481560	30	28	27	35	2	2	2	1	6	4	0	0	0	0	0	4.941538	0.526103	0.527529	0.523252	2.024323	16.000000	18.500000	0.873128	0.835829	0.798530	0	0	1	1	157	1164690
1444481562	32	46	35	29	1	1	2	4	5	3	0	0	0	1	0	4.939927	0.528955	0.527529	0.524677	2.022711	15.750000	18.500000	0.840319	0.840319	0.765698	0	0	1	1	157	1167437
1444481563	33	27	40	41	4	5	4	3	4	5	2	2	1	1	1	4.943151	0.526103	0.527529	0.524677	2.023517	15.750000	18.500000	0.831341	0.831341	0.794054	0	0	1	1	157	1168607
1444481564	34	39	46	36	3	5	3	4	2	7	1	0	1	0	0	4.939927	0.526103	0.526103	0.523252	2.023517	16.000000	18.500000	0.877631	0.877631	0.765698	0	0	1	1	157	1164715
1444481565	32	36	38	43	1	2	2	4	4	7	0	0	0	0	0	4.939927	0.527529	0.526103	0.523252	2.022711	15.750000	18.500000	0.877631	0.877631	0.840319	0	0	1	1	157	1167449
1444481566	32	35	22	41	3	3	4	4	7	6	0	0	0	2	0	4.939927	0.527529	0.527529	0.524677	2.023517	16.000000	18.500000	0.877631	0.840319	0.765698	0	0	1	1	157	1167461
1444481568	33	34	33	32	3	6	3	4	6	1	1	2	1	2	1	4.941538	0.527529	0.528955	0.524677	2.023517	16.000000	18.500000	0.947729	0.910427	0.798530	0	0	1	1	157	1164701
1444481569	36	49	30	38	6	2	3	5	6	3	0	1	0	1	0	4.939927	0.527529	0.527529	0.526103	2.023517	16.000000	18.500000	0.840319	0.840319	0.840319	0	0	1	1	157	1167447
1444481570	36	27	45	21	6	2	0	0	1	4	1	0	0	0	0	4.941538	0.528955	0.526103	0.523252	2.023517	16.000000	18.500000	0.873128	0.835829	0.761231	0	0	1	1	157	1167461
1444481571	31	31	36	32	7	3	4	2	3	6	1	2	0	0	0	4.939927	0.526103	0.526103	0.526103	2.022711	15.750000	18.500000	0.877631	0.877631	0.765698	0	0	1	1	157	1164689
1444481572	34	40	38	35	7	2	4	2	4	8	0	1	0	0	0	4.941538	0.527529	0.526103	0.526103	2.023517	16.000000	18.500000	0.873128	0.873128	0.798530	0	0	1	1	157	1167446
1444481574	35	24	37	35	5	4	1	4	0	8	0	0	0	0	0	4.939927	0.527529	0.528955	0.524677	2.022711	15.750000	18.500000	0.877631	0.914942	0.840319	0	0	1	1	157	1167456
1444481575	40	34	33	29	3	3	2	2	2	1	0	0	0	0	0	4.939927	0.527529	0.526103	0.524677	2.023517	16.000000	18.500000	0.877631	0.840319	0.803008	0	0	1	1	157	1168597
1444481576	34	33	36	31	6	0	3	3	3	6	0	1	0	1	0	4.943151	0.526103	0.526103	0.526103	2.021905	15.750000	18.500000	0.831341	0.831341	0.794054	0	0	1	1	157	1164690
1444481577	46	37	40	41	5	2	5	3	6	5	1	1	1	0	1	4.938315	0.527529	0.528955	0.524677	2.023517	16.000000	18.500000	0.844813	0.919461	0.807490	0	0	1	1	157	1167437
1444481578	38	36	31	26	3	1	1	1	2	3	0	0	0	0	0	4.941538	0.527529	0.527529	0.526103	2.022711	15.750000	18.500000	0.873128	0.835829	0.761231	0	0	1	1	157	1167451
1444481580	31	37	31	36	5	1	4	5	1	5	0	0	0	0	0	4.941538	0.528955	0.526103	0.524677	2.023517	16.000000	18.500000	0.873128	0.873128	0.649333	0	0	1	1	157	1164687
1444481581	35	34	43	35	2	2	1	6	2	5	1	0	0	0	0	4.938315	0.527529	0.526103	0.524677	2.022711	16.000000	18.500000	0.882137	0.882137	0.770166	0	0	1	1	157	1167436
1444481582	34	34	33	35	2	2	3	1	4	7	0	0	0	0	0	4.943151	0.527529	0.527529	0.523252	2.022711	15.750000	18.500000	0.868628	0.831341	0.831341	0	0	1	1	157	1167452
1444481583	29	40	34	28	3	3	1	3	5	2	0	0	0	0	0	4.939927	0.527529	0.527529	0.526103	2.022711	15.750000	18.500000	0.803008	0.803008	0.877631	0	0	1	1	157	1164718
1444481584	33	30	31	37	1	3	4	2	5	4	0	0	1	0	0	4.939927	0.524677	0.526103	0.524677	2.023517	16.000000	18.500000	0.840319	0.840319	0.803008	0	0	1	1	157	1167437
1444481586	26	35	35	34	1	3	1	4	2	5	0	0	0	0	0	4.936703	0.527529	0.527529	0.526103	2.022711	16.000000	18.500000	0.886645	0.849310	0.774638	0	0	1	1	157	1167454
1444481587	30	35	35	38	3	2	2	5	3	5	0	0	1	0	0	4.939927	0.527529	0.526103	0.524677	2.022711	15.750000	18.500000	0.914942	0.877631	0.803008	0	0	1	1	157	1165839
1444481588	25	44	24	32	6	0	0	3	4	6	0	0	0	0	0	4.939927	0.527529	0.526103	0.526103	2.022711	15.750000	18.500000	0.877631	0.840319	0.803008	0	0	1	1	157	1167444
1444481589	25	32	24	35	3	2	1	1	5	2	0	1	0	0	0	4.941538	0.527529	0.528955	0.524677	2.022711	15.750000	18.500000	0.873128	0.910427	0.798530	0	0	1	1	157	1167461
1444481590	36	37	39	31	5	3	1	2	4	6	0	0	0	0	0	4.939927	0.527529	0.526103	0.523252	2.022711	15.750000	18.500000	0.877631	0.877631	0.803008	0	0	1	1	157	1167460
1444481592	32	34	36	33	4	7	1	4	5	4	1	0	0	0	0	4.939927	0.526103	0.527529	0.526103	2.023517	16.000000	18.500000	0.840319	0.728385	0.803008	0	0	1	1	157	1164712
1444481593	51	32	30	36	3	7	1	1	6	4	0	0	0	1	0	4.939927	0.527529	0.527529	0.523252	2.023517	16.000000	18.500000	0.914942	0.877631	0.840319	0	0	1	1	157	1167447
1444481594	37	35	32	32	2	2	2	1	4	7	0	0	0	0	0	4.941538	0.527529	0.526103	0.524677	2.023517	16.000000	18.500000	0.835829	0.835829	0.835829	0	0	1	1	157	1167464
1444481595	29	27	44	41	3	3	1	5	1	5	1	0	0	0	0	4.939927	0.527529	0.527529	0.517549	2.021099	15.750000	18.500000	0.877631	0.840319	0.840319	0	0	1	1	157	1164706
1444481596	23	37	29	37	4	1	1	1	2	6	0	0	0	0	0	4.938315	0.527529	0.527529	0.524677	2.021905	15.750000	18.500000	0.882137	0.882137	0.807490	0	0	1	1	157	1167446
1444481598	24	27	29	34	2	3	2	5	5	5	0	0	0	1	0	4.938315	0.528955	0.527529	0.526103	2.021099	15.750000	18.500000	0.882137	0.844813	0.807490	0	0	1	1	157	1167459
1444481599	41	37	34	17	6	1	2	3	1	2	0	0	0	0	0	4.941538	0.527529	0.520400	0.518974	2.022711	15.750000	18.500000	0.798530	0.873128	0.798530	0	0	1	1	157	1176268
1444481600	31	41	34	42	3	2	3	5	5	3	0	0	1	2	0	4.939927	0.527529	0.527529	0.524677	2.022711	15.750000	18.500000	0.877631	0.877631	0.765698	0	0	1	1	157	1167436
1444481601	37	29	30	36	5	0	6	6	2	2	0	1	0	2	0	4.939927	0.526103	0.526103	0.524677	2.021905	15.750000	18.500000	0.914942	0.877631	0.803008	0	0	1	1	157	1167454
1444481602	32	33	43	32	2	1	4	0	4	11	0	1	0	0	0	4.939927	0.528955	0.524677	0.523252	2.022711	15.750000	18.500000	0.877631	0.840319	0.803008	0	0	1	1	157	1164683
1444481604	33	30	30	31	3	4	0	3	3	2	0	0	0	1	0	4.941538	0.527529	0.527529	0.523252	2.022711	15.750000	18.500000	0.761231	0.798530	0.835829	0	0	1	1	158	1167458
1444481605	34	43	34	47	4	0	0	5	5	8	0	0	0	1	0	4.939927	0.526103	0.527529	0.524677	2.022711	15.750000	18.500000	0.877631	0.840319	0.765698	0	0	1	1	157	1167447
1444481606	34	28	33	32	1	5	2	3	2	3	1	0	0	0	0	4.939927	0.527529	0.526103	0.523252	2.022711	15.750000	18.500000	0.877631	0.840319	0.803008	0	0	1	1	157	1167451
1444481607	38	39	36	34	5	3	2	1	3	6	0	0	0	0	0	4.938315	0.527529	0.524677	0.524677	2.022711	16.000000	18.500000	0.882137	0.882137	0.807490	0	0	1	1	157	1164611
1444481608	28	39	47	31	9	3	0	5	1	6	0	0	0	0	0	4.939927	0.526103	0.526103	0.526103	2.021905	15.750000	18.500000	0.877631	0.840319	0.803008	0	0	1	1	157	1167436
1444481610	29	34	35	29	8	1	2	1	7	4	1	2	1	1	1	4.939927	0.527529	0.527529	0.524677	2.021905	15.750000	18.500000	0.914942	0.877631	0.803008	0	0	1	1	157	1167452
1444481611	40	33	37	28	4	2	3	5	2	1	0	0	0	0	0	4.939927	0.521826	0.531806	0.524677	2.021905	15.750000	18.500000	0.877631	0.877631	0.803008	0	0	1	1	157	1166019
1444481612	34	39	43	34	2	3	2	4	3	9	0	0	0	0	0	4.939927	0.527529	0.527529	0.523252	2.022711	15.750000	18.500000	0.840319	0.765698	0.803008	0	0	1	1	157	1167446
1444481613	42	37	26	37	6	2	4	2	4	1	0	0	0	0	0	4.939927	0.527529	0.526103	0.524677	2.021905	15.750000	18.500000	0.840319	0.877631	0.803008	0	0	1	1	157	1167461
1444481614	38	29	40	45	2	1	6	3	3	5	0	1	0	0	0	4.936703	0.524677	0.524677	0.521826	2.019487	15.750000	18.500000	0.849310	0.849310	0.774638	0	0	1	1	157	1164695
1444481616	32	39	34	41	3	2	3	4	5	7	0	1	0	2	0	4.938315	0.528955	0.526103	0.521826	2.022711	16.000000	18.500000	0.882137	0.882137	0.807490	0	0	1	1	157	1167444
1444481617	31	32	26	31	2	1	2	4	2	5	0	0	0	1	0	4.941538	0.527529	0.527529	0.526103	2.022711	15.750000	18.500000	0.910427	0.873128	0.835829	0	0	1	1	157	1167461
1444481618	43	33	31	39	9	1	5	2	6	4	0	3	0	0	0	4.939927	0.527529	0.526103	0.523252	2.021905	15.750000	18.500000	0.877631	0.840319	0.803008	0	0	1	1	157	1164694
1444481619	41	40	27	30	7	5	1	6	5	4	3	0	1	0	0	4.941538	0.524677	0.526103	0.523252	2.021099	15.750000	18.500000	0.649333	0.985028	0.761231	0	0	1	1	157	1167446
1444481620	37	47	46	34	8	2	1	7	4	8	0	1	0	1	0	4.938315	0.528955	0.526103	0.526103	2.021905	15.750000	18.500000	0.844813	0.844813	0.807490	0	0	1	1	157	1167461
1444481622	40	40	37	34	4	5	1	2	4	3	1	0	0	0	0	4.939927	0.527529	0.527529	0.526103	2.021099	15.750000	18.500000	0.877631	0.840319	0.803008	0	0	1	1	157	1167459
1444481623	28	29	37	30	3	2	0	2	1	2	0	0	0	0	0	4.938315	0.520400	0.524677	0.523252	2.019487	15.750000	18.500000	0.770166	0.807490	0.807490	0	0	1	1	157	1165839
1444481624	33	29	34	28	3	1	1	1	5	3	0	0	0	0	0	4.939927	0.526103	0.527529	0.524677	2.022711	15.750000	18.500000	0.840319	0.840319	0.840319	0	0	1	1	157	1167434
1444481625	23	29	36	35	5	1	1	2	4	4	0	1	0	0	0	4.939927	0.527529	0.526103	0.523252	2.021905	15.750000	18.500000	0.840319	0.803008	0.765698	0	0	1	1	157	1167452
1444481626	35	34	27	32	1	4	4	2	4	5	0	0	2	1	0	4.939927	0.526103	0.527529	0.524677	2.021099	15.750000	18.500000	0.877631	0.803008	0.803008	0	0	1	1	157	1164683
1444481628	32	31	39	29	2	2	1	4	4	5	0	0	0	0	0	4.939927	0.527529	0.523252	0.524677	2.021099	15.750000	18.500000	0.877631	0.765698	0.728385	0	0	1	1	157	1167437
1444481629	34	38	32	41	4	0	4	1	3	2	0	1	0	0	0	4.939927	0.527529	0.528955	0.526103	2.021905	15.750000	18.500000	0.877631	0.840319	0.765698	0	0	1	1	157	1167451
1444481630	34	34	34	29	6	4	2	3	4	2	1	0	0	1	0	4.939927	0.527529	0.527529	0.523252	2.021905	15.750000	18.500000	0.914942	0.840319	0.803008	0	0	1	1	157	1164691
1444481631	33	42	30	25	4	2	3	1	5	5	0	1	1	0	0	4.939927	0.527529	0.526103	0.524677	2.021905	15.750000	18.500000	0.877631	0.914942	0.803008	0	0	1	1	157	1167436
1444481632	43	33	37	25	3	3	2	4	2	4	0	0	0	0	0	4.939927	0.526103	0.526103	0.524677	2.021905	15.750000	18.500000	0.877631	0.877631	0.803008	0	0	1	1	157	1167452
1444481634	33	28	42	31	6	4	1	4	0	12	0	0	1	0	0	4.938315	0.527529	0.526103	0.526103	2.021099	15.750000	18.500000	0.882137	0.882137	0.844813	0	0	1	1	157	1167454
1444481635	31	35	30	35	1	3	4	3	5	3	0	0	0	1	0	4.939927	0.527529	0.527529	0.524677	2.021099	15.750000	18.500000	0.877631	0.803008	0.803008	0	0	1	1	158	1168628
1444481636	40	24	32	19	6	3	2	2	2	2	0	0	0	0	0	4.943151	0.527529	0.523252	0.521826	2.021905	15.750000	18.500000	0.868628	0.831341	0.794054	0	0	1	1	157	1167456
1444481637	47	31	33	40	6	0	0	2	6	5	0	0	0	1	0	4.941538	0.526103	0.527529	0.523252	2.021099	15.750000	18.500000	0.835829	0.873128	0.873128	0	0	1	1	157	1167461
1444481638	38	45	26	39	6	2	6	2	1	4	1	0	0	0	0	4.939927	0.527529	0.526103	0.524677	2.021905	15.750000	18.500000	0.877631	0.840319	0.840319	0	0	1	1	157	1164713
1444481640	25	43	35	42	4	0	2	3	6	4	0	0	0	1	0	4.941538	0.527529	0.526103	0.523252	2.021905	15.750000	18.500000	0.910427	0.835829	0.798530	0	0	1	1	157	1167446
1444481641	29	31	39	33	4	3	0	0	3	4	0	0	0	0	0	4.939927	0.527529	0.526103	0.524677	2.021099	15.750000	18.500000	0.877631	0.877631	0.765698	0	0	1	1	157	1167461
1444481642	34	29	34	24	2	3	4	1	3	1	0	0	0	0	0	4.936703	0.527529	0.527529	0.524677	2.021099	15.750000	18.500000	0.923981	0.849310	0.774638	0	0	1	1	157	1164692
1444481643	38	45	32	43	3	2	2	5	3	5	0	0	0	0	0	4.939927	0.528955	0.526103	0.524677	2.021905	15.750000	18.500000	0.877631	0.803008	0.803008	0	0	1	1	157	1167446
1444481644	28	23	40	37	1	0	1	4	4	6	0	0	0	1	0	4.941538	0.524677	0.527529	0.526103	2.021905	15.750000	18.500000	0.910427	0.835829	0.761231	0	0	1	1	157	1167461
1444481646	45	36	37	29	7	2	3	1	4	3	0	1	0	0	0	4.936703	0.528955	0.527529	0.524677	2.019487	15.750000	18.500000	0.886645	0.923981	0.811974	0	0	1	1	157	1164690
1444481647	29	38	34	37	3	1	1	5	4	6	0	0	0	0	0	4.939927	0.526103	0.526103	0.526103	2.021099	15.750000	18.500000	0.877631	0.840319	0.765698	0	0	1	1	157	1168690
1444481648	33	39	28	21	2	5	0	3	4	3	0	0	0	0	0	4.939927	0.527529	0.526103	0.524677	2.020293	15.750000	18.500000	0.877631	0.877631	0.803008	0	0	1	1	157	1167452
1444481649	35	34	30	35	3	3	0	4	1	7	0	0	0	1	0	4.941538	0.526103	0.526103	0.524677	2.021099	15.750000	18.500000	0.873128	0.686632	0.947729	0	0	1	1	157	1167452
1444481650	41	34	37	44	3	1	1	2	6	3	0	1	0	0	0	4.938315	0.527529	0.526103	0.524677	2.021099	15.750000	18.500000	0.882137	0.844813	0.770166	0	0	1	1	157	1164690
1444481652	30	43	29	29	4	1	1	2	4	4	0	0	0	0	0	4.939927	0.527529	0.527529	0.526103	2.021099	15.750000	18.500000	0.877631	0.840319	0.803008	0	0	1	1	157	1167437
1444481653	29	28	32	39	4	2	2	1	3	3	0	0	0	1	0	4.941538	0.527529	0.526103	0.526103	2.021099	15.750000	18.500000	0.835829	0.761231	0.761231	0	0	1	1	157	1167451
1444481654	30	37	32	34	3	2	3	4	3	3	1	0	0	0	0	4.939927	0.527529	0.527529	0.524677	2.021099	15.750000	18.500000	0.914942	0.840319	0.728385	0	0	1	1	157	1164688
1444481655	33	36	40	35	1	2	4	3	1	6	0	0	0	0	0	4.936703	0.527529	0.527529	0.526103	2.020293	15.750000	18.500000	0.886645	0.886645	0.774638	0	0	1	1	157	1167437
1444481656	47	38	25	28	4	3	1	2	5	4	0	0	0	1	0	4.939927	0.528955	0.526103	0.521826	2.020293	15.750000	18.500000	0.914942	0.877631	0.803008	0	0	1	1	157	1167452
1444481658	34	39	30	37	3	2	2	1	4	9	0	0	1	0	0	4.938315	0.528955	0.527529	0.523252	2.019487	15.750000	18.500000	0.844813	0.844813	0.844813	0	0	1	1	157	1164682
1444481659	37	24	38	33	1	5	3	5	0	6	0	0	1	0	0	4.938315	0.527529	0.526103	0.524677	2.020293	15.750000	18.500000	0.882137	0.882137	0.844813	0	0	1	1	157	1168592
1444481660	35	44	43	32	3	2	4	5	2	5	1	0	0	0	0	4.939927	0.527529	0.526103	0.523252	2.020293	15.750000	18.500000	0.877631	0.840319	0.803008	0	0	1	1	157	1167461
1444481661	36	32	32	34	3	1	2	1	3	5	0	0	1	0	0	4.941538	0.527529	0.524677	0.523252	2.021099	15.750000	18.000000	0.873128	0.835829	0.798530	0	0	1	1	157	1164741
1444481662	40	37	22	34	5	2	6	1	5	0	0	2	0	0	0	4.939927	0.526103	0.527529	0.523252	2.021099	15.750000	18.500000	0.877631	0.840319	0.765698	0	0	1	1	157	1167446
1444481664	27	45	34	46	3	0	2	3	3	5	0	1	0	0	0	4.935091	0.527529	0.526103	0.523252	2.019487	15.750000	18.500000	0.928504	0.853809	0.816462	0	0	1	1	157	1167460
1444481665	37	33	52	36	5	3	3	4	2	11	1	0	0	0	0	4.941538	0.526103	0.528955	0.523252	2.021099	15.750000	18.500000	0.910427	0.835829	0.798530	0	0	1	1	157	1167461
1444481666	37	35	34	32	6	3	0	3	1	6	1	0	0	0	0	4.941538	0.527529	0.527529	0.523252	2.021099	15.750000	18.000000	0.873128	0.910427	0.798530	0	0	1	1	158	1167482
1444481667	34	31	33	35	5	4	5	0	1	4	0	0	1	0	0	4.939927	0.528955	0.526103	0.523252	2.021099	15.750000	18.000000	0.877631	0.840319	0.803008	0	0	1	1	157	1167456
1444481668	26	27	38	32	0	3	1	2	2	4	0	0	0	0	0	4.939927	0.527529	0.527529	0.524677	2.019487	15.750000	18.500000	0.877631	0.840319	0.803008	0	0	1	1	157	1167461
1444481670	34	39	25	29	1	1	3	2	4	2	1	0	0	0	0	4.939927	0.528955	0.524677	0.523252	2.020293	15.750000	18.500000	0.914942	0.877631	0.803008	0	0	1	1	157	1164733
1444481671	34	29	33	24	5	4	0	1	3	1	1	0	0	0	0	4.939927	0.527529	0.527529	0.526103	2.020293	15.750000	18.500000	0.877631	0.877631	0.765698	0	0	1	1	157	1168582
1444481672	31	30	33	38	3	1	2	4	2	2	0	0	0	0	0	4.941538	0.526103	0.526103	0.524677	2.020293	15.750000	18.000000	0.910427	0.835829	0.761231	0	0	1	1	157	1167454
1444481673	41	27	45	28	4	4	1	4	4	6	0	0	0	1	0	4.943151	0.528955	0.524677	0.523252	2.020293	15.750000	18.500000	0.905915	0.868628	0.794054	0	0	1	1	157	1164675
1444481674	38	32	36	23	4	4	1	3	3	2	0	0	1	0	0	4.941538	0.526103	0.527529	0.526103	2.020293	15.750000	18.000000	0.910427	0.873128	0.835829	0	0	1	1	157	1167437
1444481676	34	31	39	33	6	2	3	5	3	7	0	1	0	0	0	4.943151	0.526103	0.524677	0.523252	2.021099	15.750000	18.000000	0.831341	0.868628	0.794054	0	0	1	1	157	1167451
1444481677	39	37	33	30	3	4	2	3	5	2	0	1	0	1	0	4.936703	0.524677	0.523252	0.523252	2.017875	15.750000	18.500000	0.811974	0.849310	0.774638	0	0	1	1	157	1164680
1444481678	37	36	37	39	2	2	3	4	2	5	0	0	1	0	0	4.939927	0.528955	0.526103	0.524677	2.020293	15.750000	18.000000	0.914942	0.840319	0.803008	0	0	1	1	157	1167434
1444481679	35	37	25	37	3	1	5	2	7	3	0	1	0	0	0	4.941538	0.527529	0.527529	0.523252	2.021099	15.750000	18.000000	0.910427	0.873128	0.798530	0	0	1	1	157	1167452
1444481680	36	34	34	49	4	3	5	2	7	8	1	2	2	2	1	4.939927	0.527529	0.526103	0.526103	2.020293	15.750000	18.000000	0.877631	0.840319	0.803008	0	0	1	1	157	1167452
1444481682	42	33	37	36	5	3	0	3	3	5	0	0	0	0	0	4.941538	0.526103	0.526103	0.524677	2.019487	15.750000	18.000000	0.873128	0.873128	0.798530	0	0	1	1	157	1164704
1444481683	31	39	27	36	5	1	0	5	3	4	0	0	0	0	0	4.941538	0.528955	0.526103	0.524677	2.020293	15.750000	18.000000	0.873128	0.761231	0.798530	0	0	1	1	157	1168592
1444481684	36	31	33	34	4	1	1	5	5	3	0	0	0	1	0	4.939927	0.526103	0.527529	0.526103	2.020293	15.750000	18.500000	0.914942	0.840319	0.803008	0	0	1	1	157	1167461
1444481685	39	25	28	30	6	0	2	2	2	3	0	1	0	0	0	4.936703	0.526103	0.528955	0.517549	2.017070	15.750000	18.000000	0.849310	0.886645	0.811974	0	0	1	1	157	1164690
1444481686	39	33	40	33	3	3	1	4	2	4	0	0	0	0	0	4.939927	0.528955	0.527529	0.524677	2.020293	15.750000	18.000000	0.877631	0.877631	0.803008	0	0	1	1	157	1167444
1444481688	41	37	29	35	5	3	3	6	4	5	0	0	1	2	0	4.939927	0.527529	0.526103	0.523252	2.019487	15.750000	18.000000	0.840319	0.840319	0.803008	0	0	1	1	157	1167461
1444481689	23	31	30	34	2	1	2	2	4	2	0	0	0	0	0	4.939927	0.528955	0.526103	0.524677	2.019487	15.750000	18.000000	0.803008	0.877631	0.840319	0	0	1	1	157	1164688
1444481690	33	29	30	36	3	2	1	1	1	10	0	0	0	1	0	4.938315	0.523252	0.527529	0.523252	2.019487	15.750000	18.000000	0.658195	0.844813	0.732842	0	0	1	1	157	1167447
1444481691	33	45	31	34	7	4	2	2	5	4	0	0	1	0	0	4.938315	0.528955	0.526103	0.523252	2.020293	15.750000	18.000000	0.844813	0.844813	0.807490	0	0	1	1	158	1167482
1444481692	31	36	41	34	6	2	2	5	0	4	0	0	1	0	0	4.939927	0.527529	0.526103	0.526103	2.019487	15.750000	18.000000	0.914942	0.840319	0.803008	0	0	1	1	157	1164694
1444481694	37	38	36	25	5	5	2	4	4	4	1	1	0	0	0	4.933480	0.526103	0.524677	0.526103	2.017875	15.750000	18.000000	0.895671	0.895671	0.858312	0	0	1	1	157	1167441
1444481695	28	37	29	39	4	1	2	0	3	6	0	0	0	0	0	4.939927	0.527529	0.527529	0.524677	2.019487	15.750000	18.000000	0.877631	0.840319	0.803008	0	0	1	1	157	1168597
1444481696	30	41	38	34	4	2	2	3	6	4	1	1	1	1	1	4.941538	0.526103	0.526103	0.526103	2.019487	15.750000	18.000000	0.835829	0.798530	0.798530	0	0	1	1	157	1167452
1444481697	34	41	28	46	3	1	1	4	6	6	0	0	0	0	0	4.939927	0.526103	0.528955	0.523252	2.019487	15.750000	18.000000	0.840319	0.914942	0.803008	0	0	1	1	157	1164686
1444481698	33	37	22	32	3	1	1	1	5	3	0	0	0	0	0	4.939927	0.527529	0.526103	0.516123	2.018681	15.750000	18.000000	0.877631	0.803008	0.728385	0	0	1	1	157	1167437
1444481700	37	38	30	32	4	3	5	4	1	4	0	0	2	0	0	4.936703	0.527529	0.526103	0.526103	2.019487	15.750000	18.000000	0.886645	0.849310	0.774638	0	0	1	1	157	1167451
1444481701	46	39	37	33	8	3	1	5	4	6	0	1	0	1	0	4.941538	0.527529	0.527529	0.526103	2.020293	15.750000	18.000000	0.873128	0.873128	0.798530	0	0	1	1	157	1193533
1444481702	33	36	37	35	4	2	0	2	6	9	0	0	0	2	0	4.939927	0.526103	0.528955	0.524677	2.018681	15.750000	18.000000	0.877631	0.877631	0.840319	0	0	1	1	157	1167437
1444481703	31	31	32	37	5	3	2	2	4	7	0	0	1	1	0	4.938315	0.527529	0.527529	0.524677	2.020293	15.750000	18.000000	0.882137	0.732842	0.994110	0	0	1	1	157	1167452
1444481704	33	28	36	36	3	0	3	2	3	5	0	0	0	1	0	4.939927	0.527529	0.527529	0.524677	2.019487	15.750000	18.000000	0.840319	0.877631	0.803008	0	0	1	1	157	1164681
1444481706	33	41	33	26	6	1	2	5	5	3	1	0	0	0	0	4.938315	0.528955	0.526103	0.524677	2.017875	15.750000	18.000000	0.882137	0.844813	0.770166	0	0	1	1	157	1167437
1444481707	35	44	39	32	7	4	1	3	3	2	1	0	0	0	0	4.941538	0.527529	0.527529	0.524677	2.019487	15.750000	18.000000	0.873128	0.835829	0.761231	0	0	1	1	157	1168607
1444481708	30	33	29	30	2	2	2	5	1	4	0	0	0	1	0	4.939927	0.527529	0.527529	0.523252	2.019487	15.750000	18.000000	0.877631	0.840319	0.728385	0	0	1	1	157	1164699
1444481709	37	37	30	34	3	2	1	3	8	1	0	0	0	1	0	4.941538	0.527529	0.524677	0.523252	2.019487	15.750000	18.000000	0.835829	0.873128	0.798530	0	0	1	1	157	1167449
1444481710	33	32	29	40	10	2	4	2	4	8	2	2	1	0	1	4.939927	0.526103	0.526103	0.524677	2.018681	15.750000	18.000000	0.877631	0.840319	0.803008	0	0	1	1	157	1167461
1444481712	26	39	21	35	2	1	1	0	3	3	0	0	1	0	0	4.943151	0.527529	0.526103	0.526103	2.018681	15.750000	18.000000	0.868628	0.831341	0.756766	0	0	1	1	158	1167482
1444481713	39	43	23	37	7	1	4	1	5	3	0	0	0	0	0	4.939927	0.527529	0.527529	0.524677	2.019487	15.750000	18.000000	0.840319	0.877631	0.840319	0	0	1	1	157	1164682
1444481714	30	33	31	34	6	3	1	2	5	2	0	1	0	0	0	4.941538	0.528955	0.526103	0.524677	2.019487	15.750000	18.000000	0.873128	0.873128	0.798530	0	0	1	1	157	1167446
1444481715	30	36	41	28	3	2	1	3	2	4	0	0	0	0	0	4.941538	0.527529	0.526103	0.518974	2.017875	15.750000	18.000000	0.985028	0.835829	0.798530	0	0	1	1	157	1167461
1444481716	29	29	27	22	6	3	2	1	1	1	0	0	1	0	0	4.939927	0.527529	0.526103	0.524677	2.018681	15.750000	18.000000	0.840319	0.840319	0.803008	0	0	1	1	157	1164701
1444481718	26	24	32	32	4	1	2	3	1	4	0	0	0	0	0	4.938315	0.527529	0.526103	0.524677	2.018681	15.750000	18.000000	0.882137	0.844813	0.807490	0	0	1	1	157	1167441
1444481719	41	42	38	40	5	7	4	5	6	7	3	0	1	0	0	4.938315	0.527529	0.526103	0.524677	2.018681	15.750000	18.000000	0.882137	0.844813	0.807490	0	0	1	1	157	1168598
1444481720	39	27	27	30	6	1	4	0	2	2	0	1	0	0	0	4.939927	0.527529	0.527529	0.524677	2.018681	15.750000	18.000000	0.877631	0.840319	0.840319	0	0	1	1	157	1164692
1444481721	31	38	31	41	6	1	3	3	7	6	0	1	0	0	0	4.939927	0.527529	0.527529	0.524677	2.018681	15.750000	18.000000	0.877631	0.840319	0.840319	0	0	1	1	157	1167437
1444481722	37	32	23	35	8	2	1	0	1	3	0	0	0	0	0	4.939927	0.527529	0.526103	0.523252	2.018681	15.750000	18.000000	0.877631	0.840319	0.803008	0	0	1	1	157	1167451
1444481724	46	36	40	41	3	2	4	3	4	9	0	0	1	0	0	4.938315	0.528955	0.526103	0.523252	2.018681	15.750000	18.000000	0.844813	0.844813	0.695518	0	0	1	1	157	1164689
1444481725	39	49	38	26	4	3	2	2	6	2	0	1	0	0	0	4.939927	0.526103	0.527529	0.523252	2.018681	15.750000	18.000000	0.840319	0.840319	0.765698	0	0	1	1	157	1167436
1444481726	38	36	35	34	4	2	3	2	3	7	0	1	0	0	0	4.938315	0.527529	0.524677	0.524677	2.018681	15.750000	18.000000	0.882137	0.844813	0.807490	0	0	1	1	157	1167452
1444481727	34	40	35	42	3	2	4	5	9	6	0	0	0	2	0	4.939927	0.528955	0.524677	0.521826	2.018681	15.750000	18.000000	0.840319	0.840319	0.803008	0	0	1	1	157	1167452
1444481728	36	44	40	45	7	1	1	0	5	4	0	0	0	0	0	4.939927	0.527529	0.527529	0.523252	2.018681	15.750000	18.000000	0.877631	0.840319	0.765698	0	0	1	1	157	1164681
1444481730	28	42	35	39	4	2	2	0	6	8	0	0	0	0	0	4.939927	0.528955	0.527529	0.524677	2.017875	15.750000	18.000000	0.877631	0.840319	0.803008	0	0	1	1	157	1167440
1444481731	33	31	39	27	3	4	1	3	1	3	0	0	0	0	0	4.941538	0.526103	0.526103	0.523252	2.018681	15.750000	18.000000	0.873128	0.835829	0.761231	0	0	1	1	157	1168607
1444481732	52	36	36	39	8	2	5	4	5	6	0	1	0	1	0	4.941538	0.527529	0.524677	0.523252	2.018681	15.750000	18.000000	0.910427	0.835829	0.761231	0	0	1	1	157	1164624
1444481733	46	42	32	33	8	4	1	2	3	6	1	0	1	0	0	4.939927	0.527529	0.527529	0.523252	2.018681	15.750000	18.000000	0.840319	0.877631	0.803008	0	0	1	1	157	1167446
1444481734	26	33	32	30	3	2	0	3	4	3	0	0	0	0	0	4.939927	0.527529	0.526103	0.524677	2.018681	15.750000	18.000000	0.877631	0.840319	0.803008	0	0	1	1	157	1167461
1444481736	24	32	45	31	3	1	1	4	0	9	0	0	0	0	0	4.935091	0.526103	0.526103	0.526103	2.017875	15.750000	18.000000	0.891157	0.853809	0.779113	0	0	1	1	157	1194555
1444481737	39	39	28	37	6	2	4	1	5	7	0	0	1	0	0	4.939927	0.527529	0.527529	0.524677	2.017875	15.750000	18.000000	0.877631	0.877631	0.803008	0	0	1	1	157	1167443
1444481738	39	35	36	40	7	4	6	2	2	5	0	1	1	0	0	4.938315	0.527529	0.526103	0.523252	2.018681	15.750000	18.000000	0.882137	0.882137	0.807490	0	0	1	1	157	1167461
1444481739	39	35	34	34	5	6	3	2	3	7	1	0	2	0	0	4.939927	0.527529	0.526103	0.523252	2.018681	15.750000	18.000000	0.877631	0.877631	0.803008	0	0	1	1	157	1167461
1444481741	34	36	38	31	5	5	4	2	4	7	0	1	0	0	0	4.941538	0.527529	0.526103	0.523252	2.018681	15.750000	18.000000	0.873128	0.798530	0.798530	0	0	1	1	157	1182245
1444481742	33	38	33	28	5	3	2	4	1	5	0	0	0	0	0	4.936703	0.528955	0.528955	0.524677	2.017875	15.750000	18.000000	0.923981	0.886645	0.811974	0	0	1	1	157	1167441
1444481743	24	31	27	36	2	3	2	3	5	3	0	1	0	1	0	4.939927	0.527529	0.526103	0.526103	2.018681	15.750000	18.000000	0.877631	0.877631	0.803008	0	0	1	1	157	1168600
1444481744	31	38	37	36	4	3	2	2	3	7	0	0	1	1	0	4.939927	0.526103	0.526103	0.518974	2.017070	15.750000	18.000000	0.989567	0.803008	0.803008	0	0	1	1	157	1164705
1444481745	34	40	40	36	3	0	2	3	6	3	0	0	0	0	0	4.938315	0.526103	0.526103	0.526103	2.017875	15.750000	18.000000	0.882137	0.844813	0.770166	0	0	1	1	157	1167437
1444481747	26	37	31	34	4	3	1	2	2	4	1	0	0	0	0	4.938315	0.527529	0.526103	0.523252	2.017875	15.750000	18.000000	0.882137	0.882137	0.807490	0	0	1	1	157	1167454
1444481748	34	32	29	36	4	3	3	2	5	4	0	1	0	2	0	4.939927	0.520400	0.523252	0.526103	2.017875	15.750000	18.000000	0.877631	0.840319	0.765698	0	0	1	1	157	1164691
1444481749	49	29	37	35	6	3	0	4	1	8	2	0	0	1	0	4.939927	0.527529	0.527529	0.526103	2.017875	15.750000	18.000000	0.877631	0.765698	0.765698	0	0	1	1	157	1167437
1444481750	36	38	33	42	5	1	1	1	2	8	0	0	0	0	0	4.939927	0.527529	0.526103	0.523252	2.017875	15.750000	18.000000	0.840319	0.877631	0.803008	0	0	1	1	157	1167451
1444481751	25	31	44	50	2	3	4	2	3	11	0	0	1	0	0	4.943151	0.526103	0.526103	0.524677	2.017875	15.750000	18.000000	0.868628	0.868628	0.794054	0	0	1	1	157	1164679
1444481753	36	36	36	32	4	4	0	5	4	7	0	0	0	1	0	4.939927	0.527529	0.526103	0.524677	2.018681	15.750000	18.000000	0.840319	0.840319	0.803008	0	0	1	1	158	1167456
1444481754	48	34	45	31	5	2	1	3	2	6	1	0	0	0	0	4.941538	0.528955	0.526103	0.526103	2.017875	15.750000	18.000000	0.910427	0.835829	0.910427	0	0	1	1	157	1167447
1444481755	34	42	42	29	2	7	2	4	5	2	0	0	0	0	0	4.939927	0.527529	0.527529	0.526103	2.017875	15.750000	18.000000	0.877631	0.840319	0.803008	0	0	1	1	157	1168609
1444481756	33	21	42	37	2	3	4	3	1	7	1	0	0	0	0	4.941538	0.523252	0.521826	0.527529	2.018681	15.750000	18.000000	0.835829	0.798530	0.761231	0	0	1	1	157	1164702
1444481757	38	35	28	28	4	3	1	2	1	6	0	0	1	0	0	4.939927	0.527529	0.527529	0.523252	2.017875	15.750000	18.000000	0.840319	0.840319	0.840319	0	0	1	1	157	1167446
1444481759	48	40	37	31	4	2	3	2	2	2	0	1	0	0	0	4.939927	0.527529	0.527529	0.523252	2.017875	15.750000	18.000000	0.840319	0.840319	0.803008	0	0	1	1	157	1167461
1444481760	27	30	33	32	3	0	0	3	3	4	0	0	0	0	0	4.939927	0.526103	0.526103	0.526103	2.017070	15.750000	18.000000	0.877631	0.877631	0.803008	0	0	1	1	157	1164695
1444481761	32	40	33	29	5	1	2	4	2	4	0	0	0	0	0	4.939927	0.527529	0.526103	0.523252	2.018681	15.750000	18.000000	0.840319	0.840319	0.803008	0	0	1	1	157	1167444
1444481762	31	37	36	38	5	0	2	3	5	1	0	0	0	0	0	4.936703	0.526103	0.526103	0.523252	2.017070	15.750000	18.000000	0.849310	0.849310	0.811974	0	0	1	1	157	1167461
1444481763	45	33	34	42	3	1	2	4	2	7	0	0	0	1	0	4.938315	0.527529	0.526103	0.524677	2.017070	15.750000	18.000000	0.882137	0.844813	0.807490	0	0	1	1	157	1164693
1444481765	23	37	30	22	3	1	0	4	6	3	0	0	0	0	0	4.939927	0.524677	0.528955	0.526103	2.017875	15.750000	18.000000	0.877631	0.840319	0.765698	0	0	1	1	157	1167446
1444481766	31	36	36	36	3	4	3	1	4	6	0	0	1	0	0	4.941538	0.527529	0.527529	0.527529	2.016264	15.750000	18.000000	0.873128	0.873128	0.873128	0	0	1	1	157	1167456
1444481767	34	30	39	44	3	2	1	3	2	6	0	0	0	0	0	4.938315	0.526103	0.526103	0.524677	2.017875	15.750000	18.000000	0.770166	0.844813	0.732842	0	0	1	1	157	1176093
1444481768	29	29	37	28	9	0	2	4	2	3	0	0	0	1	0	4.941538	0.527529	0.526103	0.521826	2.017070	15.750000	18.000000	0.873128	0.835829	0.761231	0	0	1	1	157	1167437
1444481769	37	33	25	38	4	1	2	1	1	4	0	0	0	0	0	4.939927	0.527529	0.530380	0.524677	2.017070	15.750000	18.000000	0.877631	0.914942	0.803008	0	0	1	1	157	1167453
1444481771	36	33	33	39	5	2	3	3	4	8	0	0	1	0	0	4.939927	0.527529	0.526103	0.527529	2.017875	15.750000	18.000000	0.877631	0.840319	0.877631	0	0	1	1	157	1167451
1444481772	38	29	39	39	2	1	4	1	3	5	0	0	0	0	0	4.939927	0.527529	0.526103	0.524677	2.017875	15.750000	18.000000	0.877631	0.803008	0.803008	0	0	1	1	157	1164685
1444481773	33	29	24	31	6	1	1	1	1	5	0	0	0	0	0	4.939927	0.527529	0.527529	0.526103	2.017875	15.750000	18.000000	0.877631	0.877631	0.803008	0	0	1	1	157	1167439
1444481774	33	30	36	29	2	1	1	7	2	3	0	0	0	0	0	4.939927	0.526103	0.528955	0.524677	2.017875	15.750000	18.000000	0.877631	0.914942	0.765698	0	0	1	1	157	1167452
1444481775	42	40	33	35	7	4	2	6	3	3	1	0	1	2	0	4.939927	0.527529	0.526103	0.524677	2.015458	15.750000	18.000000	0.877631	0.877631	0.803008	0	0	1	1	157	1164687
1444481777	36	30	39	22	1	3	1	1	2	1	0	0	0	0	0	4.939927	0.527529	0.531806	0.526103	2.017875	15.750000	18.000000	0.840319	0.877631	0.803008	0	0	1	1	157	1167437
1444481778	34	38	35	41	5	3	2	2	2	7	0	0	0	0	0	4.939927	0.526103	0.526103	0.524677	2.017070	15.750000	18.000000	0.877631	0.877631	0.840319	0	0	1	1	157	1167451
1444481779	30	33	29	35	2	3	4	2	3	7	0	1	1	0	0	4.939927	0.526103	0.527529	0.524677	2.016264	15.750000	18.000000	0.877631	0.840319	0.840319	0	0	1	1	157	1165871
1444481780	42	44	39	46	6	1	3	3	6	6	0	0	0	0	0	4.939927	0.526103	0.526103	0.523252	2.017875	15.750000	18.000000	0.877631	0.840319	0.765698	0	0	1	1	157	1167446
1444481781	41	37	40	37	4	2	3	7	3	4	1	0	0	0	0	4.938315	0.527529	0.528955	0.523252	2.016264	15.750000	18.000000	0.844813	0.919461	0.844813	0	0	1	1	157	1167464
1444481783	25	34	33	25	3	2	1	3	4	4	0	0	0	0	0	4.941538	0.528955	0.523252	0.523252	2.017070	15.750000	18.000000	0.873128	0.835829	0.798530	0	0	1	1	157	1164693
1444481784	34	38	33	38	5	1	3	6	4	3	0	0	0	1	0	4.939927	0.526103	0.527529	0.526103	2.017070	15.750000	18.000000	0.803008	0.840319	0.803008	0	0	1	1	157	1167447
1444481785	29	41	36	47	5	2	2	2	0	6	0	0	0	0	0	4.939927	0.526103	0.526103	0.523252	2.016264	15.750000	18.000000	0.877631	0.877631	0.803008	0	0	1	1	157	1167461
1444481786	34	35	29	31	3	1	0	2	3	5	0	0	0	0	0	4.938315	0.527529	0.528955	0.524677	2.017070	15.750000	18.000000	0.844813	0.882137	0.844813	0	0	1	1	157	1167461
1444481787	32	35	23	30	5	1	3	2	3	5	0	0	0	1	0	4.941538	0.527529	0.524677	0.524677	2.016264	15.750000	18.000000	0.835829	0.835829	0.835829	0	0	1	1	157	1164693
1444481789	30	31	24	38	3	4	2	1	4	3	0	1	0	0	0	4.939927	0.527529	0.526103	0.524677	2.017070	15.750000	18.000000	0.877631	0.877631	0.803008	0	0	1	1	157	1167446
1444481790	35	35	27	39	3	1	2	3	4	3	0	1	0	1	0	4.939927	0.527529	0.527529	0.524677	2.015458	15.750000	18.000000	0.877631	0.877631	0.803008	0	0	1	1	157	1167456
1444481791	38	39	34	33	6	3	4	1	2	9	0	0	1	1	0	4.943151	0.524677	0.526103	0.524677	2.017070	15.750000	18.000000	0.868628	0.831341	0.794054	0	0	1	1	157	1165837
1444481792	30	30	27	44	1	3	0	3	5	5	0	0	0	0	0	4.939927	0.528955	0.527529	0.523252	2.017070	15.750000	18.000000	0.877631	0.840319	0.803008	0	0	1	1	157	1167435
1444481793	35	34	32	35	5	1	1	0	3	5	0	1	0	0	0	4.941538	0.526103	0.528955	0.523252	2.017070	15.750000	18.000000	0.835829	0.910427	0.798530	0	0	1	1	157	1167452
1444481795	41	28	27	31	9	2	4	3	2	3	1	0	0	1	0	4.939927	0.527529	0.528955	0.524677	2.016264	15.750000	18.000000	0.914942	0.914942	0.803008	0	0	1	1	157	1164683
1444481796	43	37	39	36	4	4	4	4	9	9	0	1	0	1	0	4.939927	0.526103	0.530380	0.527529	2.017070	15.750000	18.000000	0.840319	0.914942	0.840319	0	0	1	1	157	1167434
1444481797	43	35	35	43	7	4	0	6	4	4	0	0	0	2	0	4.939927	0.527529	0.526103	0.527529	2.017070	15.750000	18.000000	0.877631	0.877631	0.877631	0	0	1	1	157	1167451
1444481798	35	35	27	39	5	5	3	2	4	3	0	1	1	0	0	4.941538	0.527529	0.527529	0.526103	2.017070	15.750000	18.000000	0.873128	0.835829	0.873128	0	0	1	1	157	1164676
1444481799	42	42	43	31	10	4	1	3	3	6	0	0	0	0	0	4.943151	0.527529	0.526103	0.526103	2.017070	15.750000	18.000000	0.831341	0.719479	0.980491	0	0	1	1	157	1167437
1444481801	40	49	40	36	5	7	2	4	6	5	1	1	1	1	1	4.939927	0.526103	0.527529	0.526103	2.017070	15.750000	18.000000	0.840319	0.840319	0.877631	0	0	1	1	158	1167473
1444481802	43	34	35	33	7	4	1	4	2	8	0	0	1	0	0	4.938315	0.527529	0.527529	0.524677	2.016264	15.750000	18.000000	0.882137	0.919461	0.844813	0	0	1	1	157	1167466
1444481803	26	30	32	24	3	2	0	3	3	4	0	0	0	1	0	4.939927	0.527529	0.527529	0.527529	2.016264	15.750000	18.000000	0.877631	0.840319	0.877631	0	0	1	1	157	1165840
1444481804	31	47	31	43	5	1	3	2	7	3	1	2	0	0	0	4.939927	0.527529	0.528955	0.526103	2.016264	15.750000	18.000000	0.840319	0.914942	0.840319	0	0	1	1	157	1167444
1444481805	32	42	30	30	6	2	2	1	4	2	0	1	0	1	0	4.939927	0.527529	0.526103	0.524677	2.015458	15.750000	18.000000	0.914942	0.840319	0.803008	0	0	1	1	157	1167461
1444481807	41	41	41	46	6	2	2	5	6	9	0	0	0	1	0	4.939927	0.527529	0.527529	0.527529	2.017070	15.750000	18.000000	0.840319	0.914942	0.877631	0	0	1	1	157	1164692
1444481808	35	32	39	37	3	6	1	1	1	7	1	0	1	0	0	4.941538	0.527529	0.527529	0.527529	2.017070	15.750000	18.000000	0.873128	0.723931	0.798530	0	0	1	1	157	1167447
1444481809	33	41	37	42	5	2	2	3	4	8	0	0	0	1	0	4.939927	0.526103	0.526103	0.527529	2.017070	15.750000	18.000000	0.840319	0.840319	0.877631	0	0	1	1	157	1167461
1444481810	39	36	32	31	7	2	1	1	1	5	0	0	0	0	0	4.941538	0.527529	0.528955	0.524677	2.016264	15.750000	18.000000	0.873128	0.873128	0.798530	0	0	1	1	157	1164702
1444481811	39	33	28	28	6	3	1	3	1	0	0	0	0	0	0	4.939927	0.527529	0.526103	0.524677	2.014652	15.750000	18.000000	0.952257	0.840319	0.840319	0	0	1	1	157	1167446
1444481813	29	31	29	31	3	3	2	5	7	2	0	0	0	2	0	4.941538	0.526103	0.527529	0.526103	2.016264	15.750000	18.000000	0.873128	0.910427	0.873128	0	0	1	1	157	1167461
1444481814	33	26	34	28	1	1	4	1	5	4	0	0	0	0	0	4.939927	0.527529	0.528955	0.527529	2.015458	15.750000	18.000000	0.914942	0.952257	0.877631	0	0	1	1	157	1164695
1444481815	48	31	48	42	5	4	6	4	1	5	0	0	0	0	0	4.941538	0.527529	0.528955	0.527529	2.016264	15.750000	18.000000	0.910427	0.910427	0.835829	0	0	1	1	157	1168583
1444481816	39	28	37	41	6	1	3	7	1	7	1	1	0	0	0	4.939927	0.527529	0.528955	0.527529	2.016264	15.750000	18.000000	0.877631	0.840319	1.026878	0	0	1	1	157	1167452
1444481817	32	37	27	27	4	4	4	4	4	2	0	0	0	1	0	4.941538	0.526103	0.528955	0.526103	2.016264	15.750000	18.000000	0.873128	0.910427	0.873128	0	0	1	1	157	1167452
1444481819	25	28	38	45	3	1	0	5	4	6	0	0	0	1	0	4.941538	0.527529	0.528955	0.527529	2.016264	15.750000	18.000000	0.873128	0.910427	0.873128	0	0	1	1	157	1164690
1444481820	32	32	31	49	4	5	5	2	1	6	1	0	0	0	0	4.939927	0.527529	0.527529	0.527529	2.016264	15.750000	18.000000	0.840319	0.803008	0.840319	0	0	1	1	157	1167437
1444481821	29	32	25	32	5	1	1	1	3	7	0	0	0	0	0	4.939927	0.527529	0.528955	0.526103	2.015458	15.750000	18.000000	0.877631	0.952257	0.803008	0	0	1	1	157	1167451
1444481822	34	40	25	39	3	3	2	2	5	2	0	0	0	0	0	4.938315	0.527529	0.528955	0.527529	2.014652	15.750000	18.000000	0.882137	0.919461	0.882137	0	0	1	1	157	1164679
1444481823	39	26	33	35	5	2	5	4	3	2	1	0	0	0	0	4.939927	0.528955	0.527529	0.524677	2.016264	15.750000	18.000000	0.877631	0.914942	0.877631	0	0	1	1	157	1167437
1444481825	39	33	35	35	2	2	3	2	2	6	0	0	0	0	0	4.941538	0.528955	0.528955	0.527529	2.015458	15.750000	18.000000	0.910427	0.947729	0.873128	0	0	1	1	157	1167452
1444481826	42	35	34	31	6	3	3	6	5	6	1	1	0	2	0	4.936703	0.527529	0.528955	0.527529	2.013846	15.750000	18.000000	0.923981	0.923981	0.923981	0	0	1	1	157	1164716
1444481827	30	36	33	24	5	3	1	4	4	3	1	1	0	0	0	4.941538	0.527529	0.530380	0.527529	2.016264	15.750000	18.000000	0.873128	0.910427	0.835829	0	0	1	1	157	1168592
1444481828	34	27	30	40	2	5	2	3	2	3	0	0	0	0	0	4.943151	0.527529	0.528955	0.521826	2.014652	15.750000	18.000000	0.980491	0.905915	0.831341	0	0	1	1	157	1167461
1444481829	29	39	36	37	1	4	6	4	4	3	0	1	2	0	0	4.941538	0.527529	0.528955	0.527529	2.016264	15.750000	18.000000	0.835829	0.910427	0.835829	0	0	1	1	157	1167461
1444481831	42	41	34	30	9	2	2	2	3	2	0	0	0	0	0	4.936703	0.528955	0.530380	0.527529	2.014652	15.750000	18.000000	0.886645	0.923981	0.849310	0	0	1	1	157	1164692
1444481832	35	31	34	39	4	0	0	1	5	9	0	0	0	1	0	4.939927	0.523252	0.531806	0.524677	2.016264	15.750000	18.000000	0.877631	0.914942	0.877631	0	0	1	1	157	1167447
1444481833	35	38	38	38	3	3	1	5	3	4	1	0	1	0	0	4.941538	0.527529	0.528955	0.527529	2.015458	15.750000	18.000000	0.873128	0.873128	0.835829	0	0	1	1	157	1167461
1444481834	34	35	28	34	7	1	1	4	3	7	1	0	0	1	0	4.939927	0.527529	0.530380	0.527529	2.016264	15.750000	18.000000	0.877631	0.914942	0.840319	0	0	1	1	157	1164710
1444481835	31	30	39	39	3	5	2	1	3	9	0	1	0	0	0	4.936703	0.516123	0.533232	0.523252	2.013846	15.750000	18.000000	0.886645	0.923981	0.886645	0	0	1	1	157	1167446
1444481837	31	35	35	23	2	2	1	1	3	3	0	0	0	0	0	4.939927	0.527529	0.527529	0.527529	2.015458	15.750000	18.000000	0.914942	0.877631	0.877631	0	0	1	1	157	1167458
1444481838	35	38	37	47	2	4	0	3	7	9	0	0	0	0	0	4.939927	0.527529	0.530380	0.527529	2.013846	15.750000	18.000000	0.914942	0.877631	0.840319	0	0	1	1	157	1164682
1444481839	36	37	27	35	5	5	3	1	4	7	1	0	1	0	0	4.936703	0.526103	0.528955	0.527529	2.014652	15.750000	18.000000	0.849310	0.886645	0.886645	0	0	1	1	157	1168583
1444481840	39	38	20	35	7	4	1	2	6	4	1	0	1	0	0	4.939927	0.528955	0.527529	0.524677	2.015458	15.750000	18.000000	0.914942	0.914942	0.840319	0	0	1	1	157	1167452
1444481841	33	33	40	45	5	2	6	5	5	10	1	0	0	2	0	4.939927	0.528955	0.528955	0.527529	2.014652	15.750000	18.000000	0.877631	0.952257	0.877631	0	0	1	1	157	1164718
1444481843	32	33	35	33	1	4	1	2	2	4	0	0	0	0	0	4.939927	0.526103	0.528955	0.527529	2.014652	15.750000	18.000000	0.840319	0.914942	0.840319	0	0	1	1	158	1167461
1444481844	36	28	36	33	2	1	1	5	3	5	0	0	0	0	0	4.936703	0.526103	0.518974	0.526103	2.014652	15.750000	18.000000	0.886645	0.923981	0.849310	0	0	1	1	157	1167446
1444481845	40	33	36	37	2	5	3	4	4	5	0	0	0	0	0	4.938315	0.527529	0.528955	0.527529	2.015458	15.750000	18.000000	0.844813	0.919461	0.807490	0	0	1	1	157	1167448
1444481846	35	31	35	38	1	2	2	3	3	6	0	0	0	0	0	4.941538	0.527529	0.530380	0.526103	2.015458	15.750000	18.000000	0.873128	0.910427	0.873128	0	0	1	1	157	1164691
1444481847	38	34	32	36	4	5	3	1	3	3	0	0	2	0	0	4.939927	0.527529	0.528955	0.526103	2.014652	15.750000	18.000000	0.914942	0.952257	0.877631	0	0	1	1	157	1167437
1444481849	28	37	43	36	4	3	1	4	3	10	0	0	1	0	0	4.938315	0.530380	0.527529	0.524677	2.013846	15.750000	18.000000	0.844813	0.695518	0.844813	0	0	1	1	157	1167452
1444481850	48	33	24	30	7	4	2	1	1	1	1	1	0	0	0	4.939927	0.526103	0.530380	0.524677	2.014652	15.750000	18.000000	0.877631	0.914942	0.877631	0	0	1	1	158	1167472
1444481851	35	22	34	39	1	1	2	2	2	8	0	0	0	1	0	4.939927	0.526103	0.528955	0.527529	2.014652	15.750000	18.000000	0.877631	0.914942	0.840319	0	0	1	1	157	1168602
1444481852	36	32	39	38	2	3	3	3	4	8	1	0	1	0	0	4.941538	0.527529	0.528955	0.526103	2.015458	15.750000	18.000000	0.873128	0.910427	0.835829	0	0	1	1	157	1167461
1444481853	26	31	25	33	2	3	2	4	6	6	0	0	1	2	0	4.939927	0.527529	0.526103	0.526103	2.014652	15.750000	18.000000	0.840319	0.914942	0.840319	0	0	1	1	157	1164691
1444481855	32	32	36	42	3	2	2	4	4	7	1	0	0	1	0	4.941538	0.527529	0.528955	0.526103	2.015458	15.750000	18.000000	0.873128	0.910427	0.835829	0	0	1	1	157	1167446
1444481856	41	29	34	32	5	5	1	2	7	2	1	0	1	0	0	4.939927	0.527529	0.528955	0.526103	2.015458	15.750000	18.000000	0.877631	0.914942	0.877631	0	0	1	1	157	1167461
1444481857	27	25	38	35	3	3	1	3	1	2	0	0	0	0	0	4.941538	0.520400	0.528955	0.526103	2.013846	15.750000	18.000000	1.880213	0.910427	0.798530	0	0	1	1	157	1164619
1444481858	37	45	37	44	3	4	3	5	6	6	0	0	1	0	0	4.938315	0.527529	0.528955	0.527529	2.014652	15.750000	18.000000	0.882137	0.956786	0.919461	0	0	1	1	157	1167446
1444481859	38	29	44	33	2	7	1	4	2	4	1	0	0	1	0	4.938315	0.528955	0.528955	0.526103	2.013846	15.750000	18.000000	0.882137	0.919461	0.844813	0	0	1	1	157	1167464
1444481861	31	37	33	41	2	4	4	0	2	5	0	0	1	0	0	4.941538	0.524677	0.528955	0.526103	2.014652	15.750000	18.000000	0.873128	0.910427	0.873128	0	0	1	1	157	1167461
1444481862	35	35	32	28	8	2	3	3	4	5	0	0	0	1	0	4.939927	0.528955	0.528955	0.528955	2.013040	15.750000	18.000000	0.914942	0.728385	0.803008	0	0	1	1	157	1164803
1444481863	37	34	38	38	3	5	3	3	4	7	0	0	1	0	0	4.941538	0.527529	0.528955	0.527529	2.013846	15.750000	18.000000	0.873128	0.910427	0.873128	0	0	1	1	157	1168687
1444481864	33	35	39	32	4	4	3	3	4	8	2	0	0	0	0	4.939927	0.527529	0.530380	0.526103	2.015458	15.750000	18.000000	0.877631	0.914942	0.877631	0	0	1	1	157	1167454
1444481865	42	32	31	37	8	1	4	4	6	6	0	0	0	2	0	4.938315	0.524677	0.527529	0.520400	2.013040	15.750000	18.000000	0.919461	0.844813	0.844813	0	0	1	1	157	1164695
1444481867	30	30	38	28	2	2	1	2	2	5	0	0	1	0	0	4.939927	0.528955	0.528955	0.527529	2.013846	15.750000	18.000000	0.914942	0.914942	0.803008	0	0	1	1	157	1167437
1444481868	46	36	33	24	6	2	0	3	7	8	0	0	0	0	0	4.939927	0.528955	0.530380	0.526103	2.015458	15.750000	18.000000	0.877631	0.914942	0.840319	0	0	1	1	157	1167455
1444481869	25	31	31	38	7	0	3	2	3	3	0	0	0	2	0	4.944762	0.524677	0.527529	0.527529	2.013846	15.750000	18.000000	0.864131	0.901405	0.864131	0	0	1	1	157	1164704
1444481870	34	35	31	36	6	0	3	4	1	2	0	0	0	1	0	4.939927	0.527529	0.528955	0.527529	2.013846	15.750000	18.000000	0.728385	0.765698	0.803008	0	0	1	1	157	1167435
1444481871	34	36	40	37	1	1	4	3	4	1	0	0	0	0	0	4.939927	0.527529	0.528955	0.526103	2.013040	15.750000	18.000000	0.877631	0.914942	0.840319	0	0	1	1	157	1167451
1444481873	33	37	29	24	3	0	2	5	3	2	0	0	0	1	0	4.939927	0.527529	0.528955	0.527529	2.013846	15.750000	18.000000	0.840319	0.914942	0.877631	0	0	1	1	157	1164693
1444481874	34	29	40	34	3	2	2	1	3	7	0	0	0	1	0	4.936703	0.526103	0.528955	0.523252	2.011429	15.750000	18.000000	0.886645	0.998654	0.923981	0	0	1	1	157	1167433
1444481875	36	39	45	40	6	4	3	3	2	10	0	0	0	0	0	4.939927	0.527529	0.528955	0.527529	2.013846	15.750000	18.000000	0.840319	0.914942	0.840319	0	0	1	1	157	1168607
1444481876	33	39	29	47	6	1	2	4	4	6	0	0	0	1	0	4.943151	0.527529	0.528955	0.527529	2.014652	15.750000	18.000000	0.868628	0.905915	0.831341	0	0	1	1	158	1167486
1444481877	41	37	30	27	6	6	3	2	3	3	1	0	0	1	0	4.941538	0.530380	0.526103	0.527529	2.013846	15.750000	18.000000	0.873128	0.910427	0.873128	0	0	1	1	157	1164696
1444481879	34	32	35	35	4	2	2	2	3	6	0	0	0	0	0	4.938315	0.527529	0.528955	0.527529	2.013846	15.750000	18.000000	0.882137	0.919461	0.658195	0	0	1	1	157	1167447
1444481880	45	29	24	30	3	4	2	1	2	2	0	0	0	0	0	4.939927	0.527529	0.530380	0.527529	2.013846	15.750000	18.000000	0.877631	0.952257	0.877631	0	0	1	1	157	1167461
1444481881	42	42	29	35	8	0	5	4	3	4	0	1	0	0	0	4.938315	0.523252	0.524677	0.530380	2.013846	15.750000	18.000000	0.919461	0.919461	0.882137	0	0	1	1	157	1175218
1444481882	29	30	22	44	3	4	0	0	5	6	0	0	0	0	0	4.939927	0.527529	0.528955	0.527529	2.013846	15.750000	18.000000	0.877631	0.914942	0.914942	0	0	1	1	157	1167447
1444481883	35	38	30	33	2	0	4	2	3	6	0	0	0	0	0	4.939927	0.527529	0.528955	0.526103	2.013846	15.750000	18.000000	0.877631	0.914942	0.840319	0	0	1	1	157	1167461
1444481885	37	32	30	36	6	1	4	3	5	6	0	1	1	1	0	4.938315	0.524677	0.528955	0.527529	2.013846	15.750000	18.000000	0.882137	0.919461	0.882137	0	0	1	1	157	1164691
1444481886	31	36	34	33	2	3	1	4	6	4	1	0	0	0	0	4.938315	0.523252	0.526103	0.527529	2.013846	15.750000	18.000000	0.882137	0.919461	0.882137	0	0	1	1	157	1167440
1444481887	40	43	38	42	7	6	3	6	7	9	2	1	1	1	0	4.941538	0.527529	0.528955	0.526103	2.013040	15.750000	18.000000	0.686632	0.873128	0.798530	0	0	1	1	157	1168702
1444481888	36	34	27	39	6	3	2	3	7	5	0	0	1	1	0	4.939927	0.527529	0.528955	0.527529	2.013846	15.750000	18.000000	0.840319	0.914942	0.877631	0	0	1	1	157	1164696
1444481889	35	29	31	39	4	3	1	1	3	4	0	0	0	0	0	4.939927	0.527529	0.528955	0.527529	2.013846	15.750000	18.000000	0.840319	0.914942	0.840319	0	0	1	1	157	1167437
1444481891	35	32	36	42	2	0	3	3	4	4	0	0	0	0	0	4.941538	0.526103	0.528955	0.526103	2.013040	15.750000	18.000000	0.835829	0.910427	0.798530	0	0	1	1	157	1167448
1444481892	38	39	34	44	8	1	3	2	5	6	0	0	0	0	0	4.939927	0.526103	0.528955	0.527529	2.013846	15.750000	18.000000	0.877631	0.952257	0.840319	0	0	1	1	157	1167451
1444481893	37	41	30	31	8	2	3	6	3	4	1	1	1	1	1	4.939927	0.527529	0.528955	0.526103	2.013040	15.750000	18.000000	0.914942	0.914942	0.877631	0	0	1	1	157	1164684
1444481894	33	36	36	35	6	2	2	3	1	9	1	0	0	0	0	4.941538	0.527529	0.528955	0.527529	2.013040	15.750000	18.000000	0.873128	0.835829	0.985028	0	0	1	1	157	1167437
1444481895	30	51	32	29	3	1	1	5	3	3	0	1	0	1	0	4.939927	0.526103	0.528955	0.527529	2.013040	15.750000	18.000000	0.877631	0.914942	0.840319	0	0	1	1	157	1167451
1444481897	27	45	36	26	3	2	1	6	3	2	0	0	0	0	0	4.938315	0.526103	0.528955	0.527529	2.013040	15.750000	18.000000	0.844813	0.919461	0.844813	0	0	1	1	157	1164697
1444481898	40	37	37	31	8	2	4	6	6	8	1	1	0	2	0	4.938315	0.528955	0.530380	0.527529	2.013040	15.750000	18.000000	0.882137	0.956786	0.882137	0	0	1	1	157	1167437
1444481899	29	37	44	36	5	4	0	2	1	7	0	0	0	0	0	4.941538	0.528955	0.528955	0.527529	2.013040	15.750000	18.000000	0.873128	0.910427	0.835829	0	0	1	1	157	1168607
1444481900	33	36	31	38	5	3	1	5	3	4	0	0	0	1	0	4.941538	0.527529	0.528955	0.527529	2.013846	15.750000	18.000000	0.873128	0.910427	0.873128	0	0	1	1	157	1164695
1444481901	39	41	36	48	5	2	3	1	4	4	0	0	0	0	0	4.938315	0.527529	0.528955	0.526103	2.013040	15.750000	18.000000	0.882137	0.919461	0.844813	0	0	1	1	157	1167446
1444481903	21	44	39	33	4	4	1	5	4	6	0	0	1	0	0	4.939927	0.527529	0.528955	0.526103	2.012234	15.750000	18.000000	0.877631	0.728385	0.765698	0	0	1	1	157	1167461
1444481904	35	33	41	27	6	5	3	4	2	3	0	0	1	0	0	4.943151	0.527529	0.530380	0.527529	2.013040	15.750000	18.000000	0.868628	0.905915	0.905915	0	0	1	1	157	1194912
1444481905	39	40	38	39	6	4	1	2	3	8	0	0	0	1	0	4.939927	0.526103	0.528955	0.524677	2.013040	15.750000	18.000000	0.914942	0.914942	0.877631	0	0	1	1	157	1167444
1444481906	37	32	41	30	3	3	4	5	4	4	1	1	1	3	1	4.941538	0.527529	0.528955	0.526103	2.013040	15.750000	18.000000	0.873128	0.910427	0.835829	0	0	1	1	157	1167461
1444481907	45	40	39	31	5	5	5	3	4	6	0	1	2	0	0	4.939927	0.528955	0.530380	0.526103	2.013846	15.750000	18.000000	0.877631	0.952257	0.877631	0	0	1	1	157	1167461
1444481909	30	30	38	40	0	3	2	1	2	8	0	0	1	0	0	4.941538	0.527529	0.528955	0.527529	2.012234	15.750000	18.000000	0.873128	0.798530	0.798530	0	0	1	1	157	1164701
1444481910	37	26	36	30	5	2	1	3	2	4	0	0	1	0	0	4.938315	0.527529	0.528955	0.524677	2.012234	15.750000	18.000000	0.844813	0.882137	0.919461	0	0	1	1	157	1167442
1444481911	37	40	38	29	5	1	3	3	4	2	0	0	0	0	0	4.941538	0.526103	0.528955	0.527529	2.012234	15.750000	18.000000	0.910427	0.910427	0.873128	0	0	1	1	157	1168597
1444481912	30	36	30	32	2	0	3	3	5	3	0	1	0	0	0	4.939927	0.526103	0.528955	0.526103	2.013040	15.750000	18.000000	0.877631	0.914942	0.840319	0	0	1	1	157	1164682
1444481913	25	40	31	39	2	1	1	3	5	7	0	1	0	0	0	4.939927	0.526103	0.528955	0.526103	2.013040	15.750000	18.000000	0.840319	0.877631	0.877631	0	0	1	1	157	1167434
1444481915	37	35	35	31	6	2	3	3	3	4	0	0	0	0	0	4.939927	0.527529	0.528955	0.526103	2.013040	15.750000	18.000000	0.840319	0.914942	0.877631	0	0	1	1	157	1167451
1444481916	40	42	34	39	6	3	4	1	6	4	0	2	1	0	0	4.939927	0.527529	0.528955	0.527529	2.013040	15.750000	18.000000	0.840319	0.914942	0.877631	0	0	1	1	157	1164702
1444481917	41	37	40	40	5	2	4	6	6	7	0	2	0	1	0	4.939927	0.527529	0.528955	0.527529	2.012234	15.750000	18.000000	0.840319	0.728385	0.765698	0	0	1	1	157	1167437
1444481918	37	32	40	38	3	3	2	2	2	7	0	0	0	1	0	4.941538	0.527529	0.530380	0.527529	2.013040	15.750000	18.000000	0.873128	0.910427	0.835829	0	0	1	1	157	1167451
1444481919	44	40	29	29	4	2	3	3	3	0	0	0	0	0	0	4.939927	0.526103	0.528955	0.527529	2.013040	15.750000	18.000000	0.877631	0.914942	0.840319	0	0	1	1	157	1167454
1444481921	30	51	36	23	4	3	1	5	4	2	1	0	0	0	0	4.941538	0.527529	0.528955	0.521826	2.011429	15.750000	18.000000	1.022327	0.910427	0.873128	0	0	1	1	157	1164681
1444481922	38	42	38	34	3	0	1	2	6	3	0	1	0	0	0	4.939927	0.527529	0.528955	0.527529	2.012234	15.750000	18.000000	0.877631	0.877631	0.803008	0	0	1	1	157	1167436
1444481923	36	36	40	36	4	2	2	3	6	8	0	1	1	1	0	4.941538	0.526103	0.528955	0.527529	2.013040	15.750000	18.000000	0.873128	0.910427	0.873128	0	0	1	1	157	1168606
1444481924	40	35	44	26	7	5	2	6	3	3	2	1	1	1	0	4.939927	0.526103	0.528955	0.526103	2.012234	15.750000	18.000000	0.914942	0.952257	0.877631	0	0	1	1	157	1164686
1444481925	35	33	41	38	4	1	1	2	3	7	0	0	0	0	0	4.941538	0.526103	0.527529	0.527529	2.013040	15.750000	18.000000	0.873128	0.910427	0.910427	0	0	1	1	157	1167447
1444481927	34	35	38	41	5	5	3	5	7	6	1	1	2	1	1	4.939927	0.526103	0.528955	0.526103	2.012234	15.750000	18.000000	0.877631	0.914942	0.840319	0	0	1	1	157	1167461
1444481928	42	38	37	40	1	4	3	4	4	6	0	0	1	0	0	4.939927	0.527529	0.528955	0.526103	2.013040	15.750000	18.000000	0.877631	0.914942	0.877631	0	0	1	1	157	1164692
1444481929	25	34	33	37	5	1	2	1	7	4	0	1	0	0	0	4.941538	0.527529	0.528955	0.527529	2.013040	15.750000	18.000000	0.798530	0.910427	0.798530	0	0	1	1	157	1167446
1444481930	39	40	45	37	7	3	2	3	4	5	0	0	1	0	0	4.938315	0.528955	0.530380	0.526103	2.011429	15.750000	18.000000	0.882137	0.919461	0.882137	0	0	1	1	157	1167462
1444481931	32	40	31	32	4	4	3	4	4	5	0	0	0	1	0	4.939927	0.527529	0.530380	0.526103	2.013040	15.750000	18.000000	0.877631	0.914942	0.840319	0	0	1	1	157	1164693
1444481933	35	34	37	37	5	0	3	4	5	7	0	0	0	1	0	4.939927	0.521826	0.528955	0.526103	2.012234	15.750000	18.000000	0.877631	0.877631	0.877631	0	0	1	1	157	1167447
1444481934	35	36	32	40	4	2	2	4	6	8	1	1	1	2	1	4.936703	0.527529	0.528955	0.528955	2.010623	15.750000	18.000000	0.811974	0.961318	0.886645	0	0	1	1	157	1167456
1444481935	25	32	33	32	5	3	0	4	2	4	1	0	0	0	0	4.939927	0.527529	0.528955	0.528955	2.012234	15.750000	18.000000	0.877631	0.914942	0.877631	0	0	1	1	157	1168597
1444481936	50	42	19	22	6	0	5	1	3	4	0	2	0	0	0	4.939927	0.527529	0.530380	0.527529	2.012234	15.750000	18.000000	0.840319	0.914942	0.840319	0	0	1	1	157	1164682
1444481937	29	30	35	38	1	3	2	8	0	5	0	0	0	0	0	4.939927	0.527529	0.528955	0.527529	2.013040	15.750000	18.000000	0.840319	0.989567	0.877631	0	0	1	1	157	1167436
1444481939	38	31	36	41	3	2	4	6	3	4	0	0	1	1	0	4.941538	0.526103	0.528955	0.527529	2.012234	15.750000	18.000000	0.910427	0.910427	0.873128	0	0	1	1	157	1167451
1444481940	31	36	15	35	5	0	4	1	5	2	0	0	0	0	0	4.941538	0.527529	0.528955	0.527529	2.012234	15.750000	18.000000	0.835829	0.910427	0.910427	0	0	1	1	157	1164682
1444481941	38	39	31	38	4	1	4	1	4	5	0	0	1	0	0	4.941538	0.528955	0.527529	0.524677	2.011429	15.750000	18.000000	0.873128	0.910427	0.873128	0	0	1	1	157	1167437
1444481942	31	42	40	36	1	5	3	2	2	9	0	0	1	0	0	4.939927	0.527529	0.530380	0.527529	2.011429	15.750000	18.000000	0.877631	0.803008	0.877631	0	0	1	1	157	1167451
1444481943	31	41	33	26	5	1	3	3	4	4	0	0	1	2	0	4.941538	0.527529	0.528955	0.528955	2.012234	15.750000	18.000000	0.873128	0.910427	0.873128	0	0	1	1	157	1164713
1444481945	45	21	38	33	5	3	3	0	2	5	0	0	0	0	0	4.938315	0.528955	0.528955	0.526103	2.011429	15.750000	18.000000	0.882137	0.919461	0.882137	0	0	1	1	157	1167436
1444481946	29	30	41	28	1	4	1	4	1	7	0	0	0	0	0	4.938315	0.526103	0.528955	0.528955	2.009817	15.500000	18.000000	0.882137	0.956786	0.919461	0	0	1	1	157	1167448
1444481947	28	35	37	33	2	5	2	3	4	2	0	0	1	0	0	4.941538	0.527529	0.528955	0.527529	2.011429	15.750000	18.000000	0.873128	0.910427	0.873128	0	0	1	1	157	1166289
1444481948	39	32	35	28	3	3	0	2	1	6	0	0	0	0	0	4.939927	0.527529	0.528955	0.526103	2.012234	15.750000	18.000000	0.840319	0.877631	0.840319	0	0	1	1	157	1167381
1444481949	37	35	38	35	6	2	0	2	2	7	1	0	0	0	0	4.944762	0.527529	0.528955	0.527529	2.012234	15.500000	18.000000	0.864131	0.715030	0.752306	0	0	1	1	157	1167461
1444481951	35	37	28	32	2	1	1	3	2	5	0	0	0	1	0	4.941538	0.526103	0.527529	0.526103	2.011429	15.750000	18.000000	0.835829	0.873128	0.873128	0	0	1	1	157	1167461
1444481952	27	44	31	43	3	3	3	6	4	7	0	0	1	1	0	4.939927	0.527529	0.528955	0.527529	2.011429	15.750000	18.000000	0.877631	0.914942	0.840319	0	0	1	1	157	1164718
1444481953	39	44	34	48	6	1	5	4	5	5	0	1	0	1	0	4.941538	0.527529	0.530380	0.524677	2.009817	15.500000	18.000000	0.910427	0.873128	0.835829	0	0	1	1	157	1167446
1444481954	33	32	38	26	4	3	4	4	5	3	1	1	2	1	1	4.941538	0.526103	0.528955	0.527529	2.013040	15.750000	18.000000	0.873128	0.910427	0.910427	0	0	1	1	157	1167461
1444481955	32	35	41	28	3	2	3	3	1	6	0	0	0	1	0	4.936703	0.527529	0.530380	0.527529	2.009817	15.750000	18.000000	0.886645	0.923981	0.923981	0	0	1	1	157	1164696
1444481957	33	35	30	32	5	1	1	4	5	2	0	0	0	0	0	4.941538	0.524677	0.531806	0.524677	2.009817	15.500000	18.000000	0.873128	0.947729	0.910427	0	0	1	1	157	1167447
1444481958	32	35	33	46	3	0	1	1	5	8	0	0	0	0	0	4.939927	0.528955	0.528955	0.527529	2.012234	15.750000	18.000000	0.840319	0.877631	0.840319	0	0	1	1	157	1167461
1444481959	27	35	25	32	1	1	1	1	4	3	0	0	1	0	0	4.936703	0.527529	0.528955	0.528955	2.010623	15.750000	18.000000	0.849310	0.886645	0.886645	0	0	1	1	157	1165831
1444481960	37	33	46	37	5	3	6	5	3	4	1	2	1	2	1	4.939927	0.527529	0.528955	0.526103	2.011429	15.750000	18.000000	0.877631	0.914942	0.840319	0	0	1	1	157	1167437
1444481961	33	33	31	48	0	1	3	1	5	5	0	0	1	1	0	4.939927	0.527529	0.527529	0.527529	2.012234	15.750000	18.000000	0.840319	0.877631	0.877631	0	0	1	1	157	1167451
1444481963	31	38	37	39	3	4	3	6	3	8	0	0	1	0	0	4.943151	0.527529	0.530380	0.527529	2.011429	15.500000	18.000000	0.868628	0.905915	0.831341	0	0	1	1	157	1164683
1444481964	38	29	31	36	6	3	4	3	4	4	0	0	0	1	0	4.936703	0.526103	0.528955	0.527529	2.010623	15.750000	18.000000	0.849310	0.923981	0.886645	0	0	1	1	157	1167436
1444481965	32	37	32	38	6	1	3	3	5	2	0	2	0	0	0	4.941538	0.528955	0.527529	0.523252	2.010623	15.500000	18.000000	0.873128	0.910427	0.835829	0	0	1	1	157	1167452
1444481966	29	31	31	38	6	2	2	7	3	7	2	0	0	1	0	4.939927	0.526103	0.528955	0.526103	2.011429	15.750000	18.000000	0.914942	0.952257	0.914942	0	0	1	1	157	1167451
1444481967	40	37	25	32	3	1	3	0	1	1	0	0	1	0	0	4.939927	0.526103	0.528955	0.527529	2.011429	15.750000	18.000000	0.877631	0.914942	0.877631	0	0	1	1	157	1164690
1444481969	38	32	46	37	3	5	3	0	1	7	0	0	0	0	0	4.936703	0.526103	0.521826	0.524677	2.010623	15.750000	18.000000	0.849310	0.923981	0.886645	0	0	1	1	157	1167437
1444481970	33	31	42	25	6	3	2	6	2	3	2	2	1	1	1	4.939927	0.528955	0.528955	0.526103	2.010623	15.750000	18.000000	0.877631	0.952257	0.914942	0	0	1	1	157	1167449
1444481971	33	41	39	39	3	2	3	2	7	7	0	0	1	0	0	4.939927	0.526103	0.528955	0.527529	2.010623	15.750000	18.000000	0.840319	0.952257	0.914942	0	0	1	1	157	1165845
1444481972	39	42	43	39	5	2	1	4	3	8	1	0	0	0	0	4.936703	0.527529	0.528955	0.527529	2.009817	15.750000	18.000000	0.923981	0.961318	0.849310	0	0	1	1	157	1167447
1444481973	32	28	34	33	1	3	3	3	3	4	1	1	1	0	1	4.941538	0.524677	0.531806	0.524677	2.010623	15.500000	18.000000	0.873128	0.947729	0.873128	0	0	1	1	157	1167461
1444481975	39	34	28	31	3	5	0	2	1	4	0	0	0	0	0	4.939927	0.527529	0.528955	0.526103	2.011429	15.750000	18.000000	0.914942	0.914942	0.840319	0	0	1	1	157	1164698
1444481976	35	38	30	34	9	2	5	0	5	4	0	2	0	0	0	4.941538	0.527529	0.528955	0.527529	2.010623	15.500000	18.000000	0.873128	0.910427	0.835829	0	0	1	1	157	1167450
1444481977	32	47	34	29	5	3	0	5	7	4	0	0	0	2	0	4.938315	0.526103	0.527529	0.528955	2.008205	15.500000	18.000000	0.994110	0.994110	0.882137	0	0	1	1	157	1151727
1444481978	26	37	33	45	1	2	1	3	4	5	0	0	0	1	0	4.939927	0.527529	0.528955	0.527529	2.009817	15.500000	18.000000	0.914942	0.914942	0.877631	0	0	1	1	157	1164635
1444481979	34	38	31	33	5	0	1	3	3	4	0	0	0	0	0	4.939927	0.526103	0.528955	0.527529	2.009817	15.500000	18.000000	0.877631	0.914942	0.840319	0	0	1	1	157	1167446
1444481981	34	31	35	36	1	5	0	4	6	3	0	0	0	2	0	4.943151	0.526103	0.527529	0.526103	2.009817	15.500000	18.000000	0.868628	0.905915	0.868628	0	0	1	1	157	1167462
1444481982	35	30	50	29	5	3	2	4	1	4	1	0	0	0	0	4.939927	0.528955	0.524677	0.520400	2.009011	15.500000	18.000000	0.840319	0.877631	0.877631	0	0	1	1	157	1167461
1444481983	47	38	45	33	5	2	2	1	4	8	0	0	0	0	0	4.941538	0.527529	0.528955	0.526103	2.010623	15.500000	18.000000	0.873128	0.910427	0.835829	0	0	1	1	157	1165754
1444481984	31	43	37	41	1	2	2	4	5	4	0	0	0	0	0	4.938315	0.526103	0.528955	0.528955	2.010623	15.750000	18.000000	0.844813	0.919461	0.919461	0	0	1	1	157	1167437
1444481985	32	40	43	38	3	0	3	3	7	5	0	1	0	1	0	4.939927	0.518974	0.527529	0.524677	2.008205	15.500000	18.000000	0.840319	0.728385	0.803008	0	0	1	1	157	1167451
1444481987	27	34	27	38	3	1	3	5	3	6	0	0	0	0	0	4.939927	0.527529	0.528955	0.527529	2.009817	15.500000	18.000000	0.877631	0.914942	0.877631	0	0	1	1	157	1205919
1444481988	33	34	36	38	5	1	4	1	5	6	0	2	0	0	0	4.939927	0.527529	0.528955	0.527529	2.010623	15.750000	18.000000	0.877631	0.952257	0.877631	0	0	1	1	157	1167437
1444481989	37	36	30	37	2	3	2	1	3	4	0	0	0	0	0	4.939927	0.527529	0.530380	0.526103	2.010623	15.750000	18.000000	0.877631	0.914942	0.877631	0	0	1	1	157	1167452
1444481990	40	29	37	30	4	6	0	4	0	5	1	0	0	0	0	4.944762	0.528955	0.530380	0.527529	2.009817	15.500000	18.000000	0.826856	0.901405	0.864131	0	0	1	1	157	1170160
1444481991	41	39	31	28	6	2	3	1	3	4	0	0	0	0	0	4.941538	0.527529	0.528955	0.524677	2.009011	15.500000	18.000000	0.910427	0.947729	0.873128	0	0	1	1	157	1167435
1444481993	28	27	35	31	3	4	2	2	1	9	1	0	0	0	0	4.941538	0.527529	0.528955	0.526103	2.009817	15.500000	18.000000	0.910427	0.910427	0.835829	0	0	1	1	157	1167452
1444481994	35	35	36	35	2	3	4	3	2	5	0	0	0	0	0	4.938315	0.527529	0.528955	0.526103	2.009011	15.500000	18.000000	0.882137	0.919461	0.882137	0	0	1	1	157	1164694
1444481995	30	28	27	31	5	4	4	1	2	8	1	1	1	0	0	4.939927	0.527529	0.524677	0.524677	2.010623	15.750000	18.000000	0.877631	0.914942	0.877631	0	0	1	1	157	1168592
1444481996	33	34	27	32	5	0	2	2	4	5	0	0	0	0	0	4.939927	0.527529	0.528955	0.527529	2.009817	15.500000	18.000000	0.840319	0.914942	0.914942	0	0	1	1	157	1167461
1444481997	42	35	30	29	3	2	1	2	2	3	0	0	0	0	0	4.941538	0.526103	0.528955	0.526103	2.010623	15.500000	18.000000	0.835829	0.910427	0.910427	0	0	1	1	157	1167461
1444481999	43	40	38	32	7	4	2	3	5	5	0	1	0	1	0	4.939927	0.524677	0.528955	0.527529	2.009817	15.500000	18.000000	0.840319	0.914942	0.840319	0	0	1	1	157	1164704
1444482000	32	31	25	24	5	4	0	4	3	4	1	0	0	2	0	4.941538	0.527529	0.528955	0.527529	2.010623	15.500000	18.000000	0.835829	0.910427	0.835829	0	0	1	1	157	1167444
1444482001	38	33	31	39	6	3	4	1	3	4	0	1	0	0	0	4.941538	0.526103	0.528955	0.527529	2.009817	15.500000	18.000000	0.873128	0.910427	0.835829	0	0	1	1	157	1167461
1444482002	29	29	41	29	5	2	2	4	2	5	1	1	1	2	1	4.941538	0.527529	0.528955	0.526103	2.009011	15.500000	18.000000	0.873128	0.910427	0.835829	0	0	1	1	157	1164701
1444482003	32	29	39	36	2	2	3	4	2	6	0	0	0	0	0	4.938315	0.527529	0.528955	0.526103	2.009011	15.500000	18.000000	0.844813	0.919461	0.807490	0	0	1	1	157	1167446
1444482005	40	35	49	38	3	4	4	6	5	10	1	0	1	2	0	4.941538	0.527529	0.528955	0.526103	2.009817	15.500000	18.000000	0.873128	0.947729	0.873128	0	0	1	1	157	1167461
1444482006	38	32	24	22	4	0	0	1	1	2	0	0	0	0	0	4.936703	0.527529	0.530380	0.527529	2.009817	15.750000	18.000000	0.886645	0.923981	0.811974	0	0	1	1	158	1167480
1444482007	36	42	41	43	6	4	1	2	5	7	0	0	0	0	0	4.941538	0.527529	0.528955	0.527529	2.009817	15.500000	18.000000	0.873128	0.910427	0.873128	0	0	1	1	157	1168592
1444482008	24	32	43	29	3	3	0	4	2	2	0	0	0	0	0	4.941538	0.528955	0.528955	0.526103	2.009011	15.500000	18.000000	0.686632	0.798530	0.723931	0	0	1	1	157	1167452
1444482009	42	39	45	40	7	3	4	6	7	7	1	1	0	0	0	4.939927	0.527529	0.528955	0.527529	2.009817	15.500000	18.000000	0.840319	0.914942	0.914942	0	0	1	1	157	1167452
1444482011	44	37	36	32	6	1	4	2	6	2	0	3	0	0	0	4.941538	0.527529	0.528955	0.527529	2.009011	15.500000	18.000000	0.873128	0.910427	0.873128	0	0	1	1	157	1164695
1444482012	28	43	36	28	5	0	1	3	3	1	0	0	0	0	0	4.941538	0.527529	0.530380	0.523252	2.009011	15.500000	18.000000	0.873128	0.910427	0.873128	0	0	1	1	157	1167437
1444482013	39	32	37	44	7	6	2	3	7	9	1	1	2	1	1	4.939927	0.527529	0.528955	0.526103	2.009011	15.500000	18.000000	0.877631	0.877631	0.765698	0	0	1	1	157	1167451
1444482014	24	33	40	25	2	3	1	3	4	3	0	0	1	0	0	4.941538	0.526103	0.528955	0.527529	2.009011	15.500000	18.000000	0.873128	0.947729	0.873128	0	0	1	1	157	1164703
1444482015	26	35	39	34	3	1	2	4	2	3	0	0	0	0	0	4.947986	0.524677	0.528955	0.526103	2.008205	15.500000	18.000000	0.817895	0.892396	0.892396	0	0	1	1	157	1167437
1444482017	29	31	43	40	6	0	1	5	4	4	0	0	0	0	0	4.941538	0.526103	0.528955	0.527529	2.009011	15.500000	18.000000	0.873128	0.910427	0.873128	0	0	1	1	157	1167452
1444482018	39	39	30	37	3	1	2	1	6	5	0	0	0	0	0	4.938315	0.528955	0.530380	0.527529	2.008205	15.500000	18.000000	0.882137	0.919461	0.882137	0	0	1	1	157	1164697
1444482019	31	47	36	32	6	1	2	5	5	10	0	1	0	1	0	4.938315	0.526103	0.528955	0.527529	2.009011	15.500000	18.000000	0.882137	0.956786	0.882137	0	0	1	1	157	1168592
1444482020	36	48	31	51	5	1	5	7	8	7	0	0	0	1	0	4.941538	0.527529	0.524677	0.528955	2.009817	15.500000	18.000000	0.835829	0.873128	0.873128	0	0	1	1	158	1167482
1444482021	38	42	30	42	3	0	4	3	7	3	0	0	0	0	0	4.939927	0.527529	0.528955	0.527529	2.009011	15.500000	18.000000	0.914942	0.952257	0.840319	0	0	1	1	157	1164695
1444482023	24	33	39	43	1	5	3	6	4	7	0	0	1	0	0	4.941538	0.527529	0.528955	0.527529	2.008205	15.500000	18.000000	0.910427	0.910427	0.835829	0	0	1	1	157	1167446
1444482024	29	37	40	38	3	4	1	3	5	3	1	0	0	0	0	4.943151	0.526103	0.527529	0.526103	2.008205	15.500000	18.000000	0.868628	0.868628	0.831341	0	0	1	1	157	1167461
1444482025	32	35	40	41	4	3	5	2	7	5	1	2	2	2	1	4.941538	0.526103	0.528955	0.526103	2.009011	15.500000	18.000000	0.873128	0.947729	0.873128	0	0	1	1	157	1167461
1444482026	40	41	34	30	4	2	2	5	3	2	0	1	0	1	0	4.941538	0.526103	0.530380	0.527529	2.009817	15.500000	18.000000	0.873128	0.947729	0.873128	0	0	1	1	157	1164717
1444482027	32	28	34	39	4	2	3	2	3	3	0	1	0	0	0	4.941538	0.526103	0.530380	0.527529	2.009011	15.500000	18.000000	0.835829	0.873128	0.835829	0	0	1	1	157	1167446
1444482029	39	26	26	31	4	2	3	2	4	5	0	1	1	0	0	4.941538	0.527529	0.526103	0.527529	2.009817	15.500000	18.000000	0.873128	0.910427	0.835829	0	0	1	1	157	1167458
1444482030	27	44	42	40	4	2	3	3	7	8	0	0	1	0	0	4.939927	0.527529	0.528955	0.527529	2.008205	15.500000	18.000000	0.877631	0.877631	0.877631	0	0	1	1	157	1164694
1444482031	24	36	45	34	1	3	1	3	3	4	0	0	0	0	0	4.939927	0.527529	0.530380	0.527529	2.008205	15.500000	18.000000	0.840319	0.914942	0.877631	0	0	1	1	157	1168582
1444482032	40	51	35	32	6	3	1	2	5	3	0	0	0	0	0	4.946374	0.526103	0.528955	0.526103	2.008205	15.500000	18.000000	0.859637	0.896899	0.896899	0	0	1	1	157	1167452
1444482033	27	26	40	35	3	0	4	1	2	8	0	0	0	0	0	4.941538	0.526103	0.528955	0.526103	2.009011	15.500000	18.000000	0.873128	0.910427	0.835829	0	0	1	1	157	1164680
1444482035	36	28	40	42	5	3	2	3	3	3	0	1	0	1	0	4.941538	0.526103	0.528955	0.526103	2.009011	15.500000	18.000000	0.910427	0.947729	0.873128	0	0	1	1	157	1167440
1444482036	27	29	40	42	2	1	2	3	2	4	0	0	0	0	0	4.939927	0.527529	0.528955	0.527529	2.008205	15.500000	18.000000	0.877631	0.914942	0.840319	0	0	1	1	157	1167451
1444482037	35	41	26	30	3	2	2	2	7	4	1	1	1	1	1	4.939927	0.527529	0.528955	0.527529	2.009011	15.500000	18.000000	0.914942	0.914942	0.877631	0	0	1	1	157	1164701
1444482038	31	35	42	31	2	7	1	2	8	2	0	0	0	0	0	4.941538	0.527529	0.530380	0.527529	2.009011	15.500000	18.000000	0.873128	0.873128	0.835829	0	0	1	1	157	1167439
1444482039	26	32	34	30	3	3	3	5	5	3	0	0	1	1	0	4.939927	0.526103	0.528955	0.527529	2.008205	15.500000	18.000000	0.877631	0.914942	0.877631	0	0	1	1	157	1167452
1444482041	45	50	35	39	7	3	3	3	6	5	0	0	0	1	0	4.941538	0.526103	0.528955	0.526103	2.009011	15.500000	18.000000	0.873128	0.835829	1.022327	0	0	1	1	157	1167452
1444482042	39	48	41	39	4	2	4	2	4	7	0	1	0	0	0	4.939927	0.527529	0.530380	0.527529	2.006593	15.500000	18.000000	0.877631	0.952257	0.803008	0	0	1	1	157	1164680
1444482043	36	48	29	39	5	2	2	2	6	4	1	0	0	0	0	4.939927	0.527529	0.530380	0.526103	2.007399	15.500000	18.000000	0.877631	0.914942	0.877631	0	0	1	1	157	1168595
1444482044	38	36	34	32	4	3	3	3	6	3	0	0	0	1	0	4.941538	0.527529	0.528955	0.527529	2.007399	15.500000	18.000000	0.873128	0.910427	0.873128	0	0	1	1	157	1167461
1444482045	34	35	31	31	7	1	1	2	3	4	1	0	0	0	0	4.936703	0.527529	0.528955	0.527529	2.007399	15.500000	18.000000	0.886645	0.923981	0.849310	0	0	1	1	157	1164687
1444482047	42	25	29	30	2	3	0	1	2	3	0	0	0	0	0	4.941538	0.526103	0.528955	0.527529	2.008205	15.500000	18.000000	0.873128	0.910427	0.873128	0	0	1	1	157	1167449
1444482048	29	46	24	29	2	4	0	2	3	2	0	0	0	0	0	4.939927	0.526103	0.528955	0.526103	2.008205	15.500000	18.000000	0.877631	0.914942	0.914942	0	0	1	1	157	1167460
1444482049	17	38	25	22	2	1	1	5	4	2	0	0	0	1	0	4.939927	0.527529	0.530380	0.526103	2.007399	15.500000	18.000000	0.914942	0.840319	0.840319	0	0	1	1	157	1164688
1444482050	44	32	35	32	6	0	1	3	1	4	0	0	0	0	0	4.938315	0.527529	0.528955	0.526103	2.006593	15.500000	18.000000	0.844813	0.882137	0.844813	0	0	1	1	157	1167447
1444482051	31	35	38	40	6	6	0	3	7	7	1	0	0	1	0	4.939927	0.527529	0.528955	0.527529	2.008205	15.500000	18.000000	0.877631	0.877631	0.914942	0	0	1	1	157	1167461
1444482053	36	42	33	44	5	2	3	3	9	8	0	0	1	0	0	4.936703	0.527529	0.528955	0.527529	2.005788	15.500000	18.000000	0.886645	0.923981	0.886645	0	0	1	1	157	1176760
1444482054	27	35	36	38	4	0	2	1	1	1	0	0	0	0	0	4.938315	0.527529	0.528955	0.527529	2.006593	15.500000	18.000000	0.844813	0.919461	0.882137	0	0	1	1	157	1167442
1444482055	35	26	34	32	6	3	1	5	4	5	2	1	1	1	1	4.941538	0.526103	0.528955	0.527529	2.007399	15.500000	18.000000	0.873128	0.835829	0.985028	0	0	1	1	157	1168598
1444482056	47	39	46	38	10	3	1	3	5	3	0	1	0	0	0	4.941538	0.526103	0.528955	0.526103	2.007399	15.500000	18.000000	0.873128	0.910427	0.835829	0	0	1	1	157	1167452
1444482057	32	25	44	42	5	3	4	3	1	6	2	0	0	0	0	4.941538	0.527529	0.528955	0.527529	2.007399	15.500000	18.000000	0.910427	0.910427	0.835829	0	0	1	1	158	1167475
1444482059	42	38	27	26	6	1	4	0	3	2	0	0	0	0	0	4.944762	0.526103	0.527529	0.526103	2.007399	15.500000	18.000000	0.864131	0.901405	0.901405	0	0	1	1	157	1167446
1444482060	30	32	33	30	3	2	1	1	0	7	0	0	1	0	0	4.941538	0.527529	0.528955	0.524677	2.008205	15.500000	18.000000	0.873128	0.910427	0.873128	0	0	1	1	157	1167448
1444482061	30	44	38	40	6	1	3	8	3	7	1	0	0	1	0	4.939927	0.526103	0.528955	0.528955	2.008205	15.500000	18.000000	0.840319	0.877631	0.877631	0	0	1	1	157	1164700
1444482062	25	32	25	35	3	1	3	1	3	1	0	0	1	0	0	4.939927	0.527529	0.528955	0.527529	2.007399	15.500000	18.000000	0.840319	0.952257	0.877631	0	0	1	1	157	1167437
1444482063	34	35	36	35	5	2	1	2	0	9	1	0	1	0	0	4.939927	0.528955	0.528955	0.526103	2.007399	15.500000	18.000000	0.877631	0.765698	0.803008	0	0	1	1	157	1167452
1444482065	26	28	27	32	1	1	2	5	2	3	0	0	0	0	0	4.943151	0.527529	0.528955	0.527529	2.007399	15.500000	18.000000	0.868628	0.905915	0.868628	0	0	1	1	157	1164684
1444482066	32	29	30	33	2	5	2	3	2	2	2	0	0	0	0	4.938315	0.527529	0.530380	0.527529	2.006593	15.500000	18.000000	0.882137	0.919461	0.882137	0	0	1	1	157	1167437
1444482067	43	29	38	40	3	2	2	5	3	6	0	0	1	1	0	4.935091	0.526103	0.528955	0.526103	2.006593	15.500000	18.000000	0.928504	0.965855	0.891157	0	0	1	1	157	1168607
1444482068	36	31	33	29	3	2	2	2	3	0	0	0	0	0	0	4.943151	0.527529	0.527529	0.527529	2.007399	15.500000	18.000000	0.868628	0.905915	0.868628	0	0	1	1	157	1164696
1444482069	32	34	44	35	4	3	2	2	4	7	1	1	0	1	0	4.938315	0.527529	0.528955	0.527529	2.007399	15.500000	18.000000	0.844813	0.882137	0.882137	0	0	1	1	157	1167449
1444482071	35	34	25	38	4	2	2	1	7	3	0	1	0	1	0	4.939927	0.527529	0.527529	0.527529	2.006593	15.500000	18.000000	0.877631	0.914942	0.877631	0	0	1	1	157	1167461
1444482072	37	38	35	35	4	2	1	2	2	4	0	0	0	0	0	4.939927	0.526103	0.528955	0.527529	2.007399	15.500000	18.000000	0.877631	0.877631	0.840319	0	0	1	1	157	1167461
1444482073	38	37	33	35	7	1	3	4	3	1	0	0	0	0	0	4.941538	0.527529	0.528955	0.527529	2.007399	15.500000	18.000000	0.873128	0.910427	0.835829	0	0	1	1	157	1164693
1444482074	43	47	21	41	8	1	2	1	6	3	0	2	0	0	0	4.943151	0.527529	0.530380	0.526103	2.008205	15.500000	18.000000	0.868628	0.905915	0.868628	0	0	1	1	157	1167446
1444482075	34	36	29	32	4	1	1	1	5	5	0	0	0	0	0	4.941538	0.526103	0.528955	0.527529	2.007399	15.500000	18.000000	0.723931	0.873128	0.835829	0	0	1	1	157	1167461
1444482077	41	50	40	46	4	4	4	3	5	7	0	0	1	0	0	4.941538	0.527529	0.530380	0.526103	2.006593	15.500000	18.000000	0.873128	0.910427	0.873128	0	0	1	1	157	1174942
1444482078	31	41	36	30	2	3	1	7	8	2	1	0	0	0	0	4.938315	0.527529	0.528955	0.528955	2.005788	15.500000	18.000000	0.844813	0.919461	0.882137	0	0	1	1	157	1167442
1444482079	44	36	35	37	3	4	4	2	5	2	0	0	0	1	0	4.941538	0.527529	0.528955	0.527529	2.006593	15.500000	18.000000	0.835829	0.835829	0.835829	0	0	1	1	157	1168597
1444482080	26	37	27	32	3	3	1	3	2	3	0	0	0	0	0	4.941538	0.527529	0.530380	0.527529	2.006593	15.500000	18.000000	0.873128	0.910427	0.873128	0	0	1	1	157	1164689
1444482081	34	43	33	35	4	3	1	3	6	7	0	0	0	1	0	4.936703	0.526103	0.528955	0.527529	2.006593	15.500000	18.000000	0.886645	0.961318	0.886645	0	0	1	1	157	1167436
1444482083	38	45	36	30	5	5	2	2	1	2	0	0	0	0	0	4.941538	0.527529	0.528955	0.526103	2.005788	15.500000	18.000000	0.910427	0.910427	0.873128	0	0	1	1	157	1167449
1444482084	31	39	29	27	4	1	3	1	4	4	0	1	0	0	0	4.938315	0.527529	0.528955	0.526103	2.006593	15.500000	18.000000	0.882137	0.919461	0.882137	0	0	1	1	157	1164691
1444482085	33	38	31	34	7	3	0	3	1	5	1	0	0	0	0	4.941538	0.527529	0.530380	0.528955	2.006593	15.500000	18.000000	0.873128	0.947729	0.835829	0	0	1	1	157	1167437
1444482086	34	31	31	37	4	3	2	2	5	4	0	1	0	0	0	4.939927	0.523252	0.527529	0.527529	2.006593	15.500000	18.000000	0.877631	0.840319	0.877631	0	0	1	1	157	1167451
1444482087	29	31	29	25	2	2	1	3	0	3	1	0	0	0	0	4.939927	0.528955	0.528955	0.526103	2.006593	15.500000	18.000000	0.877631	0.914942	0.877631	0	0	1	1	157	1167451
1444482089	32	33	29	41	5	3	0	4	5	8	0	0	0	1	0	4.930256	0.524677	0.528955	0.527529	2.003370	15.500000	18.000000	0.867324	0.942093	0.904709	0	0	1	1	157	1164701
1444482090	34	42	33	35	4	2	3	2	4	3	0	1	0	0	0	4.939927	0.527529	0.528955	0.528955	2.005788	15.500000	18.000000	0.914942	0.877631	0.840319	0	0	1	1	157	1167437
1444482091	41	37	34	36	4	4	3	7	4	7	1	1	0	2	0	4.939927	0.528955	0.528955	0.527529	2.006593	15.500000	18.000000	0.803008	0.952257	0.840319	0	0	1	1	157	1168607
1444482092	36	40	26	26	8	1	1	3	3	5	0	0	0	1	0	4.936703	0.527529	0.530380	0.527529	2.004982	15.500000	18.000000	0.923981	0.923981	0.886645	0	0	1	1	157	1164699
1444482093	33	41	40	39	6	3	1	3	4	4	0	1	0	0	0	4.938315	0.527529	0.527529	0.527529	2.005788	15.500000	18.000000	0.844813	0.882137	0.882137	0	0	1	1	157	1167447
1444482095	41	40	43	33	4	8	3	6	4	3	0	0	1	0	0	4.939927	0.528955	0.528955	0.527529	2.006593	15.500000	18.000000	0.877631	0.914942	0.803008	0	0	1	1	157	1167461
1444482096	27	32	38	46	3	2	2	2	5	9	1	0	0	1	0	4.941538	0.527529	0.528955	0.526103	2.006593	15.500000	18.000000	0.873128	0.873128	0.835829	0	0	1	1	157	1164719
1444482097	40	36	26	34	7	2	1	1	5	3	0	0	0	0	0	4.935091	0.531806	0.527529	0.527529	2.004176	15.500000	18.000000	0.891157	0.928504	0.853809	0	0	1	1	157	1167446
1444482098	34	27	35	38	4	2	2	3	3	7	0	0	1	1	0	4.941538	0.526103	0.528955	0.526103	2.006593	15.500000	18.000000	0.835829	0.910427	0.835829	0	0	1	1	157	1167461
1444482099	35	40	45	35	5	3	4	6	8	5	1	1	0	2	0	4.941538	0.526103	0.528955	0.527529	2.006593	15.500000	18.000000	0.873128	0.910427	0.835829	0	0	1	1	157	1167461
1444482101	40	37	42	37	6	2	1	1	3	5	1	0	0	0	0	4.938315	0.527529	0.528955	0.527529	2.005788	15.500000	18.000000	0.844813	0.919461	0.882137	0	0	1	1	157	1195603
1444482102	33	31	38	25	3	4	2	3	2	1	0	0	0	0	0	4.938315	0.526103	0.528955	0.526103	2.004982	15.500000	18.000000	0.882137	0.919461	0.882137	0	0	1	1	157	1167442
1444482103	41	35	37	41	5	5	1	3	2	4	0	0	0	0	0	4.939927	0.527529	0.528955	0.526103	2.005788	15.500000	18.000000	0.914942	0.914942	0.840319	0	0	1	1	157	1168598
1444482104	21	34	38	35	5	2	2	3	2	5	0	0	0	0	0	4.939927	0.527529	0.528955	0.526103	2.004176	15.500000	18.000000	0.803008	0.803008	0.840319	0	0	1	1	157	1164686
1444482105	41	24	34	40	3	2	3	0	2	5	0	1	1	0	0	4.938315	0.527529	0.528955	0.527529	2.004982	15.500000	18.000000	0.882137	0.956786	0.844813	0	0	1	1	157	1167437
1444482107	47	37	32	51	2	4	4	7	5	7	2	1	1	1	1	4.939927	0.527529	0.528955	0.526103	2.005788	15.500000	18.000000	0.840319	0.840319	0.877631	0	0	1	1	157	1167451
1444482108	26	36	37	38	3	0	2	1	4	8	0	0	0	0	0	4.941538	0.527529	0.528955	0.526103	2.005788	15.500000	18.000000	0.873128	0.947729	0.723931	0	0	1	1	157	1164602
1444482109	40	33	43	26	4	2	3	4	1	7	0	0	1	0	0	4.939927	0.527529	0.528955	0.527529	2.005788	15.500000	18.000000	0.877631	0.914942	0.877631	0	0	1	1	157	1167436
1444482110	33	29	28	31	4	0	2	0	1	0	0	0	0	0	0	4.935091	0.527529	0.528955	0.528955	2.004176	15.500000	18.000000	0.891157	0.928504	0.928504	0	0	1	1	157	1167452
1444482111	35	44	36	35	6	4	2	0	2	6	0	0	0	0	0	4.943151	0.526103	0.530380	0.527529	2.005788	15.500000	18.000000	0.794054	0.831341	0.905915	0	0	1	1	157	1164682
1444482113	30	43	29	37	4	2	3	4	7	5	0	0	0	1	0	4.938315	0.527529	0.530380	0.527529	2.004982	15.500000	18.000000	0.882137	0.882137	0.844813	0	0	1	1	157	1167437
1444482114	39	42	41	28	1	2	1	4	1	7	0	0	0	0	0	4.936703	0.528955	0.528955	0.527529	2.003370	15.500000	18.000000	0.886645	0.961318	0.886645	0	0	1	1	157	1167454
1444482115	28	28	35	31	2	3	2	3	4	3	1	0	0	0	0	4.939927	0.527529	0.528955	0.526103	2.005788	15.500000	18.000000	0.877631	0.952257	0.877631	0	0	1	1	157	1168607
1444482116	38	39	30	42	5	1	4	3	3	3	0	0	0	0	0	4.941538	0.527529	0.527529	0.527529	2.004982	15.500000	18.000000	0.873128	0.910427	0.873128	0	0	1	1	157	1164719
1444482117	31	37	42	42	2	2	0	4	3	6	0	0	0	0	0	4.939927	0.526103	0.528955	0.527529	2.004982	15.500000	18.000000	0.877631	0.952257	0.877631	0	0	1	1	157	1167446
1444482119	32	29	34	35	2	2	0	1	7	7	0	0	0	1	0	4.935091	0.527529	0.528955	0.528955	2.004176	15.500000	18.000000	0.891157	0.928504	0.853809	0	0	1	1	157	1167460
1444482120	28	30	27	25	1	1	1	2	4	4	0	0	0	0	0	4.941538	0.528955	0.530380	0.526103	2.005788	15.500000	18.000000	0.835829	0.761231	0.873128	0	0	1	1	157	1164698
1444482121	31	27	29	29	3	2	2	2	1	4	0	0	0	0	0	4.939927	0.528955	0.528955	0.527529	2.004982	15.500000	18.000000	0.877631	0.914942	0.877631	0	0	1	1	157	1167447
1444482122	45	36	37	33	6	6	4	2	6	6	0	0	1	2	0	4.941538	0.527529	0.530380	0.527529	2.004982	15.500000	18.000000	0.873128	0.873128	0.873128	0	0	1	1	157	1167464
1444482123	33	26	40	34	3	4	3	1	4	5	0	0	0	0	0	4.939927	0.528955	0.530380	0.520400	2.004176	15.500000	18.000000	0.877631	0.914942	0.877631	0	0	1	1	157	1164707
1444482125	31	25	33	26	3	1	0	1	3	3	0	0	0	0	0	4.938315	0.527529	0.528955	0.526103	2.004982	15.500000	18.000000	0.882137	0.882137	0.882137	0	0	1	1	157	1167446
1444482126	42	29	33	32	5	2	3	1	6	1	1	1	0	0	0	4.939927	0.528955	0.530380	0.528955	2.003370	15.500000	18.000000	0.877631	0.914942	0.840319	0	0	1	1	157	1167459
1444482127	46	36	44	39	6	3	2	2	5	7	0	0	0	1	0	4.939927	0.527529	0.528955	0.526103	2.004982	15.500000	18.000000	0.877631	0.914942	0.877631	0	0	1	1	157	1165931
1444482128	40	27	32	36	4	3	1	3	1	6	0	0	0	0	0	4.939927	0.520400	0.523252	0.534658	2.004982	15.500000	18.000000	0.877631	0.877631	0.840319	0	0	1	1	157	1167437
1444482129	38	37	35	33	3	2	1	3	3	5	0	0	0	0	0	4.941538	0.527529	0.528955	0.526103	2.004982	15.500000	18.000000	0.835829	0.873128	0.835829	0	0	1	1	157	1167451
1444482131	30	28	39	35	6	5	2	7	4	5	1	1	0	1	0	4.941538	0.527529	0.528955	0.527529	2.004176	15.500000	18.000000	0.835829	0.873128	0.835829	0	0	1	1	157	1167451
1444482132	31	37	45	33	4	1	0	6	4	4	0	0	0	1	0	4.943151	0.527529	0.528955	0.526103	2.004982	15.500000	18.000000	0.905915	0.905915	0.868628	0	0	1	1	157	1164703
1444482133	28	31	34	38	2	3	1	1	1	4	0	0	0	0	0	4.939927	0.527529	0.530380	0.524677	2.003370	15.500000	18.000000	0.877631	0.914942	0.877631	0	0	1	1	157	1167435
1444482134	28	29	28	21	3	3	0	3	3	0	0	0	0	0	0	4.941538	0.527529	0.530380	0.527529	2.004176	15.500000	18.000000	0.873128	0.910427	0.835829	0	0	1	1	157	1167452
1444482135	38	35	42	33	1	1	5	3	4	8	0	0	0	1	0	4.941538	0.527529	0.528955	0.527529	2.004982	15.500000	18.000000	0.873128	0.910427	0.873128	0	0	1	1	157	1164693
1444482137	36	37	39	34	6	4	1	4	3	4	0	1	0	0	0	4.941538	0.524677	0.528955	0.527529	2.004982	15.500000	18.000000	0.835829	0.910427	0.910427	0	0	1	1	157	1167437
1444482138	35	45	30	44	4	3	0	4	5	5	0	0	0	1	0	4.938315	0.527529	0.530380	0.528955	2.002564	15.500000	18.000000	0.882137	0.956786	0.882137	0	0	1	1	157	1167451
1444482139	38	22	35	40	6	1	2	1	1	7	0	0	0	1	0	4.941538	0.527529	0.528955	0.526103	2.004982	15.500000	18.000000	0.835829	0.910427	0.873128	0	0	1	1	157	1165945
1444482140	30	36	40	32	5	2	5	5	1	6	1	2	0	0	0	4.938315	0.527529	0.528955	0.527529	2.004176	15.500000	18.000000	0.882137	0.882137	0.844813	0	0	1	1	157	1167447
1444482141	26	29	34	30	4	4	1	0	1	7	0	0	1	0	0	4.943151	0.527529	0.528955	0.528955	2.004176	15.500000	18.000000	0.831341	0.719479	0.756766	0	0	1	1	157	1167461
1444482143	37	33	39	34	8	3	3	2	1	8	1	1	1	0	0	4.941538	0.527529	0.530380	0.528955	2.004176	15.500000	18.000000	0.835829	0.873128	0.873128	0	0	1	1	157	1164724
1444482144	37	37	38	40	5	1	2	3	4	5	0	0	0	0	0	4.939927	0.527529	0.528955	0.528955	2.004176	15.500000	18.000000	0.840319	0.914942	0.877631	0	0	1	1	157	1167446
1444482145	41	26	34	32	2	3	2	0	4	8	0	0	1	0	0	4.941538	0.527529	0.528955	0.521826	2.002564	15.500000	18.000000	0.985028	0.910427	0.910427	0	0	1	1	157	1167461
1444482146	42	36	47	31	5	5	2	8	2	4	1	0	0	1	0	4.939927	0.527529	0.528955	0.527529	2.004176	15.500000	18.000000	0.877631	0.914942	0.877631	0	0	1	1	157	1167461
1444482147	42	40	30	36	7	2	4	1	3	2	0	1	0	0	0	4.938315	0.527529	0.528955	0.527529	2.003370	15.500000	18.000000	0.844813	0.919461	0.882137	0	0	1	1	157	1164711
1444482149	41	37	27	36	5	2	4	0	4	3	0	0	0	0	0	4.941538	0.524677	0.526103	0.527529	2.004176	15.500000	18.000000	0.873128	0.910427	0.873128	0	0	1	1	157	1167447
1444482150	32	34	36	31	9	2	5	6	4	6	1	2	1	0	0	4.939927	0.528955	0.530380	0.527529	2.004176	15.500000	18.000000	0.765698	0.877631	0.877631	0	0	1	1	157	1167456
1444482151	37	36	28	43	3	0	2	1	5	3	0	1	0	0	0	4.941538	0.527529	0.530380	0.526103	2.004176	15.500000	18.000000	0.835829	0.910427	0.873128	0	0	1	1	157	1165838
1444482152	41	41	41	33	5	5	1	3	3	8	0	0	0	1	0	4.939927	0.528955	0.528955	0.527529	2.003370	15.500000	18.000000	0.840319	0.914942	0.877631	0	0	1	1	157	1167437
1444482153	35	26	32	28	0	1	4	3	3	3	0	0	0	0	0	4.941538	0.527529	0.530380	0.527529	2.003370	15.500000	18.000000	0.835829	0.910427	0.873128	0	0	1	1	157	1167451
1444482155	38	39	27	31	3	0	2	0	5	6	0	0	0	0	0	4.939927	0.527529	0.530380	0.527529	2.003370	15.500000	18.000000	0.877631	0.952257	0.877631	0	0	1	1	157	1175191
1444482156	32	36	34	39	2	1	1	7	4	10	0	0	0	2	0	4.939927	0.527529	0.528955	0.527529	2.003370	15.500000	18.000000	0.877631	0.914942	0.877631	0	0	1	1	157	1167436
1444482157	32	35	32	26	3	2	2	5	2	4	1	0	0	1	0	4.941538	0.527529	0.528955	0.527529	2.004176	15.500000	18.000000	0.910427	0.985028	0.873128	0	0	1	1	158	1167473
1444482158	42	23	35	33	4	1	0	0	2	8	0	0	0	0	0	4.941538	0.527529	0.528955	0.527529	2.003370	15.500000	18.000000	0.873128	0.873128	0.873128	0	0	1	1	157	1164672
1444482159	30	31	38	21	3	1	3	3	2	1	0	0	0	0	0	4.939927	0.530380	0.528955	0.527529	2.003370	15.500000	18.000000	0.914942	0.952257	0.877631	0	0	1	1	157	1167437
1444482161	39	34	30	42	5	2	1	3	4	6	0	1	0	1	0	4.939927	0.527529	0.530380	0.523252	2.002564	15.500000	18.000000	0.840319	0.914942	0.840319	0	0	1	1	157	1167451
1444482162	42	31	28	34	4	2	2	4	5	1	1	0	0	0	0	4.939927	0.527529	0.528955	0.526103	2.002564	15.500000	18.000000	0.728385	0.840319	0.840319	0	0	1	1	157	1167451
1444482163	35	43	26	39	4	0	2	2	4	5	0	1	0	1	0	4.939927	0.527529	0.528955	0.527529	2.003370	15.500000	18.000000	0.877631	0.914942	0.877631	0	0	1	1	157	1165847
1444482164	33	26	34	41	3	1	2	1	4	10	0	1	0	0	0	4.939927	0.530380	0.528955	0.527529	2.003370	15.500000	18.000000	0.952257	0.952257	0.840319	0	0	1	1	157	1167446
1444482165	36	33	42	37	5	3	0	6	2	6	1	0	0	1	0	4.939927	0.527529	0.530380	0.526103	2.002564	15.500000	18.000000	0.728385	0.877631	0.877631	0	0	1	1	158	1167482
1444482167	30	25	32	41	1	4	1	2	3	5	0	0	0	1	0	4.938315	0.527529	0.528955	0.527529	2.002564	15.500000	18.000000	0.844813	0.919461	0.882137	0	0	1	1	157	1164684
1444482168	42	27	30	25	5	4	4	2	2	4	0	0	0	0	0	4.939927	0.527529	0.528955	0.527529	2.002564	15.500000	18.000000	0.877631	0.914942	0.840319	0	0	1	1	157	1167447
1444482169	34	25	31	31	2	0	1	5	3	5	0	0	0	0	0	4.941538	0.527529	0.528955	0.526103	2.000147	15.500000	18.000000	0.873128	0.910427	0.873128	0	0	1	1	157	1167461
1444482170	37	34	42	31	4	4	2	6	5	6	1	2	0	1	0	4.941538	0.527529	0.528955	0.527529	2.003370	15.500000	18.000000	0.873128	0.910427	0.835829	0	0	1	1	157	1164686
1444482171	48	49	29	27	10	2	4	3	3	1	0	0	0	0	0	4.941538	0.527529	0.528955	0.526103	2.003370	15.500000	18.000000	0.873128	0.873128	0.835829	0	0	1	1	157	1167446
1444482173	45	28	37	37	5	1	1	6	5	7	0	0	1	2	0	4.946374	0.526103	0.527529	0.527529	2.002564	15.500000	18.000000	0.822375	0.859637	0.859637	0	0	1	1	158	1167481
1444482174	31	33	36	34	3	0	0	2	2	4	0	0	0	0	0	4.939927	0.530380	0.528955	0.527529	2.001758	15.500000	18.000000	0.914942	0.877631	0.877631	0	0	1	1	157	1164686
1444482175	29	35	37	31	5	3	2	3	2	4	0	0	1	1	0	4.941538	0.527529	0.528955	0.527529	2.002564	15.500000	18.000000	0.835829	0.910427	0.873128	0	0	1	1	157	1168687
1444482176	31	37	49	34	5	4	3	2	4	5	1	1	0	0	0	4.941538	0.527529	0.527529	0.526103	2.002564	15.500000	18.000000	0.873128	0.873128	0.910427	0	0	1	1	157	1167454
1444482177	43	34	34	33	4	1	2	2	5	3	0	0	0	0	0	4.941538	0.527529	0.528955	0.527529	2.002564	15.500000	18.000000	0.835829	0.873128	0.873128	0	0	1	1	157	1167451
1444482179	34	40	29	36	5	2	2	5	5	3	2	1	1	2	1	4.941538	0.526103	0.528955	0.527529	2.002564	15.500000	18.000000	0.873128	0.873128	0.761231	0	0	1	1	157	1164677
1444482180	38	34	28	31	7	0	1	2	2	2	0	0	0	0	0	4.939927	0.527529	0.528955	0.528955	2.003370	15.500000	18.000000	0.877631	0.914942	0.877631	0	0	1	1	157	1167439
1444482181	30	37	30	29	3	2	1	3	5	1	0	0	0	0	0	4.939927	0.526103	0.528955	0.526103	2.001758	15.500000	18.000000	0.877631	0.914942	0.914942	0	0	1	1	157	1167452
1444482182	39	37	28	31	6	6	4	4	2	3	0	0	1	0	0	4.941538	0.530380	0.530380	0.526103	2.003370	15.500000	18.000000	0.910427	0.910427	0.873128	0	0	1	1	157	1164699
1444482183	29	35	41	43	3	5	2	4	0	3	0	0	2	0	0	4.939927	0.528955	0.528955	0.527529	2.002564	15.500000	18.000000	0.952257	0.952257	0.877631	0	0	1	1	157	1167437
1444482185	40	38	27	40	5	2	4	1	4	5	1	0	0	0	0	4.941538	0.527529	0.528955	0.526103	2.002564	15.500000	18.000000	0.873128	0.910427	0.873128	0	0	1	1	157	1167451
1444482186	33	28	31	31	3	2	0	5	3	3	0	0	0	0	0	4.939927	0.521826	0.534658	0.526103	2.001758	15.500000	18.000000	0.914942	0.914942	0.877631	0	0	1	1	157	1164688
1444482187	29	24	36	32	2	4	2	0	1	7	0	1	0	0	0	4.941538	0.528955	0.528955	0.526103	2.002564	15.500000	18.000000	0.910427	0.910427	0.873128	0	0	1	1	157	1168592
1444482188	37	44	25	30	6	3	1	3	2	3	0	1	0	0	0	4.939927	0.530380	0.528955	0.527529	2.001758	15.500000	18.000000	0.952257	0.914942	0.877631	0	0	1	1	157	1167463
1444482189	37	38	35	39	5	2	5	4	3	6	0	0	0	0	0	4.939927	0.527529	0.528955	0.527529	2.001758	15.500000	18.000000	0.840319	0.914942	0.803008	0	0	1	1	157	1167461
1444482191	39	38	30	32	4	3	2	3	4	2	0	0	0	0	0	4.941538	0.528955	0.527529	0.527529	2.002564	15.500000	18.000000	0.910427	0.873128	0.835829	0	0	1	1	157	1164697
1444482192	30	39	35	36	7	1	2	1	6	6	0	1	0	0	0	4.941538	0.527529	0.528955	0.528955	2.001758	15.500000	18.000000	0.873128	0.910427	0.798530	0	0	1	1	157	1167446
1444482193	35	28	35	32	5	2	4	1	3	8	0	0	0	0	0	4.939927	0.527529	0.528955	0.526103	2.002564	15.500000	18.000000	0.877631	0.914942	0.803008	0	0	1	1	157	1167461
1444482194	28	37	28	33	5	2	3	2	5	4	0	1	1	0	0	4.941538	0.528955	0.527529	0.524677	2.001758	15.500000	18.000000	0.873128	0.910427	0.873128	0	0	1	1	157	1164711
1444482195	27	44	44	39	5	4	3	6	7	11	2	1	1	1	0	4.939927	0.530380	0.528955	0.526103	2.001758	15.500000	18.000000	0.914942	0.914942	0.840319	0	0	1	1	157	1167446
1444482197	25	40	32	38	1	2	1	3	4	8	0	0	0	0	0	4.939927	0.526103	0.527529	0.527529	2.002564	15.500000	18.000000	0.877631	0.914942	0.877631	0	0	1	1	158	1167482
1444482198	44	37	41	41	7	4	6	4	5	3	0	2	0	0	0	4.939927	0.526103	0.528955	0.528955	2.000952	15.500000	18.000000	0.877631	0.952257	0.877631	0	0	1	1	157	1164680
1444482199	34	28	28	31	4	2	2	3	1	3	0	0	1	0	0	4.943151	0.528955	0.530380	0.527529	2.001758	15.500000	17.500000	1.017778	0.905915	0.868628	0	0	1	1	157	1168583
1444482200	27	37	35	36	4	3	3	2	4	5	0	1	0	1	0	4.939927	0.528955	0.528955	0.527529	2.001758	15.500000	18.000000	0.952257	0.914942	0.840319	0	0	1	1	157	1167451
1444482201	38	47	31	34	7	3	1	6	6	2	2	0	0	0	0	4.936703	0.530380	0.527529	0.524677	2.000147	15.500000	18.000000	0.961318	0.961318	0.886645	0	0	1	1	157	1164681
