time	cnt1	cnt2	cnt3	cnt4	1&2	1&3	1&4	2&3	2&4	3&4	1&2&3	1&2&4	1&3&4	2&3&4	1&2&3&4	adcr	adcp1	adcp2	adcp3	adcntc	ntcT	digT	p1	p2	p3	hvstate	pbsstate	ethstate	listpbs	sdstate	looptime
1	1	0	3	0	0	0	0	0	0	0	0	0	0	0	0	4.944762	4.300073	4.291519	4.291519	2.267692	20.750000	24.500000	99.531097	99.232903	99.270180	0	0	1	1	-1	0
2	2	1	1	0	0	0	0	0	0	0	0	0	0	0	0	4.941538	4.301499	4.290093	4.288667	2.266081	20.750000	24.500000	99.529861	99.306068	99.306068	0	0	0	1	140	1350979
3	1	0	0	0	0	0	0	0	0	0	0	0	0	0	0	4.939927	4.301499	4.290093	4.288667	2.265275	20.750000	24.500000	99.603874	99.342690	99.342690	0	0	0	1	147	1368345
5	2	2	0	0	0	0	0	0	0	0	0	0	0	0	0	4.939927	4.300073	4.288667	4.288667	2.265275	20.750000	24.500000	99.641174	99.380005	99.417313	0	0	0	1	147	1201493
6	1	2	1	0	0	0	0	0	0	0	0	0	0	0	0	4.939927	4.302925	4.291519	4.290093	2.266081	20.750000	24.500000	99.603874	99.305382	99.305382	0	0	1	1	147	1151018
7	0	1	2	2	0	0	0	0	0	0	0	0	0	0	0	4.938315	4.300073	4.288667	4.288667	2.265275	20.750000	24.500000	99.677917	99.379326	99.379326	0	0	1	1	147	1150832
8	2	0	1	2	0	0	0	0	0	0	0	0	0	0	0	4.939927	4.301499	4.288667	4.288667	2.265275	20.750000	24.500000	99.566551	99.342690	99.342690	0	0	1	1	147	1170808
9	1	0	0	0	0	0	0	0	0	0	0	0	0	0	0	4.941538	4.301499	4.291519	4.290093	2.265275	20.750000	24.500000	99.567169	99.306068	99.306068	0	0	1	1	147	1150949
10	1	0	3	1	0	1	0	0	0	0	0	0	0	0	0	4.939927	4.300073	4.285816	4.288667	2.265275	20.750000	24.500000	99.641174	99.268059	99.342690	0	0	1	1	147	1151001
12	0	1	1	2	0	0	0	0	0	0	0	0	0	0	0	4.939927	4.300073	4.285816	4.288667	2.263663	20.750000	24.500000	99.603874	99.268059	99.268059	0	0	1	1	148	1151005
13	2	0	0	1	0	0	0	0	0	0	0	0	0	0	0	4.938315	4.302925	4.290093	4.291519	2.263663	20.750000	24.500000	99.715248	99.379326	99.453979	0	0	1	1	148	1164867
14	0	2	1	0	0	0	0	0	0	0	0	0	0	0	0	4.938315	4.307202	4.285816	4.287241	2.264469	20.750000	24.500000	99.640594	99.379326	99.304680	0	0	1	1	148	1168601
15	1	1	2	1	0	0	0	0	0	0	0	0	0	0	0	4.941538	4.301499	4.287241	4.288667	2.264469	20.750000	24.500000	99.567169	99.343376	99.306068	0	0	1	1	148	1150965
16	1	1	1	1	0	0	0	0	0	0	0	0	0	0	0	4.938315	4.302925	4.290093	4.290093	2.264469	20.750000	24.500000	99.715248	99.453979	99.379326	0	0	1	1	148	1164585
18	0	2	0	0	0	0	0	0	0	0	0	0	0	0	0	4.941538	4.304350	4.290093	4.290093	2.265275	20.750000	24.500000	99.604462	99.306068	99.268776	0	0	1	1	148	1151016
19	0	2	0	0	0	0	0	0	0	0	0	0	0	0	0	4.939927	4.300073	4.288667	4.290093	2.265275	20.750000	24.500000	99.566551	99.230751	99.305382	0	0	1	1	148	1167468
20	0	2	0	3	0	0	0	0	0	0	0	0	0	0	0	4.939927	4.302925	4.288667	4.288667	2.264469	20.750000	24.500000	99.715805	99.342690	99.342690	0	0	0	1	148	1150960
21	0	2	1	1	0	0	0	0	0	0	0	0	0	0	0	4.939927	4.300073	4.288667	4.287241	2.264469	20.750000	24.500000	99.603874	99.342690	99.342690	0	0	0	1	148	1180157
23	0	0	2	1	0	0	0	0	0	1	0	0	0	0	0	4.939927	4.300073	4.288667	4.288667	2.264469	20.750000	24.500000	99.678497	99.342690	99.268059	0	0	0	1	148	1151006
24	1	0	1	0	0	0	0	0	0	0	0	0	0	0	0	4.939927	4.301499	4.288667	4.287241	2.264469	20.750000	24.500000	99.641174	99.342690	99.305382	0	0	0	1	148	1151707
25	2	0	1	0	0	0	0	0	0	0	0	0	0	0	0	4.938315	4.304350	4.291519	4.292944	2.263663	20.750000	24.500000	99.789902	99.453979	99.491310	0	0	0	1	148	1180216
26	2	2	0	2	0	0	0	0	1	0	0	0	0	0	0	4.939927	4.302925	4.291519	4.288667	2.264469	20.750000	24.500000	99.678497	99.268059	99.268059	0	0	0	1	148	1152228
27	1	1	0	0	0	0	0	0	0	0	0	0	0	0	0	4.936703	4.290093	4.277261	4.271558	2.262857	20.750000	24.500000	99.640007	99.042641	99.565331	0	0	0	1	148	1150968
29	2	2	0	1	1	0	0	0	0	0	0	0	0	0	0	4.939927	4.300073	4.288667	4.288667	2.264469	20.750000	24.500000	99.603874	99.342690	99.342690	0	0	1	1	148	1167372
30	2	1	1	1	0	0	0	0	1	0	0	0	0	0	0	4.939927	4.302925	4.288667	4.288667	2.263663	20.750000	24.500000	99.678497	99.380005	99.342690	0	0	1	1	148	1164609
31	0	0	0	2	0	0	0	0	0	0	0	0	0	0	0	4.938315	4.301499	4.287241	4.288667	2.263663	20.750000	24.500000	99.304680	99.491310	99.267357	0	0	1	1	148	1151022
32	2	1	1	1	0	0	0	0	0	0	0	0	0	0	0	4.939927	4.302925	4.288667	4.287241	2.264469	20.750000	24.500000	99.715805	99.380005	99.342690	0	0	1	1	148	1167371
33	1	1	0	0	0	0	0	0	0	0	0	0	0	0	0	4.943151	4.298647	4.290093	4.285816	2.262857	20.750000	24.500000	99.493187	99.194893	99.232185	0	0	1	1	148	1164580
35	1	1	0	1	1	0	0	0	0	0	0	0	0	0	0	4.941538	4.302925	4.287241	4.290093	2.264469	20.750000	24.500000	99.641769	99.231468	99.044983	0	0	1	1	148	1151023
36	2	0	0	0	0	0	0	0	0	0	0	0	0	0	0	4.939927	4.290093	4.277261	4.291519	2.262857	20.750000	24.500000	99.566551	99.268059	99.268059	0	0	1	1	148	1167375
37	1	0	1	3	0	0	1	0	0	0	0	0	0	0	0	4.939927	4.308628	4.292944	4.294370	2.262051	20.750000	24.500000	99.715805	99.417313	99.380005	0	0	1	1	148	1150964
38	0	2	1	1	0	0	0	0	0	0	0	0	0	0	0	4.939927	4.302925	4.287241	4.288667	2.262857	20.750000	24.500000	99.603874	99.230751	99.268059	0	0	1	1	148	1166450
39	2	1	1	1	1	0	0	0	0	0	0	0	0	0	0	4.941538	4.300073	4.287241	4.290093	2.261245	20.750000	24.500000	99.604462	99.231468	99.231468	0	0	1	1	148	1167349
41	1	1	0	1	0	0	0	0	0	0	0	0	0	0	0	4.939927	4.300073	4.287241	4.291519	2.262857	20.750000	24.500000	99.603874	99.268059	99.305382	0	0	1	1	148	1150960
42	0	0	1	3	0	0	0	0	0	0	0	0	0	0	0	4.941538	4.300073	4.287241	4.288667	2.263663	20.750000	24.500000	99.604462	99.231468	99.231468	0	0	1	1	148	1164711
43	0	0	0	1	0	0	0	0	0	0	0	0	0	0	0	4.939927	4.301499	4.287241	4.288667	2.261245	20.750000	24.500000	99.715805	99.268059	99.305382	0	0	1	1	148	1167409
44	1	0	1	0	0	0	0	0	0	0	0	0	0	0	0	4.941538	4.301499	4.285816	4.288667	2.263663	20.750000	24.500000	99.604462	99.231468	99.231468	0	0	1	1	148	1151286
45	2	0	0	0	0	0	0	0	0	0	0	0	0	0	0	4.939927	4.302925	4.285816	4.291519	2.262051	20.750000	24.500000	99.678497	99.268059	99.342690	0	0	1	1	148	1164656
47	1	1	1	2	0	0	0	0	0	0	0	0	0	0	0	4.936703	4.305777	4.288667	4.292944	2.262051	20.750000	24.500000	99.789345	99.378662	99.415993	0	0	1	1	148	1151015
48	1	2	0	0	0	0	0	0	0	0	0	0	0	0	0	4.939927	4.302925	4.285816	4.288667	2.262051	20.750000	24.500000	99.678497	99.230751	99.417313	0	0	1	1	148	1167358
49	0	2	1	1	0	0	0	0	0	0	0	0	0	0	0	4.936703	4.302925	4.290093	4.290093	2.262051	20.750000	24.500000	99.752022	99.415993	99.490669	0	0	1	1	148	1150955
50	0	0	0	1	0	0	0	0	0	0	0	0	0	0	0	4.939927	4.302925	4.287241	4.290093	2.262051	20.750000	24.500000	99.641174	99.230751	99.268059	0	0	0	1	148	1165836
51	0	0	0	1	0	0	0	0	0	0	0	0	0	0	0	4.939927	4.300073	4.274410	4.295796	2.262857	20.750000	24.500000	99.566551	99.268059	99.268059	0	0	0	1	148	1151013
53	2	1	2	0	0	0	0	0	0	0	0	0	0	0	0	4.939927	4.302925	4.277261	4.300073	2.262051	20.750000	24.500000	99.566551	99.268059	99.305382	0	0	1	1	148	1151075
54	0	0	0	1	0	0	0	0	0	0	0	0	0	0	0	4.943151	4.304350	4.287241	4.290093	2.262857	20.750000	24.500000	99.605057	99.194893	99.194893	0	0	1	1	148	1165074
55	0	1	1	0	0	0	0	0	0	0	0	0	0	0	0	4.939927	4.297222	4.284390	4.287241	2.261245	20.750000	24.500000	99.603874	99.268059	99.268059	0	0	1	1	148	1150954
56	1	1	2	3	0	0	1	0	0	0	0	0	0	0	0	4.938315	4.301499	4.285816	4.288667	2.262051	20.750000	24.500000	99.715248	99.304680	99.118073	0	0	1	1	148	1150981
57	1	2	0	0	0	0	0	0	0	0	0	0	0	0	0	4.939927	4.302925	4.285816	4.290093	2.262857	20.750000	24.500000	99.641174	99.268059	99.342690	0	0	1	1	148	1151366
59	2	0	0	0	0	0	0	0	0	0	0	0	0	0	0	4.941538	4.302925	4.287241	4.288667	2.262051	20.750000	24.500000	99.567169	99.231468	99.343376	0	0	1	1	148	1165366
60	1	0	2	0	0	0	0	0	0	0	0	0	0	0	0	4.941538	4.304350	4.288667	4.288667	2.261245	20.750000	24.500000	99.641769	99.231468	99.231468	0	0	1	1	148	1150955
61	0	0	3	1	0	0	0	0	0	0	0	0	0	0	0	4.938315	4.304350	4.290093	4.292944	2.261245	20.750000	24.500000	99.491310	99.416656	99.304680	0	0	1	1	148	1150981
62	2	3	1	2	0	0	0	0	1	0	0	0	0	0	0	4.941538	4.300073	4.287241	4.288667	2.261245	20.750000	24.500000	99.641769	99.194176	99.306068	0	0	1	1	148	1166346
63	0	0	1	1	0	0	0	0	0	0	0	0	0	0	0	4.939927	4.301499	4.287241	4.287241	2.262051	20.750000	24.500000	99.678497	99.268059	99.268059	0	0	1	1	148	1150955
65	0	0	2	2	0	0	0	0	0	0	0	0	0	0	0	4.941538	4.302925	4.288667	4.288667	2.261245	20.750000	24.500000	99.604462	99.268776	99.268776	0	0	1	1	148	1150972
66	0	0	1	2	0	0	0	0	0	0	0	0	0	0	0	4.939927	4.302925	4.285816	4.288667	2.261245	20.750000	24.500000	99.678497	99.268059	99.305382	0	0	1	1	148	1150969
67	0	0	1	1	0	0	0	0	0	0	0	0	0	0	0	4.939927	4.305777	4.288667	4.290093	2.259634	20.750000	24.500000	99.715805	99.342690	99.417313	0	0	1	1	148	1164712
68	1	1	0	0	0	0	0	0	0	0	0	0	0	0	0	4.941538	4.302925	4.285816	4.288667	2.261245	20.750000	24.500000	99.604462	99.231468	99.231468	0	0	1	1	148	1151505
69	1	2	0	2	0	0	1	0	0	0	0	0	0	0	0	4.939927	4.304350	4.287241	4.288667	2.261245	20.750000	24.500000	99.678497	99.230751	99.268059	0	0	1	1	148	1151034
71	0	0	0	0	0	0	0	0	0	0	0	0	0	0	0	4.939927	4.304350	4.285816	4.288667	2.260440	20.750000	24.500000	99.753120	99.268059	99.342690	0	0	1	1	148	1164570
72	0	0	1	0	0	0	0	0	0	0	0	0	0	0	0	4.941538	4.302925	4.287241	4.290093	2.260440	20.750000	24.500000	99.641769	99.231468	99.231468	0	0	1	1	148	1150899
73	0	1	1	0	0	0	0	0	0	0	0	0	0	0	0	4.939927	4.307202	4.292944	4.291519	2.259634	20.750000	24.500000	99.753120	99.342690	99.417313	0	0	1	1	148	1150856
74	1	2	1	3	0	0	0	0	0	0	0	0	0	0	0	4.938315	4.304350	4.287241	4.288667	2.261245	20.750000	24.500000	99.715248	99.267357	99.342010	0	0	0	1	148	1152793
75	3	1	2	1	0	0	0	0	0	0	0	0	0	0	0	4.939927	4.302925	4.287241	4.288667	2.261245	20.750000	24.500000	99.678497	99.305382	99.342690	0	0	0	1	148	1164648
77	1	1	1	3	0	0	0	0	0	0	0	0	0	0	0	4.943151	4.308628	4.288667	4.284390	2.260440	20.750000	24.500000	99.642334	99.194893	99.232185	0	0	1	1	148	1151024
78	0	0	1	0	0	0	0	0	0	0	0	0	0	0	0	4.941538	4.304350	4.288667	4.288667	2.260440	20.750000	24.500000	99.641769	99.194176	99.231468	0	0	1	1	148	1150978
79	1	0	1	0	0	0	0	0	0	0	0	0	0	0	0	4.938315	4.305777	4.290093	4.290093	2.259634	20.750000	24.500000	99.752571	99.304680	99.379326	0	0	1	1	148	1164592
80	0	0	0	1	0	0	0	0	0	0	0	0	0	0	0	4.939927	4.304350	4.290093	4.290093	2.259634	20.750000	24.500000	99.678497	99.268059	99.342690	0	0	1	1	148	1151020
81	0	0	1	2	0	0	0	0	0	0	0	0	0	0	0	4.941538	4.302925	4.288667	4.288667	2.258828	20.750000	24.500000	99.641769	99.231468	99.268776	0	0	1	1	148	1150980
82	1	0	1	0	0	0	0	0	0	0	0	0	0	0	0	4.939927	4.302925	4.288667	4.290093	2.258828	20.750000	24.500000	99.641174	99.268059	99.268059	0	0	1	1	148	1151283
84	1	0	0	0	0	0	0	0	0	0	0	0	0	0	0	4.941538	4.302925	4.285816	4.288667	2.259634	20.750000	24.500000	99.604462	99.194176	99.231468	0	0	1	1	148	1165282
85	1	2	0	0	0	0	0	0	0	0	0	0	0	0	0	4.938315	4.304350	4.288667	4.291519	2.258828	20.750000	24.500000	99.789902	99.416656	99.453979	0	0	1	1	148	1150954
86	1	0	0	1	0	0	0	0	0	0	0	0	0	0	0	4.939927	4.302925	4.285816	4.282964	2.257216	20.750000	24.500000	99.790428	99.193443	99.268059	0	0	1	1	148	1152231
87	1	1	2	2	0	0	1	0	0	0	0	0	0	0	0	4.939927	4.302925	4.285816	4.288667	2.259634	20.750000	24.500000	99.641174	99.268059	99.342690	0	0	1	1	148	1165116
88	1	2	1	1	0	0	0	0	0	0	0	0	0	0	0	4.939927	4.305777	4.287241	4.288667	2.258828	20.750000	24.500000	99.678497	99.230751	99.268059	0	0	1	1	148	1151054
90	2	0	1	0	0	0	0	0	0	0	0	0	0	0	0	4.939927	4.302925	4.285816	4.290093	2.258828	20.750000	24.500000	99.678497	99.193443	99.342690	0	0	1	1	148	1150972
91	0	1	1	1	0	0	0	0	0	0	0	0	0	0	0	4.941538	4.302925	4.287241	4.288667	2.259634	20.750000	24.500000	99.641769	99.156868	99.306068	0	0	1	1	148	1164580
92	0	0	1	0	0	0	0	0	0	0	0	0	0	0	0	4.939927	4.302925	4.285816	4.287241	2.260440	20.750000	24.500000	99.678497	99.268059	99.380005	0	0	1	1	148	1151420
93	0	1	1	1	0	0	0	0	0	0	0	0	0	0	0	4.941538	4.302925	4.285816	4.287241	2.259634	20.750000	24.500000	99.306068	98.783882	99.007675	0	0	1	1	148	1151377
94	1	1	0	0	0	0	0	0	0	0	0	0	0	0	0	4.938315	4.305777	4.288667	4.290093	2.258022	20.750000	24.500000	99.752571	99.304680	99.379326	0	0	1	1	148	1151030
96	1	0	2	0	0	0	0	0	0	0	0	0	0	0	0	4.938315	4.302925	4.285816	4.288667	2.258828	20.750000	24.500000	99.677917	99.379326	99.342010	0	0	1	1	148	1164581
97	1	1	1	0	0	1	0	0	0	0	0	0	0	0	0	4.938315	4.307202	4.291519	4.292944	2.258022	20.750000	24.500000	99.789902	99.342010	99.416656	0	0	1	1	148	1151795
98	2	3	0	3	0	0	0	0	0	0	0	0	0	0	0	4.939927	4.302925	4.287241	4.288667	2.258828	20.750000	24.500000	99.678497	99.268059	99.305382	0	0	1	1	148	1152752
99	0	1	0	2	0	0	0	0	0	0	0	0	0	0	0	4.939927	4.302925	4.288667	4.287241	2.258828	20.750000	24.500000	99.603874	99.268059	99.268059	0	0	1	1	148	1164543
100	1	1	1	1	0	1	0	0	0	0	0	0	0	0	0	4.939927	4.298647	4.284390	4.288667	2.258022	20.750000	24.500000	99.603874	99.230751	99.268059	0	0	1	1	148	1150955
102	1	0	0	0	0	0	0	0	0	0	0	0	0	0	0	4.941538	4.302925	4.285816	4.287241	2.258022	20.750000	24.500000	99.641769	99.231468	99.306068	0	0	1	1	149	1150986
103	1	0	2	1	0	1	0	0	0	0	0	0	0	0	0	4.939927	4.302925	4.287241	4.290093	2.258022	20.750000	24.500000	99.641174	99.268059	99.342690	0	0	1	1	149	1150975
104	2	0	0	2	0	0	1	0	0	0	0	0	0	0	0	4.941538	4.304350	4.288667	4.290093	2.258828	20.750000	24.500000	99.604462	99.194176	99.231468	0	0	1	1	149	1164733
105	1	0	2	1	0	0	0	0	0	0	0	0	0	0	0	4.939927	4.302925	4.285816	4.288667	2.258022	20.750000	24.500000	99.715805	99.230751	99.342690	0	0	1	1	149	1150960
106	0	0	0	0	0	0	0	0	0	0	0	0	0	0	0	4.941538	4.300073	4.285816	4.288667	2.258022	20.750000	24.500000	99.641769	99.231468	99.268776	0	0	1	1	149	1150977
108	2	1	0	0	0	0	0	0	0	0	0	0	0	0	0	4.939927	4.304350	4.288667	4.290093	2.258828	20.750000	24.500000	99.753120	99.342690	99.417313	0	0	1	1	149	1164595
109	0	1	1	2	0	0	0	0	0	0	0	0	0	0	0	4.939927	4.301499	4.290093	4.280113	2.255605	20.750000	24.500000	99.939682	99.230751	99.417313	0	0	1	1	149	1151367
110	0	2	0	0	0	0	0	0	0	0	0	0	0	0	0	4.939927	4.300073	4.285816	4.291519	2.258828	20.750000	24.500000	99.566551	99.230751	99.268059	0	0	1	1	149	1152186
111	0	0	1	0	0	0	0	0	0	0	0	0	0	0	0	4.939927	4.301499	4.287241	4.287241	2.258828	20.750000	24.500000	99.641174	99.268059	99.268059	0	0	1	1	149	1150975
112	1	0	1	1	0	0	0	0	0	0	0	0	0	0	0	4.939927	4.301499	4.287241	4.288667	2.258022	20.750000	24.500000	99.641174	99.230751	99.268059	0	0	1	1	149	1164853
114	0	0	1	0	0	0	0	0	0	0	0	0	0	0	0	4.939927	4.300073	4.285816	4.288667	2.258022	20.750000	24.500000	99.603874	99.268059	99.342690	0	0	1	1	149	1151547
115	1	0	1	1	0	0	0	0	0	0	0	0	0	0	0	4.939927	4.301499	4.285816	4.288667	2.258022	20.750000	24.500000	99.641174	99.342690	99.342690	0	0	1	1	149	1151035
116	1	3	2	1	0	0	0	0	0	0	0	0	0	0	0	4.939927	4.300073	4.285816	4.288667	2.258022	20.750000	24.500000	99.603874	99.268059	99.342690	0	0	1	1	149	1164605
117	0	0	1	0	0	0	0	0	0	0	0	0	0	0	0	4.936703	4.302925	4.288667	4.291519	2.257216	20.750000	24.500000	99.714684	99.341316	99.415993	0	0	1	1	149	1150837
118	0	2	0	2	0	0	0	0	0	0	0	0	0	0	0	4.941538	4.300073	4.285816	4.288667	2.257216	20.750000	24.500000	99.529861	99.231468	99.231468	0	0	1	1	149	1151789
120	0	0	0	0	0	0	0	0	0	0	0	0	0	0	0	4.939927	4.288667	4.287241	4.284390	2.257216	20.750000	24.500000	99.641174	99.268059	99.268059	0	0	1	1	149	1151033
121	3	1	0	1	0	0	0	0	0	0	0	0	0	0	0	4.938315	4.301499	4.288667	4.291519	2.256410	20.750000	24.500000	99.715248	99.416656	99.453979	0	0	1	1	149	1164679
122	0	0	1	1	0	0	0	0	0	0	0	0	0	0	0	4.938315	4.300073	4.285816	4.287241	2.257216	20.750000	24.500000	99.677917	99.304680	99.379326	0	0	1	1	149	1152108
123	0	0	1	0	0	0	0	0	0	0	0	0	0	0	0	4.941538	4.301499	4.287241	4.287241	2.258022	20.750000	24.500000	99.529861	99.231468	99.343376	0	0	0	1	149	1151033
124	1	1	1	1	0	0	0	1	0	0	0	0	0	0	0	4.939927	4.302925	4.287241	4.287241	2.257216	20.750000	24.500000	99.641174	99.156143	99.006889	0	0	1	1	149	1164698
126	0	4	2	2	0	0	0	0	1	0	0	0	0	0	0	4.938315	4.300073	4.285816	4.288667	2.257216	20.750000	24.500000	99.640594	99.267357	99.342010	0	0	1	1	149	1151025
127	1	2	0	1	0	0	0	0	0	0	0	0	0	0	0	4.939927	4.301499	4.287241	4.290093	2.257216	20.750000	24.500000	99.603874	99.268059	99.342690	0	0	1	1	149	1151525
128	0	2	0	1	0	0	0	0	0	0	0	0	0	0	0	4.941538	4.300073	4.285816	4.290093	2.257216	20.750000	24.500000	99.567169	99.231468	99.268776	0	0	1	1	149	1183527
129	0	1	1	0	0	0	0	0	0	0	0	0	0	0	0	4.938315	4.301499	4.285816	4.288667	2.256410	20.750000	24.500000	99.640594	99.304680	99.379326	0	0	1	1	149	1151510
130	1	0	1	0	0	1	0	0	0	0	0	0	0	0	0	4.936703	4.302925	4.288667	4.290093	2.255605	20.750000	24.500000	99.714684	99.341316	99.453339	0	0	1	1	149	1151041
132	2	2	2	2	0	1	0	0	1	0	0	0	0	0	0	4.939927	4.301499	4.288667	4.291519	2.257216	20.750000	24.500000	99.603874	99.268059	99.006889	0	0	1	1	149	1150978
133	0	0	0	2	0	0	0	0	0	0	0	0	0	0	0	4.939927	4.302925	4.290093	4.291519	2.255605	20.750000	24.500000	99.678497	99.305382	99.380005	0	0	1	1	149	1165212
134	1	4	3	0	0	0	0	1	0	0	0	0	0	0	0	4.939927	4.300073	4.288667	4.288667	2.256410	20.750000	24.500000	99.603874	99.230751	99.380005	0	0	1	1	149	1152593
135	0	0	1	0	0	0	0	0	0	0	0	0	0	0	0	4.941538	4.300073	4.285816	4.288667	2.256410	20.750000	24.500000	99.567169	99.231468	99.306068	0	0	1	1	149	1151040
136	0	0	2	2	0	0	0	0	0	0	0	0	0	0	0	4.939927	4.302925	4.288667	4.290093	2.257216	20.750000	24.500000	99.641174	99.268059	99.305382	0	0	1	1	149	1164719
137	0	2	0	2	0	0	0	0	0	0	0	0	0	0	0	4.939927	4.300073	4.287241	4.288667	2.256410	20.750000	24.500000	99.603874	99.268059	99.342690	0	0	1	1	149	1151633
139	0	0	0	0	0	0	0	0	0	0	0	0	0	0	0	4.939927	4.300073	4.287241	4.290093	2.256410	20.750000	24.500000	99.566551	99.268059	99.268059	0	0	1	1	149	1151585
140	1	0	1	0	0	0	0	0	0	0	0	0	0	0	0	4.936703	4.301499	4.287241	4.290093	2.253993	20.750000	24.500000	99.714684	99.415993	99.415993	0	0	1	1	149	1151036
141	3	2	2	1	0	0	0	0	0	1	0	0	0	0	0	4.939927	4.300073	4.285816	4.288667	2.255605	20.750000	24.500000	99.603874	99.268059	99.342690	0	0	1	1	149	1164598
142	1	0	0	1	0	0	0	0	0	0	0	0	0	0	0	4.939927	4.302925	4.287241	4.288667	2.255605	20.750000	24.500000	99.603874	99.268059	99.342690	0	0	1	1	149	1150904
143	1	0	2	2	0	0	0	0	0	0	0	0	0	0	0	4.939927	4.300073	4.288667	4.288667	2.255605	20.750000	24.500000	99.193443	99.193443	99.230751	0	0	1	1	149	1151037
145	1	1	0	0	0	0	0	0	0	0	0	0	0	0	0	4.936703	4.304350	4.290093	4.292944	2.253993	20.750000	24.500000	99.826698	99.490669	99.490669	0	0	0	1	149	1165161
146	0	1	0	0	0	0	0	0	0	0	0	0	0	0	0	4.939927	4.301499	4.287241	4.288667	2.256410	20.750000	24.500000	99.715805	99.268059	99.342690	0	0	0	1	149	1152201
147	2	0	1	1	0	0	0	0	0	0	0	0	0	0	0	4.941538	4.294370	4.275836	4.291519	2.256410	20.750000	24.500000	99.567169	99.231468	99.268776	0	0	0	1	149	1150969
148	0	0	1	1	0	0	0	0	0	1	0	0	0	0	0	4.939927	4.290093	4.274410	4.298647	2.253993	20.500000	24.500000	99.529243	99.268059	99.268059	0	0	1	1	149	1151066
149	0	1	1	0	0	0	0	0	0	0	0	0	0	0	0	4.943151	4.300073	4.291519	4.288667	2.254799	20.500000	24.500000	99.530479	98.896599	99.493187	0	0	1	1	149	1164654
151	0	1	3	0	0	0	0	0	0	0	0	0	0	0	0	4.941538	4.300073	4.285816	4.287241	2.255605	20.500000	24.500000	99.604462	99.231468	99.306068	0	0	1	1	149	1151026
152	0	0	0	1	0	0	0	0	0	0	0	0	0	0	0	4.941538	4.300073	4.287241	4.290093	2.255605	20.500000	24.500000	99.529861	99.231468	99.231468	0	0	1	1	149	1151504
153	0	0	0	0	0	0	0	0	0	0	0	0	0	0	0	4.939927	4.301499	4.285816	4.287241	2.255605	20.750000	24.500000	99.603874	99.268059	99.305382	0	0	1	1	149	1164507
154	2	3	1	1	0	1	0	0	1	0	0	0	0	0	0	4.939927	4.301499	4.288667	4.288667	2.255605	20.750000	24.500000	99.566551	99.268059	99.268059	0	0	1	1	149	1151552
155	0	0	0	0	0	0	0	0	0	0	0	0	0	0	0	4.939927	4.301499	4.290093	4.290093	2.254799	20.500000	24.500000	99.603874	99.230751	99.342690	0	0	1	1	149	1151040
157	1	0	0	0	0	0	0	0	0	0	0	0	0	0	0	4.939927	4.287241	4.284390	4.294370	2.254799	20.500000	24.500000	99.678497	99.417313	99.417313	0	0	1	1	149	1150977
158	0	3	0	1	0	0	0	0	0	0	0	0	0	0	0	4.939927	4.300073	4.285816	4.291519	2.254799	20.500000	24.500000	99.603874	98.969566	99.566551	0	0	1	1	149	1165837
159	0	1	3	0	0	0	0	1	0	0	0	0	0	0	0	4.941538	4.300073	4.288667	4.288667	2.254799	20.500000	24.500000	99.865570	99.194176	99.231468	0	0	1	1	149	1151180
160	2	0	0	1	0	0	0	0	0	0	0	0	0	0	0	4.941538	4.302925	4.290093	4.288667	2.255605	20.500000	24.500000	99.529861	99.268776	99.231468	0	0	1	1	149	1151035
161	0	0	1	1	0	0	0	0	0	0	0	0	0	0	0	4.941538	4.301499	4.288667	4.290093	2.254799	20.500000	24.500000	99.567169	99.268776	99.268776	0	0	1	1	149	1164587
163	0	0	2	0	0	0	0	0	0	0	0	0	0	0	0	4.939927	4.301499	4.290093	4.290093	2.254799	20.500000	24.500000	99.603874	99.342690	99.342690	0	0	1	1	149	1151612
164	2	1	2	0	0	0	0	0	0	0	0	0	0	0	0	4.939927	4.301499	4.287241	4.288667	2.254799	20.500000	24.500000	99.603874	99.268059	99.268059	0	0	1	1	149	1151564
165	0	0	0	2	0	0	0	0	0	0	0	0	0	0	0	4.939927	4.300073	4.288667	4.288667	2.254799	20.500000	24.500000	99.641174	99.380005	99.305382	0	0	1	1	149	1164642
166	0	1	0	0	0	0	0	0	0	0	0	0	0	0	0	4.939927	4.300073	4.288667	4.290093	2.253993	20.500000	24.500000	99.641174	99.342690	99.342690	0	0	1	1	149	1151020
167	1	2	1	1	0	0	0	0	0	0	0	0	0	0	0	4.941538	4.301499	4.290093	4.290093	2.253993	20.500000	24.500000	99.567169	99.231468	99.268776	0	0	1	1	149	1150932
169	0	0	2	0	0	0	0	0	0	0	0	0	0	0	0	4.936703	4.302925	4.288667	4.291519	2.253187	20.500000	24.500000	99.789345	99.415993	99.453339	0	0	1	1	149	1150935
170	0	0	1	1	0	0	0	0	0	0	0	0	0	0	0	4.941538	4.301499	4.288667	4.290093	2.253993	20.500000	24.500000	99.604462	99.306068	99.343376	0	0	0	1	149	1165797
171	0	0	1	0	0	0	0	0	0	0	0	0	0	0	0	4.939927	4.294370	4.277261	4.292944	2.254799	20.500000	24.500000	99.603874	99.342690	99.305382	0	0	0	1	149	1151019
172	1	1	1	0	0	0	0	0	0	0	0	0	0	0	0	4.941538	4.290093	4.275836	4.297222	2.253993	20.500000	24.500000	99.529861	99.306068	99.231468	0	0	1	1	149	1151066
173	0	0	0	1	0	0	0	0	0	0	0	0	0	0	0	4.939927	4.301499	4.290093	4.288667	2.254799	20.500000	24.500000	99.603874	99.268059	99.268059	0	0	1	1	149	1165069
174	0	0	1	2	0	0	0	0	0	0	0	0	0	0	0	4.939927	4.297222	4.288667	4.288667	2.253993	20.500000	24.500000	99.566551	99.342690	99.268059	0	0	1	1	149	1150960
176	1	0	0	2	0	0	0	0	0	0	0	0	0	0	0	4.941538	4.300073	4.288667	4.288667	2.253993	20.500000	24.500000	99.604462	99.268776	99.343376	0	0	1	1	149	1150977
177	1	0	1	1	0	0	0	0	0	0	0	0	0	0	0	4.939927	4.301499	4.290093	4.290093	2.253993	20.500000	24.500000	99.566551	99.268059	99.342690	0	0	1	1	149	1151358
178	0	2	1	1	0	0	0	0	0	0	0	0	0	0	0	4.939927	4.300073	4.288667	4.288667	2.253993	20.500000	24.500000	99.641174	99.268059	99.342690	0	0	1	1	149	1165361
179	0	1	1	1	0	0	0	0	0	0	0	0	0	0	0	4.939927	4.300073	4.290093	4.288667	2.253187	20.500000	24.500000	99.603874	99.305382	99.268059	0	0	1	1	149	1150961
180	2	1	1	1	0	0	0	0	0	0	0	0	0	0	0	4.938315	4.301499	4.291519	4.291519	2.252381	20.500000	24.500000	99.528625	99.379326	99.379326	0	0	1	1	149	1150977
182	0	2	0	1	0	0	0	0	0	0	0	0	0	0	0	4.939927	4.302925	4.290093	4.288667	2.253993	20.500000	24.500000	99.603874	99.305382	99.268059	0	0	1	1	149	1166337
1444376641	1	0	1	0	0	0	0	0	0	0	0	0	0	0	0	4.941538	4.300073	4.290093	4.290093	2.253187	20.500000	24.500000	99.529861	99.268776	99.231468	0	0	1	1	149	1183992
1444376642	1	1	2	1	0	0	0	0	0	0	0	0	0	0	0	4.941538	4.301499	4.290093	4.290093	2.253187	20.500000	24.500000	99.567169	99.268776	99.306068	0	0	1	1	156	1151237
1444376643	0	2	0	0	0	0	0	0	0	0	0	0	0	0	0	4.941538	4.301499	4.290093	4.291519	2.253187	20.500000	24.500000	99.604462	99.306068	99.268776	0	0	1	1	156	1164628
1444376644	0	1	0	0	0	0	0	0	0	0	0	0	0	0	0	4.941538	4.300073	4.288667	4.287241	2.253187	20.500000	24.500000	99.604462	99.306068	99.268776	0	0	1	1	156	1167420
1444376645	0	0	0	1	0	0	0	0	0	0	0	0	0	0	0	4.941538	4.300073	4.290093	4.288667	2.253187	20.500000	24.500000	99.567169	98.970383	98.933075	0	0	1	1	156	1167440
1444376647	1	1	0	0	0	0	0	0	0	0	0	0	0	0	0	4.939927	4.300073	4.288667	4.290093	2.253187	20.500000	24.500000	99.603874	99.342690	99.268059	0	0	1	1	156	1151194
1444376648	1	2	2	0	0	1	0	0	0	0	0	0	0	0	0	4.938315	4.302925	4.292944	4.291519	2.251575	20.500000	24.500000	99.677917	99.416656	99.416656	0	0	0	1	156	1164622
1444376649	1	1	2	0	0	0	0	0	0	0	0	0	0	0	0	4.941538	4.301499	4.288667	4.291519	2.252381	20.500000	24.500000	99.604462	99.231468	99.306068	0	0	0	1	156	1167421
1444376650	4	4	2	1	1	1	0	1	1	0	0	0	0	0	0	4.938315	4.300073	4.288667	4.291519	2.252381	20.500000	24.500000	99.752571	99.416656	99.453979	0	0	0	1	156	1151856
1444376651	2	0	1	0	0	0	0	0	0	0	0	0	0	0	0	4.936703	4.288667	4.275836	4.277261	2.248352	20.500000	24.500000	99.714684	99.303986	99.415993	0	0	0	1	156	1165875
1444376653	0	0	0	1	0	0	0	0	0	0	0	0	0	0	0	4.938315	4.302925	4.288667	4.290093	2.250769	20.500000	24.500000	99.715248	99.342010	99.379326	0	0	0	1	156	1167413
1444376654	1	1	1	1	0	0	0	0	0	0	0	0	0	0	0	4.939927	4.301499	4.287241	4.288667	2.253187	20.500000	24.500000	99.678497	99.305382	99.342690	0	0	1	1	156	1167445
1444376655	0	0	1	0	0	0	0	0	0	0	0	0	0	0	0	4.939927	4.301499	4.285816	4.288667	2.252381	20.500000	24.500000	99.603874	99.268059	99.268059	0	0	1	1	156	1175553
1444376656	1	1	0	1	0	0	0	0	0	0	0	0	0	0	0	4.935091	4.288667	4.287241	4.285816	2.250769	20.500000	24.500000	99.751472	99.377983	99.490036	0	0	1	1	156	1167360
1444376657	2	0	1	0	0	0	0	0	0	0	0	0	0	0	0	4.939927	4.302925	4.288667	4.290093	2.252381	20.500000	24.500000	99.603874	98.932274	99.566551	0	0	1	1	156	1167444
1444376659	0	2	1	0	0	0	0	0	0	0	0	0	0	0	0	4.941538	4.301499	4.287241	4.290093	2.252381	20.500000	24.500000	99.567169	99.231468	99.306068	0	0	1	1	156	1167444
1444376660	0	1	0	0	0	0	0	0	0	0	0	0	0	0	0	4.939927	4.300073	4.285816	4.288667	2.252381	20.500000	24.500000	99.603874	99.268059	99.268059	0	0	1	1	156	1165449
1444376661	1	0	1	1	0	1	0	0	0	0	0	0	0	0	0	4.936703	4.300073	4.274410	4.297222	2.249964	20.500000	24.500000	99.677353	99.415993	99.453339	0	0	1	1	156	1151552
1444376662	0	0	1	0	0	0	0	0	0	0	0	0	0	0	0	4.939927	4.300073	4.277261	4.301499	2.249964	20.500000	24.500000	99.641174	99.380005	99.417313	0	0	1	1	156	1167383
1444376663	1	2	0	0	0	0	0	0	0	0	0	0	0	0	0	4.939927	4.298647	4.284390	4.287241	2.253993	20.500000	24.500000	99.342690	99.305382	99.268059	0	0	1	1	156	1165838
1444376665	0	0	1	0	0	0	0	0	0	0	0	0	0	0	0	4.941538	4.300073	4.285816	4.287241	2.252381	20.500000	24.500000	99.604462	99.194176	99.306068	0	0	1	1	156	1151138
1444376666	0	2	3	1	0	0	0	1	0	0	0	0	0	0	0	4.935091	4.300073	4.290093	4.290093	2.249964	20.500000	24.500000	99.788811	99.452682	99.490036	0	0	1	1	156	1151462
1444376667	1	1	1	0	0	0	0	0	0	0	0	0	0	0	0	4.939927	4.301499	4.285816	4.288667	2.251575	20.500000	24.500000	99.603874	99.268059	99.305382	0	0	1	1	156	1164837
1444376668	0	0	0	1	0	0	0	0	0	0	0	0	0	0	0	4.939927	4.301499	4.287241	4.290093	2.251575	20.500000	24.500000	99.566551	99.268059	99.342690	0	0	1	1	156	1167459
1444376669	0	1	1	2	0	0	0	0	0	0	0	0	0	0	0	4.944762	4.288667	4.294370	4.285816	2.251575	20.500000	24.500000	99.493828	99.158348	99.232903	0	0	1	1	156	1167439
1444376671	0	0	1	0	0	0	0	0	0	0	0	0	0	0	0	4.943151	4.290093	4.295796	4.285816	2.250769	20.500000	24.500000	99.567757	99.194893	99.232185	0	0	1	1	156	1164693
1444376672	0	0	1	1	0	0	0	0	0	0	0	0	0	0	0	4.941538	4.301499	4.285816	4.288667	2.251575	20.500000	24.500000	99.567169	99.231468	99.268776	0	0	1	1	156	1151045
1444376673	2	2	2	1	0	0	0	0	1	0	0	0	0	0	0	4.939927	4.300073	4.288667	4.290093	2.251575	20.500000	24.500000	99.566551	99.268059	99.305382	0	0	1	1	156	1167372
1444376674	1	0	0	1	0	0	0	0	0	0	0	0	0	0	0	4.938315	4.305777	4.290093	4.292944	2.249964	20.500000	24.500000	99.752571	99.379326	99.416656	0	0	0	1	156	1167435
1444376675	0	1	2	3	0	0	0	0	0	0	0	0	0	0	0	4.941538	4.300073	4.287241	4.288667	2.249964	20.500000	24.500000	99.567169	99.231468	99.268776	0	0	0	1	156	1165836
1444376677	0	0	0	0	0	0	0	0	0	0	0	0	0	0	0	4.939927	4.301499	4.285816	4.288667	2.250769	20.500000	24.500000	99.603874	98.932274	99.529243	0	0	0	1	156	1151837
1444376678	1	0	1	0	0	0	0	0	0	0	0	0	0	0	0	4.941538	4.300073	4.285816	4.288667	2.250769	20.500000	24.500000	99.567169	99.231468	99.306068	0	0	0	1	156	1167383
1444376679	2	1	1	3	0	0	0	0	0	0	0	0	0	0	0	4.939927	4.301499	4.288667	4.288667	2.249964	20.500000	24.500000	99.566551	99.268059	99.268059	0	0	1	1	156	1164700
1444376680	0	1	0	2	0	0	0	0	0	0	0	0	0	0	0	4.939927	4.302925	4.288667	4.288667	2.250769	20.500000	24.500000	99.641174	99.230751	99.305382	0	0	1	1	156	1151513
1444376681	0	1	1	3	0	0	0	0	0	0	0	0	0	0	0	4.939927	4.304350	4.285816	4.290093	2.250769	20.500000	24.500000	99.641174	99.230751	99.156143	0	0	1	1	156	1150846
1444376683	0	1	0	1	0	0	0	0	0	0	0	0	0	0	0	4.939927	4.304350	4.288667	4.287241	2.249158	20.500000	24.500000	99.678497	99.230751	99.268059	0	0	1	1	156	1164636
1444376684	2	0	1	0	0	0	0	0	0	0	0	0	0	0	0	4.939927	4.300073	4.285816	4.288667	2.249964	20.500000	24.500000	99.641174	99.342690	99.342690	0	0	1	1	156	1167426
1444376685	0	0	1	1	0	0	0	0	0	0	0	0	0	0	0	4.939927	4.301499	4.285816	4.288667	2.250769	20.500000	24.500000	99.678497	99.268059	99.380005	0	0	1	1	156	1151574
1444376686	0	0	1	2	0	0	0	0	0	0	0	0	0	0	0	4.938315	4.295796	4.278687	4.300073	2.249964	20.500000	24.500000	99.752571	99.416656	99.379326	0	0	1	1	156	1150887
1444376687	1	2	2	0	0	1	0	0	0	0	0	0	0	0	0	4.941538	4.304350	4.274410	4.297222	2.249964	20.500000	24.500000	99.567169	99.268776	99.306068	0	0	1	1	156	1165887
1444376689	0	1	0	1	0	0	0	0	1	0	0	0	0	0	0	4.939927	4.301499	4.285816	4.287241	2.249964	20.500000	24.500000	99.641174	99.268059	99.342690	0	0	1	1	156	1167425
1444376690	1	0	1	2	0	0	0	0	0	0	0	0	0	0	0	4.939927	4.302925	4.288667	4.288667	2.250769	20.500000	24.500000	99.678497	99.268059	99.342690	0	0	1	1	156	1151361
1444376691	0	1	1	0	0	0	0	0	0	0	0	0	0	0	0	4.941538	4.302925	4.287241	4.291519	2.249964	20.500000	24.500000	99.641769	99.231468	99.306068	0	0	1	1	156	1164671
1444376692	1	0	1	1	0	0	0	0	0	0	0	0	0	0	0	4.939927	4.304350	4.288667	4.290093	2.250769	20.500000	24.500000	99.641174	99.268059	99.268059	0	0	1	1	156	1167460
1444376693	1	0	1	1	0	0	0	0	0	0	0	0	0	0	0	4.939927	4.302925	4.278687	4.277261	2.249964	20.500000	24.500000	99.603874	99.268059	99.268059	0	0	1	1	156	1167440
1444376695	1	0	0	0	0	0	0	0	0	0	0	0	0	0	0	4.939927	4.301499	4.287241	4.290093	2.249964	20.500000	24.500000	99.641174	99.268059	99.268059	0	0	1	1	156	1177090
1444376696	1	2	0	1	0	0	0	0	0	0	0	0	0	0	0	4.941538	4.304350	4.285816	4.288667	2.249964	20.500000	24.500000	99.641769	99.194176	99.231468	0	0	0	1	156	1151526
1444376697	1	2	0	1	0	0	0	0	1	0	0	0	0	0	0	4.939927	4.301499	4.288667	4.287241	2.249158	20.500000	24.500000	99.641174	99.044197	98.969566	0	0	0	1	156	1151816
1444376698	1	1	0	1	0	0	0	0	1	0	0	0	0	0	0	4.943151	4.291519	4.302925	4.291519	2.249158	20.500000	24.500000	99.716911	99.269463	99.344040	0	0	0	1	156	1164627
1444376699	0	2	2	1	0	0	0	0	0	0	0	0	0	0	0	4.941538	4.302925	4.288667	4.290093	2.249964	20.500000	24.500000	99.604462	99.231468	99.231468	0	0	0	1	156	1168566
1444376701	0	0	0	0	0	0	0	0	0	0	0	0	0	0	0	4.939927	4.302925	4.287241	4.288667	2.249158	20.500000	24.500000	99.641174	99.268059	99.268059	0	0	0	1	156	1167439
1444376702	1	1	1	1	0	0	0	0	0	0	0	0	0	0	0	4.939927	4.298647	4.284390	4.290093	2.249964	20.500000	24.500000	99.641174	99.268059	99.342690	0	0	1	1	156	1151678
1444376703	0	1	0	0	0	0	0	0	0	0	0	0	0	0	0	4.943151	4.290093	4.298647	4.288667	2.249158	20.500000	24.500000	99.567757	99.232185	99.194893	0	0	1	1	156	1164632
1444376704	1	1	1	0	0	0	0	0	0	0	0	0	0	0	0	4.939927	4.304350	4.288667	4.290093	2.249964	20.500000	24.500000	99.641174	99.230751	99.342690	0	0	1	1	156	1167426
1444376705	0	0	0	0	0	0	0	0	0	0	0	0	0	0	0	4.941538	4.302925	4.285816	4.288667	2.249158	20.500000	24.500000	99.641769	99.306068	99.268776	0	0	1	1	156	1167445
1444376707	0	1	0	1	0	0	0	0	1	0	0	0	0	0	0	4.941538	4.304350	4.287241	4.288667	2.248352	20.500000	24.500000	99.604462	99.231468	99.231468	0	0	1	1	156	1164616
1444376708	0	0	0	2	0	0	0	0	0	0	0	0	0	0	0	4.935091	4.290093	4.287241	4.284390	2.247546	20.500000	24.500000	99.826157	99.452682	99.452682	0	0	1	1	156	1167360
1444376709	0	1	2	0	0	0	0	0	0	0	0	0	0	0	0	4.939927	4.304350	4.287241	4.290093	2.248352	20.500000	24.500000	99.715805	99.006889	99.641174	0	0	1	1	156	1167444
1444376710	1	3	0	1	0	0	0	0	0	0	0	0	0	0	0	4.938315	4.304350	4.288667	4.291519	2.248352	20.500000	24.500000	99.789902	99.416656	99.453979	0	0	1	1	156	1165178
1444376711	0	0	1	0	0	0	0	0	0	0	0	0	0	0	0	4.935091	4.305777	4.288667	4.290093	2.247546	20.500000	24.500000	99.900871	99.415337	99.527382	0	0	1	1	156	1152593
1444376713	3	0	2	2	0	0	0	0	0	0	0	0	0	0	0	4.939927	4.292944	4.280113	4.301499	2.248352	20.500000	24.500000	99.715805	99.342690	99.342690	0	0	1	1	156	1167383
1444376714	0	2	0	0	0	0	0	0	0	0	0	0	0	0	0	4.939927	4.304350	4.287241	4.290093	2.248352	20.500000	24.500000	99.715805	99.342690	99.342690	0	0	1	1	156	1167440
1444376715	0	3	1	0	0	0	0	0	0	0	0	0	0	0	0	4.939927	4.302925	4.287241	4.288667	2.248352	20.500000	24.500000	99.641174	99.268059	99.305382	0	0	1	1	156	1165340
1444376716	1	0	1	1	0	0	0	0	0	0	0	0	0	0	0	4.935091	4.302925	4.288667	4.290093	2.246740	20.500000	24.500000	99.826157	99.415337	99.490036	0	0	1	1	156	1151547
1444376717	0	3	2	0	0	0	0	0	0	0	0	0	0	0	0	4.943151	4.304350	4.288667	4.290093	2.248352	20.500000	24.500000	99.679634	98.971169	99.493187	0	0	1	1	156	1167374
1444376719	1	1	1	0	0	0	0	0	0	0	0	0	0	0	0	4.939927	4.301499	4.285816	4.287241	2.249158	20.500000	24.500000	99.678497	99.268059	99.342690	0	0	1	1	156	1164621
1444376720	0	1	0	3	0	0	0	0	1	0	0	0	0	0	0	4.939927	4.302925	4.285816	4.287241	2.248352	20.500000	24.500000	99.715805	99.268059	99.380005	0	0	1	1	156	1151274
1444376721	0	0	0	1	0	0	0	0	0	0	0	0	0	0	0	4.939927	4.300073	4.285816	4.288667	2.247546	20.500000	24.500000	99.678497	99.268059	99.342690	0	0	1	1	156	1151603
1444376722	3	0	1	0	0	0	0	0	0	0	0	0	0	0	0	4.938315	4.305777	4.291519	4.292944	2.246740	20.500000	24.500000	99.789902	99.379326	99.453979	0	0	1	1	156	1194522
1444376723	0	0	1	1	0	0	0	0	0	0	0	0	0	0	0	4.939927	4.304350	4.287241	4.288667	2.247546	20.500000	24.500000	99.641174	98.783020	99.118820	0	0	0	1	156	1168666
1444376725	2	0	1	0	0	0	0	0	0	0	0	0	0	0	0	4.939927	4.302925	4.285816	4.287241	2.247546	20.500000	24.500000	99.753120	99.268059	99.342690	0	0	0	1	156	1151189
1444376726	0	3	1	0	0	0	0	0	0	0	0	0	0	0	0	4.939927	4.304350	4.288667	4.290093	2.248352	20.500000	24.500000	99.641174	99.268059	99.268059	0	0	0	1	156	1180512
1444376727	2	2	0	0	0	0	0	0	0	0	0	0	0	0	0	4.938315	4.305777	4.285816	4.288667	2.247546	20.500000	24.500000	99.752571	99.304680	99.304680	0	0	0	1	156	1167361
1444376728	1	1	2	1	0	1	0	0	0	0	0	0	0	0	0	4.943151	4.307202	4.288667	4.288667	2.247546	20.500000	24.500000	99.605057	99.083031	98.971169	0	0	1	1	156	1167445
1444376729	2	0	0	0	0	0	0	0	0	0	0	0	0	0	0	4.941538	4.302925	4.288667	4.288667	2.246740	20.500000	24.500000	99.604462	99.231468	99.231468	0	0	1	1	156	1151199
1444376731	1	1	0	1	0	0	0	0	0	0	0	0	0	0	0	4.938315	4.305777	4.288667	4.291519	2.247546	20.500000	24.500000	99.715248	99.304680	99.379326	0	0	1	1	156	1164512
1444376732	0	1	0	2	0	0	0	0	0	0	0	0	0	0	0	4.941538	4.304350	4.287241	4.288667	2.247546	20.500000	24.500000	99.716370	99.306068	99.306068	0	0	1	1	156	1167360
1444376733	1	0	2	2	0	0	0	0	0	0	0	0	0	0	0	4.941538	4.304350	4.288667	4.290093	2.246740	20.500000	24.500000	99.343376	99.156868	99.194176	0	0	1	1	156	1167445
1444376734	1	1	2	0	0	0	0	0	0	0	0	0	0	0	0	4.933480	4.298647	4.291519	4.290093	2.244322	20.500000	24.500000	99.937721	99.526764	99.564125	0	0	1	1	156	1164699
1444376735	0	4	0	0	0	0	0	0	0	0	0	0	0	0	0	4.938315	4.307202	4.287241	4.290093	2.246740	20.500000	24.500000	99.789902	99.267357	99.379326	0	0	1	1	156	1152138
1444376737	2	2	0	3	1	0	0	0	0	0	0	0	0	0	0	4.939927	4.305777	4.288667	4.288667	2.246740	20.500000	24.500000	99.678497	99.268059	99.305382	0	0	1	1	156	1151325
1444376738	1	1	2	1	0	0	0	0	1	0	0	0	0	0	0	4.939927	4.302925	4.287241	4.288667	2.246740	20.500000	24.500000	99.715805	99.268059	99.342690	0	0	1	1	156	1164638
1444376739	0	0	0	0	0	0	0	0	0	0	0	0	0	0	0	4.946374	4.291519	4.294370	4.285816	2.245934	20.250000	24.500000	99.494453	99.121826	99.121826	0	0	1	1	156	1167421
1444376740	1	2	2	1	0	0	0	1	0	0	0	0	0	0	0	4.939927	4.302925	4.287241	4.290093	2.247546	20.500000	24.500000	99.641174	99.268059	99.044197	0	0	1	1	156	1151048
1444376741	0	0	1	0	0	0	0	0	0	0	0	0	0	0	0	4.938315	4.305777	4.288667	4.291519	2.245934	20.500000	24.500000	99.752571	99.379326	99.379326	0	0	0	1	156	1151358
1444376743	0	0	0	1	0	0	0	0	0	0	0	0	0	0	0	4.938315	4.304350	4.287241	4.288667	2.245934	20.500000	24.500000	99.715248	99.267357	99.304680	0	0	0	1	156	1164623
1444376744	1	0	2	1	0	0	0	0	0	0	0	0	0	0	0	4.941538	4.302925	4.281538	4.277261	2.247546	20.500000	24.500000	99.567169	99.231468	99.306068	0	0	0	1	156	1167421
1444376745	1	2	0	0	0	0	0	0	0	0	0	0	0	0	0	4.939927	4.302925	4.285816	4.288667	2.246740	20.500000	24.500000	99.715805	99.268059	99.342690	0	0	0	1	156	1151090
1444376746	0	0	0	1	0	0	0	0	0	0	0	0	0	0	0	4.938315	4.304350	4.290093	4.291519	2.245934	20.500000	24.500000	99.752571	99.379326	99.453979	0	0	0	1	156	1165400
1444376747	1	0	0	3	0	0	0	0	0	0	0	0	0	0	0	4.941538	4.302925	4.288667	4.290093	2.246740	20.500000	24.500000	99.641769	99.194176	99.268776	0	0	0	1	156	1152568
1444376749	2	1	1	0	0	0	0	0	0	0	0	0	0	0	0	4.946374	4.291519	4.294370	4.287241	2.245934	20.250000	24.500000	99.531723	99.121826	99.121826	0	0	0	1	156	1167374
1444376750	0	0	1	0	0	0	0	0	0	0	0	0	0	0	0	4.943151	4.288667	4.297222	4.288667	2.245934	20.250000	24.500000	99.567757	99.157608	99.194893	0	0	1	1	156	1164702
1444376751	0	1	2	0	0	0	0	0	0	0	0	0	0	0	0	4.939927	4.302925	4.287241	4.288667	2.246740	20.500000	24.500000	99.678497	99.268059	99.305382	0	0	1	1	156	1151055
1444376752	0	0	0	0	0	0	0	0	0	0	0	0	0	0	0	4.939927	4.302925	4.285816	4.290093	2.245934	20.500000	24.500000	99.715805	99.268059	99.342690	0	0	1	1	156	1151387
1444376753	1	0	0	3	0	0	0	0	0	0	0	0	0	0	0	4.939927	4.302925	4.285816	4.288667	2.245128	20.250000	24.500000	99.678497	99.268059	99.268059	0	0	1	1	156	1164647
1444376755	1	1	0	0	0	0	0	0	0	0	0	0	0	0	0	4.939927	4.302925	4.285816	4.280113	2.243516	20.250000	24.500000	99.865067	99.156143	99.268059	0	0	1	1	156	1167425
1444376756	1	1	1	0	0	0	0	0	0	0	0	0	0	0	0	4.941538	4.301499	4.285816	4.288667	2.245934	20.500000	24.500000	99.641769	99.231468	99.231468	0	0	1	1	156	1151116
1444376757	3	0	0	2	0	0	0	0	0	0	0	0	0	0	0	4.939927	4.304350	4.285816	4.288667	2.245934	20.500000	24.500000	99.641174	99.268059	99.268059	0	0	1	1	156	1167383
1444376758	0	0	0	2	0	0	0	0	0	0	0	0	0	0	0	4.938315	4.307202	4.288667	4.291519	2.244322	20.250000	24.500000	99.789902	99.379326	99.453979	0	0	1	1	156	1164703
1444376759	1	0	0	1	0	0	0	0	0	0	0	0	0	0	0	4.941538	4.302925	4.287241	4.288667	2.245128	20.250000	24.500000	99.641769	99.231468	99.306068	0	0	1	1	156	1152763
1444376761	1	0	0	4	0	0	0	0	0	0	0	0	0	0	0	4.941538	4.302925	4.288667	4.288667	2.245934	20.500000	24.500000	99.604462	99.194176	98.970383	0	0	1	1	156	1150846
1444376762	1	2	1	2	0	0	0	0	1	0	0	0	0	0	0	4.939927	4.304350	4.285816	4.288667	2.245128	20.250000	24.500000	99.715805	99.268059	99.342690	0	0	1	1	156	1165212
1444376763	0	0	1	0	0	0	0	0	0	0	0	0	0	0	0	4.941538	4.302925	4.285816	4.288667	2.245128	20.250000	24.500000	99.604462	99.231468	99.231468	0	0	1	1	156	1167460
1444376764	0	2	2	2	0	0	0	0	0	0	0	0	0	0	0	4.941538	4.302925	4.285816	4.272984	2.245128	20.250000	24.500000	99.716370	99.194176	99.343376	0	0	1	1	156	1167440
1444376765	2	1	3	1	0	0	0	0	0	0	0	0	0	0	0	4.941538	4.301499	4.287241	4.282964	2.241905	20.250000	24.500000	99.679062	99.119583	99.268776	0	0	1	1	156	1164705
1444376767	2	2	1	0	0	0	0	0	0	0	0	0	0	0	0	4.939927	4.302925	4.285816	4.287241	2.245128	20.250000	24.500000	99.678497	99.268059	99.268059	0	0	1	1	156	1151112
1444376768	1	2	1	0	1	0	0	0	0	0	0	0	0	0	0	4.941538	4.302925	4.285816	4.288667	2.245128	20.250000	24.500000	99.641769	99.231468	99.306068	0	0	1	1	156	1167374
1444376769	4	1	2	1	0	1	0	0	0	0	0	0	0	0	0	4.943151	4.290093	4.297222	4.284390	2.245128	20.250000	24.500000	99.530479	99.194893	99.269463	0	0	0	1	156	1167435
1444376770	1	4	0	0	0	0	0	0	0	0	0	0	0	0	0	4.938315	4.305777	4.288667	4.291519	2.244322	20.250000	24.500000	99.789902	99.379326	99.528625	0	0	0	1	156	1165043
1444376771	1	1	1	0	1	0	0	0	0	0	0	0	0	0	0	4.939927	4.300073	4.285816	4.290093	2.245128	20.250000	24.500000	99.603874	99.268059	99.342690	0	0	0	1	156	1168603
1444376773	2	0	1	0	0	0	0	0	0	0	0	0	0	0	0	4.939927	4.300073	4.285816	4.288667	2.244322	20.250000	24.500000	99.641174	99.268059	99.305382	0	0	0	1	156	1167435
1444376774	0	0	1	0	0	0	0	0	0	0	0	0	0	0	0	4.939927	4.301499	4.290093	4.288667	2.245128	20.250000	24.500000	99.641174	99.417313	99.380005	0	0	1	1	156	1164684
1444376775	1	0	1	1	0	0	0	0	0	0	0	0	0	0	0	4.939927	4.302925	4.288667	4.290093	2.245128	20.250000	24.500000	99.603874	99.230751	99.342690	0	0	1	1	156	1167423
1444376776	0	2	2	0	0	0	0	0	0	0	0	0	0	0	0	4.941538	4.301499	4.285816	4.290093	2.245128	20.250000	24.500000	99.567169	99.231468	99.306068	0	0	1	1	156	1151241
1444376777	2	1	1	0	0	0	0	0	0	0	0	0	0	0	0	4.939927	4.301499	4.285816	4.290093	2.244322	20.250000	24.500000	99.603874	99.230751	99.342690	0	0	1	1	156	1164638
1444376779	1	1	0	2	0	0	0	0	0	0	0	0	0	0	0	4.939927	4.300073	4.284390	4.290093	2.242711	20.250000	24.500000	99.641174	99.342690	99.380005	0	0	1	1	156	1167425
1444376780	0	0	0	1	0	0	0	0	0	0	0	0	0	0	0	4.939927	4.302925	4.288667	4.290093	2.244322	20.250000	24.500000	99.603874	99.268059	99.156143	0	0	1	1	156	1150907
1444376781	2	0	3	0	0	0	0	0	0	0	0	0	0	0	0	4.938315	4.301499	4.287241	4.288667	2.244322	20.250000	24.500000	99.677917	99.304680	99.379326	0	0	1	1	156	1165221
1444376782	1	0	2	0	0	0	0	0	0	0	0	0	0	0	0	4.935091	4.304350	4.292944	4.292944	2.242711	20.250000	24.500000	99.826157	99.490036	99.564728	0	0	1	1	156	1167360
1444376783	1	0	1	0	0	0	0	0	0	0	0	0	0	0	0	4.941538	4.301499	4.277261	4.298647	2.243516	20.250000	24.500000	99.567169	99.380669	99.343376	0	0	1	1	156	1168591
1444376785	0	1	0	1	0	0	0	0	0	0	0	0	0	0	0	4.941538	4.301499	4.287241	4.288667	2.244322	20.250000	24.500000	99.604462	99.231468	99.306068	0	0	1	1	156	1151074
1444376786	3	0	0	1	0	0	0	0	0	0	0	0	0	0	0	4.941538	4.300073	4.285816	4.287241	2.244322	20.250000	24.500000	99.567169	99.231468	99.306068	0	0	1	1	156	1165379
1444376787	1	2	0	2	0	0	0	0	0	0	0	0	0	0	0	4.938315	4.304350	4.288667	4.290093	2.241905	20.250000	24.500000	99.677917	99.304680	99.379326	0	0	1	1	156	1167459
1444376788	0	1	0	0	0	0	0	0	0	0	0	0	0	0	0	4.939927	4.291519	4.277261	4.298647	2.243516	20.250000	24.500000	99.603874	99.268059	99.380005	0	0	1	1	156	1167440
1444376789	1	5	0	2	0	0	0	0	1	0	0	0	0	0	0	4.941538	4.302925	4.290093	4.288667	2.243516	20.250000	24.500000	99.567169	99.268776	99.231468	0	0	1	1	156	1165069
1444376791	1	0	2	1	0	0	0	0	0	0	0	0	0	0	0	4.941538	4.301499	4.287241	4.288667	2.243516	20.250000	24.500000	99.529861	99.231468	99.231468	0	0	1	1	156	1151589
1444376792	1	1	1	2	0	0	0	0	1	0	0	0	0	0	0	4.941538	4.287241	4.278687	4.281538	2.241905	20.250000	24.500000	99.492569	99.082275	98.933075	0	0	1	1	156	1167375
1444376793	3	0	1	0	0	0	0	0	0	0	0	0	0	0	0	4.941538	4.300073	4.287241	4.288667	2.243516	20.250000	24.500000	99.567169	99.194176	98.933075	0	0	1	1	156	1164702
1444376794	0	0	1	2	0	0	0	0	0	0	0	0	0	0	0	4.939927	4.302925	4.291519	4.292944	2.242711	20.250000	24.500000	99.715805	99.417313	99.417313	0	0	1	1	156	1167416
1444376795	0	2	0	2	0	0	0	0	0	0	0	0	0	0	0	4.939927	4.300073	4.287241	4.290093	2.243516	20.250000	24.500000	99.603874	99.268059	99.342690	0	0	1	1	156	1152502
1444376797	0	0	1	1	0	0	0	0	0	0	0	0	0	0	0	4.939927	4.300073	4.287241	4.290093	2.242711	20.250000	24.500000	99.603874	99.230751	99.342690	0	0	0	1	156	1164666
1444376798	0	1	2	1	0	0	0	0	0	0	0	0	0	0	0	4.939927	4.301499	4.288667	4.287241	2.243516	20.250000	24.500000	99.603874	99.342690	99.305382	0	0	0	1	156	1167361
1444376799	0	1	2	0	0	0	0	1	0	0	0	0	0	0	0	4.941538	4.302925	4.288667	4.287241	2.243516	20.250000	24.500000	99.567169	99.156868	99.007675	0	0	1	1	156	1167445
1444376800	0	0	1	0	0	0	0	0	0	0	0	0	0	0	0	4.939927	4.301499	4.287241	4.290093	2.243516	20.250000	24.500000	99.566551	99.230751	99.268059	0	0	1	1	156	1167445
1444376801	0	0	2	0	0	0	0	0	0	0	0	0	0	0	0	4.939927	4.300073	4.288667	4.288667	2.242711	20.250000	24.500000	99.641174	99.380005	99.342690	0	0	1	1	156	1165470
1444376803	0	1	1	0	0	0	0	0	0	0	0	0	0	0	0	4.939927	4.300073	4.287241	4.288667	2.241905	20.250000	24.500000	99.603874	99.342690	99.305382	0	0	1	1	156	1167360
1444376804	0	0	1	1	0	0	0	0	0	0	0	0	0	0	0	4.939927	4.302925	4.288667	4.287241	2.242711	20.250000	24.500000	99.603874	99.230751	99.044197	0	0	1	1	156	1167445
1444376805	2	2	3	1	0	0	0	0	0	0	0	0	0	0	0	4.939927	4.301499	4.287241	4.288667	2.241905	20.250000	24.500000	99.566551	99.268059	99.268059	0	0	1	1	156	1165199
1444376806	1	2	0	0	1	0	0	0	0	0	0	0	0	0	0	4.938315	4.302925	4.292944	4.292944	2.241905	20.250000	24.500000	99.715248	99.453979	99.416656	0	0	1	1	156	1167360
1444376807	2	0	0	0	0	0	0	0	0	0	0	0	0	0	0	4.939927	4.295796	4.287241	4.287241	2.241905	20.250000	24.500000	99.603874	99.342690	99.342690	0	0	1	1	156	1168591
1444376809	0	3	1	0	0	0	0	0	0	0	0	0	0	0	0	4.939927	4.297222	4.287241	4.287241	2.241905	20.250000	24.000000	99.566551	99.305382	99.342690	0	0	1	1	156	1164694
1444376810	0	0	1	1	0	0	0	0	0	0	0	0	0	0	0	4.939927	4.301499	4.287241	4.288667	2.241905	20.250000	24.500000	99.603874	99.268059	99.305382	0	0	1	1	156	1150985
1444376811	0	0	1	1	0	0	0	0	0	0	0	0	0	0	0	4.941538	4.300073	4.287241	4.288667	2.241099	20.250000	24.000000	99.567169	99.231468	99.268776	0	0	1	1	156	1151316
1444376812	1	0	3	0	0	0	0	0	0	0	0	0	0	0	0	4.943151	4.310054	4.284390	4.285816	2.241905	20.250000	24.500000	99.567757	99.269463	99.269463	0	0	1	1	156	1167374
1444376813	0	1	2	0	0	0	0	0	0	0	0	0	0	0	0	4.941538	4.308628	4.285816	4.287241	2.241905	20.250000	24.000000	99.529861	99.306068	99.231468	0	0	1	1	156	1164692
1444376815	0	2	0	0	0	0	0	0	0	0	0	0	0	0	0	4.939927	4.301499	4.287241	4.287241	2.241905	20.250000	24.500000	99.603874	99.268059	99.268059	0	0	1	1	156	1151024
1444376816	0	1	0	1	0	0	0	0	0	0	0	0	0	0	0	4.939927	4.301499	4.287241	4.288667	2.241905	20.250000	24.000000	99.566551	99.268059	99.268059	0	0	1	1	156	1151353
1444376817	4	0	0	2	0	0	1	0	0	0	0	0	0	0	0	4.941538	4.301499	4.285816	4.288667	2.241905	20.250000	24.500000	99.641769	99.231468	99.306068	0	0	1	1	156	1164728
1444376818	0	0	3	0	0	0	0	0	0	0	0	0	0	0	0	4.939927	4.302925	4.291519	4.291519	2.241099	20.250000	24.000000	99.678497	99.417313	99.417313	0	0	1	1	156	1167454
1444376819	2	1	3	2	0	0	0	0	0	0	0	0	0	0	0	4.939927	4.300073	4.285816	4.288667	2.241099	20.250000	24.000000	99.603874	99.268059	99.305382	0	0	1	1	156	1168581
1444376821	2	1	0	1	0	0	0	0	0	0	0	0	0	0	0	4.939927	4.301499	4.287241	4.290093	2.241905	20.250000	24.000000	99.603874	99.268059	99.268059	0	0	0	1	156	1164898
1444376822	2	0	0	1	0	0	0	0	0	0	0	0	0	0	0	4.939927	4.301499	4.288667	4.288667	2.241905	20.250000	24.000000	99.566551	99.268059	99.268059	0	0	0	1	156	1151531
1444376823	0	0	1	0	0	0	0	0	0	0	0	0	0	0	0	4.941538	4.300073	4.287241	4.290093	2.241905	20.250000	24.000000	99.529861	99.231468	99.231468	0	0	0	1	156	1167383
1444376824	1	0	2	0	0	0	0	0	0	0	0	0	0	0	0	4.939927	4.302925	4.288667	4.290093	2.241099	20.250000	24.500000	99.678497	99.268059	99.380005	0	0	1	1	156	1164695
1444376825	1	0	0	3	0	0	0	0	0	0	0	0	0	0	0	4.941538	4.301499	4.288667	4.290093	2.241905	20.250000	24.000000	99.567169	99.231468	99.231468	0	0	1	1	156	1167426
1444376827	0	0	0	0	0	0	0	0	0	0	0	0	0	0	0	4.939927	4.302925	4.288667	4.290093	2.241905	20.250000	24.000000	99.603874	99.268059	99.268059	0	0	1	1	156	1151553
1444376828	0	0	1	0	0	0	0	0	0	0	0	0	0	0	0	4.944762	4.304350	4.285816	4.288667	2.241099	20.250000	24.000000	99.493828	99.046524	98.934700	0	0	1	1	156	1167383
1444376829	0	1	2	0	0	0	0	0	0	0	0	0	0	0	0	4.941538	4.287241	4.277261	4.278687	2.239487	20.250000	24.000000	100.499649	98.895782	98.933075	0	0	1	1	156	1164717
1444376830	0	1	0	0	0	0	0	0	0	0	0	0	0	0	0	4.939927	4.302925	4.291519	4.292944	2.240293	20.250000	24.000000	99.753120	99.342690	99.380005	0	0	1	1	157	1151200
1444376831	1	2	2	2	0	0	0	0	2	0	0	0	0	0	0	4.941538	4.301499	4.287241	4.288667	2.240293	20.250000	24.000000	99.567169	99.231468	99.231468	0	0	1	1	156	1152525
1444376833	0	0	1	1	0	0	0	0	0	0	0	0	0	0	0	4.939927	4.301499	4.287241	4.288667	2.241099	20.250000	24.000000	99.566551	99.230751	99.342690	0	0	1	1	156	1164645
1444376834	2	0	0	1	0	0	0	0	0	0	0	0	0	0	0	4.936703	4.287241	4.272984	4.277261	2.238681	20.250000	24.000000	99.565331	99.303986	99.415993	0	0	1	1	156	1167420
1444376835	0	2	1	1	0	0	0	0	0	0	0	0	0	0	0	4.938315	4.301499	4.287241	4.290093	2.240293	20.250000	24.000000	99.752571	99.416656	99.416656	0	0	1	1	156	1151004
1444376836	0	0	0	0	0	0	0	0	0	0	0	0	0	0	0	4.939927	4.301499	4.287241	4.288667	2.240293	20.250000	24.000000	99.603874	99.230751	99.268059	0	0	1	1	156	1165316
1444376837	0	0	0	2	0	0	0	0	0	0	0	0	0	0	0	4.939927	4.298647	4.287241	4.288667	2.240293	20.250000	24.000000	99.603874	99.230751	99.268059	0	0	1	1	156	1167459
1444376839	0	0	0	0	0	0	0	0	0	0	0	0	0	0	0	4.939927	4.234488	4.274410	4.274410	2.239487	20.250000	24.000000	99.454628	98.969566	99.044197	0	0	1	1	156	1167440
1444376840	0	1	1	2	0	0	0	0	0	0	0	0	0	0	0	4.938315	4.302925	4.288667	4.290093	2.239487	20.250000	24.000000	99.752571	99.342010	99.416656	0	0	0	1	156	1151111
1444376841	1	2	1	0	0	0	0	0	0	0	0	0	0	0	0	4.939927	4.301499	4.285816	4.287241	2.240293	20.250000	24.000000	99.678497	99.268059	99.417313	0	0	0	1	156	1165421
1444376842	2	1	0	1	0	0	0	0	0	0	0	0	0	0	0	4.935091	4.304350	4.292944	4.295796	2.237875	20.250000	24.000000	99.863525	99.490036	99.527382	0	0	0	1	156	1167460
1444376843	0	2	1	3	0	0	0	0	0	0	0	0	0	0	0	4.939927	4.302925	4.287241	4.290093	2.239487	20.250000	24.000000	99.678497	99.268059	99.380005	0	0	0	1	156	1168581
1444376845	0	0	0	0	0	0	0	0	0	0	0	0	0	0	0	4.939927	4.300073	4.285816	4.288667	2.240293	20.250000	24.000000	99.641174	99.268059	99.305382	0	0	0	1	156	1185957
1444376846	1	3	2	0	0	0	0	0	0	0	0	0	0	0	0	4.936703	4.288667	4.294370	4.287241	2.238681	20.250000	24.000000	99.714684	99.341316	99.378662	0	0	0	1	156	1151552
1444376847	4	2	2	0	0	1	0	0	0	0	0	0	0	0	0	4.939927	4.304350	4.290093	4.290093	2.238681	20.250000	24.000000	99.641174	99.268059	99.342690	0	0	0	1	156	1167383
1444376848	1	1	2	0	0	0	0	0	0	0	0	0	0	0	0	4.941538	4.301499	4.287241	4.290093	2.240293	20.250000	24.000000	99.529861	98.895782	99.492569	0	0	1	1	156	1164815
1444376849	1	0	2	1	0	0	0	0	0	0	0	0	0	0	0	4.939927	4.300073	4.288667	4.288667	2.239487	20.250000	24.000000	99.603874	99.268059	99.268059	0	0	1	1	156	1151180
1444376851	2	0	0	0	0	0	0	0	0	0	0	0	0	0	0	4.941538	4.301499	4.287241	4.288667	2.239487	20.250000	24.000000	99.567169	99.231468	99.231468	0	0	1	1	156	1151512
1444376852	0	1	0	2	0	0	0	0	1	0	0	0	0	0	0	4.939927	4.302925	4.287241	4.288667	2.239487	20.250000	24.000000	99.603874	99.230751	99.305382	0	0	1	1	156	1164887
1444376853	0	1	0	2	0	0	0	0	1	0	0	0	0	0	0	4.939927	4.300073	4.284390	4.288667	2.238681	20.250000	24.000000	99.641174	99.342690	99.342690	0	0	1	1	156	1167361
1444376854	2	2	1	0	0	1	0	0	0	0	0	0	0	0	0	4.938315	4.298647	4.288667	4.291519	2.237875	20.250000	24.000000	99.715248	99.379326	99.416656	0	0	1	1	156	1167445
1444376855	1	0	1	1	0	0	0	0	0	1	0	0	0	0	0	4.941538	4.301499	4.288667	4.288667	2.239487	20.250000	24.000000	99.604462	98.858490	98.933075	0	0	1	1	156	1168590
1444376857	0	3	0	0	0	0	0	0	0	0	0	0	0	0	0	4.941538	4.302925	4.285816	4.288667	2.238681	20.250000	24.000000	99.641769	99.231468	99.306068	0	0	1	1	156	1164699
1444376858	2	0	0	0	0	0	0	0	0	0	0	0	0	0	0	4.939927	4.305777	4.287241	4.287241	2.240293	20.250000	24.000000	99.678497	99.268059	99.268059	0	0	1	1	156	1167421
1444376859	0	0	1	2	0	0	0	0	0	0	0	0	0	0	0	4.939927	4.304350	4.287241	4.288667	2.238681	20.250000	24.000000	99.715805	99.230751	99.268059	0	0	1	1	156	1167440
1444376860	2	2	0	0	0	0	0	0	0	0	0	0	0	0	0	4.939927	4.302925	4.288667	4.290093	2.238681	20.250000	24.000000	99.678497	99.230751	99.268059	0	0	1	1	156	1164882
1444376861	0	2	1	0	0	0	0	0	0	0	0	0	0	0	0	4.938315	4.304350	4.285816	4.287241	2.238681	20.250000	24.000000	99.715248	99.304680	99.416656	0	0	1	1	156	1151505
1444376863	1	1	0	0	0	0	0	0	0	0	0	0	0	0	0	4.939927	4.304350	4.285816	4.287241	2.237875	20.250000	24.000000	99.790428	99.156143	99.268059	0	0	1	1	156	1167374
1444376864	1	2	2	2	0	0	0	0	0	0	0	0	0	0	0	4.939927	4.304350	4.287241	4.288667	2.237070	20.250000	24.000000	99.939682	99.193443	99.268059	0	0	1	1	156	1164696
1444376865	0	1	1	1	0	0	0	0	0	0	0	0	0	0	0	4.939927	4.307202	4.288667	4.288667	2.238681	20.250000	24.000000	99.678497	99.230751	99.268059	0	0	0	1	156	1151128
1444376866	0	0	1	0	0	0	0	0	0	0	0	0	0	0	0	4.938315	4.305777	4.290093	4.292944	2.238681	20.250000	24.000000	99.789902	99.416656	99.416656	0	0	0	1	156	1167369
1444376867	0	1	1	1	0	0	0	0	0	0	0	0	0	0	0	4.939927	4.305777	4.288667	4.290093	2.238681	20.250000	24.000000	99.678497	99.230751	99.305382	0	0	0	1	156	1168581
1444376869	0	1	1	1	0	0	0	0	0	0	0	0	0	0	0	4.939927	4.304350	4.285816	4.288667	2.238681	20.250000	24.000000	99.715805	99.268059	99.342690	0	0	0	1	156	1164706
1444376870	1	1	0	2	0	0	0	0	0	0	0	0	0	0	0	4.939927	4.301499	4.288667	4.290093	2.238681	20.250000	24.000000	99.641174	99.230751	99.268059	0	0	1	1	156	1150930
1444376871	0	1	2	0	0	0	0	0	0	0	0	0	0	0	0	4.939927	4.302925	4.288667	4.288667	2.237875	20.250000	24.000000	99.715805	99.268059	99.380005	0	0	1	1	156	1151262
1444376872	0	1	2	1	0	0	0	0	0	1	0	0	0	0	0	4.941538	4.304350	4.288667	4.288667	2.237875	20.250000	24.000000	99.604462	99.194176	99.231468	0	0	1	1	156	1164647
1444376873	1	0	1	0	0	0	0	0	0	0	0	0	0	0	0	4.941538	4.300073	4.285816	4.288667	2.237875	20.250000	24.000000	99.679062	99.231468	99.268776	0	0	1	1	156	1167426
1444376875	0	1	0	2	0	0	0	0	1	0	0	0	0	0	0	4.939927	4.302925	4.285816	4.287241	2.238681	20.250000	24.000000	99.715805	99.305382	99.305382	0	0	1	1	156	1167442
1444376876	3	0	0	1	0	0	0	0	0	0	0	0	0	0	0	4.939927	4.304350	4.290093	4.290093	2.238681	20.250000	24.000000	99.678497	99.268059	99.268059	0	0	1	1	156	1165262
1444376877	1	0	0	0	0	0	0	0	0	0	0	0	0	0	0	4.939927	4.302925	4.287241	4.291519	2.237875	20.250000	24.000000	99.715805	99.305382	99.342690	0	0	1	1	156	1167360
1444376878	0	1	0	2	0	0	0	0	1	0	0	0	0	0	0	4.941538	4.301499	4.288667	4.291519	2.237070	20.250000	24.000000	99.716370	99.306068	99.380669	0	0	1	1	156	1167445
1444376879	0	0	0	0	0	0	0	0	0	0	0	0	0	0	0	4.941538	4.304350	4.287241	4.290093	2.237070	20.250000	24.000000	99.641769	99.231468	99.268776	0	0	1	1	156	1166199
1444376881	1	2	1	2	0	0	0	0	0	0	0	0	0	0	0	4.939927	4.301499	4.287241	4.288667	2.237875	20.250000	24.000000	99.678497	99.268059	99.342690	0	0	1	1	156	1151573
1444376882	2	1	1	0	0	0	0	0	0	0	0	0	0	0	0	4.939927	4.301499	4.287241	4.288667	2.237070	20.250000	24.000000	99.678497	99.305382	99.268059	0	0	1	1	156	1150962
1444376883	0	0	1	1	0	0	0	0	0	1	0	0	0	0	0	4.939927	4.302925	4.288667	4.290093	2.237070	20.250000	24.000000	99.678497	99.230751	99.305382	0	0	1	1	156	1167377
1444376884	1	0	0	0	0	0	0	0	0	0	0	0	0	0	0	4.938315	4.305777	4.288667	4.291519	2.236264	20.250000	24.000000	99.789902	99.379326	99.379326	0	0	1	1	156	1164716
1444376885	0	0	1	1	0	0	0	0	0	0	0	0	0	0	0	4.941538	4.302925	4.287241	4.290093	2.237875	20.250000	24.000000	99.716370	99.231468	99.343376	0	0	1	1	156	1167421
1444376887	1	0	3	0	0	0	0	0	0	0	0	0	0	0	0	4.941538	4.302925	4.287241	4.290093	2.238681	20.250000	24.000000	99.641769	99.231468	99.306068	0	0	1	1	156	1150962
1444376888	0	0	0	0	0	0	0	0	0	0	0	0	0	0	0	4.939927	4.304350	4.285816	4.288667	2.237070	20.250000	24.000000	99.678497	99.268059	99.342690	0	0	1	1	156	1164630
1444376889	1	0	3	0	0	0	0	0	0	0	0	0	0	0	0	4.939927	4.302925	4.288667	4.288667	2.237070	20.250000	24.000000	99.641174	99.268059	99.268059	0	0	0	1	156	1167419
1444376890	0	1	0	1	0	0	0	0	0	0	0	0	0	0	0	4.939927	4.307202	4.291519	4.292944	2.237070	20.250000	24.000000	99.753120	99.342690	99.380005	0	0	0	1	156	1151627
1444376891	3	0	1	2	0	0	1	0	0	0	0	0	0	0	0	4.939927	4.304350	4.288667	4.287241	2.236264	20.250000	24.000000	99.641174	99.268059	99.342690	0	0	0	1	156	1165937
1444376893	0	1	1	3	0	0	0	0	0	0	0	0	0	0	0	4.938315	4.302925	4.285816	4.288667	2.236264	20.250000	24.000000	99.715248	99.304680	99.342010	0	0	0	1	156	1167455
1444376894	0	1	0	0	0	0	0	0	0	0	0	0	0	0	0	4.938315	4.217380	4.274410	4.275836	2.235458	20.250000	24.000000	116.025711	99.006096	99.006096	0	0	1	1	156	1167445
1444376895	1	2	2	1	0	0	0	0	0	0	0	0	0	0	0	4.939927	4.307202	4.288667	4.291519	2.237070	20.250000	24.000000	99.715805	99.268059	99.342690	0	0	1	1	157	1151116
1444376896	0	1	3	1	0	0	0	0	0	0	0	0	0	0	0	4.939927	4.302925	4.285816	4.288667	2.237070	20.250000	24.000000	99.715805	99.305382	99.342690	0	0	1	1	156	1165420
1444376897	0	1	1	2	0	0	0	0	0	0	0	0	0	0	0	4.939927	4.302925	4.288667	4.288667	2.236264	20.250000	24.000000	99.641174	99.268059	99.305382	0	0	1	1	156	1167360
1444376899	0	3	0	0	0	0	0	0	0	0	0	0	0	0	0	4.939927	4.302925	4.274410	4.288667	2.236264	20.250000	24.000000	99.342690	98.969566	98.969566	0	0	1	1	156	1167445
1444376900	1	1	6	1	0	0	0	0	0	0	0	0	0	0	0	4.939927	4.302925	4.285816	4.288667	2.236264	20.250000	24.000000	99.715805	99.268059	99.118820	0	0	1	1	156	1164702
1444376901	0	1	0	1	0	0	0	0	0	0	0	0	0	0	0	4.939927	4.304350	4.285816	4.287241	2.236264	20.250000	24.000000	99.678497	99.230751	99.268059	0	0	1	1	156	1151221
1444376902	1	0	0	2	0	0	0	0	0	0	0	0	0	0	0	4.936703	4.305777	4.290093	4.291519	2.234652	20.250000	24.000000	99.826698	99.415993	99.490669	0	0	1	1	156	1167383
1444376903	2	0	1	0	0	0	0	0	0	0	0	0	0	0	0	4.939927	4.302925	4.285816	4.288667	2.236264	20.250000	24.000000	99.678497	99.268059	99.342690	0	0	1	1	156	1165845
1444376905	0	0	1	1	0	0	0	0	0	0	0	0	0	0	0	4.939927	4.291519	4.278687	4.295796	2.235458	20.250000	24.000000	99.641174	99.230751	99.268059	0	0	1	1	156	1151742
1444376906	0	0	0	0	0	0	0	0	0	0	0	0	0	0	0	4.941538	4.304350	4.285816	4.288667	2.236264	20.250000	24.000000	99.641769	99.231468	99.343376	0	0	1	1	156	1151066
1444376907	2	0	1	1	0	0	0	0	0	0	0	0	0	0	0	4.941538	4.302925	4.285816	4.288667	2.235458	20.250000	24.000000	99.604462	99.231468	99.306068	0	0	1	1	156	1165441
1444376908	2	2	1	1	0	0	0	0	0	0	0	0	0	0	0	4.939927	4.304350	4.287241	4.288667	2.235458	20.250000	24.000000	99.715805	99.268059	99.342690	0	0	1	1	156	1167459
1444376909	1	2	0	1	0	0	0	0	0	0	0	0	0	0	0	4.939927	4.295796	4.274410	4.290093	2.235458	20.250000	24.000000	99.641174	99.268059	99.268059	0	0	1	1	156	1151757
1444376911	0	0	2	1	0	0	0	0	0	0	0	0	0	0	0	4.939927	4.302925	4.287241	4.288667	2.235458	20.250000	24.000000	99.678497	99.268059	99.268059	0	0	1	1	156	1151066
1444376912	1	0	1	0	0	0	0	0	0	0	0	0	0	0	0	4.939927	4.304350	4.285816	4.288667	2.235458	20.250000	24.000000	99.715805	99.342690	99.305382	0	0	1	1	156	1164443
1444376913	2	0	0	0	0	0	0	0	0	0	0	0	0	0	0	4.941538	4.304350	4.288667	4.288667	2.234652	20.250000	24.000000	99.679062	99.231468	99.268776	0	0	1	1	156	1167459
1444376914	1	0	2	1	0	1	0	0	0	0	0	0	0	0	0	4.936703	4.307202	4.290093	4.291519	2.234652	20.250000	24.000000	99.864029	99.453339	99.528015	0	0	0	1	156	1167439
1444376915	3	1	0	1	0	0	0	0	0	0	0	0	0	0	0	4.939927	4.302925	4.288667	4.290093	2.234652	20.250000	24.000000	99.678497	99.268059	99.268059	0	0	0	1	156	1165832
1444376917	1	2	0	0	1	0	0	0	0	0	0	0	0	0	0	4.941538	4.304350	4.285816	4.290093	2.236264	20.250000	24.000000	99.641769	99.231468	99.231468	0	0	0	1	156	1150920
1444376918	1	0	0	1	0	0	0	0	0	0	0	0	0	0	0	4.939927	4.302925	4.285816	4.288667	2.234652	20.250000	24.000000	99.678497	99.305382	99.342690	0	0	0	1	156	1167383
1444376919	0	1	0	0	0	0	0	0	0	0	0	0	0	0	0	4.941538	4.302925	4.288667	4.290093	2.235458	20.250000	24.000000	99.641769	99.231468	99.231468	0	0	1	1	156	1164700
1444376920	0	0	2	1	0	0	0	0	0	0	0	0	0	0	0	4.941538	4.302925	4.287241	4.288667	2.235458	20.250000	24.000000	99.679062	99.231468	99.268776	0	0	1	1	156	1167425
1444376921	2	0	1	1	0	0	0	0	0	0	0	0	0	0	0	4.939927	4.305777	4.285816	4.288667	2.235458	20.250000	24.000000	99.678497	99.156143	99.006889	0	0	1	1	156	1151886
1444376923	0	0	0	0	0	0	0	0	0	0	0	0	0	0	0	4.941538	4.304350	4.287241	4.291519	2.234652	20.250000	24.000000	99.716370	99.306068	99.343376	0	0	1	1	156	1164642
1444376924	1	0	0	0	0	0	0	0	0	0	0	0	0	0	0	4.939927	4.302925	4.288667	4.288667	2.235458	20.250000	24.000000	99.678497	99.268059	99.268059	0	0	1	1	156	1167425
1444376925	1	1	0	0	0	0	0	0	0	0	0	0	0	0	0	4.939927	4.302925	4.287241	4.288667	2.234652	20.250000	24.000000	99.715805	99.268059	99.342690	0	0	1	1	156	1151553
1444376926	0	2	1	1	0	0	0	0	0	1	0	0	0	0	0	4.936703	4.297222	4.292944	4.288667	2.233846	20.250000	24.000000	99.826698	99.378662	99.453339	0	0	1	1	156	1150867
1444376927	0	0	1	0	0	0	0	0	0	0	0	0	0	0	0	4.941538	4.304350	4.287241	4.290093	2.234652	20.250000	24.000000	99.716370	99.231468	99.306068	0	0	1	1	156	1166242
1444376929	0	0	1	0	0	0	0	0	0	0	0	0	0	0	0	4.939927	4.302925	4.288667	4.288667	2.234652	20.250000	24.000000	99.678497	99.230751	99.305382	0	0	1	1	156	1167465
1444376930	3	0	1	0	0	0	0	0	0	0	0	0	0	0	0	4.939927	4.304350	4.280113	4.275836	2.233846	20.250000	24.000000	99.641174	99.230751	99.380005	0	0	1	1	156	1167440
1444376931	3	1	1	3	0	0	1	0	1	0	0	0	0	0	0	4.938315	4.305777	4.291519	4.290093	2.233040	20.250000	24.000000	99.789902	99.453979	99.453979	0	0	1	1	156	1165090
1444376932	1	0	0	0	0	0	0	0	0	0	0	0	0	0	0	4.943151	4.305777	4.288667	4.290093	2.234652	20.250000	24.000000	99.642334	99.194893	99.232185	0	0	1	1	156	1167459
1444376933	1	1	0	1	1	0	0	0	0	0	0	0	0	0	0	4.943151	4.311480	4.284390	4.288667	2.233846	20.000000	24.000000	99.605057	99.194893	99.232185	0	0	1	1	156	1167440
1444376935	1	1	0	0	0	0	0	0	0	0	0	0	0	0	0	4.941538	4.302925	4.285816	4.290093	2.233846	20.250000	24.000000	99.641769	99.231468	99.306068	0	0	1	1	156	1165027
1444376936	1	0	2	0	0	1	0	0	0	0	0	0	0	0	0	4.936703	4.304350	4.288667	4.290093	2.232234	20.250000	24.000000	99.789345	99.378662	99.415993	0	0	1	1	156	1151547
1444376937	2	0	2	1	0	0	1	0	0	0	0	0	0	0	0	4.939927	4.302925	4.292944	4.291519	2.233846	20.250000	24.000000	99.380005	99.081512	99.380005	0	0	0	1	156	1167374
1444376938	1	1	0	1	0	0	0	0	0	0	0	0	0	0	0	4.939927	4.304350	4.292944	4.292944	2.233846	20.250000	24.000000	99.790428	99.417313	99.417313	0	0	0	1	156	1167434
1444376939	1	0	0	1	0	0	0	0	0	0	0	0	0	0	0	4.936703	4.305777	4.290093	4.290093	2.232234	20.250000	24.000000	99.789345	99.341316	99.415993	0	0	0	1	156	1176372
1444376941	2	1	2	1	0	0	0	1	0	0	0	0	0	0	0	4.939927	4.302925	4.288667	4.282964	2.230623	20.000000	24.000000	99.790428	99.193443	99.342690	0	0	0	1	156	1151774
1444376942	2	2	0	0	0	0	0	0	0	0	0	0	0	0	0	4.941538	4.301499	4.288667	4.290093	2.233846	20.250000	24.000000	99.567169	99.231468	99.268776	0	0	0	1	156	1151117
1444376943	2	0	1	1	0	0	0	0	0	0	0	0	0	0	0	4.939927	4.300073	4.288667	4.288667	2.233846	20.250000	24.000000	99.566551	99.268059	99.268059	0	0	0	1	156	1164639
1444376944	0	0	0	0	0	0	0	0	0	0	0	0	0	0	0	4.939927	4.301499	4.285816	4.287241	2.233040	20.250000	24.000000	99.641174	99.268059	99.380005	0	0	1	1	156	1167426
1444376945	1	1	3	2	0	0	0	0	0	0	0	0	0	0	0	4.938315	4.288667	4.268707	4.277261	2.232234	20.250000	24.000000	99.304680	99.043419	99.192719	0	0	1	1	156	1151845
1444376947	0	0	0	0	0	0	0	0	0	0	0	0	0	0	0	4.938315	4.300073	4.288667	4.288667	2.233040	20.250000	24.000000	99.715248	99.416656	99.342010	0	0	1	1	156	1165158
1444376948	0	1	1	0	0	0	0	0	0	0	0	0	0	0	0	4.939927	4.300073	4.287241	4.288667	2.233846	20.250000	24.000000	99.641174	99.268059	99.342690	0	0	1	1	156	1167464
1444376949	2	1	0	1	0	0	0	0	0	0	0	0	0	0	0	4.943151	4.290093	4.295796	4.284390	2.233040	20.000000	24.000000	99.493187	99.157608	99.194893	0	0	1	1	156	1167444
1444376950	0	0	2	1	0	0	0	0	0	0	0	0	0	0	0	4.936703	4.302925	4.288667	4.292944	2.233040	20.250000	24.000000	99.789345	99.415993	99.528015	0	0	1	1	156	1165053
1444376951	0	2	1	0	0	0	0	0	0	0	0	0	0	0	0	4.941538	4.302925	4.290093	4.288667	2.233040	20.000000	24.000000	99.529861	99.306068	99.231468	0	0	1	1	156	1152573
1444376953	0	0	1	0	0	0	0	0	0	0	0	0	0	0	0	4.944762	4.288667	4.294370	4.285816	2.232234	20.000000	24.000000	99.493828	99.121078	99.195625	0	0	1	1	156	1167383
1444376954	1	0	0	1	0	0	0	0	0	0	0	0	0	0	0	4.939927	4.300073	4.288667	4.288667	2.232234	20.000000	24.000000	99.603874	99.081512	99.044197	0	0	1	1	156	1167439
1444376955	0	0	1	2	0	0	0	0	0	0	0	0	0	0	0	4.939927	4.300073	4.288667	4.288667	2.233040	20.250000	24.000000	99.641174	99.342690	99.342690	0	0	1	1	156	1164698
1444376956	3	2	1	0	1	0	0	0	0	0	0	0	0	0	0	4.939927	4.301499	4.290093	4.290093	2.232234	20.000000	24.000000	99.566551	99.305382	99.268059	0	0	0	1	156	1151321
1444376957	0	1	1	0	0	0	0	0	0	0	0	0	0	0	0	4.941538	4.298647	4.288667	4.287241	2.233040	20.000000	24.000000	99.567169	99.343376	99.268776	0	0	0	1	156	1167375
1444376959	1	1	1	0	0	0	0	0	0	0	0	0	0	0	0	4.939927	4.298647	4.290093	4.288667	2.232234	20.000000	24.000000	99.603874	99.305382	99.305382	0	0	0	1	156	1164691
1444376960	2	1	0	1	0	0	0	0	0	0	0	0	0	0	0	4.941538	4.300073	4.288667	4.288667	2.232234	20.000000	24.000000	99.641769	99.343376	99.268776	0	0	0	1	156	1150985
1444376961	2	1	0	0	0	0	0	0	0	0	0	0	0	0	0	4.939927	4.301499	4.290093	4.287241	2.232234	20.000000	24.000000	99.566551	99.342690	99.268059	0	0	0	1	156	1151316
1444376962	1	0	0	0	0	0	0	0	0	0	0	0	0	0	0	4.936703	4.302925	4.292944	4.291519	2.230623	20.000000	24.000000	99.752022	99.453339	99.453339	0	0	0	1	156	1164633
1444376963	2	1	2	1	0	1	0	0	0	0	0	0	0	0	0	4.939927	4.301499	4.290093	4.290093	2.232234	20.000000	24.000000	99.641174	99.268059	99.268059	0	0	0	1	156	1168561
1444376965	0	0	1	1	0	0	0	0	0	0	0	0	0	0	0	4.939927	4.300073	4.288667	4.290093	2.232234	20.000000	24.000000	99.603874	99.342690	99.044197	0	0	0	1	156	1150898
1444376966	0	1	0	0	0	0	0	0	0	0	0	0	0	0	0	4.939927	4.301499	4.288667	4.287241	2.231429	20.000000	24.000000	99.641174	99.342690	99.380005	0	0	0	1	156	1151221
1444376967	0	1	0	1	0	0	0	0	0	0	0	0	0	0	0	4.939927	4.301499	4.288667	4.290093	2.232234	20.000000	24.000000	99.603874	99.342690	99.268059	0	0	0	1	156	1164655
1444376968	2	0	1	0	0	0	0	0	0	0	0	0	0	0	0	4.939927	4.301499	4.288667	4.287241	2.232234	20.000000	24.000000	99.603874	99.230751	99.305382	0	0	1	1	156	1167426
1444376969	0	1	1	0	0	0	0	0	0	0	0	0	0	0	0	4.939927	4.300073	4.288667	4.288667	2.232234	20.000000	24.000000	99.603874	99.305382	99.268059	0	0	1	1	156	1150949
1444376971	0	0	0	1	0	0	0	0	0	0	0	0	0	0	0	4.939927	4.301499	4.287241	4.288667	2.231429	20.000000	24.000000	99.603874	99.193443	99.342690	0	0	1	1	156	1165262
1444376972	2	0	2	1	0	0	0	0	0	0	0	0	0	0	0	4.939927	4.301499	4.288667	4.288667	2.231429	20.000000	24.000000	99.641174	99.342690	99.342690	0	0	1	1	156	1167360
1444376973	1	1	1	0	0	0	0	0	0	0	0	0	0	0	0	4.939927	4.302925	4.288667	4.288667	2.232234	20.000000	24.000000	99.268059	99.641174	99.230751	0	0	1	1	156	1167445
1444376974	0	0	0	2	0	0	0	0	0	0	0	0	0	0	0	4.938315	4.291519	4.281538	4.292944	2.230623	20.000000	24.000000	99.715248	99.379326	99.416656	0	0	1	1	156	1194600
1444376975	1	2	2	1	0	0	0	0	1	0	0	0	0	0	0	4.939927	4.300073	4.287241	4.288667	2.231429	20.000000	24.000000	99.641174	99.268059	99.305382	0	0	1	1	156	1152263
1444376977	0	0	0	0	0	0	0	0	0	0	0	0	0	0	0	4.941538	4.302925	4.288667	4.290093	2.232234	20.000000	24.000000	99.567169	99.306068	99.231468	0	0	1	1	156	1151450
1444376978	1	1	1	1	0	0	1	0	0	0	0	0	0	0	0	4.939927	4.300073	4.288667	4.287241	2.232234	20.000000	24.000000	99.641174	99.342690	99.380005	0	0	1	1	156	1170145
1444376979	2	1	1	0	0	0	0	0	0	0	0	0	0	0	0	4.941538	4.302925	4.287241	4.288667	2.231429	20.000000	24.000000	99.604462	99.231468	99.268776	0	0	1	1	156	1167423
1444376980	1	4	2	0	1	0	0	0	0	0	0	0	0	0	0	4.943151	4.300073	4.285816	4.288667	2.230623	20.000000	24.000000	99.530479	99.194893	99.269463	0	0	1	1	156	1151653
1444376981	1	2	0	1	0	0	0	0	0	0	0	0	0	0	0	4.941538	4.301499	4.285816	4.290093	2.231429	20.000000	24.000000	99.641769	99.231468	99.306068	0	0	0	1	156	1167374
1444376983	0	0	0	0	0	0	0	0	0	0	0	0	0	0	0	4.941538	4.302925	4.288667	4.288667	2.231429	20.000000	24.000000	99.641769	99.194176	99.231468	0	0	0	1	156	1164718
1444376984	2	1	0	0	0	0	0	0	0	0	0	0	0	0	0	4.939927	4.301499	4.287241	4.287241	2.230623	20.000000	24.000000	99.641174	99.342690	99.342690	0	0	0	1	156	1167421
1444376985	1	0	1	1	0	0	0	0	0	0	0	0	0	0	0	4.939927	4.300073	4.288667	4.290093	2.231429	20.000000	24.000000	99.603874	99.268059	99.342690	0	0	0	1	156	1151585
1444376986	1	0	1	1	0	0	0	0	0	0	0	0	0	0	0	4.939927	4.302925	4.290093	4.292944	2.230623	20.000000	24.000000	99.715805	99.342690	99.417313	0	0	0	1	156	1164625
1444376987	2	0	1	1	0	0	0	0	0	0	0	0	0	0	0	4.943151	4.298647	4.284390	4.288667	2.230623	20.000000	24.000000	99.567757	99.194893	99.269463	0	0	0	1	156	1168663
1444376989	2	2	1	0	0	0	0	0	0	0	0	0	0	0	0	4.939927	4.300073	4.285816	4.288667	2.229817	20.000000	24.000000	99.641174	99.268059	99.342690	0	0	0	1	156	1167432
1444376990	0	1	0	0	0	0	0	0	0	0	0	0	0	0	0	4.941538	4.300073	4.285816	4.288667	2.230623	20.000000	24.000000	99.604462	99.231468	99.306068	0	0	1	1	156	1165282
1444376991	0	1	0	1	0	0	0	0	0	0	0	0	0	0	0	4.939927	4.298647	4.284390	4.287241	2.229817	20.000000	24.000000	99.603874	99.305382	99.342690	0	0	1	1	156	1151593
1444376992	1	0	0	1	0	0	0	0	0	0	0	0	0	0	0	4.941538	4.301499	4.287241	4.288667	2.230623	20.000000	24.000000	99.567169	99.231468	99.231468	0	0	1	1	156	1167383
1444376993	1	0	0	1	0	0	0	0	0	0	0	0	0	0	0	4.939927	4.298647	4.285816	4.287241	2.229817	20.000000	24.000000	99.641174	99.268059	99.342690	0	0	1	1	156	1167445
1444376995	0	0	1	1	0	0	0	0	0	0	0	0	0	0	0	4.939927	4.302925	4.288667	4.290093	2.230623	20.000000	24.000000	99.603874	99.268059	99.305382	0	0	1	1	156	1164595
1444376996	0	0	2	0	0	0	0	0	0	0	0	0	0	0	0	4.941538	4.301499	4.285816	4.288667	2.230623	20.000000	24.000000	99.604462	99.194176	99.306068	0	0	1	1	156	1151531
1444376997	0	1	0	0	0	0	0	0	0	0	0	0	0	0	0	4.941538	4.301499	4.287241	4.288667	2.230623	20.000000	24.000000	99.604462	99.231468	99.231468	0	0	1	1	156	1150929
1444376998	2	0	2	0	0	0	0	0	0	0	0	0	0	0	0	4.941538	4.302925	4.290093	4.292944	2.229817	20.000000	24.000000	99.455261	99.007675	99.380669	0	0	1	1	156	1164647
1444376999	0	0	1	1	0	0	0	0	0	0	0	0	0	0	0	4.939927	4.301499	4.287241	4.288667	2.230623	20.000000	24.000000	99.641174	99.268059	99.342690	0	0	1	1	156	1168571
1444377001	2	0	0	0	0	0	0	0	0	0	0	0	0	0	0	4.939927	4.300073	4.287241	4.290093	2.229817	20.000000	24.000000	99.641174	99.268059	99.342690	0	0	1	1	156	1151511
1444377002	1	2	0	0	0	0	0	0	0	0	0	0	0	0	0	4.938315	4.304350	4.288667	4.291519	2.229817	20.000000	24.000000	99.752571	99.379326	99.453979	0	0	1	1	156	1164816
1444377003	1	1	1	1	0	0	0	0	0	0	0	0	0	0	0	4.943151	4.302925	4.288667	4.291519	2.230623	20.000000	24.000000	99.567757	99.194893	99.269463	0	0	1	1	156	1167459
1444377004	1	0	0	0	0	0	0	0	0	0	0	0	0	0	0	4.944762	4.311480	4.284390	4.288667	2.230623	20.000000	24.000000	99.568375	99.158348	99.158348	0	0	1	1	156	1167440
1444377005	1	0	0	1	0	0	0	0	0	0	0	0	0	0	0	4.943151	4.308628	4.285816	4.285816	2.229817	20.000000	24.000000	99.493187	99.194893	99.194893	0	0	1	1	156	1164697
1444377007	0	1	1	1	0	0	0	0	0	0	0	0	0	0	0	4.939927	4.301499	4.285816	4.290093	2.229011	20.000000	24.000000	99.603874	99.268059	99.006889	0	0	1	1	156	1151029
1444377008	1	1	0	0	0	0	0	0	0	0	0	0	0	0	0	4.936703	4.302925	4.288667	4.292944	2.229011	20.000000	24.000000	99.714684	99.415993	99.490669	0	0	0	1	156	1167377
1444377009	4	0	2	2	0	2	0	0	0	0	0	0	0	0	0	4.939927	4.302925	4.290093	4.288667	2.229011	20.000000	24.000000	99.641174	99.268059	99.342690	0	0	0	1	156	1167440
1444377010	0	2	0	1	0	0	0	0	1	0	0	0	0	0	0	4.938315	4.307202	4.290093	4.292944	2.229011	20.000000	24.000000	99.864548	99.453979	99.491310	0	0	0	1	156	1175958
1444377011	0	0	1	0	0	0	0	0	0	0	0	0	0	0	0	4.941538	4.305777	4.288667	4.290093	2.229011	20.000000	24.000000	99.679062	99.231468	99.231468	0	0	0	1	156	1168603
1444377013	1	0	3	1	0	0	0	0	0	0	0	0	0	0	0	4.939927	4.301499	4.288667	4.290093	2.229011	20.000000	24.000000	99.603874	99.268059	99.305382	0	0	0	1	156	1167435
1444377014	1	0	0	3	0	0	1	0	0	0	0	0	0	0	0	4.939927	4.300073	4.285816	4.290093	2.228205	20.000000	24.000000	99.566551	99.268059	99.342690	0	0	1	1	156	1164701
1444377015	1	0	1	1	0	0	0	0	0	0	0	0	0	0	0	4.939927	4.305777	4.287241	4.281538	2.228205	20.000000	24.000000	99.417313	98.894958	99.156143	0	0	1	1	156	1150930
1444377016	2	1	1	3	0	0	0	0	0	0	0	0	0	0	0	4.938315	4.302925	4.288667	4.290093	2.228205	20.000000	24.000000	99.715248	99.379326	99.453979	0	0	1	1	156	1167383
1444377017	1	0	0	0	0	0	0	0	0	0	0	0	0	0	0	4.939927	4.302925	4.287241	4.288667	2.229011	20.000000	24.000000	99.603874	99.230751	99.305382	0	0	1	1	156	1164694
1444377019	0	2	2	1	0	0	0	0	0	0	0	0	0	0	0	4.939927	4.302925	4.288667	4.288667	2.229011	20.000000	24.000000	99.678497	99.268059	99.305382	0	0	1	1	156	1167425
1444377020	2	0	1	1	0	0	0	0	0	0	0	0	0	0	0	4.939927	4.305777	4.285816	4.288667	2.229011	20.000000	24.000000	99.678497	99.156143	99.044197	0	0	1	1	156	1151886
1444377021	0	0	0	1	0	0	0	0	0	0	0	0	0	0	0	4.939927	4.302925	4.287241	4.288667	2.229011	20.000000	24.000000	99.678497	99.268059	99.268059	0	0	1	1	156	1151200
1444377022	2	1	1	2	1	0	0	0	0	0	0	0	0	0	0	4.938315	4.301499	4.288667	4.292944	2.228205	20.000000	24.000000	99.715248	99.379326	99.453979	0	0	1	1	156	1164660
1444377023	1	1	0	2	0	0	0	0	0	0	0	0	0	0	0	4.939927	4.304350	4.287241	4.288667	2.229011	20.000000	24.000000	99.678497	99.268059	99.268059	0	0	1	1	156	1168571
1444377025	2	2	1	0	0	0	0	0	0	0	0	0	0	0	0	4.943151	4.301499	4.277261	4.277261	2.226593	20.000000	24.000000	99.455902	99.194893	99.269463	0	0	1	1	156	1151782
1444377026	1	0	1	0	0	0	0	0	0	0	0	0	0	0	0	4.941538	4.301499	4.287241	4.291519	2.229011	20.000000	24.000000	99.567169	99.231468	99.268776	0	0	1	1	156	1165087
1444377027	0	2	0	0	0	0	0	0	0	0	0	0	0	0	0	4.939927	4.300073	4.287241	4.290093	2.228205	20.000000	24.000000	99.566551	99.268059	99.268059	0	0	1	1	156	1167460
1444377028	0	2	0	2	0	0	0	0	0	0	0	0	0	0	0	4.939927	4.302925	4.280113	4.277261	2.227399	20.000000	24.000000	99.603874	99.268059	99.305382	0	0	1	1	156	1167440
1444377029	0	0	1	2	0	0	0	0	0	0	0	0	0	0	0	4.941538	4.304350	4.270133	4.278687	2.227399	20.000000	24.000000	99.529861	99.231468	99.231468	0	0	1	1	156	1164691
1444377031	2	0	1	0	0	0	0	0	0	0	0	0	0	0	0	4.939927	4.304350	4.287241	4.288667	2.228205	20.000000	24.000000	99.678497	99.268059	99.268059	0	0	1	1	156	1151087
1444377032	2	1	0	1	0	0	0	0	1	0	0	0	0	0	0	4.939927	4.301499	4.285816	4.288667	2.227399	20.000000	24.000000	99.753120	99.268059	99.342690	0	0	1	1	156	1151416
1444377033	0	0	0	0	0	0	0	0	0	0	0	0	0	0	0	4.941538	4.302925	4.285816	4.288667	2.229011	20.000000	24.000000	99.641769	99.231468	99.306068	0	0	1	1	156	1164605
1444377034	2	0	0	1	0	0	0	0	0	0	0	0	0	0	0	4.938315	4.307202	4.290093	4.291519	2.227399	20.000000	24.000000	99.789902	99.379326	99.416656	0	0	1	1	156	1167415
1444377035	0	1	1	0	0	0	0	0	0	0	0	0	0	0	0	4.941538	4.304350	4.287241	4.288667	2.228205	20.000000	24.000000	99.641769	99.194176	99.231468	0	0	1	1	156	1168581
1444377037	0	0	1	1	0	0	0	0	0	0	0	0	0	0	0	4.941538	4.305777	4.287241	4.288667	2.228205	20.000000	24.000000	99.679062	99.194176	99.231468	0	0	1	1	156	1151273
1444377038	1	0	0	0	0	0	0	0	0	0	0	0	0	0	0	4.939927	4.304350	4.287241	4.288667	2.228205	20.000000	24.000000	99.715805	99.230751	99.342690	0	0	1	1	156	1174889
1444377039	1	1	0	3	0	0	1	0	0	0	0	0	0	0	0	4.938315	4.304350	4.287241	4.288667	2.228205	20.000000	24.000000	99.677917	99.304680	99.342010	0	0	1	1	156	1167425
1444377040	0	1	1	2	0	0	0	0	0	0	0	0	0	0	0	4.943151	4.290093	4.295796	4.288667	2.227399	20.000000	24.000000	99.642334	99.194893	99.269463	0	0	1	1	156	1151741
1444377041	0	0	0	0	0	0	0	0	0	0	0	0	0	0	0	4.941538	4.302925	4.287241	4.290093	2.228205	20.000000	24.000000	99.641769	99.231468	99.306068	0	0	1	1	156	1165054
1444377043	0	0	1	1	0	0	0	0	0	0	0	0	0	0	0	4.939927	4.302925	4.288667	4.290093	2.227399	20.000000	24.000000	99.678497	99.268059	99.268059	0	0	1	1	156	1151531
1444377044	1	0	0	0	0	0	0	0	0	0	0	0	0	0	0	4.941538	4.302925	4.285816	4.294370	2.228205	20.000000	24.000000	99.604462	99.231468	99.231468	0	0	1	1	156	1167383
1444377045	2	1	1	1	0	0	0	0	0	0	0	0	0	0	0	4.939927	4.305777	4.288667	4.290093	2.227399	20.000000	24.000000	99.715805	99.268059	99.268059	0	0	1	1	156	1164705
1444377046	0	1	0	1	0	0	0	0	0	0	0	0	0	0	0	4.939927	4.305777	4.290093	4.291519	2.227399	20.000000	24.000000	99.753120	99.342690	99.342690	0	0	1	1	156	1151263
1444377047	1	1	1	0	0	0	0	0	0	0	0	0	0	0	0	4.939927	4.304350	4.285816	4.288667	2.227399	20.000000	24.000000	99.715805	99.268059	99.417313	0	0	1	1	156	1168636
1444377049	1	0	0	0	0	0	0	0	0	0	0	0	0	0	0	4.941538	4.300073	4.287241	4.288667	2.227399	20.000000	24.000000	99.641769	99.231468	99.231468	0	0	1	1	156	1151678
1444377050	2	1	0	0	0	0	0	0	0	0	0	0	0	0	0	4.944762	4.294370	4.297222	4.288667	2.226593	20.000000	24.000000	99.642929	99.158348	99.158348	0	0	1	1	156	1164618
1444377051	1	2	5	1	0	0	0	0	1	0	0	0	0	0	0	4.941538	4.302925	4.285816	4.288667	2.227399	20.000000	24.000000	99.679062	99.231468	99.306068	0	0	1	1	156	1151050
1444377052	0	0	1	0	0	0	0	0	0	0	0	0	0	0	0	4.939927	4.305777	4.288667	4.288667	2.227399	20.000000	24.000000	99.641174	99.230751	99.268059	0	0	1	1	156	1167377
1444377053	1	1	0	1	0	0	0	0	1	0	0	0	0	0	0	4.939927	4.304350	4.285816	4.287241	2.227399	20.000000	24.000000	99.715805	99.268059	99.342690	0	0	1	1	156	1164715
1444377055	0	3	0	0	0	0	0	0	0	0	0	0	0	0	0	4.936703	4.304350	4.288667	4.290093	2.224982	20.000000	24.000000	99.864029	99.378662	99.453339	0	0	0	1	156	1151547
1444377056	0	1	0	0	0	0	0	0	0	0	0	0	0	0	0	4.941538	4.304350	4.290093	4.288667	2.226593	20.000000	24.000000	99.679062	99.231468	98.970383	0	0	0	1	156	1150837
1444377057	0	2	1	1	0	0	0	0	0	0	0	0	0	0	0	4.939927	4.302925	4.287241	4.288667	2.226593	20.000000	24.000000	99.678497	99.268059	99.268059	0	0	0	1	156	1165212
1444377058	1	1	1	0	0	0	0	0	0	0	0	0	0	0	0	4.935091	4.307202	4.291519	4.292944	2.224176	20.000000	24.000000	99.900871	99.490036	99.564728	0	0	0	1	156	1151589
1444377059	0	2	0	1	0	0	0	0	0	0	0	0	0	0	0	4.941538	4.302925	4.285816	4.288667	2.226593	20.000000	24.000000	99.641769	99.231468	99.306068	0	0	0	1	156	1152879
1444377061	0	2	0	0	0	0	0	0	0	0	0	0	0	0	0	4.939927	4.302925	4.288667	4.288667	2.226593	20.000000	24.000000	99.641174	99.230751	99.268059	0	0	0	1	156	1165001
1444377062	1	3	0	1	0	0	0	0	0	0	0	0	0	0	0	4.939927	4.300073	4.285816	4.288667	2.226593	20.000000	24.000000	99.641174	99.268059	99.268059	0	0	0	1	156	1151594
1444377063	1	2	0	1	0	0	1	0	0	0	0	0	0	0	0	4.938315	4.302925	4.288667	4.288667	2.226593	20.000000	24.000000	99.752571	99.304680	99.080734	0	0	0	1	156	1150992
1444377064	0	1	0	0	0	0	0	0	0	0	0	0	0	0	0	4.936703	4.305777	4.290093	4.291519	2.225788	20.000000	24.000000	99.789345	99.341316	99.415993	0	0	0	1	156	1167385
1444377065	3	1	0	1	0	0	0	0	0	0	0	0	0	0	0	4.941538	4.304350	4.285816	4.288667	2.226593	20.000000	24.000000	99.641769	99.231468	99.268776	0	0	1	1	156	1164699
1444377067	0	1	0	2	0	0	0	0	1	0	0	0	0	0	0	4.941538	4.305777	4.287241	4.288667	2.226593	20.000000	24.000000	99.641769	99.231468	99.268776	0	0	1	1	156	1151531
1444377068	0	1	2	0	0	0	0	1	0	0	0	0	0	0	0	4.939927	4.302925	4.288667	4.290093	2.226593	20.000000	24.000000	99.641174	99.268059	99.268059	0	0	1	1	156	1167383
1444377069	0	3	0	1	0	0	0	0	0	0	0	0	0	0	0	4.939927	4.302925	4.287241	4.288667	2.226593	20.000000	24.000000	99.641174	99.230751	99.268059	0	0	1	1	156	1164703
1444377070	2	0	2	0	0	0	0	0	0	0	0	0	0	0	0	4.939927	4.305777	4.288667	4.291519	2.224982	20.000000	24.000000	99.753120	99.380005	99.417313	0	0	1	1	156	1151263
1444377071	2	0	1	0	0	0	0	0	0	0	0	0	0	0	0	4.939927	4.304350	4.288667	4.288667	2.226593	20.000000	24.000000	99.678497	99.268059	99.268059	0	0	1	1	156	1152596
1444377073	0	2	1	1	0	0	0	0	0	0	0	0	0	0	0	4.939927	4.304350	4.285816	4.288667	2.224982	20.000000	24.000000	99.678497	99.268059	99.268059	0	0	1	1	156	1164644
1444377074	1	0	0	0	0	0	0	0	0	0	0	0	0	0	0	4.939927	4.294370	4.275836	4.298647	2.224982	20.000000	24.000000	99.603874	99.230751	99.342690	0	0	0	1	156	1167421
1444377075	1	1	2	0	0	0	0	0	0	0	0	0	0	0	0	4.939927	4.304350	4.285816	4.287241	2.225788	20.000000	24.000000	99.678497	99.268059	99.305382	0	0	0	1	156	1167440
1444377076	4	1	1	2	0	1	1	0	1	0	0	0	0	0	0	4.939927	4.307202	4.288667	4.290093	2.226593	20.000000	24.000000	99.678497	99.305382	99.342690	0	0	0	1	156	1164707
1444377077	2	1	1	2	1	0	0	0	0	1	0	0	0	0	0	4.939927	4.305777	4.287241	4.288667	2.225788	20.000000	24.000000	99.678497	99.268059	99.342690	0	0	0	1	156	1151341
1444377079	2	0	0	2	0	0	0	0	0	0	0	0	0	0	0	4.944762	4.291519	4.297222	4.284390	2.225788	20.000000	24.000000	99.605644	99.232903	99.270180	0	0	0	1	156	1151671
1444377080	1	0	2	0	0	0	0	0	0	0	0	0	0	0	0	4.939927	4.302925	4.285816	4.288667	2.224982	20.000000	24.000000	99.678497	99.268059	99.342690	0	0	0	1	156	1167374
1444377081	0	0	1	1	0	0	0	0	0	0	0	0	0	0	0	4.941538	4.305777	4.287241	4.287241	2.224982	20.000000	24.000000	99.679062	99.194176	99.306068	0	0	0	1	156	1165382
1444377082	1	1	1	1	0	0	0	0	0	0	0	0	0	0	0	4.938315	4.304350	4.291519	4.291519	2.224982	20.000000	24.000000	99.789902	99.342010	99.416656	0	0	0	1	156	1151589
1444377083	3	2	0	2	0	0	0	0	0	0	0	0	0	0	0	4.939927	4.302925	4.287241	4.288667	2.224982	20.000000	24.000000	99.641174	99.268059	99.305382	0	0	0	1	156	1168625
1444377085	0	2	1	1	0	0	0	0	0	0	0	0	0	0	0	4.939927	4.304350	4.288667	4.290093	2.224982	20.000000	24.000000	99.678497	99.230751	99.268059	0	0	0	1	156	1164963
1444377086	2	1	1	1	0	1	0	0	0	0	0	0	0	0	0	4.939927	4.300073	4.287241	4.290093	2.224982	20.000000	24.000000	99.641174	99.268059	99.342690	0	0	0	1	156	1151594
1444377087	1	0	2	1	0	0	0	0	0	0	0	0	0	0	0	4.939927	4.302925	4.287241	4.288667	2.224982	20.000000	24.000000	99.678497	99.230751	99.268059	0	0	0	1	156	1167383
1444377088	1	0	1	1	0	0	0	0	0	0	0	0	0	0	0	4.939927	4.304350	4.287241	4.288667	2.224982	20.000000	24.000000	99.678497	99.230751	99.268059	0	0	1	1	156	1164702
1444377089	1	2	0	1	0	0	0	0	0	0	0	0	0	0	0	4.941538	4.302925	4.287241	4.288667	2.224982	20.000000	24.000000	99.679062	99.231468	99.306068	0	0	1	1	156	1167426
1444377091	0	0	1	0	0	0	0	0	0	0	0	0	0	0	0	4.939927	4.301499	4.285816	4.288667	2.224176	20.000000	24.000000	99.678497	99.305382	99.305382	0	0	1	1	156	1167445
1444377092	1	1	0	0	0	0	0	0	0	0	0	0	0	0	0	4.939927	4.305777	4.285816	4.287241	2.224982	20.000000	24.000000	99.678497	99.118820	99.006889	0	0	1	1	156	1151886
1444377093	1	2	0	2	0	0	0	0	2	0	0	0	0	0	0	4.939927	4.302925	4.285816	4.291519	2.224982	20.000000	24.000000	99.678497	99.268059	99.342690	0	0	1	1	156	1187401
1444377094	1	1	0	0	0	0	0	0	0	0	0	0	0	0	0	4.938315	4.304350	4.288667	4.291519	2.223370	20.000000	24.000000	99.789902	99.379326	99.453979	0	0	1	1	156	1167426
1444377095	2	0	2	1	0	0	0	0	0	0	0	0	0	0	0	4.939927	4.301499	4.287241	4.291519	2.224176	20.000000	24.000000	99.641174	99.268059	99.305382	0	0	1	1	156	1168591
1444377097	1	1	2	0	0	0	0	1	0	0	0	0	0	0	0	4.941538	4.304350	4.285816	4.288667	2.224176	20.000000	24.000000	99.641769	99.231468	99.231468	0	0	1	1	156	1164967
1444377098	2	0	2	0	0	1	0	0	0	0	0	0	0	0	0	4.938315	4.304350	4.287241	4.288667	2.224176	20.000000	24.000000	99.715248	99.267357	99.379326	0	0	1	1	156	1167460
1444377099	0	0	1	1	0	0	0	0	0	0	0	0	0	0	0	4.941538	4.302925	4.287241	4.288667	2.224176	20.000000	24.000000	99.343376	99.380669	99.194176	0	0	1	1	156	1151840
1444377100	1	0	1	1	0	0	0	0	0	0	0	0	0	0	0	4.941538	4.304350	4.287241	4.288667	2.224176	20.000000	24.000000	99.716370	99.231468	99.306068	0	0	1	1	156	1165150
1444377101	1	1	0	0	0	0	0	0	0	0	0	0	0	0	0	4.939927	4.304350	4.285816	4.290093	2.224176	20.000000	24.000000	99.715805	99.342690	99.305382	0	0	1	1	156	1167459
1444377103	2	2	4	0	0	0	0	1	0	0	0	0	0	0	0	4.939927	4.305777	4.270133	4.278687	2.222564	20.000000	24.000000	99.566551	99.268059	99.268059	0	0	1	1	156	1151777
1444377104	1	0	1	0	0	1	0	0	0	0	0	0	0	0	0	4.944762	4.291519	4.295796	4.287241	2.224176	20.000000	24.000000	99.568375	99.158348	99.195625	0	0	1	1	156	1164773
1444377105	1	1	0	1	0	0	0	0	0	0	0	0	0	0	0	4.941538	4.302925	4.288667	4.288667	2.223370	20.000000	24.000000	99.641769	99.231468	99.306068	0	0	0	1	156	1151045
1444377106	0	0	0	0	0	0	0	0	0	0	0	0	0	0	0	4.939927	4.307202	4.291519	4.291519	2.221758	20.000000	24.000000	99.753120	99.342690	99.417313	0	0	0	1	156	1151374
1444377107	1	1	1	0	0	1	0	0	0	0	0	0	0	0	0	4.939927	4.301499	4.287241	4.288667	2.224176	20.000000	24.000000	99.678497	99.268059	99.268059	0	0	0	1	156	1168620
1444377109	0	0	0	2	0	0	0	0	0	0	0	0	0	0	0	4.939927	4.304350	4.287241	4.288667	2.223370	20.000000	24.000000	99.715805	99.268059	99.342690	0	0	0	1	156	1164739
1444377110	1	0	2	2	0	0	1	0	0	1	0	0	0	0	0	4.939927	4.301499	4.287241	4.288667	2.224176	20.000000	24.000000	99.342690	99.268059	99.230751	0	0	1	1	156	1167425
1444377111	0	0	0	0	0	0	0	0	0	0	0	0	0	0	0	4.939927	4.300073	4.288667	4.288667	2.223370	20.000000	24.000000	99.603874	99.268059	99.305382	0	0	1	1	156	1151136
1444377112	2	3	0	0	1	0	0	0	0	0	0	0	0	0	0	4.939927	4.302925	4.287241	4.288667	2.224176	20.000000	24.000000	99.678497	99.268059	99.268059	0	0	1	1	156	1164627
1444377113	1	0	1	2	0	0	0	0	0	0	0	0	0	0	0	4.936703	4.304350	4.290093	4.290093	2.221758	20.000000	24.000000	99.752022	99.415993	99.453339	0	0	1	1	156	1167425
1444377115	0	0	0	0	0	0	0	0	0	0	0	0	0	0	0	4.941538	4.304350	4.275836	4.298647	2.223370	20.000000	24.000000	99.567169	99.231468	99.268776	0	0	1	1	156	1167445
1444377116	0	0	0	0	0	0	0	0	0	0	0	0	0	0	0	4.941538	4.301499	4.275836	4.297222	2.222564	20.000000	24.000000	99.455261	99.231468	99.231468	0	0	1	1	156	1164721
1444377117	1	0	1	0	0	0	0	0	0	0	0	0	0	0	0	4.939927	4.304350	4.285816	4.290093	2.223370	20.000000	24.000000	99.678497	99.230751	99.380005	0	0	1	1	156	1167425
1444377118	1	2	1	1	0	0	0	0	0	0	0	0	0	0	0	4.936703	4.304350	4.291519	4.294370	2.221758	20.000000	24.000000	99.864029	99.490669	99.528015	0	0	1	1	156	1167448
1444377119	2	1	1	1	0	0	0	0	0	0	0	0	0	0	0	4.939927	4.304350	4.288667	4.290093	2.223370	20.000000	24.000000	99.715805	99.268059	99.342690	0	0	1	1	156	1152636
1444377121	0	0	1	0	0	0	0	0	0	0	0	0	0	0	0	4.941538	4.300073	4.285816	4.288667	2.222564	20.000000	24.000000	99.567169	99.231468	99.268776	0	0	1	1	156	1164804
1444377122	1	0	1	1	0	0	0	0	0	0	0	0	0	0	0	4.939927	4.300073	4.285816	4.288667	2.222564	20.000000	24.000000	99.603874	99.268059	99.342690	0	0	1	1	156	1151589
1444377123	0	1	0	1	0	0	0	0	0	0	0	0	0	0	0	4.941538	4.288667	4.272984	4.277261	2.221758	20.000000	24.000000	99.231468	98.746590	98.933075	0	0	1	1	156	1167375
1444377124	1	1	0	2	0	0	0	0	0	0	0	0	0	0	0	4.939927	4.300073	4.287241	4.287241	2.222564	20.000000	24.000000	99.603874	99.268059	99.044197	0	0	1	1	156	1164693
1444377125	0	1	0	1	0	0	0	0	0	0	0	0	0	0	0	4.939927	4.300073	4.285816	4.288667	2.222564	20.000000	24.000000	99.641174	99.268059	99.342690	0	0	1	1	156	1167416
1444377127	0	0	2	2	0	0	0	0	0	0	0	0	0	0	0	4.941538	4.301499	4.287241	4.291519	2.222564	20.000000	24.000000	99.567169	99.231468	99.268776	0	0	1	1	156	1151502
1444377128	0	1	2	0	0	0	0	0	0	0	0	0	0	0	0	4.939927	4.300073	4.287241	4.288667	2.221758	20.000000	24.000000	99.641174	99.268059	99.342690	0	0	1	1	156	1164625
1444377129	1	1	0	3	0	0	0	0	0	0	0	0	0	0	0	4.941538	4.301499	4.287241	4.288667	2.221758	20.000000	24.000000	99.231468	98.933075	99.343376	0	0	1	1	156	1167416
1444377130	1	0	1	0	0	1	0	0	0	0	0	0	0	0	0	4.939927	4.304350	4.290093	4.292944	2.221758	20.000000	24.000000	99.678497	99.342690	99.380005	0	0	1	1	156	1167436
1444377131	1	1	0	1	0	0	0	0	1	0	0	0	0	0	0	4.941538	4.300073	4.285816	4.288667	2.222564	20.000000	24.000000	99.567169	99.231468	99.268776	0	0	1	1	156	1166439
1444377133	0	0	0	0	0	0	0	0	0	0	0	0	0	0	0	4.939927	4.301499	4.288667	4.290093	2.221758	20.000000	24.000000	99.603874	99.268059	99.268059	0	0	1	1	156	1167454
1444377134	0	0	3	1	0	0	0	0	0	0	0	0	0	0	0	4.938315	4.302925	4.284390	4.287241	2.221758	20.000000	24.000000	99.603264	99.304680	99.304680	0	0	1	1	156	1167444
1444377135	1	0	2	0	0	0	0	0	0	0	0	0	0	0	0	4.939927	4.300073	4.285816	4.288667	2.221758	20.000000	24.000000	99.603874	99.268059	99.342690	0	0	1	1	156	1151032
1444377136	1	1	1	2	0	0	0	0	0	0	0	0	0	0	0	4.941538	4.302925	4.287241	4.288667	2.221758	20.000000	24.000000	99.567169	99.231468	99.231468	0	0	1	1	156	1165346
1444377137	2	1	0	3	0	0	0	0	0	0	0	0	0	0	0	4.939927	4.301499	4.287241	4.288667	2.221758	20.000000	24.000000	99.603874	99.230751	99.305382	0	0	1	1	156	1167464
1444377139	1	0	0	1	0	0	0	0	0	0	0	0	0	0	0	4.941538	4.305777	4.287241	4.285816	2.221758	20.000000	24.000000	99.604462	99.231468	99.306068	0	0	1	1	156	1167445
1444377140	1	2	1	1	0	0	0	1	0	0	0	0	0	0	0	4.941538	4.300073	4.285816	4.288667	2.221758	20.000000	24.000000	99.604462	99.306068	99.306068	0	0	1	1	156	1165032
1444377141	1	0	0	0	0	0	0	0	0	0	0	0	0	0	0	4.939927	4.300073	4.285816	4.288667	2.221758	20.000000	24.000000	99.641174	99.268059	99.342690	0	0	1	1	156	1151552
1444377142	1	0	1	2	0	0	0	0	0	0	0	0	0	0	0	4.938315	4.300073	4.288667	4.291519	2.220953	20.000000	24.000000	99.752571	99.379326	99.453979	0	0	1	1	156	1167383
1444377143	1	1	2	1	0	1	0	0	0	0	0	0	0	0	0	4.939927	4.300073	4.285816	4.290093	2.221758	20.000000	24.000000	99.603874	99.268059	99.342690	0	0	1	1	156	1166178
1444377145	0	0	0	1	0	0	0	0	0	0	0	0	0	0	0	4.939927	4.300073	4.287241	4.288667	2.220953	20.000000	24.000000	99.641174	99.268059	99.342690	0	0	1	1	156	1151552
1444377146	1	1	1	1	0	0	0	0	0	0	0	0	0	0	0	4.939927	4.290093	4.275836	4.298647	2.221758	20.000000	24.000000	99.566551	99.268059	99.342690	0	0	1	1	156	1167479
1444377147	0	1	2	0	0	0	0	0	0	0	0	0	0	0	0	4.939927	4.301499	4.285816	4.288667	2.220147	19.750000	24.000000	99.603874	99.268059	99.268059	0	0	1	1	156	1151069
1444377148	2	1	1	1	0	0	0	0	0	0	0	0	0	0	0	4.939927	4.300073	4.285816	4.288667	2.220147	19.750000	24.000000	99.603874	99.268059	99.380005	0	0	1	1	156	1165379
1444377149	1	1	0	0	0	0	0	0	0	0	0	0	0	0	0	4.941538	4.300073	4.287241	4.290093	2.220953	19.750000	24.000000	99.529861	99.231468	99.268776	0	0	1	1	156	1167459
1444377151	1	0	0	2	0	0	0	0	0	0	0	0	0	0	0	4.941538	4.301499	4.290093	4.277261	2.219341	19.750000	24.000000	99.641769	99.156868	99.306068	0	0	1	1	156	1151798
1444377152	1	1	0	2	1	0	1	0	1	0	0	1	0	0	0	4.939927	4.301499	4.287241	4.288667	2.221758	20.000000	24.000000	99.603874	99.268059	99.305382	0	0	0	1	156	1165108
1444377153	1	0	0	0	0	0	0	0	0	0	0	0	0	0	0	4.939927	4.300073	4.285816	4.288667	2.220953	20.000000	24.000000	99.641174	99.268059	99.342690	0	0	0	1	156	1167460
1444377154	0	0	0	0	0	0	0	0	0	0	0	0	0	0	0	4.939927	4.302925	4.290093	4.292944	2.220147	19.750000	24.000000	99.678497	99.380005	99.380005	0	0	0	1	156	1167440
1444377155	1	0	2	0	0	1	0	0	0	0	0	0	0	0	0	4.939927	4.300073	4.287241	4.291519	2.220953	20.000000	24.000000	99.641174	99.268059	99.342690	0	0	0	1	156	1166111
1444377157	2	1	0	1	0	0	0	0	0	0	0	0	0	0	0	4.939927	4.300073	4.285816	4.288667	2.220953	20.000000	24.000000	99.641174	99.342690	99.342690	0	0	0	1	156	1151589
1444377158	0	2	2	0	0	0	0	0	0	0	0	0	0	0	0	4.941538	4.301499	4.287241	4.288667	2.220147	19.750000	24.000000	99.604462	99.231468	99.119583	0	0	0	1	156	1167383
1444377159	0	1	0	0	0	0	0	0	0	0	0	0	0	0	0	4.941538	4.302925	4.287241	4.288667	2.220953	19.750000	24.000000	99.604462	99.306068	99.119583	0	0	1	1	156	1164705
1444377160	1	0	2	1	0	1	0	0	0	0	0	0	0	0	0	4.943151	4.301499	4.287241	4.288667	2.220147	19.750000	24.000000	99.530479	99.194893	99.194893	0	0	1	1	156	1167425
1444377161	0	0	0	1	0	0	0	0	0	0	0	0	0	0	0	4.939927	4.301499	4.288667	4.288667	2.220953	20.000000	24.000000	99.641174	99.342690	99.342690	0	0	1	1	156	1151512
1444377163	0	0	2	0	0	0	0	0	0	0	0	0	0	0	0	4.938315	4.301499	4.287241	4.287241	2.220953	20.000000	24.000000	99.342010	99.603264	99.230042	0	0	1	1	156	1167383
1444377164	1	0	0	0	0	0	0	0	0	0	0	0	0	0	0	4.939927	4.301499	4.290093	4.290093	2.220147	19.750000	24.000000	99.268059	99.566551	99.230751	0	0	1	1	156	1164708
1444377165	0	1	0	0	0	0	0	0	0	0	0	0	0	0	0	4.941538	4.302925	4.290093	4.288667	2.220953	19.750000	24.000000	99.604462	99.306068	99.306068	0	0	1	1	156	1151159
1444377166	0	0	0	0	0	0	0	0	0	0	0	0	0	0	0	4.939927	4.302925	4.291519	4.292944	2.219341	19.750000	24.000000	99.678497	99.342690	99.380005	0	0	1	1	156	1151492
1444377167	0	0	1	0	0	0	0	0	0	0	0	0	0	0	0	4.938315	4.304350	4.290093	4.291519	2.219341	19.750000	24.000000	99.677917	99.342010	99.379326	0	0	1	1	156	1165890
1444377169	1	2	0	3	0	0	0	0	0	0	0	0	0	0	0	4.939927	4.301499	4.290093	4.290093	2.220147	19.750000	24.000000	99.641174	99.342690	99.342690	0	0	1	1	156	1167425
1444377170	1	1	1	1	0	0	0	0	0	0	0	0	0	0	0	4.941538	4.301499	4.285816	4.288667	2.220147	19.750000	24.000000	99.604462	98.970383	99.417976	0	0	1	1	156	1151861
1444377171	1	0	0	1	0	0	0	0	0	0	0	0	0	0	0	4.939927	4.300073	4.285816	4.288667	2.219341	19.750000	24.000000	99.678497	99.268059	99.380005	0	0	1	1	156	1165171
1444377172	0	0	0	0	0	0	0	0	0	0	0	0	0	0	0	4.936703	4.304350	4.290093	4.290093	2.219341	20.000000	24.000000	99.752022	99.341316	99.415993	0	0	1	1	156	1167459
1444377173	1	1	1	0	0	0	0	0	0	0	0	0	0	0	0	4.941538	4.290093	4.277261	4.300073	2.219341	19.750000	24.000000	99.604462	99.306068	99.343376	0	0	1	1	156	1167439
1444377175	0	1	0	0	0	0	0	0	0	0	0	0	0	0	0	4.941538	4.302925	4.288667	4.288667	2.220147	19.750000	24.000000	99.604462	99.194176	99.306068	0	0	1	1	156	1151069
1444377176	1	1	0	1	0	0	0	0	0	0	0	0	0	0	0	4.939927	4.300073	4.287241	4.288667	2.219341	19.750000	24.000000	99.566551	99.230751	99.342690	0	0	1	1	156	1165379
1444377177	0	1	1	1	0	0	0	0	0	0	0	0	0	0	0	4.938315	4.302925	4.288667	4.291519	2.218535	19.750000	24.000000	99.715248	99.379326	99.416656	0	0	0	1	156	1167459
