time	cnt1	cnt2	cnt3	cnt4	1&2	1&3	1&4	2&3	2&4	3&4	1&2&3	1&2&4	1&3&4	2&3&4	1&2&3&4	adcr	adcp1	adcp2	adcp3	adcntc	ntcT	digT	p1	p2	p3	hvstate	pbsstate	ethstate	listpbs	sdstate	looptime
1444377178	1	0	0	0	0	0	0	0	0	0	0	0	0	0	0	4.939927	4.302925	4.290093	4.291519	2.219341	19.750000	24.000000	99.715805	99.380005	99.417313	0	0	0	1	156	1167435
1444377179	0	2	1	1	0	0	0	0	1	0	0	0	0	0	0	4.939927	4.301499	4.285816	4.288667	2.219341	19.750000	24.000000	99.603874	99.268059	99.305382	0	0	0	1	156	1204334
1444377181	1	1	0	0	0	0	0	0	0	0	0	0	0	0	0	4.939927	4.300073	4.288667	4.290093	2.219341	19.750000	24.000000	99.566551	99.268059	99.268059	0	0	0	1	156	1151482
1444377182	0	1	1	0	0	0	0	0	0	0	0	0	0	0	0	4.939927	4.301499	4.287241	4.288667	2.219341	19.750000	24.000000	99.678497	99.268059	99.342690	0	0	0	1	156	1201825
1444377183	0	2	0	0	0	0	0	0	0	0	0	0	0	0	0	4.939927	4.301499	4.287241	4.288667	2.218535	19.750000	24.000000	99.603874	99.230751	99.305382	0	0	0	1	156	1167360
1444377184	0	0	1	1	0	0	0	0	0	0	0	0	0	0	0	4.941538	4.301499	4.287241	4.288667	2.218535	19.750000	24.000000	99.231468	99.492569	99.156868	0	0	1	1	156	1167445
1444377186	0	0	1	0	0	0	0	0	0	0	0	0	0	0	0	4.939927	4.302925	4.288667	4.288667	2.218535	19.750000	24.000000	99.641174	99.268059	99.342690	0	0	1	1	156	1170238
1444377187	0	1	0	2	0	0	0	0	1	0	0	0	0	0	0	4.939927	4.300073	4.288667	4.288667	2.218535	19.750000	24.000000	99.603874	99.268059	99.268059	0	0	1	1	156	1151638
1444377188	1	2	1	0	0	0	0	0	0	0	0	0	0	0	0	4.939927	4.302925	4.290093	4.288667	2.219341	19.750000	24.000000	99.678497	99.268059	99.305382	0	0	1	1	156	1167383
1444377189	0	0	4	3	0	0	0	0	0	0	0	0	0	0	0	4.939927	4.300073	4.288667	4.288667	2.218535	19.750000	24.000000	99.641174	99.230751	99.268059	0	0	1	1	156	1164703
1444377190	0	1	0	1	0	0	0	0	0	0	0	0	0	0	0	4.938315	4.301499	4.288667	4.291519	2.218535	19.750000	24.000000	99.752571	99.379326	99.453979	0	0	1	1	156	1151305
1444377192	0	1	1	0	0	0	0	0	0	0	0	0	0	0	0	4.939927	4.301499	4.287241	4.290093	2.218535	19.750000	24.000000	99.603874	99.268059	99.342690	0	0	1	1	156	1152637
1444377193	0	2	0	1	0	0	0	0	0	0	0	0	0	0	0	4.939927	4.300073	4.285816	4.288667	2.217729	19.750000	24.000000	99.641174	99.268059	99.342690	0	0	1	1	156	1164640
1444377194	0	1	2	0	0	0	0	0	0	0	0	0	0	0	0	4.939927	4.300073	4.285816	4.271558	2.217729	19.750000	24.000000	99.678497	99.193443	99.342690	0	0	1	1	156	1167421
1444377195	2	0	2	0	0	0	0	0	0	0	0	0	0	0	0	4.939927	4.301499	4.285816	4.288667	2.218535	19.750000	24.000000	99.678497	99.268059	99.342690	0	0	1	1	156	1151111
1444377196	0	1	0	1	0	0	0	0	0	0	0	0	0	0	0	4.939927	4.302925	4.287241	4.288667	2.218535	19.750000	24.000000	99.603874	99.268059	99.268059	0	0	1	1	156	1151420
1444377198	2	1	1	0	0	1	0	0	0	0	0	0	0	0	0	4.939927	4.301499	4.285816	4.288667	2.217729	19.750000	24.000000	99.641174	99.268059	99.342690	0	0	1	1	156	1164628
1444377199	0	2	1	0	0	0	0	0	0	0	0	0	0	0	0	4.939927	4.300073	4.285816	4.288667	2.218535	19.750000	24.000000	99.268059	99.529243	99.268059	0	0	1	1	156	1167420
1444377200	0	1	0	1	0	0	0	0	0	0	0	0	0	0	0	4.941538	4.302925	4.288667	4.288667	2.217729	19.750000	24.000000	99.529861	99.194176	99.306068	0	0	0	1	156	1151153
1444377201	0	0	0	0	0	0	0	0	0	0	0	0	0	0	0	4.939927	4.302925	4.287241	4.288667	2.218535	19.750000	24.000000	99.678497	99.268059	99.305382	0	0	0	1	156	1164462
1444377202	2	0	2	1	0	1	0	0	0	0	0	0	0	0	0	4.936703	4.301499	4.288667	4.291519	2.217729	19.750000	24.000000	99.752022	99.453339	99.490669	0	0	0	1	156	1167460
1444377204	0	0	0	1	0	0	0	0	0	0	0	0	0	0	0	4.939927	4.301499	4.287241	4.290093	2.217729	19.750000	24.000000	99.603874	99.268059	99.342690	0	0	0	1	156	1168580
1444377205	0	2	4	0	0	0	0	1	0	0	0	0	0	0	0	4.941538	4.301499	4.287241	4.288667	2.217729	19.750000	24.000000	99.679062	99.231468	99.306068	0	0	0	1	156	1164939
1444377206	1	2	6	1	0	0	0	0	0	0	0	0	0	0	0	4.939927	4.301499	4.285816	4.287241	2.218535	19.750000	24.000000	99.641174	99.268059	99.342690	0	0	0	1	156	1167360
1444377207	1	0	0	1	0	0	0	0	0	0	0	0	0	0	0	4.941538	4.301499	4.288667	4.291519	2.217729	19.750000	24.000000	99.567169	99.231468	99.231468	0	0	1	1	156	1150928
1444377208	1	0	3	0	0	0	0	0	0	0	0	0	0	0	0	4.939927	4.302925	4.287241	4.288667	2.217729	19.750000	24.000000	99.641174	99.268059	99.342690	0	0	1	1	156	1167383
1444377210	2	2	1	2	0	0	0	0	0	0	0	0	0	0	0	4.944762	4.290093	4.297222	4.290093	2.217729	19.750000	24.000000	99.605644	99.158348	99.232903	0	0	1	1	156	1175214
1444377211	2	1	1	1	0	0	0	0	1	0	0	0	0	0	0	4.943151	4.301499	4.287241	4.288667	2.218535	19.750000	24.000000	99.567757	99.194893	99.269463	0	0	1	1	156	1151055
1444377212	0	3	1	0	0	0	0	0	0	0	0	0	0	0	0	4.941538	4.300073	4.285816	4.288667	2.218535	19.750000	24.000000	99.604462	99.268776	99.306068	0	0	1	1	156	1167385
1444377213	2	2	4	1	0	0	0	0	0	0	0	0	0	0	0	4.939927	4.301499	4.288667	4.290093	2.217729	19.750000	24.000000	99.603874	99.268059	99.305382	0	0	1	1	156	1164707
1444377214	1	0	2	0	0	0	0	0	0	0	0	0	0	0	0	4.938315	4.304350	4.290093	4.292944	2.216117	19.750000	24.000000	99.789902	99.416656	99.491310	0	0	1	1	156	1167425
1444377216	3	1	0	1	0	0	0	0	0	0	0	0	0	0	0	4.941538	4.301499	4.285816	4.290093	2.217729	19.750000	24.000000	99.529861	98.895782	99.529861	0	0	1	1	156	1153009
1444377217	1	1	0	0	0	0	0	0	0	0	0	0	0	0	0	4.939927	4.301499	4.287241	4.288667	2.216923	19.750000	24.000000	99.603874	99.230751	99.268059	0	0	1	1	156	1165179
1444377218	0	0	1	0	0	0	0	0	0	0	0	0	0	0	0	4.936703	4.301499	4.288667	4.291519	2.216117	19.750000	24.000000	99.752022	99.378662	99.490669	0	0	1	1	156	1167459
1444377219	1	0	2	1	0	0	0	0	0	0	0	0	0	0	0	4.939927	4.290093	4.278687	4.300073	2.216923	19.750000	24.000000	99.603874	99.342690	99.380005	0	0	1	1	156	1167440
1444377220	0	0	1	1	0	0	0	0	0	0	0	0	0	0	0	4.941538	4.300073	4.288667	4.290093	2.216923	19.750000	24.000000	99.567169	99.231468	99.231468	0	0	1	1	156	1165069
1444377222	1	0	1	0	0	1	0	0	0	0	0	0	0	0	0	4.939927	4.301499	4.287241	4.288667	2.216923	19.750000	24.000000	99.678497	99.268059	99.342690	0	0	1	1	156	1151589
1444377223	1	1	1	1	0	0	0	0	0	0	0	0	0	0	0	4.939927	4.288667	4.278687	4.277261	2.215312	19.750000	24.000000	99.268059	98.820328	99.006889	0	0	1	1	156	1167375
1444377224	2	0	0	0	0	0	0	0	0	0	0	0	0	0	0	4.938315	4.305777	4.290093	4.291519	2.216117	19.750000	24.000000	99.752571	99.379326	99.379326	0	0	1	1	156	1167440
1444377225	0	1	2	1	0	0	0	0	0	0	0	0	0	0	0	4.939927	4.301499	4.288667	4.288667	2.216117	19.750000	24.000000	99.603874	99.268059	99.268059	0	0	1	1	156	1165481
1444377226	0	1	1	4	0	0	0	0	0	0	0	0	0	0	0	4.936703	4.305777	4.292944	4.295796	2.213700	19.750000	24.000000	99.826698	99.490669	99.528015	0	0	0	1	156	1151584
1444377228	1	0	0	0	0	0	0	0	0	0	0	0	0	0	0	4.939927	4.302925	4.287241	4.288667	2.216117	19.750000	24.000000	99.678497	99.342690	99.342690	0	0	0	1	156	1168620
1444377229	0	0	0	0	0	0	0	0	0	0	0	0	0	0	0	4.939927	4.301499	4.285816	4.288667	2.215312	19.750000	24.000000	99.678497	99.268059	99.268059	0	0	0	1	156	1164685
1444377230	0	0	1	0	0	0	0	0	0	0	0	0	0	0	0	4.939927	4.304350	4.287241	4.287241	2.216923	19.750000	24.000000	99.715805	99.268059	99.305382	0	0	1	1	156	1150969
1444377231	0	1	4	3	0	0	0	0	1	0	0	0	0	0	0	4.939927	4.302925	4.285816	4.287241	2.215312	19.750000	24.000000	99.715805	99.268059	99.380005	0	0	1	1	156	1151304
1444377232	2	1	2	2	0	0	0	0	0	0	0	0	0	0	0	4.939927	4.301499	4.287241	4.288667	2.216117	19.750000	24.000000	99.641174	99.268059	99.342690	0	0	1	1	156	1164642
1444377234	1	0	0	1	0	0	0	0	0	0	0	0	0	0	0	4.943151	4.307202	4.288667	4.285816	2.215312	19.750000	24.000000	99.567757	99.194893	99.194893	0	0	1	1	156	1167425
1444377235	1	0	0	1	0	0	0	0	0	0	0	0	0	0	0	4.939927	4.302925	4.287241	4.288667	2.216117	19.750000	24.000000	99.603874	99.268059	99.342690	0	0	1	1	156	1151032
1444377236	1	1	3	0	0	0	0	0	0	0	0	0	0	0	0	4.939927	4.301499	4.287241	4.288667	2.216117	19.750000	24.000000	99.603874	99.268059	99.305382	0	0	1	1	156	1151346
1444377237	1	1	0	0	0	0	0	0	0	0	0	0	0	0	0	4.939927	4.301499	4.287241	4.288667	2.216117	19.750000	24.000000	99.603874	99.268059	99.268059	0	0	1	1	156	1164638
1444377238	1	0	3	0	0	0	0	0	0	0	0	0	0	0	0	4.936703	4.302925	4.291519	4.291519	2.215312	19.750000	23.500000	99.752022	99.378662	99.490669	0	0	1	1	156	1167426
1444377240	0	1	2	0	0	0	0	0	0	0	0	0	0	0	0	4.941538	4.302925	4.288667	4.290093	2.216117	19.750000	23.500000	99.604462	99.231468	99.231468	0	0	1	1	156	1152074
1444377241	0	0	1	0	0	0	0	0	0	0	0	0	0	0	0	4.939927	4.300073	4.285816	4.288667	2.215312	19.750000	24.000000	99.603874	99.268059	99.305382	0	0	1	1	156	1165242
1444377242	1	1	3	1	0	0	0	0	0	0	0	0	0	0	0	4.939927	4.304350	4.287241	4.288667	2.215312	19.750000	24.000000	99.715805	99.268059	99.305382	0	0	1	1	156	1167459
1444377243	0	1	1	1	0	0	0	0	0	0	0	0	0	0	0	4.944762	4.311480	4.284390	4.285816	2.214506	19.750000	24.000000	99.568375	99.121078	99.195625	0	0	1	1	156	1167440
1444377244	0	2	0	2	0	0	0	0	1	0	0	0	0	0	0	4.943151	4.311480	4.284390	4.284390	2.215312	19.750000	24.000000	99.567757	99.157608	99.232185	0	0	1	1	156	1164678
1444377246	0	2	3	0	0	0	0	0	0	0	0	0	0	0	0	4.939927	4.302925	4.287241	4.288667	2.216117	19.750000	24.000000	99.678497	99.268059	99.268059	0	0	1	1	156	1167421
1444377247	1	2	2	0	0	0	0	1	0	0	0	0	0	0	0	4.941538	4.304350	4.287241	4.288667	2.213700	19.750000	24.000000	99.641769	99.231468	99.306068	0	0	1	1	156	1151319
1444377248	1	1	0	1	0	0	0	0	0	0	0	0	0	0	0	4.941538	4.302925	4.285816	4.288667	2.216117	19.750000	23.500000	99.679062	99.231468	99.268776	0	0	0	1	156	1164625
1444377249	2	1	0	1	1	0	0	0	0	0	0	0	0	0	0	4.943151	4.301499	4.287241	4.288667	2.214506	19.750000	24.000000	99.530479	99.194893	99.232185	0	0	0	1	156	1167416
1444377250	0	0	1	0	0	0	0	0	0	0	0	0	0	0	0	4.939927	4.305777	4.277261	4.301499	2.215312	19.750000	23.500000	99.715805	99.380005	99.380005	0	0	0	1	156	1150979
1444377252	2	2	0	0	1	0	0	0	0	0	0	0	0	0	0	4.939927	4.302925	4.287241	4.287241	2.216117	19.750000	23.500000	99.678497	99.268059	99.268059	0	0	0	1	156	1168620
1444377253	1	1	0	1	0	0	0	0	0	0	0	0	0	0	0	4.941538	4.301499	4.288667	4.290093	2.215312	19.750000	24.000000	99.567169	99.231468	99.268776	0	0	0	1	156	1164690
1444377254	0	0	0	1	0	0	0	0	0	0	0	0	0	0	0	4.939927	4.304350	4.287241	4.288667	2.214506	19.750000	23.500000	99.678497	99.230751	99.342690	0	0	1	1	156	1167428
1444377255	1	0	0	1	0	0	0	0	0	0	0	0	0	0	0	4.938315	4.304350	4.287241	4.288667	2.215312	19.750000	23.500000	99.715248	99.267357	99.304680	0	0	1	1	156	1167445
1444377256	0	2	1	2	0	0	0	0	1	0	0	0	0	0	0	4.941538	4.304350	4.290093	4.290093	2.215312	19.750000	23.500000	99.641769	99.231468	99.231468	0	0	1	1	156	1164949
1444377258	1	1	1	1	0	0	0	0	0	0	0	0	0	0	0	4.939927	4.304350	4.285816	4.288667	2.214506	19.750000	23.500000	99.715805	99.268059	99.342690	0	0	1	1	156	1167361
1444377259	0	0	1	1	0	0	0	0	0	0	0	0	0	0	0	4.941538	4.307202	4.287241	4.288667	2.215312	19.750000	23.500000	99.641769	99.119583	99.007675	0	0	1	1	156	1167445
1444377260	1	2	1	1	0	0	0	0	0	0	0	0	0	0	0	4.938315	4.305777	4.288667	4.290093	2.214506	19.750000	23.500000	99.752571	99.379326	99.379326	0	0	1	1	156	1165199
1444377261	2	0	1	0	0	0	0	0	0	0	0	0	0	0	0	4.939927	4.304350	4.288667	4.288667	2.214506	19.750000	23.500000	99.715805	99.268059	99.342690	0	0	1	1	156	1151510
1444377262	0	0	0	1	0	0	0	0	0	0	0	0	0	0	0	4.941538	4.302925	4.292944	4.288667	2.213700	19.750000	23.500000	99.716370	99.306068	99.380669	0	0	1	1	156	1167383
1444377264	0	2	0	1	0	0	0	0	1	0	0	0	0	0	0	4.943151	4.302925	4.285816	4.288667	2.214506	19.750000	23.500000	99.605057	99.269463	99.344040	0	0	1	1	156	1168591
1444377265	2	0	1	1	0	0	0	0	0	0	0	0	0	0	0	4.941538	4.301499	4.288667	4.290093	2.214506	19.750000	23.500000	99.567169	99.231468	99.268776	0	0	1	1	156	1165366
1444377266	0	0	0	0	0	0	0	0	0	0	0	0	0	0	0	4.939927	4.302925	4.288667	4.288667	2.214506	19.750000	23.500000	99.678497	99.268059	99.342690	0	0	1	1	156	1167460
1444377267	0	2	1	1	0	0	0	0	1	0	0	0	0	0	0	4.941538	4.302925	4.280113	4.277261	2.215312	19.750000	23.500000	99.604462	99.268776	99.231468	0	0	1	1	156	1167440
1444377268	1	0	0	0	0	0	0	0	0	0	0	0	0	0	0	4.939927	4.290093	4.272984	4.274410	2.212088	19.750000	23.500000	99.380005	99.118820	99.566551	0	0	1	1	156	1164691
1444377270	1	1	1	0	0	0	0	0	0	0	0	0	0	0	0	4.938315	4.304350	4.290093	4.292944	2.214506	19.750000	23.500000	99.715248	99.304680	99.379326	0	0	1	1	156	1151087
1444377271	0	2	1	2	0	0	0	0	1	0	0	0	0	0	0	4.939927	4.301499	4.288667	4.291519	2.213700	19.750000	23.500000	99.603874	99.268059	99.268059	0	0	1	1	156	1151416
1444377272	2	0	0	2	0	0	0	0	0	0	0	0	0	0	0	4.939927	4.302925	4.288667	4.288667	2.213700	19.750000	23.500000	99.641174	99.305382	99.268059	0	0	1	1	156	1164791
1444377273	0	0	0	1	0	0	0	0	0	0	0	0	0	0	0	4.941538	4.302925	4.287241	4.288667	2.213700	19.750000	23.500000	99.679062	99.268776	99.306068	0	0	1	1	156	1167455
1444377274	1	0	0	2	0	0	0	0	0	0	0	0	0	0	0	4.938315	4.307202	4.291519	4.294370	2.212088	19.750000	23.500000	99.827217	99.453979	99.453979	0	0	1	1	156	1151835
1444377276	1	0	0	0	0	0	0	0	0	0	0	0	0	0	0	4.939927	4.304350	4.287241	4.290093	2.214506	19.750000	23.500000	99.678497	99.268059	99.342690	0	0	1	1	156	1166145
1444377277	0	0	0	2	0	0	0	0	0	0	0	0	0	0	0	4.939927	4.302925	4.285816	4.290093	2.212894	19.750000	23.500000	99.678497	99.230751	99.305382	0	0	1	1	156	1151584
1444377278	0	0	0	1	0	0	0	0	0	0	0	0	0	0	0	4.939927	4.304350	4.285816	4.278687	2.212894	19.750000	23.500000	99.305382	99.044197	98.932274	0	0	1	1	156	1167383
1444377279	1	1	0	1	0	0	0	0	0	0	0	0	0	0	0	4.939927	4.305777	4.288667	4.290093	2.212894	19.750000	23.500000	99.753120	99.268059	99.417313	0	0	1	1	156	1167445
1444377280	2	1	0	1	0	0	0	0	0	0	0	0	0	0	0	4.941538	4.304350	4.287241	4.288667	2.213700	19.750000	23.500000	99.641769	99.231468	99.231468	0	0	1	1	156	1164699
1444377282	0	2	0	1	0	0	0	0	0	0	0	0	0	0	0	4.939927	4.304350	4.287241	4.288667	2.213700	19.750000	23.500000	99.715805	99.230751	99.305382	0	0	1	1	156	1151492
1444377283	0	2	1	2	0	0	0	0	0	0	0	0	0	0	0	4.941538	4.302925	4.287241	4.288667	2.213700	19.750000	23.500000	99.306068	99.492569	99.194176	0	0	1	1	156	1167383
1444377284	2	3	0	2	0	0	0	0	0	0	0	0	0	0	0	4.941538	4.304350	4.288667	4.290093	2.213700	19.750000	23.500000	99.306068	99.417976	99.194176	0	0	1	1	156	1164704
1444377285	0	0	1	0	0	0	0	0	0	0	0	0	0	0	0	4.939927	4.304350	4.288667	4.288667	2.212894	19.750000	23.500000	99.641174	99.268059	99.305382	0	0	1	1	156	1151159
1444377286	0	2	0	0	0	0	0	0	0	0	0	0	0	0	0	4.936703	4.304350	4.290093	4.292944	2.212894	19.750000	23.500000	99.864029	99.453339	99.490669	0	0	1	1	156	1151491
1444377288	2	1	0	1	0	0	1	0	0	0	0	0	0	0	0	4.941538	4.302925	4.285816	4.288667	2.213700	19.750000	23.500000	99.679062	99.268776	99.306068	0	0	1	1	156	1165889
1444377289	0	1	0	1	0	0	0	0	0	0	0	0	0	0	0	4.938315	4.302925	4.288667	4.290093	2.212894	19.750000	23.500000	99.715248	99.304680	99.304680	0	0	1	1	156	1167426
1444377290	0	0	1	0	0	0	0	0	0	0	0	0	0	0	0	4.941538	4.304350	4.288667	4.290093	2.214506	19.750000	23.500000	99.604462	99.231468	99.231468	0	0	1	1	156	1150963
1444377291	1	1	0	1	0	0	0	0	0	0	0	0	0	0	0	4.939927	4.302925	4.287241	4.288667	2.212894	19.750000	23.500000	99.715805	99.230751	99.380005	0	0	1	1	156	1151275
1444377292	0	0	0	0	0	0	0	0	0	0	0	0	0	0	0	4.939927	4.302925	4.285816	4.288667	2.212088	19.750000	23.500000	99.678497	99.268059	99.342690	0	0	1	1	156	1164650
1444377294	1	1	0	1	0	0	0	0	0	0	0	0	0	0	0	4.939927	4.305777	4.287241	4.288667	2.212088	19.750000	23.500000	99.641174	99.268059	99.305382	0	0	1	1	156	1167459
1444377295	1	0	3	1	0	0	0	0	0	0	0	0	0	0	0	4.941538	4.291519	4.275836	4.297222	2.212088	19.750000	23.500000	99.604462	99.231468	99.268776	0	0	1	1	156	1167440
1444377296	0	1	1	2	0	0	0	0	1	0	0	0	0	0	0	4.939927	4.304350	4.288667	4.290093	2.212088	19.750000	23.500000	99.678497	99.230751	99.342690	0	0	1	1	156	1165069
1444377297	1	0	0	1	0	0	1	0	0	0	0	0	0	0	0	4.941538	4.302925	4.288667	4.290093	2.212088	19.750000	23.500000	99.604462	99.231468	99.231468	0	0	0	1	156	1151589
1444377298	1	3	1	0	0	0	0	0	0	0	0	0	0	0	0	4.933480	4.307202	4.285816	4.291519	2.212088	19.750000	23.500000	99.937721	99.526764	99.564125	0	0	0	1	156	1167375
1444377299	1	1	1	1	0	0	0	0	0	0	0	0	0	0	0	4.941538	4.297222	4.275836	4.292944	2.212088	19.750000	23.500000	99.604462	99.231468	99.231468	0	0	0	1	156	1165835
1444377301	1	2	1	0	1	0	0	0	0	0	0	0	0	0	0	4.939927	4.304350	4.287241	4.288667	2.212894	19.750000	23.500000	99.678497	99.268059	99.268059	0	0	0	1	156	1151066
1444377302	0	0	2	1	0	0	0	0	0	0	0	0	0	0	0	4.938315	4.301499	4.287241	4.288667	2.211282	19.750000	23.500000	99.677917	99.267357	99.379326	0	0	0	1	156	1151408
1444377303	0	1	2	0	0	0	0	0	0	0	0	0	0	0	0	4.941538	4.300073	4.288667	4.291519	2.212088	19.750000	23.500000	99.604462	99.231468	99.343376	0	0	0	1	156	1164559
1444377304	3	3	2	4	1	1	1	0	2	0	0	1	0	0	0	4.941538	4.302925	4.288667	4.290093	2.212894	19.750000	23.500000	99.604462	99.194176	99.306068	0	0	1	1	156	1167423
1444377305	1	0	1	2	0	0	0	0	0	0	0	0	0	0	0	4.939927	4.300073	4.288667	4.290093	2.212088	19.750000	23.500000	99.603874	99.268059	99.342690	0	0	1	1	156	1167445
1444377307	2	0	1	0	0	1	0	0	0	0	0	0	0	0	0	4.939927	4.301499	4.285816	4.288667	2.211282	19.750000	23.500000	99.603874	99.268059	99.268059	0	0	1	1	156	1151511
1444377308	0	1	0	0	0	0	0	0	0	0	0	0	0	0	0	4.936703	4.302925	4.288667	4.290093	2.211282	19.750000	23.500000	99.752022	99.341316	99.453339	0	0	1	1	156	1164785
1444377309	0	0	3	0	0	0	0	0	0	0	0	0	0	0	0	4.938315	4.301499	4.274410	4.298647	2.211282	19.750000	23.500000	99.640594	99.379326	99.416656	0	0	1	1	156	1167426
1444377310	1	2	1	0	0	0	0	0	0	0	0	0	0	0	0	4.938315	4.302925	4.288667	4.291519	2.211282	19.750000	23.500000	99.491310	99.491310	99.379326	0	0	1	1	156	1167445
1444377311	1	0	0	1	0	0	0	0	0	0	0	0	0	0	0	4.939927	4.304350	4.288667	4.291519	2.212088	19.750000	23.500000	99.678497	99.305382	99.342690	0	0	1	1	156	1166345
1444377313	0	2	1	1	0	0	0	0	0	0	0	0	0	0	0	4.939927	4.301499	4.287241	4.288667	2.211282	19.750000	23.500000	99.641174	99.342690	99.342690	0	0	1	1	156	1167464
1444377314	0	0	0	2	0	0	0	0	0	0	0	0	0	0	0	4.943151	4.310054	4.284390	4.287241	2.211282	19.750000	23.500000	99.530479	99.194893	99.194893	0	0	1	1	156	1167440
1444377315	1	1	0	1	0	0	0	0	0	0	0	0	0	0	0	4.939927	4.300073	4.285816	4.288667	2.211282	19.750000	23.500000	99.641174	99.268059	99.342690	0	0	1	1	156	1165027
1444377316	1	0	1	0	0	0	0	0	0	0	0	0	0	0	0	4.936703	4.302925	4.287241	4.290093	2.210476	19.750000	23.500000	99.789345	99.453339	99.453339	0	0	1	1	156	1151547
1444377317	1	0	2	0	0	0	0	0	0	0	0	0	0	0	0	4.939927	4.304350	4.288667	4.290093	2.212088	19.750000	23.500000	99.641174	99.268059	99.044197	0	0	1	1	156	1150837
1444377319	0	1	1	0	0	0	0	0	0	0	0	0	0	0	0	4.939927	4.290093	4.277261	4.277261	2.210476	19.750000	23.500000	99.268059	98.932274	98.932274	0	0	1	1	156	1176721
1444377320	1	1	0	0	0	0	0	0	0	0	0	0	0	0	0	4.938315	4.301499	4.290093	4.291519	2.210476	19.750000	23.500000	99.677917	99.416656	99.379326	0	0	1	1	156	1167420
1444377321	1	0	1	1	0	0	0	0	0	0	0	0	0	0	0	4.941538	4.301499	4.287241	4.290093	2.212088	19.750000	23.500000	99.641769	99.231468	99.306068	0	0	0	1	156	1151481
1444377322	3	0	1	1	0	0	0	0	0	0	0	0	0	0	0	4.936703	4.304350	4.290093	4.291519	2.209670	19.750000	23.500000	99.752022	99.415993	99.453339	0	0	0	1	156	1167370
1444377324	0	0	0	0	0	0	0	0	0	0	0	0	0	0	0	4.936703	4.315757	4.280113	4.294370	2.209670	19.750000	23.500000	99.640007	99.341316	99.378662	0	0	0	1	156	1165897
1444377325	2	2	0	2	0	0	0	0	0	0	0	0	0	0	0	4.939927	4.302925	4.288667	4.290093	2.211282	19.750000	23.500000	99.678497	99.268059	99.380005	0	0	0	1	156	1150980
1444377326	1	0	0	1	0	0	0	0	0	0	0	0	0	0	0	4.941538	4.302925	4.288667	4.288667	2.211282	19.750000	23.500000	99.567169	99.231468	99.306068	0	0	0	1	156	1151325
1444377327	1	0	0	0	0	0	0	0	0	0	0	0	0	0	0	4.939927	4.301499	4.287241	4.288667	2.210476	19.750000	23.500000	99.566551	99.230751	99.305382	0	0	0	1	156	1164700
1444377328	2	1	2	1	0	0	0	0	0	0	0	0	0	0	0	4.939927	4.300073	4.288667	4.288667	2.210476	19.750000	23.500000	99.641174	99.380005	99.342690	0	0	0	1	156	1167465
1444377330	2	4	2	2	0	0	1	1	0	0	0	0	0	0	0	4.939927	4.287241	4.282964	4.275836	2.208864	19.750000	23.500000	99.268059	98.969566	99.156143	0	0	1	1	156	1167445
1444377331	0	0	0	1	0	0	0	0	0	0	0	0	0	0	0	4.941538	4.301499	4.288667	4.287241	2.209670	19.750000	23.500000	99.567169	99.231468	99.268776	0	0	1	1	156	1190116
1444377332	0	1	0	1	0	0	0	0	0	0	0	0	0	0	0	4.938315	4.301499	4.288667	4.288667	2.210476	19.750000	23.500000	99.640594	99.267357	99.379326	0	0	1	1	156	1151531
1444377333	2	0	1	0	0	0	0	0	0	0	0	0	0	0	0	4.939927	4.301499	4.287241	4.288667	2.210476	19.750000	23.500000	99.268059	99.529243	99.193443	0	0	1	1	156	1167383
1444377334	1	0	1	0	0	0	0	0	0	0	0	0	0	0	0	4.938315	4.304350	4.291519	4.292944	2.208864	19.750000	23.500000	99.715248	99.379326	99.230042	0	0	1	1	156	1167444
1444377336	1	3	0	1	0	0	0	0	0	0	0	0	0	0	0	4.939927	4.301499	4.285816	4.288667	2.209670	19.750000	23.500000	99.641174	99.268059	99.342690	0	0	1	1	156	1165845
1444377337	1	0	0	1	0	0	0	0	0	0	0	0	0	0	0	4.939927	4.301499	4.288667	4.290093	2.210476	19.750000	23.500000	99.566551	99.230751	99.268059	0	0	1	1	156	1151284
1444377338	2	1	0	0	0	0	0	0	0	0	0	0	0	0	0	4.939927	4.300073	4.285816	4.290093	2.209670	19.750000	23.500000	99.641174	99.268059	99.342690	0	0	1	1	156	1167375
1444377339	1	0	0	2	0	0	0	0	0	0	0	0	0	0	0	4.939927	4.301499	4.287241	4.290093	2.210476	19.750000	23.500000	99.603874	99.342690	99.380005	0	0	1	1	156	1164693
1444377340	0	1	1	1	0	0	0	0	1	0	0	0	0	0	0	4.941538	4.304350	4.287241	4.288667	2.211282	19.750000	23.500000	99.604462	99.231468	99.268776	0	0	0	1	156	1167418
1444377342	1	0	0	2	0	0	1	0	0	0	0	0	0	0	0	4.941538	4.301499	4.288667	4.288667	2.210476	19.750000	23.500000	99.567169	99.231468	99.306068	0	0	0	1	156	1151236
1444377343	1	0	0	2	0	0	0	0	0	0	0	0	0	0	0	4.939927	4.301499	4.288667	4.291519	2.209670	19.750000	23.500000	99.603874	99.268059	99.268059	0	0	0	1	156	1174902
1444377344	2	0	1	2	0	1	1	0	0	0	0	0	0	0	0	4.935091	4.304350	4.288667	4.290093	2.208059	19.750000	23.500000	99.826157	99.452682	99.490036	0	0	0	1	156	1151404
1444377345	0	1	0	2	0	0	0	0	0	0	0	0	0	0	0	4.941538	4.301499	4.287241	4.277261	2.208059	19.500000	23.500000	99.679062	99.268776	99.306068	0	0	0	1	156	1151733
1444377346	1	2	0	0	0	0	0	0	0	0	0	0	0	0	0	4.938315	4.301499	4.288667	4.291519	2.208864	19.750000	23.500000	99.752571	99.416656	99.416656	0	0	0	1	156	1164630
1444377348	0	1	0	0	0	0	0	0	0	0	0	0	0	0	0	4.941538	4.301499	4.287241	4.275836	2.209670	19.750000	23.500000	99.231468	139.813141	98.933075	0	0	0	1	156	1152170
1444377349	2	3	0	2	0	0	1	0	0	0	0	0	0	0	0	4.938315	4.304350	4.291519	4.290093	2.208864	19.750000	23.500000	99.715248	99.416656	99.416656	0	0	0	1	157	1151249
1444377350	0	0	0	0	0	0	0	0	0	0	0	0	0	0	0	4.939927	4.301499	4.287241	4.290093	2.208864	19.750000	23.500000	99.603874	99.268059	99.342690	0	0	0	1	156	1167375
1444377351	0	1	0	1	0	0	0	0	0	0	0	0	0	0	0	4.939927	4.300073	4.288667	4.288667	2.208864	19.750000	23.500000	99.641174	99.268059	99.305382	0	0	1	1	156	1164687
1444377352	1	1	0	1	0	0	0	0	0	0	0	0	0	0	0	4.939927	4.300073	4.287241	4.290093	2.209670	19.750000	23.500000	99.678497	99.268059	99.268059	0	0	1	1	156	1150969
1444377354	1	1	0	0	0	0	0	0	0	0	0	0	0	0	0	4.939927	4.301499	4.285816	4.288667	2.209670	19.750000	23.500000	99.603874	99.268059	99.342690	0	0	1	1	156	1151304
1444377355	1	0	0	0	0	0	0	0	0	0	0	0	0	0	0	4.939927	4.301499	4.287241	4.290093	2.208864	19.750000	23.500000	99.603874	99.268059	99.342690	0	0	1	1	156	1164641
1444377356	0	1	0	0	0	0	0	0	0	0	0	0	0	0	0	4.939927	4.307202	4.288667	4.285816	2.208864	19.750000	23.500000	99.566551	99.230751	99.342690	0	0	1	1	156	1167425
1444377357	0	1	0	0	0	0	0	0	0	0	0	0	0	0	0	4.941538	4.300073	4.287241	4.288667	2.208864	19.750000	23.500000	99.604462	99.231468	99.306068	0	0	1	1	156	1151032
1444377358	1	1	2	0	0	0	0	0	0	0	0	0	0	0	0	4.938315	4.304350	4.290093	4.280113	2.207253	19.500000	23.500000	99.677917	99.379326	99.453979	0	0	1	1	156	1164726
1444377360	0	0	0	2	0	0	0	0	0	0	0	0	0	0	0	4.939927	4.301499	4.287241	4.288667	2.209670	19.750000	23.500000	99.641174	99.305382	99.342690	0	0	1	1	156	1152305
1444377361	0	2	0	0	0	0	0	0	0	0	0	0	0	0	0	4.941538	4.301499	4.288667	4.288667	2.208864	19.750000	23.500000	99.567169	99.231468	99.268776	0	0	1	1	156	1151492
1444377362	0	0	0	0	0	0	0	0	0	0	0	0	0	0	0	4.941538	4.300073	4.287241	4.291519	2.208864	19.750000	23.500000	99.567169	99.231468	99.306068	0	0	1	1	156	1150858
1444377363	1	1	1	0	0	0	0	0	0	0	0	0	0	0	0	4.941538	4.301499	4.288667	4.291519	2.208864	19.750000	23.500000	99.604462	99.194176	99.306068	0	0	1	1	156	1164623
1444377364	1	2	0	0	0	0	0	0	0	0	0	0	0	0	0	4.941538	4.300073	4.287241	4.291519	2.208864	19.750000	23.500000	99.567169	99.231468	99.306068	0	0	1	1	156	1167421
1444377366	0	2	0	0	0	0	0	0	0	0	0	0	0	0	0	4.941538	4.302925	4.288667	4.291519	2.208864	19.750000	23.500000	99.567169	99.231468	99.231468	0	0	1	1	156	1167440
1444377367	0	1	0	2	0	0	0	0	1	0	0	0	0	0	0	4.939927	4.302925	4.287241	4.288667	2.208864	19.750000	23.500000	99.641174	99.305382	99.268059	0	0	0	1	156	1164861
1444377368	0	3	2	0	0	0	0	0	0	0	0	0	0	0	0	4.939927	4.300073	4.285816	4.290093	2.208059	19.500000	23.500000	99.603874	99.268059	99.342690	0	0	0	1	156	1167460
1444377369	0	1	0	0	0	0	0	0	0	0	0	0	0	0	0	4.941538	4.301499	4.287241	4.275836	2.206447	19.500000	23.500000	99.641769	99.156868	99.306068	0	0	0	1	156	1167440
1444377370	1	0	1	0	0	0	0	0	0	0	0	0	0	0	0	4.939927	4.302925	4.290093	4.291519	2.207253	19.500000	23.500000	99.715805	99.342690	99.380005	0	0	0	1	156	1165106
1444377372	0	0	0	0	0	0	0	0	0	0	0	0	0	0	0	4.941538	4.301499	4.285816	4.288667	2.208059	19.500000	23.500000	99.604462	99.231468	99.231468	0	0	0	1	156	1152521
1444377373	1	1	0	3	0	0	0	0	1	0	0	0	0	0	0	4.935091	4.302925	4.282964	4.290093	2.208059	19.750000	23.500000	99.676773	99.340637	99.377983	0	0	0	1	156	1167370
1444377374	2	0	1	1	0	1	0	0	0	0	0	0	0	0	0	4.938315	4.301499	4.282964	4.288667	2.208059	19.750000	23.500000	99.677917	99.304680	99.379326	0	0	1	1	156	1164684
1444377375	1	0	2	0	0	0	0	0	0	0	0	0	0	0	0	4.943151	4.302925	4.287241	4.288667	2.208864	19.500000	23.500000	99.642334	99.194893	99.306763	0	0	1	1	156	1151010
1444377376	1	1	0	2	0	0	0	0	0	0	0	0	0	0	0	4.941538	4.302925	4.288667	4.290093	2.208059	19.500000	23.500000	99.567169	99.231468	99.306068	0	0	1	1	156	1167386
1444377378	0	2	0	1	0	0	0	0	0	0	0	0	0	0	0	4.939927	4.301499	4.287241	4.288667	2.208059	19.500000	23.500000	99.603874	99.230751	99.305382	0	0	1	1	156	1167445
1444377379	1	1	1	1	0	0	0	0	0	0	0	0	0	0	0	4.939927	4.304350	4.287241	4.288667	2.208059	19.500000	23.500000	99.715805	99.342690	99.380005	0	0	1	1	156	1164732
1444377380	0	1	0	2	0	0	0	0	0	0	0	0	0	0	0	4.941538	4.300073	4.285816	4.288667	2.207253	19.500000	23.500000	99.604462	99.231468	99.268776	0	0	1	1	156	1150948
1444377381	0	1	1	1	0	0	0	0	0	0	0	0	0	0	0	4.941538	4.302925	4.287241	4.288667	2.208059	19.500000	23.500000	99.679062	99.231468	99.306068	0	0	1	1	156	1167383
1444377382	1	2	0	1	0	0	0	0	0	0	0	0	0	0	0	4.938315	4.304350	4.292944	4.294370	2.206447	19.500000	23.500000	99.752571	99.453979	99.491310	0	0	1	1	156	1164685
1444377384	0	0	2	0	0	0	0	0	0	0	0	0	0	0	0	4.941538	4.301499	4.287241	4.290093	2.208059	19.500000	23.500000	99.604462	99.231468	99.343376	0	0	1	1	156	1168571
1444377385	1	1	1	1	0	0	0	0	0	0	0	0	0	0	0	4.941538	4.295796	4.274410	4.291519	2.208059	19.500000	23.500000	99.567169	99.231468	99.306068	0	0	1	1	156	1151761
1444377386	0	0	0	0	0	0	0	0	0	0	0	0	0	0	0	4.939927	4.300073	4.288667	4.288667	2.207253	19.500000	23.500000	99.603874	99.268059	99.342690	0	0	1	1	156	1165066
1444377387	0	0	1	0	0	0	0	0	0	0	0	0	0	0	0	4.935091	4.301499	4.288667	4.291519	2.206447	19.750000	23.500000	99.788811	99.452682	99.527382	0	0	1	1	156	1167459
1444377388	0	1	1	1	0	0	0	0	1	0	0	0	0	0	0	4.941538	4.291519	4.275836	4.291519	2.208059	19.500000	23.500000	99.604462	99.306068	99.306068	0	0	1	1	156	1167440
1444377390	0	3	1	1	0	0	0	0	0	0	0	0	0	0	0	4.939927	4.300073	4.288667	4.290093	2.208059	19.500000	23.500000	99.603874	99.268059	99.342690	0	0	1	1	156	1151064
1444377391	1	2	2	1	0	0	0	0	0	1	0	0	0	0	0	4.939927	4.300073	4.285816	4.288667	2.207253	19.500000	23.500000	99.641174	99.342690	99.342690	0	0	1	1	156	1164629
1444377392	1	2	1	0	0	0	0	0	0	0	0	0	0	0	0	4.939927	4.300073	4.285816	4.288667	2.206447	19.500000	23.500000	99.603874	99.268059	99.268059	0	0	1	1	156	1167416
1444377393	1	2	0	0	0	0	0	0	0	0	0	0	0	0	0	4.936703	4.288667	4.274410	4.277261	2.206447	19.500000	23.500000	99.602676	99.341316	99.415993	0	0	1	1	156	1167435
1444377394	0	0	1	0	0	0	0	0	0	0	0	0	0	0	0	4.939927	4.305777	4.290093	4.291519	2.206447	19.500000	23.500000	99.790428	99.380005	99.380005	0	0	1	1	156	1164711
1444377396	0	2	2	1	0	0	0	0	0	0	0	0	0	0	0	4.941538	4.302925	4.285816	4.288667	2.207253	19.500000	23.500000	99.343376	99.417976	99.194176	0	0	1	1	156	1168558
1444377397	1	1	2	2	0	0	0	0	0	0	0	0	0	0	0	4.939927	4.300073	4.285816	4.288667	2.207253	19.500000	23.500000	99.641174	99.268059	99.342690	0	0	1	1	156	1167435
1444377398	1	0	2	3	0	1	0	0	0	1	0	0	0	0	0	4.939927	4.302925	4.285816	4.290093	2.206447	19.500000	23.500000	99.678497	99.268059	99.305382	0	0	1	1	156	1164691
1444377399	1	1	0	1	0	0	1	0	0	0	0	0	0	0	0	4.939927	4.301499	4.287241	4.288667	2.207253	19.500000	23.500000	99.603874	99.230751	99.305382	0	0	1	1	156	1167428
1444377400	1	0	1	2	0	0	0	0	0	0	0	0	0	0	0	4.939927	4.297222	4.287241	4.288667	2.206447	19.500000	23.500000	99.603874	99.230751	99.268059	0	0	1	1	156	1167445
1444377402	1	0	2	1	0	0	0	0	0	0	0	0	0	0	0	4.941538	4.301499	4.287241	4.288667	2.206447	19.500000	23.500000	99.567169	99.231468	99.231468	0	0	1	1	156	1164988
1444377403	0	0	1	1	0	0	0	0	0	0	0	0	0	0	0	4.939927	4.300073	4.285816	4.288667	2.206447	19.500000	23.500000	99.641174	99.268059	99.342690	0	0	1	1	156	1167360
1444377404	2	0	0	0	0	0	0	0	0	0	0	0	0	0	0	4.941538	4.301499	4.288667	4.291519	2.204835	19.500000	23.500000	99.268776	99.194176	99.194176	0	0	1	1	156	1167445
1444377405	0	0	0	0	0	0	0	0	0	0	0	0	0	0	0	4.939927	4.302925	4.285816	4.288667	2.206447	19.500000	23.500000	99.678497	99.268059	99.342690	0	0	1	1	156	1167444
1444377406	1	1	2	1	0	0	0	0	0	0	0	0	0	0	0	4.938315	4.304350	4.288667	4.292944	2.205641	19.500000	23.500000	99.752571	99.379326	99.416656	0	0	1	1	156	1165407
1444377408	1	2	1	1	0	0	0	1	0	0	0	0	0	0	0	4.939927	4.304350	4.287241	4.288667	2.205641	19.500000	23.500000	99.678497	99.230751	99.305382	0	0	1	1	156	1168508
1444377409	2	1	0	0	0	0	0	0	0	0	0	0	0	0	0	4.941538	4.298647	4.285816	4.288667	2.206447	19.500000	23.500000	99.641769	99.231468	99.231468	0	0	1	1	156	1167445
1444377410	0	0	1	1	0	0	0	0	0	0	0	0	0	0	0	4.938315	4.301499	4.288667	4.288667	2.206447	19.500000	23.500000	99.640594	99.304680	99.304680	0	0	1	1	156	1164983
1444377411	2	2	1	1	0	0	0	0	0	0	0	0	0	0	0	4.939927	4.304350	4.285816	4.288667	2.205641	19.500000	23.500000	99.641174	99.268059	99.342690	0	0	1	1	156	1151505
1444377412	0	2	0	0	0	0	0	0	0	0	0	0	0	0	0	4.939927	4.310054	4.282964	4.287241	2.206447	19.500000	23.500000	99.603874	99.268059	99.342690	0	0	1	1	156	1167479
1444377414	2	0	1	0	0	0	0	0	0	0	0	0	0	0	0	4.938315	4.311480	4.282964	4.287241	2.205641	19.500000	23.500000	99.677917	99.267357	99.304680	0	0	1	1	156	1164693
1444377415	1	0	0	0	0	0	0	0	0	0	0	0	0	0	0	4.939927	4.301499	4.287241	4.290093	2.206447	19.500000	23.500000	99.566551	99.193443	99.268059	0	0	1	1	156	1167416
1444377416	5	0	2	0	0	1	0	0	0	0	0	0	0	0	0	4.939927	4.302925	4.288667	4.290093	2.206447	19.500000	23.500000	99.678497	99.268059	99.305382	0	0	1	1	156	1151314
1444377417	2	1	0	0	0	0	0	0	0	0	0	0	0	0	0	4.941538	4.302925	4.287241	4.288667	2.205641	19.500000	23.500000	99.679062	99.231468	99.306068	0	0	1	1	156	1167370
1444377418	1	1	0	0	0	0	0	0	0	0	0	0	0	0	0	4.936703	4.305777	4.290093	4.292944	2.204835	19.500000	23.500000	99.826698	99.415993	99.490669	0	0	1	1	156	1164682
1444377420	1	1	0	1	0	0	0	0	0	0	0	0	0	0	0	4.947986	4.291519	4.288667	4.288667	2.205641	19.500000	23.500000	99.532326	99.085327	99.159828	0	0	1	1	156	1152959
1444377421	0	1	0	1	0	0	0	0	0	0	0	0	0	0	0	4.939927	4.301499	4.287241	4.288667	2.204835	19.500000	23.500000	99.603874	99.230751	99.305382	0	0	1	1	156	1151041
1444377422	2	0	0	1	0	0	0	0	0	0	0	0	0	0	0	4.939927	4.302925	4.287241	4.288667	2.205641	19.500000	23.500000	99.603874	99.268059	99.305382	0	0	1	1	156	1165429
1444377423	1	1	1	1	0	0	0	0	0	0	0	0	0	0	0	4.939927	4.304350	4.284390	4.287241	2.205641	19.500000	23.500000	99.641174	99.305382	99.380005	0	0	1	1	156	1167361
1444377424	0	0	0	1	0	0	0	0	0	0	0	0	0	0	0	4.939927	4.302925	4.285816	4.290093	2.205641	19.500000	23.500000	99.678497	99.268059	99.156143	0	0	1	1	156	1167445
1444377426	1	0	0	0	0	0	0	0	0	0	0	0	0	0	0	4.941538	4.301499	4.288667	4.288667	2.205641	19.500000	23.500000	99.679062	99.231468	99.044983	0	0	1	1	156	1164699
1444377427	2	0	0	1	0	0	0	0	0	0	0	0	0	0	0	4.941538	4.302925	4.285816	4.290093	2.205641	19.500000	23.500000	99.604462	99.231468	99.231468	0	0	1	1	156	1151221
1444377428	0	1	1	2	0	0	0	0	0	0	0	0	0	0	0	4.938315	4.304350	4.287241	4.288667	2.204835	19.500000	23.500000	99.715248	99.267357	99.304680	0	0	1	1	156	1167383
1444377429	0	0	0	0	0	0	0	0	0	0	0	0	0	0	0	4.938315	4.013497	4.271558	4.278687	2.200000	19.500000	23.500000	99.901878	99.230042	99.379326	0	0	1	1	156	1164618
1444377430	0	1	1	0	0	0	0	0	0	0	0	0	0	0	0	4.939927	4.305777	4.291519	4.284390	2.201612	19.500000	23.500000	99.939682	99.230751	99.380005	0	0	1	1	156	1150990
1444377432	2	0	0	3	0	0	0	0	0	0	0	0	0	0	0	4.939927	4.302925	4.287241	4.288667	2.205641	19.500000	23.500000	99.678497	99.342690	99.342690	0	0	1	1	156	1152325
1444377433	1	3	1	0	0	0	0	1	0	0	0	0	0	0	0	4.939927	4.302925	4.285816	4.288667	2.204835	19.500000	23.500000	99.753120	99.305382	99.342690	0	0	1	1	156	1167383
1444377434	0	1	1	0	0	0	0	0	0	0	0	0	0	0	0	4.931868	4.305777	4.285816	4.290093	2.204029	19.500000	23.500000	99.899857	99.488770	99.563507	0	0	1	1	156	1194574
1444377435	1	0	1	2	0	0	0	0	0	0	0	0	0	0	0	4.938315	4.307202	4.288667	4.290093	2.204835	19.500000	23.500000	99.752571	99.304680	99.118073	0	0	1	1	156	1150883
1444377436	1	0	1	2	0	0	0	0	0	0	0	0	0	0	0	4.941538	4.304350	4.287241	4.290093	2.204835	19.500000	23.500000	99.679062	99.306068	99.306068	0	0	1	1	156	1151212
1444377438	0	0	2	0	0	0	0	0	0	0	0	0	0	0	0	4.943151	4.311480	4.285816	4.287241	2.204029	19.500000	23.500000	99.605057	99.157608	99.232185	0	0	1	1	156	1170156
1444377439	0	1	0	2	0	0	0	0	0	0	0	0	0	0	0	4.939927	4.302925	4.287241	4.291519	2.204835	19.500000	23.500000	99.753120	99.268059	99.268059	0	0	1	1	156	1167421
1444377440	1	0	1	1	0	0	0	0	0	0	0	0	0	0	0	4.939927	4.302925	4.287241	4.288667	2.204029	19.500000	23.500000	99.678497	99.268059	99.342690	0	0	0	1	156	1167440
1444377441	0	1	2	1	0	0	0	0	0	0	0	0	0	0	0	4.939927	4.304350	4.288667	4.290093	2.204835	19.500000	23.500000	99.678497	99.268059	99.305382	0	0	0	1	156	1164585
1444377442	1	2	1	1	0	0	0	0	0	0	0	0	0	0	0	4.938315	4.305777	4.290093	4.291519	2.204029	19.500000	23.500000	99.789902	99.379326	99.453979	0	0	0	1	156	1167454
1444377444	0	1	2	1	0	0	0	0	0	0	0	0	0	0	0	4.939927	4.302925	4.287241	4.288667	2.204029	19.500000	23.500000	99.641174	99.268059	99.342690	0	0	0	1	156	1168581
1444377445	0	1	1	1	0	0	0	0	0	0	0	0	0	0	0	4.941538	4.304350	4.287241	4.290093	2.204029	19.500000	23.500000	99.641769	99.231468	99.119583	0	0	0	1	156	1150898
1444377446	1	0	2	1	0	0	0	0	0	0	0	0	0	0	0	4.939927	4.302925	4.285816	4.288667	2.204835	19.500000	23.500000	99.678497	99.268059	99.342690	0	0	0	1	156	1165221
1444377447	0	1	1	0	0	0	0	0	0	0	0	0	0	0	0	4.939927	4.302925	4.288667	4.288667	2.204835	19.500000	23.500000	99.678497	99.268059	99.268059	0	0	0	1	156	1167465
1444377448	2	2	1	0	0	0	0	0	0	0	0	0	0	0	0	4.941538	4.302925	4.288667	4.280113	2.201612	19.500000	23.500000	99.790970	99.119583	99.231468	0	0	1	1	156	1167445
1444377450	0	1	0	0	0	0	0	0	0	0	0	0	0	0	0	4.939927	4.304350	4.288667	4.290093	2.204029	19.500000	23.500000	99.678497	99.268059	99.305382	0	0	1	1	156	1165116
1444377451	0	0	2	1	0	0	0	0	0	0	0	0	0	0	0	4.941538	4.302925	4.287241	4.288667	2.204835	19.500000	23.500000	99.641769	99.231468	99.231468	0	0	1	1	156	1151531
1444377452	0	0	0	1	0	0	0	0	0	0	0	0	0	0	0	4.943151	4.302925	4.285816	4.290093	2.204835	19.500000	23.500000	99.605057	99.194893	99.269463	0	0	1	1	156	1167383
1444377453	1	2	3	0	0	0	0	0	0	0	0	0	0	0	0	4.941538	4.305777	4.288667	4.288667	2.203223	19.500000	23.500000	99.716370	99.306068	99.343376	0	0	1	1	156	1164693
1444377454	0	1	0	0	0	0	0	0	0	0	0	0	0	0	0	4.939927	4.307202	4.290093	4.292944	2.203223	19.500000	23.500000	99.790428	99.380005	99.417313	0	0	1	1	156	1167426
1444377456	0	0	0	0	0	0	0	0	0	0	0	0	0	0	0	4.941538	4.302925	4.287241	4.288667	2.203223	19.500000	23.500000	99.679062	99.268776	99.306068	0	0	1	1	156	1152553
1444377457	0	2	0	1	0	0	0	0	0	0	0	0	0	0	0	4.936703	4.304350	4.290093	4.291519	2.202418	19.500000	23.500000	99.789345	99.415993	99.453339	0	0	1	1	156	1164727
1444377458	1	0	0	0	0	0	0	0	0	0	0	0	0	0	0	4.941538	4.304350	4.288667	4.288667	2.204029	19.500000	23.500000	99.679062	99.231468	99.306068	0	0	1	1	156	1167459
1444377459	0	2	0	1	0	0	0	0	0	0	0	0	0	0	0	4.943151	4.312905	4.284390	4.287241	2.204835	19.500000	23.500000	99.605057	99.194893	99.232185	0	0	1	1	156	1167440
1444377460	0	0	2	1	0	0	0	0	0	0	0	0	0	0	0	4.939927	4.302925	4.288667	4.288667	2.203223	19.500000	23.500000	99.678497	99.305382	99.305382	0	0	1	1	156	1151028
1444377462	4	0	0	0	0	0	0	0	0	0	0	0	0	0	0	4.938315	4.305777	4.290093	4.291519	2.202418	19.500000	23.500000	99.752571	99.304680	99.379326	0	0	0	1	156	1165337
1444377463	0	1	2	1	0	0	0	0	0	0	0	0	0	0	0	4.941538	4.305777	4.288667	4.290093	2.204029	19.500000	23.500000	99.679062	99.231468	99.306068	0	0	0	1	156	1167459
1444377464	1	1	1	0	0	1	0	0	0	0	0	0	0	0	0	4.943151	4.312905	4.284390	4.287241	2.204029	19.500000	23.500000	99.605057	99.194893	99.269463	0	0	0	1	156	1167440
1444377465	0	1	1	1	0	0	0	0	0	0	0	0	0	0	0	4.939927	4.302925	4.285816	4.288667	2.203223	19.500000	23.500000	99.715805	99.268059	99.342690	0	0	0	1	156	1165027
1444377466	0	0	0	1	0	0	0	0	0	0	0	0	0	0	0	4.939927	4.307202	4.291519	4.292944	2.202418	19.500000	23.500000	99.753120	99.380005	99.417313	0	0	0	1	156	1151547
1444377468	1	0	0	1	0	0	0	0	0	0	0	0	0	0	0	4.941538	4.304350	4.288667	4.288667	2.203223	19.500000	23.500000	99.641769	99.231468	99.268776	0	0	0	1	156	1168624
1444377469	1	0	1	0	0	0	0	0	0	0	0	0	0	0	0	4.941538	4.302925	4.287241	4.288667	2.203223	19.500000	23.500000	99.641769	99.231468	99.231468	0	0	0	1	156	1164919
1444377470	0	0	1	0	0	0	0	0	0	0	0	0	0	0	0	4.936703	4.288667	4.268707	4.297222	2.200806	19.500000	23.500000	99.714684	99.378662	99.453339	0	0	0	1	156	1151552
1444377471	0	0	2	0	0	0	0	0	0	0	0	0	0	0	0	4.938315	4.304350	4.288667	4.291519	2.203223	19.500000	23.500000	99.752571	99.304680	99.379326	0	0	0	1	156	1150950
1444377472	1	0	1	0	0	0	0	0	0	0	0	0	0	0	0	4.939927	4.302925	4.287241	4.288667	2.202418	19.500000	23.500000	99.678497	99.268059	99.268059	0	0	0	1	156	1164650
1444377474	0	0	0	2	0	0	0	0	0	0	0	0	0	0	0	4.939927	4.304350	4.287241	4.288667	2.202418	19.500000	23.500000	99.678497	99.268059	99.268059	0	0	1	1	156	1167428
1444377475	0	0	0	0	0	0	0	0	0	0	0	0	0	0	0	4.939927	4.300073	4.285816	4.288667	2.202418	19.500000	23.500000	99.715805	99.268059	99.342690	0	0	1	1	156	1151678
1444377476	1	1	1	0	0	0	0	0	0	0	0	0	0	0	0	4.939927	4.302925	4.285816	4.288667	2.203223	19.500000	23.500000	99.715805	99.342690	99.081512	0	0	1	1	156	1150992
1444377477	1	1	0	0	0	0	0	0	0	0	0	0	0	0	0	4.939927	4.301499	4.287241	4.290093	2.202418	19.500000	23.500000	99.715805	99.268059	99.342690	0	0	1	1	156	1164637
1444377478	3	0	1	0	0	0	0	0	0	0	0	0	0	0	0	4.938315	4.305777	4.290093	4.294370	2.202418	19.500000	23.500000	99.827217	99.416656	99.453979	0	0	1	1	156	1167428
1444377480	1	2	0	2	0	0	0	0	1	0	0	0	0	0	0	4.939927	4.302925	4.287241	4.287241	2.202418	19.500000	23.500000	99.678497	99.268059	99.342690	0	0	1	1	156	1152720
1444377481	0	1	0	1	0	0	0	0	0	0	0	0	0	0	0	4.938315	4.302925	4.288667	4.288667	2.202418	19.500000	23.500000	99.715248	99.304680	99.342010	0	0	1	1	156	1164644
1444377482	0	0	1	2	0	0	0	0	0	0	0	0	0	0	0	4.941538	4.302925	4.287241	4.288667	2.202418	19.500000	23.500000	99.641769	99.231468	99.231468	0	0	1	1	156	1167418
1444377483	0	1	0	1	0	0	0	0	0	0	0	0	0	0	0	4.941538	4.302925	4.288667	4.288667	2.202418	19.500000	23.500000	99.604462	99.231468	99.231468	0	0	0	1	156	1151236
1444377484	1	0	0	0	0	0	0	0	0	0	0	0	0	0	0	4.939927	4.304350	4.288667	4.288667	2.201612	19.500000	23.500000	99.678497	99.268059	99.342690	0	0	0	1	156	1164631
1444377486	1	1	2	0	0	0	0	0	0	0	0	0	0	0	0	4.938315	4.302925	4.285816	4.288667	2.200806	19.500000	23.500000	99.715248	99.304680	99.379326	0	0	0	1	156	1151612
1444377487	2	1	2	1	0	0	0	1	0	0	0	0	0	0	0	4.939927	4.302925	4.285816	4.290093	2.201612	19.500000	23.500000	99.678497	99.305382	99.268059	0	0	0	1	156	1150941
1444377488	0	1	1	2	0	0	0	0	0	0	0	0	0	0	0	4.938315	4.302925	4.287241	4.290093	2.201612	19.500000	23.500000	99.715248	99.304680	99.379326	0	0	0	1	156	1151316
1444377489	0	1	2	1	0	0	0	0	0	0	0	0	0	0	0	4.939927	4.302925	4.287241	4.290093	2.201612	19.500000	23.500000	99.641174	99.268059	99.268059	0	0	0	1	156	1164655
1444377490	2	0	0	1	0	0	0	0	0	0	0	0	0	0	0	4.938315	4.307202	4.290093	4.291519	2.200806	19.500000	23.500000	99.789902	99.379326	99.453979	0	0	0	1	156	1167421
1444377492	0	2	0	0	0	0	0	0	0	0	0	0	0	0	0	4.939927	4.302925	4.288667	4.288667	2.201612	19.500000	23.500000	99.678497	99.230751	99.006889	0	0	0	1	156	1152048
1444377493	2	1	1	1	0	0	0	0	0	0	0	0	0	0	0	4.939927	4.302925	4.287241	4.290093	2.201612	19.500000	23.500000	99.678497	99.268059	99.342690	0	0	0	1	156	1175085
1444377494	1	0	0	0	0	0	0	0	0	0	0	0	0	0	0	4.939927	4.302925	4.287241	4.290093	2.201612	19.500000	23.500000	99.342690	99.491936	99.230751	0	0	1	1	156	1167425
1444377495	0	1	2	1	0	0	0	1	0	0	0	0	0	0	0	4.939927	4.304350	4.288667	4.288667	2.202418	19.500000	23.500000	99.678497	99.268059	99.342690	0	0	1	1	156	1167444
1444377496	0	1	0	1	0	0	0	0	0	0	0	0	0	0	0	4.939927	4.301499	4.288667	4.290093	2.202418	19.500000	23.500000	99.641174	99.268059	99.305382	0	0	1	1	156	1165428
1444377498	0	2	0	1	0	0	0	0	0	0	0	0	0	0	0	4.939927	4.302925	4.288667	4.288667	2.201612	19.500000	23.500000	99.603874	99.268059	99.305382	0	0	1	1	156	1167360
1444377499	1	0	2	0	0	0	0	0	0	0	0	0	0	0	0	4.939927	4.302925	4.285816	4.288667	2.201612	19.500000	23.500000	99.268059	99.566551	99.230751	0	0	1	1	156	1167444
1444377500	1	1	0	0	0	0	0	0	0	0	0	0	0	0	0	4.941538	4.302925	4.287241	4.288667	2.201612	19.500000	23.500000	99.641769	99.343376	99.306068	0	0	1	1	156	1165157
1444377501	1	1	0	0	0	0	0	0	0	0	0	0	0	0	0	4.941538	4.300073	4.287241	4.288667	2.201612	19.500000	23.500000	99.567169	99.194176	99.231468	0	0	1	1	156	1151573
1444377502	0	0	0	0	0	0	0	0	0	0	0	0	0	0	0	4.939927	4.302925	4.285816	4.280113	2.200806	19.500000	23.500000	99.603874	99.342690	99.417313	0	0	1	1	156	1167384
1444377504	0	1	2	1	0	0	0	0	0	0	0	0	0	0	0	4.941538	4.301499	4.287241	4.288667	2.200806	19.500000	23.500000	99.567169	99.231468	99.231468	0	0	1	1	156	1168590
1444377505	2	0	3	3	0	1	1	0	0	1	0	0	0	0	0	4.941538	4.301499	4.287241	4.290093	2.200806	19.500000	23.500000	99.641769	99.231468	99.268776	0	0	1	1	156	1164700
1444377506	1	0	1	1	0	0	0	0	0	0	0	0	0	0	0	4.941538	4.301499	4.288667	4.288667	2.201612	19.500000	23.500000	99.567169	99.231468	99.231468	0	0	1	1	156	1151425
1444377507	0	4	2	1	0	0	0	0	0	0	0	0	0	0	0	4.939927	4.300073	4.281538	4.277261	2.200000	19.500000	23.500000	99.566551	99.268059	99.342690	0	0	1	1	156	1167375
1444377508	0	1	3	0	0	0	0	0	0	0	0	0	0	0	0	4.938315	4.335717	4.274410	4.275836	2.200000	19.500000	23.500000	99.715248	99.006096	99.118073	0	0	1	1	156	1164693
1444377510	1	2	0	1	0	0	0	0	1	0	0	0	0	0	0	4.939927	4.302925	4.290093	4.291519	2.201612	19.500000	23.500000	99.641174	99.305382	99.380005	0	0	1	1	156	1151087
1444377511	0	0	1	1	0	0	0	0	0	0	0	0	0	0	0	4.941538	4.304350	4.288667	4.290093	2.200806	19.500000	23.500000	99.604462	99.231468	99.306068	0	0	1	1	156	1167372
1444377512	1	2	1	0	0	0	0	0	0	0	0	0	0	0	0	4.939927	4.301499	4.285816	4.288667	2.200806	19.500000	23.500000	99.603874	99.268059	99.342690	0	0	1	1	156	1164694
1444377513	0	3	1	2	0	0	0	0	0	1	0	0	0	0	0	4.938315	4.301499	4.285816	4.288667	2.200806	19.500000	23.500000	99.715248	99.304680	99.379326	0	0	1	1	156	1167416
1444377514	1	1	0	3	0	0	0	0	0	0	0	0	0	0	0	4.936703	4.294370	4.291519	4.288667	2.199194	19.500000	23.500000	99.789345	99.453339	99.528015	0	0	1	1	156	1150939
1444377516	0	1	0	0	0	0	0	0	0	0	0	0	0	0	0	4.939927	4.300073	4.287241	4.288667	2.200806	19.500000	23.500000	99.641174	99.342690	99.342690	0	0	1	1	156	1168620
1444377517	1	0	2	0	0	0	0	0	0	0	0	0	0	0	0	4.939927	4.301499	4.288667	4.290093	2.200000	19.500000	23.500000	99.603874	99.268059	99.268059	0	0	1	1	156	1165335
1444377518	0	0	1	0	0	0	0	0	0	0	0	0	0	0	0	4.933480	4.287241	4.288667	4.288667	2.197582	19.500000	23.500000	99.788269	99.452042	99.526764	0	0	1	1	156	1167360
1444377519	0	1	0	1	0	0	0	0	0	0	0	0	0	0	0	4.939927	4.302925	4.288667	4.291519	2.200806	19.500000	23.500000	99.641174	98.932274	99.566551	0	0	1	1	156	1167444
1444377520	0	3	1	0	0	0	0	0	0	0	0	0	0	0	0	4.939927	4.300073	4.288667	4.290093	2.200000	19.500000	23.500000	99.603874	99.268059	99.305382	0	0	1	1	156	1165178
1444377522	0	2	0	0	0	0	0	0	0	0	0	0	0	0	0	4.939927	4.300073	4.285816	4.288667	2.200000	19.500000	23.500000	99.678497	99.268059	99.342690	0	0	1	1	156	1151593
1444377523	0	1	2	0	0	0	0	0	0	0	0	0	0	0	0	4.941538	4.300073	4.274410	4.278687	2.199194	19.500000	23.500000	99.380669	98.746590	98.933075	0	0	1	1	156	1167383
1444377524	3	2	0	0	0	0	0	0	0	0	0	0	0	0	0	4.941538	4.301499	4.288667	4.288667	2.200000	19.500000	23.500000	99.567169	99.231468	99.044983	0	0	1	1	156	1164697
1444377525	3	1	0	0	0	0	0	0	0	0	0	0	0	0	0	4.941538	4.301499	4.285816	4.287241	2.200000	19.500000	23.500000	99.641769	99.231468	99.268776	0	0	1	1	156	1151221
1444377526	1	1	0	3	0	0	0	0	1	0	0	0	0	0	0	4.938315	4.302925	4.291519	4.291519	2.199194	19.500000	23.500000	99.715248	99.342010	99.379326	0	0	1	1	156	1151554
1444377528	0	3	4	3	0	0	0	1	0	0	0	0	0	0	0	4.941538	4.301499	4.288667	4.288667	2.200000	19.500000	23.500000	99.567169	99.231468	99.231468	0	0	1	1	156	1165891
1444377529	0	1	0	0	0	0	0	0	0	0	0	0	0	0	0	4.944762	4.308628	4.284390	4.285816	2.199194	19.500000	23.500000	99.531097	99.158348	99.232903	0	0	1	1	156	1167425
1444377530	1	1	1	0	0	0	0	0	0	0	0	0	0	0	0	4.941538	4.301499	4.288667	4.288667	2.200000	19.500000	23.500000	99.567169	99.306068	99.268776	0	0	1	1	156	1151028
1444377531	5	1	1	0	1	0	0	0	0	0	0	0	0	0	0	4.939927	4.301499	4.287241	4.288667	2.199194	19.500000	23.500000	99.678497	99.268059	99.342690	0	0	1	1	156	1151337
1444377532	1	0	3	1	0	0	0	0	0	0	0	0	0	0	0	4.939927	4.300073	4.287241	4.288667	2.199194	19.500000	23.500000	99.603874	99.268059	99.380005	0	0	1	1	156	1164732
1444377534	0	0	1	0	0	0	0	0	0	0	0	0	0	0	0	4.939927	4.300073	4.288667	4.288667	2.199194	19.500000	23.500000	99.603874	99.268059	99.305382	0	0	1	1	156	1167421
1444377535	1	1	0	0	0	0	0	0	0	0	0	0	0	0	0	4.939927	4.300073	4.285816	4.288667	2.200000	19.500000	23.500000	99.641174	99.268059	99.305382	0	0	1	1	156	1150963
1444377536	1	0	1	1	0	0	0	0	0	0	0	0	0	0	0	4.939927	4.300073	4.287241	4.288667	2.199194	19.500000	23.500000	99.641174	99.268059	99.342690	0	0	0	1	156	1165275
1444377537	3	0	0	0	0	0	0	0	0	0	0	0	0	0	0	4.938315	4.300073	4.287241	4.290093	2.198388	19.500000	23.500000	99.640594	99.304680	99.304680	0	0	0	1	156	1167459
1444377538	1	2	1	1	0	1	0	0	0	0	0	0	0	0	0	4.936703	4.302925	4.290093	4.291519	2.197582	19.500000	23.500000	99.789345	99.490669	99.528015	0	0	0	1	156	1167440
1444377540	2	3	1	0	0	0	0	0	0	0	0	0	0	0	0	4.941538	4.301499	4.285816	4.290093	2.199194	19.500000	23.500000	99.529861	99.231468	99.268776	0	0	0	1	156	1166064
1444377541	1	0	0	0	0	0	0	0	0	0	0	0	0	0	0	4.939927	4.300073	4.287241	4.288667	2.199194	19.500000	23.500000	99.603874	99.268059	99.305382	0	0	0	1	156	1151542
1444377542	0	2	2	0	0	0	0	0	0	0	0	0	0	0	0	4.941538	4.300073	4.288667	4.278687	2.196777	19.500000	23.500000	99.790970	99.194176	99.231468	0	0	0	1	156	1167383
1444377543	0	0	1	1	0	0	0	0	0	0	0	0	0	0	0	4.939927	4.300073	4.287241	4.288667	2.198388	19.500000	23.500000	99.603874	99.268059	99.342690	0	0	1	1	156	1167445
1444377544	1	0	1	1	0	0	0	0	0	0	0	0	0	0	0	4.941538	4.300073	4.285816	4.288667	2.199194	19.500000	23.500000	99.604462	99.231468	99.343376	0	0	1	1	156	1164725
1444377546	0	0	4	1	0	0	0	0	0	0	0	0	0	0	0	4.939927	4.300073	4.287241	4.290093	2.198388	19.500000	23.500000	99.603874	99.268059	99.305382	0	0	1	1	156	1167425
1444377547	0	1	0	0	0	0	0	0	0	0	0	0	0	0	0	4.943151	4.288667	4.295796	4.288667	2.198388	19.500000	23.500000	99.530479	99.194893	99.194893	0	0	1	1	156	1151741
1444377548	2	0	1	0	0	0	0	0	0	0	0	0	0	0	0	4.941538	4.301499	4.287241	4.281538	2.196777	19.500000	23.500000	99.790970	99.156868	99.268776	0	0	1	1	156	1164640
1444377549	1	2	1	1	0	0	0	0	0	0	0	0	0	0	0	4.943151	4.301499	4.288667	4.290093	2.198388	19.500000	23.500000	99.567757	99.194893	99.194893	0	0	1	1	156	1167425
1444377550	1	2	1	0	0	0	0	0	0	0	0	0	0	0	0	4.939927	4.301499	4.288667	4.292944	2.198388	19.500000	23.500000	99.753120	99.342690	99.417313	0	0	1	1	156	1167447
1444377552	0	2	0	1	0	0	0	0	0	0	0	0	0	0	0	4.941538	4.302925	4.287241	4.288667	2.198388	19.500000	23.500000	99.604462	99.231468	99.306068	0	0	1	1	156	1165678
1444377553	0	0	0	2	0	0	0	0	0	0	0	0	0	0	0	4.939927	4.301499	4.287241	4.287241	2.198388	19.500000	23.500000	99.641174	99.268059	99.342690	0	0	1	1	156	1167465
1444377554	0	1	2	4	0	0	0	0	1	0	0	0	0	0	0	4.941538	4.300073	4.280113	4.277261	2.198388	19.500000	23.500000	99.492569	99.231468	99.231468	0	0	1	1	156	1167440
1444377555	0	0	1	1	0	0	0	0	0	0	0	0	0	0	0	4.943151	4.300073	5.008673	4.277261	2.197582	19.500000	23.500000	97.516975	98.896599	98.933891	0	0	1	1	156	1164606
1444377556	2	2	1	1	0	0	0	0	0	0	0	0	0	0	0	4.938315	4.302925	4.288667	4.290093	2.197582	19.500000	23.500000	99.715248	99.379326	99.416656	0	0	1	1	156	1151191
1444377558	2	1	1	2	0	0	0	0	0	0	0	0	0	0	0	4.941538	4.301499	4.287241	4.290093	2.198388	19.500000	23.500000	99.641769	99.306068	99.306068	0	0	1	1	156	1167370
1444377559	0	0	0	1	0	0	0	0	0	0	0	0	0	0	0	4.941538	4.302925	4.287241	4.288667	2.198388	19.500000	23.500000	99.865570	99.194176	99.231468	0	0	1	1	156	1167435
1444377560	3	1	1	1	1	0	0	0	0	0	0	0	0	0	0	4.938315	4.304350	4.290093	4.291519	2.197582	19.500000	23.500000	99.715248	99.379326	99.379326	0	0	1	1	156	1206127
1444377561	0	1	1	0	0	0	0	0	0	0	0	0	0	0	0	4.941538	4.301499	4.287241	4.290093	2.198388	19.500000	23.500000	99.641769	99.268776	99.380669	0	0	1	1	156	1151500
1444377562	1	1	2	0	0	0	0	0	0	0	0	0	0	0	0	4.939927	4.302925	4.291519	4.291519	2.197582	19.500000	23.500000	99.678497	99.342690	99.417313	0	0	1	1	156	1167370
1444377564	0	3	0	0	0	0	0	0	0	0	0	0	0	0	0	4.939927	4.338569	4.274410	4.275836	2.195165	19.250000	23.500000	99.753120	99.193443	99.268059	0	0	1	1	156	1165835
1444377565	1	0	1	0	0	0	0	0	0	0	0	0	0	0	0	4.938315	4.302925	4.288667	4.290093	2.197582	19.500000	23.500000	99.715248	99.304680	99.379326	0	0	1	1	156	1150980
1444377566	2	1	3	0	0	1	0	0	0	0	0	0	0	0	0	4.941538	4.302925	4.288667	4.291519	2.197582	19.500000	23.500000	99.604462	99.231468	99.306068	0	0	1	1	156	1167386
1444377567	2	1	0	2	0	0	0	0	0	0	0	0	0	0	0	4.939927	4.301499	4.287241	4.288667	2.197582	19.500000	23.500000	99.566551	99.268059	99.342690	0	0	1	1	156	1164700
1444377568	2	0	2	0	0	0	0	0	0	0	0	0	0	0	0	4.939927	4.301499	4.285816	4.288667	2.198388	19.500000	23.500000	99.678497	99.268059	99.342690	0	0	1	1	156	1167426
1444377570	1	0	2	1	0	0	0	0	0	0	0	0	0	0	0	4.939927	4.300073	4.287241	4.281538	2.196777	19.500000	23.500000	99.342690	99.193443	98.894958	0	0	1	1	156	1150971
1444377571	0	0	1	1	0	0	0	0	0	0	0	0	0	0	0	4.936703	4.304350	4.288667	4.290093	2.196777	19.500000	23.500000	99.789345	99.415993	99.490669	0	0	1	1	156	1151262
1444377572	0	0	1	2	0	0	0	0	0	0	0	0	0	0	0	4.939927	4.302925	4.287241	4.288667	2.197582	19.500000	23.500000	99.641174	99.268059	99.305382	0	0	1	1	156	1164637
1444377573	0	0	0	1	0	0	0	0	0	0	0	0	0	0	0	4.939927	4.301499	4.287241	4.288667	2.196777	19.500000	23.500000	99.678497	99.305382	99.342690	0	0	1	1	156	1167464
1444377574	1	1	2	1	0	0	0	1	1	1	0	0	0	1	0	4.935091	4.302925	4.290093	4.292944	2.195165	19.500000	23.500000	99.863525	99.527382	99.527382	0	0	1	1	156	1167444
1444377576	2	0	2	0	0	0	0	0	0	0	0	0	0	0	0	4.939927	4.301499	4.287241	4.288667	2.196777	19.500000	23.500000	99.641174	99.230751	99.342690	0	0	1	1	156	1165850
1444377577	1	0	1	0	0	0	0	0	0	0	0	0	0	0	0	4.941538	4.300073	4.287241	4.288667	2.197582	19.500000	23.500000	99.567169	99.231468	99.343376	0	0	1	1	156	1150956
1444377578	1	3	1	2	0	0	0	0	0	0	0	0	0	0	0	4.939927	4.300073	4.285816	4.290093	2.197582	19.500000	23.500000	99.641174	99.305382	99.342690	0	0	1	1	156	1167375
1444377579	0	1	2	2	0	0	0	1	0	0	0	0	0	0	0	4.939927	4.300073	4.285816	4.290093	2.196777	19.500000	23.500000	99.603874	99.268059	99.305382	0	0	1	1	156	1164702
1444377580	2	0	0	0	0	0	0	0	0	0	0	0	0	0	0	4.939927	4.302925	4.287241	4.288667	2.197582	19.500000	23.500000	99.603874	99.230751	99.305382	0	0	1	1	156	1167421
1444377582	1	0	0	0	0	0	0	0	0	0	0	0	0	0	0	4.941538	4.301499	4.285816	4.288667	2.196777	19.500000	23.500000	99.567169	98.933075	99.380669	0	0	1	1	156	1151861
1444377583	1	1	0	1	0	0	0	0	0	0	0	0	0	0	0	4.941538	4.301499	4.287241	4.288667	2.196777	19.500000	23.500000	99.604462	99.231468	99.306068	0	0	1	1	156	1164628
1444377584	1	3	0	0	0	0	0	0	0	0	0	0	0	0	0	4.939927	4.301499	4.287241	4.290093	2.196777	19.500000	23.500000	99.603874	99.268059	99.268059	0	0	1	1	156	1151233
1444377585	1	1	0	0	0	0	0	0	0	0	0	0	0	0	0	4.939927	4.300073	4.287241	4.288667	2.195971	19.500000	23.500000	99.603874	99.268059	99.268059	0	0	1	1	156	1151562
1444377586	0	1	0	1	0	0	0	0	0	0	0	0	0	0	0	4.939927	4.294370	4.278687	4.300073	2.195165	19.250000	23.500000	99.641174	99.305382	99.417313	0	0	1	1	156	1167370
1444377588	2	1	1	1	0	0	0	0	0	0	0	0	0	0	0	4.941538	4.301499	4.285816	4.288667	2.195971	19.250000	23.500000	99.604462	99.231468	99.306068	0	0	0	1	156	1166273
1444377589	0	0	0	0	0	0	0	0	0	0	0	0	0	0	0	4.941538	4.301499	4.285816	4.288667	2.195971	19.250000	23.500000	99.567169	99.231468	99.306068	0	0	0	1	156	1167454
1444377590	1	2	0	0	0	0	0	0	0	0	0	0	0	0	0	4.941538	4.300073	4.288667	4.282964	2.193553	19.250000	23.500000	99.753662	99.156868	99.268776	0	0	1	1	156	1151803
1444377591	0	2	0	0	0	0	0	0	0	0	0	0	0	0	0	4.939927	4.300073	4.287241	4.290093	2.196777	19.500000	23.500000	99.641174	99.268059	99.342690	0	0	1	1	156	1165117
1444377592	1	0	1	0	0	0	0	0	0	0	0	0	0	0	0	4.939927	4.301499	4.287241	4.288667	2.195971	19.500000	23.500000	99.603874	99.230751	99.268059	0	0	1	1	156	1151593
1444377594	0	2	1	0	0	0	0	0	0	0	0	0	0	0	0	4.941538	4.301499	4.287241	4.290093	2.195971	19.250000	23.500000	99.529861	99.194176	99.231468	0	0	1	1	156	1150887
1444377595	1	0	0	0	0	0	0	0	0	0	0	0	0	0	0	4.941538	4.302925	4.288667	4.290093	2.196777	19.500000	23.500000	99.567169	99.231468	99.268776	0	0	1	1	156	1164639
1444377596	2	0	1	2	0	0	1	0	0	0	0	0	0	0	0	4.941538	4.301499	4.287241	4.288667	2.196777	19.500000	23.500000	99.604462	99.231468	99.343376	0	0	1	1	156	1151325
1444377597	2	1	0	0	0	0	0	0	0	0	0	0	0	0	0	4.941538	4.297222	4.288667	4.288667	2.195971	19.250000	23.500000	99.567169	99.231468	99.268776	0	0	1	1	156	1167383
1444377598	1	0	0	2	0	0	0	0	0	0	0	0	0	0	0	4.938315	4.302925	4.290093	4.278687	2.194359	19.250000	23.500000	99.677917	99.304680	99.453979	0	0	1	1	156	1150987
1444377600	1	1	0	1	0	0	0	0	0	0	0	0	0	0	0	4.939927	4.300073	4.288667	4.288667	2.195971	19.500000	23.500000	99.641174	99.305382	99.342690	0	0	1	1	156	1166304
1444377601	2	1	3	0	0	1	0	0	0	0	0	0	0	0	0	4.941538	4.300073	4.288667	4.290093	2.195971	19.250000	23.500000	99.604462	99.268776	99.306068	0	0	1	1	156	1151531
1444377602	1	0	2	1	0	0	0	0	0	0	0	0	0	0	0	4.941538	4.301499	4.285816	4.287241	2.195971	19.250000	23.500000	99.231468	99.492569	99.231468	0	0	1	1	156	1167374
1444377603	1	1	0	0	0	0	0	0	0	0	0	0	0	0	0	4.941538	4.302925	4.288667	4.290093	2.195165	19.250000	23.500000	99.604462	99.231468	99.231468	0	0	1	1	156	1165152
1444377604	0	1	1	2	0	0	0	0	1	0	0	0	0	0	0	4.939927	4.301499	4.285816	4.290093	2.195165	19.250000	23.500000	99.603874	99.268059	99.342690	0	0	1	1	156	1167460
1444377606	1	0	1	0	0	0	0	0	0	0	0	0	0	0	0	4.939927	4.301499	4.280113	4.275836	2.195971	19.500000	23.500000	99.529243	99.230751	99.305382	0	0	0	1	156	1167440
1444377607	0	0	3	0	0	0	0	0	0	0	0	0	0	0	0	4.939927	4.295796	4.272984	4.274410	2.192747	19.250000	23.500000	99.305382	98.857651	99.268059	0	0	0	1	156	1164693
1444377608	2	0	0	1	0	0	0	0	0	0	0	0	0	0	0	4.939927	4.302925	4.288667	4.290093	2.195165	19.250000	23.500000	99.641174	99.342690	99.380005	0	0	0	1	156	1151091
1444377609	1	1	1	0	0	0	0	0	0	0	0	0	0	0	0	4.941538	4.304350	4.287241	4.288667	2.195971	19.250000	23.500000	99.716370	99.231468	99.343376	0	0	0	1	156	1167374
1444377610	1	0	0	2	0	0	0	0	0	0	0	0	0	0	0	4.938315	4.301499	4.288667	4.291519	2.194359	19.250000	23.500000	99.715248	99.416656	99.453979	0	0	0	1	156	1164757
1444377612	0	1	1	1	0	0	0	0	0	0	0	0	0	0	0	4.936703	4.304350	4.288667	4.291519	2.193553	19.250000	23.500000	99.789345	99.378662	99.415993	0	0	0	1	156	1168608
1444377613	1	1	1	0	0	0	0	0	0	0	0	0	0	0	0	4.936703	4.305777	4.285816	4.290093	2.194359	19.250000	23.500000	99.677353	99.341316	99.415993	0	0	0	1	156	1151694
1444377614	1	0	0	2	0	0	0	0	0	0	0	0	0	0	0	4.941538	4.302925	4.288667	4.291519	2.195165	19.250000	23.500000	99.604462	99.231468	99.306068	0	0	0	1	156	1151010
1444377615	1	0	1	0	0	0	0	0	0	0	0	0	0	0	0	4.939927	4.300073	4.285816	4.288667	2.194359	19.250000	23.500000	99.641174	99.268059	99.342690	0	0	0	1	156	1164646
1444377616	0	1	1	1	0	0	0	0	0	0	0	0	0	0	0	4.939927	4.301499	4.287241	4.288667	2.194359	19.250000	23.500000	99.603874	99.230751	99.342690	0	0	1	1	156	1151451
1444377618	3	0	0	1	0	0	0	0	0	0	0	0	0	0	0	4.938315	4.320034	4.275836	4.277261	2.192747	19.250000	23.500000	99.304680	98.819481	99.118073	0	0	1	1	156	1167383
1444377619	1	0	2	0	0	0	0	0	0	0	0	0	0	0	0	4.941538	4.301499	4.287241	4.282964	2.191941	19.250000	23.500000	99.753662	99.119583	99.231468	0	0	1	1	156	1164686
1444377620	1	3	0	1	0	0	0	0	0	0	0	0	0	0	0	4.941538	4.300073	4.287241	4.291519	2.194359	19.250000	23.500000	99.604462	99.231468	99.231468	0	0	1	1	156	1151117
1444377621	0	0	0	1	0	0	0	0	0	0	0	0	0	0	0	4.939927	4.302925	4.287241	4.288667	2.193553	19.250000	23.500000	99.715805	99.268059	99.342690	0	0	1	1	156	1151450
1444377622	0	2	3	1	0	0	0	0	1	0	0	0	0	0	0	4.938315	4.302925	4.290093	4.292944	2.194359	19.250000	23.500000	99.715248	99.379326	99.453979	0	0	1	1	156	1164617
1444377624	0	0	0	1	0	0	0	0	0	0	0	0	0	0	0	4.939927	4.307202	4.288667	4.285816	2.194359	19.250000	23.500000	99.603874	99.268059	99.305382	0	0	1	1	156	1168571
1444377625	1	1	0	2	0	0	1	0	0	0	0	0	0	0	0	4.939927	4.301499	4.287241	4.288667	2.194359	19.250000	23.500000	99.641174	99.305382	99.268059	0	0	1	1	156	1151032
1444377626	1	0	2	0	0	0	0	0	0	0	0	0	0	0	0	4.939927	4.304350	4.287241	4.288667	2.195165	19.250000	23.500000	99.678497	99.230751	99.305382	0	0	1	1	156	1165337
1444377627	1	0	0	1	0	0	0	0	0	0	0	0	0	0	0	4.939927	4.300073	4.285816	4.290093	2.194359	19.250000	23.500000	99.603874	99.268059	99.268059	0	0	1	1	156	1167459
1444377628	1	0	1	0	0	0	0	0	0	0	0	0	0	0	0	4.944762	4.310054	4.284390	4.287241	2.194359	19.250000	23.500000	99.568375	99.121078	99.195625	0	0	1	1	156	1167440
1444377630	0	2	2	0	0	0	0	0	0	0	0	0	0	0	0	4.939927	4.301499	4.287241	4.288667	2.194359	19.250000	23.500000	99.678497	99.342690	99.342690	0	0	0	1	156	1151027
1444377631	0	2	2	2	0	0	0	0	0	0	0	0	0	0	0	4.941538	4.304350	4.288667	4.288667	2.194359	19.250000	23.500000	99.641769	99.231468	99.231468	0	0	0	1	156	1165337
1444377632	0	0	2	0	0	0	0	0	0	0	0	0	0	0	0	4.939927	4.304350	4.285816	4.288667	2.194359	19.250000	23.500000	99.678497	99.305382	99.380005	0	0	0	1	156	1167459
1444377633	0	0	0	0	0	0	0	0	0	0	0	0	0	0	0	4.944762	4.310054	4.284390	4.287241	2.193553	19.250000	23.500000	99.531097	99.158348	99.195625	0	0	0	1	156	1167440
1444377634	0	0	0	0	0	0	0	0	0	0	0	0	0	0	0	4.938315	4.305777	4.290093	4.292944	2.193553	19.250000	23.500000	99.789902	99.416656	99.453979	0	0	0	1	156	1175737
1444377636	0	0	0	0	0	0	0	0	0	0	0	0	0	0	0	4.939927	4.302925	4.290093	4.288667	2.194359	19.250000	23.500000	99.380005	98.932274	99.342690	0	0	0	1	156	1152980
1444377637	0	0	0	3	0	0	0	0	0	0	0	0	0	0	0	4.941538	4.302925	4.285816	4.288667	2.194359	19.250000	23.500000	99.604462	99.231468	99.231468	0	0	0	1	156	1151166
1444377638	3	0	1	1	0	0	0	0	0	0	0	0	0	0	0	4.939927	4.300073	4.288667	4.290093	2.194359	19.250000	23.500000	99.641174	99.268059	99.342690	0	0	0	1	156	1164650
1444377639	0	1	2	1	0	0	0	0	0	0	0	0	0	0	0	4.939927	4.300073	4.285816	4.288667	2.194359	19.250000	23.500000	99.603874	99.342690	99.305382	0	0	1	1	156	1167425
1444377640	1	1	1	0	0	0	0	0	0	0	0	0	0	0	0	4.939927	4.301499	4.287241	4.290093	2.193553	19.250000	23.500000	99.603874	98.894958	99.529243	0	0	1	1	156	1167445
1444377642	1	2	0	0	0	0	0	0	0	0	0	0	0	0	0	4.939927	4.302925	4.287241	4.290093	2.193553	19.250000	23.500000	99.678497	99.268059	99.305382	0	0	1	1	156	1151178
1444377643	0	1	0	2	0	0	0	0	0	0	0	0	0	0	0	4.939927	4.302925	4.285816	4.288667	2.193553	19.250000	23.500000	99.715805	99.268059	99.342690	0	0	1	1	156	1164640
1444377644	1	2	1	1	0	0	0	0	1	0	0	0	0	0	0	4.939927	4.301499	4.287241	4.288667	2.192747	19.250000	23.500000	99.641174	99.268059	99.380005	0	0	1	1	156	1167426
1444377645	0	0	0	0	0	0	0	0	0	0	0	0	0	0	0	4.939927	4.302925	4.288667	4.290093	2.193553	19.250000	23.500000	99.342690	99.529243	99.230751	0	0	1	1	156	1151845
1444377646	0	1	0	0	0	0	0	0	0	0	0	0	0	0	0	4.939927	4.305777	4.290093	4.294370	2.192747	19.250000	23.500000	99.790428	99.417313	99.380005	0	0	1	1	156	1165158
1444377648	1	0	0	0	0	0	0	0	0	0	0	0	0	0	0	4.939927	4.304350	4.288667	4.288667	2.193553	19.250000	23.500000	99.715805	99.268059	99.305382	0	0	1	1	156	1168613
1444377649	1	0	2	0	0	0	0	0	0	0	0	0	0	0	0	4.939927	4.302925	4.288667	4.288667	2.192747	19.250000	23.500000	99.641174	99.268059	99.305382	0	0	1	1	156	1167444
1444377650	0	3	0	1	0	0	0	0	1	0	0	0	0	0	0	4.943151	4.302925	4.287241	4.287241	2.193553	19.250000	23.500000	99.642334	99.194893	99.306763	0	0	1	1	156	1164903
1444377651	2	1	0	0	0	0	0	0	0	0	0	0	0	0	0	4.939927	4.302925	4.287241	4.287241	2.192747	19.250000	23.500000	99.715805	99.268059	99.342690	0	0	1	1	156	1151526
1444377652	2	1	2	0	0	1	0	0	0	0	0	0	0	0	0	4.941538	4.304350	4.287241	4.288667	2.193553	19.250000	23.500000	99.268776	99.492569	99.194176	0	0	1	1	156	1167374
1444377654	1	0	1	0	0	0	0	0	0	0	0	0	0	0	0	4.939927	4.302925	4.288667	4.290093	2.193553	19.250000	23.500000	99.678497	99.268059	99.342690	0	0	1	1	156	1174966
1444377655	1	3	1	0	0	0	0	1	0	0	0	0	0	0	0	4.941538	4.301499	4.287241	4.288667	2.194359	19.250000	23.500000	99.604462	99.231468	99.343376	0	0	1	1	156	1150943
1444377656	0	0	0	0	0	0	0	0	0	0	0	0	0	0	0	4.941538	4.305777	4.288667	4.288667	2.193553	19.250000	23.500000	99.641769	99.231468	99.231468	0	0	1	1	156	1151275
1444377657	3	1	3	0	0	1	0	0	0	0	0	0	0	0	0	4.941538	4.300073	4.285816	4.290093	2.191941	19.250000	23.500000	99.641769	99.268776	99.343376	0	0	0	1	156	1167375
1444377658	0	0	0	1	0	0	0	0	0	0	0	0	0	0	0	4.939927	4.307202	4.291519	4.292944	2.191941	19.250000	23.500000	99.790428	99.380005	99.417313	0	0	0	1	156	1164689
1444377660	0	0	1	1	0	0	0	0	0	0	0	0	0	0	0	4.943151	4.302925	4.288667	4.290093	2.193553	19.250000	23.500000	99.306763	98.896599	99.381340	0	0	0	1	156	1152980
1444377661	1	1	1	2	0	0	0	0	0	0	0	0	0	0	0	4.941538	4.304350	4.287241	4.288667	2.192747	19.250000	23.500000	99.641769	99.231468	99.306068	0	0	0	1	156	1151166
1444377662	2	0	1	2	0	0	0	0	0	0	0	0	0	0	0	4.939927	4.304350	4.287241	4.288667	2.192747	19.250000	23.500000	99.678497	99.268059	99.268059	0	0	0	1	156	1164642
1444377663	1	0	0	2	0	0	0	0	0	0	0	0	0	0	0	4.936703	4.297222	4.290093	4.291519	2.191136	19.250000	23.500000	99.826698	99.415993	99.415993	0	0	1	1	156	1167425
1444377664	3	0	2	1	0	0	0	0	0	0	0	0	0	0	0	4.939927	4.305777	4.290093	4.290093	2.192747	19.250000	23.500000	99.715805	99.305382	99.193443	0	0	1	1	156	1150907
1444377666	1	2	1	1	0	0	0	0	0	0	0	0	0	0	0	4.939927	4.304350	4.288667	4.290093	2.191941	19.250000	23.500000	99.678497	99.230751	99.342690	0	0	1	1	156	1165221
1444377667	1	0	0	0	0	0	0	0	0	0	0	0	0	0	0	4.941538	4.302925	4.285816	4.288667	2.191941	19.250000	23.500000	99.641769	99.231468	99.343376	0	0	1	1	156	1151593
1444377668	1	0	1	1	0	0	0	0	0	0	0	0	0	0	0	4.939927	4.304350	4.274410	4.280113	2.191136	19.250000	23.500000	100.387413	99.156143	98.969566	0	0	1	1	156	1167383
1444377669	2	1	0	1	0	0	0	0	0	0	0	0	0	0	0	4.939927	4.307202	4.290093	4.291519	2.191941	19.250000	23.500000	99.753120	99.268059	99.342690	0	0	1	1	157	1167466
1444377670	2	2	0	0	0	0	0	0	0	0	0	0	0	0	0	4.939927	4.304350	4.288667	4.291519	2.191941	19.250000	23.500000	99.790428	99.342690	99.380005	0	0	1	1	156	1164698
1444377672	0	1	1	0	0	0	0	0	0	0	0	0	0	0	0	4.939927	4.301499	4.285816	4.288667	2.192747	19.250000	23.500000	99.641174	99.268059	99.268059	0	0	1	1	156	1152492
1444377673	0	0	0	0	0	0	0	0	0	0	0	0	0	0	0	4.936703	4.291519	4.272984	4.281538	2.190330	19.250000	23.500000	99.640007	99.565331	99.341316	0	0	1	1	156	1167383
1444377674	0	0	1	1	0	0	0	0	0	0	0	0	0	0	0	4.938315	4.304350	4.282964	4.288667	2.191136	19.250000	23.500000	99.715248	99.304680	99.379326	0	0	1	1	156	1164693
1444377675	1	0	1	0	0	0	0	0	0	0	0	0	0	0	0	4.941538	4.304350	4.285816	4.288667	2.191941	19.250000	23.500000	99.641769	99.343376	99.306068	0	0	1	1	156	1151005
1444377676	0	2	0	2	0	0	0	0	1	0	0	0	0	0	0	4.939927	4.302925	4.285816	4.288667	2.191941	19.250000	23.500000	99.678497	99.342690	99.342690	0	0	1	1	156	1151337
1444377678	1	0	0	1	0	0	0	0	0	0	0	0	0	0	0	4.939927	4.302925	4.287241	4.287241	2.191941	19.250000	23.500000	99.715805	99.268059	99.305382	0	0	1	1	156	1164634
1444377679	2	1	0	2	0	0	0	0	0	0	0	0	0	0	0	4.941538	4.294370	4.275836	4.298647	2.190330	19.250000	23.500000	99.567169	99.231468	99.306068	0	0	1	1	156	1167421
1444377680	1	1	0	0	0	0	0	0	0	0	0	0	0	0	0	4.939927	4.305777	4.287241	4.288667	2.191941	19.250000	23.500000	99.678497	99.268059	99.342690	0	0	1	1	156	1151069
1444377681	1	4	1	0	1	0	0	0	0	0	0	0	0	0	0	4.939927	4.302925	4.288667	4.288667	2.191941	19.250000	23.500000	99.678497	99.268059	99.342690	0	0	0	1	156	1164379
1444377682	2	1	0	2	0	0	0	0	1	0	0	0	0	0	0	4.938315	4.305777	4.290093	4.291519	2.191136	19.250000	23.500000	99.827217	99.416656	99.453979	0	0	0	1	156	1167460
1444377684	2	1	0	0	0	0	0	0	0	0	0	0	0	0	0	4.939927	4.302925	4.288667	4.288667	2.191136	19.250000	23.500000	99.678497	99.268059	99.268059	0	0	0	1	156	1168581
1444377685	0	0	0	1	0	0	0	0	0	0	0	0	0	0	0	4.939927	4.304350	4.288667	4.290093	2.190330	19.250000	23.500000	99.678497	99.268059	99.305382	0	0	0	1	156	1150957
1444377686	3	2	2	0	0	2	0	0	0	0	0	0	0	0	0	4.939927	4.304350	4.288667	4.290093	2.191941	19.250000	23.500000	99.641174	99.268059	99.305382	0	0	0	1	156	1194526
1444377687	0	0	0	4	0	0	0	0	0	0	0	0	0	0	0	4.941538	4.302925	4.285816	4.288667	2.191136	19.250000	23.500000	99.679062	99.231468	99.306068	0	0	1	1	156	1167426
1444377688	0	1	2	1	0	0	0	1	0	0	0	0	0	0	0	4.938315	4.305777	4.284390	4.287241	2.191136	19.250000	23.500000	99.715248	99.342010	99.379326	0	0	1	1	156	1167445
1444377690	2	1	0	1	0	0	0	0	0	0	0	0	0	0	0	4.939927	4.304350	4.288667	4.288667	2.190330	19.250000	23.500000	99.641174	99.268059	99.268059	0	0	1	1	156	1171009
1444377691	1	2	1	0	1	0	0	0	0	0	0	0	0	0	0	4.941538	4.302925	4.285816	4.287241	2.190330	19.250000	23.500000	99.604462	99.231468	99.306068	0	0	1	1	156	1151593
1444377692	0	0	1	0	0	0	0	0	0	0	0	0	0	0	0	4.941538	4.302925	4.285816	4.288667	2.191941	19.250000	23.500000	99.604462	98.858490	99.044983	0	0	1	1	156	1167384
1444377693	0	0	0	0	0	0	0	0	0	0	0	0	0	0	0	4.941538	4.302925	4.287241	4.291519	2.191941	19.250000	23.500000	99.604462	99.231468	99.231468	0	0	1	1	156	1164698
1444377694	1	1	1	2	0	0	0	0	0	0	0	0	0	0	0	4.939927	4.305777	4.291519	4.291519	2.190330	19.250000	23.500000	99.715805	99.380005	99.380005	0	0	1	1	156	1151325
1444377696	0	1	0	1	0	0	0	0	0	0	0	0	0	0	0	4.939927	4.304350	4.288667	4.288667	2.191136	19.250000	23.500000	99.678497	99.268059	99.268059	0	0	1	1	156	1152658
1444377697	1	0	1	0	0	0	0	0	0	0	0	0	0	0	0	4.939927	4.288667	4.275836	4.277261	2.189524	19.250000	23.500000	97.215927	98.969566	99.118820	0	0	1	1	156	1167383
1444377698	1	2	3	1	1	0	0	0	0	0	0	0	0	0	0	4.941538	4.302925	4.285816	4.271558	2.191136	19.250000	23.500000	99.679062	99.156868	99.380669	0	0	1	1	156	1164694
1444377699	1	1	1	0	0	0	0	0	0	0	0	0	0	0	0	4.943151	4.302925	4.288667	4.290093	2.191136	19.250000	23.500000	99.567757	99.157608	99.194893	0	0	1	1	156	1167420
1444377700	0	2	0	0	0	0	0	0	0	0	0	0	0	0	0	4.941538	4.304350	4.287241	4.288667	2.191136	19.250000	23.500000	99.641769	99.231468	99.231468	0	0	1	1	156	1151403
1444377702	1	2	1	0	0	0	0	0	0	0	0	0	0	0	0	4.941538	4.302925	4.287241	4.290093	2.191136	19.250000	23.500000	99.604462	99.231468	99.306068	0	0	1	1	156	1164712
1444377703	0	0	0	0	0	0	0	0	0	0	0	0	0	0	0	4.939927	4.304350	4.287241	4.288667	2.190330	19.250000	23.500000	99.678497	99.230751	99.268059	0	0	1	1	156	1167459
1444377704	1	1	1	0	0	0	0	0	0	0	0	0	0	0	0	4.939927	4.312905	4.285816	4.288667	2.191136	19.250000	23.500000	99.678497	99.268059	99.305382	0	0	1	1	156	1167440
1444377705	1	0	1	0	0	0	0	0	0	0	0	0	0	0	0	4.939927	4.302925	4.285816	4.288667	2.189524	19.250000	23.500000	99.678497	99.268059	99.342690	0	0	1	1	156	1165023
1444377706	0	0	0	0	0	0	0	0	0	0	0	0	0	0	0	4.939927	4.305777	4.288667	4.291519	2.189524	19.250000	23.500000	99.790428	99.380005	99.454628	0	0	0	1	156	1151542
1444377708	1	0	0	0	0	0	0	0	0	0	0	0	0	0	0	4.941538	4.304350	4.287241	4.290093	2.190330	19.250000	23.500000	99.641769	99.231468	99.231468	0	0	0	1	156	1168619
1444377709	1	0	2	0	0	0	0	0	0	0	0	0	0	0	0	4.939927	4.302925	4.288667	4.288667	2.191136	19.250000	23.000000	99.641174	99.268059	99.268059	0	0	0	1	156	1164692
1444377710	0	3	0	1	0	0	0	0	0	0	0	0	0	0	0	4.941538	4.302925	4.285816	4.290093	2.191136	19.250000	23.500000	99.641769	99.231468	99.231468	0	0	1	1	156	1150930
1444377711	0	0	1	1	0	0	0	0	0	0	0	0	0	0	0	4.941538	4.302925	4.288667	4.288667	2.190330	19.250000	23.000000	99.641769	99.231468	99.231468	0	0	1	1	156	1151262
1444377712	2	0	0	1	0	0	0	0	0	0	0	0	0	0	0	4.939927	4.300073	4.287241	4.290093	2.190330	19.250000	23.500000	99.641174	99.268059	99.268059	0	0	1	1	156	1167383
1444377714	1	0	0	0	0	0	0	0	0	0	0	0	0	0	0	4.939927	4.301499	4.287241	4.290093	2.190330	19.250000	23.500000	99.678497	99.268059	99.305382	0	0	1	1	156	1164704
1444377715	1	1	1	0	0	0	0	0	0	0	0	0	0	0	0	4.939927	4.304350	4.288667	4.290093	2.190330	19.250000	23.000000	99.641174	99.268059	99.268059	0	0	1	1	156	1167423
1444377716	1	1	1	2	0	0	0	0	0	0	0	0	0	0	0	4.939927	4.302925	4.285816	4.288667	2.190330	19.250000	23.500000	99.678497	99.342690	99.342690	0	0	1	1	156	1151261
1444377717	0	2	1	0	0	0	0	0	0	0	0	0	0	0	0	4.939927	4.305777	4.288667	4.288667	2.190330	19.250000	23.500000	99.678497	99.268059	99.305382	0	0	1	1	156	1164639
1444377718	0	1	1	0	0	0	0	0	0	0	0	0	0	0	0	4.939927	4.305777	4.290093	4.292944	2.189524	19.250000	23.000000	99.790428	99.380005	99.417313	0	0	1	1	156	1167426
1444377720	2	0	0	1	0	0	0	0	0	0	0	0	0	0	0	4.939927	4.302925	4.284390	4.277261	2.189524	19.250000	23.500000	99.566551	99.230751	99.342690	0	0	1	1	156	1152928
1444377721	2	2	1	0	0	0	0	0	0	0	0	0	0	0	0	4.941538	4.302925	4.287241	4.292944	2.191136	19.250000	23.000000	99.641769	99.268776	99.306068	0	0	1	1	156	1165096
1444377722	0	0	0	0	0	0	0	0	0	0	0	0	0	0	0	4.939927	4.304350	4.288667	4.290093	2.189524	19.250000	23.500000	99.678497	99.268059	99.268059	0	0	1	1	156	1167460
1444377723	0	0	0	0	0	0	0	0	0	0	0	0	0	0	0	4.941538	4.304350	4.280113	4.277261	2.189524	19.250000	23.000000	99.567169	99.194176	99.306068	0	0	1	1	156	1167440
1444377724	0	1	0	2	0	0	0	0	0	0	0	0	0	0	0	4.939927	4.304350	4.288667	4.288667	2.189524	19.250000	23.000000	99.678497	99.268059	99.342690	0	0	1	1	156	1151090
1444377726	0	0	0	0	0	0	0	0	0	0	0	0	0	0	0	4.941538	4.304350	4.288667	4.288667	2.190330	19.250000	23.000000	99.679062	99.231468	99.306068	0	0	1	1	156	1165400
1444377727	1	0	0	1	0	0	0	0	0	0	0	0	0	0	0	4.941538	4.304350	4.288667	4.288667	2.188718	19.250000	23.500000	99.679062	99.231468	99.306068	0	0	1	1	156	1151568
1444377728	3	0	2	1	0	1	0	0	0	0	0	0	0	0	0	4.939927