time	cnt1	cnt2	cnt3	cnt4	1&2	1&3	1&4	2&3	2&4	3&4	1&2&3	1&2&4	1&3&4	2&3&4	1&2&3&4	adcr	adcp1	adcp2	adcp3	adcntc	ntcT	digT	p1	p2	p3	hvstate	pbsstate	ethstate	listpbs	sdstate	looptime
1	1	1	1	2	0	0	0	0	0	0	0	0	0	0	0	4.943151	4.304350	4.288667	4.291519	2.191136	19.250000	23.000000	99.679634	99.306763	99.306763	0	0	1	1	-1	0
2	1	4	1	2	0	0	0	0	1	0	0	0	0	0	0	4.941538	4.304350	4.287241	4.292944	2.189524	19.250000	23.000000	99.641769	99.231468	99.306068	0	0	0	1	140	1350821
3	1	0	3	1	0	0	0	0	0	0	0	0	0	0	0	4.936703	4.291519	4.292944	4.285816	2.187106	19.250000	23.000000	99.752022	99.341316	99.453339	0	0	0	1	147	1367644
5	0	1	0	0	0	0	0	0	0	0	0	0	0	0	0	4.939927	4.302925	4.287241	4.288667	2.188718	19.250000	23.000000	99.715805	99.380005	99.342690	0	0	1	1	147	1201942
6	0	0	2	1	0	0	0	0	0	0	0	0	0	0	0	4.939927	4.301499	4.285816	4.290093	2.188718	19.250000	23.000000	99.715805	99.268059	99.342690	0	0	1	1	147	1151544
7	1	0	0	0	0	0	0	0	0	0	0	0	0	0	0	4.941538	4.302925	4.288667	4.290093	2.188718	19.250000	23.000000	99.641769	99.231468	99.231468	0	0	1	1	147	1151571
8	3	0	1	0	0	1	0	0	0	0	0	0	0	0	0	4.943151	4.302925	4.285816	4.287241	2.188718	19.250000	23.000000	99.679634	99.194893	99.306763	0	0	1	1	147	1170508
9	0	0	0	0	0	0	0	0	0	0	0	0	0	0	0	4.941538	4.302925	4.288667	4.288667	2.189524	19.250000	23.000000	99.641769	99.231468	99.306068	0	0	1	1	147	1151606
10	1	1	0	1	0	0	0	0	0	0	0	0	0	0	0	4.941538	4.302925	4.287241	4.288667	2.188718	19.250000	23.000000	99.641769	99.231468	99.306068	0	0	1	1	147	1151529
12	0	0	0	2	0	0	0	0	0	0	0	0	0	0	0	4.941538	4.302925	4.290093	4.288667	2.188718	19.250000	23.000000	99.641769	99.343376	99.231468	0	0	0	1	148	1151467
13	0	0	1	1	0	0	0	0	0	0	0	0	0	0	0	4.939927	4.302925	4.290093	4.290093	2.187106	19.250000	23.000000	99.715805	99.454628	99.417313	0	0	0	1	148	1165399
14	1	1	0	0	0	0	0	0	0	0	0	0	0	0	0	4.939927	4.302925	4.287241	4.291519	2.188718	19.250000	23.000000	99.678497	99.380005	99.342690	0	0	0	1	148	1152606
15	0	1	0	2	0	0	0	0	0	0	0	0	0	0	0	4.939927	4.300073	4.285816	4.288667	2.188718	19.250000	23.000000	99.603874	99.268059	99.342690	0	0	0	1	148	1151379
16	2	2	1	1	0	0	0	0	0	0	0	0	0	0	0	4.939927	4.305777	4.288667	4.288667	2.188718	19.250000	23.000000	99.678497	99.268059	99.268059	0	0	0	1	148	1165311
18	1	0	1	5	0	0	0	0	0	1	0	0	0	0	0	4.939927	4.301499	4.288667	4.290093	2.187912	19.250000	23.000000	99.678497	99.380005	99.268059	0	0	0	1	148	1151518
19	0	0	2	1	0	0	0	0	0	0	0	0	0	0	0	4.938315	4.305777	4.288667	4.291519	2.187106	19.250000	23.000000	99.827217	99.416656	99.416656	0	0	0	1	148	1151540
20	1	2	1	1	0	0	0	0	0	0	0	0	0	0	0	4.939927	4.302925	4.285816	4.288667	2.188718	19.250000	23.000000	99.641174	99.268059	99.342690	0	0	0	1	148	1151478
21	1	0	1	0	0	0	0	0	0	0	0	0	0	0	0	4.939927	4.302925	4.290093	4.290093	2.188718	19.250000	23.000000	99.678497	99.268059	99.305382	0	0	0	1	148	1165415
22	3	2	2	2	0	1	0	0	0	1	0	0	0	0	0	4.938315	4.304350	4.285816	4.288667	2.187912	19.250000	23.000000	99.677917	99.304680	99.379326	0	0	0	1	148	1151518
24	0	0	1	0	0	0	0	0	0	0	0	0	0	0	0	4.939927	4.304350	4.288667	4.290093	2.187912	19.250000	23.000000	99.753120	99.342690	99.417313	0	0	0	1	148	1151540
25	1	2	1	0	0	0	0	0	0	0	0	0	0	0	0	4.938315	4.302925	4.290093	4.292944	2.187106	19.250000	23.000000	99.752571	99.379326	99.416656	0	0	0	1	148	1164478
26	1	2	1	0	0	0	0	0	0	0	0	0	0	0	0	4.943151	4.302925	4.288667	4.288667	2.186301	19.250000	23.000000	99.530479	99.157608	99.269463	0	0	0	1	148	1152518
27	1	0	0	0	0	0	0	0	0	0	0	0	0	0	0	4.941538	4.302925	4.287241	4.290093	2.187912	19.250000	23.000000	99.567169	99.194176	99.306068	0	0	0	1	148	1151035
28	0	1	0	2	0	0	0	0	0	0	0	0	0	0	0	4.946374	4.297222	4.284390	4.288667	2.187106	19.250000	23.000000	99.494453	99.159088	99.196342	0	0	1	1	148	1150977
30	0	1	1	1	0	0	0	0	0	0	0	0	0	0	0	4.939927	4.302925	4.291519	4.290093	2.187106	19.250000	23.000000	99.491936	99.044197	99.342690	0	0	1	1	148	1164592
31	2	1	0	3	0	0	1	0	1	0	0	0	0	0	0	4.943151	4.300073	4.287241	4.278687	2.185495	19.250000	23.000000	99.716911	99.157608	99.194893	0	0	1	1	148	1151151
32	0	1	1	0	0	0	0	0	0	0	0	0	0	0	0	4.941538	4.300073	4.285816	4.290093	2.187912	19.250000	23.000000	99.567169	99.231468	99.306068	0	0	1	1	148	1151040
33	0	2	2	0	0	0	0	0	0	0	0	0	0	0	0	4.939927	4.300073	4.288667	4.290093	2.187106	19.250000	23.000000	99.603874	99.268059	99.342690	0	0	1	1	148	1164596
34	1	2	1	2	0	0	0	0	1	0	0	0	0	0	0	4.939927	4.301499	4.287241	4.288667	2.187106	19.250000	23.000000	99.603874	99.230751	99.342690	0	0	1	1	148	1151588
35	1	0	1	1	0	1	0	0	0	0	0	0	0	0	0	4.938315	4.302925	4.288667	4.290093	2.186301	19.250000	23.000000	99.752571	99.379326	99.453979	0	0	1	1	148	1151545
37	0	0	0	2	0	0	0	0	0	0	0	0	0	0	0	4.938315	4.304350	4.290093	4.291519	2.187106	19.250000	23.000000	99.752571	99.379326	99.453979	0	0	1	1	148	1151040
38	2	0	0	0	0	0	0	0	0	0	0	0	0	0	0	4.941538	4.285816	4.278687	4.285816	2.187106	19.250000	23.000000	99.306068	99.082275	98.933075	0	0	1	1	148	1176310
39	0	1	0	1	0	0	0	0	0	0	0	0	0	0	0	4.939927	4.300073	4.285816	4.288667	2.187912	19.250000	23.000000	99.268059	99.603874	99.230751	0	0	1	1	148	1151192
40	0	1	1	0	0	0	0	1	0	0	0	0	0	0	0	4.939927	4.300073	4.278687	4.277261	2.187106	19.250000	23.000000	99.491936	99.230751	99.342690	0	0	1	1	148	1151144
41	1	0	2	3	0	0	0	0	0	0	0	0	0	0	0	4.943151	4.300073	4.287241	4.288667	2.186301	19.250000	23.000000	99.567757	99.083031	99.008469	0	0	1	1	148	1164647
43	0	0	0	0	0	0	0	0	0	0	0	0	0	0	0	4.939927	4.301499	4.287241	4.287241	2.186301	19.250000	23.000000	99.603874	99.268059	99.305382	0	0	1	1	148	1151016
44	0	0	1	0	0	0	0	0	0	0	0	0	0	0	0	4.939927	4.300073	4.287241	4.291519	2.187106	19.250000	23.000000	99.641174	99.268059	99.342690	0	0	1	1	148	1151517
45	0	0	1	1	0	0	0	0	0	0	0	0	0	0	0	4.939927	4.298647	4.284390	4.288667	2.186301	19.250000	23.000000	99.566551	99.268059	99.118820	0	0	1	1	148	1180227
46	1	0	0	0	0	0	0	0	0	0	0	0	0	0	0	4.941538	4.301499	4.287241	4.290093	2.187106	19.250000	23.000000	99.567169	99.231468	99.231468	0	0	1	1	148	1151358
47	0	4	0	3	0	0	0	0	2	0	0	0	0	0	0	4.939927	4.302925	4.287241	4.288667	2.186301	19.250000	23.000000	99.603874	99.268059	99.342690	0	0	1	1	148	1151457
49	2	1	0	1	0	0	0	0	1	0	0	0	0	0	0	4.939927	4.302925	4.288667	4.292944	2.186301	19.250000	23.000000	99.753120	99.305382	99.491936	0	0	1	1	148	1151499
50	0	0	1	0	0	0	0	0	0	0	0	0	0	0	0	4.939927	4.304350	4.288667	4.288667	2.187106	19.250000	23.000000	99.641174	99.230751	99.268059	0	0	1	1	148	1165540
51	2	0	2	1	0	1	0	0	0	0	0	0	0	0	0	4.939927	4.301499	4.287241	4.288667	2.186301	19.250000	23.000000	99.641174	99.268059	99.342690	0	0	1	1	148	1151539
52	1	0	1	1	0	0	0	0	0	0	0	0	0	0	0	4.939927	4.300073	4.287241	4.290093	2.185495	19.250000	23.000000	99.603874	99.305382	99.305382	0	0	1	1	148	1151665
53	1	3	2	1	0	1	0	0	1	0	0	0	0	0	0	4.939927	4.301499	4.287241	4.288667	2.186301	19.250000	23.000000	99.603874	99.268059	99.342690	0	0	1	1	148	1164707
55	1	0	1	0	0	0	0	0	0	0	0	0	0	0	0	4.941538	4.300073	4.288667	4.288667	2.185495	19.250000	23.000000	99.567169	99.194176	99.306068	0	0	1	1	148	1151539
56	2	3	1	0	0	1	0	0	0	0	0	0	0	0	0	4.939927	4.301499	4.287241	4.290093	2.186301	19.250000	23.000000	99.603874	99.268059	99.342690	0	0	1	1	148	1151665
57	2	1	2	0	0	0	0	1	0	0	0	0	0	0	0	4.939927	4.301499	4.287241	4.288667	2.185495	19.250000	23.000000	99.603874	99.268059	99.342690	0	0	1	1	148	1151707
58	1	0	1	0	0	0	0	0	0	0	0	0	0	0	0	4.939927	4.301499	4.288667	4.290093	2.186301	19.250000	23.000000	99.641174	99.268059	99.342690	0	0	1	1	148	1192749
59	0	1	0	0	0	0	0	0	0	0	0	0	0	0	0	4.939927	4.301499	4.287241	4.288667	2.186301	19.250000	23.000000	99.678497	99.268059	99.342690	0	0	1	1	148	1151560
61	1	0	2	1	0	0	0	0	0	0	0	0	0	0	0	4.938315	4.305777	4.291519	4.294370	2.184689	19.250000	23.000000	99.789902	99.491310	99.528625	0	0	1	1	148	1151686
62	2	1	1	1	0	0	0	0	0	0	0	0	0	0	0	4.941538	4.301499	4.285816	4.288667	2.186301	19.250000	23.000000	99.604462	99.231468	99.306068	0	0	1	1	148	1165728
63	1	0	0	0	0	0	0	0	0	0	0	0	0	0	0	4.941538	4.300073	4.288667	4.290093	2.185495	19.250000	23.000000	99.604462	99.231468	99.306068	0	0	1	1	148	1151518
64	1	0	0	0	0	0	0	0	0	0	0	0	0	0	0	4.941538	4.300073	4.287241	4.290093	2.185495	19.250000	23.000000	99.604462	99.231468	99.306068	0	0	1	1	148	1151644
65	0	2	1	1	0	0	0	0	1	0	0	0	0	0	0	4.941538	4.301499	4.287241	4.290093	2.185495	19.250000	23.000000	99.567169	99.194176	99.231468	0	0	1	1	148	1151686
66	1	1	0	2	0	0	0	0	0	0	0	0	0	0	0	4.939927	4.301499	4.287241	4.290093	2.185495	19.250000	23.000000	99.603874	99.268059	99.342690	0	0	1	1	148	1164728
68	0	1	1	0	0	0	0	0	0	0	0	0	0	0	0	4.938315	4.304350	4.288667	4.291519	2.183883	19.250000	23.000000	99.715248	99.342010	99.416656	0	0	1	1	148	1151560
69	0	0	0	1	0	0	0	0	0	0	0	0	0	0	0	4.939927	4.301499	4.285816	4.288667	2.184689	19.250000	23.000000	99.641174	99.268059	99.305382	0	0	1	1	148	1151686
70	1	1	0	2	1	0	0	0	0	0	0	0	0	0	0	4.941538	4.302925	4.287241	4.288667	2.184689	19.250000	23.000000	99.604462	99.231468	99.343376	0	0	1	1	148	1164728
71	1	2	1	3	0	0	0	0	1	0	0	0	0	0	0	4.939927	4.300073	4.287241	4.290093	2.186301	19.250000	23.000000	99.603874	99.268059	99.342690	0	0	1	1	148	1151560
72	0	0	2	1	0	0	0	0	0	0	0	0	0	0	0	4.936703	4.305777	4.291519	4.294370	2.183883	19.250000	23.000000	99.826698	99.453339	99.490669	0	0	1	1	148	1151686
74	0	0	0	2	0	0	0	0	0	0	0	0	0	0	0	4.939927	4.301499	4.285816	4.288667	2.184689	19.250000	23.000000	99.603874	99.268059	99.342690	0	0	1	1	148	1152728
75	3	1	0	0	0	0	0	0	0	0	0	0	0	0	0	4.941538	4.301499	4.287241	4.291519	2.185495	19.250000	23.000000	99.641769	99.231468	99.343376	0	0	1	1	148	1164624
76	2	0	1	1	0	1	0	0	0	0	0	0	0	0	0	4.938315	4.301499	4.285816	4.288667	2.184689	19.250000	23.000000	99.603264	99.304680	99.379326	0	0	1	1	148	1151560
77	0	0	1	1	0	0	0	0	0	0	0	0	0	0	0	4.941538	4.301499	4.288667	4.290093	2.185495	19.250000	23.000000	99.567169	99.231468	99.231468	0	0	1	1	148	1151686
78	0	1	0	0	0	0	0	0	0	0	0	0	0	0	0	4.939927	4.301499	4.285816	4.291519	2.185495	19.250000	23.000000	99.603874	99.268059	99.305382	0	0	1	1	148	1164728
80	1	0	0	1	0	0	0	0	0	0	0	0	0	0	0	4.938315	4.302925	4.290093	4.292944	2.183883	19.250000	23.000000	99.677917	99.379326	99.453979	0	0	1	1	148	1151560
81	1	0	1	0	0	0	0	0	0	0	0	0	0	0	0	4.941538	4.301499	4.287241	4.288667	2.185495	19.250000	23.000000	99.567169	99.231468	99.306068	0	0	1	1	148	1151686
82	2	1	1	2	0	0	1	0	0	0	0	0	0	0	0	4.941538	4.300073	4.285816	4.288667	2.184689	19.250000	23.000000	99.604462	99.268776	99.306068	0	0	1	1	148	1151728
83	0	1	0	0	0	0	0	0	0	0	0	0	0	0	0	4.939927	4.301499	4.287241	4.290093	2.185495	19.250000	23.000000	99.641174	99.268059	99.342690	0	0	1	1	148	1164770
84	0	1	0	0	0	0	0	0	0	0	0	0	0	0	0	4.935091	4.305777	4.291519	4.294370	2.183883	19.250000	23.000000	99.938217	99.527382	99.564728	0	0	1	1	148	1151601
85	1	0	0	3	0	0	0	0	0	0	0	0	0	0	0	4.941538	4.302925	4.285816	4.290093	2.184689	19.250000	23.000000	99.567169	99.231468	99.306068	0	0	1	1	148	1152728
87	1	1	2	3	0	0	0	0	0	0	0	0	0	0	0	4.941538	4.301499	4.287241	4.290093	2.185495	19.250000	23.000000	99.604462	99.306068	99.306068	0	0	1	1	148	1164624
88	1	1	1	4	0	0	0	0	0	0	0	0	0	0	0	4.939927	4.300073	4.288667	4.291519	2.183883	19.250000	23.000000	99.641174	99.268059	99.342690	0	0	1	1	148	1151560
89	1	0	0	0	0	0	0	0	0	0	0	0	0	0	0	4.938315	4.301499	4.287241	4.288667	2.184689	19.250000	23.000000	99.640594	99.267357	99.379326	0	0	1	1	148	1151686
90	0	1	1	1	0	0	0	0	0	0	0	0	0	0	0	4.939927	4.300073	4.288667	4.288667	2.184689	19.250000	23.000000	99.603874	99.268059	99.268059	0	0	1	1	148	1164728
91	1	2	0	1	0	0	0	0	1	0	0	0	0	0	0	4.938315	4.302925	4.290093	4.292944	2.184689	19.250000	23.000000	99.715248	99.379326	99.416656	0	0	1	1	148	1151560
93	0	1	0	1	0	0	0	0	0	0	0	0	0	0	0	4.939927	4.301499	4.288667	4.288667	2.184689	19.250000	23.000000	99.641174	99.268059	99.342690	0	0	1	1	148	1151686
94	0	0	1	0	0	0	0	0	0	0	0	0	0	0	0	4.939927	4.300073	4.285816	4.288667	2.183883	19.250000	23.000000	99.603874	99.268059	99.342690	0	0	1	1	148	1151728
95	0	0	0	0	0	0	0	0	0	0	0	0	0	0	0	4.939927	4.302925	4.288667	4.288667	2.183883	19.250000	23.000000	99.603874	99.268059	99.305382	0	0	1	1	148	1164769
96	1	0	0	1	0	0	0	0	0	0	0	0	0	0	0	4.936703	4.305777	4.292944	4.294370	2.182271	19.250000	23.000000	99.789345	99.490669	99.528015	0	0	1	1	148	1151601
97	0	1	0	0	0	0	0	0	0	0	0	0	0	0	0	4.939927	4.302925	4.287241	4.288667	2.184689	19.250000	23.000000	99.715805	99.268059	99.417313	0	0	1	1	148	1152728
99	1	1	1	2	0	0	0	0	1	0	0	0	0	0	0	4.941538	4.304350	4.288667	4.290093	2.184689	19.250000	23.000000	99.679062	99.231468	99.343376	0	0	1	1	148	1164624
100	0	0	0	0	0	0	0	0	0	0	0	0	0	0	0	4.941538	4.301499	4.287241	4.288667	2.183883	19.000000	23.000000	99.604462	99.231468	99.306068	0	0	1	1	148	1151560
101	1	2	3	0	0	0	0	1	0	0	0	0	0	0	0	4.938315	4.300073	4.285816	4.290093	2.183883	19.250000	23.000000	99.640594	99.304680	99.304680	0	0	1	1	149	1151686
102	1	0	0	0	0	0	0	0	0	0	0	0	0	0	0	4.941538	4.301499	4.290093	4.290093	2.183883	19.000000	23.000000	99.604462	99.231468	99.306068	0	0	1	1	149	1151723
103	0	0	0	0	0	0	0	0	0	0	0	0	0	0	0	4.939927	4.304350	4.288667	4.291519	2.183077	19.000000	23.000000	99.715805	99.305382	99.380005	0	0	1	1	149	1164765
104	0	0	0	0	0	0	0	0	0	0	0	0	0	0	0	4.941538	4.304350	4.287241	4.290093	2.183883	19.000000	23.000000	99.679062	99.231468	99.306068	0	0	1	1	149	1151601
106	1	0	3	0	0	0	0	0	0	0	0	0	0	0	0	4.939927	4.302925	4.287241	4.290093	2.183883	19.250000	23.000000	99.678497	99.268059	99.305382	0	0	1	1	149	1151723
107	1	0	0	0	0	0	0	0	0	0	0	0	0	0	0	4.941538	4.301499	4.285816	4.288667	2.183077	19.000000	23.000000	99.641769	99.231468	99.306068	0	0	1	1	149	1164765
108	0	0	0	0	0	0	0	0	0	0	0	0	0	0	0	4.936703	4.305777	4.292944	4.294370	2.182271	19.250000	23.000000	99.864029	99.490669	99.602676	0	0	1	1	149	1151601
109	2	3	0	1	0	0	0	0	0	0	0	0	0	0	0	4.939927	4.304350	4.287241	4.288667	2.183883	19.250000	23.000000	99.678497	99.268059	99.305382	0	0	1	1	149	1152723
110	1	2	0	1	0	0	0	0	0	0	0	0	0	0	0	4.941538	4.301499	4.285816	4.290093	2.183077	19.000000	23.000000	99.604462	99.343376	99.343376	0	0	1	1	149	1151619
112	1	1	1	1	0	0	0	0	1	0	0	0	0	0	0	4.939927	4.302925	4.285816	4.287241	2.183077	19.000000	23.000000	99.715805	99.268059	99.342690	0	0	1	1	149	1164660
113	1	0	0	0	0	0	0	0	0	0	0	0	0	0	0	4.941538	4.304350	4.285816	4.288667	2.182271	19.000000	23.000000	99.679062	99.231468	99.306068	0	0	1	1	149	1151601
114	0	1	0	1	0	0	0	0	0	0	0	0	0	0	0	4.939927	4.302925	4.285816	4.288667	2.183883	19.250000	23.000000	99.678497	99.268059	99.342690	0	0	1	1	149	1151723
115	0	0	2	0	0	0	0	0	0	0	0	0	0	0	0	4.936703	4.304350	4.288667	4.290093	2.182271	19.250000	23.000000	99.752022	99.415993	99.490669	0	0	1	1	149	1164765
116	1	2	2	1	0	0	0	0	0	0	0	0	0	0	0	4.939927	4.300073	4.285816	4.288667	2.183883	19.250000	23.000000	99.641174	99.305382	99.342690	0	0	1	1	149	1151601
118	3	1	2	1	0	0	0	0	0	0	0	0	0	0	0	4.939927	4.300073	4.285816	4.290093	2.183077	19.000000	23.000000	99.603874	99.268059	99.305382	0	0	1	1	149	1151723
119	0	1	1	1	0	0	0	0	0	0	0	0	0	0	0	4.941538	4.301499	4.288667	4.290093	2.183077	19.000000	23.000000	99.567169	99.231468	99.306068	0	0	1	1	149	1150765
120	0	0	0	1	0	0	0	0	0	0	0	0	0	0	0	4.938315	4.307202	4.292944	4.292944	2.182271	19.000000	23.000000	99.752571	99.491310	99.491310	0	0	1	1	149	1164806
121	4	2	3	0	0	0	0	0	0	0	0	0	0	0	0	4.941538	4.302925	4.285816	4.290093	2.183077	19.000000	23.000000	99.641769	99.231468	99.306068	0	0	1	1	149	1152539
122	1	2	0	1	0	0	0	0	0	0	0	0	0	0	0	4.939927	4.300073	4.287241	4.291519	2.182271	19.000000	23.000000	99.641174	99.268059	99.342690	0	0	1	1	149	1151410
124	1	0	0	1	0	0	0	0	0	0	0	0	0	0	0	4.939927	4.304350	4.288667	4.290093	2.182271	19.000000	23.000000	99.678497	99.268059	99.305382	0	0	1	1	149	1164452
125	2	1	0	1	0	0	0	0	0	0	0	0	0	0	0	4.938315	4.302925	4.285816	4.288667	2.182271	19.000000	23.000000	99.752571	99.304680	99.416656	0	0	1	1	149	1151601
126	0	1	1	1	0	0	0	0	0	0	0	0	0	0	0	4.939927	4.304350	4.288667	4.290093	2.183077	19.000000	23.000000	99.678497	99.268059	99.342690	0	0	1	1	149	1151723
127	0	0	0	1	0	0	0	0	0	0	0	0	0	0	0	4.938315	4.301499	4.288667	4.291519	2.181465	19.000000	23.000000	99.715248	99.379326	99.416656	0	0	1	1	149	1164765
128	1	0	1	1	0	0	0	0	0	0	0	0	0	0	0	4.939927	4.302925	4.285816	4.290093	2.182271	19.000000	23.000000	99.715805	99.268059	99.342690	0	0	1	1	149	1151601
129	0	0	1	0	0	0	0	0	0	0	0	0	0	0	0	4.941538	4.302925	4.285816	4.290093	2.182271	19.000000	23.000000	99.641769	99.268776	99.306068	0	0	1	1	149	1151723
131	0	2	0	0	0	0	0	0	0	0	0	0	0	0	0	4.939927	4.304350	4.285816	4.291519	2.183077	19.000000	23.000000	99.715805	99.268059	99.342690	0	0	1	1	149	1150765
132	0	2	1	0	0	0	0	0	0	0	0	0	0	0	0	4.939927	4.307202	4.291519	4.292944	2.181465	19.000000	23.000000	99.902374	99.380005	99.529243	0	0	1	1	149	1164806
133	1	2	1	0	0	0	0	0	0	0	0	0	0	0	0	4.941538	4.302925	4.287241	4.290093	2.182271	19.000000	23.000000	99.641769	99.231468	99.268776	0	0	1	1	149	1152539
134	1	2	0	0	0	0	0	0	0	0	0	0	0	0	0	4.939927	4.302925	4.287241	4.290093	2.182271	19.000000	23.000000	99.678497	99.268059	99.268059	0	0	1	1	149	1151411
135	1	1	2	2	0	0	0	0	0	0	0	0	0	0	0	4.939927	4.302925	4.287241	4.288667	2.181465	19.000000	23.000000	99.678497	99.268059	99.305382	0	0	1	1	149	1165452
137	0	0	1	1	0	0	0	0	0	0	0	0	0	0	0	4.936703	4.305777	4.288667	4.291519	2.181465	19.000000	23.000000	99.789345	99.378662	99.453339	0	0	1	1	149	1151560
138	1	1	1	1	0	0	0	0	0	0	0	0	0	0	0	4.939927	4.302925	4.287241	4.288667	2.182271	19.000000	23.000000	99.715805	99.380005	99.342690	0	0	1	1	149	1151681
139	1	0	1	0	0	0	0	0	0	0	0	0	0	0	0	4.939927	4.302925	4.288667	4.290093	2.181465	19.000000	23.000000	99.678497	99.268059	99.305382	0	0	1	1	149	1151723
140	1	0	1	1	0	0	0	0	0	0	0	0	0	0	0	4.941538	4.302925	4.285816	4.288667	2.182271	19.000000	23.000000	99.679062	99.231468	99.306068	0	0	1	1	149	1164765
141	1	2	1	1	0	0	0	0	0	0	0	0	0	0	0	4.939927	4.304350	4.288667	4.290093	2.181465	19.000000	23.000000	99.641174	99.268059	99.305382	0	0	1	1	149	1151602
143	1	0	1	0	0	0	0	0	0	0	0	0	0	0	0	4.941538	4.302925	4.287241	4.290093	2.182271	19.000000	23.000000	99.641769	99.231468	99.231468	0	0	1	1	149	1151723
144	3	1	0	1	0	0	0	0	0	0	0	0	0	0	0	4.939927	4.302925	4.290093	4.292944	2.181465	19.000000	23.000000	99.715805	99.417313	99.454628	0	0	1	1	149	1164765
145	0	0	0	1	0	0	0	0	0	0	0	0	0	0	0	4.939927	4.304350	4.287241	4.292944	2.182271	19.000000	23.000000	99.678497	99.268059	99.342690	0	0	1	1	149	1152601
146	0	2	0	1	0	0	0	0	0	0	0	0	0	0	0	4.939927	4.304350	4.288667	4.290093	2.182271	19.000000	23.000000	99.641174	99.268059	99.305382	0	0	1	1	149	1151473
147	0	2	0	2	0	0	0	0	1	0	0	0	0	0	0	4.941538	4.304350	4.285816	4.290093	2.181465	19.000000	23.000000	99.679062	99.231468	99.231468	0	0	1	1	149	1151515
148	0	1	2	1	0	0	0	0	0	0	0	0	0	0	0	4.936703	4.307202	4.290093	4.291519	2.180659	19.000000	23.000000	99.789345	99.341316	99.453339	0	0	1	1	149	1164556
150	0	1	0	0	0	0	0	0	0	0	0	0	0	0	0	4.939927	4.305777	4.288667	4.288667	2.181465	19.000000	23.000000	99.678497	99.230751	99.305382	0	0	1	1	149	1151601
151	3	1	0	0	0	0	0	0	0	0	0	0	0	0	0	4.939927	4.304350	4.288667	4.288667	2.182271	19.000000	23.000000	99.715805	99.268059	99.342690	0	0	1	1	149	1151723
152	1	1	0	0	0	0	0	0	0	0	0	0	0	0	0	4.939927	4.302925	4.288667	4.290093	2.181465	19.000000	23.000000	99.678497	99.268059	99.305382	0	0	1	1	149	1164765
153	2	0	1	1	0	1	0	0	0	0	0	0	0	0	0	4.941538	4.302925	4.287241	4.288667	2.180659	19.000000	23.000000	99.641769	99.231468	99.306068	0	0	1	1	149	1151601
154	3	0	0	0	0	0	0	0	0	0	0	0	0	0	0	4.939927	4.302925	4.285816	4.288667	2.181465	19.000000	23.000000	99.678497	99.268059	99.305382	0	0	1	1	149	1151723
156	1	0	0	1	0	0	0	0	0	0	0	0	0	0	0	4.938315	4.305777	4.290093	4.291519	2.179853	19.000000	23.000000	99.789902	99.416656	99.453979	0	0	1	1	149	1150765
157	0	0	0	2	0	0	0	0	0	0	0	0	0	0	0	4.939927	4.302925	4.285816	4.290093	2.181465	19.000000	23.000000	99.678497	99.342690	99.342690	0	0	1	1	149	1165806
158	1	2	0	0	0	0	0	0	0	0	0	0	0	0	0	4.941538	4.304350	4.285816	4.288667	2.179853	19.000000	23.000000	99.641769	99.231468	99.306068	0	0	1	1	149	1151601
159	0	0	0	0	0	0	0	0	0	0	0	0	0	0	0	4.939927	4.304350	4.288667	4.288667	2.181465	19.000000	23.000000	99.678497	99.268059	99.305382	0	0	1	1	149	1151723
160	1	0	0	1	0	0	0	0	0	0	0	0	0	0	0	4.938315	4.304350	4.287241	4.291519	2.179853	19.000000	23.000000	99.752571	99.379326	99.416656	0	0	1	1	149	1164765
162	2	1	0	1	0	0	0	0	0	0	0	0	0	0	0	4.939927	4.302925	4.285816	4.288667	2.180659	19.000000	23.000000	99.678497	99.305382	99.342690	0	0	1	1	149	1151601
163	0	0	1	1	0	0	0	0	0	0	0	0	0	0	0	4.939927	4.302925	4.285816	4.290093	2.180659	19.000000	23.000000	99.678497	99.305382	99.342690	0	0	1	1	149	1151723
164	2	0	1	2	0	0	1	0	0	0	0	0	0	0	0	4.941538	4.304350	4.285816	4.288667	2.180659	19.000000	23.000000	99.641769	99.231468	99.306068	0	0	1	1	149	1164765
165	2	1	0	1	0	0	0	0	0	0	0	0	0	0	0	4.939927	4.305777	4.287241	4.288667	2.180659	19.000000	23.000000	99.678497	99.268059	99.268059	0	0	1	1	149	1151601
166	0	1	1	1	0	0	0	0	0	0	0	0	0	0	0	4.939927	4.300073	4.288667	4.290093	2.180659	19.000000	23.000000	99.603874	99.268059	99.268059	0	0	1	1	149	1151723
167	0	0	3	1	0	0	0	0	0	0	0	0	0	0	0	4.936703	4.307202	4.290093	4.292944	2.179853	19.000000	23.000000	99.826698	99.415993	99.453339	0	0	1	1	149	1150765
169	2	0	1	0	0	0	0	0	0	0	0	0	0	0	0	4.939927	4.302925	4.288667	4.290093	2.180659	19.000000	23.000000	99.641174	99.230751	99.342690	0	0	1	1	149	1165806
170	1	0	0	2	0	0	0	0	0	0	0	0	0	0	0	4.941538	4.304350	4.288667	4.290093	2.180659	19.000000	23.000000	99.679062	99.231468	99.231468	0	0	1	1	149	1151601
171	0	2	2	0	0	0	0	0	0	0	0	0	0	0	0	4.941538	4.304350	4.287241	4.288667	2.180659	19.000000	23.000000	99.679062	99.231468	99.306068	0	0	1	1	149	1151723
172	2	0	1	1	0	0	0	0	0	0	0	0	0	0	0	4.938315	4.304350	4.290093	4.291519	2.179853	19.000000	23.000000	99.752571	99.379326	99.416656	0	0	1	1	149	1164765
173	0	0	0	0	0	0	0	0	0	0	0	0	0	0	0	4.939927	4.302925	4.288667	4.290093	2.179853	19.000000	23.000000	99.715805	99.268059	99.268059	0	0	1	1	149	1151601
175	2	1	4	0	0	0	0	0	0	0	0	0	0	0	0	4.943151	4.302925	4.287241	4.288667	2.179853	19.000000	23.000000	99.642334	99.194893	99.269463	0	0	1	1	149	1151723
176	0	1	1	0	0	0	0	0	0	0	0	0	0	0	0	4.941538	4.305777	4.287241	4.290093	2.180659	19.000000	23.000000	99.716370	99.231468	99.343376	0	0	1	1	149	1150765
177	2	0	0	1	0	0	0	0	0	0	0	0	0	0	0	4.941538	4.301499	4.285816	4.288667	2.180659	19.000000	23.000000	99.679062	99.231468	99.306068	0	0	1	1	149	1164806
178	1	0	0	2	0	0	1	0	0	0	0	0	0	0	0	4.941538	4.302925	4.285816	4.288667	2.180659	19.000000	23.000000	99.679062	99.268776	99.306068	0	0	1	1	149	1151539
179	0	0	0	0	0	0	0	0	0	0	0	0	0	0	0	4.939927	4.304350	4.290093	4.291519	2.179048	19.000000	23.000000	99.753120	99.342690	99.342690	0	0	1	1	149	1151660
181	0	1	1	2	0	0	0	0	1	0	0	0	0	0	0	4.941538	4.302925	4.285816	4.288667	2.179853	19.000000	23.000000	99.641769	99.231468	99.343376	0	0	1	1	149	1165702
182	1	0	0	1	0	0	0	0	0	0	0	0	0	0	0	4.941538	4.302925	4.285816	4.288667	2.179853	19.000000	23.000000	99.679062	99.231468	99.380669	0	0	1	1	149	1151601
183	0	1	1	2	0	0	0	0	0	0	0	0	0	0	0	4.939927	4.304350	4.287241	4.290093	2.180659	19.000000	23.000000	99.678497	99.268059	99.342690	0	0	1	1	149	1151723
184	1	1	0	1	0	0	0	0	0	0	0	0	0	0	0	4.939927	4.304350	4.288667	4.290093	2.179853	19.000000	23.000000	99.641174	99.268059	99.268059	0	0	1	1	149	1150765
185	0	1	0	0	0	0	0	0	0	0	0	0	0	0	0	4.941538	4.304350	4.287241	4.287241	2.179853	19.000000	23.000000	99.679062	99.231468	99.231468	0	0	1	1	149	1164806
186	0	2	1	2	0	0	0	0	0	0	0	0	0	0	0	4.939927	4.304350	4.287241	4.288667	2.179853	19.000000	23.000000	99.715805	99.268059	99.342690	0	0	1	1	149	1151539
188	1	1	0	1	0	0	0	0	0	0	0	0	0	0	0	4.941538	4.304350	4.285816	4.288667	2.179853	19.000000	23.000000	99.679062	99.306068	99.343376	0	0	1	1	149	1151660
189	0	1	2	0	0	0	0	0	0	0	0	0	0	0	0	4.939927	4.304350	4.287241	4.288667	2.179048	19.000000	23.000000	99.753120	99.268059	99.342690	0	0	1	1	149	1164702
190	0	1	2	0	0	0	0	0	0	0	0	0	0	0	0	4.939927	4.304350	4.287241	4.288667	2.179048	19.000000	23.000000	99.753120	99.268059	99.380005	0	0	1	1	149	1151539
191	0	0	0	1	0	0	0	0	0	0	0	0	0	0	0	4.936703	4.307202	4.290093	4.291519	2.179048	19.000000	23.000000	99.864029	99.415993	99.490669	0	0	1	1	149	1151661
192	2	1	2	0	0	0	0	0	0	0	0	0	0	0	0	4.941538	4.304350	4.287241	4.290093	2.179853	19.000000	23.000000	99.604462	99.231468	99.268776	0	0	1	1	149	1165702
194	1	0	0	0	0	0	0	0	0	0	0	0	0	0	0	4.941538	4.302925	4.288667	4.290093	2.179853	19.000000	23.000000	99.641769	99.231468	99.306068	0	0	1	1	149	1151601
195	0	1	2	0	0	0	0	0	0	0	0	0	0	0	0	4.941538	4.304350	4.288667	4.288667	2.179048	19.000000	23.000000	99.641769	99.231468	99.306068	0	0	1	1	149	1151723
196	2	1	1	1	0	0	0	0	0	0	0	0	0	0	0	4.939927	4.302925	4.287241	4.288667	2.179048	19.000000	23.000000	99.715805	99.268059	99.380005	0	0	1	1	149	1150765
197	1	3	1	0	0	1	0	0	0	0	0	0	0	0	0	4.939927	4.304350	4.288667	4.288667	2.179048	19.000000	23.000000	99.678497	99.268059	99.268059	0	0	1	1	149	1164806
198	1	1	0	0	1	0	0	0	0	0	0	0	0	0	0	4.941538	4.304350	4.288667	4.290093	2.179853	19.000000	23.000000	99.679062	99.231468	99.231468	0	0	1	1	149	1151539
200	2	0	2	0	0	0	0	0	0	0	0	0	0	0	0	4.939927	4.302925	4.287241	4.290093	2.179853	19.000000	23.000000	99.715805	99.268059	99.305382	0	0	1	1	149	1151660
201	1	1	1	1	0	0	0	0	0	0	0	0	0	0	0	4.941538	4.302925	4.287241	4.288667	2.179048	19.000000	23.000000	99.641769	99.231468	99.268776	0	0	1	1	149	1164702
202	0	0	0	1	0	0	0	0	0	0	0	0	0	0	0	4.939927	4.304350	4.285816	4.288667	2.179048	19.000000	23.000000	99.715805	99.268059	99.342690	0	0	1	1	149	1151539
203	0	2	2	2	0	0	0	0	1	0	0	0	0	0	0	4.938315	4.304350	4.290093	4.292944	2.178242	19.000000	23.000000	99.827217	99.416656	99.453979	0	0	1	1	149	1151660
204	1	2	1	1	1	0	0	0	0	0	0	0	0	0	0	4.943151	4.302925	4.285816	4.288667	2.179853	19.000000	23.000000	99.642334	99.194893	99.269463	0	0	1	1	149	1152702
205	0	1	1	0	0	0	0	0	0	0	0	0	0	0	0	4.941538	4.304350	4.287241	4.288667	2.179048	19.000000	23.000000	99.641769	99.231468	99.231468	0	0	1	1	149	1164598
207	0	0	0	0	0	0	0	0	0	0	0	0	0	0	0	4.939927	4.302925	4.287241	4.288667	2.179048	19.000000	23.000000	99.678497	99.268059	99.342690	0	0	1	1	149	1151539
208	1	0	2	0	0	0	0	0	0	0	0	0	0	0	0	4.939927	4.302925	4.285816	4.290093	2.179048	19.000000	23.000000	99.715805	99.268059	99.380005	0	0	1	1	149	1151660
209	1	0	1	0	0	0	0	0	0	0	0	0	0	0	0	4.939927	4.302925	4.285816	4.288667	2.179048	19.000000	23.000000	99.715805	99.305382	99.342690	0	0	1	1	149	1164702
210	0	0	0	0	0	0	0	0	0	0	0	0	0	0	0	4.941538	4.302925	4.288667	4.290093	2.178242	19.000000	23.000000	99.641769	99.231468	99.343376	0	0	1	1	149	1151539
211	0	0	0	3	0	0	0	0	0	0	0	0	0	0	0	4.941538	4.302925	4.288667	4.290093	2.178242	19.000000	23.000000	99.641769	99.194176	99.268776	0	0	1	1	149	1151660
213	0	2	0	1	0	0	0	0	0	0	0	0	0	0	0	4.939927	4.302925	4.285816	4.288667	2.177436	19.000000	23.000000	99.715805	99.268059	99.342690	0	0	1	1	149	1151702
214	0	2	0	1	0	0	0	0	0	0	0	0	0	0	0	4.939927	4.302925	4.287241	4.288667	2.179048	19.000000	23.000000	99.678497	99.268059	99.380005	0	0	1	1	149	1164744
215	2	1	1	1	0	0	0	0	0	0	0	0	0	0	0	4.938315	4.307202	4.290093	4.292944	2.177436	19.000000	23.000000	99.789902	99.379326	99.416656	0	0	1	1	149	1151581
216	0	0	0	1	0	0	0	0	0	0	0	0	0	0	0	4.941538	4.304350	4.287241	4.288667	2.178242	19.000000	23.000000	99.679062	99.268776	99.268776	0	0	1	1	149	1152702
217	2	1	0	0	0	0	0	0	0	0	0	0	0	0	0	4.939927	4.302925	4.285816	4.288667	2.178242	19.000000	23.000000	99.678497	99.268059	99.342690	0	0	1	1	149	1164598
219	1	1	0	3	0	0	0	0	0	0	0	0	0	0	0	4.939927	4.302925	4.285816	4.288667	2.177436	19.000000	23.000000	99.678497	99.268059	99.342690	0	0	1	1	149	1151539
220	0	1	1	0	0	0	0	0	0	0	0	0	0	0	0	4.939927	4.304350	4.288667	4.290093	2.177436	19.000000	23.000000	99.678497	99.268059	99.305382	0	0	1	1	149	1151660
221	2	0	2	0	0	1	0	0	0	0	0	0	0	0	0	4.941538	4.305777	4.288667	4.290093	2.178242	19.000000	23.000000	99.679062	99.268776	99.306068	0	0	1	1	149	1151702
222	0	0	0	0	0	0	0	0	0	0	0	0	0	0	0	4.939927	4.304350	4.290093	4.290093	2.178242	19.000000	23.000000	99.678497	99.268059	99.305382	0	0	1	1	149	1164744
223	3	1	3	0	0	1	0	0	0	0	0	0	0	0	0	4.939927	4.304350	4.287241	4.291519	2.178242	19.000000	23.000000	99.678497	99.268059	99.305382	0	0	1	1	149	1151581
224	1	1	1	0	0	0	0	0	0	0	0	0	0	0	0	4.938315	4.307202	4.288667	4.288667	2.178242	19.000000	23.000000	99.715248	99.267357	99.342010	0	0	1	1	149	1151702
226	1	1	3	0	0	1	0	0	0	0	0	0	0	0	0	4.939927	4.304350	4.285816	4.288667	2.177436	19.000000	23.000000	99.715805	99.268059	99.342690	0	0	1	1	149	1175744
227	0	1	1	2	0	0	0	0	0	0	0	0	0	0	0	4.938315	4.307202	4.290093	4.291519	2.176630	19.000000	23.000000	99.789902	99.379326	99.416656	0	0	1	1	149	1151539
228	0	1	0	1	0	0	0	0	0	0	0	0	0	0	0	4.939927	4.304350	4.288667	4.288667	2.177436	19.000000	23.000000	99.641174	99.268059	99.305382	0	0	1	1	149	1152660
229	0	0	2	2	0	0	0	0	0	0	0	0	0	0	0	4.938315	4.305777	4.290093	4.291519	2.176630	19.000000	23.000000	99.752571	99.342010	99.379326	0	0	1	1	149	1164556
230	2	0	0	1	0	0	0	0	0	0	0	0	0	0	0	4.941538	4.305777	4.287241	4.288667	2.177436	19.000000	23.000000	99.679062	99.231468	99.306068	0	0	1	1	149	1151601
232	2	1	1	0	0	0	0	0	0	0	0	0	0	0	0	4.939927	4.304350	4.285816	4.290093	2.177436	19.000000	23.000000	99.753120	99.268059	99.342690	0	0	1	1	149	1151723
233	0	2	1	2	0	0	0	0	0	0	0	0	0	0	0	4.939927	4.302925	4.287241	4.290093	2.177436	19.000000	23.000000	99.715805	99.305382	99.342690	0	0	1	1	149	1150765
234	0	3	0	0	0	0	0	0	0	0	0	0	0	0	0	4.939927	4.304350	4.288667	4.290093	2.176630	19.000000	23.000000	99.641174	99.268059	99.305382	0	0	1	1	149	1164806
235	0	1	0	0	0	0	0	0	0	0	0	0	0	0	0	4.938315	4.304350	4.288667	4.291519	2.177436	19.000000	23.000000	99.677917	99.304680	99.342010	0	0	1	1	149	1151539
236	0	0	0	0	0	0	0	0	0	0	0	0	0	0	0	4.939927	4.304350	4.287241	4.288667	2.177436	19.000000	23.000000	99.715805	99.268059	99.342690	0	0	1	1	149	1151660
238	0	0	1	1	0	0	0	0	0	0	0	0	0	0	0	4.941538	4.304350	4.288667	4.290093	2.177436	19.000000	23.000000	99.641769	99.231468	99.268776	0	0	1	1	149	1164702
239	0	0	1	0	0	0	0	0	0	0	0	0	0	0	0	4.938315	4.304350	4.288667	4.292944	2.176630	19.000000	23.000000	99.789902	99.379326	99.453979	0	0	1	1	149	1151539
240	4	2	0	2	1	0	1	0	0	0	0	0	0	0	0	4.939927	4.304350	4.288667	4.288667	2.177436	19.000000	23.000000	99.641174	99.268059	99.268059	0	0	1	1	149	1152660
241	1	0	1	0	0	0	0	0	0	0	0	0	0	0	0	4.941538	4.301499	4.287241	4.288667	2.177436	19.000000	23.000000	99.604462	99.231468	99.306068	0	0	1	1	149	1151556
242	0	0	0	2	0	0	0	0	0	0	0	0	0	0	0	4.939927	4.301499	4.285816	4.288667	2.176630	19.000000	23.000000	99.641174	99.268059	99.305382	0	0	1	1	149	1175598
244	0	1	0	1	0	0	0	0	0	0	0	0	0	0	0	4.939927	4.305777	4.287241	4.288667	2.176630	19.000000	23.000000	99.678497	99.268059	99.305382	0	0	1	1	149	1151601
245	3	0	0	0	0	0	0	0	0	0	0	0	0	0	0	4.941538	4.300073	4.287241	4.290093	2.176630	19.000000	23.000000	99.604462	99.231468	99.306068	0	0	1	1	149	1151723
246	0	1	0	1	0	0	0	0	0	0	0	0	0	0	0	4.938315	4.304350	4.290093	4.290093	2.175824	19.000000	23.000000	99.752571	99.379326	99.453979	0	0	1	1	149	1164765
247	1	1	2	1	0	0	0	0	1	0	0	0	0	0	0	4.939927	4.305777	4.290093	4.288667	2.177436	19.000000	23.000000	99.678497	99.230751	99.342690	0	0	1	1	149	1151601
248	0	2	1	2	0	0	0	0	0	0	0	0	0	0	0	4.939927	4.301499	4.288667	4.288667	2.175824	19.000000	23.000000	99.641174	99.268059	99.342690	0	0	1	1	149	1151723
249	0	0	0	0	0	0	0	0	0	0	0	0	0	0	0	4.939927	4.300073	4.287241	4.290093	2.176630	19.000000	23.000000	99.641174	99.268059	99.380005	0	0	1	1	149	1150765
251	1	1	2	1	0	0	0	0	0	0	0	0	0	0	0	4.936703	4.302925	4.291519	4.294370	2.175824	19.000000	23.000000	99.864029	99.453339	99.565331	0	0	1	1	149	1164806
252	2	3	0	2	0	0	0	0	1	0	0	0	0	0	0	4.939927	4.302925	4.288667	4.288667	2.175824	19.000000	23.000000	99.603874	99.268059	99.268059	0	0	1	1	149	1152539
253	0	2	0	0	0	0	0	0	0	0	0	0	0	0	0	4.939927	4.300073	4.285816	4.288667	2.175824	19.000000	23.000000	99.641174	99.268059	99.342690	0	0	1	1	149	1151410
254	2	1	1	0	0	0	0	0	0	0	0	0	0	0	0	4.941538	4.301499	4.285816	4.288667	2.175824	19.000000	23.000000	99.604462	99.231468	99.268776	0	0	1	1	149	1164452
255	0	1	0	1	0	0	0	0	0	0	0	0	0	0	0	4.939927	4.300073	4.285816	4.288667	2.175824	19.000000	23.000000	99.641174	99.268059	99.342690	0	0	1	1	149	1151601
257	0	1	0	1	0	0	0	0	0	0	0	0	0	0	0	4.939927	4.301499	4.288667	4.290093	2.175824	19.000000	23.000000	99.641174	99.342690	99.342690	0	0	1	1	149	1151723
258	2	2	1	0	0	0	0	0	0	0	0	0	0	0	0	4.938315	4.302925	4.290093	4.291519	2.175824	19.000000	23.000000	99.752571	99.416656	99.491310	0	0	1	1	149	1164765
259	2	1	0	0	0	0	0	0	0	0	0	0	0	0	0	4.939927	4.300073	4.285816	4.288667	2.175824	19.000000	23.000000	99.641174	99.268059	99.342690	0	0	1	1	149	1151601
260	1	1	3	0	0	0	0	0	0	0	0	0	0	0	0	4.941538	4.301499	4.287241	4.290093	2.175824	19.000000	23.000000	99.567169	99.231468	99.268776	0	0	1	1	149	1151723
261	0	0	0	0	0	0	0	0	0	0	0	0	0	0	0	4.939927	4.302925	4.288667	4.290093	2.175824	19.000000	23.000000	99.603874	99.230751	99.342690	0	0	1	1	149	1150765
263	0	0	2	1	0	0	0	0	0	0	0	0	0	0	0	4.936703	4.307202	4.291519	4.292944	2.175018	19.000000	23.000000	99.826698	99.528015	99.528015	0	0	1	1	149	1164806
264	0	2	3	1	0	0	0	0	0	0	0	0	0	0	0	4.941538	4.301499	4.287241	4.288667	2.175824	19.000000	23.000000	99.641769	99.231468	99.380669	0	0	1	1	149	1152539
265	1	0	1	0	0	0	0	0	0	0	0	0	0	0	0	4.941538	4.300073	4.285816	4.288667	2.175824	19.000000	23.000000	99.567169	99.268776	99.306068	0	0	1	1	149	1151410
266	0	0	2	1	0	0	0	0	0	0	0	0	0	0	0	4.939927	4.301499	4.287241	4.288667	2.175824	19.000000	23.000000	99.603874	99.268059	99.268059	0	0	1	1	149	1194452
267	1	2	0	2	0	0	0	0	1	0	0	0	0	0	0	4.941538	4.300073	4.287241	4.290093	2.176630	19.000000	23.000000	99.604462	99.231468	99.306068	0	0	1	1	149	1151601
268	1	0	1	2	0	0	0	0	0	0	0	0	0	0	0	4.941538	4.300073	4.288667	4.290093	2.175824	19.000000	23.000000	99.567169	99.231468	99.306068	0	0	1	1	149	1151723
270	0	2	1	2	0	0	0	0	1	0	0	0	0	0	0	4.939927	4.302925	4.290093	4.288667	2.175824	19.000000	23.000000	99.641174	99.342690	99.305382	0	0	1	1	149	1150765
271	2	3	0	0	0	0	0	0	0	0	0	0	0	0	0	4.939927	4.304350	4.290093	4.290093	2.175018	19.000000	23.000000	99.715805	99.342690	99.417313	0	0	1	1	149	1170806
272	0	2	2	0	0	0	0	0	0	0	0	0	0	0	0	4.939927	4.302925	4.290093	4.288667	2.175018	19.000000	23.000000	99.603874	99.268059	99.268059	0	0	1	1	149	1151601
273	4	2	1	1	0	0	1	0	0	0	0	0	0	0	0	4.941538	4.301499	4.288667	4.288667	2.175018	19.000000	23.000000	99.604462	99.231468	99.231468	0	0	1	1	149	1151723
274	0	0	1	2	0	0	0	0	0	0	0	0	0	0	0	4.938315	4.301499	4.290093	4.292944	2.175018	19.000000	23.000000	99.752571	99.453979	99.453979	0	0	1	1	149	1164765
276	1	0	2	1	0	1	0	0	0	0	0	0	0	0	0	4.938315	4.302925	4.292944	4.291519	2.175018	19.000000	23.000000	99.715248	99.416656	99.416656	0	0	1	1	149	1152601
277	0	0	1	0	0	0	0	0	0	0	0	0	0	0	0	4.941538	4.301499	4.288667	4.290093	2.175824	19.000000	23.000000	99.604462	99.306068	99.306068	0	0	1	1	149	1151473
278	0	1	0	0	0	0	0	0	0	0	0	0	0	0	0	4.939927	4.300073	4.285816	4.288667	2.175018	19.000000	23.000000	99.641174	99.268059	99.342690	0	0	1	1	149	1151515
279	1	1	0	0	0	0	0	0	0	0	0	0	0	0	0	4.941538	4.300073	4.285816	4.288667	2.175824	19.000000	23.000000	99.567169	99.231468	99.231468	0	0	1	1	149	1193556
280	1	0	0	0	0	0	0	0	0	0	0	0	0	0	0	4.939927	4.301499	4.288667	4.290093	2.175018	19.000000	23.000000	99.603874	99.268059	99.268059	0	0	1	1	149	1151539
282	1	0	2	1	0	0	0	0	0	0	0	0	0	0	0	4.941538	4.301499	4.287241	4.288667	2.175018	19.000000	23.000000	99.604462	99.231468	99.306068	0	0	1	1	149	1151661
283	0	0	0	0	0	0	0	0	0	0	0	0	0	0	0	4.939927	4.301499	4.285816	4.288667	2.174212	19.000000	23.000000	99.603874	99.342690	99.342690	0	0	1	1	149	1164702
284	5	0	3	2	0	0	0	0	0	0	0	0	0	0	0	4.939927	4.301499	4.285816	4.288667	2.175018	19.000000	23.000000	99.641174	99.268059	99.342690	0	0	1	1	149	1151539
285	1	1	3	0	0	1	0	0	0	0	0	0	0	0	0	4.941538	4.300073	4.285816	4.288667	2.175018	19.000000	23.000000	99.567169	99.231468	99.306068	0	0	1	1	149	1151660
286	1	0	1	1	0	0	0	0	0	0	0	0	0	0	0	4.939927	4.304350	4.290093	4.292944	2.174212	19.000000	23.000000	99.753120	99.417313	99.417313	0	0	1	1	149	1164702
288	3	2	2	1	0	0	1	0	0	0	0	0	0	0	0	4.941538	4.300073	4.287241	4.290093	2.175824	19.000000	23.000000	99.567169	99.231468	99.268776	0	0	1	1	149	1152539
289	0	3	2	1	0	0	0	0	1	0	0	0	0	0	0	4.941538	4.301499	4.288667	4.288667	2.175018	19.000000	23.000000	99.567169	99.231468	99.231468	0	0	1	1	149	1151410
290	0	0	2	0	0	0	0	0	0	0	0	0	0	0	0	4.941538	4.302925	4.290093	4.288667	2.175018	19.000000	23.000000	99.567169	99.268776	99.306068	0	0	1	1	149	1151452
291	1	1	1	0	0	0	0	0	0	0	0	0	0	0	0	4.941538	4.301499	4.288667	4.291519	2.175824	19.000000	23.000000	99.604462	99.231468	99.268776	0	0	1	1	149	1164494
292	1	1	0	2	0	0	1	0	1	0	0	0	0	0	0	4.939927	4.300073	4.285816	4.288667	2.174212	19.000000	23.000000	99.641174	99.342690	99.342690	0	0	1	1	149	1151539
293	1	0	2	2	0	0	0	0	0	0	0	0	0	0	0	4.939927	4.301499	4.285816	4.290093	2.175018	19.000000	23.000000	99.641174	99.268059	99.342690	0	0	1	1	149	1151660
295	0	0	2	1	0	0	0	0	0	0	0	0	0	0	0	4.939927	4.304350	4.287241	4.288667	2.174212	19.000000	23.000000	99.603874	99.230751	99.268059	0	0	1	1	149	1164702
296	4	1	0	1	0	0	1	0	0	0	0	0	0	0	0	4.939927	4.301499	4.287241	4.290093	2.175018	19.000000	23.000000	99.603874	99.268059	99.268059	0	0	1	1	149	1151539
297	0	3	0	2	0	0	0	0	0	0	0	0	0	0	0	4.939927	4.304350	4.290093	4.288667	2.175018	19.000000	23.000000	99.603874	99.268059	99.268059	0	0	1	1	149	1151660
298	0	2	4	0	0	0	0	0	0	0	0	0	0	0	0	4.939927	4.302925	4.292944	4.292944	2.173407	19.000000	23.000000	99.715805	99.454628	99.380005	0	0	1	1	149	1151702
299	1	1	1	0	0	0	0	0	0	0	0	0	0	0	0	4.939927	4.302925	4.291519	4.288667	2.174212	19.000000	23.000000	99.603874	99.305382	99.268059	0	0	1	1	149	1165744
301	1	0	1	0	0	0	0	0	0	0	0	0	0	0	0	4.939927	4.301499	4.287241	4.291519	2.175018	19.000000	23.000000	99.603874	99.268059	99.342690	0	0	1	1	149	1151539
302	0	0	1	1	0	0	0	0	0	0	0	0	0	0	0	4.939927	4.302925	4.288667	4.288667	2.174212	19.000000	23.000000	99.603874	99.230751	99.380005	0	0	1	1	149	1151660
303	2	0	2	0	0	0	0	0	0	0	0	0	0	0	0	4.939927	4.300073	4.288667	4.290093	2.175018	19.000000	23.000000	99.641174	99.380005	99.342690	0	0	1	1	149	1164702
304	2	1	0	0	0	0	0	0	0	0	0	0	0	0	0	4.939927	4.301499	4.285816	4.288667	2.174212	19.000000	23.000000	99.641174	99.268059	99.380005	0	0	1	1	149	1151539
305	0	0	2	2	0	0	0	0	0	0	0	0	0	0	0	4.943151	4.300073	4.288667	4.290093	2.174212	19.000000	23.000000	99.567757	99.269463	99.269463	0	0	1	1	149	1151661
307	2	2	2	1	0	0	0	0	0	0	0	0	0	0	0	4.939927	4.302925	4.290093	4.290093	2.173407	19.000000	23.000000	99.603874	99.342690	99.342690	0	0	1	1	149	1151702
308	0	0	3	0	0	0	0	0	0	0	0	0	0	0	0	4.939927	4.302925	4.290093	4.290093	2.174212	19.000000	23.000000	99.603874	99.342690	99.305382	0	0	1	1	149	1164744
309	0	0	1	1	0	0	0	0	0	0	0	0	0	0	0	4.941538	4.301499	4.288667	4.290093	2.173407	19.000000	23.000000	99.567169	99.231468	99.231468	0	0	1	1	149	1151581
310	0	3	1	0	0	0	0	0	0	0	0	0	0	0	0	4.939927	4.305777	4.291519	4.292944	2.172601	19.000000	23.000000	99.715805	99.342690	99.380005	0	0	1	1	149	1151702
311	0	0	2	0	0	0	0	0	0	0	0	0	0	0	0	4.939927	4.301499	4.288667	4.288667	2.173407	19.000000	23.000000	99.641174	99.342690	99.305382	0	0	1	1	149	1165744
312	3	1	0	1	0	0	0	0	0	0	0	0	0	0	0	4.941538	4.301499	4.287241	4.288667	2.173407	19.000000	23.000000	99.604462	99.194176	99.268776	0	0	1	1	149	1151539
314	0	0	1	1	0	0	0	0	0	0	0	0	0	0	0	4.939927	4.300073	4.288667	4.290093	2.174212	19.000000	23.000000	99.641174	99.268059	99.342690	0	0	1	1	149	1151660
315	0	1	1	1	0	0	0	0	0	0	0	0	0	0	0	4.941538	4.302925	4.290093	4.290093	2.174212	19.000000	23.000000	99.604462	99.231468	99.343376	0	0	1	1	149	1151702
316	2	2	1	1	0	0	0	0	0	0	0	0	0	0	0	4.941538	4.301499	4.287241	4.290093	2.173407	19.000000	23.000000	99.604462	99.231468	99.343376	0	0	1	1	149	1164744
317	0	1	2	1	0	0	0	0	0	0	0	0	0	0	0	4.941538	4.301499	4.287241	4.288667	2.173407	19.000000	23.000000	99.567169	99.231468	99.306068	0	0	1	1	149	1151581
318	1	1	0	1	0	0	0	0	0	0	0	0	0	0	0	4.938315	4.302925	4.288667	4.288667	2.173407	19.000000	23.000000	99.640594	99.379326	99.379326	0	0	1	1	149	1151702
320	0	1	0	0	0	0	0	0	0	0	0	0	0	0	0	4.941538	4.301499	4.290093	4.290093	2.172601	19.000000	23.000000	99.604462	99.231468	99.268776	0	0	1	1	149	1164744
321	2	1	1	0	0	1	0	0	0	0	0	0	0	0	0	4.939927	4.300073	4.287241	4.290093	2.173407	19.000000	23.000000	99.603874	99.268059	99.268059	0	0	1	1	149	1151581
322	2	1	2	1	0	0	0	0	0	0	0	0	0	0	0	4.939927	4.304350	4.295796	4.292944	2.173407	19.000000	23.000000	99.715805	99.417313	99.417313	0	0	1	1	149	1151702
323	2	0	2	0	0	0	0	0	0	0	0	0	0	0	0	4.941538	4.301499	4.287241	4.290093	2.173407	19.000000	23.000000	99.567169	99.231468	99.231468	0	0	1	1	149	1165744
324	0	0	1	2	0	0	0	0	0	0	0	0	0	0	0	4.941538	4.302925	4.292944	4.290093	2.173407	19.000000	23.000000	99.604462	99.306068	99.268776	0	0	1	1	149	1151539
326	0	0	1	1	0	0	0	0	0	0	0	0	0	0	0	4.939927	4.302925	4.288667	4.288667	2.172601	19.000000	23.000000	99.641174	99.342690	99.342690	0	0	1	1	149	1151660
327	0	0	2	1	0	0	0	0	0	0	0	0	0	0	0	4.941538	4.301499	4.287241	4.288667	2.173407	19.000000	23.000000	99.641769	99.268776	99.380669	0	0	1	1	149	1151702
328	0	1	0	0	0	0	0	0	0	0	0	0	0	0	0	4.941538	4.301499	4.285816	4.288667	2.173407	19.000000	23.000000	99.604462	99.268776	99.306068	0	0	1	1	149	1175744
329	1	2	1	1	0	0	0	0	1	0	0	0	0	0	0	4.941538	4.301499	4.287241	4.288667	2.173407	19.000000	23.000000	99.604462	99.306068	99.306068	0	0	1	1	149	1151539
330	0	1	0	0	0	0	0	0	0	0	0	0	0	0	0	4.941538	4.300073	4.285816	4.291519	2.172601	19.000000	23.000000	99.567169	99.268776	99.343376	0	0	1	1	149	1151661
331	2	0	2	1	0	1	1	0	0	0	0	0	1	0	0	4.939927	4.301499	4.287241	4.287241	2.173407	19.000000	23.000000	99.603874	99.268059	99.268059	0	0	1	1	149	1164702
333	0	0	0	1	0	0	0	0	0	0	0	0	0	0	0	4.939927	4.302925	4.288667	4.288667	2.172601	19.000000	23.000000	99.603874	99.268059	99.268059	0	0	1	1	149	1151539
334	0	1	0	0	0	0	0	0	0	0	0	0	0	0	0	4.939927	4.304350	4.290093	4.292944	2.172601	19.000000	23.000000	99.678497	99.342690	99.417313	0	0	1	1	149	1151661
335	1	1	3	1	0	0	0	0	0	0	0	0	0	0	0	4.939927	4.302925	4.287241	4.288667	2.172601	19.000000	23.000000	99.603874	99.268059	99.342690	0	0	1	1	149	1152702
336	0	1	1	0	0	0	0	0	0	0	0	0	0	0	0	4.941538	4.302925	4.288667	4.288667	2.172601	19.000000	23.000000	99.567169	99.231468	99.231468	0	0	1	1	149	1164598
337	1	2	0	1	0	0	0	0	0	0	0	0	0	0	0	4.939927	4.302925	4.288667	4.288667	2.172601	19.000000	23.000000	99.566551	99.268059	99.268059	0	0	1	1	149	1151539
339	1	1	0	0	0	0	0	0	0	0	0	0	0	0	0	4.941538	4.300073	4.287241	4.288667	2.172601	19.000000	23.000000	99.567169	99.231468	99.306068	0	0	1	1	149	1151660
340	0	1	1	0	0	0	0	0	0	0	0	0	0	0	0	4.939927	4.301499	4.287241	4.288667	2.172601	19.000000	23.000000	99.641174	99.268059	99.342690	0	0	1	1	149	1164702
341	1	1	1	0	0	0	0	0	0	0	0	0	0	0	0	4.939927	4.301499	4.287241	4.288667	2.171795	19.000000	23.000000	99.603874	99.268059	99.305382	0	0	1	1	149	1151539
342	1	0	0	1	0	0	0	0	0	0	0	0	0	0	0	4.943151	4.300073	4.288667	4.290093	2.172601	19.000000	23.000000	99.530479	99.194893	99.269463	0	0	1	1	149	1151672
343	0	1	0	2	0	0	0	0	0	0	0	0	0	0	0	4.939927	4.304350	4.288667	4.290093	2.172601	19.000000	23.000000	99.641174	99.305382	99.342690	0	0	1	1	149	1151702
345	2	0	2	0	0	2	0	0	0	0	0	0	0	0	0	4.939927	4.301499	4.287241	4.291519	2.172601	19.000000	23.000000	99.603874	99.268059	99.342690	0	0	1	1	149	1164744
346	0	0	2	1	0	0	0	0	0	0	0	0	0	0	0	4.938315	4.302925	4.290093	4.292944	2.171795	19.000000	23.000000	99.715248	99.416656	99.453979	0	0	1	1	149	1151581
347	1	0	0	3	0	0	0	0	0	0	0	0	0	0	0	4.939927	4.301499	4.288667	4.291519	2.172601	19.000000	23.000000	99.603874	99.305382	99.342690	0	0	1	1	149	1152713
348	1	1	1	0	0	0	0	0	0	0	0	0	0	0	0	4.939927	4.301499	4.287241	4.290093	2.171795	19.000000	23.000000	99.603874	99.268059	99.305382	0	0	1	1	149	1164598
349	1	2	2	1	0	0	0	0	0	0	0	0	0	0	0	4.941538	4.301499	4.285816	4.290093	2.171795	19.000000	23.000000	99.567169	99.231468	99.306068	0	0	1	1	149	1151539
350	1	0	0	1	0	0	0	0	0	0	0	0	0	0	0	4.939927	4.302925	4.288667	4.288667	2.170989	18.750000	23.000000	99.603874	99.268059	99.342690	0	0	1	1	149	1151660
352	1	2	2	2	0	0	0	0	1	0	0	0	0	0	0	4.939927	4.301499	4.285816	4.288667	2.170989	18.750000	23.000000	99.641174	99.268059	99.342690	0	0	1	1	149	1164702
353	1	1	1	1	0	0	0	0	0	0	0	0	0	0	0	4.941538	4.301499	4.287241	4.288667	2.171795	19.000000	23.000000	99.567169	99.231468	99.306068	0	0	1	1	149	1151539
354	1	2	0	1	0	0	0	0	0	0	0	0	0	0	0	4.939927	4.300073	4.287241	4.290093	2.171795	19.000000	23.000000	99.603874	99.342690	99.342690	0	0	1	1	149	1151660
355	1	1	1	0	0	0	0	0	0	0	0	0	0	0	0	4.941538	4.301499	4.288667	4.290093	2.172601	19.000000	23.000000	99.604462	99.268776	99.343376	0	0	1	1	149	1151702
356	0	0	0	0	0	0	0	0	0	0	0	0	0	0	0	4.939927	4.300073	4.285816	4.288667	2.171795	19.000000	23.000000	99.641174	99.268059	99.380005	0	0	1	1	149	1164744
358	2	1	1	0	0	0	0	0	0	0	0	0	0	0	0	4.941538	4.304350	4.290093	4.291519	2.171795	19.000000	23.000000	99.679062	99.306068	99.417976	0	0	1	1	149	1151581
359	1	2	0	2	0	0	1	0	0	0	0	0	0	0	0	4.941538	4.301499	4.287241	4.288667	2.170989	18.750000	23.000000	99.641769	99.306068	99.343376	0	0	1	1	149	1152702
360	0	0	2	1	0	0	0	0	0	0	0	0	0	0	0	4.939927	4.300073	4.285816	4.290093	2.170989	18.750000	23.000000	99.641174	99.342690	99.342690	0	0	1	1	149	1164598
361	0	1	2	0	0	0	0	0	0	0	0	0	0	0	0	4.939927	4.300073	4.285816	4.288667	2.170989	18.750000	23.000000	99.641174	99.268059	99.342690	0	0	1	1	149	1151539
362	0	2	0	1	0	0	0	0	0	0	0	0	0	0	0	4.939927	4.300073	4.287241	4.291519	2.172601	19.000000	23.000000	99.641174	99.268059	99.342690	0	0	1	1	149	1151660
364	2	0	2	0	0	0	0	0	0	0	0	0	0	0	0	4.941538	4.302925	4.288667	4.290093	2.171795	19.000000	23.000000	99.604462	99.231468	99.306068	0	0	1	1	149	1151702
365	0	0	0	0	0	0	0	0	0	0	0	0	0	0	0	4.939927	4.300073	4.287241	4.291519	2.170989	18.750000	23.000000	99.641174	99.268059	99.342690	0	0	1	1	149	1164744
366	0	1	1	2	0	0	0	0	0	0	0	0	0	0	0	4.941538	4.301499	4.287241	4.290093	2.170989	18.750000	23.000000	99.641769	99.231468	99.306068	0	0	1	1	149	1151581
367	1	0	0	0	0	0	0	0	0	0	0	0	0	0	0	4.939927	4.301499	4.288667	4.291519	2.171795	19.000000	23.000000	99.678497	99.342690	99.342690	0	0	1	1	149	1151702
368	0	2	1	0	0	0	0	1	0	0	0	0	0	0	0	4.941538	4.301499	4.285816	4.288667	2.170989	18.750000	23.000000	99.604462	99.306068	99.306068	0	0	1	1	149	1164744
370	1	1	1	0	0	0	0	0	0	0	0	0	0	0	0	4.936703	4.302925	4.288667	4.291519	2.170183	19.000000	23.000000	99.789345	99.453339	99.528015	0	0	1	1	149	1151581
371	0	1	0	2	0	0	0	0	1	0	0	0	0	0	0	4.941538	4.301499	4.285816	4.288667	2.170989	18.750000	23.000000	99.567169	99.231468	99.306068	0	0	1	1	149	1152702
372	0	1	1	5	0	0	0	0	1	0	0	0	0	0	0	4.941538	4.301499	4.287241	4.290093	2.170183	18.750000	23.000000	99.567169	99.231468	99.306068	0	0	1	1	149	1151598
373	0	1	0	1	0	0	0	0	0	0	0	0	0	0	0	4.941538	4.301499	4.287241	4.290093	2.170183	18.750000	23.000000	99.567169	99.231468	99.268776	0	0	1	1	149	1164640
374	4	1	0	1	0	0	0	0	1	0	0	0	0	0	0	4.939927	4.300073	4.288667	4.290093	2.171795	19.000000	23.000000	99.603874	99.268059	99.305382	0	0	1	1	149	1151581
375	1	0	0	0	0	0	0	0	0	0	0	0	0	0	0	4.939927	4.301499	4.288667	4.287241	2.170989	18.750000	23.000000	99.641174	99.268059	99.342690	0	0	1	1	149	1151702
377	2	0	1	0	0	0	0	0	0	0	0	0	0	0	0	4.939927	4.301499	4.287241	4.288667	2.170183	18.750000	23.000000	99.641174	99.268059	99.342690	0	0	1	1	149	1164744
378	0	0	1	1	0	0	0	0	0	0	0	0	0	0	0	4.941538	4.302925	4.287241	4.288667	2.170989	18.750000	23.000000	99.604462	99.231468	99.306068	0	0	1	1	149	1151581
379	0	3	2	0	0	0	0	1	0	0	0	0	0	0	0	4.941538	4.301499	4.287241	4.290093	2.170989	18.750000	23.000000	99.679062	99.306068	99.343376	0	0	1	1	149	1151702
380	0	1	0	0	0	0	0	0	0	0	0	0	0	0	0	4.941538	4.301499	4.287241	4.290093	2.170183	18.750000	23.000000	99.604462	99.268776	99.306068	0	0	1	1	149	1151744
381	2	0	1	1	0	0	0	0	0	0	0	0	0	0	0	4.938315	4.305777	4.290093	4.292944	2.170183	18.750000	23.000000	99.789902	99.379326	99.453979	0	0	1	1	149	1164786
383	0	2	0	3	0	0	0	0	0	0	0	0	0	0	0	4.939927	4.300073	4.287241	4.288667	2.170989	18.750000	23.000000	99.641174	99.268059	99.342690	0	0	1	1	149	1152518
384	1	2	0	0	0	0	0	0	0	0	0	0	0	0	0	4.939927	4.304350	4.287241	4.290093	2.170989	18.750000	23.000000	99.715805	99.268059	99.380005	0	0	1	1	149	1151390
385	1	0	1	1	0	0	0	0	0	0	0	0	0	0	0	4.941538	4.302925	4.287241	4.288667	2.170183	18.750000	23.000000	99.641769	99.231468	99.306068	0	0	1	1	149	1164431
386	0	0	0	1	0	0	0	0	0	0	0	0	0	0	0	4.941538	4.304350	4.287241	4.288667	2.170183	18.750000	23.000000	99.641769	99.231468	99.306068	0	0	1	1	149	1151581
387	1	0	1	2	0	0	0	0	0	0	0	0	0	0	0	4.939927	4.300073	4.285816	4.288667	2.170183	18.750000	23.000000	99.641174	99.268059	99.380005	0	0	1	1	149	1151702
389	2	4	1	1	0	0	0	1	0	0	0	0	0	0	0	4.941538	4.300073	4.288667	4.288667	2.170989	18.750000	23.000000	99.567169	99.231468	99.231468	0	0	1	1	149	1164744
390	0	0	1	0	0	0	0	0	0	0	0	0	0	0	0	4.941538	4.302925	4.288667	4.288667	2.170183	18.750000	23.000000	99.641769	99.231468	99.306068	0	0	1	1	149	1151581
391	2	2	4	2	0	1	0	0	0	0	0	0	0	0	0	4.939927	4.307202	4.288667	4.290093	2.170183	18.750000	23.000000	99.678497	99.268059	99.305382	0	0	1	1	149	1151702
392	0	0	1	0	0	0	0	0	0	0	0	0	0	0	0	4.939927	4.300073	4.287241	4.290093	2.169377	18.750000	23.000000	99.641174	99.268059	99.342690	0	0	1	1	149	1151744
393	1	1	1	2	0	0	0	0	0	0	0	0	0	0	0	4.939927	4.302925	4.292944	4.291519	2.169377	18.750000	23.000000	99.715805	99.380005	99.380005	0	0	1	1	149	1164785
394	4	0	1	1	0	0	0	0	0	0	0	0	0	0	0	4.941538	4.302925	4.287241	4.290093	2.170989	18.750000	23.000000	99.567169	99.231468	99.268776	0	0	1	1	149	1152518
396	2	0	1	1	0	0	0	0	0	0	0	0	0	0	0	4.941538	4.302925	4.288667	4.290093	2.170183	18.750000	23.000000	99.604462	99.231468	99.231468	0	0	1	1	149	1151390
397	1	1	0	3	0	0	0	0	1	0	0	0	0	0	0	4.939927	4.304350	4.287241	4.288667	2.170183	18.750000	23.000000	99.678497	99.268059	99.342690	0	0	1	1	149	1165431
398	0	1	0	0	0	0	0	0	0	0	0	0	0	0	0	4.939927	4.302925	4.287241	4.290093	2.170989	18.750000	23.000000	99.603874	99.268059	99.268059	0	0	1	1	149	1151539
399	1	1	1	2	0	1	0	0	0	0	0	0	0	0	0	4.941538	4.302925	4.287241	4.290093	2.169377	18.750000	23.000000	99.604462	99.231468	99.306068	0	0	1	1	149	1151661
400	1	0	1	0	0	0	0	0	0	0	0	0	0	0	0	4.939927	4.302925	4.287241	4.290093	2.170183	18.750000	23.000000	99.678497	99.342690	99.380005	0	0	1	1	149	1151702
402	0	2	0	0	0	0	0	0	0	0	0	0	0	0	0	4.939927	4.301499	4.287241	4.290093	2.169377	18.750000	23.000000	99.641174	99.268059	99.342690	0	0	1	1	149	1164744
403	1	2	1	0	0	0	0	0	0	0	0	0	0	0	0	4.941538	4.302925	4.285816	4.290093	2.170183	18.750000	23.000000	99.641769	99.231468	99.231468	0	0	1	1	149	1151581
404	0	2	1	0	0	0	0	0	0	0	0	0	0	0	0	4.941538	4.300073	4.288667	4.288667	2.169377	18.750000	23.000000	99.567169	99.231468	99.268776	0	0	1	1	149	1151702
405	0	0	1	0	0	0	0	0	0	0	0	0	0	0	0	4.938315	4.304350	4.290093	4.292944	2.168571	18.750000	23.000000	99.752571	99.379326	99.453979	0	0	1	1	149	1164744
406	1	0	0	0	0	0	0	0	0	0	0	0	0	0	0	4.943151	4.302925	4.288667	4.290093	2.170183	18.750000	23.000000	99.083031	99.120316	99.194893	0	0	1	1	149	1168495
408	0	1	0	0	0	0	0	0	0	0	0	0	0	0	0	4.939927	4.304350	4.287241	4.288667	2.169377	18.750000	23.000000	99.753120	99.268059	99.342690	0	0	1	1	149	1150960
409	0	1	2	